# TeX TeY TeZ ThX ThY THZ P1 P2
1.300000e-01 1.000000e-01 1.055000e+00 1.300000e-01 1.000000e-01 1.055000e+00 0.000000 0.000000 0.000000 0.000000 0.000000 0.000000 0.000000 0.000000 0.000000 0.000000 0.000000 
1.300000e-01 1.000000e-01 1.044410e+00 1.300000e-01 1.000000e-01 1.063006e+00 -0.012286 0.001572 0.003147 0.003158 0.003182 0.001227 0.012286 -0.001577 -0.003154 -0.003157 0.000000 
1.300000e-01 1.000000e-01 1.033768e+00 1.300000e-01 1.000000e-01 1.070994e+00 -0.024594 0.003147 0.006301 0.006321 0.006370 0.002457 0.024594 -0.003157 -0.006314 -0.006320 0.000000 
1.300000e-01 1.000000e-01 1.023075e+00 1.300000e-01 1.000000e-01 1.078963e+00 -0.036925 0.004724 0.009459 0.009490 0.009563 0.003688 0.036924 -0.004739 -0.009480 -0.009489 0.000000 
1.300000e-01 1.000000e-01 1.012331e+00 1.300000e-01 1.000000e-01 1.086915e+00 -0.049276 0.006304 0.012623 0.012664 0.012762 0.004922 0.049276 -0.006324 -0.012651 -0.012663 0.000000 
1.300000e-01 1.000000e-01 1.001536e+00 1.300000e-01 1.000000e-01 1.094847e+00 -0.061648 0.007887 0.015793 0.015844 0.015967 0.006158 0.061648 -0.007912 -0.015827 -0.015842 0.000000 
1.300000e-01 1.000000e-01 9.906920e-01 1.300000e-01 1.000000e-01 1.102761e+00 -0.074041 0.009472 0.018967 0.019029 0.019177 0.007396 0.074041 -0.009503 -0.019009 -0.019027 0.000000 
1.300000e-01 1.000000e-01 9.797983e-01 1.300000e-01 1.000000e-01 1.110655e+00 -0.086454 0.011059 0.022145 0.022219 0.022393 0.008637 0.086454 -0.011096 -0.022196 -0.022216 0.000000 
1.300000e-01 1.000000e-01 9.688555e-01 1.300000e-01 1.000000e-01 1.118530e+00 -0.098887 0.012648 0.025328 0.025415 0.025615 0.009880 0.098887 -0.012691 -0.025388 -0.025411 0.000000 
1.300000e-01 1.000000e-01 9.578642e-01 1.300000e-01 1.000000e-01 1.126386e+00 -0.111339 0.014240 0.028515 0.028615 0.028843 0.011125 0.111339 -0.014290 -0.028584 -0.028611 0.000000 
1.300000e-01 1.000000e-01 9.468247e-01 1.300000e-01 1.000000e-01 1.134222e+00 -0.123809 0.015832 0.031706 0.031820 0.032077 0.012373 0.123809 -0.015890 -0.031786 -0.031816 0.000000 
1.300000e-01 1.000000e-01 9.357374e-01 1.300000e-01 1.000000e-01 1.142038e+00 -0.136298 0.017427 0.034901 0.035031 0.035317 0.013623 0.136298 -0.017493 -0.034992 -0.035025 0.000000 
1.300000e-01 1.000000e-01 9.246029e-01 1.300000e-01 1.000000e-01 1.149834e+00 -0.148805 0.019022 0.038098 0.038245 0.038563 0.014876 0.148805 -0.019098 -0.038203 -0.038239 0.000000 
1.300000e-01 1.000000e-01 9.134214e-01 1.300000e-01 1.000000e-01 1.157609e+00 -0.161330 0.020619 0.041299 0.041465 0.041816 0.016132 0.161330 -0.020706 -0.041419 -0.041457 0.000000 
1.300000e-01 1.000000e-01 9.021934e-01 1.300000e-01 1.000000e-01 1.165364e+00 -0.173871 0.022216 0.044502 0.044689 0.045074 0.017390 0.173871 -0.022315 -0.044639 -0.044680 0.000000 
1.300000e-01 1.000000e-01 8.909194e-01 1.299999e-01 1.000000e-01 1.173098e+00 -0.186429 0.023814 0.047707 0.047917 0.048339 0.018651 0.186429 -0.023927 -0.047863 -0.047907 0.000000 
1.300000e-01 1.000000e-01 8.795997e-01 1.299999e-01 1.000000e-01 1.180811e+00 -0.199004 0.025413 0.050915 0.051150 0.051611 0.019915 0.199004 -0.025541 -0.051091 -0.051138 0.000000 
1.300000e-01 1.000000e-01 8.682348e-01 1.299999e-01 1.000000e-01 1.188503e+00 -0.211594 0.027012 0.054123 0.054386 0.054890 0.021182 0.211594 -0.027157 -0.054323 -0.054374 0.000000 
1.300000e-01 1.000000e-01 8.568250e-01 1.299999e-01 1.000000e-01 1.196172e+00 -0.224200 0.028610 0.057333 0.057627 0.058176 0.022452 0.224199 -0.028774 -0.057560 -0.057613 0.000000 
1.300000e-01 1.000000e-01 8.453707e-01 1.299999e-01 1.000000e-01 1.203821e+00 -0.236820 0.030208 0.060543 0.060873 0.061470 0.023725 0.236820 -0.030394 -0.060800 -0.060856 0.000000 
1.300000e-01 1.000000e-01 8.338723e-01 1.299999e-01 1.000000e-01 1.211447e+00 -0.249455 0.031805 0.063753 0.064122 0.064772 0.025003 0.249455 -0.032016 -0.064044 -0.064103 0.000000 
1.300000e-01 1.000000e-01 8.223302e-01 1.299999e-01 1.000000e-01 1.219050e+00 -0.262104 0.033401 0.066963 0.067375 0.068081 0.026284 0.262104 -0.033639 -0.067291 -0.067354 0.000000 
1.300000e-01 1.000000e-01 8.107448e-01 1.299998e-01 1.000000e-01 1.226631e+00 -0.274767 0.034995 0.070171 0.070632 0.071400 0.027569 0.274767 -0.035264 -0.070542 -0.070608 0.000000 
1.300000e-01 1.000000e-01 7.991165e-01 1.299998e-01 1.000000e-01 1.234189e+00 -0.287443 0.036587 0.073377 0.073892 0.074728 0.028858 0.287443 -0.036891 -0.073797 -0.073865 0.000000 
1.300000e-01 1.000000e-01 7.874456e-01 1.299998e-01 1.000000e-01 1.241724e+00 -0.300132 0.038176 0.076581 0.077157 0.078066 0.030152 0.300132 -0.038520 -0.077054 -0.077126 0.000000 
1.300000e-01 9.999999e-02 7.757326e-01 1.299998e-01 1.000000e-01 1.249236e+00 -0.312833 0.039762 0.079781 0.080425 0.081414 0.031451 0.312833 -0.040150 -0.080315 -0.080390 0.000000 
1.300000e-01 9.999999e-02 7.639777e-01 1.299997e-01 1.000000e-01 1.256724e+00 -0.325547 0.041344 0.082976 0.083697 0.084774 0.032755 0.325546 -0.041782 -0.083579 -0.083656 0.000000 
1.300000e-01 9.999999e-02 7.521813e-01 1.299997e-01 1.000000e-01 1.264188e+00 -0.338271 0.042921 0.086166 0.086973 0.088146 0.034065 0.338271 -0.043415 -0.086846 -0.086926 0.000000 
1.300000e-01 9.999999e-02 7.403439e-01 1.299996e-01 1.000000e-01 1.271627e+00 -0.351007 0.044492 0.089349 0.090252 0.091531 0.035382 0.351007 -0.045049 -0.090116 -0.090199 0.000000 
1.300000e-01 9.999999e-02 7.284657e-01 1.299996e-01 1.000000e-01 1.279042e+00 -0.363754 0.046057 0.092524 0.093535 0.094931 0.036706 0.363754 -0.046685 -0.093388 -0.093475 0.000000 
1.300000e-01 9.999999e-02 7.165471e-01 1.299995e-01 1.000000e-01 1.286432e+00 -0.376511 0.047614 0.095690 0.096822 0.098346 0.038037 0.376510 -0.048322 -0.096663 -0.096753 0.000000 
1.300000e-01 9.999998e-02 7.045885e-01 1.299995e-01 1.000000e-01 1.293797e+00 -0.389277 0.049163 0.098845 0.100113 0.101779 0.039376 0.389277 -0.049961 -0.099941 -0.100033 0.000000 
1.300000e-01 9.999998e-02 6.925902e-01 1.299994e-01 1.000000e-01 1.301137e+00 -0.402053 0.050702 0.101988 0.103408 0.105230 0.040725 0.402053 -0.051601 -0.103221 -0.103317 0.000000 
1.300000e-01 9.999998e-02 6.805525e-01 1.299993e-01 1.000000e-01 1.308450e+00 -0.414838 0.052229 0.105116 0.106707 0.108701 0.042084 0.414838 -0.053242 -0.106503 -0.106602 0.000000 
1.300000e-01 9.999997e-02 6.684758e-01 1.299992e-01 1.000000e-01 1.315738e+00 -0.427632 0.053744 0.108228 0.110011 0.112195 0.043453 0.427631 -0.054883 -0.109788 -0.109889 0.000000 
1.300000e-01 9.999997e-02 6.563604e-01 1.299991e-01 1.000000e-01 1.322999e+00 -0.440433 0.055243 0.111321 0.113319 0.115714 0.044835 0.440433 -0.056526 -0.113074 -0.113179 0.000000 
1.300000e-01 9.999996e-02 6.442066e-01 1.299990e-01 1.000000e-01 1.330233e+00 -0.453242 0.056728 0.114394 0.116632 0.119259 0.046229 0.453242 -0.058170 -0.116363 -0.116471 0.000000 
1.300000e-01 9.999995e-02 6.320148e-01 1.299988e-01 1.000000e-01 1.337441e+00 -0.466059 0.058191 0.117441 0.119951 0.122836 0.047639 0.466059 -0.059815 -0.119653 -0.119764 0.000000 
1.300000e-01 9.999994e-02 6.197853e-01 1.299987e-01 1.000000e-01 1.344621e+00 -0.478882 0.059636 0.120464 0.123276 0.126443 0.049063 0.478882 -0.061461 -0.122945 -0.123059 0.000000 
1.300000e-01 9.999993e-02 6.075184e-01 1.299985e-01 1.000000e-01 1.351773e+00 -0.491712 0.061054 0.123453 0.126609 0.130089 0.050506 0.491711 -0.063108 -0.126239 -0.126356 0.000000 
1.300000e-01 9.999992e-02 5.952144e-01 1.299983e-01 1.000000e-01 1.358897e+00 -0.504547 0.062447 0.126410 0.129949 0.133773 0.051967 0.504547 -0.064755 -0.129535 -0.129655 0.000000 
1.300000e-01 9.999990e-02 5.828736e-01 1.299980e-01 1.000000e-01 1.365992e+00 -0.517388 0.063810 0.129329 0.133298 0.137502 0.053449 0.517388 -0.066403 -0.132831 -0.132954 0.000000 
1.300000e-01 9.999988e-02 5.704964e-01 1.299977e-01 1.000000e-01 1.373059e+00 -0.530234 0.065137 0.132203 0.136658 0.141281 0.054953 0.530234 -0.068052 -0.136129 -0.136255 0.000000 
1.300000e-01 9.999985e-02 5.580831e-01 1.299974e-01 1.000000e-01 1.380096e+00 -0.543084 0.066429 0.135034 0.140030 0.145109 0.056481 0.543084 -0.069701 -0.139428 -0.139558 0.000000 
1.300000e-01 9.999982e-02 5.456339e-01 1.299971e-01 1.000000e-01 1.387104e+00 -0.555939 0.067673 0.137805 0.143418 0.149005 0.058038 0.555939 -0.071351 -0.142729 -0.142861 0.000000 
1.300000e-01 9.999979e-02 5.331491e-01 1.299967e-01 1.000000e-01 1.394082e+00 -0.568797 0.068872 0.140521 0.146822 0.152960 0.059621 0.568797 -0.073001 -0.146030 -0.146165 0.000000 
1.300000e-01 9.999974e-02 5.206291e-01 1.299962e-01 1.000000e-01 1.401029e+00 -0.581659 0.070015 0.143169 0.150247 0.156990 0.061236 0.581658 -0.074651 -0.149332 -0.149471 0.000000 
1.300000e-01 9.999968e-02 5.080741e-01 1.299957e-01 1.000000e-01 1.407946e+00 -0.594523 0.071096 0.145741 0.153697 0.161103 0.062885 0.594523 -0.076302 -0.152634 -0.152777 0.000000 
1.300000e-01 9.999962e-02 4.954845e-01 1.299951e-01 1.000000e-01 1.414831e+00 -0.607389 0.072114 0.148237 0.157175 0.165297 0.064566 0.607389 -0.077954 -0.155938 -0.156083 0.000000 
1.300000e-01 9.999954e-02 4.828604e-01 1.299944e-01 1.000000e-01 1.421685e+00 -0.620258 0.073045 0.150631 0.160693 0.169600 0.066288 0.620257 -0.079605 -0.159241 -0.159391 0.000000 
1.300000e-01 9.999944e-02 4.702023e-01 1.299936e-01 1.000000e-01 1.428508e+00 -0.633127 0.073895 0.152927 0.164252 0.174006 0.068047 0.633127 -0.081256 -0.162546 -0.162699 0.000000 
1.300000e-01 9.999932e-02 4.575103e-01 1.299927e-01 1.000000e-01 1.435297e+00 -0.645998 0.074652 0.155112 0.167861 0.178528 0.069844 0.645998 -0.082907 -0.165850 -0.166007 0.000000 
1.300000e-01 9.999917e-02 4.447847e-01 1.299917e-01 1.000000e-01 1.442054e+00 -0.658869 0.075288 0.157157 0.171541 0.183197 0.071686 0.658869 -0.084558 -0.169155 -0.169317 0.000000 
1.300000e-01 9.999899e-02 4.320259e-01 1.299906e-01 1.000000e-01 1.448778e+00 -0.671740 0.075811 0.159066 0.175294 0.188004 0.073565 0.671740 -0.086209 -0.172459 -0.172627 0.000000 
1.300000e-01 9.999877e-02 4.192340e-01 1.299892e-01 1.000000e-01 1.455468e+00 -0.684611 0.076199 0.160816 0.179139 0.192975 0.075482 0.684611 -0.087859 -0.175764 -0.175938 0.000000 
1.300000e-01 9.999850e-02 4.064095e-01 1.299877e-01 1.000000e-01 1.462124e+00 -0.697481 0.076422 0.162369 0.183109 0.198145 0.077436 0.697481 -0.089507 -0.179068 -0.179252 0.000000 
1.300000e-01 9.999818e-02 3.935524e-01 1.299860e-01 1.000000e-01 1.468745e+00 -0.710349 0.076485 0.163727 0.187209 0.203509 0.079419 0.710349 -0.091154 -0.182372 -0.182568 0.000000 
1.300000e-01 9.999778e-02 3.806631e-01 1.299840e-01 1.000000e-01 1.475332e+00 -0.723216 0.076362 0.164858 0.191473 0.209101 0.081421 0.723216 -0.092798 -0.185676 -0.185889 0.000000 
1.300000e-01 9.999729e-02 3.677418e-01 1.299817e-01 1.000000e-01 1.481882e+00 -0.736080 0.076009 0.165696 0.195962 0.214982 0.083431 0.736080 -0.094438 -0.188980 -0.189217 0.000000 
1.300000e-01 9.999670e-02 3.547889e-01 1.299791e-01 1.000000e-01 1.488397e+00 -0.748942 0.075434 0.166245 0.200685 0.221146 0.085430 0.748941 -0.096072 -0.192283 -0.192555 0.000000 
1.300000e-01 9.999597e-02 3.418044e-01 1.299762e-01 1.000000e-01 1.494876e+00 -0.761800 0.074617 0.166464 0.205690 0.227634 0.087395 0.761800 -0.097697 -0.195586 -0.195911 0.000000 
1.300000e-01 9.999507e-02 3.287888e-01 1.299728e-01 1.000000e-01 1.501317e+00 -0.774655 0.073484 0.166229 0.211096 0.234565 0.089280 0.774654 -0.099307 -0.198890 -0.199292 0.000000 
1.300000e-01 9.999398e-02 3.157422e-01 1.299690e-01 1.000000e-01 1.507720e+00 -0.787504 0.072052 0.165534 0.216925 0.241945 0.091048 0.787504 -0.100897 -0.202193 -0.202712 0.000000 
1.300000e-01 9.999264e-02 3.026649e-01 1.299647e-01 1.000000e-01 1.514082e+00 -0.800347 0.070302 0.164316 0.223245 0.249840 0.092643 0.800347 -0.102455 -0.205498 -0.206194 0.000000 
1.300000e-01 9.999100e-02 2.895570e-01 1.299598e-01 1.000000e-01 1.520405e+00 -0.813185 0.068190 0.162451 0.230184 0.258379 0.093980 0.813185 -0.103965 -0.208804 -0.209768 0.000000 
1.300000e-01 9.998899e-02 2.764189e-01 1.299543e-01 1.000000e-01 1.526686e+00 -0.826015 0.065665 0.159772 0.237906 0.267745 0.094928 0.826015 -0.105401 -0.212115 -0.213489 0.000000 
1.300000e-01 9.998654e-02 2.632508e-01 1.299483e-01 1.000000e-01 1.532926e+00 -0.838839 0.062753 0.156236 0.246450 0.278001 0.095398 0.838839 -0.106724 -0.215430 -0.217433 0.000000 
1.300000e-01 9.998354e-02 2.500528e-01 1.299419e-01 1.000000e-01 1.539124e+00 -0.851654 0.059438 0.151708 0.255937 0.289322 0.095249 0.851654 -0.107881 -0.218753 -0.221714 0.000000 
1.300000e-01 9.997990e-02 2.368252e-01 1.299353e-01 1.000000e-01 1.545279e+00 -0.864460 0.055693 0.145981 0.266532 0.301984 0.094269 0.864460 -0.108770 -0.222084 -0.226546 0.000000 
1.300000e-01 9.997548e-02 2.235682e-01 1.299291e-01 1.000000e-01 1.551389e+00 -0.877254 0.051483 0.138756 0.278449 0.316423 0.092143 0.877254 -0.109269 -0.225421 -0.232200 0.000000 
1.300000e-01 9.997017e-02 2.102818e-01 1.299247e-01 1.000000e-01 1.557453e+00 -0.890031 0.046874 0.130023 0.291590 0.332791 0.088754 0.890031 -0.109180 -0.228746 -0.239132 0.000000 
1.300000e-01 9.996385e-02 1.969663e-01 1.299247e-01 1.000000e-01 1.563466e+00 -0.902783 0.041898 0.119662 0.305872 0.351462 0.083889 0.902783 -0.108171 -0.232002 -0.248168 0.000000 
1.300000e-01 9.995649e-02 1.836217e-01 1.299346e-01 1.000000e-01 1.569419e+00 -0.915489 0.036617 0.107635 0.320974 0.372871 0.077391 0.915489 -0.105845 -0.235039 -0.260450 0.000000 
1.300000e-01 9.994820e-02 1.702479e-01 1.299674e-01 1.000000e-01 1.575293e+00 -0.928107 0.031139 0.094026 0.336056 0.397720 0.069166 0.928107 -0.101607 -0.237478 -0.277997 0.000000 
1.300000e-01 9.993961e-02 1.568445e-01 1.300543e-01 1.000000e-01 1.581047e+00 -0.940541 0.025706 0.079400 0.348968 0.426945 0.059522 0.940541 -0.094560 -0.238266 -0.304759 0.000000 
1.300000e-01 9.993328e-02 1.434088e-01 1.302810e-01 1.000000e-01 1.586588e+00 -0.952640 0.020734 0.065100 0.355315 0.461932 0.049559 0.952640 -0.083846 -0.234992 -0.347176 0.000000 
1.300000e-01 9.994044e-02 1.299277e-01 1.309242e-01 1.000000e-01 1.591681e+00 -0.964208 0.016757 0.052833 0.344227 0.509537 0.040853 0.964208 -0.068487 -0.221857 -0.418149 0.000000 
1.300000e-01 1.000078e-01 1.163397e-01 1.328228e-01 1.000000e-01 1.596100e+00 -0.975927 0.012870 0.040076 0.276467 0.614254 0.032260 0.975926 -0.047299 -0.182921 -0.549397 0.000000 
1.300000e-01 1.002314e-01 1.024167e-01 1.339734e-01 1.000000e-01 1.597501e+00 -0.987616 0.011441 0.034386 0.218693 0.695236 0.027859 0.987616 -0.018199 -0.083597 -0.802220 0.000000 
1.300000e-01 1.003095e-01 9.749966e-02 1.339734e-01 1.000000e-01 1.597501e+00 -0.991696 0.011965 0.035434 0.219741 0.696291 0.028266 0.991696 -0.005779 -0.028694 -0.929261 0.000000 
1.300000e-01 1.003095e-01 9.749966e-02 1.339734e-01 1.000000e-01 1.597501e+00 -0.991696 0.011965 0.035434 0.219741 0.696291 0.028266 0.991696 -0.005779 -0.028694 -0.929261 0.000000 
1.300000e-01 1.003095e-01 9.749966e-02 1.339734e-01 1.000000e-01 1.597501e+00 -0.991696 0.011965 0.035434 0.219741 0.696291 0.028266 0.991696 -0.005779 -0.028694 -0.929261 0.000000 
1.300000e-01 1.003095e-01 9.749966e-02 1.339734e-01 1.000000e-01 1.597501e+00 -0.991696 0.011965 0.035434 0.219741 0.696291 0.028266 0.991696 -0.005779 -0.028694 -0.929261 0.000000 
1.300000e-01 1.003095e-01 9.749966e-02 1.339734e-01 1.000000e-01 1.597501e+00 -0.991696 0.011965 0.035434 0.219741 0.696291 0.028266 0.991696 -0.005779 -0.028694 -0.929261 0.000000 
1.300000e-01 1.003095e-01 9.749966e-02 1.339734e-01 1.000000e-01 1.597501e+00 -0.991696 0.011965 0.035434 0.219741 0.696291 0.028266 0.991696 -0.005779 -0.028694 -0.929261 0.000000 
1.300000e-01 1.003095e-01 9.749966e-02 1.339734e-01 1.000000e-01 1.597501e+00 -0.991696 0.011965 0.035434 0.219741 0.696291 0.028266 0.991696 -0.005779 -0.028694 -0.929261 0.000000 
1.300000e-01 1.003095e-01 9.749966e-02 1.339734e-01 1.000000e-01 1.597501e+00 -0.991696 0.011965 0.035434 0.219741 0.696291 0.028266 0.991696 -0.005779 -0.028694 -0.929261 0.000000 
1.300000e-01 1.003095e-01 9.749966e-02 1.339734e-01 1.000000e-01 1.597501e+00 -0.991696 0.011965 0.035434 0.219741 0.696291 0.028266 0.991696 -0.005779 -0.028694 -0.929261 0.000000 
1.300000e-01 1.003095e-01 9.749966e-02 1.339734e-01 1.000000e-01 1.597501e+00 -0.991696 0.011965 0.035434 0.219741 0.696291 0.028266 0.991696 -0.005779 -0.028694 -0.929261 0.000000 
1.300000e-01 1.003095e-01 9.749966e-02 1.339734e-01 1.000000e-01 1.597501e+00 -0.991696 0.011965 0.035434 0.219741 0.696291 0.028266 0.991696 -0.005779 -0.028694 -0.929261 0.000000 
1.300000e-01 1.003095e-01 9.749966e-02 1.339734e-01 1.000000e-01 1.597501e+00 -0.991696 0.011965 0.035434 0.219741 0.696291 0.028266 0.991696 -0.005779 -0.028694 -0.929261 0.000000 
1.300000e-01 1.003095e-01 9.749966e-02 1.339734e-01 1.000000e-01 1.597501e+00 -0.991696 0.011965 0.035434 0.219741 0.696291 0.028266 0.991696 -0.005779 -0.028694 -0.929261 0.000000 
1.300000e-01 1.003095e-01 9.749966e-02 1.339734e-01 1.000000e-01 1.597501e+00 -0.991696 0.011965 0.035434 0.219741 0.696291 0.028266 0.991696 -0.005779 -0.028694 -0.929261 0.000000 
1.300000e-01 1.003095e-01 9.749966e-02 1.339734e-01 1.000000e-01 1.597501e+00 -0.991696 0.011965 0.035434 0.219741 0.696291 0.028266 0.991696 -0.005779 -0.028694 -0.929261 0.000000 
1.300000e-01 1.003095e-01 9.749966e-02 1.339734e-01 1.000000e-01 1.597501e+00 -0.991696 0.011965 0.035434 0.219741 0.696291 0.028266 0.991696 -0.005779 -0.028694 -0.929261 0.000000 
1.300000e-01 1.003095e-01 9.749966e-02 1.339734e-01 1.000000e-01 1.597501e+00 -0.991696 0.011965 0.035434 0.219741 0.696291 0.028266 0.991696 -0.005779 -0.028694 -0.929261 0.000000 
1.300000e-01 1.003095e-01 9.749966e-02 1.339734e-01 1.000000e-01 1.597501e+00 -0.991696 0.011965 0.035434 0.219741 0.696291 0.028266 0.991696 -0.005779 -0.028694 -0.929261 0.000000 
1.300000e-01 1.003095e-01 9.749966e-02 1.339734e-01 1.000000e-01 1.597501e+00 -0.991696 0.011965 0.035434 0.219741 0.696291 0.028266 0.991696 -0.005779 -0.028694 -0.929261 0.000000 
1.300000e-01 1.003095e-01 9.749966e-02 1.339734e-01 1.000000e-01 1.597501e+00 -0.991696 0.011965 0.035434 0.219741 0.696291 0.028266 0.991696 -0.005779 -0.028694 -0.929261 0.000000 
1.300000e-01 1.003095e-01 9.749966e-02 1.339734e-01 1.000000e-01 1.597501e+00 -0.991696 0.011965 0.035434 0.219741 0.696291 0.028266 0.991696 -0.005779 -0.028694 -0.929261 0.000000 
1.300000e-01 1.003095e-01 9.749966e-02 1.339734e-01 1.000000e-01 1.597501e+00 -0.991696 0.011965 0.035434 0.219741 0.696291 0.028266 0.991696 -0.005779 -0.028694 -0.929261 0.000000 
1.300000e-01 1.003095e-01 9.749966e-02 1.339734e-01 1.000000e-01 1.597501e+00 -0.991696 0.011965 0.035434 0.219741 0.696291 0.028266 0.991696 -0.005779 -0.028694 -0.929261 0.000000 
1.300000e-01 1.003095e-01 9.749966e-02 1.339734e-01 1.000000e-01 1.597501e+00 -0.991696 0.011965 0.035434 0.219741 0.696291 0.028266 0.991696 -0.005779 -0.028694 -0.929261 0.000000 
1.300000e-01 1.003095e-01 9.749966e-02 1.339734e-01 1.000000e-01 1.597501e+00 -0.991696 0.011965 0.035434 0.219741 0.696291 0.028266 0.991696 -0.005779 -0.028694 -0.929261 0.000000 
1.300000e-01 1.003095e-01 9.749966e-02 1.339734e-01 1.000000e-01 1.597501e+00 -0.991696 0.011965 0.035434 0.219741 0.696291 0.028266 0.991696 -0.005779 -0.028694 -0.929261 0.000000 
1.300000e-01 1.003095e-01 9.749966e-02 1.339734e-01 1.000000e-01 1.597501e+00 -0.991696 0.011965 0.035434 0.219741 0.696291 0.028266 0.991696 -0.005779 -0.028694 -0.929261 0.000000 
1.300000e-01 1.003095e-01 9.749966e-02 1.339734e-01 1.000000e-01 1.597501e+00 -0.991696 0.011965 0.035434 0.219741 0.696291 0.028266 0.991696 -0.005779 -0.028694 -0.929261 0.000000 
1.300000e-01 1.003095e-01 9.749966e-02 1.339734e-01 1.000000e-01 1.597501e+00 -0.991696 0.011965 0.035434 0.219741 0.696291 0.028266 0.991696 -0.005779 -0.028694 -0.929261 0.000000 
1.300000e-01 1.003095e-01 9.749966e-02 1.339734e-01 1.000000e-01 1.597501e+00 -0.991696 0.011965 0.035434 0.219741 0.696291 0.028266 0.991696 -0.005779 -0.028694 -0.929261 0.000000 
1.300000e-01 1.003095e-01 9.749966e-02 1.339734e-01 1.000000e-01 1.597501e+00 -0.991696 0.011965 0.035434 0.219741 0.696291 0.028266 0.991696 -0.005779 -0.028694 -0.929261 0.000000 
1.300000e-01 1.003095e-01 9.749966e-02 1.339734e-01 1.000000e-01 1.597501e+00 -0.991696 0.011965 0.035434 0.219741 0.696291 0.028266 0.991696 -0.005779 -0.028694 -0.929261 0.000000 
1.300000e-01 1.003095e-01 9.749966e-02 1.339734e-01 1.000000e-01 1.597501e+00 -0.991696 0.011965 0.035434 0.219741 0.696291 0.028266 0.991696 -0.005779 -0.028694 -0.929261 0.000000 
1.300000e-01 1.003095e-01 9.749966e-02 1.339734e-01 1.000000e-01 1.597501e+00 -0.991696 0.011965 0.035434 0.219741 0.696291 0.028266 0.991696 -0.005779 -0.028694 -0.929261 0.000000 
1.300000e-01 1.003095e-01 9.749966e-02 1.339734e-01 1.000000e-01 1.597501e+00 -0.991696 0.011965 0.035434 0.219741 0.696291 0.028266 0.991696 -0.005779 -0.028694 -0.929261 0.000000 
1.300000e-01 1.003095e-01 9.749966e-02 1.339734e-01 1.000000e-01 1.597501e+00 -0.991696 0.011965 0.035434 0.219741 0.696291 0.028266 0.991696 -0.005779 -0.028694 -0.929261 0.000000 
1.300000e-01 1.003095e-01 9.749966e-02 1.339734e-01 1.000000e-01 1.597501e+00 -0.991696 0.011965 0.035434 0.219741 0.696291 0.028266 0.991696 -0.005779 -0.028694 -0.929261 0.000000 
1.300000e-01 1.003095e-01 9.749966e-02 1.339734e-01 1.000000e-01 1.597501e+00 -0.991696 0.011965 0.035434 0.219741 0.696291 0.028266 0.991696 -0.005779 -0.028694 -0.929261 0.000000 
1.300000e-01 1.003095e-01 9.749966e-02 1.339734e-01 1.000000e-01 1.597501e+00 -0.991696 0.011965 0.035434 0.219741 0.696291 0.028266 0.991696 -0.005779 -0.028694 -0.929261 0.000000 
1.300000e-01 1.003095e-01 9.749966e-02 1.339734e-01 1.000000e-01 1.597501e+00 -0.991696 0.011965 0.035434 0.219741 0.696291 0.028266 0.991696 -0.005779 -0.028694 -0.929261 0.000000 
1.300000e-01 1.003095e-01 9.749966e-02 1.339734e-01 1.000000e-01 1.597501e+00 -0.991696 0.011965 0.035434 0.219741 0.696291 0.028266 0.991696 -0.005779 -0.028694 -0.929261 0.000000 
1.300000e-01 1.003095e-01 9.749966e-02 1.339734e-01 1.000000e-01 1.597501e+00 -0.991696 0.011965 0.035434 0.219741 0.696291 0.028266 0.991696 -0.005779 -0.028694 -0.929261 0.000000 
1.300000e-01 1.003095e-01 9.749966e-02 1.339734e-01 1.000000e-01 1.597501e+00 -0.991696 0.011965 0.035434 0.219741 0.696291 0.028266 0.991696 -0.005779 -0.028694 -0.929261 0.000000 
1.300000e-01 1.003095e-01 9.749966e-02 1.339734e-01 1.000000e-01 1.597501e+00 -0.991696 0.011965 0.035434 0.219741 0.696291 0.028266 0.991696 -0.005779 -0.028694 -0.929261 0.000000 
1.300000e-01 1.003095e-01 9.749966e-02 1.339734e-01 1.000000e-01 1.597501e+00 -0.991696 0.011965 0.035434 0.219741 0.696291 0.028266 0.991696 -0.005779 -0.028694 -0.929261 0.000000 
1.300000e-01 1.003095e-01 9.749966e-02 1.339734e-01 1.000000e-01 1.597501e+00 -0.991696 0.011965 0.035434 0.219741 0.696291 0.028266 0.991696 -0.005779 -0.028694 -0.929261 0.000000 
1.300000e-01 1.003095e-01 9.749966e-02 1.339734e-01 1.000000e-01 1.597501e+00 -0.991696 0.011965 0.035434 0.219741 0.696291 0.028266 0.991696 -0.005779 -0.028694 -0.929261 0.000000 
1.300000e-01 1.003095e-01 9.749966e-02 1.339734e-01 1.000000e-01 1.597501e+00 -0.991696 0.011965 0.035434 0.219741 0.696291 0.028266 0.991696 -0.005779 -0.028694 -0.929261 0.000000 
1.300000e-01 1.003095e-01 9.749966e-02 1.339734e-01 1.000000e-01 1.597501e+00 -0.991696 0.011965 0.035434 0.219741 0.696291 0.028266 0.991696 -0.005779 -0.028694 -0.929261 0.000000 
1.300000e-01 1.003095e-01 9.749966e-02 1.339734e-01 1.000000e-01 1.597501e+00 -0.991696 0.011965 0.035434 0.219741 0.696291 0.028266 0.991696 -0.005779 -0.028694 -0.929261 0.000000 
1.300000e-01 1.003095e-01 9.749966e-02 1.339734e-01 1.000000e-01 1.597501e+00 -0.991696 0.011965 0.035434 0.219741 0.696291 0.028266 0.991696 -0.005779 -0.028694 -0.929261 0.000000 
1.300000e-01 1.003095e-01 9.749966e-02 1.339734e-01 1.000000e-01 1.597501e+00 -0.991696 0.011965 0.035434 0.219741 0.696291 0.028266 0.991696 -0.005779 -0.028694 -0.929261 0.000000 
1.300000e-01 1.003095e-01 9.749966e-02 1.339734e-01 1.000000e-01 1.597501e+00 -0.991696 0.011965 0.035434 0.219741 0.696291 0.028266 0.991696 -0.005779 -0.028694 -0.929261 0.000000 
1.300000e-01 1.003095e-01 9.749966e-02 1.339734e-01 1.000000e-01 1.597501e+00 -0.991696 0.011965 0.035434 0.219741 0.696291 0.028266 0.991696 -0.005779 -0.028694 -0.929261 0.000000 
1.300000e-01 1.003095e-01 9.749966e-02 1.339734e-01 1.000000e-01 1.597501e+00 -0.991696 0.011965 0.035434 0.219741 0.696291 0.028266 0.991696 -0.005779 -0.028694 -0.929261 0.000000 
1.300000e-01 1.003095e-01 9.749966e-02 1.339734e-01 1.000000e-01 1.597501e+00 -0.991696 0.011965 0.035434 0.219741 0.696291 0.028266 0.991696 -0.005779 -0.028694 -0.929261 0.000000 
1.300000e-01 1.003095e-01 9.749966e-02 1.339734e-01 1.000000e-01 1.597501e+00 -0.991696 0.011965 0.035434 0.219741 0.696291 0.028266 0.991696 -0.005779 -0.028694 -0.929261 0.000000 
1.300000e-01 1.003095e-01 9.749966e-02 1.339734e-01 1.000000e-01 1.597501e+00 -0.991696 0.011965 0.035434 0.219741 0.696291 0.028266 0.991696 -0.005779 -0.028694 -0.929261 0.000000 
1.300000e-01 1.003095e-01 9.749966e-02 1.339734e-01 1.000000e-01 1.597501e+00 -0.991696 0.011965 0.035434 0.219741 0.696291 0.028266 0.991696 -0.005779 -0.028694 -0.929261 0.000000 
1.300000e-01 1.003095e-01 9.749966e-02 1.339734e-01 1.000000e-01 1.597501e+00 -0.991696 0.011965 0.035434 0.219741 0.696291 0.028266 0.991696 -0.005779 -0.028694 -0.929261 0.000000 
1.300000e-01 1.003095e-01 9.749966e-02 1.339734e-01 1.000000e-01 1.597501e+00 -0.991696 0.011965 0.035434 0.219741 0.696291 0.028266 0.991696 -0.005779 -0.028694 -0.929261 0.000000 
1.300000e-01 1.003095e-01 9.749966e-02 1.339734e-01 1.000000e-01 1.597501e+00 -0.991696 0.011965 0.035434 0.219741 0.696291 0.028266 0.991696 -0.005779 -0.028694 -0.929261 0.000000 
1.300000e-01 1.003095e-01 9.749966e-02 1.339734e-01 1.000000e-01 1.597501e+00 -0.991696 0.011965 0.035434 0.219741 0.696291 0.028266 0.991696 -0.005779 -0.028694 -0.929261 0.000000 
1.300000e-01 1.003095e-01 9.749966e-02 1.339734e-01 1.000000e-01 1.597501e+00 -0.991696 0.011965 0.035434 0.219741 0.696291 0.028266 0.991696 -0.005779 -0.028694 -0.929261 0.000000 
1.300000e-01 1.003095e-01 9.749966e-02 1.339734e-01 1.000000e-01 1.597501e+00 -0.991696 0.011965 0.035434 0.219741 0.696291 0.028266 0.991696 -0.005779 -0.028694 -0.929261 0.000000 
1.300000e-01 1.003095e-01 9.749966e-02 1.339734e-01 1.000000e-01 1.597501e+00 -0.991696 0.011965 0.035434 0.219741 0.696291 0.028266 0.991696 -0.005779 -0.028694 -0.929261 0.000000 
1.300000e-01 1.003095e-01 9.749966e-02 1.339734e-01 1.000000e-01 1.597501e+00 -0.991696 0.011965 0.035434 0.219741 0.696291 0.028266 0.991696 -0.005779 -0.028694 -0.929261 0.000000 
1.300000e-01 1.003095e-01 9.749966e-02 1.339734e-01 1.000000e-01 1.597501e+00 -0.991696 0.011965 0.035434 0.219741 0.696291 0.028266 0.991696 -0.005779 -0.028694 -0.929261 0.000000 
1.300000e-01 1.003095e-01 9.749966e-02 1.339734e-01 1.000000e-01 1.597501e+00 -0.991696 0.011965 0.035434 0.219741 0.696291 0.028266 0.991696 -0.005779 -0.028694 -0.929261 0.000000 
1.300000e-01 1.003095e-01 9.749966e-02 1.339734e-01 1.000000e-01 1.597501e+00 -0.991696 0.011965 0.035434 0.219741 0.696291 0.028266 0.991696 -0.005779 -0.028694 -0.929261 0.000000 
1.300000e-01 1.003095e-01 9.749966e-02 1.339734e-01 1.000000e-01 1.597501e+00 -0.991696 0.011965 0.035434 0.219741 0.696291 0.028266 0.991696 -0.005779 -0.028694 -0.929261 0.000000 
1.300000e-01 1.003095e-01 9.749966e-02 1.339734e-01 1.000000e-01 1.597501e+00 -0.991696 0.011965 0.035434 0.219741 0.696291 0.028266 0.991696 -0.005779 -0.028694 -0.929261 0.000000 
1.300000e-01 1.003095e-01 9.749966e-02 1.339734e-01 1.000000e-01 1.597501e+00 -0.991696 0.011965 0.035434 0.219741 0.696291 0.028266 0.991696 -0.005779 -0.028694 -0.929261 0.000000 
1.300000e-01 1.003095e-01 9.749966e-02 1.339734e-01 1.000000e-01 1.597501e+00 -0.991696 0.011965 0.035434 0.219741 0.696291 0.028266 0.991696 -0.005779 -0.028694 -0.929261 0.000000 
1.300000e-01 1.003095e-01 9.749966e-02 1.339734e-01 1.000000e-01 1.597501e+00 -0.991696 0.011965 0.035434 0.219741 0.696291 0.028266 0.991696 -0.005779 -0.028694 -0.929261 0.000000 
1.300000e-01 1.003095e-01 9.749966e-02 1.339734e-01 1.000000e-01 1.597501e+00 -0.991696 0.011965 0.035434 0.219741 0.696291 0.028266 0.991696 -0.005779 -0.028694 -0.929261 0.000000 
1.300000e-01 1.003095e-01 9.749966e-02 1.339734e-01 1.000000e-01 1.597501e+00 -0.991696 0.011965 0.035434 0.219741 0.696291 0.028266 0.991696 -0.005779 -0.028694 -0.929261 0.000000 
1.300000e-01 1.003095e-01 9.749966e-02 1.339734e-01 1.000000e-01 1.597501e+00 -0.991696 0.011965 0.035434 0.219741 0.696291 0.028266 0.991696 -0.005779 -0.028694 -0.929261 0.000000 
1.300000e-01 1.003095e-01 9.749966e-02 1.339734e-01 1.000000e-01 1.597501e+00 -0.991696 0.011965 0.035434 0.219741 0.696291 0.028266 0.991696 -0.005779 -0.028694 -0.929261 0.000000 
1.300000e-01 1.003095e-01 9.749966e-02 1.339734e-01 1.000000e-01 1.597501e+00 -0.991696 0.011965 0.035434 0.219741 0.696291 0.028266 0.991696 -0.005779 -0.028694 -0.929261 0.000000 
1.300000e-01 1.003095e-01 9.749966e-02 1.339734e-01 1.000000e-01 1.597501e+00 -0.991696 0.011965 0.035434 0.219741 0.696291 0.028266 0.991696 -0.005779 -0.028694 -0.929261 0.000000 
1.300000e-01 1.003095e-01 9.749966e-02 1.339734e-01 1.000000e-01 1.597501e+00 -0.991696 0.011965 0.035434 0.219741 0.696291 0.028266 0.991696 -0.005779 -0.028694 -0.929261 0.000000 
1.300000e-01 1.003095e-01 9.749966e-02 1.339734e-01 1.000000e-01 1.597501e+00 -0.991696 0.011965 0.035434 0.219741 0.696291 0.028266 0.991696 -0.005779 -0.028694 -0.929261 0.000000 
1.300000e-01 1.003095e-01 9.749966e-02 1.339734e-01 1.000000e-01 1.597501e+00 -0.991696 0.011965 0.035434 0.219741 0.696291 0.028266 0.991696 -0.005779 -0.028694 -0.929261 0.000000 
1.300000e-01 1.003095e-01 9.749966e-02 1.339734e-01 1.000000e-01 1.597501e+00 -0.991696 0.011965 0.035434 0.219741 0.696291 0.028266 0.991696 -0.005779 -0.028694 -0.929261 0.000000 
1.300000e-01 1.003095e-01 9.749966e-02 1.339734e-01 1.000000e-01 1.597501e+00 -0.991696 0.011965 0.035434 0.219741 0.696291 0.028266 0.991696 -0.005779 -0.028694 -0.929261 0.000000 
1.300000e-01 1.003095e-01 9.749966e-02 1.339734e-01 1.000000e-01 1.597501e+00 -0.991696 0.011965 0.035434 0.219741 0.696291 0.028266 0.991696 -0.005779 -0.028694 -0.929261 0.000000 
1.300000e-01 1.003095e-01 9.749966e-02 1.339734e-01 1.000000e-01 1.597501e+00 -0.991696 0.011965 0.035434 0.219741 0.696291 0.028266 0.991696 -0.005779 -0.028694 -0.929261 0.000000 
1.300000e-01 1.003095e-01 9.749966e-02 1.339734e-01 1.000000e-01 1.597501e+00 -0.991696 0.011965 0.035434 0.219741 0.696291 0.028266 0.991696 -0.005779 -0.028694 -0.929261 0.000000 
1.300000e-01 1.003095e-01 9.749966e-02 1.339734e-01 1.000000e-01 1.597501e+00 -0.991696 0.011965 0.035434 0.219741 0.696291 0.028266 0.991696 -0.005779 -0.028694 -0.929261 0.000000 
1.300000e-01 1.003095e-01 9.749966e-02 1.339734e-01 1.000000e-01 1.597501e+00 -0.991696 0.011965 0.035434 0.219741 0.696291 0.028266 0.991696 -0.005779 -0.028694 -0.929261 0.000000 
1.300000e-01 1.003095e-01 9.749966e-02 1.339734e-01 1.000000e-01 1.597501e+00 -0.991696 0.011965 0.035434 0.219741 0.696291 0.028266 0.991696 -0.005779 -0.028694 -0.929261 0.000000 
1.300000e-01 1.003095e-01 9.749966e-02 1.339734e-01 1.000000e-01 1.597501e+00 -0.991696 0.011965 0.035434 0.219741 0.696291 0.028266 0.991696 -0.005779 -0.028694 -0.929261 0.000000 
1.300000e-01 1.003095e-01 9.749966e-02 1.339734e-01 1.000000e-01 1.597501e+00 -0.991696 0.011965 0.035434 0.219741 0.696291 0.028266 0.991696 -0.005779 -0.028694 -0.929261 0.000000 
1.300000e-01 1.003095e-01 9.749966e-02 1.339734e-01 1.000000e-01 1.597501e+00 -0.991696 0.011965 0.035434 0.219741 0.696291 0.028266 0.991696 -0.005779 -0.028694 -0.929261 0.000000 
1.300000e-01 1.003095e-01 9.749966e-02 1.339734e-01 1.000000e-01 1.597501e+00 -0.991696 0.011965 0.035434 0.219741 0.696291 0.028266 0.991696 -0.005779 -0.028694 -0.929261 0.000000 
1.300000e-01 1.003095e-01 9.749966e-02 1.339734e-01 1.000000e-01 1.597501e+00 -0.991696 0.011965 0.035434 0.219741 0.696291 0.028266 0.991696 -0.005779 -0.028694 -0.929261 0.000000 
1.300000e-01 1.003095e-01 9.749966e-02 1.339734e-01 1.000000e-01 1.597501e+00 -0.991696 0.011965 0.035434 0.219741 0.696291 0.028266 0.991696 -0.005779 -0.028694 -0.929261 0.000000 
1.300000e-01 1.003095e-01 9.749966e-02 1.339734e-01 1.000000e-01 1.597501e+00 -0.991696 0.011965 0.035434 0.219741 0.696291 0.028266 0.991696 -0.005779 -0.028694 -0.929261 0.000000 
1.300000e-01 1.003095e-01 9.749966e-02 1.339734e-01 1.000000e-01 1.597501e+00 -0.991696 0.011965 0.035434 0.219741 0.696291 0.028266 0.991696 -0.005779 -0.028694 -0.929261 0.000000 
1.300000e-01 1.003095e-01 9.749966e-02 1.339734e-01 1.000000e-01 1.597501e+00 -0.991696 0.011965 0.035434 0.219741 0.696291 0.028266 0.991696 -0.005779 -0.028694 -0.929261 0.000000 
1.300000e-01 1.003095e-01 9.749966e-02 1.339734e-01 1.000000e-01 1.597501e+00 -0.991696 0.011965 0.035434 0.219741 0.696291 0.028266 0.991696 -0.005779 -0.028694 -0.929261 0.000000 
1.300000e-01 1.003095e-01 9.749966e-02 1.339734e-01 1.000000e-01 1.597501e+00 -0.991696 0.011965 0.035434 0.219741 0.696291 0.028266 0.991696 -0.005779 -0.028694 -0.929261 0.000000 
1.300000e-01 1.003095e-01 9.749966e-02 1.339734e-01 1.000000e-01 1.597501e+00 -0.991696 0.011965 0.035434 0.219741 0.696291 0.028266 0.991696 -0.005779 -0.028694 -0.929261 0.000000 
1.300000e-01 1.003095e-01 9.749966e-02 1.339734e-01 1.000000e-01 1.597501e+00 -0.991696 0.011965 0.035434 0.219741 0.696291 0.028266 0.991696 -0.005779 -0.028694 -0.929261 0.000000 
1.300000e-01 1.003095e-01 9.749966e-02 1.339734e-01 1.000000e-01 1.597501e+00 -0.991696 0.011965 0.035434 0.219741 0.696291 0.028266 0.991696 -0.005779 -0.028694 -0.929261 0.000000 
1.300000e-01 1.003095e-01 9.749966e-02 1.339734e-01 1.000000e-01 1.597501e+00 -0.991696 0.011965 0.035434 0.219741 0.696291 0.028266 0.991696 -0.005779 -0.028694 -0.929261 0.000000 
1.300000e-01 1.003095e-01 9.749966e-02 1.339734e-01 1.000000e-01 1.597501e+00 -0.991696 0.011965 0.035434 0.219741 0.696291 0.028266 0.991696 -0.005779 -0.028694 -0.929261 0.000000 
1.300000e-01 1.003095e-01 9.749966e-02 1.339734e-01 1.000000e-01 1.597501e+00 -0.991696 0.011965 0.035434 0.219741 0.696291 0.028266 0.991696 -0.005779 -0.028694 -0.929261 0.000000 
1.300000e-01 1.003095e-01 9.749966e-02 1.339734e-01 1.000000e-01 1.597501e+00 -0.991696 0.011965 0.035434 0.219741 0.696291 0.028266 0.991696 -0.005779 -0.028694 -0.929261 0.000000 
1.300000e-01 1.003095e-01 9.749966e-02 1.339734e-01 1.000000e-01 1.597501e+00 -0.991696 0.011965 0.035434 0.219741 0.696291 0.028266 0.991696 -0.005779 -0.028694 -0.929261 0.000000 
1.300000e-01 1.003095e-01 9.749966e-02 1.339734e-01 1.000000e-01 1.597501e+00 -0.991696 0.011965 0.035434 0.219741 0.696291 0.028266 0.991696 -0.005779 -0.028694 -0.929261 0.000000 
1.300000e-01 1.003095e-01 9.749966e-02 1.339734e-01 1.000000e-01 1.597501e+00 -0.991696 0.011965 0.035434 0.219741 0.696291 0.028266 0.991696 -0.005779 -0.028694 -0.929261 0.000000 
1.300000e-01 1.003095e-01 9.749966e-02 1.339734e-01 1.000000e-01 1.597501e+00 -0.991696 0.011965 0.035434 0.219741 0.696291 0.028266 0.991696 -0.005779 -0.028694 -0.929261 0.000000 
1.300000e-01 1.003095e-01 9.749966e-02 1.339734e-01 1.000000e-01 1.597501e+00 -0.991696 0.011965 0.035434 0.219741 0.696291 0.028266 0.991696 -0.005779 -0.028694 -0.929261 0.000000 
1.300000e-01 1.003095e-01 9.749966e-02 1.339734e-01 1.000000e-01 1.597501e+00 -0.991696 0.011965 0.035434 0.219741 0.696291 0.028266 0.991696 -0.005779 -0.028694 -0.929261 0.000000 
1.300000e-01 1.003095e-01 9.749966e-02 1.339734e-01 1.000000e-01 1.597501e+00 -0.991696 0.011965 0.035434 0.219741 0.696291 0.028266 0.991696 -0.005779 -0.028694 -0.929261 0.000000 
1.300000e-01 1.003095e-01 9.749966e-02 1.339734e-01 1.000000e-01 1.597501e+00 -0.991696 0.011965 0.035434 0.219741 0.696291 0.028266 0.991696 -0.005779 -0.028694 -0.929261 0.000000 
1.300000e-01 1.003095e-01 9.749966e-02 1.339734e-01 1.000000e-01 1.597501e+00 -0.991696 0.011965 0.035434 0.219741 0.696291 0.028266 0.991696 -0.005779 -0.028694 -0.929261 0.000000 
1.300000e-01 1.003095e-01 9.749966e-02 1.339734e-01 1.000000e-01 1.597501e+00 -0.991696 0.011965 0.035434 0.219741 0.696291 0.028266 0.991696 -0.005779 -0.028694 -0.929261 0.000000 
1.300000e-01 1.003095e-01 9.749966e-02 1.339734e-01 1.000000e-01 1.597501e+00 -0.991696 0.011965 0.035434 0.219741 0.696291 0.028266 0.991696 -0.005779 -0.028694 -0.929261 0.000000 
1.300000e-01 1.003095e-01 9.749966e-02 1.339734e-01 1.000000e-01 1.597501e+00 -0.991696 0.011965 0.035434 0.219741 0.696291 0.028266 0.991696 -0.005779 -0.028694 -0.929261 0.000000 
1.300000e-01 1.003095e-01 9.749966e-02 1.339734e-01 1.000000e-01 1.597501e+00 -0.991696 0.011965 0.035434 0.219741 0.696291 0.028266 0.991696 -0.005779 -0.028694 -0.929261 0.000000 
1.300000e-01 1.003095e-01 9.749966e-02 1.339734e-01 1.000000e-01 1.597501e+00 -0.991696 0.011965 0.035434 0.219741 0.696291 0.028266 0.991696 -0.005779 -0.028694 -0.929261 0.000000 
1.300000e-01 1.003095e-01 9.749966e-02 1.339734e-01 1.000000e-01 1.597501e+00 -0.991696 0.011965 0.035434 0.219741 0.696291 0.028266 0.991696 -0.005779 -0.028694 -0.929261 0.000000 
1.300000e-01 1.003095e-01 9.749966e-02 1.339734e-01 1.000000e-01 1.597501e+00 -0.991696 0.011965 0.035434 0.219741 0.696291 0.028266 0.991696 -0.005779 -0.028694 -0.929261 0.000000 
1.300000e-01 1.003095e-01 9.749966e-02 1.339734e-01 1.000000e-01 1.597501e+00 -0.991696 0.011965 0.035434 0.219741 0.696291 0.028266 0.991696 -0.005779 -0.028694 -0.929261 0.000000 
1.300000e-01 1.003095e-01 9.749966e-02 1.339734e-01 1.000000e-01 1.597501e+00 -0.991696 0.011965 0.035434 0.219741 0.696291 0.028266 0.991696 -0.005779 -0.028694 -0.929261 0.000000 
1.300000e-01 1.003095e-01 9.749966e-02 1.339734e-01 1.000000e-01 1.597501e+00 -0.991696 0.011965 0.035434 0.219741 0.696291 0.028266 0.991696 -0.005779 -0.028694 -0.929261 0.000000 
1.300000e-01 1.003095e-01 9.749966e-02 1.339734e-01 1.000000e-01 1.597501e+00 -0.991696 0.011965 0.035434 0.219741 0.696291 0.028266 0.991696 -0.005779 -0.028694 -0.929261 0.000000 
1.300000e-01 1.003095e-01 9.749966e-02 1.339734e-01 1.000000e-01 1.597501e+00 -0.991696 0.011965 0.035434 0.219741 0.696291 0.028266 0.991696 -0.005779 -0.028694 -0.929261 0.000000 
1.300000e-01 1.003095e-01 9.749966e-02 1.339734e-01 1.000000e-01 1.597501e+00 -0.991696 0.011965 0.035434 0.219741 0.696291 0.028266 0.991696 -0.005779 -0.028694 -0.929261 0.000000 
1.300000e-01 1.003095e-01 9.749966e-02 1.339734e-01 1.000000e-01 1.597501e+00 -0.991696 0.011965 0.035434 0.219741 0.696291 0.028266 0.991696 -0.005779 -0.028694 -0.929261 0.000000 
1.300000e-01 1.003095e-01 9.749966e-02 1.339734e-01 1.000000e-01 1.597501e+00 -0.991696 0.011965 0.035434 0.219741 0.696291 0.028266 0.991696 -0.005779 -0.028694 -0.929261 0.000000 
1.300000e-01 1.003095e-01 9.749966e-02 1.339734e-01 1.000000e-01 1.597501e+00 -0.991696 0.011965 0.035434 0.219741 0.696291 0.028266 0.991696 -0.005779 -0.028694 -0.929261 0.000000 
1.300000e-01 1.003095e-01 9.749966e-02 1.339734e-01 1.000000e-01 1.597501e+00 -0.991696 0.011965 0.035434 0.219741 0.696291 0.028266 0.991696 -0.005779 -0.028694 -0.929261 0.000000 
1.300000e-01 1.003095e-01 9.749966e-02 1.339734e-01 1.000000e-01 1.597501e+00 -0.991696 0.011965 0.035434 0.219741 0.696291 0.028266 0.991696 -0.005779 -0.028694 -0.929261 0.000000 
1.300000e-01 1.003095e-01 9.749966e-02 1.339734e-01 1.000000e-01 1.597501e+00 -0.991696 0.011965 0.035434 0.219741 0.696291 0.028266 0.991696 -0.005779 -0.028694 -0.929261 0.000000 
1.300000e-01 1.003095e-01 9.749966e-02 1.339734e-01 1.000000e-01 1.597501e+00 -0.991696 0.011965 0.035434 0.219741 0.696291 0.028266 0.991696 -0.005779 -0.028694 -0.929261 0.000000 
1.300000e-01 1.003095e-01 9.749966e-02 1.339734e-01 1.000000e-01 1.597501e+00 -0.991696 0.011965 0.035434 0.219741 0.696291 0.028266 0.991696 -0.005779 -0.028694 -0.929261 0.000000 
1.300000e-01 1.003095e-01 9.749966e-02 1.339734e-01 1.000000e-01 1.597501e+00 -0.991696 0.011965 0.035434 0.219741 0.696291 0.028266 0.991696 -0.005779 -0.028694 -0.929261 0.000000 
1.300000e-01 1.003095e-01 9.749966e-02 1.339734e-01 1.000000e-01 1.597501e+00 -0.991696 0.011965 0.035434 0.219741 0.696291 0.028266 0.991696 -0.005779 -0.028694 -0.929261 0.000000 
1.300000e-01 1.003095e-01 9.749966e-02 1.339734e-01 1.000000e-01 1.597501e+00 -0.991696 0.011965 0.035434 0.219741 0.696291 0.028266 0.991696 -0.005779 -0.028694 -0.929261 0.000000 
1.300000e-01 1.003095e-01 9.749966e-02 1.339734e-01 1.000000e-01 1.597501e+00 -0.991696 0.011965 0.035434 0.219741 0.696291 0.028266 0.991696 -0.005779 -0.028694 -0.929261 0.000000 
1.300000e-01 1.003095e-01 9.749966e-02 1.339734e-01 1.000000e-01 1.597501e+00 -0.991696 0.011965 0.035434 0.219741 0.696291 0.028266 0.991696 -0.005779 -0.028694 -0.929261 0.000000 
1.300000e-01 1.003095e-01 9.749966e-02 1.339734e-01 1.000000e-01 1.597501e+00 -0.991696 0.011965 0.035434 0.219741 0.696291 0.028266 0.991696 -0.005779 -0.028694 -0.929261 0.000000 
1.300000e-01 1.003095e-01 9.749966e-02 1.339734e-01 1.000000e-01 1.597501e+00 -0.991696 0.011965 0.035434 0.219741 0.696291 0.028266 0.991696 -0.005779 -0.028694 -0.929261 0.000000 
1.300000e-01 1.003095e-01 9.749966e-02 1.339734e-01 1.000000e-01 1.597501e+00 -0.991696 0.011965 0.035434 0.219741 0.696291 0.028266 0.991696 -0.005779 -0.028694 -0.929261 0.000000 
1.300000e-01 1.003095e-01 9.749966e-02 1.339734e-01 1.000000e-01 1.597501e+00 -0.991696 0.011965 0.035434 0.219741 0.696291 0.028266 0.991696 -0.005779 -0.028694 -0.929261 0.000000 
1.300000e-01 1.003095e-01 9.749966e-02 1.339734e-01 1.000000e-01 1.597501e+00 -0.991696 0.011965 0.035434 0.219741 0.696291 0.028266 0.991696 -0.005779 -0.028694 -0.929261 0.000000 
1.300000e-01 1.003095e-01 9.749966e-02 1.339734e-01 1.000000e-01 1.597501e+00 -0.991696 0.011965 0.035434 0.219741 0.696291 0.028266 0.991696 -0.005779 -0.028694 -0.929261 0.000000 
1.300000e-01 1.003095e-01 9.749966e-02 1.339734e-01 1.000000e-01 1.597501e+00 -0.991696 0.011965 0.035434 0.219741 0.696291 0.028266 0.991696 -0.005779 -0.028694 -0.929261 0.000000 
1.300000e-01 1.003095e-01 9.749966e-02 1.339734e-01 1.000000e-01 1.597501e+00 -0.991696 0.011965 0.035434 0.219741 0.696291 0.028266 0.991696 -0.005779 -0.028694 -0.929261 0.000000 
1.300000e-01 1.003095e-01 9.749966e-02 1.339734e-01 1.000000e-01 1.597501e+00 -0.991696 0.011965 0.035434 0.219741 0.696291 0.028266 0.991696 -0.005779 -0.028694 -0.929261 0.000000 
1.300000e-01 1.003095e-01 9.749966e-02 1.339734e-01 1.000000e-01 1.597501e+00 -0.991696 0.011965 0.035434 0.219741 0.696291 0.028266 0.991696 -0.005779 -0.028694 -0.929261 0.000000 
1.300000e-01 1.003095e-01 9.749966e-02 1.339734e-01 1.000000e-01 1.597501e+00 -0.991696 0.011965 0.035434 0.219741 0.696291 0.028266 0.991696 -0.005779 -0.028694 -0.929261 0.000000 
1.300000e-01 1.003095e-01 9.749966e-02 1.339734e-01 1.000000e-01 1.597501e+00 -0.991696 0.011965 0.035434 0.219741 0.696291 0.028266 0.991696 -0.005779 -0.028694 -0.929261 0.000000 
1.300000e-01 1.003095e-01 9.749966e-02 1.339734e-01 1.000000e-01 1.597501e+00 -0.991696 0.011965 0.035434 0.219741 0.696291 0.028266 0.991696 -0.005779 -0.028694 -0.929261 0.000000 
1.300000e-01 1.003095e-01 9.749966e-02 1.339734e-01 1.000000e-01 1.597501e+00 -0.991696 0.011965 0.035434 0.219741 0.696291 0.028266 0.991696 -0.005779 -0.028694 -0.929261 0.000000 
1.300000e-01 1.003095e-01 9.749966e-02 1.339734e-01 1.000000e-01 1.597501e+00 -0.991696 0.011965 0.035434 0.219741 0.696291 0.028266 0.991696 -0.005779 -0.028694 -0.929261 0.000000 
1.300000e-01 1.003095e-01 9.749966e-02 1.339734e-01 1.000000e-01 1.597501e+00 -0.991696 0.011965 0.035434 0.219741 0.696291 0.028266 0.991696 -0.005779 -0.028694 -0.929261 0.000000 
1.300000e-01 1.003095e-01 9.749966e-02 1.339734e-01 1.000000e-01 1.597501e+00 -0.991696 0.011965 0.035434 0.219741 0.696291 0.028266 0.991696 -0.005779 -0.028694 -0.929261 0.000000 
1.300000e-01 1.003095e-01 9.749966e-02 1.339734e-01 1.000000e-01 1.597501e+00 -0.991696 0.011965 0.035434 0.219741 0.696291 0.028266 0.991696 -0.005779 -0.028694 -0.929261 0.000000 
1.300000e-01 1.003095e-01 9.749966e-02 1.339734e-01 1.000000e-01 1.597501e+00 -0.991696 0.011965 0.035434 0.219741 0.696291 0.028266 0.991696 -0.005779 -0.028694 -0.929261 0.000000 
1.300000e-01 1.003095e-01 9.749966e-02 1.339734e-01 1.000000e-01 1.597501e+00 -0.991696 0.011965 0.035434 0.219741 0.696291 0.028266 0.991696 -0.005779 -0.028694 -0.929261 0.000000 
1.300000e-01 1.003095e-01 9.749966e-02 1.339734e-01 1.000000e-01 1.597501e+00 -0.991696 0.011965 0.035434 0.219741 0.696291 0.028266 0.991696 -0.005779 -0.028694 -0.929261 0.000000 
1.300000e-01 1.003095e-01 9.749966e-02 1.339734e-01 1.000000e-01 1.597501e+00 -0.991696 0.011965 0.035434 0.219741 0.696291 0.028266 0.991696 -0.005779 -0.028694 -0.929261 0.000000 
1.300000e-01 1.003095e-01 9.749966e-02 1.339734e-01 1.000000e-01 1.597501e+00 -0.991696 0.011965 0.035434 0.219741 0.696291 0.028266 0.991696 -0.005779 -0.028694 -0.929261 0.000000 
1.300000e-01 1.003095e-01 9.749966e-02 1.339734e-01 1.000000e-01 1.597501e+00 -0.991696 0.011965 0.035434 0.219741 0.696291 0.028266 0.991696 -0.005779 -0.028694 -0.929261 0.000000 
1.300000e-01 1.003095e-01 9.749966e-02 1.339734e-01 1.000000e-01 1.597501e+00 -0.991696 0.011965 0.035434 0.219741 0.696291 0.028266 0.991696 -0.005779 -0.028694 -0.929261 0.000000 
1.300000e-01 1.003095e-01 9.749966e-02 1.339734e-01 1.000000e-01 1.597501e+00 -0.991696 0.011965 0.035434 0.219741 0.696291 0.028266 0.991696 -0.005779 -0.028694 -0.929261 0.000000 
1.300000e-01 1.003095e-01 9.749966e-02 1.339734e-01 1.000000e-01 1.597501e+00 -0.991696 0.011965 0.035434 0.219741 0.696291 0.028266 0.991696 -0.005779 -0.028694 -0.929261 0.000000 
1.300000e-01 1.003095e-01 9.749966e-02 1.339734e-01 1.000000e-01 1.597501e+00 -0.991696 0.011965 0.035434 0.219741 0.696291 0.028266 0.991696 -0.005779 -0.028694 -0.929261 0.000000 
1.300000e-01 1.003095e-01 9.749966e-02 1.339734e-01 1.000000e-01 1.597501e+00 -0.991696 0.011965 0.035434 0.219741 0.696291 0.028266 0.991696 -0.005779 -0.028694 -0.929261 0.000000 
1.300000e-01 1.003095e-01 9.749966e-02 1.339734e-01 1.000000e-01 1.597501e+00 -0.991696 0.011965 0.035434 0.219741 0.696291 0.028266 0.991696 -0.005779 -0.028694 -0.929261 0.000000 
1.300000e-01 1.003095e-01 9.749966e-02 1.339734e-01 1.000000e-01 1.597501e+00 -0.991696 0.011965 0.035434 0.219741 0.696291 0.028266 0.991696 -0.005779 -0.028694 -0.929261 0.000000 
1.300000e-01 1.003095e-01 9.749966e-02 1.339734e-01 1.000000e-01 1.597501e+00 -0.991696 0.011965 0.035434 0.219741 0.696291 0.028266 0.991696 -0.005779 -0.028694 -0.929261 0.000000 
1.300000e-01 1.003095e-01 9.749966e-02 1.339734e-01 1.000000e-01 1.597501e+00 -0.991696 0.011965 0.035434 0.219741 0.696291 0.028266 0.991696 -0.005779 -0.028694 -0.929261 0.000000 
1.300000e-01 1.003095e-01 9.749966e-02 1.339734e-01 1.000000e-01 1.597501e+00 -0.991696 0.011965 0.035434 0.219741 0.696291 0.028266 0.991696 -0.005779 -0.028694 -0.929261 0.000000 
1.300000e-01 1.003095e-01 9.749966e-02 1.339734e-01 1.000000e-01 1.597501e+00 -0.991696 0.011965 0.035434 0.219741 0.696291 0.028266 0.991696 -0.005779 -0.028694 -0.929261 0.000000 
1.300000e-01 1.003095e-01 9.749966e-02 1.339734e-01 1.000000e-01 1.597501e+00 -0.991696 0.011965 0.035434 0.219741 0.696291 0.028266 0.991696 -0.005779 -0.028694 -0.929261 0.000000 
1.300000e-01 1.003095e-01 9.749966e-02 1.339734e-01 1.000000e-01 1.597501e+00 -0.991696 0.011965 0.035434 0.219741 0.696291 0.028266 0.991696 -0.005779 -0.028694 -0.929261 0.000000 
1.300000e-01 1.003095e-01 9.749966e-02 1.339734e-01 1.000000e-01 1.597501e+00 -0.991696 0.011965 0.035434 0.219741 0.696291 0.028266 0.991696 -0.005779 -0.028694 -0.929261 0.000000 
1.300000e-01 1.003095e-01 9.749966e-02 1.339734e-01 1.000000e-01 1.597501e+00 -0.991696 0.011965 0.035434 0.219741 0.696291 0.028266 0.991696 -0.005779 -0.028694 -0.929261 0.000000 
1.300000e-01 1.003095e-01 9.749966e-02 1.339734e-01 1.000000e-01 1.597501e+00 -0.991696 0.011965 0.035434 0.219741 0.696291 0.028266 0.991696 -0.005779 -0.028694 -0.929261 0.000000 
1.300000e-01 1.003095e-01 9.749966e-02 1.339734e-01 1.000000e-01 1.597501e+00 -0.991696 0.011965 0.035434 0.219741 0.696291 0.028266 0.991696 -0.005779 -0.028694 -0.929261 0.000000 
1.300000e-01 1.003095e-01 9.749966e-02 1.339734e-01 1.000000e-01 1.597501e+00 -0.991696 0.011965 0.035434 0.219741 0.696291 0.028266 0.991696 -0.005779 -0.028694 -0.929261 0.000000 
1.300000e-01 1.003095e-01 9.749966e-02 1.339734e-01 1.000000e-01 1.597501e+00 -0.991696 0.011965 0.035434 0.219741 0.696291 0.028266 0.991696 -0.005779 -0.028694 -0.929261 0.000000 
1.300000e-01 1.003095e-01 9.749966e-02 1.339734e-01 1.000000e-01 1.597501e+00 -0.991696 0.011965 0.035434 0.219741 0.696291 0.028266 0.991696 -0.005779 -0.028694 -0.929261 0.000000 
1.300000e-01 1.003095e-01 9.749966e-02 1.339734e-01 1.000000e-01 1.597501e+00 -0.991696 0.011965 0.035434 0.219741 0.696291 0.028266 0.991696 -0.005779 -0.028694 -0.929261 0.000000 
1.300000e-01 1.003095e-01 9.749966e-02 1.339734e-01 1.000000e-01 1.597501e+00 -0.991696 0.011965 0.035434 0.219741 0.696291 0.028266 0.991696 -0.005779 -0.028694 -0.929261 0.000000 
1.300000e-01 1.003095e-01 9.749966e-02 1.339734e-01 1.000000e-01 1.597501e+00 -0.991696 0.011965 0.035434 0.219741 0.696291 0.028266 0.991696 -0.005779 -0.028694 -0.929261 0.000000 
1.300000e-01 1.003095e-01 9.749966e-02 1.339734e-01 1.000000e-01 1.597501e+00 -0.991696 0.011965 0.035434 0.219741 0.696291 0.028266 0.991696 -0.005779 -0.028694 -0.929261 0.000000 
1.300000e-01 1.003095e-01 9.749966e-02 1.339734e-01 1.000000e-01 1.597501e+00 -0.991696 0.011965 0.035434 0.219741 0.696291 0.028266 0.991696 -0.005779 -0.028694 -0.929261 0.000000 
1.300000e-01 1.003095e-01 9.749966e-02 1.339734e-01 1.000000e-01 1.597501e+00 -0.991696 0.011965 0.035434 0.219741 0.696291 0.028266 0.991696 -0.005779 -0.028694 -0.929261 0.000000 
1.300000e-01 1.003095e-01 9.749966e-02 1.339734e-01 1.000000e-01 1.597501e+00 -0.991696 0.011965 0.035434 0.219741 0.696291 0.028266 0.991696 -0.005779 -0.028694 -0.929261 0.000000 
1.300000e-01 1.003095e-01 9.749966e-02 1.339734e-01 1.000000e-01 1.597501e+00 -0.991696 0.011965 0.035434 0.219741 0.696291 0.028266 0.991696 -0.005779 -0.028694 -0.929261 0.000000 
1.300000e-01 1.003095e-01 9.749966e-02 1.339734e-01 1.000000e-01 1.597501e+00 -0.991696 0.011965 0.035434 0.219741 0.696291 0.028266 0.991696 -0.005779 -0.028694 -0.929261 0.000000 
1.300000e-01 1.003095e-01 9.749966e-02 1.339734e-01 1.000000e-01 1.597501e+00 -0.991696 0.011965 0.035434 0.219741 0.696291 0.028266 0.991696 -0.005779 -0.028694 -0.929261 0.000000 
1.300000e-01 1.003095e-01 9.749966e-02 1.339734e-01 1.000000e-01 1.597501e+00 -0.991696 0.011965 0.035434 0.219741 0.696291 0.028266 0.991696 -0.005779 -0.028694 -0.929261 0.000000 
1.300000e-01 1.003095e-01 9.749966e-02 1.339734e-01 1.000000e-01 1.597501e+00 -0.991696 0.011965 0.035434 0.219741 0.696291 0.028266 0.991696 -0.005779 -0.028694 -0.929261 0.000000 
1.300000e-01 1.003095e-01 9.749966e-02 1.339734e-01 1.000000e-01 1.597501e+00 -0.991696 0.011965 0.035434 0.219741 0.696291 0.028266 0.991696 -0.005779 -0.028694 -0.929261 0.000000 
1.300000e-01 1.003095e-01 9.749966e-02 1.339734e-01 1.000000e-01 1.597501e+00 -0.991696 0.011965 0.035434 0.219741 0.696291 0.028266 0.991696 -0.005779 -0.028694 -0.929261 0.000000 
1.300000e-01 1.003095e-01 9.749966e-02 1.339734e-01 1.000000e-01 1.597501e+00 -0.991696 0.011965 0.035434 0.219741 0.696291 0.028266 0.991696 -0.005779 -0.028694 -0.929261 0.000000 
1.300000e-01 1.003095e-01 9.749966e-02 1.339734e-01 1.000000e-01 1.597501e+00 -0.991696 0.011965 0.035434 0.219741 0.696291 0.028266 0.991696 -0.005779 -0.028694 -0.929261 0.000000 
1.300000e-01 1.003095e-01 9.749966e-02 1.339734e-01 1.000000e-01 1.597501e+00 -0.991696 0.011965 0.035434 0.219741 0.696291 0.028266 0.991696 -0.005779 -0.028694 -0.929261 0.000000 
1.300000e-01 1.003095e-01 9.749966e-02 1.339734e-01 1.000000e-01 1.597501e+00 -0.991696 0.011965 0.035434 0.219741 0.696291 0.028266 0.991696 -0.005779 -0.028694 -0.929261 0.000000 
1.300000e-01 1.003095e-01 9.749966e-02 1.339734e-01 1.000000e-01 1.597501e+00 -0.991696 0.011965 0.035434 0.219741 0.696291 0.028266 0.991696 -0.005779 -0.028694 -0.929261 0.000000 
1.300000e-01 1.003095e-01 9.749966e-02 1.339734e-01 1.000000e-01 1.597501e+00 -0.991696 0.011965 0.035434 0.219741 0.696291 0.028266 0.991696 -0.005779 -0.028694 -0.929261 0.000000 
1.300000e-01 1.003095e-01 9.749966e-02 1.339734e-01 1.000000e-01 1.597501e+00 -0.991696 0.011965 0.035434 0.219741 0.696291 0.028266 0.991696 -0.005779 -0.028694 -0.929261 0.000000 
1.300000e-01 1.003095e-01 9.749966e-02 1.339734e-01 1.000000e-01 1.597501e+00 -0.991696 0.011965 0.035434 0.219741 0.696291 0.028266 0.991696 -0.005779 -0.028694 -0.929261 0.000000 
1.300000e-01 1.003095e-01 9.749966e-02 1.339734e-01 1.000000e-01 1.597501e+00 -0.991696 0.011965 0.035434 0.219741 0.696291 0.028266 0.991696 -0.005779 -0.028694 -0.929261 0.000000 
1.300000e-01 1.003095e-01 9.749966e-02 1.339734e-01 1.000000e-01 1.597501e+00 -0.991696 0.011965 0.035434 0.219741 0.696291 0.028266 0.991696 -0.005779 -0.028694 -0.929261 0.000000 
1.300000e-01 1.003095e-01 9.749966e-02 1.339734e-01 1.000000e-01 1.597501e+00 -0.991696 0.011965 0.035434 0.219741 0.696291 0.028266 0.991696 -0.005779 -0.028694 -0.929261 0.000000 
1.300000e-01 1.003095e-01 9.749966e-02 1.339734e-01 1.000000e-01 1.597501e+00 -0.991696 0.011965 0.035434 0.219741 0.696291 0.028266 0.991696 -0.005779 -0.028694 -0.929261 0.000000 
1.300000e-01 1.003095e-01 9.749966e-02 1.339734e-01 1.000000e-01 1.597501e+00 -0.991696 0.011965 0.035434 0.219741 0.696291 0.028266 0.991696 -0.005779 -0.028694 -0.929261 0.000000 
1.300000e-01 1.003095e-01 9.749966e-02 1.339734e-01 1.000000e-01 1.597501e+00 -0.991696 0.011965 0.035434 0.219741 0.696291 0.028266 0.991696 -0.005779 -0.028694 -0.929261 0.000000 
1.300000e-01 1.003095e-01 9.749966e-02 1.339734e-01 1.000000e-01 1.597501e+00 -0.991696 0.011965 0.035434 0.219741 0.696291 0.028266 0.991696 -0.005779 -0.028694 -0.929261 0.000000 
1.300000e-01 1.003095e-01 9.749966e-02 1.339734e-01 1.000000e-01 1.597501e+00 -0.991696 0.011965 0.035434 0.219741 0.696291 0.028266 0.991696 -0.005779 -0.028694 -0.929261 0.000000 
1.300000e-01 1.003095e-01 9.749966e-02 1.339734e-01 1.000000e-01 1.597501e+00 -0.991696 0.011965 0.035434 0.219741 0.696291 0.028266 0.991696 -0.005779 -0.028694 -0.929261 0.000000 
1.300000e-01 1.003095e-01 9.749966e-02 1.339734e-01 1.000000e-01 1.597501e+00 -0.991696 0.011965 0.035434 0.219741 0.696291 0.028266 0.991696 -0.005779 -0.028694 -0.929261 0.000000 
1.300000e-01 1.003095e-01 9.749966e-02 1.339734e-01 1.000000e-01 1.597501e+00 -0.991696 0.011965 0.035434 0.219741 0.696291 0.028266 0.991696 -0.005779 -0.028694 -0.929261 0.000000 
