# TeX TeY TeZ ThX ThY THZ P1 P2
1.050000e-01 1.000000e-01 7.000000e-01 1.050000e-01 1.000000e-01 7.000000e-01 0.000000 0.000000 0.000000 0.000000 0.000000 0.000000 0.000000 0.000000 0.000000 0.000000 0.000000 
1.050000e-01 1.000000e-01 6.879866e-01 1.050000e-01 1.000000e-01 7.086275e-01 -0.013637 0.001750 0.003501 0.003504 0.003524 0.001358 0.013637 -0.001750 -0.003501 -0.003504 0.000000 
1.050000e-01 9.999999e-02 6.759339e-01 1.050000e-01 1.000000e-01 7.172431e-01 -0.027292 0.003503 0.007007 0.007013 0.007052 0.002718 0.027292 -0.003503 -0.007007 -0.007013 0.000000 
1.050000e-01 9.999999e-02 6.638423e-01 1.050000e-01 1.000000e-01 7.258467e-01 -0.040965 0.005258 0.010517 0.010527 0.010585 0.004079 0.040965 -0.005258 -0.010517 -0.010527 0.000000 
1.050000e-01 9.999998e-02 6.517122e-01 1.050000e-01 1.000000e-01 7.344381e-01 -0.054655 0.007015 0.014032 0.014045 0.014122 0.005442 0.054655 -0.007015 -0.014032 -0.014045 0.000000 
1.050000e-01 9.999997e-02 6.395438e-01 1.050000e-01 1.000000e-01 7.430173e-01 -0.068363 0.008774 0.017551 0.017567 0.017664 0.006807 0.068363 -0.008774 -0.017551 -0.017567 0.000000 
1.050000e-01 9.999997e-02 6.273376e-01 1.050000e-01 1.000000e-01 7.515842e-01 -0.082087 0.010535 0.021075 0.021094 0.021210 0.008174 0.082087 -0.010535 -0.021075 -0.021094 0.000000 
1.050000e-01 9.999996e-02 6.150937e-01 1.050000e-01 1.000000e-01 7.601386e-01 -0.095828 0.012299 0.024602 0.024625 0.024760 0.009542 0.095828 -0.012299 -0.024602 -0.024625 0.000000 
1.050000e-01 9.999994e-02 6.028126e-01 1.050000e-01 1.000000e-01 7.686805e-01 -0.109585 0.014064 0.028134 0.028160 0.028315 0.010912 0.109585 -0.014064 -0.028134 -0.028160 0.000000 
1.050000e-01 9.999993e-02 5.904945e-01 1.050000e-01 1.000000e-01 7.772096e-01 -0.123359 0.015832 0.031670 0.031700 0.031874 0.012283 0.123359 -0.015832 -0.031670 -0.031700 0.000000 
1.050000e-01 9.999991e-02 5.781397e-01 1.050000e-01 1.000000e-01 7.857260e-01 -0.137148 0.017602 0.035211 0.035243 0.035436 0.013656 0.137148 -0.017602 -0.035210 -0.035243 0.000000 
1.050000e-01 9.999989e-02 5.657487e-01 1.050000e-01 1.000000e-01 7.942294e-01 -0.150952 0.019374 0.038755 0.038791 0.039003 0.015031 0.150952 -0.019374 -0.038755 -0.038791 0.000000 
1.050000e-01 9.999986e-02 5.533215e-01 1.050000e-01 1.000000e-01 8.027198e-01 -0.164772 0.021147 0.042303 0.042342 0.042574 0.016407 0.164772 -0.021147 -0.042303 -0.042342 0.000000 
1.050000e-01 9.999983e-02 5.408587e-01 1.050000e-01 1.000000e-01 8.111970e-01 -0.178607 0.022923 0.045854 0.045897 0.046149 0.017784 0.178607 -0.022923 -0.045854 -0.045897 0.000000 
1.050000e-01 9.999979e-02 5.283604e-01 1.050000e-01 1.000000e-01 8.196609e-01 -0.192456 0.024700 0.049410 0.049456 0.049727 0.019163 0.192456 -0.024700 -0.049410 -0.049456 0.000000 
1.050000e-01 9.999974e-02 5.158270e-01 1.050000e-01 1.000000e-01 8.281114e-01 -0.206320 0.026480 0.052969 0.053018 0.053309 0.020544 0.206320 -0.026479 -0.052969 -0.053019 0.000000 
1.050000e-01 9.999968e-02 5.032587e-01 1.050000e-01 1.000000e-01 8.365483e-01 -0.220197 0.028261 0.056532 0.056585 0.056895 0.021925 0.220197 -0.028260 -0.056532 -0.056585 0.000000 
1.050000e-01 9.999961e-02 4.906558e-01 1.050000e-01 1.000000e-01 8.449716e-01 -0.234089 0.030044 0.060099 0.060154 0.060484 0.023309 0.234089 -0.030043 -0.060099 -0.060155 0.000000 
1.050000e-01 9.999952e-02 4.780187e-01 1.050000e-01 1.000000e-01 8.533811e-01 -0.247994 0.031828 0.063668 0.063728 0.064077 0.024693 0.247994 -0.031827 -0.063668 -0.063729 0.000000 
1.050000e-01 9.999941e-02 4.653475e-01 1.050000e-01 1.000000e-01 8.617766e-01 -0.261912 0.033614 0.067242 0.067304 0.067673 0.026079 0.261912 -0.033613 -0.067242 -0.067307 0.000000 
1.050000e-01 9.999928e-02 4.526427e-01 1.050000e-01 1.000000e-01 8.701580e-01 -0.275843 0.035402 0.070818 0.070884 0.071273 0.027466 0.275844 -0.035400 -0.070819 -0.070888 0.000000 
1.050000e-01 9.999912e-02 4.399043e-01 1.050000e-01 1.000000e-01 8.785252e-01 -0.289787 0.037192 0.074398 0.074467 0.074876 0.028855 0.289788 -0.037189 -0.074398 -0.074474 0.000000 
1.050000e-01 9.999893e-02 4.271328e-01 1.050000e-01 1.000000e-01 8.868781e-01 -0.303744 0.038983 0.077981 0.078054 0.078482 0.030244 0.303744 -0.038978 -0.077982 -0.078063 0.000000 
1.050000e-01 9.999869e-02 4.143284e-01 1.050000e-01 1.000000e-01 8.952165e-01 -0.317712 0.040776 0.081567 0.081643 0.082091 0.031635 0.317713 -0.040769 -0.081568 -0.081658 0.000000 
1.050000e-01 9.999840e-02 4.014914e-01 1.050000e-01 1.000000e-01 9.035402e-01 -0.331693 0.042570 0.085157 0.085236 0.085703 0.033027 0.331693 -0.042559 -0.085158 -0.085258 0.000000 
1.050000e-01 9.999805e-02 3.886219e-01 1.050000e-01 1.000000e-01 9.118492e-01 -0.345685 0.044366 0.088749 0.088832 0.089319 0.034421 0.345685 -0.044349 -0.088750 -0.088864 0.000000 
1.050000e-01 9.999762e-02 3.757204e-01 1.050000e-01 1.000000e-01 9.201432e-01 -0.359688 0.046163 0.092344 0.092430 0.092937 0.035815 0.359689 -0.046138 -0.092346 -0.092480 0.000000 
1.050000e-01 9.999709e-02 3.627870e-01 1.050000e-01 1.000000e-01 9.284222e-01 -0.373703 0.047962 0.095942 0.096031 0.096558 0.037210 0.373703 -0.047924 -0.095945 -0.096107 0.000000 
1.050000e-01 9.999645e-02 3.498219e-01 1.050000e-01 1.000000e-01 9.366859e-01 -0.387728 0.049762 0.099543 0.099636 0.100182 0.038607 0.387729 -0.049704 -0.099548 -0.099751 0.000000 
1.050000e-01 9.999566e-02 3.368255e-01 1.050000e-01 1.000000e-01 9.449342e-01 -0.401764 0.051563 0.103146 0.103242 0.103809 0.040005 0.401765 -0.051475 -0.103154 -0.103418 0.000000 
1.050000e-01 9.999470e-02 3.237980e-01 1.050000e-01 1.000000e-01 9.531670e-01 -0.415811 0.053366 0.106752 0.106852 0.107438 0.041403 0.415811 -0.053232 -0.106764 -0.107118 0.000000 
1.050000e-01 9.999352e-02 3.107396e-01 1.050000e-01 1.000000e-01 9.613841e-01 -0.429867 0.055170 0.110361 0.110464 0.111070 0.042803 0.429867 -0.054967 -0.110378 -0.110869 0.000000 
1.050000e-01 9.999207e-02 2.976506e-01 1.050000e-01 1.000000e-01 9.695854e-01 -0.443933 0.056975 0.113972 0.114079 0.114705 0.044204 0.443933 -0.056665 -0.113998 -0.114697 0.000000 
1.050000e-01 9.999030e-02 2.845311e-01 1.050000e-01 1.000000e-01 9.777706e-01 -0.458009 0.058781 0.117586 0.117696 0.118342 0.045605 0.458009 -0.058310 -0.117624 -0.118638 0.000000 
1.050000e-01 9.998813e-02 2.713815e-01 1.050000e-01 1.000000e-01 9.859397e-01 -0.472094 0.060589 0.121201 0.121315 0.121981 0.047008 0.472094 -0.059870 -0.121259 -0.122757 0.000000 
1.050000e-01 9.998548e-02 2.582019e-01 1.050000e-01 1.000000e-01 9.940924e-01 -0.486188 0.062398 0.124820 0.124937 0.125623 0.048411 0.486188 -0.061299 -0.124904 -0.127143 0.000000 
1.050000e-01 9.998225e-02 2.449926e-01 1.050000e-01 1.000000e-01 1.002229e+00 -0.500291 0.064208 0.128440 0.128561 0.129267 0.049816 0.500291 -0.062536 -0.128561 -0.131932 0.000000 
1.050000e-01 9.997832e-02 2.317537e-01 1.050000e-01 1.000000e-01 1.010348e+00 -0.514403 0.066019 0.132063 0.132187 0.132914 0.051221 0.514403 -0.063461 -0.132232 -0.137378 0.000000 
1.050000e-01 9.997358e-02 2.184854e-01 1.050000e-01 1.000000e-01 1.018451e+00 -0.528523 0.067831 0.135688 0.135816 0.136563 0.052627 0.528523 -0.063930 -0.135909 -0.143804 0.000000 
1.050000e-01 9.996789e-02 2.051879e-01 1.050000e-01 1.000000e-01 1.026536e+00 -0.542652 0.069644 0.139315 0.139447 0.140214 0.054034 0.542652 -0.063716 -0.139568 -0.151755 0.000000 
1.050000e-01 9.996118e-02 1.918612e-01 1.050000e-01 1.000000e-01 1.034605e+00 -0.556790 0.071458 0.142944 0.143080 0.143867 0.055442 0.556790 -0.062434 -0.143125 -0.162233 0.000000 
1.050000e-01 9.995343e-02 1.785054e-01 1.050000e-01 1.000000e-01 1.042656e+00 -0.570936 0.073273 0.146576 0.146715 0.147523 0.056851 0.570937 -0.059636 -0.146372 -0.176638 0.000000 
1.050000e-01 9.994489e-02 1.651204e-01 1.050000e-01 1.000000e-01 1.050689e+00 -0.585093 0.075090 0.150210 0.150353 0.151181 0.058261 0.585093 -0.054668 -0.148784 -0.197442 0.000000 
1.050000e-01 9.993666e-02 1.517052e-01 1.050000e-01 1.000000e-01 1.058704e+00 -0.599263 0.076908 0.153847 0.153994 0.154843 0.059672 0.599263 -0.046551 -0.148895 -0.229693 0.000000 
1.050000e-01 9.993318e-02 1.382550e-01 1.050000e-01 1.000000e-01 1.066702e+00 -0.613461 0.078730 0.157492 0.157643 0.158512 0.061086 0.613462 -0.034436 -0.143338 -0.281783 0.000000 
1.050000e-01 9.995416e-02 1.247455e-01 1.050000e-01 1.000000e-01 1.074682e+00 -0.627760 0.080565 0.161162 0.161318 0.162207 0.062510 0.627761 -0.017382 -0.123892 -0.371077 0.000000 
1.050000e-01 1.000724e-01 1.110697e-01 1.050000e-01 1.000000e-01 1.082643e+00 -0.642526 0.082459 0.164952 0.165112 0.166023 0.063981 0.642526 0.006023 -0.068264 -0.539666 0.000000 
1.050000e-01 1.003097e-01 9.749441e-02 1.050000e-01 1.000000e-01 1.090585e+00 -0.658469 0.084505 0.169045 0.169209 0.170144 0.065569 0.658470 0.037003 0.056922 -0.843775 0.000000 
1.050000e-01 1.003097e-01 9.749441e-02 1.050000e-01 1.000000e-01 1.098509e+00 -0.663704 0.085176 0.170388 0.170554 0.171497 0.066091 0.663705 0.036331 0.055578 -0.845121 0.000000 
1.050000e-01 1.003097e-01 9.749441e-02 1.050000e-01 1.000000e-01 1.106414e+00 -0.668927 0.085845 0.171727 0.171896 0.172848 0.066611 0.668927 0.035661 0.054237 -0.846463 0.000000 
1.050000e-01 1.003097e-01 9.749441e-02 1.050000e-01 1.000000e-01 1.114299e+00 -0.674137 0.086513 0.173064 0.173235 0.174195 0.067131 0.674137 0.034992 0.052900 -0.847801 0.000000 
1.050000e-01 1.003097e-01 9.749441e-02 1.050000e-01 1.000000e-01 1.122166e+00 -0.679334 0.087179 0.174396 0.174571 0.175540 0.067649 0.679334 0.034325 0.051565 -0.849137 0.000000 
1.050000e-01 1.003097e-01 9.749441e-02 1.050000e-01 1.000000e-01 1.130012e+00 -0.684518 0.087843 0.175726 0.175903 0.176881 0.068166 0.684518 0.033660 0.050234 -0.850469 0.000000 
1.050000e-01 1.003097e-01 9.749441e-02 1.050000e-01 1.000000e-01 1.137839e+00 -0.689689 0.088506 0.177052 0.177232 0.178219 0.068682 0.689689 0.032996 0.048907 -0.851798 0.000000 
1.050000e-01 1.003097e-01 9.749441e-02 1.049999e-01 1.000000e-01 1.145646e+00 -0.694847 0.089166 0.178374 0.178558 0.179554 0.069197 0.694847 0.032334 0.047583 -0.853123 0.000000 
1.050000e-01 1.003097e-01 9.749441e-02 1.049999e-01 1.000000e-01 1.153432e+00 -0.699991 0.089825 0.179692 0.179880 0.180886 0.069710 0.699991 0.031674 0.046262 -0.854445 0.000000 
1.050000e-01 1.003097e-01 9.749441e-02 1.049999e-01 1.000000e-01 1.161198e+00 -0.705122 0.090481 0.181007 0.181199 0.182214 0.070223 0.705122 0.031016 0.044945 -0.855764 0.000000 
1.050000e-01 1.003097e-01 9.749441e-02 1.049999e-01 1.000000e-01 1.168943e+00 -0.710239 0.091136 0.182317 0.182514 0.183540 0.070734 0.710239 0.030359 0.043631 -0.857079 0.000000 
1.050000e-01 1.003097e-01 9.749441e-02 1.049999e-01 1.000000e-01 1.176668e+00 -0.715342 0.091788 0.183624 0.183825 0.184862 0.071244 0.715343 0.029704 0.042321 -0.858390 0.000000 
1.050000e-01 1.003097e-01 9.749441e-02 1.049999e-01 1.000000e-01 1.184371e+00 -0.720431 0.092438 0.184927 0.185134 0.186181 0.071753 0.720432 0.029051 0.041014 -0.859698 0.000000 
1.050000e-01 1.003097e-01 9.749441e-02 1.049999e-01 1.000000e-01 1.192052e+00 -0.725506 0.093087 0.186226 0.186438 0.187497 0.072260 0.725507 0.028399 0.039711 -0.861002 0.000000 
1.050000e-01 1.003097e-01 9.749441e-02 1.049999e-01 1.000000e-01 1.199712e+00 -0.730567 0.093733 0.187520 0.187739 0.188810 0.072767 0.730568 0.027750 0.038412 -0.862302 0.000000 
1.050000e-01 1.003097e-01 9.749441e-02 1.049999e-01 1.000000e-01 1.207350e+00 -0.735613 0.094376 0.188810 0.189037 0.190120 0.073272 0.735614 0.027102 0.037117 -0.863599 0.000000 
1.050000e-01 1.003097e-01 9.749441e-02 1.049998e-01 1.000000e-01 1.214966e+00 -0.740645 0.095017 0.190096 0.190330 0.191426 0.073777 0.740645 0.026457 0.035825 -0.864892 0.000000 
1.050000e-01 1.003097e-01 9.749441e-02 1.049998e-01 1.000000e-01 1.222559e+00 -0.745661 0.095656 0.191377 0.191620 0.192730 0.074280 0.745662 0.025813 0.034537 -0.866181 0.000000 
1.050000e-01 1.003097e-01 9.749441e-02 1.049998e-01 1.000000e-01 1.230129e+00 -0.750663 0.096292 0.192653 0.192907 0.194031 0.074782 0.750664 0.025171 0.033253 -0.867467 0.000000 
1.050000e-01 1.003097e-01 9.749441e-02 1.049998e-01 1.000000e-01 1.237677e+00 -0.755650 0.096925 0.193925 0.194189 0.195329 0.075283 0.755650 0.024531 0.031973 -0.868748 0.000000 
1.050000e-01 1.003097e-01 9.749441e-02 1.049997e-01 1.000000e-01 1.245201e+00 -0.760621 0.097555 0.195191 0.195468 0.196624 0.075783 0.760621 0.023893 0.030696 -0.870025 0.000000 
1.050000e-01 1.003097e-01 9.749441e-02 1.049997e-01 1.000000e-01 1.252702e+00 -0.765576 0.098183 0.196452 0.196744 0.197916 0.076283 0.765577 0.023257 0.029424 -0.871299 0.000000 
1.050000e-01 1.003097e-01 9.749441e-02 1.049997e-01 1.000000e-01 1.260178e+00 -0.770516 0.098807 0.197708 0.198015 0.199206 0.076781 0.770516 0.022623 0.028156 -0.872568 0.000000 
1.050000e-01 1.003097e-01 9.749441e-02 1.049996e-01 1.000000e-01 1.267631e+00 -0.775440 0.099428 0.198958 0.199284 0.200493 0.077278 0.775440 0.021991 0.026892 -0.873833 0.000000 
1.050000e-01 1.003097e-01 9.749441e-02 1.049996e-01 1.000000e-01 1.275059e+00 -0.780347 0.100045 0.200202 0.200548 0.201778 0.077775 0.780348 0.021361 0.025632 -0.875095 0.000000 
1.050000e-01 1.003097e-01 9.749441e-02 1.049995e-01 1.000000e-01 1.282463e+00 -0.785239 0.100658 0.201440 0.201810 0.203061 0.078271 0.785239 0.020733 0.024376 -0.876352 0.000000 
1.050000e-01 1.003097e-01 9.749441e-02 1.049994e-01 1.000000e-01 1.289841e+00 -0.790114 0.101267 0.202672 0.203067 0.204342 0.078766 0.790114 0.020108 0.023124 -0.877604 0.000000 
1.050000e-01 1.003097e-01 9.749441e-02 1.049994e-01 1.000000e-01 1.297195e+00 -0.794972 0.101872 0.203897 0.204322 0.205621 0.079260 0.794972 0.019484 0.021877 -0.878853 0.000000 
1.050000e-01 1.003097e-01 9.749441e-02 1.049993e-01 1.000000e-01 1.304522e+00 -0.799813 0.102472 0.205115 0.205574 0.206899 0.079754 0.799813 0.018863 0.020634 -0.880097 0.000000 
1.050000e-01 1.003097e-01 9.749441e-02 1.049992e-01 1.000000e-01 1.311824e+00 -0.804637 0.103067 0.206326 0.206824 0.208175 0.080247 0.804637 0.018244 0.019396 -0.881336 0.000000 
1.050000e-01 1.003097e-01 9.749441e-02 1.049990e-01 1.000000e-01 1.319099e+00 -0.809444 0.103656 0.207529 0.208071 0.209450 0.080739 0.809444 0.017627 0.018162 -0.882572 0.000000 
1.050000e-01 1.003097e-01 9.749441e-02 1.049989e-01 1.000000e-01 1.326348e+00 -0.814233 0.104238 0.208723 0.209317 0.210724 0.081231 0.814233 0.017012 0.016932 -0.883802 0.000000 
1.050000e-01 1.003097e-01 9.749441e-02 1.049988e-01 1.000000e-01 1.333570e+00 -0.819004 0.104814 0.209909 0.210562 0.211998 0.081721 0.819004 0.016400 0.015707 -0.885028 0.000000 
1.050000e-01 1.003097e-01 9.749441e-02 1.049986e-01 1.000000e-01 1.340765e+00 -0.823757 0.105382 0.211086 0.211807 0.213272 0.082211 0.823758 0.015790 0.014487 -0.886250 0.000000 
1.050000e-01 1.003097e-01 9.749441e-02 1.049984e-01 1.000000e-01 1.347932e+00 -0.828493 0.105941 0.212253 0.213052 0.214547 0.082700 0.828493 0.015182 0.013271 -0.887467 0.000000 
1.050000e-01 1.003097e-01 9.749441e-02 1.049982e-01 1.000000e-01 1.355071e+00 -0.833209 0.106491 0.213410 0.214299 0.215821 0.083188 0.833210 0.014577 0.012060 -0.888679 0.000000 
1.050000e-01 1.003097e-01 9.749441e-02 1.049979e-01 1.000000e-01 1.362182e+00 -0.837907 0.107028 0.214556 0.215551 0.217098 0.083675 0.837907 0.013974 0.010854 -0.889886 0.000000 
1.050000e-01 1.003097e-01 9.749441e-02 1.049977e-01 1.000000e-01 1.369264e+00 -0.842586 0.107554 0.215690 0.216808 0.218375 0.084159 0.842587 0.013373 0.009653 -0.891088 0.000000 
1.050000e-01 1.003097e-01 9.749441e-02 1.049974e-01 1.000000e-01 1.376317e+00 -0.847246 0.108065 0.216812 0.218073 0.219656 0.084641 0.847246 0.012775 0.008456 -0.892286 0.000000 
1.050000e-01 1.003097e-01 9.749441e-02 1.049970e-01 1.000000e-01 1.383341e+00 -0.851887 0.108560 0.217920 0.219350 0.220939 0.085119 0.851887 0.012179 0.007265 -0.893478 0.000000 
1.050000e-01 1.003097e-01 9.749441e-02 1.049966e-01 1.000000e-01 1.390335e+00 -0.856507 0.109036 0.219014 0.220641 0.222224 0.085594 0.856508 0.011586 0.006079 -0.894666 0.000000 
1.050000e-01 1.003097e-01 9.749441e-02 1.049961e-01 1.000000e-01 1.397299e+00 -0.861108 0.109488 0.220091 0.221954 0.223515 0.086062 0.861109 0.010996 0.004898 -0.895848 0.000000 
1.050000e-01 1.003097e-01 9.749441e-02 1.049956e-01 1.000000e-01 1.404232e+00 -0.865689 0.109915 0.221154 0.223290 0.224808 0.086523 0.865689 0.010408 0.003722 -0.897025 0.000000 
1.050000e-01 1.003097e-01 9.749441e-02 1.049950e-01 1.000000e-01 1.411135e+00 -0.870249 0.110312 0.222197 0.224660 0.226107 0.086974 0.870250 0.009823 0.002551 -0.898197 0.000000 
1.050000e-01 1.003097e-01 9.749441e-02 1.049944e-01 1.000000e-01 1.418006e+00 -0.874789 0.110672 0.223221 0.226073 0.227412 0.087412 0.874789 0.009240 0.001385 -0.899363 0.000000 
1.050000e-01 1.003097e-01 9.749441e-02 1.049936e-01 1.000000e-01 1.424845e+00 -0.879308 0.110993 0.224226 0.227534 0.228720 0.087836 0.879308 0.008660 0.000225 -0.900525 0.000000 
1.050000e-01 1.003097e-01 9.749441e-02 1.049928e-01 1.000000e-01 1.431653e+00 -0.883805 0.111260 0.225205 0.229069 0.230036 0.088236 0.883805 0.008083 -0.000930 -0.901680 0.000000 
1.050000e-01 1.003097e-01 9.749441e-02 1.049918e-01 1.000000e-01 1.438427e+00 -0.888281 0.111471 0.226161 0.230683 0.231356 0.088612 0.888281 0.007508 -0.002079 -0.902831 0.000000 
1.050000e-01 1.003097e-01 9.749441e-02 1.049908e-01 1.000000e-01 1.445169e+00 -0.892736 0.111616 0.227089 0.232394 0.232681 0.088955 0.892736 0.006937 -0.003222 -0.903975 0.000000 
1.050000e-01 1.003097e-01 9.749441e-02 1.049896e-01 1.000000e-01 1.451877e+00 -0.897168 0.111671 0.227984 0.234250 0.234011 0.089253 0.897168 0.006368 -0.004360 -0.905114 0.000000 
1.050000e-01 1.003097e-01 9.749441e-02 1.049882e-01 1.000000e-01 1.458552e+00 -0.901578 0.111634 0.228846 0.236256 0.235343 0.089500 0.901578 0.005802 -0.005492 -0.906247 0.000000 
1.050000e-01 1.003097e-01 9.749441e-02 1.049867e-01 1.000000e-01 1.465192e+00 -0.905965 0.111488 0.229669 0.238451 0.236675 0.089683 0.905965 0.005239 -0.006619 -0.907375 0.000000 
1.050000e-01 1.003097e-01 9.749441e-02 1.049850e-01 1.000000e-01 1.471798e+00 -0.910330 0.111191 0.230441 0.240919 0.238003 0.089776 0.910330 0.004679 -0.007739 -0.908496 0.000000 
1.050000e-01 1.003097e-01 9.749441e-02 1.049831e-01 1.000000e-01 1.478368e+00 -0.914671 0.110742 0.231159 0.243677 0.239322 0.089772 0.914671 0.004121 -0.008854 -0.909612 0.000000 
1.050000e-01 1.003097e-01 9.749441e-02 1.049810e-01 1.000000e-01 1.484903e+00 -0.918989 0.110116 0.231814 0.246786 0.240624 0.089649 0.918989 0.003567 -0.009962 -0.910722 0.000000 
1.050000e-01 1.003097e-01 9.749441e-02 1.049786e-01 1.000000e-01 1.491402e+00 -0.923283 0.109240 0.232375 0.250419 0.241895 0.089355 0.923283 0.003016 -0.011065 -0.911825 0.000000 
1.050000e-01 1.003097e-01 9.749441e-02 1.049761e-01 1.000000e-01 1.497864e+00 -0.927554 0.108111 0.232832 0.254614 0.243119 0.088878 0.927554 0.002468 -0.012161 -0.912923 0.000000 
1.050000e-01 1.003097e-01 9.749441e-02 1.049732e-01 1.000000e-01 1.504288e+00 -0.931799 0.106692 0.233157 0.259490 0.244275 0.088185 0.931799 0.001923 -0.013251 -0.914013 0.000000 
1.050000e-01 1.003097e-01 9.749441e-02 1.049700e-01 1.000000e-01 1.510672e+00 -0.936019 0.104907 0.233291 0.265292 0.245320 0.087209 0.936019 0.001382 -0.014334 -0.915098 0.000000 
1.050000e-01 1.003097e-01 9.749441e-02 1.049666e-01 1.000000e-01 1.517017e+00 -0.940212 0.102694 0.233166 0.272267 0.246195 0.085891 0.940212 0.000843 -0.015411 -0.916175 0.000000 
1.050000e-01 1.003097e-01 9.749441e-02 1.049628e-01 1.000000e-01 1.523321e+00 -0.944380 0.100032 0.232715 0.280592 0.246840 0.084202 0.944380 0.000309 -0.016481 -0.917246 0.000000 
1.050000e-01 1.003097e-01 9.749441e-02 1.049587e-01 1.000000e-01 1.529585e+00 -0.948521 0.096864 0.231827 0.290593 0.247154 0.082082 0.948521 -0.000223 -0.017544 -0.918310 0.000000 
1.050000e-01 1.003097e-01 9.749441e-02 1.049543e-01 1.000000e-01 1.535807e+00 -0.952635 0.093061 0.230256 0.302989 0.246925 0.079405 0.952635 -0.000751 -0.018601 -0.919368 0.000000 
1.050000e-01 1.003097e-01 9.749441e-02 1.049493e-01 1.000000e-01 1.541987e+00 -0.956724 0.088586 0.227767 0.318330 0.245921 0.076120 0.956724 -0.001276 -0.019650 -0.920419 0.000000 
1.050000e-01 1.003097e-01 9.749441e-02 1.049435e-01 1.000000e-01 1.548126e+00 -0.960788 0.083416 0.224069 0.337268 0.243846 0.072190 0.960788 -0.001797 -0.020694 -0.921463 0.000000 
1.050000e-01 1.003097e-01 9.749441e-02 1.049362e-01 1.000000e-01 1.554223e+00 -0.964830 0.077500 0.218714 0.360833 0.240235 0.067549 0.964830 -0.002316 -0.021731 -0.922501 0.000000 
1.050000e-01 1.003097e-01 9.749441e-02 1.049261e-01 1.000000e-01 1.560282e+00 -0.968855 0.070758 0.210966 0.390739 0.234289 0.062103 0.968855 -0.002833 -0.022765 -0.923536 0.000000 
1.050000e-01 1.003097e-01 9.749441e-02 1.049103e-01 1.000000e-01 1.566305e+00 -0.972878 0.063085 0.199602 0.429855 0.224605 0.055732 0.972878 -0.003349 -0.023798 -0.924570 0.000000 
1.050000e-01 1.003097e-01 9.749441e-02 1.048832e-01 1.000000e-01 1.572303e+00 -0.976924 0.054520 0.183677 0.480385 0.209878 0.048464 0.976924 -0.003868 -0.024836 -0.925609 0.000000 
1.050000e-01 1.003097e-01 9.749441e-02 1.048354e-01 1.000000e-01 1.578294e+00 -0.981040 0.044977 0.161584 0.546417 0.187855 0.040206 0.981040 -0.004397 -0.025893 -0.926667 0.000000 
1.050000e-01 1.003097e-01 9.749441e-02 1.047548e-01 1.000000e-01 1.584313e+00 -0.985312 0.034279 0.131204 0.633653 0.155378 0.030798 0.985312 -0.004945 -0.026990 -0.927765 0.000000 
1.050000e-01 1.003097e-01 9.749441e-02 1.046356e-01 1.000000e-01 1.590410e+00 -0.989902 0.022034 0.089224 0.751266 0.107495 0.019883 0.989902 -0.005534 -0.028168 -0.928944 0.000000 
1.050000e-01 1.003097e-01 9.749441e-02 1.045165e-01 1.000000e-01 1.596622e+00 -0.994981 0.007886 0.033331 0.906019 0.040596 0.007149 0.994981 -0.006186 -0.029472 -0.930250 0.000000 
1.050000e-01 1.003097e-01 9.749441e-02 1.045059e-01 1.000000e-01 1.597606e+00 -0.995822 0.005510 0.023475 0.933235 0.028598 0.005004 0.995822 -0.006294 -0.029688 -0.930466 0.000000 
1.050000e-01 1.003097e-01 9.749441e-02 1.045059e-01 1.000000e-01 1.597606e+00 -0.995822 0.005510 0.023475 0.933235 0.028598 0.005004 0.995822 -0.006294 -0.029688 -0.930466 0.000000 
1.050000e-01 1.003097e-01 9.749441e-02 1.045059e-01 1.000000e-01 1.597606e+00 -0.995822 0.005510 0.023475 0.933235 0.028598 0.005004 0.995822 -0.006294 -0.029688 -0.930466 0.000000 
1.050000e-01 1.003097e-01 9.749441e-02 1.045059e-01 1.000000e-01 1.597606e+00 -0.995822 0.005510 0.023475 0.933235 0.028598 0.005004 0.995822 -0.006294 -0.029688 -0.930466 0.000000 
1.050000e-01 1.003097e-01 9.749441e-02 1.045059e-01 1.000000e-01 1.597606e+00 -0.995822 0.005510 0.023475 0.933235 0.028598 0.005004 0.995822 -0.006294 -0.029688 -0.930466 0.000000 
1.050000e-01 1.003097e-01 9.749441e-02 1.045059e-01 1.000000e-01 1.597606e+00 -0.995822 0.005510 0.023475 0.933235 0.028598 0.005004 0.995822 -0.006294 -0.029688 -0.930466 0.000000 
1.050000e-01 1.003097e-01 9.749441e-02 1.045059e-01 1.000000e-01 1.597606e+00 -0.995822 0.005510 0.023475 0.933235 0.028598 0.005004 0.995822 -0.006294 -0.029688 -0.930466 0.000000 
1.050000e-01 1.003097e-01 9.749441e-02 1.045059e-01 1.000000e-01 1.597606e+00 -0.995822 0.005510 0.023475 0.933235 0.028598 0.005004 0.995822 -0.006294 -0.029688 -0.930466 0.000000 
1.050000e-01 1.003097e-01 9.749441e-02 1.045059e-01 1.000000e-01 1.597606e+00 -0.995822 0.005510 0.023475 0.933235 0.028598 0.005004 0.995822 -0.006294 -0.029688 -0.930466 0.000000 
1.050000e-01 1.003097e-01 9.749441e-02 1.045059e-01 1.000000e-01 1.597606e+00 -0.995822 0.005510 0.023475 0.933235 0.028598 0.005004 0.995822 -0.006294 -0.029688 -0.930466 0.000000 
1.050000e-01 1.003097e-01 9.749441e-02 1.045059e-01 1.000000e-01 1.597606e+00 -0.995822 0.005510 0.023475 0.933235 0.028598 0.005004 0.995822 -0.006294 -0.029688 -0.930466 0.000000 
1.050000e-01 1.003097e-01 9.749441e-02 1.045059e-01 1.000000e-01 1.597606e+00 -0.995822 0.005510 0.023475 0.933235 0.028598 0.005004 0.995822 -0.006294 -0.029688 -0.930466 0.000000 
1.050000e-01 1.003097e-01 9.749441e-02 1.045059e-01 1.000000e-01 1.597606e+00 -0.995822 0.005510 0.023475 0.933235 0.028598 0.005004 0.995822 -0.006294 -0.029688 -0.930466 0.000000 
1.050000e-01 1.003097e-01 9.749441e-02 1.045059e-01 1.000000e-01 1.597606e+00 -0.995822 0.005510 0.023475 0.933235 0.028598 0.005004 0.995822 -0.006294 -0.029688 -0.930466 0.000000 
1.050000e-01 1.003097e-01 9.749441e-02 1.045059e-01 1.000000e-01 1.597606e+00 -0.995822 0.005510 0.023475 0.933235 0.028598 0.005004 0.995822 -0.006294 -0.029688 -0.930466 0.000000 
1.050000e-01 1.003097e-01 9.749441e-02 1.045059e-01 1.000000e-01 1.597606e+00 -0.995822 0.005510 0.023475 0.933235 0.028598 0.005004 0.995822 -0.006294 -0.029688 -0.930466 0.000000 
1.050000e-01 1.003097e-01 9.749441e-02 1.045059e-01 1.000000e-01 1.597606e+00 -0.995822 0.005510 0.023475 0.933235 0.028598 0.005004 0.995822 -0.006294 -0.029688 -0.930466 0.000000 
1.050000e-01 1.003097e-01 9.749441e-02 1.045059e-01 1.000000e-01 1.597606e+00 -0.995822 0.005510 0.023475 0.933235 0.028598 0.005004 0.995822 -0.006294 -0.029688 -0.930466 0.000000 
1.050000e-01 1.003097e-01 9.749441e-02 1.045059e-01 1.000000e-01 1.597606e+00 -0.995822 0.005510 0.023475 0.933235 0.028598 0.005004 0.995822 -0.006294 -0.029688 -0.930466 0.000000 
1.050000e-01 1.003097e-01 9.749441e-02 1.045059e-01 1.000000e-01 1.597606e+00 -0.995822 0.005510 0.023475 0.933235 0.028598 0.005004 0.995822 -0.006294 -0.029688 -0.930466 0.000000 
1.050000e-01 1.003097e-01 9.749441e-02 1.045059e-01 1.000000e-01 1.597606e+00 -0.995822 0.005510 0.023475 0.933235 0.028598 0.005004 0.995822 -0.006294 -0.029688 -0.930466 0.000000 
1.050000e-01 1.003097e-01 9.749441e-02 1.045059e-01 1.000000e-01 1.597606e+00 -0.995822 0.005510 0.023475 0.933235 0.028598 0.005004 0.995822 -0.006294 -0.029688 -0.930466 0.000000 
1.050000e-01 1.003097e-01 9.749441e-02 1.045059e-01 1.000000e-01 1.597606e+00 -0.995822 0.005510 0.023475 0.933235 0.028598 0.005004 0.995822 -0.006294 -0.029688 -0.930466 0.000000 
1.050000e-01 1.003097e-01 9.749441e-02 1.045059e-01 1.000000e-01 1.597606e+00 -0.995822 0.005510 0.023475 0.933235 0.028598 0.005004 0.995822 -0.006294 -0.029688 -0.930466 0.000000 
1.050000e-01 1.003097e-01 9.749441e-02 1.045059e-01 1.000000e-01 1.597606e+00 -0.995822 0.005510 0.023475 0.933235 0.028598 0.005004 0.995822 -0.006294 -0.029688 -0.930466 0.000000 
1.050000e-01 1.003097e-01 9.749441e-02 1.045059e-01 1.000000e-01 1.597606e+00 -0.995822 0.005510 0.023475 0.933235 0.028598 0.005004 0.995822 -0.006294 -0.029688 -0.930466 0.000000 
1.050000e-01 1.003097e-01 9.749441e-02 1.045059e-01 1.000000e-01 1.597606e+00 -0.995822 0.005510 0.023475 0.933235 0.028598 0.005004 0.995822 -0.006294 -0.029688 -0.930466 0.000000 
1.050000e-01 1.003097e-01 9.749441e-02 1.045059e-01 1.000000e-01 1.597606e+00 -0.995822 0.005510 0.023475 0.933235 0.028598 0.005004 0.995822 -0.006294 -0.029688 -0.930466 0.000000 
1.050000e-01 1.003097e-01 9.749441e-02 1.045059e-01 1.000000e-01 1.597606e+00 -0.995822 0.005510 0.023475 0.933235 0.028598 0.005004 0.995822 -0.006294 -0.029688 -0.930466 0.000000 
1.050000e-01 1.003097e-01 9.749441e-02 1.045059e-01 1.000000e-01 1.597606e+00 -0.995822 0.005510 0.023475 0.933235 0.028598 0.005004 0.995822 -0.006294 -0.029688 -0.930466 0.000000 
1.050000e-01 1.003097e-01 9.749441e-02 1.045059e-01 1.000000e-01 1.597606e+00 -0.995822 0.005510 0.023475 0.933235 0.028598 0.005004 0.995822 -0.006294 -0.029688 -0.930466 0.000000 
1.050000e-01 1.003097e-01 9.749441e-02 1.045059e-01 1.000000e-01 1.597606e+00 -0.995822 0.005510 0.023475 0.933235 0.028598 0.005004 0.995822 -0.006294 -0.029688 -0.930466 0.000000 
1.050000e-01 1.003097e-01 9.749441e-02 1.045059e-01 1.000000e-01 1.597606e+00 -0.995822 0.005510 0.023475 0.933235 0.028598 0.005004 0.995822 -0.006294 -0.029688 -0.930466 0.000000 
1.050000e-01 1.003097e-01 9.749441e-02 1.045059e-01 1.000000e-01 1.597606e+00 -0.995822 0.005510 0.023475 0.933235 0.028598 0.005004 0.995822 -0.006294 -0.029688 -0.930466 0.000000 
1.050000e-01 1.003097e-01 9.749441e-02 1.045059e-01 1.000000e-01 1.597606e+00 -0.995822 0.005510 0.023475 0.933235 0.028598 0.005004 0.995822 -0.006294 -0.029688 -0.930466 0.000000 
1.050000e-01 1.003097e-01 9.749441e-02 1.045059e-01 1.000000e-01 1.597606e+00 -0.995822 0.005510 0.023475 0.933235 0.028598 0.005004 0.995822 -0.006294 -0.029688 -0.930466 0.000000 
1.050000e-01 1.003097e-01 9.749441e-02 1.045059e-01 1.000000e-01 1.597606e+00 -0.995822 0.005510 0.023475 0.933235 0.028598 0.005004 0.995822 -0.006294 -0.029688 -0.930466 0.000000 
1.050000e-01 1.003097e-01 9.749441e-02 1.045059e-01 1.000000e-01 1.597606e+00 -0.995822 0.005510 0.023475 0.933235 0.028598 0.005004 0.995822 -0.006294 -0.029688 -0.930466 0.000000 
1.050000e-01 1.003097e-01 9.749441e-02 1.045059e-01 1.000000e-01 1.597606e+00 -0.995822 0.005510 0.023475 0.933235 0.028598 0.005004 0.995822 -0.006294 -0.029688 -0.930466 0.000000 
1.050000e-01 1.003097e-01 9.749441e-02 1.045059e-01 1.000000e-01 1.597606e+00 -0.995822 0.005510 0.023475 0.933235 0.028598 0.005004 0.995822 -0.006294 -0.029688 -0.930466 0.000000 
1.050000e-01 1.003097e-01 9.749441e-02 1.045059e-01 1.000000e-01 1.597606e+00 -0.995822 0.005510 0.023475 0.933235 0.028598 0.005004 0.995822 -0.006294 -0.029688 -0.930466 0.000000 
1.050000e-01 1.003097e-01 9.749441e-02 1.045059e-01 1.000000e-01 1.597606e+00 -0.995822 0.005510 0.023475 0.933235 0.028598 0.005004 0.995822 -0.006294 -0.029688 -0.930466 0.000000 
1.050000e-01 1.003097e-01 9.749441e-02 1.045059e-01 1.000000e-01 1.597606e+00 -0.995822 0.005510 0.023475 0.933235 0.028598 0.005004 0.995822 -0.006294 -0.029688 -0.930466 0.000000 
1.050000e-01 1.003097e-01 9.749441e-02 1.045059e-01 1.000000e-01 1.597606e+00 -0.995822 0.005510 0.023475 0.933235 0.028598 0.005004 0.995822 -0.006294 -0.029688 -0.930466 0.000000 
1.050000e-01 1.003097e-01 9.749441e-02 1.045059e-01 1.000000e-01 1.597606e+00 -0.995822 0.005510 0.023475 0.933235 0.028598 0.005004 0.995822 -0.006294 -0.029688 -0.930466 0.000000 
1.050000e-01 1.003097e-01 9.749441e-02 1.045059e-01 1.000000e-01 1.597606e+00 -0.995822 0.005510 0.023475 0.933235 0.028598 0.005004 0.995822 -0.006294 -0.029688 -0.930466 0.000000 
1.050000e-01 1.003097e-01 9.749441e-02 1.045059e-01 1.000000e-01 1.597606e+00 -0.995822 0.005510 0.023475 0.933235 0.028598 0.005004 0.995822 -0.006294 -0.029688 -0.930466 0.000000 
1.050000e-01 1.003097e-01 9.749441e-02 1.045059e-01 1.000000e-01 1.597606e+00 -0.995822 0.005510 0.023475 0.933235 0.028598 0.005004 0.995822 -0.006294 -0.029688 -0.930466 0.000000 
1.050000e-01 1.003097e-01 9.749441e-02 1.045059e-01 1.000000e-01 1.597606e+00 -0.995822 0.005510 0.023475 0.933235 0.028598 0.005004 0.995822 -0.006294 -0.029688 -0.930466 0.000000 
1.050000e-01 1.003097e-01 9.749441e-02 1.045059e-01 1.000000e-01 1.597606e+00 -0.995822 0.005510 0.023475 0.933235 0.028598 0.005004 0.995822 -0.006294 -0.029688 -0.930466 0.000000 
1.050000e-01 1.003097e-01 9.749441e-02 1.045059e-01 1.000000e-01 1.597606e+00 -0.995822 0.005510 0.023475 0.933235 0.028598 0.005004 0.995822 -0.006294 -0.029688 -0.930466 0.000000 
1.050000e-01 1.003097e-01 9.749441e-02 1.045059e-01 1.000000e-01 1.597606e+00 -0.995822 0.005510 0.023475 0.933235 0.028598 0.005004 0.995822 -0.006294 -0.029688 -0.930466 0.000000 
1.050000e-01 1.003097e-01 9.749441e-02 1.045059e-01 1.000000e-01 1.597606e+00 -0.995822 0.005510 0.023475 0.933235 0.028598 0.005004 0.995822 -0.006294 -0.029688 -0.930466 0.000000 
1.050000e-01 1.003097e-01 9.749441e-02 1.045059e-01 1.000000e-01 1.597606e+00 -0.995822 0.005510 0.023475 0.933235 0.028598 0.005004 0.995822 -0.006294 -0.029688 -0.930466 0.000000 
1.050000e-01 1.003097e-01 9.749441e-02 1.045059e-01 1.000000e-01 1.597606e+00 -0.995822 0.005510 0.023475 0.933235 0.028598 0.005004 0.995822 -0.006294 -0.029688 -0.930466 0.000000 
1.050000e-01 1.003097e-01 9.749441e-02 1.045059e-01 1.000000e-01 1.597606e+00 -0.995822 0.005510 0.023475 0.933235 0.028598 0.005004 0.995822 -0.006294 -0.029688 -0.930466 0.000000 
1.050000e-01 1.003097e-01 9.749441e-02 1.045059e-01 1.000000e-01 1.597606e+00 -0.995822 0.005510 0.023475 0.933235 0.028598 0.005004 0.995822 -0.006294 -0.029688 -0.930466 0.000000 
1.050000e-01 1.003097e-01 9.749441e-02 1.045059e-01 1.000000e-01 1.597606e+00 -0.995822 0.005510 0.023475 0.933235 0.028598 0.005004 0.995822 -0.006294 -0.029688 -0.930466 0.000000 
1.050000e-01 1.003097e-01 9.749441e-02 1.045059e-01 1.000000e-01 1.597606e+00 -0.995822 0.005510 0.023475 0.933235 0.028598 0.005004 0.995822 -0.006294 -0.029688 -0.930466 0.000000 
1.050000e-01 1.003097e-01 9.749441e-02 1.045059e-01 1.000000e-01 1.597606e+00 -0.995822 0.005510 0.023475 0.933235 0.028598 0.005004 0.995822 -0.006294 -0.029688 -0.930466 0.000000 
1.050000e-01 1.003097e-01 9.749441e-02 1.045059e-01 1.000000e-01 1.597606e+00 -0.995822 0.005510 0.023475 0.933235 0.028598 0.005004 0.995822 -0.006294 -0.029688 -0.930466 0.000000 
1.050000e-01 1.003097e-01 9.749441e-02 1.045059e-01 1.000000e-01 1.597606e+00 -0.995822 0.005510 0.023475 0.933235 0.028598 0.005004 0.995822 -0.006294 -0.029688 -0.930466 0.000000 
1.050000e-01 1.003097e-01 9.749441e-02 1.045059e-01 1.000000e-01 1.597606e+00 -0.995822 0.005510 0.023475 0.933235 0.028598 0.005004 0.995822 -0.006294 -0.029688 -0.930466 0.000000 
1.050000e-01 1.003097e-01 9.749441e-02 1.045059e-01 1.000000e-01 1.597606e+00 -0.995822 0.005510 0.023475 0.933235 0.028598 0.005004 0.995822 -0.006294 -0.029688 -0.930466 0.000000 
1.050000e-01 1.003097e-01 9.749441e-02 1.045059e-01 1.000000e-01 1.597606e+00 -0.995822 0.005510 0.023475 0.933235 0.028598 0.005004 0.995822 -0.006294 -0.029688 -0.930466 0.000000 
1.050000e-01 1.003097e-01 9.749441e-02 1.045059e-01 1.000000e-01 1.597606e+00 -0.995822 0.005510 0.023475 0.933235 0.028598 0.005004 0.995822 -0.006294 -0.029688 -0.930466 0.000000 
1.050000e-01 1.003097e-01 9.749441e-02 1.045059e-01 1.000000e-01 1.597606e+00 -0.995822 0.005510 0.023475 0.933235 0.028598 0.005004 0.995822 -0.006294 -0.029688 -0.930466 0.000000 
1.050000e-01 1.003097e-01 9.749441e-02 1.045059e-01 1.000000e-01 1.597606e+00 -0.995822 0.005510 0.023475 0.933235 0.028598 0.005004 0.995822 -0.006294 -0.029688 -0.930466 0.000000 
1.050000e-01 1.003097e-01 9.749441e-02 1.045059e-01 1.000000e-01 1.597606e+00 -0.995822 0.005510 0.023475 0.933235 0.028598 0.005004 0.995822 -0.006294 -0.029688 -0.930466 0.000000 
1.050000e-01 1.003097e-01 9.749441e-02 1.045059e-01 1.000000e-01 1.597606e+00 -0.995822 0.005510 0.023475 0.933235 0.028598 0.005004 0.995822 -0.006294 -0.029688 -0.930466 0.000000 
1.050000e-01 1.003097e-01 9.749441e-02 1.045059e-01 1.000000e-01 1.597606e+00 -0.995822 0.005510 0.023475 0.933235 0.028598 0.005004 0.995822 -0.006294 -0.029688 -0.930466 0.000000 
1.050000e-01 1.003097e-01 9.749441e-02 1.045059e-01 1.000000e-01 1.597606e+00 -0.995822 0.005510 0.023475 0.933235 0.028598 0.005004 0.995822 -0.006294 -0.029688 -0.930466 0.000000 
1.050000e-01 1.003097e-01 9.749441e-02 1.045059e-01 1.000000e-01 1.597606e+00 -0.995822 0.005510 0.023475 0.933235 0.028598 0.005004 0.995822 -0.006294 -0.029688 -0.930466 0.000000 
1.050000e-01 1.003097e-01 9.749441e-02 1.045059e-01 1.000000e-01 1.597606e+00 -0.995822 0.005510 0.023475 0.933235 0.028598 0.005004 0.995822 -0.006294 -0.029688 -0.930466 0.000000 
1.050000e-01 1.003097e-01 9.749441e-02 1.045059e-01 1.000000e-01 1.597606e+00 -0.995822 0.005510 0.023475 0.933235 0.028598 0.005004 0.995822 -0.006294 -0.029688 -0.930466 0.000000 
1.050000e-01 1.003097e-01 9.749441e-02 1.045059e-01 1.000000e-01 1.597606e+00 -0.995822 0.005510 0.023475 0.933235 0.028598 0.005004 0.995822 -0.006294 -0.029688 -0.930466 0.000000 
1.050000e-01 1.003097e-01 9.749441e-02 1.045059e-01 1.000000e-01 1.597606e+00 -0.995822 0.005510 0.023475 0.933235 0.028598 0.005004 0.995822 -0.006294 -0.029688 -0.930466 0.000000 
1.050000e-01 1.003097e-01 9.749441e-02 1.045059e-01 1.000000e-01 1.597606e+00 -0.995822 0.005510 0.023475 0.933235 0.028598 0.005004 0.995822 -0.006294 -0.029688 -0.930466 0.000000 
1.050000e-01 1.003097e-01 9.749441e-02 1.045059e-01 1.000000e-01 1.597606e+00 -0.995822 0.005510 0.023475 0.933235 0.028598 0.005004 0.995822 -0.006294 -0.029688 -0.930466 0.000000 
1.050000e-01 1.003097e-01 9.749441e-02 1.045059e-01 1.000000e-01 1.597606e+00 -0.995822 0.005510 0.023475 0.933235 0.028598 0.005004 0.995822 -0.006294 -0.029688 -0.930466 0.000000 
1.050000e-01 1.003097e-01 9.749441e-02 1.045059e-01 1.000000e-01 1.597606e+00 -0.995822 0.005510 0.023475 0.933235 0.028598 0.005004 0.995822 -0.006294 -0.029688 -0.930466 0.000000 
1.050000e-01 1.003097e-01 9.749441e-02 1.045059e-01 1.000000e-01 1.597606e+00 -0.995822 0.005510 0.023475 0.933235 0.028598 0.005004 0.995822 -0.006294 -0.029688 -0.930466 0.000000 
1.050000e-01 1.003097e-01 9.749441e-02 1.045059e-01 1.000000e-01 1.597606e+00 -0.995822 0.005510 0.023475 0.933235 0.028598 0.005004 0.995822 -0.006294 -0.029688 -0.930466 0.000000 
1.050000e-01 1.003097e-01 9.749441e-02 1.045059e-01 1.000000e-01 1.597606e+00 -0.995822 0.005510 0.023475 0.933235 0.028598 0.005004 0.995822 -0.006294 -0.029688 -0.930466 0.000000 
1.050000e-01 1.003097e-01 9.749441e-02 1.045059e-01 1.000000e-01 1.597606e+00 -0.995822 0.005510 0.023475 0.933235 0.028598 0.005004 0.995822 -0.006294 -0.029688 -0.930466 0.000000 
1.050000e-01 1.003097e-01 9.749441e-02 1.045059e-01 1.000000e-01 1.597606e+00 -0.995822 0.005510 0.023475 0.933235 0.028598 0.005004 0.995822 -0.006294 -0.029688 -0.930466 0.000000 
1.050000e-01 1.003097e-01 9.749441e-02 1.045059e-01 1.000000e-01 1.597606e+00 -0.995822 0.005510 0.023475 0.933235 0.028598 0.005004 0.995822 -0.006294 -0.029688 -0.930466 0.000000 
1.050000e-01 1.003097e-01 9.749441e-02 1.045059e-01 1.000000e-01 1.597606e+00 -0.995822 0.005510 0.023475 0.933235 0.028598 0.005004 0.995822 -0.006294 -0.029688 -0.930466 0.000000 
1.050000e-01 1.003097e-01 9.749441e-02 1.045059e-01 1.000000e-01 1.597606e+00 -0.995822 0.005510 0.023475 0.933235 0.028598 0.005004 0.995822 -0.006294 -0.029688 -0.930466 0.000000 
1.050000e-01 1.003097e-01 9.749441e-02 1.045059e-01 1.000000e-01 1.597606e+00 -0.995822 0.005510 0.023475 0.933235 0.028598 0.005004 0.995822 -0.006294 -0.029688 -0.930466 0.000000 
1.050000e-01 1.003097e-01 9.749441e-02 1.045059e-01 1.000000e-01 1.597606e+00 -0.995822 0.005510 0.023475 0.933235 0.028598 0.005004 0.995822 -0.006294 -0.029688 -0.930466 0.000000 
1.050000e-01 1.003097e-01 9.749441e-02 1.045059e-01 1.000000e-01 1.597606e+00 -0.995822 0.005510 0.023475 0.933235 0.028598 0.005004 0.995822 -0.006294 -0.029688 -0.930466 0.000000 
1.050000e-01 1.003097e-01 9.749441e-02 1.045059e-01 1.000000e-01 1.597606e+00 -0.995822 0.005510 0.023475 0.933235 0.028598 0.005004 0.995822 -0.006294 -0.029688 -0.930466 0.000000 
1.050000e-01 1.003097e-01 9.749441e-02 1.045059e-01 1.000000e-01 1.597606e+00 -0.995822 0.005510 0.023475 0.933235 0.028598 0.005004 0.995822 -0.006294 -0.029688 -0.930466 0.000000 
1.050000e-01 1.003097e-01 9.749441e-02 1.045059e-01 1.000000e-01 1.597606e+00 -0.995822 0.005510 0.023475 0.933235 0.028598 0.005004 0.995822 -0.006294 -0.029688 -0.930466 0.000000 
1.050000e-01 1.003097e-01 9.749441e-02 1.045059e-01 1.000000e-01 1.597606e+00 -0.995822 0.005510 0.023475 0.933235 0.028598 0.005004 0.995822 -0.006294 -0.029688 -0.930466 0.000000 
1.050000e-01 1.003097e-01 9.749441e-02 1.045059e-01 1.000000e-01 1.597606e+00 -0.995822 0.005510 0.023475 0.933235 0.028598 0.005004 0.995822 -0.006294 -0.029688 -0.930466 0.000000 
1.050000e-01 1.003097e-01 9.749441e-02 1.045059e-01 1.000000e-01 1.597606e+00 -0.995822 0.005510 0.023475 0.933235 0.028598 0.005004 0.995822 -0.006294 -0.029688 -0.930466 0.000000 
1.050000e-01 1.003097e-01 9.749441e-02 1.045059e-01 1.000000e-01 1.597606e+00 -0.995822 0.005510 0.023475 0.933235 0.028598 0.005004 0.995822 -0.006294 -0.029688 -0.930466 0.000000 
1.050000e-01 1.003097e-01 9.749441e-02 1.045059e-01 1.000000e-01 1.597606e+00 -0.995822 0.005510 0.023475 0.933235 0.028598 0.005004 0.995822 -0.006294 -0.029688 -0.930466 0.000000 
1.050000e-01 1.003097e-01 9.749441e-02 1.045059e-01 1.000000e-01 1.597606e+00 -0.995822 0.005510 0.023475 0.933235 0.028598 0.005004 0.995822 -0.006294 -0.029688 -0.930466 0.000000 
1.050000e-01 1.003097e-01 9.749441e-02 1.045059e-01 1.000000e-01 1.597606e+00 -0.995822 0.005510 0.023475 0.933235 0.028598 0.005004 0.995822 -0.006294 -0.029688 -0.930466 0.000000 
1.050000e-01 1.003097e-01 9.749441e-02 1.045059e-01 1.000000e-01 1.597606e+00 -0.995822 0.005510 0.023475 0.933235 0.028598 0.005004 0.995822 -0.006294 -0.029688 -0.930466 0.000000 
1.050000e-01 1.003097e-01 9.749441e-02 1.045059e-01 1.000000e-01 1.597606e+00 -0.995822 0.005510 0.023475 0.933235 0.028598 0.005004 0.995822 -0.006294 -0.029688 -0.930466 0.000000 
1.050000e-01 1.003097e-01 9.749441e-02 1.045059e-01 1.000000e-01 1.597606e+00 -0.995822 0.005510 0.023475 0.933235 0.028598 0.005004 0.995822 -0.006294 -0.029688 -0.930466 0.000000 
1.050000e-01 1.003097e-01 9.749441e-02 1.045059e-01 1.000000e-01 1.597606e+00 -0.995822 0.005510 0.023475 0.933235 0.028598 0.005004 0.995822 -0.006294 -0.029688 -0.930466 0.000000 
1.050000e-01 1.003097e-01 9.749441e-02 1.045059e-01 1.000000e-01 1.597606e+00 -0.995822 0.005510 0.023475 0.933235 0.028598 0.005004 0.995822 -0.006294 -0.029688 -0.930466 0.000000 
1.050000e-01 1.003097e-01 9.749441e-02 1.045059e-01 1.000000e-01 1.597606e+00 -0.995822 0.005510 0.023475 0.933235 0.028598 0.005004 0.995822 -0.006294 -0.029688 -0.930466 0.000000 
1.050000e-01 1.003097e-01 9.749441e-02 1.045059e-01 1.000000e-01 1.597606e+00 -0.995822 0.005510 0.023475 0.933235 0.028598 0.005004 0.995822 -0.006294 -0.029688 -0.930466 0.000000 
1.050000e-01 1.003097e-01 9.749441e-02 1.045059e-01 1.000000e-01 1.597606e+00 -0.995822 0.005510 0.023475 0.933235 0.028598 0.005004 0.995822 -0.006294 -0.029688 -0.930466 0.000000 
1.050000e-01 1.003097e-01 9.749441e-02 1.045059e-01 1.000000e-01 1.597606e+00 -0.995822 0.005510 0.023475 0.933235 0.028598 0.005004 0.995822 -0.006294 -0.029688 -0.930466 0.000000 
1.050000e-01 1.003097e-01 9.749441e-02 1.045059e-01 1.000000e-01 1.597606e+00 -0.995822 0.005510 0.023475 0.933235 0.028598 0.005004 0.995822 -0.006294 -0.029688 -0.930466 0.000000 
1.050000e-01 1.003097e-01 9.749441e-02 1.045059e-01 1.000000e-01 1.597606e+00 -0.995822 0.005510 0.023475 0.933235 0.028598 0.005004 0.995822 -0.006294 -0.029688 -0.930466 0.000000 
1.050000e-01 1.003097e-01 9.749441e-02 1.045059e-01 1.000000e-01 1.597606e+00 -0.995822 0.005510 0.023475 0.933235 0.028598 0.005004 0.995822 -0.006294 -0.029688 -0.930466 0.000000 
1.050000e-01 1.003097e-01 9.749441e-02 1.045059e-01 1.000000e-01 1.597606e+00 -0.995822 0.005510 0.023475 0.933235 0.028598 0.005004 0.995822 -0.006294 -0.029688 -0.930466 0.000000 
1.050000e-01 1.003097e-01 9.749441e-02 1.045059e-01 1.000000e-01 1.597606e+00 -0.995822 0.005510 0.023475 0.933235 0.028598 0.005004 0.995822 -0.006294 -0.029688 -0.930466 0.000000 
1.050000e-01 1.003097e-01 9.749441e-02 1.045059e-01 1.000000e-01 1.597606e+00 -0.995822 0.005510 0.023475 0.933235 0.028598 0.005004 0.995822 -0.006294 -0.029688 -0.930466 0.000000 
1.050000e-01 1.003097e-01 9.749441e-02 1.045059e-01 1.000000e-01 1.597606e+00 -0.995822 0.005510 0.023475 0.933235 0.028598 0.005004 0.995822 -0.006294 -0.029688 -0.930466 0.000000 
1.050000e-01 1.003097e-01 9.749441e-02 1.045059e-01 1.000000e-01 1.597606e+00 -0.995822 0.005510 0.023475 0.933235 0.028598 0.005004 0.995822 -0.006294 -0.029688 -0.930466 0.000000 
1.050000e-01 1.003097e-01 9.749441e-02 1.045059e-01 1.000000e-01 1.597606e+00 -0.995822 0.005510 0.023475 0.933235 0.028598 0.005004 0.995822 -0.006294 -0.029688 -0.930466 0.000000 
1.050000e-01 1.003097e-01 9.749441e-02 1.045059e-01 1.000000e-01 1.597606e+00 -0.995822 0.005510 0.023475 0.933235 0.028598 0.005004 0.995822 -0.006294 -0.029688 -0.930466 0.000000 
1.050000e-01 1.003097e-01 9.749441e-02 1.045059e-01 1.000000e-01 1.597606e+00 -0.995822 0.005510 0.023475 0.933235 0.028598 0.005004 0.995822 -0.006294 -0.029688 -0.930466 0.000000 
1.050000e-01 1.003097e-01 9.749441e-02 1.045059e-01 1.000000e-01 1.597606e+00 -0.995822 0.005510 0.023475 0.933235 0.028598 0.005004 0.995822 -0.006294 -0.029688 -0.930466 0.000000 
1.050000e-01 1.003097e-01 9.749441e-02 1.045059e-01 1.000000e-01 1.597606e+00 -0.995822 0.005510 0.023475 0.933235 0.028598 0.005004 0.995822 -0.006294 -0.029688 -0.930466 0.000000 
1.050000e-01 1.003097e-01 9.749441e-02 1.045059e-01 1.000000e-01 1.597606e+00 -0.995822 0.005510 0.023475 0.933235 0.028598 0.005004 0.995822 -0.006294 -0.029688 -0.930466 0.000000 
1.050000e-01 1.003097e-01 9.749441e-02 1.045059e-01 1.000000e-01 1.597606e+00 -0.995822 0.005510 0.023475 0.933235 0.028598 0.005004 0.995822 -0.006294 -0.029688 -0.930466 0.000000 
1.050000e-01 1.003097e-01 9.749441e-02 1.045059e-01 1.000000e-01 1.597606e+00 -0.995822 0.005510 0.023475 0.933235 0.028598 0.005004 0.995822 -0.006294 -0.029688 -0.930466 0.000000 
1.050000e-01 1.003097e-01 9.749441e-02 1.045059e-01 1.000000e-01 1.597606e+00 -0.995822 0.005510 0.023475 0.933235 0.028598 0.005004 0.995822 -0.006294 -0.029688 -0.930466 0.000000 
1.050000e-01 1.003097e-01 9.749441e-02 1.045059e-01 1.000000e-01 1.597606e+00 -0.995822 0.005510 0.023475 0.933235 0.028598 0.005004 0.995822 -0.006294 -0.029688 -0.930466 0.000000 
1.050000e-01 1.003097e-01 9.749441e-02 1.045059e-01 1.000000e-01 1.597606e+00 -0.995822 0.005510 0.023475 0.933235 0.028598 0.005004 0.995822 -0.006294 -0.029688 -0.930466 0.000000 
1.050000e-01 1.003097e-01 9.749441e-02 1.045059e-01 1.000000e-01 1.597606e+00 -0.995822 0.005510 0.023475 0.933235 0.028598 0.005004 0.995822 -0.006294 -0.029688 -0.930466 0.000000 
1.050000e-01 1.003097e-01 9.749441e-02 1.045059e-01 1.000000e-01 1.597606e+00 -0.995822 0.005510 0.023475 0.933235 0.028598 0.005004 0.995822 -0.006294 -0.029688 -0.930466 0.000000 
1.050000e-01 1.003097e-01 9.749441e-02 1.045059e-01 1.000000e-01 1.597606e+00 -0.995822 0.005510 0.023475 0.933235 0.028598 0.005004 0.995822 -0.006294 -0.029688 -0.930466 0.000000 
1.050000e-01 1.003097e-01 9.749441e-02 1.045059e-01 1.000000e-01 1.597606e+00 -0.995822 0.005510 0.023475 0.933235 0.028598 0.005004 0.995822 -0.006294 -0.029688 -0.930466 0.000000 
1.050000e-01 1.003097e-01 9.749441e-02 1.045059e-01 1.000000e-01 1.597606e+00 -0.995822 0.005510 0.023475 0.933235 0.028598 0.005004 0.995822 -0.006294 -0.029688 -0.930466 0.000000 
1.050000e-01 1.003097e-01 9.749441e-02 1.045059e-01 1.000000e-01 1.597606e+00 -0.995822 0.005510 0.023475 0.933235 0.028598 0.005004 0.995822 -0.006294 -0.029688 -0.930466 0.000000 
1.050000e-01 1.003097e-01 9.749441e-02 1.045059e-01 1.000000e-01 1.597606e+00 -0.995822 0.005510 0.023475 0.933235 0.028598 0.005004 0.995822 -0.006294 -0.029688 -0.930466 0.000000 
1.050000e-01 1.003097e-01 9.749441e-02 1.045059e-01 1.000000e-01 1.597606e+00 -0.995822 0.005510 0.023475 0.933235 0.028598 0.005004 0.995822 -0.006294 -0.029688 -0.930466 0.000000 
1.050000e-01 1.003097e-01 9.749441e-02 1.045059e-01 1.000000e-01 1.597606e+00 -0.995822 0.005510 0.023475 0.933235 0.028598 0.005004 0.995822 -0.006294 -0.029688 -0.930466 0.000000 
1.050000e-01 1.003097e-01 9.749441e-02 1.045059e-01 1.000000e-01 1.597606e+00 -0.995822 0.005510 0.023475 0.933235 0.028598 0.005004 0.995822 -0.006294 -0.029688 -0.930466 0.000000 
1.050000e-01 1.003097e-01 9.749441e-02 1.045059e-01 1.000000e-01 1.597606e+00 -0.995822 0.005510 0.023475 0.933235 0.028598 0.005004 0.995822 -0.006294 -0.029688 -0.930466 0.000000 
1.050000e-01 1.003097e-01 9.749441e-02 1.045059e-01 1.000000e-01 1.597606e+00 -0.995822 0.005510 0.023475 0.933235 0.028598 0.005004 0.995822 -0.006294 -0.029688 -0.930466 0.000000 
1.050000e-01 1.003097e-01 9.749441e-02 1.045059e-01 1.000000e-01 1.597606e+00 -0.995822 0.005510 0.023475 0.933235 0.028598 0.005004 0.995822 -0.006294 -0.029688 -0.930466 0.000000 
1.050000e-01 1.003097e-01 9.749441e-02 1.045059e-01 1.000000e-01 1.597606e+00 -0.995822 0.005510 0.023475 0.933235 0.028598 0.005004 0.995822 -0.006294 -0.029688 -0.930466 0.000000 
1.050000e-01 1.003097e-01 9.749441e-02 1.045059e-01 1.000000e-01 1.597606e+00 -0.995822 0.005510 0.023475 0.933235 0.028598 0.005004 0.995822 -0.006294 -0.029688 -0.930466 0.000000 
1.050000e-01 1.003097e-01 9.749441e-02 1.045059e-01 1.000000e-01 1.597606e+00 -0.995822 0.005510 0.023475 0.933235 0.028598 0.005004 0.995822 -0.006294 -0.029688 -0.930466 0.000000 
1.050000e-01 1.003097e-01 9.749441e-02 1.045059e-01 1.000000e-01 1.597606e+00 -0.995822 0.005510 0.023475 0.933235 0.028598 0.005004 0.995822 -0.006294 -0.029688 -0.930466 0.000000 
1.050000e-01 1.003097e-01 9.749441e-02 1.045059e-01 1.000000e-01 1.597606e+00 -0.995822 0.005510 0.023475 0.933235 0.028598 0.005004 0.995822 -0.006294 -0.029688 -0.930466 0.000000 
1.050000e-01 1.003097e-01 9.749441e-02 1.045059e-01 1.000000e-01 1.597606e+00 -0.995822 0.005510 0.023475 0.933235 0.028598 0.005004 0.995822 -0.006294 -0.029688 -0.930466 0.000000 
1.050000e-01 1.003097e-01 9.749441e-02 1.045059e-01 1.000000e-01 1.597606e+00 -0.995822 0.005510 0.023475 0.933235 0.028598 0.005004 0.995822 -0.006294 -0.029688 -0.930466 0.000000 
1.050000e-01 1.003097e-01 9.749441e-02 1.045059e-01 1.000000e-01 1.597606e+00 -0.995822 0.005510 0.023475 0.933235 0.028598 0.005004 0.995822 -0.006294 -0.029688 -0.930466 0.000000 
1.050000e-01 1.003097e-01 9.749441e-02 1.045059e-01 1.000000e-01 1.597606e+00 -0.995822 0.005510 0.023475 0.933235 0.028598 0.005004 0.995822 -0.006294 -0.029688 -0.930466 0.000000 
1.050000e-01 1.003097e-01 9.749441e-02 1.045059e-01 1.000000e-01 1.597606e+00 -0.995822 0.005510 0.023475 0.933235 0.028598 0.005004 0.995822 -0.006294 -0.029688 -0.930466 0.000000 
1.050000e-01 1.003097e-01 9.749441e-02 1.045059e-01 1.000000e-01 1.597606e+00 -0.995822 0.005510 0.023475 0.933235 0.028598 0.005004 0.995822 -0.006294 -0.029688 -0.930466 0.000000 
1.050000e-01 1.003097e-01 9.749441e-02 1.045059e-01 1.000000e-01 1.597606e+00 -0.995822 0.005510 0.023475 0.933235 0.028598 0.005004 0.995822 -0.006294 -0.029688 -0.930466 0.000000 
1.050000e-01 1.003097e-01 9.749441e-02 1.045059e-01 1.000000e-01 1.597606e+00 -0.995822 0.005510 0.023475 0.933235 0.028598 0.005004 0.995822 -0.006294 -0.029688 -0.930466 0.000000 
1.050000e-01 1.003097e-01 9.749441e-02 1.045059e-01 1.000000e-01 1.597606e+00 -0.995822 0.005510 0.023475 0.933235 0.028598 0.005004 0.995822 -0.006294 -0.029688 -0.930466 0.000000 
1.050000e-01 1.003097e-01 9.749441e-02 1.045059e-01 1.000000e-01 1.597606e+00 -0.995822 0.005510 0.023475 0.933235 0.028598 0.005004 0.995822 -0.006294 -0.029688 -0.930466 0.000000 
1.050000e-01 1.003097e-01 9.749441e-02 1.045059e-01 1.000000e-01 1.597606e+00 -0.995822 0.005510 0.023475 0.933235 0.028598 0.005004 0.995822 -0.006294 -0.029688 -0.930466 0.000000 
1.050000e-01 1.003097e-01 9.749441e-02 1.045059e-01 1.000000e-01 1.597606e+00 -0.995822 0.005510 0.023475 0.933235 0.028598 0.005004 0.995822 -0.006294 -0.029688 -0.930466 0.000000 
1.050000e-01 1.003097e-01 9.749441e-02 1.045059e-01 1.000000e-01 1.597606e+00 -0.995822 0.005510 0.023475 0.933235 0.028598 0.005004 0.995822 -0.006294 -0.029688 -0.930466 0.000000 
1.050000e-01 1.003097e-01 9.749441e-02 1.045059e-01 1.000000e-01 1.597606e+00 -0.995822 0.005510 0.023475 0.933235 0.028598 0.005004 0.995822 -0.006294 -0.029688 -0.930466 0.000000 
1.050000e-01 1.003097e-01 9.749441e-02 1.045059e-01 1.000000e-01 1.597606e+00 -0.995822 0.005510 0.023475 0.933235 0.028598 0.005004 0.995822 -0.006294 -0.029688 -0.930466 0.000000 
1.050000e-01 1.003097e-01 9.749441e-02 1.045059e-01 1.000000e-01 1.597606e+00 -0.995822 0.005510 0.023475 0.933235 0.028598 0.005004 0.995822 -0.006294 -0.029688 -0.930466 0.000000 
1.050000e-01 1.003097e-01 9.749441e-02 1.045059e-01 1.000000e-01 1.597606e+00 -0.995822 0.005510 0.023475 0.933235 0.028598 0.005004 0.995822 -0.006294 -0.029688 -0.930466 0.000000 
1.050000e-01 1.003097e-01 9.749441e-02 1.045059e-01 1.000000e-01 1.597606e+00 -0.995822 0.005510 0.023475 0.933235 0.028598 0.005004 0.995822 -0.006294 -0.029688 -0.930466 0.000000 
1.050000e-01 1.003097e-01 9.749441e-02 1.045059e-01 1.000000e-01 1.597606e+00 -0.995822 0.005510 0.023475 0.933235 0.028598 0.005004 0.995822 -0.006294 -0.029688 -0.930466 0.000000 
1.050000e-01 1.003097e-01 9.749441e-02 1.045059e-01 1.000000e-01 1.597606e+00 -0.995822 0.005510 0.023475 0.933235 0.028598 0.005004 0.995822 -0.006294 -0.029688 -0.930466 0.000000 
1.050000e-01 1.003097e-01 9.749441e-02 1.045059e-01 1.000000e-01 1.597606e+00 -0.995822 0.005510 0.023475 0.933235 0.028598 0.005004 0.995822 -0.006294 -0.029688 -0.930466 0.000000 
1.050000e-01 1.003097e-01 9.749441e-02 1.045059e-01 1.000000e-01 1.597606e+00 -0.995822 0.005510 0.023475 0.933235 0.028598 0.005004 0.995822 -0.006294 -0.029688 -0.930466 0.000000 
1.050000e-01 1.003097e-01 9.749441e-02 1.045059e-01 1.000000e-01 1.597606e+00 -0.995822 0.005510 0.023475 0.933235 0.028598 0.005004 0.995822 -0.006294 -0.029688 -0.930466 0.000000 
1.050000e-01 1.003097e-01 9.749441e-02 1.045059e-01 1.000000e-01 1.597606e+00 -0.995822 0.005510 0.023475 0.933235 0.028598 0.005004 0.995822 -0.006294 -0.029688 -0.930466 0.000000 
1.050000e-01 1.003097e-01 9.749441e-02 1.045059e-01 1.000000e-01 1.597606e+00 -0.995822 0.005510 0.023475 0.933235 0.028598 0.005004 0.995822 -0.006294 -0.029688 -0.930466 0.000000 
1.050000e-01 1.003097e-01 9.749441e-02 1.045059e-01 1.000000e-01 1.597606e+00 -0.995822 0.005510 0.023475 0.933235 0.028598 0.005004 0.995822 -0.006294 -0.029688 -0.930466 0.000000 
1.050000e-01 1.003097e-01 9.749441e-02 1.045059e-01 1.000000e-01 1.597606e+00 -0.995822 0.005510 0.023475 0.933235 0.028598 0.005004 0.995822 -0.006294 -0.029688 -0.930466 0.000000 
1.050000e-01 1.003097e-01 9.749441e-02 1.045059e-01 1.000000e-01 1.597606e+00 -0.995822 0.005510 0.023475 0.933235 0.028598 0.005004 0.995822 -0.006294 -0.029688 -0.930466 0.000000 
1.050000e-01 1.003097e-01 9.749441e-02 1.045059e-01 1.000000e-01 1.597606e+00 -0.995822 0.005510 0.023475 0.933235 0.028598 0.005004 0.995822 -0.006294 -0.029688 -0.930466 0.000000 
1.050000e-01 1.003097e-01 9.749441e-02 1.045059e-01 1.000000e-01 1.597606e+00 -0.995822 0.005510 0.023475 0.933235 0.028598 0.005004 0.995822 -0.006294 -0.029688 -0.930466 0.000000 
1.050000e-01 1.003097e-01 9.749441e-02 1.045059e-01 1.000000e-01 1.597606e+00 -0.995822 0.005510 0.023475 0.933235 0.028598 0.005004 0.995822 -0.006294 -0.029688 -0.930466 0.000000 
1.050000e-01 1.003097e-01 9.749441e-02 1.045059e-01 1.000000e-01 1.597606e+00 -0.995822 0.005510 0.023475 0.933235 0.028598 0.005004 0.995822 -0.006294 -0.029688 -0.930466 0.000000 
1.050000e-01 1.003097e-01 9.749441e-02 1.045059e-01 1.000000e-01 1.597606e+00 -0.995822 0.005510 0.023475 0.933235 0.028598 0.005004 0.995822 -0.006294 -0.029688 -0.930466 0.000000 
