# TeX TeY TeZ ThX ThY THZ P1 P2
9.000000e-02 1.000000e-01 1.320000e+00 9.000000e-02 1.000000e-01 1.320000e+00 0.000000 0.000000 0.000000 0.000000 0.000000 0.000000 0.000000 0.000000 0.000000 0.000000 0.000000 
9.000013e-02 1.000000e-01 1.310994e+00 8.999987e-02 1.000000e-01 1.327246e+00 -0.010737 0.001473 0.002907 0.002775 0.002607 0.000974 0.010737 -0.001378 -0.002757 -0.002759 0.000000 
9.000025e-02 1.000000e-01 1.301922e+00 8.999972e-02 1.000000e-01 1.334464e+00 -0.021500 0.002948 0.005819 0.005557 0.005224 0.001952 0.021500 -0.002759 -0.005520 -0.005525 0.000000 
9.000035e-02 1.000000e-01 1.292786e+00 8.999956e-02 1.000000e-01 1.341655e+00 -0.032287 0.004426 0.008738 0.008347 0.007845 0.002931 0.032287 -0.004144 -0.008289 -0.008297 0.000000 
9.000043e-02 1.000000e-01 1.283585e+00 8.999937e-02 1.000000e-01 1.348819e+00 -0.043099 0.005907 0.011666 0.011146 0.010469 0.003910 0.043099 -0.005531 -0.011065 -0.011075 0.000000 
9.000050e-02 1.000000e-01 1.274321e+00 8.999915e-02 1.000000e-01 1.355955e+00 -0.053934 0.007393 0.014606 0.013957 0.013092 0.004886 0.053934 -0.006922 -0.013847 -0.013860 0.000000 
9.000057e-02 1.000000e-01 1.264994e+00 8.999891e-02 1.000000e-01 1.363062e+00 -0.064792 0.008883 0.017559 0.016780 0.015713 0.005857 0.064792 -0.008316 -0.016634 -0.016650 0.000000 
9.000062e-02 1.000000e-01 1.255604e+00 8.999864e-02 1.000000e-01 1.370141e+00 -0.075673 0.010377 0.020527 0.019616 0.018329 0.006823 0.075672 -0.009712 -0.019428 -0.019446 0.000000 
9.000066e-02 1.000000e-01 1.246152e+00 8.999833e-02 1.000000e-01 1.377190e+00 -0.086575 0.011877 0.023515 0.022471 0.020934 0.007778 0.086575 -0.011111 -0.022227 -0.022247 0.000000 
9.000070e-02 1.000000e-01 1.236638e+00 8.999798e-02 1.000000e-01 1.384210e+00 -0.097499 0.013382 0.026521 0.025344 0.023529 0.008722 0.097498 -0.012513 -0.025031 -0.025054 0.000000 
9.000073e-02 1.000000e-01 1.227064e+00 8.999758e-02 1.000000e-01 1.391201e+00 -0.108443 0.014892 0.029551 0.028241 0.026108 0.009651 0.108443 -0.013918 -0.027841 -0.027867 0.000000 
9.000076e-02 1.000000e-01 1.217429e+00 8.999714e-02 1.000000e-01 1.398161e+00 -0.119407 0.016405 0.032607 0.031166 0.028667 0.010562 0.119407 -0.015325 -0.030656 -0.030684 0.000000 
9.000078e-02 1.000000e-01 1.207733e+00 8.999664e-02 1.000000e-01 1.405090e+00 -0.130391 0.017922 0.035690 0.034121 0.031205 0.011453 0.130391 -0.016735 -0.033476 -0.033507 0.000000 
9.000080e-02 1.000000e-01 1.197979e+00 8.999608e-02 1.000000e-01 1.411989e+00 -0.141394 0.019440 0.038808 0.037120 0.033710 0.012315 0.141394 -0.018147 -0.036301 -0.036334 0.000000 
9.000082e-02 1.000000e-01 1.188165e+00 8.999545e-02 1.000000e-01 1.418856e+00 -0.152415 0.020957 0.041960 0.040165 0.036186 0.013147 0.152415 -0.019561 -0.039130 -0.039167 0.000000 
9.000083e-02 1.000000e-01 1.178293e+00 8.999474e-02 1.000000e-01 1.425692e+00 -0.163454 0.022470 0.045151 0.043267 0.038622 0.013942 0.163454 -0.020978 -0.041964 -0.042003 0.000000 
9.000085e-02 1.000000e-01 1.168362e+00 8.999394e-02 1.000000e-01 1.432495e+00 -0.174510 0.023974 0.048390 0.046445 0.041010 0.014691 0.174510 -0.022397 -0.044803 -0.044844 0.000000 
9.000086e-02 1.000000e-01 1.158375e+00 8.999305e-02 1.000000e-01 1.439266e+00 -0.185582 0.025464 0.051675 0.049703 0.043348 0.015392 0.185582 -0.023818 -0.047645 -0.047690 0.000000 
9.000086e-02 1.000000e-01 1.148330e+00 8.999206e-02 1.000000e-01 1.446004e+00 -0.196670 0.026932 0.055018 0.053072 0.045620 0.016028 0.196670 -0.025241 -0.050492 -0.050539 0.000000 
9.000087e-02 1.000000e-01 1.138229e+00 8.999095e-02 1.000000e-01 1.452708e+00 -0.207774 0.028366 0.058425 0.056573 0.047818 0.016590 0.207774 -0.026666 -0.053343 -0.053392 0.000000 
9.000088e-02 1.000000e-01 1.128071e+00 8.998971e-02 1.000000e-01 1.459379e+00 -0.218892 0.029760 0.061898 0.060224 0.049936 0.017073 0.218892 -0.028093 -0.056197 -0.056249 0.000000 
9.000088e-02 1.000000e-01 1.117858e+00 8.998834e-02 1.000000e-01 1.466015e+00 -0.230025 0.031092 0.065454 0.064081 0.051946 0.017451 0.230025 -0.029522 -0.059055 -0.059110 0.000000 
9.000089e-02 1.000000e-01 1.107591e+00 8.998683e-02 1.000000e-01 1.472616e+00 -0.241171 0.032343 0.069101 0.068181 0.053835 0.017710 0.241170 -0.030953 -0.061917 -0.061974 0.000000 
9.000089e-02 1.000000e-01 1.097268e+00 8.998516e-02 1.000000e-01 1.479182e+00 -0.252330 0.033497 0.072843 0.072558 0.055590 0.017841 0.252329 -0.032385 -0.064782 -0.064842 0.000000 
9.000089e-02 1.000000e-01 1.086892e+00 8.998332e-02 1.000000e-01 1.485713e+00 -0.263501 0.034515 0.076700 0.077308 0.057169 0.017808 0.263500 -0.033819 -0.067650 -0.067712 0.000000 
9.000090e-02 1.000000e-01 1.076462e+00 8.998131e-02 1.000000e-01 1.492207e+00 -0.274684 0.035355 0.080690 0.082523 0.058532 0.017583 0.274683 -0.035254 -0.070521 -0.070586 0.000000 
9.000090e-02 1.000000e-01 1.065978e+00 8.997912e-02 1.000000e-01 1.498665e+00 -0.285878 0.035991 0.084813 0.088260 0.059657 0.017155 0.285877 -0.036690 -0.073395 -0.073463 0.000000 
9.000090e-02 1.000000e-01 1.055443e+00 8.997676e-02 1.000000e-01 1.505084e+00 -0.297081 0.036373 0.089083 0.094638 0.060491 0.016495 0.297081 -0.038128 -0.076271 -0.076342 0.000000 
9.000090e-02 1.000000e-01 1.044855e+00 8.997424e-02 1.000000e-01 1.511464e+00 -0.308294 0.036384 0.093537 0.101948 0.060902 0.015522 0.308293 -0.039567 -0.079150 -0.079223 0.000000 
9.000090e-02 1.000000e-01 1.034215e+00 8.997160e-02 1.000000e-01 1.517804e+00 -0.319514 0.036001 0.098155 0.110253 0.060857 0.014247 0.319513 -0.041007 -0.082030 -0.082106 0.000000 
9.000090e-02 1.000000e-01 1.023524e+00 8.996890e-02 1.000000e-01 1.524103e+00 -0.330742 0.035147 0.102931 0.119777 0.060252 0.012634 0.330741 -0.042448 -0.084913 -0.084992 0.000000 
9.000090e-02 1.000000e-01 1.012782e+00 8.996630e-02 1.000000e-01 1.530361e+00 -0.341976 0.033697 0.107850 0.130893 0.058908 0.010627 0.341976 -0.043890 -0.087797 -0.087878 0.000000 
9.000091e-02 1.000000e-01 1.001990e+00 8.996412e-02 1.000000e-01 1.536578e+00 -0.353217 0.031486 0.112859 0.144165 0.056552 0.008154 0.353216 -0.045333 -0.090683 -0.090767 0.000000 
9.000091e-02 1.000000e-01 9.911474e-01 8.996301e-02 1.000000e-01 1.542752e+00 -0.364463 0.028474 0.117826 0.159885 0.053045 0.005232 0.364462 -0.046776 -0.093570 -0.093657 0.000000 
9.000091e-02 1.000000e-01 9.802558e-01 8.996430e-02 1.000000e-01 1.548883e+00 -0.375714 0.024548 0.122557 0.178672 0.048102 0.001833 0.375713 -0.048220 -0.096459 -0.096548 0.000000 
9.000091e-02 1.000000e-01 9.693151e-01 8.997076e-02 1.000000e-01 1.554971e+00 -0.386969 0.019595 0.126714 0.201338 0.041381 -0.002062 0.386968 -0.049665 -0.099348 -0.099440 0.000000 
9.000091e-02 1.000000e-01 9.583257e-01 8.998817e-02 1.000000e-01 1.561015e+00 -0.398228 0.013336 0.129454 0.229905 0.032074 -0.006542 0.398227 -0.051110 -0.102239 -0.102334 0.000000 
9.000091e-02 1.000000e-01 9.472882e-01 9.002889e-02 1.000000e-01 1.567015e+00 -0.409491 0.005856 0.129754 0.265400 0.020002 -0.011523 0.409490 -0.052555 -0.105130 -0.105228 0.000000 
9.000091e-02 1.000000e-01 9.362030e-01 9.011789e-02 1.000000e-01 1.572970e+00 -0.420761 -0.002881 0.125734 0.310172 0.004716 -0.016982 0.420760 -0.054002 -0.108024 -0.108124 0.000000 
9.000091e-02 1.000000e-01 9.250704e-01 9.030478e-02 1.000000e-01 1.578884e+00 -0.432053 -0.012907 0.114078 0.368021 -0.014236 -0.022905 0.432053 -0.055451 -0.110923 -0.111026 0.000000 
9.000091e-02 1.000000e-01 9.138909e-01 9.068552e-02 1.000000e-01 1.584769e+00 -0.443423 -0.024346 0.088825 0.445702 -0.037425 -0.029334 0.443423 -0.056910 -0.113842 -0.113948 0.000000 
9.000091e-02 1.000000e-01 9.026649e-01 9.139455e-02 1.000000e-01 1.590678e+00 -0.455114 -0.038021 0.035821 0.561193 -0.067174 -0.036707 0.455113 -0.058411 -0.116843 -0.116952 0.000000 
9.000091e-02 1.000000e-01 8.913928e-01 9.231256e-02 1.000000e-01 1.596813e+00 -0.467863 -0.056326 -0.066299 0.746219 -0.109334 -0.046399 0.467862 -0.060047 -0.120116 -0.120228 0.000000 
9.000091e-02 1.000000e-01 8.800750e-01 9.237065e-02 1.000000e-01 1.597532e+00 -0.476053 -0.058005 -0.080335 0.775036 -0.113572 -0.047074 0.476052 -0.061098 -0.122219 -0.122332 0.000000 
9.000091e-02 1.000000e-01 8.687119e-01 9.237065e-02 1.000000e-01 1.597532e+00 -0.483560 -0.057041 -0.078407 0.776966 -0.111632 -0.046327 0.483559 -0.062062 -0.124147 -0.124262 0.000000 
9.000091e-02 1.000000e-01 8.573040e-01 9.237065e-02 1.000000e-01 1.597532e+00 -0.491097 -0.056074 -0.076472 0.778902 -0.109685 -0.045576 0.491096 -0.063029 -0.126082 -0.126198 0.000000 
9.000091e-02 1.000000e-01 8.458515e-01 9.237065e-02 1.000000e-01 1.597532e+00 -0.498663 -0.055103 -0.074530 0.780847 -0.107730 -0.044823 0.498663 -0.064000 -0.128024 -0.128143 0.000000 
9.000091e-02 1.000000e-01 8.343550e-01 9.237065e-02 1.000000e-01 1.597532e+00 -0.506259 -0.054128 -0.072579 0.782799 -0.105768 -0.044067 0.506258 -0.064975 -0.129974 -0.130095 0.000000 
9.000091e-02 1.000000e-01 8.228147e-01 9.237065e-02 1.000000e-01 1.597532e+00 -0.513883 -0.053149 -0.070622 0.784758 -0.103798 -0.043308 0.513883 -0.065953 -0.131932 -0.132054 0.000000 
9.000091e-02 1.000000e-01 8.112312e-01 9.237065e-02 1.000000e-01 1.597532e+00 -0.521536 -0.052167 -0.068657 0.786724 -0.101820 -0.042546 0.521536 -0.066936 -0.133896 -0.134020 0.000000 
9.000091e-02 1.000000e-01 7.996046e-01 9.237065e-02 1.000000e-01 1.597532e+00 -0.529218 -0.051181 -0.066685 0.788698 -0.099836 -0.041781 0.529217 -0.067921 -0.135868 -0.135994 0.000000 
9.000091e-02 1.000000e-01 7.879355e-01 9.237065e-02 1.000000e-01 1.597532e+00 -0.536927 -0.050191 -0.064706 0.790679 -0.097844 -0.041013 0.536927 -0.068911 -0.137848 -0.137976 0.000000 
9.000091e-02 9.999999e-02 7.762242e-01 9.237065e-02 1.000000e-01 1.597532e+00 -0.544665 -0.049198 -0.062719 0.792668 -0.095845 -0.040243 0.544664 -0.069904 -0.139834 -0.139964 0.000000 
9.000091e-02 9.999999e-02 7.644711e-01 9.237065e-02 1.000000e-01 1.597532e+00 -0.552430 -0.048202 -0.060726 0.794663 -0.093838 -0.039470 0.552429 -0.070901 -0.141828 -0.141959 0.000000 
9.000091e-02 9.999999e-02 7.526765e-01 9.237065e-02 1.000000e-01 1.597532e+00 -0.560222 -0.047202 -0.058725 0.796666 -0.091825 -0.038694 0.560222 -0.071901 -0.143828 -0.143962 0.000000 
9.000091e-02 9.999999e-02 7.408407e-01 9.237065e-02 1.000000e-01 1.597532e+00 -0.568042 -0.046198 -0.056718 0.798675 -0.089804 -0.037915 0.568041 -0.072904 -0.145836 -0.145971 0.000000 
9.000091e-02 9.999999e-02 7.289642e-01 9.237065e-02 1.000000e-01 1.597532e+00 -0.575888 -0.045191 -0.054703 0.800691 -0.087777 -0.037134 0.575888 -0.073911 -0.147850 -0.147987 0.000000 
9.000091e-02 9.999999e-02 7.170473e-01 9.237065e-02 1.000000e-01 1.597532e+00 -0.583762 -0.044181 -0.052682 0.802715 -0.085743 -0.036350 0.583761 -0.074922 -0.149872 -0.150011 0.000000 
9.000091e-02 9.999998e-02 7.050904e-01 9.237065e-02 1.000000e-01 1.597532e+00 -0.591661 -0.043167 -0.050654 0.804745 -0.083702 -0.035563 0.591661 -0.075936 -0.151900 -0.152041 0.000000 
9.000091e-02 9.999998e-02 6.930937e-01 9.237065e-02 1.000000e-01 1.597532e+00 -0.599587 -0.042149 -0.048619 0.806781 -0.081654 -0.034774 0.599587 -0.076953 -0.153935 -0.154077 0.000000 
9.000091e-02 9.999998e-02 6.810577e-01 9.237065e-02 1.000000e-01 1.597532e+00 -0.607539 -0.041129 -0.046577 0.808825 -0.079599 -0.033982 0.607539 -0.077973 -0.155976 -0.156121 0.000000 
9.000091e-02 9.999997e-02 6.689826e-01 9.237065e-02 1.000000e-01 1.597532e+00 -0.615517 -0.040105 -0.044529 0.810875 -0.077538 -0.033188 0.615516 -0.078997 -0.158024 -0.158171 0.000000 
9.000091e-02 9.999997e-02 6.568688e-01 9.237065e-02 1.000000e-01 1.597532e+00 -0.623520 -0.039078 -0.042474 0.812931 -0.075470 -0.032391 0.623520 -0.080024 -0.160079 -0.160227 0.000000 
9.000091e-02 9.999996e-02 6.447166e-01 9.237065e-02 1.000000e-01 1.597532e+00 -0.631549 -0.038047 -0.040413 0.814995 -0.073395 -0.031592 0.631548 -0.081055 -0.162140 -0.162291 0.000000 
9.000091e-02 9.999995e-02 6.325264e-01 9.237065e-02 1.000000e-01 1.597532e+00 -0.639603 -0.037014 -0.038345 0.817064 -0.071314 -0.030790 0.639602 -0.082089 -0.164208 -0.164360 0.000000 
9.000091e-02 9.999994e-02 6.202985e-01 9.237065e-02 1.000000e-01 1.597532e+00 -0.647681 -0.035977 -0.036271 0.819140 -0.069227 -0.029985 0.647681 -0.083125 -0.166282 -0.166436 0.000000 
9.000091e-02 9.999993e-02 6.080331e-01 9.237065e-02 1.000000e-01 1.597532e+00 -0.655785 -0.034937 -0.034191 0.821223 -0.067133 -0.029178 0.655784 -0.084165 -0.168363 -0.168519 0.000000 
9.000091e-02 9.999992e-02 5.957307e-01 9.237065e-02 1.000000e-01 1.597532e+00 -0.663913 -0.033894 -0.032104 0.823311 -0.065033 -0.028369 0.663912 -0.085209 -0.170449 -0.170607 0.000000 
9.000091e-02 9.999990e-02 5.833915e-01 9.237065e-02 1.000000e-01 1.597532e+00 -0.672065 -0.032847 -0.030011 0.825406 -0.062927 -0.027557 0.672065 -0.086255 -0.172542 -0.172702 0.000000 
9.000091e-02 9.999988e-02 5.710158e-01 9.237065e-02 1.000000e-01 1.597532e+00 -0.680241 -0.031798 -0.027912 0.827507 -0.060814 -0.026743 0.680241 -0.087304 -0.174641 -0.174803 0.000000 
9.000091e-02 9.999985e-02 5.586040e-01 9.237065e-02 1.000000e-01 1.597532e+00 -0.688442 -0.030746 -0.025807 0.829614 -0.058695 -0.025927 0.688441 -0.088357 -0.176747 -0.176911 0.000000 
9.000091e-02 9.999982e-02 5.461562e-01 9.237065e-02 1.000000e-01 1.597532e+00 -0.696666 -0.029690 -0.023695 0.831728 -0.056571 -0.025108 0.696665 -0.089412 -0.178858 -0.179024 0.000000 
9.000091e-02 9.999979e-02 5.336730e-01 9.237065e-02 1.000000e-01 1.597532e+00 -0.704913 -0.028632 -0.021578 0.833847 -0.054440 -0.024287 0.704913 -0.090470 -0.180975 -0.181143 0.000000 
9.000091e-02 9.999974e-02 5.211544e-01 9.237065e-02 1.000000e-01 1.597532e+00 -0.713184 -0.027570 -0.019454 0.835973 -0.052303 -0.023463 0.713183 -0.091532 -0.183099 -0.183269 0.000000 
9.000091e-02 9.999969e-02 5.086009e-01 9.237065e-02 1.000000e-01 1.597532e+00 -0.721478 -0.026506 -0.017325 0.838104 -0.050160 -0.022637 0.721477 -0.092596 -0.185228 -0.185400 0.000000 
9.000091e-02 9.999962e-02 4.960127e-01 9.237065e-02 1.000000e-01 1.597532e+00 -0.729794 -0.025438 -0.015190 0.840241 -0.048011 -0.021809 0.729794 -0.093663 -0.187363 -0.187538 0.000000 
9.000091e-02 9.999954e-02 4.833901e-01 9.237065e-02 1.000000e-01 1.597532e+00 -0.738134 -0.024368 -0.013049 0.842384 -0.045856 -0.020979 0.738133 -0.094733 -0.189504 -0.189682 0.000000 
9.000091e-02 9.999944e-02 4.707333e-01 9.237065e-02 1.000000e-01 1.597532e+00 -0.746496 -0.023295 -0.010902 0.844533 -0.043695 -0.020146 0.746495 -0.095806 -0.191651 -0.191831 0.000000 
9.000091e-02 9.999932e-02 4.580428e-01 9.237065e-02 1.000000e-01 1.597532e+00 -0.754880 -0.022219 -0.008750 0.846687 -0.041529 -0.019311 0.754880 -0.096882 -0.193804 -0.193987 0.000000 
9.000091e-02 9.999918e-02 4.453186e-01 9.237065e-02 1.000000e-01 1.597532e+00 -0.763287 -0.021140 -0.006591 0.848848 -0.039357 -0.018474 0.763286 -0.097960 -0.195962 -0.196149 0.000000 
9.000091e-02 9.999900e-02 4.325612e-01 9.237065e-02 1.000000e-01 1.597532e+00 -0.771715 -0.020058 -0.004427 0.851014 -0.037179 -0.017635 0.771715 -0.099040 -0.198126 -0.198318 0.000000 
9.000091e-02 9.999878e-02 4.197707e-01 9.237065e-02 1.000000e-01 1.597532e+00 -0.780166 -0.018973 -0.002258 0.853185 -0.034996 -0.016794 0.780165 -0.100123 -0.200296 -0.200493 0.000000 
9.000091e-02 9.999852e-02 4.069475e-01 9.237065e-02 1.000000e-01 1.597532e+00 -0.788638 -0.017886 -0.000083 0.855362 -0.032807 -0.015950 0.788637 -0.101207 -0.202471 -0.202676 0.000000 
9.000091e-02 9.999819e-02 3.940918e-01 9.237065e-02 1.000000e-01 1.597532e+00 -0.797131 -0.016796 0.002098 0.857545 -0.030612 -0.015104 0.797131 -0.102292 -0.204652 -0.204868 0.000000 
9.000091e-02 9.999780e-02 3.812038e-01 9.237065e-02 1.000000e-01 1.597532e+00 -0.805646 -0.015703 0.004284 0.859733 -0.028412 -0.014256 0.805646 -0.103378 -0.206839 -0.207071 0.000000 
9.000091e-02 9.999731e-02 3.682839e-01 9.237065e-02 1.000000e-01 1.597532e+00 -0.814182 -0.014608 0.006475 0.861926 -0.026207 -0.013407 0.814182 -0.104462 -0.209031 -0.209286 0.000000 
9.000091e-02 9.999672e-02 3.553323e-01 9.237065e-02 1.000000e-01 1.597532e+00 -0.822739 -0.013509 0.008672 0.864125 -0.023996 -0.012554 0.822739 -0.105544 -0.211229 -0.211518 0.000000 
9.000091e-02 9.999600e-02 3.423492e-01 9.237065e-02 1.000000e-01 1.597532e+00 -0.831317 -0.012409 0.010874 0.866329 -0.021779 -0.011700 0.831316 -0.106620 -0.213433 -0.213772 0.000000 
9.000091e-02 9.999511e-02 3.293348e-01 9.237065e-02 1.000000e-01 1.597532e+00 -0.839915 -0.011305 0.013082 0.868539 -0.019558 -0.010844 0.839915 -0.107685 -0.215644 -0.216058 0.000000 
9.000091e-02 9.999403e-02 3.162895e-01 9.237065e-02 1.000000e-01 1.597532e+00 -0.848534 -0.010199 0.015295 0.870754 -0.017331 -0.009986 0.848533 -0.108733 -0.217862 -0.218389 0.000000 
9.000091e-02 9.999270e-02 3.032135e-01 9.237065e-02 1.000000e-01 1.597532e+00 -0.857173 -0.009090 0.017513 0.872974 -0.015098 -0.009126 0.857173 -0.109753 -0.220087 -0.220787 0.000000 
9.000091e-02 9.999108e-02 2.901069e-01 9.237065e-02 1.000000e-01 1.597532e+00 -0.865832 -0.007979 0.019736 0.875199 -0.012861 -0.008264 0.865832 -0.110729 -0.222320 -0.223282 0.000000 
9.000091e-02 9.998909e-02 2.769701e-01 9.237065e-02 1.000000e-01 1.597532e+00 -0.874512 -0.006865 0.021964 0.877429 -0.010618 -0.007399 0.874511 -0.111635 -0.224564 -0.225930 0.000000 
9.000091e-02 9.998665e-02 2.638032e-01 9.237065e-02 1.000000e-01 1.597532e+00 -0.883211 -0.005748 0.024197 0.879665 -0.008371 -0.006533 0.883211 -0.112436 -0.226821 -0.228801 0.000000 
9.000091e-02 9.998368e-02 2.506065e-01 9.237065e-02 1.000000e-01 1.597532e+00 -0.891930 -0.004629 0.026436 0.881905 -0.006118 -0.005665 0.891930 -0.113074 -0.229092 -0.232017 0.000000 
9.000091e-02 9.998006e-02 2.373801e-01 9.237065e-02 1.000000e-01 1.597532e+00 -0.900669 -0.003508 0.028680 0.884151 -0.003860 -0.004795 0.900669 -0.113455 -0.231379 -0.235774 0.000000 
9.000091e-02 9.997568e-02 2.241243e-01 9.237065e-02 1.000000e-01 1.597532e+00 -0.909428 -0.002383 0.030928 0.886402 -0.001597 -0.003923 0.909428 -0.113459 -0.233679 -0.240341 0.000000 
9.000091e-02 9.997041e-02 2.108391e-01 9.237065e-02 1.000000e-01 1.597532e+00 -0.918206 -0.001257 0.033182 0.888658 0.000671 -0.003049 0.918206 -0.112879 -0.235978 -0.246196 0.000000 
9.000091e-02 9.996414e-02 1.975248e-01 9.237065e-02 1.000000e-01 1.597532e+00 -0.927005 -0.000128 0.035441 0.890919 0.002945 -0.002172 0.927005 -0.111411 -0.238224 -0.254100 0.000000 
9.000091e-02 9.995682e-02 1.841814e-01 9.237065e-02 1.000000e-01 1.597532e+00 -0.935824 0.001004 0.037705 0.893185 0.005223 -0.001294 0.935824 -0.108663 -0.240280 -0.265186 0.000000 
9.000091e-02 9.994856e-02 1.708089e-01 9.237065e-02 1.000000e-01 1.597532e+00 -0.944664 0.002139 0.039975 0.895457 0.007507 -0.000414 0.944663 -0.104011 -0.241776 -0.281553 0.000000 
9.000091e-02 9.993995e-02 1.574068e-01 9.237065e-02 1.000000e-01 1.597532e+00 -0.953526 0.003276 0.042250 0.897734 0.009797 0.000468 0.953526 -0.096650 -0.241750 -0.306879 0.000000 
9.000091e-02 9.993342e-02 1.439726e-01 9.237065e-02 1.000000e-01 1.597532e+00 -0.962420 0.004418 0.044533 0.900019 0.012095 0.001354 0.962420 -0.085718 -0.237941 -0.347482 0.000000 
9.000091e-02 9.993950e-02 1.304941e-01 9.237065e-02 1.000000e-01 1.597532e+00 -0.971381 0.005568 0.046834 0.902322 0.014411 0.002246 0.971381 -0.070195 -0.224628 -0.416487 0.000000 
9.000091e-02 1.000026e-01 1.169135e-01 9.237065e-02 1.000000e-01 1.597532e+00 -0.980604 0.006752 0.049202 0.904692 0.016794 0.003164 0.980604 -0.048964 -0.186588 -0.543719 0.000000 
9.000091e-02 1.002198e-01 1.030121e-01 9.237065e-02 1.000000e-01 1.597532e+00 -0.990878 0.008070 0.051839 0.907333 0.019448 0.004188 0.990878 -0.020119 -0.090614 -0.788924 0.000000 
9.000091e-02 1.003095e-01 9.749893e-02 9.237065e-02 1.000000e-01 1.597532e+00 -0.995438 0.008655 0.053010 0.908504 0.020627 0.004642 0.995438 -0.006257 -0.029646 -0.930243 0.000000 
9.000091e-02 1.003095e-01 9.749893e-02 9.237065e-02 1.000000e-01 1.597532e+00 -0.995438 0.008655 0.053010 0.908504 0.020627 0.004642 0.995438 -0.006257 -0.029646 -0.930243 0.000000 
9.000091e-02 1.003095e-01 9.749893e-02 9.237065e-02 1.000000e-01 1.597532e+00 -0.995438 0.008655 0.053010 0.908504 0.020627 0.004642 0.995438 -0.006257 -0.029646 -0.930243 0.000000 
9.000091e-02 1.003095e-01 9.749893e-02 9.237065e-02 1.000000e-01 1.597532e+00 -0.995438 0.008655 0.053010 0.908504 0.020627 0.004642 0.995438 -0.006257 -0.029646 -0.930243 0.000000 
9.000091e-02 1.003095e-01 9.749893e-02 9.237065e-02 1.000000e-01 1.597532e+00 -0.995438 0.008655 0.053010 0.908504 0.020627 0.004642 0.995438 -0.006257 -0.029646 -0.930243 0.000000 
9.000091e-02 1.003095e-01 9.749893e-02 9.237065e-02 1.000000e-01 1.597532e+00 -0.995438 0.008655 0.053010 0.908504 0.020627 0.004642 0.995438 -0.006257 -0.029646 -0.930243 0.000000 
9.000091e-02 1.003095e-01 9.749893e-02 9.237065e-02 1.000000e-01 1.597532e+00 -0.995438 0.008655 0.053010 0.908504 0.020627 0.004642 0.995438 -0.006257 -0.029646 -0.930243 0.000000 
9.000091e-02 1.003095e-01 9.749893e-02 9.237065e-02 1.000000e-01 1.597532e+00 -0.995438 0.008655 0.053010 0.908504 0.020627 0.004642 0.995438 -0.006257 -0.029646 -0.930243 0.000000 
9.000091e-02 1.003095e-01 9.749893e-02 9.237065e-02 1.000000e-01 1.597532e+00 -0.995438 0.008655 0.053010 0.908504 0.020627 0.004642 0.995438 -0.006257 -0.029646 -0.930243 0.000000 
9.000091e-02 1.003095e-01 9.749893e-02 9.237065e-02 1.000000e-01 1.597532e+00 -0.995438 0.008655 0.053010 0.908504 0.020627 0.004642 0.995438 -0.006257 -0.029646 -0.930243 0.000000 
9.000091e-02 1.003095e-01 9.749893e-02 9.237065e-02 1.000000e-01 1.597532e+00 -0.995438 0.008655 0.053010 0.908504 0.020627 0.004642 0.995438 -0.006257 -0.029646 -0.930243 0.000000 
9.000091e-02 1.003095e-01 9.749893e-02 9.237065e-02 1.000000e-01 1.597532e+00 -0.995438 0.008655 0.053010 0.908504 0.020627 0.004642 0.995438 -0.006257 -0.029646 -0.930243 0.000000 
9.000091e-02 1.003095e-01 9.749893e-02 9.237065e-02 1.000000e-01 1.597532e+00 -0.995438 0.008655 0.053010 0.908504 0.020627 0.004642 0.995438 -0.006257 -0.029646 -0.930243 0.000000 
9.000091e-02 1.003095e-01 9.749893e-02 9.237065e-02 1.000000e-01 1.597532e+00 -0.995438 0.008655 0.053010 0.908504 0.020627 0.004642 0.995438 -0.006257 -0.029646 -0.930243 0.000000 
9.000091e-02 1.003095e-01 9.749893e-02 9.237065e-02 1.000000e-01 1.597532e+00 -0.995438 0.008655 0.053010 0.908504 0.020627 0.004642 0.995438 -0.006257 -0.029646 -0.930243 0.000000 
9.000091e-02 1.003095e-01 9.749893e-02 9.237065e-02 1.000000e-01 1.597532e+00 -0.995438 0.008655 0.053010 0.908504 0.020627 0.004642 0.995438 -0.006257 -0.029646 -0.930243 0.000000 
9.000091e-02 1.003095e-01 9.749893e-02 9.237065e-02 1.000000e-01 1.597532e+00 -0.995438 0.008655 0.053010 0.908504 0.020627 0.004642 0.995438 -0.006257 -0.029646 -0.930243 0.000000 
9.000091e-02 1.003095e-01 9.749893e-02 9.237065e-02 1.000000e-01 1.597532e+00 -0.995438 0.008655 0.053010 0.908504 0.020627 0.004642 0.995438 -0.006257 -0.029646 -0.930243 0.000000 
9.000091e-02 1.003095e-01 9.749893e-02 9.237065e-02 1.000000e-01 1.597532e+00 -0.995438 0.008655 0.053010 0.908504 0.020627 0.004642 0.995438 -0.006257 -0.029646 -0.930243 0.000000 
9.000091e-02 1.003095e-01 9.749893e-02 9.237065e-02 1.000000e-01 1.597532e+00 -0.995438 0.008655 0.053010 0.908504 0.020627 0.004642 0.995438 -0.006257 -0.029646 -0.930243 0.000000 
9.000091e-02 1.003095e-01 9.749893e-02 9.237065e-02 1.000000e-01 1.597532e+00 -0.995438 0.008655 0.053010 0.908504 0.020627 0.004642 0.995438 -0.006257 -0.029646 -0.930243 0.000000 
9.000091e-02 1.003095e-01 9.749893e-02 9.237065e-02 1.000000e-01 1.597532e+00 -0.995438 0.008655 0.053010 0.908504 0.020627 0.004642 0.995438 -0.006257 -0.029646 -0.930243 0.000000 
9.000091e-02 1.003095e-01 9.749893e-02 9.237065e-02 1.000000e-01 1.597532e+00 -0.995438 0.008655 0.053010 0.908504 0.020627 0.004642 0.995438 -0.006257 -0.029646 -0.930243 0.000000 
9.000091e-02 1.003095e-01 9.749893e-02 9.237065e-02 1.000000e-01 1.597532e+00 -0.995438 0.008655 0.053010 0.908504 0.020627 0.004642 0.995438 -0.006257 -0.029646 -0.930243 0.000000 
9.000091e-02 1.003095e-01 9.749893e-02 9.237065e-02 1.000000e-01 1.597532e+00 -0.995438 0.008655 0.053010 0.908504 0.020627 0.004642 0.995438 -0.006257 -0.029646 -0.930243 0.000000 
9.000091e-02 1.003095e-01 9.749893e-02 9.237065e-02 1.000000e-01 1.597532e+00 -0.995438 0.008655 0.053010 0.908504 0.020627 0.004642 0.995438 -0.006257 -0.029646 -0.930243 0.000000 
9.000091e-02 1.003095e-01 9.749893e-02 9.237065e-02 1.000000e-01 1.597532e+00 -0.995438 0.008655 0.053010 0.908504 0.020627 0.004642 0.995438 -0.006257 -0.029646 -0.930243 0.000000 
9.000091e-02 1.003095e-01 9.749893e-02 9.237065e-02 1.000000e-01 1.597532e+00 -0.995438 0.008655 0.053010 0.908504 0.020627 0.004642 0.995438 -0.006257 -0.029646 -0.930243 0.000000 
9.000091e-02 1.003095e-01 9.749893e-02 9.237065e-02 1.000000e-01 1.597532e+00 -0.995438 0.008655 0.053010 0.908504 0.020627 0.004642 0.995438 -0.006257 -0.029646 -0.930243 0.000000 
9.000091e-02 1.003095e-01 9.749893e-02 9.237065e-02 1.000000e-01 1.597532e+00 -0.995438 0.008655 0.053010 0.908504 0.020627 0.004642 0.995438 -0.006257 -0.029646 -0.930243 0.000000 
9.000091e-02 1.003095e-01 9.749893e-02 9.237065e-02 1.000000e-01 1.597532e+00 -0.995438 0.008655 0.053010 0.908504 0.020627 0.004642 0.995438 -0.006257 -0.029646 -0.930243 0.000000 
9.000091e-02 1.003095e-01 9.749893e-02 9.237065e-02 1.000000e-01 1.597532e+00 -0.995438 0.008655 0.053010 0.908504 0.020627 0.004642 0.995438 -0.006257 -0.029646 -0.930243 0.000000 
9.000091e-02 1.003095e-01 9.749893e-02 9.237065e-02 1.000000e-01 1.597532e+00 -0.995438 0.008655 0.053010 0.908504 0.020627 0.004642 0.995438 -0.006257 -0.029646 -0.930243 0.000000 
9.000091e-02 1.003095e-01 9.749893e-02 9.237065e-02 1.000000e-01 1.597532e+00 -0.995438 0.008655 0.053010 0.908504 0.020627 0.004642 0.995438 -0.006257 -0.029646 -0.930243 0.000000 
9.000091e-02 1.003095e-01 9.749893e-02 9.237065e-02 1.000000e-01 1.597532e+00 -0.995438 0.008655 0.053010 0.908504 0.020627 0.004642 0.995438 -0.006257 -0.029646 -0.930243 0.000000 
9.000091e-02 1.003095e-01 9.749893e-02 9.237065e-02 1.000000e-01 1.597532e+00 -0.995438 0.008655 0.053010 0.908504 0.020627 0.004642 0.995438 -0.006257 -0.029646 -0.930243 0.000000 
9.000091e-02 1.003095e-01 9.749893e-02 9.237065e-02 1.000000e-01 1.597532e+00 -0.995438 0.008655 0.053010 0.908504 0.020627 0.004642 0.995438 -0.006257 -0.029646 -0.930243 0.000000 
9.000091e-02 1.003095e-01 9.749893e-02 9.237065e-02 1.000000e-01 1.597532e+00 -0.995438 0.008655 0.053010 0.908504 0.020627 0.004642 0.995438 -0.006257 -0.029646 -0.930243 0.000000 
9.000091e-02 1.003095e-01 9.749893e-02 9.237065e-02 1.000000e-01 1.597532e+00 -0.995438 0.008655 0.053010 0.908504 0.020627 0.004642 0.995438 -0.006257 -0.029646 -0.930243 0.000000 
9.000091e-02 1.003095e-01 9.749893e-02 9.237065e-02 1.000000e-01 1.597532e+00 -0.995438 0.008655 0.053010 0.908504 0.020627 0.004642 0.995438 -0.006257 -0.029646 -0.930243 0.000000 
9.000091e-02 1.003095e-01 9.749893e-02 9.237065e-02 1.000000e-01 1.597532e+00 -0.995438 0.008655 0.053010 0.908504 0.020627 0.004642 0.995438 -0.006257 -0.029646 -0.930243 0.000000 
9.000091e-02 1.003095e-01 9.749893e-02 9.237065e-02 1.000000e-01 1.597532e+00 -0.995438 0.008655 0.053010 0.908504 0.020627 0.004642 0.995438 -0.006257 -0.029646 -0.930243 0.000000 
9.000091e-02 1.003095e-01 9.749893e-02 9.237065e-02 1.000000e-01 1.597532e+00 -0.995438 0.008655 0.053010 0.908504 0.020627 0.004642 0.995438 -0.006257 -0.029646 -0.930243 0.000000 
9.000091e-02 1.003095e-01 9.749893e-02 9.237065e-02 1.000000e-01 1.597532e+00 -0.995438 0.008655 0.053010 0.908504 0.020627 0.004642 0.995438 -0.006257 -0.029646 -0.930243 0.000000 
9.000091e-02 1.003095e-01 9.749893e-02 9.237065e-02 1.000000e-01 1.597532e+00 -0.995438 0.008655 0.053010 0.908504 0.020627 0.004642 0.995438 -0.006257 -0.029646 -0.930243 0.000000 
9.000091e-02 1.003095e-01 9.749893e-02 9.237065e-02 1.000000e-01 1.597532e+00 -0.995438 0.008655 0.053010 0.908504 0.020627 0.004642 0.995438 -0.006257 -0.029646 -0.930243 0.000000 
9.000091e-02 1.003095e-01 9.749893e-02 9.237065e-02 1.000000e-01 1.597532e+00 -0.995438 0.008655 0.053010 0.908504 0.020627 0.004642 0.995438 -0.006257 -0.029646 -0.930243 0.000000 
9.000091e-02 1.003095e-01 9.749893e-02 9.237065e-02 1.000000e-01 1.597532e+00 -0.995438 0.008655 0.053010 0.908504 0.020627 0.004642 0.995438 -0.006257 -0.029646 -0.930243 0.000000 
9.000091e-02 1.003095e-01 9.749893e-02 9.237065e-02 1.000000e-01 1.597532e+00 -0.995438 0.008655 0.053010 0.908504 0.020627 0.004642 0.995438 -0.006257 -0.029646 -0.930243 0.000000 
9.000091e-02 1.003095e-01 9.749893e-02 9.237065e-02 1.000000e-01 1.597532e+00 -0.995438 0.008655 0.053010 0.908504 0.020627 0.004642 0.995438 -0.006257 -0.029646 -0.930243 0.000000 
9.000091e-02 1.003095e-01 9.749893e-02 9.237065e-02 1.000000e-01 1.597532e+00 -0.995438 0.008655 0.053010 0.908504 0.020627 0.004642 0.995438 -0.006257 -0.029646 -0.930243 0.000000 
9.000091e-02 1.003095e-01 9.749893e-02 9.237065e-02 1.000000e-01 1.597532e+00 -0.995438 0.008655 0.053010 0.908504 0.020627 0.004642 0.995438 -0.006257 -0.029646 -0.930243 0.000000 
9.000091e-02 1.003095e-01 9.749893e-02 9.237065e-02 1.000000e-01 1.597532e+00 -0.995438 0.008655 0.053010 0.908504 0.020627 0.004642 0.995438 -0.006257 -0.029646 -0.930243 0.000000 
9.000091e-02 1.003095e-01 9.749893e-02 9.237065e-02 1.000000e-01 1.597532e+00 -0.995438 0.008655 0.053010 0.908504 0.020627 0.004642 0.995438 -0.006257 -0.029646 -0.930243 0.000000 
9.000091e-02 1.003095e-01 9.749893e-02 9.237065e-02 1.000000e-01 1.597532e+00 -0.995438 0.008655 0.053010 0.908504 0.020627 0.004642 0.995438 -0.006257 -0.029646 -0.930243 0.000000 
9.000091e-02 1.003095e-01 9.749893e-02 9.237065e-02 1.000000e-01 1.597532e+00 -0.995438 0.008655 0.053010 0.908504 0.020627 0.004642 0.995438 -0.006257 -0.029646 -0.930243 0.000000 
9.000091e-02 1.003095e-01 9.749893e-02 9.237065e-02 1.000000e-01 1.597532e+00 -0.995438 0.008655 0.053010 0.908504 0.020627 0.004642 0.995438 -0.006257 -0.029646 -0.930243 0.000000 
9.000091e-02 1.003095e-01 9.749893e-02 9.237065e-02 1.000000e-01 1.597532e+00 -0.995438 0.008655 0.053010 0.908504 0.020627 0.004642 0.995438 -0.006257 -0.029646 -0.930243 0.000000 
9.000091e-02 1.003095e-01 9.749893e-02 9.237065e-02 1.000000e-01 1.597532e+00 -0.995438 0.008655 0.053010 0.908504 0.020627 0.004642 0.995438 -0.006257 -0.029646 -0.930243 0.000000 
9.000091e-02 1.003095e-01 9.749893e-02 9.237065e-02 1.000000e-01 1.597532e+00 -0.995438 0.008655 0.053010 0.908504 0.020627 0.004642 0.995438 -0.006257 -0.029646 -0.930243 0.000000 
9.000091e-02 1.003095e-01 9.749893e-02 9.237065e-02 1.000000e-01 1.597532e+00 -0.995438 0.008655 0.053010 0.908504 0.020627 0.004642 0.995438 -0.006257 -0.029646 -0.930243 0.000000 
9.000091e-02 1.003095e-01 9.749893e-02 9.237065e-02 1.000000e-01 1.597532e+00 -0.995438 0.008655 0.053010 0.908504 0.020627 0.004642 0.995438 -0.006257 -0.029646 -0.930243 0.000000 
9.000091e-02 1.003095e-01 9.749893e-02 9.237065e-02 1.000000e-01 1.597532e+00 -0.995438 0.008655 0.053010 0.908504 0.020627 0.004642 0.995438 -0.006257 -0.029646 -0.930243 0.000000 
9.000091e-02 1.003095e-01 9.749893e-02 9.237065e-02 1.000000e-01 1.597532e+00 -0.995438 0.008655 0.053010 0.908504 0.020627 0.004642 0.995438 -0.006257 -0.029646 -0.930243 0.000000 
9.000091e-02 1.003095e-01 9.749893e-02 9.237065e-02 1.000000e-01 1.597532e+00 -0.995438 0.008655 0.053010 0.908504 0.020627 0.004642 0.995438 -0.006257 -0.029646 -0.930243 0.000000 
9.000091e-02 1.003095e-01 9.749893e-02 9.237065e-02 1.000000e-01 1.597532e+00 -0.995438 0.008655 0.053010 0.908504 0.020627 0.004642 0.995438 -0.006257 -0.029646 -0.930243 0.000000 
9.000091e-02 1.003095e-01 9.749893e-02 9.237065e-02 1.000000e-01 1.597532e+00 -0.995438 0.008655 0.053010 0.908504 0.020627 0.004642 0.995438 -0.006257 -0.029646 -0.930243 0.000000 
9.000091e-02 1.003095e-01 9.749893e-02 9.237065e-02 1.000000e-01 1.597532e+00 -0.995438 0.008655 0.053010 0.908504 0.020627 0.004642 0.995438 -0.006257 -0.029646 -0.930243 0.000000 
9.000091e-02 1.003095e-01 9.749893e-02 9.237065e-02 1.000000e-01 1.597532e+00 -0.995438 0.008655 0.053010 0.908504 0.020627 0.004642 0.995438 -0.006257 -0.029646 -0.930243 0.000000 
9.000091e-02 1.003095e-01 9.749893e-02 9.237065e-02 1.000000e-01 1.597532e+00 -0.995438 0.008655 0.053010 0.908504 0.020627 0.004642 0.995438 -0.006257 -0.029646 -0.930243 0.000000 
9.000091e-02 1.003095e-01 9.749893e-02 9.237065e-02 1.000000e-01 1.597532e+00 -0.995438 0.008655 0.053010 0.908504 0.020627 0.004642 0.995438 -0.006257 -0.029646 -0.930243 0.000000 
9.000091e-02 1.003095e-01 9.749893e-02 9.237065e-02 1.000000e-01 1.597532e+00 -0.995438 0.008655 0.053010 0.908504 0.020627 0.004642 0.995438 -0.006257 -0.029646 -0.930243 0.000000 
9.000091e-02 1.003095e-01 9.749893e-02 9.237065e-02 1.000000e-01 1.597532e+00 -0.995438 0.008655 0.053010 0.908504 0.020627 0.004642 0.995438 -0.006257 -0.029646 -0.930243 0.000000 
9.000091e-02 1.003095e-01 9.749893e-02 9.237065e-02 1.000000e-01 1.597532e+00 -0.995438 0.008655 0.053010 0.908504 0.020627 0.004642 0.995438 -0.006257 -0.029646 -0.930243 0.000000 
9.000091e-02 1.003095e-01 9.749893e-02 9.237065e-02 1.000000e-01 1.597532e+00 -0.995438 0.008655 0.053010 0.908504 0.020627 0.004642 0.995438 -0.006257 -0.029646 -0.930243 0.000000 
9.000091e-02 1.003095e-01 9.749893e-02 9.237065e-02 1.000000e-01 1.597532e+00 -0.995438 0.008655 0.053010 0.908504 0.020627 0.004642 0.995438 -0.006257 -0.029646 -0.930243 0.000000 
9.000091e-02 1.003095e-01 9.749893e-02 9.237065e-02 1.000000e-01 1.597532e+00 -0.995438 0.008655 0.053010 0.908504 0.020627 0.004642 0.995438 -0.006257 -0.029646 -0.930243 0.000000 
9.000091e-02 1.003095e-01 9.749893e-02 9.237065e-02 1.000000e-01 1.597532e+00 -0.995438 0.008655 0.053010 0.908504 0.020627 0.004642 0.995438 -0.006257 -0.029646 -0.930243 0.000000 
9.000091e-02 1.003095e-01 9.749893e-02 9.237065e-02 1.000000e-01 1.597532e+00 -0.995438 0.008655 0.053010 0.908504 0.020627 0.004642 0.995438 -0.006257 -0.029646 -0.930243 0.000000 
9.000091e-02 1.003095e-01 9.749893e-02 9.237065e-02 1.000000e-01 1.597532e+00 -0.995438 0.008655 0.053010 0.908504 0.020627 0.004642 0.995438 -0.006257 -0.029646 -0.930243 0.000000 
9.000091e-02 1.003095e-01 9.749893e-02 9.237065e-02 1.000000e-01 1.597532e+00 -0.995438 0.008655 0.053010 0.908504 0.020627 0.004642 0.995438 -0.006257 -0.029646 -0.930243 0.000000 
9.000091e-02 1.003095e-01 9.749893e-02 9.237065e-02 1.000000e-01 1.597532e+00 -0.995438 0.008655 0.053010 0.908504 0.020627 0.004642 0.995438 -0.006257 -0.029646 -0.930243 0.000000 
9.000091e-02 1.003095e-01 9.749893e-02 9.237065e-02 1.000000e-01 1.597532e+00 -0.995438 0.008655 0.053010 0.908504 0.020627 0.004642 0.995438 -0.006257 -0.029646 -0.930243 0.000000 
9.000091e-02 1.003095e-01 9.749893e-02 9.237065e-02 1.000000e-01 1.597532e+00 -0.995438 0.008655 0.053010 0.908504 0.020627 0.004642 0.995438 -0.006257 -0.029646 -0.930243 0.000000 
9.000091e-02 1.003095e-01 9.749893e-02 9.237065e-02 1.000000e-01 1.597532e+00 -0.995438 0.008655 0.053010 0.908504 0.020627 0.004642 0.995438 -0.006257 -0.029646 -0.930243 0.000000 
9.000091e-02 1.003095e-01 9.749893e-02 9.237065e-02 1.000000e-01 1.597532e+00 -0.995438 0.008655 0.053010 0.908504 0.020627 0.004642 0.995438 -0.006257 -0.029646 -0.930243 0.000000 
9.000091e-02 1.003095e-01 9.749893e-02 9.237065e-02 1.000000e-01 1.597532e+00 -0.995438 0.008655 0.053010 0.908504 0.020627 0.004642 0.995438 -0.006257 -0.029646 -0.930243 0.000000 
9.000091e-02 1.003095e-01 9.749893e-02 9.237065e-02 1.000000e-01 1.597532e+00 -0.995438 0.008655 0.053010 0.908504 0.020627 0.004642 0.995438 -0.006257 -0.029646 -0.930243 0.000000 
9.000091e-02 1.003095e-01 9.749893e-02 9.237065e-02 1.000000e-01 1.597532e+00 -0.995438 0.008655 0.053010 0.908504 0.020627 0.004642 0.995438 -0.006257 -0.029646 -0.930243 0.000000 
9.000091e-02 1.003095e-01 9.749893e-02 9.237065e-02 1.000000e-01 1.597532e+00 -0.995438 0.008655 0.053010 0.908504 0.020627 0.004642 0.995438 -0.006257 -0.029646 -0.930243 0.000000 
9.000091e-02 1.003095e-01 9.749893e-02 9.237065e-02 1.000000e-01 1.597532e+00 -0.995438 0.008655 0.053010 0.908504 0.020627 0.004642 0.995438 -0.006257 -0.029646 -0.930243 0.000000 
9.000091e-02 1.003095e-01 9.749893e-02 9.237065e-02 1.000000e-01 1.597532e+00 -0.995438 0.008655 0.053010 0.908504 0.020627 0.004642 0.995438 -0.006257 -0.029646 -0.930243 0.000000 
9.000091e-02 1.003095e-01 9.749893e-02 9.237065e-02 1.000000e-01 1.597532e+00 -0.995438 0.008655 0.053010 0.908504 0.020627 0.004642 0.995438 -0.006257 -0.029646 -0.930243 0.000000 
9.000091e-02 1.003095e-01 9.749893e-02 9.237065e-02 1.000000e-01 1.597532e+00 -0.995438 0.008655 0.053010 0.908504 0.020627 0.004642 0.995438 -0.006257 -0.029646 -0.930243 0.000000 
9.000091e-02 1.003095e-01 9.749893e-02 9.237065e-02 1.000000e-01 1.597532e+00 -0.995438 0.008655 0.053010 0.908504 0.020627 0.004642 0.995438 -0.006257 -0.029646 -0.930243 0.000000 
9.000091e-02 1.003095e-01 9.749893e-02 9.237065e-02 1.000000e-01 1.597532e+00 -0.995438 0.008655 0.053010 0.908504 0.020627 0.004642 0.995438 -0.006257 -0.029646 -0.930243 0.000000 
9.000091e-02 1.003095e-01 9.749893e-02 9.237065e-02 1.000000e-01 1.597532e+00 -0.995438 0.008655 0.053010 0.908504 0.020627 0.004642 0.995438 -0.006257 -0.029646 -0.930243 0.000000 
9.000091e-02 1.003095e-01 9.749893e-02 9.237065e-02 1.000000e-01 1.597532e+00 -0.995438 0.008655 0.053010 0.908504 0.020627 0.004642 0.995438 -0.006257 -0.029646 -0.930243 0.000000 
9.000091e-02 1.003095e-01 9.749893e-02 9.237065e-02 1.000000e-01 1.597532e+00 -0.995438 0.008655 0.053010 0.908504 0.020627 0.004642 0.995438 -0.006257 -0.029646 -0.930243 0.000000 
9.000091e-02 1.003095e-01 9.749893e-02 9.237065e-02 1.000000e-01 1.597532e+00 -0.995438 0.008655 0.053010 0.908504 0.020627 0.004642 0.995438 -0.006257 -0.029646 -0.930243 0.000000 
9.000091e-02 1.003095e-01 9.749893e-02 9.237065e-02 1.000000e-01 1.597532e+00 -0.995438 0.008655 0.053010 0.908504 0.020627 0.004642 0.995438 -0.006257 -0.029646 -0.930243 0.000000 
9.000091e-02 1.003095e-01 9.749893e-02 9.237065e-02 1.000000e-01 1.597532e+00 -0.995438 0.008655 0.053010 0.908504 0.020627 0.004642 0.995438 -0.006257 -0.029646 -0.930243 0.000000 
9.000091e-02 1.003095e-01 9.749893e-02 9.237065e-02 1.000000e-01 1.597532e+00 -0.995438 0.008655 0.053010 0.908504 0.020627 0.004642 0.995438 -0.006257 -0.029646 -0.930243 0.000000 
9.000091e-02 1.003095e-01 9.749893e-02 9.237065e-02 1.000000e-01 1.597532e+00 -0.995438 0.008655 0.053010 0.908504 0.020627 0.004642 0.995438 -0.006257 -0.029646 -0.930243 0.000000 
9.000091e-02 1.003095e-01 9.749893e-02 9.237065e-02 1.000000e-01 1.597532e+00 -0.995438 0.008655 0.053010 0.908504 0.020627 0.004642 0.995438 -0.006257 -0.029646 -0.930243 0.000000 
9.000091e-02 1.003095e-01 9.749893e-02 9.237065e-02 1.000000e-01 1.597532e+00 -0.995438 0.008655 0.053010 0.908504 0.020627 0.004642 0.995438 -0.006257 -0.029646 -0.930243 0.000000 
9.000091e-02 1.003095e-01 9.749893e-02 9.237065e-02 1.000000e-01 1.597532e+00 -0.995438 0.008655 0.053010 0.908504 0.020627 0.004642 0.995438 -0.006257 -0.029646 -0.930243 0.000000 
9.000091e-02 1.003095e-01 9.749893e-02 9.237065e-02 1.000000e-01 1.597532e+00 -0.995438 0.008655 0.053010 0.908504 0.020627 0.004642 0.995438 -0.006257 -0.029646 -0.930243 0.000000 
9.000091e-02 1.003095e-01 9.749893e-02 9.237065e-02 1.000000e-01 1.597532e+00 -0.995438 0.008655 0.053010 0.908504 0.020627 0.004642 0.995438 -0.006257 -0.029646 -0.930243 0.000000 
9.000091e-02 1.003095e-01 9.749893e-02 9.237065e-02 1.000000e-01 1.597532e+00 -0.995438 0.008655 0.053010 0.908504 0.020627 0.004642 0.995438 -0.006257 -0.029646 -0.930243 0.000000 
9.000091e-02 1.003095e-01 9.749893e-02 9.237065e-02 1.000000e-01 1.597532e+00 -0.995438 0.008655 0.053010 0.908504 0.020627 0.004642 0.995438 -0.006257 -0.029646 -0.930243 0.000000 
9.000091e-02 1.003095e-01 9.749893e-02 9.237065e-02 1.000000e-01 1.597532e+00 -0.995438 0.008655 0.053010 0.908504 0.020627 0.004642 0.995438 -0.006257 -0.029646 -0.930243 0.000000 
9.000091e-02 1.003095e-01 9.749893e-02 9.237065e-02 1.000000e-01 1.597532e+00 -0.995438 0.008655 0.053010 0.908504 0.020627 0.004642 0.995438 -0.006257 -0.029646 -0.930243 0.000000 
9.000091e-02 1.003095e-01 9.749893e-02 9.237065e-02 1.000000e-01 1.597532e+00 -0.995438 0.008655 0.053010 0.908504 0.020627 0.004642 0.995438 -0.006257 -0.029646 -0.930243 0.000000 
9.000091e-02 1.003095e-01 9.749893e-02 9.237065e-02 1.000000e-01 1.597532e+00 -0.995438 0.008655 0.053010 0.908504 0.020627 0.004642 0.995438 -0.006257 -0.029646 -0.930243 0.000000 
9.000091e-02 1.003095e-01 9.749893e-02 9.237065e-02 1.000000e-01 1.597532e+00 -0.995438 0.008655 0.053010 0.908504 0.020627 0.004642 0.995438 -0.006257 -0.029646 -0.930243 0.000000 
9.000091e-02 1.003095e-01 9.749893e-02 9.237065e-02 1.000000e-01 1.597532e+00 -0.995438 0.008655 0.053010 0.908504 0.020627 0.004642 0.995438 -0.006257 -0.029646 -0.930243 0.000000 
9.000091e-02 1.003095e-01 9.749893e-02 9.237065e-02 1.000000e-01 1.597532e+00 -0.995438 0.008655 0.053010 0.908504 0.020627 0.004642 0.995438 -0.006257 -0.029646 -0.930243 0.000000 
9.000091e-02 1.003095e-01 9.749893e-02 9.237065e-02 1.000000e-01 1.597532e+00 -0.995438 0.008655 0.053010 0.908504 0.020627 0.004642 0.995438 -0.006257 -0.029646 -0.930243 0.000000 
9.000091e-02 1.003095e-01 9.749893e-02 9.237065e-02 1.000000e-01 1.597532e+00 -0.995438 0.008655 0.053010 0.908504 0.020627 0.004642 0.995438 -0.006257 -0.029646 -0.930243 0.000000 
9.000091e-02 1.003095e-01 9.749893e-02 9.237065e-02 1.000000e-01 1.597532e+00 -0.995438 0.008655 0.053010 0.908504 0.020627 0.004642 0.995438 -0.006257 -0.029646 -0.930243 0.000000 
9.000091e-02 1.003095e-01 9.749893e-02 9.237065e-02 1.000000e-01 1.597532e+00 -0.995438 0.008655 0.053010 0.908504 0.020627 0.004642 0.995438 -0.006257 -0.029646 -0.930243 0.000000 
9.000091e-02 1.003095e-01 9.749893e-02 9.237065e-02 1.000000e-01 1.597532e+00 -0.995438 0.008655 0.053010 0.908504 0.020627 0.004642 0.995438 -0.006257 -0.029646 -0.930243 0.000000 
9.000091e-02 1.003095e-01 9.749893e-02 9.237065e-02 1.000000e-01 1.597532e+00 -0.995438 0.008655 0.053010 0.908504 0.020627 0.004642 0.995438 -0.006257 -0.029646 -0.930243 0.000000 
9.000091e-02 1.003095e-01 9.749893e-02 9.237065e-02 1.000000e-01 1.597532e+00 -0.995438 0.008655 0.053010 0.908504 0.020627 0.004642 0.995438 -0.006257 -0.029646 -0.930243 0.000000 
9.000091e-02 1.003095e-01 9.749893e-02 9.237065e-02 1.000000e-01 1.597532e+00 -0.995438 0.008655 0.053010 0.908504 0.020627 0.004642 0.995438 -0.006257 -0.029646 -0.930243 0.000000 
9.000091e-02 1.003095e-01 9.749893e-02 9.237065e-02 1.000000e-01 1.597532e+00 -0.995438 0.008655 0.053010 0.908504 0.020627 0.004642 0.995438 -0.006257 -0.029646 -0.930243 0.000000 
9.000091e-02 1.003095e-01 9.749893e-02 9.237065e-02 1.000000e-01 1.597532e+00 -0.995438 0.008655 0.053010 0.908504 0.020627 0.004642 0.995438 -0.006257 -0.029646 -0.930243 0.000000 
9.000091e-02 1.003095e-01 9.749893e-02 9.237065e-02 1.000000e-01 1.597532e+00 -0.995438 0.008655 0.053010 0.908504 0.020627 0.004642 0.995438 -0.006257 -0.029646 -0.930243 0.000000 
9.000091e-02 1.003095e-01 9.749893e-02 9.237065e-02 1.000000e-01 1.597532e+00 -0.995438 0.008655 0.053010 0.908504 0.020627 0.004642 0.995438 -0.006257 -0.029646 -0.930243 0.000000 
9.000091e-02 1.003095e-01 9.749893e-02 9.237065e-02 1.000000e-01 1.597532e+00 -0.995438 0.008655 0.053010 0.908504 0.020627 0.004642 0.995438 -0.006257 -0.029646 -0.930243 0.000000 
9.000091e-02 1.003095e-01 9.749893e-02 9.237065e-02 1.000000e-01 1.597532e+00 -0.995438 0.008655 0.053010 0.908504 0.020627 0.004642 0.995438 -0.006257 -0.029646 -0.930243 0.000000 
9.000091e-02 1.003095e-01 9.749893e-02 9.237065e-02 1.000000e-01 1.597532e+00 -0.995438 0.008655 0.053010 0.908504 0.020627 0.004642 0.995438 -0.006257 -0.029646 -0.930243 0.000000 
9.000091e-02 1.003095e-01 9.749893e-02 9.237065e-02 1.000000e-01 1.597532e+00 -0.995438 0.008655 0.053010 0.908504 0.020627 0.004642 0.995438 -0.006257 -0.029646 -0.930243 0.000000 
9.000091e-02 1.003095e-01 9.749893e-02 9.237065e-02 1.000000e-01 1.597532e+00 -0.995438 0.008655 0.053010 0.908504 0.020627 0.004642 0.995438 -0.006257 -0.029646 -0.930243 0.000000 
9.000091e-02 1.003095e-01 9.749893e-02 9.237065e-02 1.000000e-01 1.597532e+00 -0.995438 0.008655 0.053010 0.908504 0.020627 0.004642 0.995438 -0.006257 -0.029646 -0.930243 0.000000 
9.000091e-02 1.003095e-01 9.749893e-02 9.237065e-02 1.000000e-01 1.597532e+00 -0.995438 0.008655 0.053010 0.908504 0.020627 0.004642 0.995438 -0.006257 -0.029646 -0.930243 0.000000 
9.000091e-02 1.003095e-01 9.749893e-02 9.237065e-02 1.000000e-01 1.597532e+00 -0.995438 0.008655 0.053010 0.908504 0.020627 0.004642 0.995438 -0.006257 -0.029646 -0.930243 0.000000 
9.000091e-02 1.003095e-01 9.749893e-02 9.237065e-02 1.000000e-01 1.597532e+00 -0.995438 0.008655 0.053010 0.908504 0.020627 0.004642 0.995438 -0.006257 -0.029646 -0.930243 0.000000 
9.000091e-02 1.003095e-01 9.749893e-02 9.237065e-02 1.000000e-01 1.597532e+00 -0.995438 0.008655 0.053010 0.908504 0.020627 0.004642 0.995438 -0.006257 -0.029646 -0.930243 0.000000 
9.000091e-02 1.003095e-01 9.749893e-02 9.237065e-02 1.000000e-01 1.597532e+00 -0.995438 0.008655 0.053010 0.908504 0.020627 0.004642 0.995438 -0.006257 -0.029646 -0.930243 0.000000 
9.000091e-02 1.003095e-01 9.749893e-02 9.237065e-02 1.000000e-01 1.597532e+00 -0.995438 0.008655 0.053010 0.908504 0.020627 0.004642 0.995438 -0.006257 -0.029646 -0.930243 0.000000 
9.000091e-02 1.003095e-01 9.749893e-02 9.237065e-02 1.000000e-01 1.597532e+00 -0.995438 0.008655 0.053010 0.908504 0.020627 0.004642 0.995438 -0.006257 -0.029646 -0.930243 0.000000 
9.000091e-02 1.003095e-01 9.749893e-02 9.237065e-02 1.000000e-01 1.597532e+00 -0.995438 0.008655 0.053010 0.908504 0.020627 0.004642 0.995438 -0.006257 -0.029646 -0.930243 0.000000 
9.000091e-02 1.003095e-01 9.749893e-02 9.237065e-02 1.000000e-01 1.597532e+00 -0.995438 0.008655 0.053010 0.908504 0.020627 0.004642 0.995438 -0.006257 -0.029646 -0.930243 0.000000 
9.000091e-02 1.003095e-01 9.749893e-02 9.237065e-02 1.000000e-01 1.597532e+00 -0.995438 0.008655 0.053010 0.908504 0.020627 0.004642 0.995438 -0.006257 -0.029646 -0.930243 0.000000 
9.000091e-02 1.003095e-01 9.749893e-02 9.237065e-02 1.000000e-01 1.597532e+00 -0.995438 0.008655 0.053010 0.908504 0.020627 0.004642 0.995438 -0.006257 -0.029646 -0.930243 0.000000 
9.000091e-02 1.003095e-01 9.749893e-02 9.237065e-02 1.000000e-01 1.597532e+00 -0.995438 0.008655 0.053010 0.908504 0.020627 0.004642 0.995438 -0.006257 -0.029646 -0.930243 0.000000 
9.000091e-02 1.003095e-01 9.749893e-02 9.237065e-02 1.000000e-01 1.597532e+00 -0.995438 0.008655 0.053010 0.908504 0.020627 0.004642 0.995438 -0.006257 -0.029646 -0.930243 0.000000 
9.000091e-02 1.003095e-01 9.749893e-02 9.237065e-02 1.000000e-01 1.597532e+00 -0.995438 0.008655 0.053010 0.908504 0.020627 0.004642 0.995438 -0.006257 -0.029646 -0.930243 0.000000 
9.000091e-02 1.003095e-01 9.749893e-02 9.237065e-02 1.000000e-01 1.597532e+00 -0.995438 0.008655 0.053010 0.908504 0.020627 0.004642 0.995438 -0.006257 -0.029646 -0.930243 0.000000 
9.000091e-02 1.003095e-01 9.749893e-02 9.237065e-02 1.000000e-01 1.597532e+00 -0.995438 0.008655 0.053010 0.908504 0.020627 0.004642 0.995438 -0.006257 -0.029646 -0.930243 0.000000 
9.000091e-02 1.003095e-01 9.749893e-02 9.237065e-02 1.000000e-01 1.597532e+00 -0.995438 0.008655 0.053010 0.908504 0.020627 0.004642 0.995438 -0.006257 -0.029646 -0.930243 0.000000 
9.000091e-02 1.003095e-01 9.749893e-02 9.237065e-02 1.000000e-01 1.597532e+00 -0.995438 0.008655 0.053010 0.908504 0.020627 0.004642 0.995438 -0.006257 -0.029646 -0.930243 0.000000 
9.000091e-02 1.003095e-01 9.749893e-02 9.237065e-02 1.000000e-01 1.597532e+00 -0.995438 0.008655 0.053010 0.908504 0.020627 0.004642 0.995438 -0.006257 -0.029646 -0.930243 0.000000 
9.000091e-02 1.003095e-01 9.749893e-02 9.237065e-02 1.000000e-01 1.597532e+00 -0.995438 0.008655 0.053010 0.908504 0.020627 0.004642 0.995438 -0.006257 -0.029646 -0.930243 0.000000 
9.000091e-02 1.003095e-01 9.749893e-02 9.237065e-02 1.000000e-01 1.597532e+00 -0.995438 0.008655 0.053010 0.908504 0.020627 0.004642 0.995438 -0.006257 -0.029646 -0.930243 0.000000 
9.000091e-02 1.003095e-01 9.749893e-02 9.237065e-02 1.000000e-01 1.597532e+00 -0.995438 0.008655 0.053010 0.908504 0.020627 0.004642 0.995438 -0.006257 -0.029646 -0.930243 0.000000 
9.000091e-02 1.003095e-01 9.749893e-02 9.237065e-02 1.000000e-01 1.597532e+00 -0.995438 0.008655 0.053010 0.908504 0.020627 0.004642 0.995438 -0.006257 -0.029646 -0.930243 0.000000 
9.000091e-02 1.003095e-01 9.749893e-02 9.237065e-02 1.000000e-01 1.597532e+00 -0.995438 0.008655 0.053010 0.908504 0.020627 0.004642 0.995438 -0.006257 -0.029646 -0.930243 0.000000 
9.000091e-02 1.003095e-01 9.749893e-02 9.237065e-02 1.000000e-01 1.597532e+00 -0.995438 0.008655 0.053010 0.908504 0.020627 0.004642 0.995438 -0.006257 -0.029646 -0.930243 0.000000 
9.000091e-02 1.003095e-01 9.749893e-02 9.237065e-02 1.000000e-01 1.597532e+00 -0.995438 0.008655 0.053010 0.908504 0.020627 0.004642 0.995438 -0.006257 -0.029646 -0.930243 0.000000 
9.000091e-02 1.003095e-01 9.749893e-02 9.237065e-02 1.000000e-01 1.597532e+00 -0.995438 0.008655 0.053010 0.908504 0.020627 0.004642 0.995438 -0.006257 -0.029646 -0.930243 0.000000 
9.000091e-02 1.003095e-01 9.749893e-02 9.237065e-02 1.000000e-01 1.597532e+00 -0.995438 0.008655 0.053010 0.908504 0.020627 0.004642 0.995438 -0.006257 -0.029646 -0.930243 0.000000 
9.000091e-02 1.003095e-01 9.749893e-02 9.237065e-02 1.000000e-01 1.597532e+00 -0.995438 0.008655 0.053010 0.908504 0.020627 0.004642 0.995438 -0.006257 -0.029646 -0.930243 0.000000 
9.000091e-02 1.003095e-01 9.749893e-02 9.237065e-02 1.000000e-01 1.597532e+00 -0.995438 0.008655 0.053010 0.908504 0.020627 0.004642 0.995438 -0.006257 -0.029646 -0.930243 0.000000 
9.000091e-02 1.003095e-01 9.749893e-02 9.237065e-02 1.000000e-01 1.597532e+00 -0.995438 0.008655 0.053010 0.908504 0.020627 0.004642 0.995438 -0.006257 -0.029646 -0.930243 0.000000 
9.000091e-02 1.003095e-01 9.749893e-02 9.237065e-02 1.000000e-01 1.597532e+00 -0.995438 0.008655 0.053010 0.908504 0.020627 0.004642 0.995438 -0.006257 -0.029646 -0.930243 0.000000 
9.000091e-02 1.003095e-01 9.749893e-02 9.237065e-02 1.000000e-01 1.597532e+00 -0.995438 0.008655 0.053010 0.908504 0.020627 0.004642 0.995438 -0.006257 -0.029646 -0.930243 0.000000 
9.000091e-02 1.003095e-01 9.749893e-02 9.237065e-02 1.000000e-01 1.597532e+00 -0.995438 0.008655 0.053010 0.908504 0.020627 0.004642 0.995438 -0.006257 -0.029646 -0.930243 0.000000 
9.000091e-02 1.003095e-01 9.749893e-02 9.237065e-02 1.000000e-01 1.597532e+00 -0.995438 0.008655 0.053010 0.908504 0.020627 0.004642 0.995438 -0.006257 -0.029646 -0.930243 0.000000 
9.000091e-02 1.003095e-01 9.749893e-02 9.237065e-02 1.000000e-01 1.597532e+00 -0.995438 0.008655 0.053010 0.908504 0.020627 0.004642 0.995438 -0.006257 -0.029646 -0.930243 0.000000 
9.000091e-02 1.003095e-01 9.749893e-02 9.237065e-02 1.000000e-01 1.597532e+00 -0.995438 0.008655 0.053010 0.908504 0.020627 0.004642 0.995438 -0.006257 -0.029646 -0.930243 0.000000 
9.000091e-02 1.003095e-01 9.749893e-02 9.237065e-02 1.000000e-01 1.597532e+00 -0.995438 0.008655 0.053010 0.908504 0.020627 0.004642 0.995438 -0.006257 -0.029646 -0.930243 0.000000 
9.000091e-02 1.003095e-01 9.749893e-02 9.237065e-02 1.000000e-01 1.597532e+00 -0.995438 0.008655 0.053010 0.908504 0.020627 0.004642 0.995438 -0.006257 -0.029646 -0.930243 0.000000 
9.000091e-02 1.003095e-01 9.749893e-02 9.237065e-02 1.000000e-01 1.597532e+00 -0.995438 0.008655 0.053010 0.908504 0.020627 0.004642 0.995438 -0.006257 -0.029646 -0.930243 0.000000 
9.000091e-02 1.003095e-01 9.749893e-02 9.237065e-02 1.000000e-01 1.597532e+00 -0.995438 0.008655 0.053010 0.908504 0.020627 0.004642 0.995438 -0.006257 -0.029646 -0.930243 0.000000 
9.000091e-02 1.003095e-01 9.749893e-02 9.237065e-02 1.000000e-01 1.597532e+00 -0.995438 0.008655 0.053010 0.908504 0.020627 0.004642 0.995438 -0.006257 -0.029646 -0.930243 0.000000 
9.000091e-02 1.003095e-01 9.749893e-02 9.237065e-02 1.000000e-01 1.597532e+00 -0.995438 0.008655 0.053010 0.908504 0.020627 0.004642 0.995438 -0.006257 -0.029646 -0.930243 0.000000 
9.000091e-02 1.003095e-01 9.749893e-02 9.237065e-02 1.000000e-01 1.597532e+00 -0.995438 0.008655 0.053010 0.908504 0.020627 0.004642 0.995438 -0.006257 -0.029646 -0.930243 0.000000 
9.000091e-02 1.003095e-01 9.749893e-02 9.237065e-02 1.000000e-01 1.597532e+00 -0.995438 0.008655 0.053010 0.908504 0.020627 0.004642 0.995438 -0.006257 -0.029646 -0.930243 0.000000 
9.000091e-02 1.003095e-01 9.749893e-02 9.237065e-02 1.000000e-01 1.597532e+00 -0.995438 0.008655 0.053010 0.908504 0.020627 0.004642 0.995438 -0.006257 -0.029646 -0.930243 0.000000 
9.000091e-02 1.003095e-01 9.749893e-02 9.237065e-02 1.000000e-01 1.597532e+00 -0.995438 0.008655 0.053010 0.908504 0.020627 0.004642 0.995438 -0.006257 -0.029646 -0.930243 0.000000 
9.000091e-02 1.003095e-01 9.749893e-02 9.237065e-02 1.000000e-01 1.597532e+00 -0.995438 0.008655 0.053010 0.908504 0.020627 0.004642 0.995438 -0.006257 -0.029646 -0.930243 0.000000 
9.000091e-02 1.003095e-01 9.749893e-02 9.237065e-02 1.000000e-01 1.597532e+00 -0.995438 0.008655 0.053010 0.908504 0.020627 0.004642 0.995438 -0.006257 -0.029646 -0.930243 0.000000 
9.000091e-02 1.003095e-01 9.749893e-02 9.237065e-02 1.000000e-01 1.597532e+00 -0.995438 0.008655 0.053010 0.908504 0.020627 0.004642 0.995438 -0.006257 -0.029646 -0.930243 0.000000 
9.000091e-02 1.003095e-01 9.749893e-02 9.237065e-02 1.000000e-01 1.597532e+00 -0.995438 0.008655 0.053010 0.908504 0.020627 0.004642 0.995438 -0.006257 -0.029646 -0.930243 0.000000 
9.000091e-02 1.003095e-01 9.749893e-02 9.237065e-02 1.000000e-01 1.597532e+00 -0.995438 0.008655 0.053010 0.908504 0.020627 0.004642 0.995438 -0.006257 -0.029646 -0.930243 0.000000 
9.000091e-02 1.003095e-01 9.749893e-02 9.237065e-02 1.000000e-01 1.597532e+00 -0.995438 0.008655 0.053010 0.908504 0.020627 0.004642 0.995438 -0.006257 -0.029646 -0.930243 0.000000 
9.000091e-02 1.003095e-01 9.749893e-02 9.237065e-02 1.000000e-01 1.597532e+00 -0.995438 0.008655 0.053010 0.908504 0.020627 0.004642 0.995438 -0.006257 -0.029646 -0.930243 0.000000 
9.000091e-02 1.003095e-01 9.749893e-02 9.237065e-02 1.000000e-01 1.597532e+00 -0.995438 0.008655 0.053010 0.908504 0.020627 0.004642 0.995438 -0.006257 -0.029646 -0.930243 0.000000 
9.000091e-02 1.003095e-01 9.749893e-02 9.237065e-02 1.000000e-01 1.597532e+00 -0.995438 0.008655 0.053010 0.908504 0.020627 0.004642 0.995438 -0.006257 -0.029646 -0.930243 0.000000 
9.000091e-02 1.003095e-01 9.749893e-02 9.237065e-02 1.000000e-01 1.597532e+00 -0.995438 0.008655 0.053010 0.908504 0.020627 0.004642 0.995438 -0.006257 -0.029646 -0.930243 0.000000 
9.000091e-02 1.003095e-01 9.749893e-02 9.237065e-02 1.000000e-01 1.597532e+00 -0.995438 0.008655 0.053010 0.908504 0.020627 0.004642 0.995438 -0.006257 -0.029646 -0.930243 0.000000 
9.000091e-02 1.003095e-01 9.749893e-02 9.237065e-02 1.000000e-01 1.597532e+00 -0.995438 0.008655 0.053010 0.908504 0.020627 0.004642 0.995438 -0.006257 -0.029646 -0.930243 0.000000 
