# TeX TeY TeZ ThX ThY THZ P1 P2
7.500000e-02 1.000000e-01 1.950000e-01 7.500000e-02 1.000000e-01 1.950000e-01 0.000000 0.000000 0.000000 0.000000 0.000000 0.000000 0.000000 0.000000 0.000000 0.000000 0.000000 
7.500000e-02 9.999248e-02 1.816511e-01 7.499519e-02 1.000000e-01 2.041630e-01 -0.014878 0.001910 0.003820 0.003823 0.003844 0.001481 0.014878 0.004353 -0.003479 -0.017998 0.000000 
7.500000e-02 9.998407e-02 1.682730e-01 7.499090e-02 1.000000e-01 2.133183e-01 -0.029772 0.003821 0.007644 0.007651 0.007693 0.002964 0.029772 0.010223 -0.006322 -0.040588 0.000000 
7.500000e-02 9.997554e-02 1.548651e-01 7.498709e-02 1.000000e-01 2.224659e-01 -0.044684 0.005735 0.011472 0.011483 0.011546 0.004449 0.044684 0.018507 -0.007440 -0.071890 0.000000 
7.500000e-02 9.997008e-02 1.414241e-01 7.498374e-02 1.000000e-01 2.316058e-01 -0.059625 0.007653 0.015308 0.015322 0.015406 0.005937 0.059625 0.030403 -0.003887 -0.120282 0.000000 
7.500000e-02 9.998142e-02 1.279334e-01 7.498079e-02 1.000000e-01 2.407379e-01 -0.074648 0.009581 0.019165 0.019183 0.019288 0.007433 0.074648 0.046829 0.011203 -0.200708 0.000000 
7.500000e-02 1.000643e-01 1.143150e-01 7.497821e-02 1.000000e-01 2.498623e-01 -0.089999 0.011551 0.023106 0.023127 0.023254 0.008961 0.090000 0.068878 0.054621 -0.345355 0.000000 
7.500000e-02 1.003021e-01 1.003128e-01 7.497596e-02 1.000000e-01 2.589787e-01 -0.106651 0.013688 0.027381 0.027406 0.027557 0.010619 0.106651 0.099102 0.164531 -0.623629 0.000000 
7.500000e-02 1.003407e-01 9.749920e-02 7.497400e-02 1.000000e-01 2.680873e-01 -0.115058 0.014767 0.029539 0.029567 0.029729 0.011457 0.115058 0.105933 0.196471 -0.702398 0.000000 
7.500000e-02 1.003407e-01 9.749920e-02 7.497229e-02 1.000000e-01 2.771879e-01 -0.121071 0.015539 0.031083 0.031112 0.031282 0.012055 0.121071 0.105365 0.194914 -0.704351 0.000000 
7.500000e-02 1.003407e-01 9.749920e-02 7.497080e-02 1.000000e-01 2.862804e-01 -0.127078 0.016310 0.032625 0.032656 0.032835 0.012653 0.127078 0.104746 0.193361 -0.706199 0.000000 
7.500000e-02 1.003407e-01 9.749920e-02 7.496950e-02 1.000000e-01 2.953649e-01 -0.133080 0.017080 0.034166 0.034198 0.034385 0.013251 0.133080 0.104090 0.191812 -0.707969 0.000000 
7.500000e-02 1.003407e-01 9.749920e-02 7.496837e-02 1.000000e-01 3.044413e-01 -0.139077 0.017850 0.035706 0.035739 0.035935 0.013848 0.139077 0.103404 0.190266 -0.709678 0.000000 
7.500000e-02 1.003407e-01 9.749920e-02 7.496739e-02 1.000000e-01 3.135094e-01 -0.145068 0.018619 0.037244 0.037279 0.037483 0.014445 0.145068 0.102698 0.188723 -0.711342 0.000000 
7.500000e-02 1.003407e-01 9.749920e-02 7.496654e-02 1.000000e-01 3.225693e-01 -0.151053 0.019387 0.038781 0.038817 0.039029 0.015041 0.151054 0.101977 0.187183 -0.712974 0.000000 
7.500000e-02 1.003407e-01 9.749920e-02 7.496580e-02 1.000000e-01 3.316208e-01 -0.157034 0.020154 0.040316 0.040353 0.040575 0.015636 0.157034 0.101245 0.185645 -0.714581 0.000000 
7.500000e-02 1.003407e-01 9.749920e-02 7.496515e-02 1.000000e-01 3.406640e-01 -0.163008 0.020921 0.041850 0.041889 0.042118 0.016231 0.163009 0.100505 0.184109 -0.716169 0.000000 
7.500000e-02 1.003407e-01 9.749920e-02 7.496459e-02 1.000000e-01 3.496988e-01 -0.168977 0.021687 0.043382 0.043423 0.043661 0.016825 0.168978 0.099758 0.182575 -0.717742 0.000000 
7.500000e-02 1.003407e-01 9.749920e-02 7.496410e-02 1.000000e-01 3.587250e-01 -0.174941 0.022453 0.044913 0.044955 0.045201 0.017419 0.174941 0.099008 0.181043 -0.719304 0.000000 
7.500000e-02 1.003407e-01 9.749920e-02 7.496368e-02 1.000000e-01 3.677426e-01 -0.180899 0.023217 0.046443 0.046486 0.046741 0.018012 0.180899 0.098254 0.179512 -0.720857 0.000000 
7.500000e-02 1.003407e-01 9.749920e-02 7.496331e-02 1.000000e-01 3.767516e-01 -0.186851 0.023981 0.047971 0.048016 0.048279 0.018605 0.186851 0.097498 0.177984 -0.722402 0.000000 
7.500000e-02 1.003407e-01 9.749920e-02 7.496299e-02 1.000000e-01 3.857519e-01 -0.192797 0.024744 0.049498 0.049544 0.049815 0.019197 0.192797 0.096741 0.176457 -0.723943 0.000000 
7.500000e-02 1.003407e-01 9.749920e-02 7.496271e-02 1.000000e-01 3.947435e-01 -0.198737 0.025507 0.051023 0.051070 0.051350 0.019789 0.198738 0.095983 0.174931 -0.725478 0.000000 
7.500000e-02 1.003407e-01 9.749920e-02 7.496247e-02 1.000000e-01 4.037261e-01 -0.204672 0.026268 0.052547 0.052595 0.052883 0.020380 0.204673 0.095225 0.173407 -0.727010 0.000000 
7.500000e-02 1.003407e-01 9.749920e-02 7.496226e-02 1.000000e-01 4.126999e-01 -0.210601 0.027029 0.054069 0.054119 0.054415 0.020970 0.210601 0.094467 0.171885 -0.728539 0.000000 
7.500000e-02 1.003407e-01 9.749920e-02 7.496208e-02 1.000000e-01 4.216647e-01 -0.216524 0.027789 0.055589 0.055641 0.055946 0.021560 0.216524 0.093709 0.170364 -0.730065 0.000000 
7.500000e-02 1.003407e-01 9.749920e-02 7.496192e-02 1.000000e-01 4.306204e-01 -0.222441 0.028549 0.057108 0.057161 0.057474 0.022149 0.222441 0.092951 0.168845 -0.731588 0.000000 
7.500000e-02 1.003407e-01 9.749920e-02 7.496178e-02 1.000000e-01 4.395670e-01 -0.228351 0.029307 0.058626 0.058680 0.059002 0.022737 0.228352 0.092193 0.167327 -0.733109 0.000000 
7.500000e-02 1.003407e-01 9.749920e-02 7.496166e-02 1.000000e-01 4.485044e-01 -0.234256 0.030065 0.060142 0.060198 0.060527 0.023325 0.234257 0.091436 0.165811 -0.734628 0.000000 
7.500000e-02 1.003407e-01 9.749920e-02 7.496155e-02 1.000000e-01 4.574325e-01 -0.240155 0.030822 0.061656 0.061713 0.062052 0.023913 0.240155 0.090680 0.164297 -0.736145 0.000000 
7.500000e-02 1.003407e-01 9.749920e-02 7.496146e-02 1.000000e-01 4.663513e-01 -0.246047 0.031579 0.063169 0.063228 0.063574 0.024499 0.246048 0.089924 0.162784 -0.737660 0.000000 
7.500000e-02 1.003407e-01 9.749920e-02 7.496138e-02 1.000000e-01 4.752607e-01 -0.251933 0.032334 0.064680 0.064740 0.065095 0.025086 0.251934 0.089169 0.161273 -0.739173 0.000000 
7.500000e-02 1.003407e-01 9.749920e-02 7.496131e-02 1.000000e-01 4.841605e-01 -0.257813 0.033089 0.066190 0.066251 0.066614 0.025671 0.257814 0.088414 0.159763 -0.740685 0.000000 
7.500000e-02 1.003407e-01 9.749920e-02 7.496125e-02 1.000000e-01 4.930508e-01 -0.263687 0.033843 0.067698 0.067760 0.068132 0.026256 0.263687 0.087661 0.158255 -0.742195 0.000000 
7.500000e-02 1.003407e-01 9.749920e-02 7.496120e-02 1.000000e-01 5.019315e-01 -0.269554 0.034596 0.069204 0.069268 0.069648 0.026840 0.269555 0.086908 0.156749 -0.743703 0.000000 
7.500000e-02 1.003407e-01 9.749920e-02 7.496115e-02 1.000000e-01 5.108024e-01 -0.275415 0.035348 0.070709 0.070774 0.071162 0.027424 0.275416 0.086156 0.155244 -0.745209 0.000000 
7.500000e-02 1.003407e-01 9.749920e-02 7.496111e-02 1.000000e-01 5.196635e-01 -0.281269 0.036099 0.072212 0.072279 0.072675 0.028007 0.281270 0.085405 0.153741 -0.746713 0.000000 
7.500000e-02 1.003407e-01 9.749920e-02 7.496107e-02 1.000000e-01 5.285147e-01 -0.287117 0.036850 0.073713 0.073781 0.074186 0.028589 0.287118 0.084654 0.152240 -0.748216 0.000000 
7.500000e-02 1.003407e-01 9.749920e-02 7.496104e-02 1.000000e-01 5.373559e-01 -0.292958 0.037599 0.075213 0.075282 0.075695 0.029170 0.292959 0.083904 0.150740 -0.749717 0.000000 
7.500000e-02 1.003407e-01 9.749920e-02 7.496102e-02 1.000000e-01 5.461871e-01 -0.298793 0.038348 0.076711 0.076782 0.077202 0.029751 0.298793 0.083156 0.149242 -0.751217 0.000000 
7.500000e-02 1.003407e-01 9.749920e-02 7.496099e-02 1.000000e-01 5.550081e-01 -0.304621 0.039096 0.078207 0.078279 0.078708 0.030332 0.304621 0.082408 0.147746 -0.752714 0.000000 
7.500000e-02 1.003407e-01 9.749920e-02 7.496097e-02 1.000000e-01 5.638189e-01 -0.310442 0.039843 0.079701 0.079775 0.080212 0.030911 0.310442 0.081661 0.146252 -0.754210 0.000000 
7.500000e-02 1.003407e-01 9.749920e-02 7.496096e-02 1.000000e-01 5.726194e-01 -0.316256 0.040589 0.081194 0.081269 0.081715 0.031490 0.316257 0.080914 0.144759 -0.755704 0.000000 
7.500000e-02 1.003407e-01 9.749920e-02 7.496094e-02 1.000000e-01 5.814095e-01 -0.322064 0.041335 0.082685 0.082762 0.083215 0.032069 0.322064 0.080169 0.143268 -0.757197 0.000000 
7.500000e-02 1.003407e-01 9.749920e-02 7.496093e-02 1.000000e-01 5.901891e-01 -0.327864 0.042079 0.084174 0.084252 0.084714 0.032646 0.327865 0.079425 0.141779 -0.758687 0.000000 
7.500000e-02 1.003407e-01 9.749920e-02 7.496091e-02 1.000000e-01 5.989581e-01 -0.333658 0.042823 0.085662 0.085741 0.086211 0.033223 0.333658 0.078681 0.140291 -0.760176 0.000000 
7.500000e-02 1.003407e-01 9.749920e-02 7.496090e-02 1.000000e-01 6.077165e-01 -0.339444 0.043565 0.087147 0.087228 0.087706 0.033799 0.339445 0.077939 0.138806 -0.761663 0.000000 
7.500000e-02 1.003407e-01 9.749920e-02 7.496090e-02 1.000000e-01 6.164641e-01 -0.345223 0.044307 0.088631 0.088713 0.089199 0.034375 0.345224 0.077197 0.137322 -0.763148 0.000000 
7.500000e-02 1.003407e-01 9.749920e-02 7.496089e-02 1.000000e-01 6.252009e-01 -0.350996 0.045048 0.090113 0.090196 0.090691 0.034949 0.350996 0.076456 0.135840 -0.764632 0.000000 
7.500000e-02 1.003407e-01 9.749920e-02 7.496088e-02 1.000000e-01 6.339267e-01 -0.356761 0.045788 0.091593 0.091678 0.092180 0.035523 0.356761 0.075716 0.134360 -0.766113 0.000000 
7.500000e-02 1.003407e-01 9.749920e-02 7.496087e-02 1.000000e-01 6.426415e-01 -0.362518 0.046527 0.093071 0.093157 0.093668 0.036097 0.362519 0.074977 0.132882 -0.767593 0.000000 
7.500000e-02 1.003407e-01 9.749920e-02 7.496087e-02 1.000000e-01 6.513452e-01 -0.368269 0.047265 0.094548 0.094635 0.095154 0.036669 0.368269 0.074239 0.131406 -0.769070 0.000000 
7.500000e-02 1.003407e-01 9.749920e-02 7.496086e-02 1.000000e-01 6.600376e-01 -0.374012 0.048002 0.096022 0.096111 0.096637 0.037241 0.374012 0.073502 0.129931 -0.770546 0.000000 
7.500000e-02 1.003407e-01 9.749920e-02 7.496086e-02 1.000000e-01 6.687187e-01 -0.379747 0.048738 0.097494 0.097585 0.098119 0.037812 0.379748 0.072766 0.128459 -0.772020 0.000000 
7.500000e-02 1.003407e-01 9.749920e-02 7.496086e-02 1.000000e-01 6.773883e-01 -0.385475 0.049473 0.098965 0.099057 0.099599 0.038382 0.385475 0.072031 0.126988 -0.773492 0.000000 
7.500000e-02 1.003407e-01 9.749920e-02 7.496085e-02 1.000000e-01 6.860465e-01 -0.391195 0.050207 0.100434 0.100527 0.101077 0.038952 0.391196 0.071297 0.125520 -0.774962 0.000000 
7.500000e-02 1.003407e-01 9.749920e-02 7.496085e-02 1.000000e-01 6.946930e-01 -0.396908 0.050941 0.101900 0.101995 0.102553 0.039521 0.396908 0.070564 0.124053 -0.776430 0.000000 
7.500000e-02 1.003407e-01 9.749920e-02 7.496085e-02 1.000000e-01 7.033277e-01 -0.402612 0.051673 0.103365 0.103461 0.104027 0.040089 0.402613 0.069831 0.122588 -0.777896 0.000000 
7.500000e-02 1.003407e-01 9.749920e-02 7.496085e-02 1.000000e-01 7.119507e-01 -0.408309 0.052404 0.104827 0.104924 0.105499 0.040656 0.408310 0.069100 0.121126 -0.779360 0.000000 
7.500000e-02 1.003407e-01 9.749920e-02 7.496084e-02 1.000000e-01 7.205616e-01 -0.413998 0.053134 0.106288 0.106386 0.106969 0.041223 0.413999 0.068370 0.119665 -0.780822 0.000000 
7.500000e-02 1.003407e-01 9.749920e-02 7.496084e-02 1.000000e-01 7.291605e-01 -0.419680 0.053863 0.107747 0.107846 0.108437 0.041788 0.419680 0.067641 0.118207 -0.782281 0.000000 
7.500000e-02 1.003407e-01 9.749920e-02 7.496084e-02 1.000000e-01 7.377473e-01 -0.425353 0.054591 0.109203 0.109304 0.109903 0.042353 0.425353 0.066913 0.116750 -0.783739 0.000000 
7.500000e-02 1.003407e-01 9.749920e-02 7.496084e-02 1.000000e-01 7.463218e-01 -0.431018 0.055318 0.110657 0.110760 0.111367 0.042917 0.431018 0.066186 0.115296 -0.785195 0.000000 
7.500000e-02 1.003407e-01 9.749920e-02 7.496084e-02 1.000000e-01 7.548839e-01 -0.436674 0.056044 0.112110 0.112214 0.112828 0.043480 0.436675 0.065460 0.113844 -0.786649 0.000000 
7.500000e-02 1.003407e-01 9.749920e-02 7.496084e-02 1.000000e-01 7.634334e-01 -0.442323 0.056769 0.113560 0.113665 0.114288 0.044043 0.442324 0.064735 0.112393 -0.788100 0.000000 
7.500000e-02 1.003407e-01 9.749920e-02 7.496084e-02 1.000000e-01 7.719704e-01 -0.447963 0.057493 0.115008 0.115114 0.115745 0.044604 0.447964 0.064011 0.110945 -0.789550 0.000000 
7.500000e-02 1.003407e-01 9.749920e-02 7.496084e-02 1.000000e-01 7.804946e-01 -0.453595 0.058216 0.116454 0.116562 0.117200 0.045165 0.453596 0.063288 0.109500 -0.790997 0.000000 
7.500000e-02 1.003407e-01 9.749920e-02 7.496084e-02 1.000000e-01 7.890060e-01 -0.459218 0.058938 0.117898 0.118007 0.118653 0.045725 0.459219 0.062566 0.108056 -0.792442 0.000000 
7.500000e-02 1.003407e-01 9.749920e-02 7.496084e-02 1.000000e-01 7.975044e-01 -0.464833 0.059658 0.119339 0.119449 0.120104 0.046284 0.464834 0.061846 0.106614 -0.793885 0.000000 
7.500000e-02 1.003407e-01 9.749920e-02 7.496084e-02 1.000000e-01 8.059897e-01 -0.470439 0.060378 0.120778 0.120890 0.121552 0.046842 0.470440 0.061126 0.105175 -0.795325 0.000000 
7.500000e-02 1.003407e-01 9.749920e-02 7.496084e-02 1.000000e-01 8.144618e-01 -0.476036 0.061096 0.122216 0.122328 0.122998 0.047400 0.476037 0.060408 0.103738 -0.796764 0.000000 
7.500000e-02 1.003407e-01 9.749920e-02 7.496084e-02 1.000000e-01 8.229206e-01 -0.481625 0.061814 0.123650 0.123764 0.124442 0.047956 0.481625 0.059691 0.102303 -0.798200 0.000000 
7.500000e-02 1.003407e-01 9.749920e-02 7.496084e-02 1.000000e-01 8.313659e-01 -0.487204 0.062530 0.125083 0.125198 0.125884 0.048512 0.487205 0.058975 0.100871 -0.799633 0.000000 
7.500000e-02 1.003407e-01 9.749920e-02 7.496084e-02 1.000000e-01 8.397976e-01 -0.492775 0.063245 0.126513 0.126630 0.127323 0.049066 0.492776 0.058260 0.099441 -0.801065 0.000000 
7.500000e-02 1.003407e-01 9.749920e-02 7.496084e-02 1.000000e-01 8.482155e-01 -0.498337 0.063959 0.127941 0.128059 0.128760 0.049620 0.498337 0.057546 0.098013 -0.802494 0.000000 
7.500000e-02 1.003407e-01 9.749920e-02 7.496084e-02 1.000000e-01 8.566196e-01 -0.503889 0.064671 0.129367 0.129486 0.130194 0.050173 0.503890 0.056833 0.096587 -0.803921 0.000000 
7.500000e-02 1.003407e-01 9.749920e-02 7.496084e-02 1.000000e-01 8.650097e-01 -0.509432 0.065383 0.130790 0.130910 0.131627 0.050725 0.509433 0.056122 0.095164 -0.805345 0.000000 
7.500000e-02 1.003407e-01 9.749920e-02 7.496084e-02 1.000000e-01 8.733857e-01 -0.514966 0.066093 0.132211 0.132332 0.133056 0.051275 0.514967 0.055412 0.093743 -0.806767 0.000000 
7.500000e-02 1.003407e-01 9.749920e-02 7.496084e-02 1.000000e-01 8.817474e-01 -0.520490 0.066802 0.133629 0.133752 0.134483 0.051825 0.520491 0.054703 0.092325 -0.808187 0.000000 
7.500000e-02 1.003407e-01 9.749920e-02 7.496084e-02 1.000000e-01 8.900947e-01 -0.526005 0.067510 0.135045 0.135169 0.135908 0.052374 0.526006 0.053995 0.090909 -0.809604 0.000000 
7.500000e-02 1.003407e-01 9.749920e-02 7.496084e-02 1.000000e-01 8.984274e-01 -0.531511 0.068217 0.136459 0.136584 0.137330 0.052923 0.531511 0.053288 0.089496 -0.811019 0.000000 
7.500000e-02 1.003407e-01 9.749920e-02 7.496084e-02 1.000000e-01 9.067455e-01 -0.537006 0.068922 0.137870 0.137996 0.138750 0.053470 0.537007 0.052583 0.088085 -0.812431 0.000000 
7.500000e-02 1.003407e-01 9.749920e-02 7.496084e-02 1.000000e-01 9.150487e-01 -0.542492 0.069627 0.139279 0.139406 0.140167 0.054016 0.542493 0.051879 0.086677 -0.813841 0.000000 
7.500000e-02 1.003407e-01 9.749920e-02 7.496084e-02 1.000000e-01 9.233369e-01 -0.547968 0.070330 0.140685 0.140813 0.141582 0.054561 0.547968 0.051176 0.085271 -0.815248 0.000000 
7.500000e-02 1.003407e-01 9.749920e-02 7.496084e-02 1.000000e-01 9.316100e-01 -0.553434 0.071031 0.142088 0.142217 0.142994 0.055105 0.553434 0.050475 0.083868 -0.816653 0.000000 
7.500000e-02 1.003407e-01 9.749920e-02 7.496084e-02 1.000000e-01 9.398678e-01 -0.558889 0.071732 0.143489 0.143619 0.144403 0.055648 0.558890 0.049774 0.082467 -0.818054 0.000000 
7.500000e-02 1.003407e-01 9.749920e-02 7.496084e-02 1.000000e-01 9.481102e-01 -0.564335 0.072431 0.144888 0.145018 0.145809 0.056190 0.564336 0.049075 0.081069 -0.819454 0.000000 
7.500000e-02 1.003407e-01 9.749920e-02 7.496084e-02 1.000000e-01 9.563370e-01 -0.569770 0.073129 0.146284 0.146415 0.147213 0.056731 0.569771 0.048378 0.079673 -0.820851 0.000000 
7.500000e-02 1.003407e-01 9.749920e-02 7.496084e-02 1.000000e-01 9.645480e-01 -0.575195 0.073826 0.147677 0.147809 0.148614 0.057271 0.575196 0.047682 0.078281 -0.822245 0.000000 
7.500000e-02 1.003407e-01 9.749920e-02 7.496084e-02 1.000000e-01 9.727431e-01 -0.580609 0.074521 0.149068 0.149200 0.150013 0.057809 0.580610 0.046987 0.076891 -0.823636 0.000000 
7.500000e-02 1.003407e-01 9.749920e-02 7.496084e-02 1.000000e-01 9.809221e-01 -0.586013 0.075215 0.150456 0.150589 0.151408 0.058347 0.586014 0.046293 0.075503 -0.825025 0.000000 
7.500000e-02 1.003407e-01 9.749920e-02 7.496084e-02 1.000000e-01 9.890849e-01 -0.591406 0.075908 0.151841 0.151975 0.152800 0.058883 0.591407 0.045601 0.074119 -0.826410 0.000000 
7.500000e-02 1.003407e-01 9.749920e-02 7.496084e-02 1.000000e-01 9.972312e-01 -0.596788 0.076599 0.153224 0.153358 0.154190 0.059419 0.596789 0.044910 0.072737 -0.827793 0.000000 
7.500000e-02 1.003407e-01 9.749920e-02 7.496084e-02 1.000000e-01 1.005361e+00 -0.602159 0.077289 0.154604 0.154738 0.155577 0.059953 0.602160 0.044221 0.071358 -0.829174 0.000000 
7.500000e-02 1.003407e-01 9.749920e-02 7.496084e-02 1.000000e-01 1.013474e+00 -0.607519 0.077978 0.155981 0.156115 0.156960 0.060486 0.607520 0.043533 0.069982 -0.830551 0.000000 
7.500000e-02 1.003407e-01 9.749920e-02 7.496084e-02 1.000000e-01 1.021570e+00 -0.612868 0.078666 0.157356 0.157490 0.158341 0.061018 0.612869 0.042847 0.068609 -0.831926 0.000000 
7.500000e-02 1.003407e-01 9.749920e-02 7.496084e-02 1.000000e-01 1.029649e+00 -0.618206 0.079352 0.158728 0.158861 0.159718 0.061548 0.618207 0.042162 0.067238 -0.833297 0.000000 
7.500000e-02 1.003407e-01 9.749920e-02 7.496084e-02 1.000000e-01 1.037711e+00 -0.623532 0.080037 0.160097 0.160230 0.161092 0.062078 0.623533 0.041478 0.065871 -0.834666 0.000000 
7.500000e-02 1.003407e-01 9.749920e-02 7.496084e-02 1.000000e-01 1.045755e+00 -0.628847 0.080720 0.161464 0.161595 0.162463 0.062606 0.628847 0.040796 0.064506 -0.836032 0.000000 
7.500000e-02 1.003407e-01 9.749920e-02 7.496083e-02 1.000000e-01 1.053781e+00 -0.634150 0.081403 0.162828 0.162958 0.163831 0.063132 0.634150 0.040115 0.063145 -0.837394 0.000000 
7.500000e-02 1.003407e-01 9.749920e-02 7.496083e-02 1.000000e-01 1.061790e+00 -0.639441 0.082084 0.164189 0.164317 0.165195 0.063658 0.639441 0.039436 0.061787 -0.838754 0.000000 
7.500000e-02 1.003407e-01 9.749920e-02 7.496083e-02 1.000000e-01 1.069781e+00 -0.644720 0.082764 0.165547 0.165674 0.166556 0.064182 0.644721 0.038759 0.060431 -0.840111 0.000000 
7.500000e-02 1.003407e-01 9.749920e-02 7.496083e-02 1.000000e-01 1.077753e+00 -0.649987 0.083442 0.166903 0.167027 0.167913 0.064704 0.649988 0.038083 0.059079 -0.841464 0.000000 
7.500000e-02 1.003407e-01 9.749920e-02 7.496083e-02 1.000000e-01 1.085707e+00 -0.655242 0.084119 0.168256 0.168377 0.169266 0.065225 0.655243 0.037408 0.057730 -0.842815 0.000000 
7.500000e-02 1.003407e-01 9.749920e-02 7.496083e-02 1.000000e-01 1.093642e+00 -0.660485 0.084795 0.169606 0.169724 0.170616 0.065745 0.660486 0.036735 0.056384 -0.844162 0.000000 
7.500000e-02 1.003407e-01 9.749920e-02 7.496082e-02 1.000000e-01 1.101559e+00 -0.665715 0.085470 0.170954 0.171068 0.171962 0.066263 0.665716 0.036064 0.055041 -0.845506 0.000000 
7.500000e-02 1.003407e-01 9.749920e-02 7.496082e-02 1.000000e-01 1.109456e+00 -0.670933 0.086144 0.172299 0.172408 0.173304 0.066779 0.670933 0.035394 0.053701 -0.846847 0.000000 
7.500000e-02 1.003407e-01 9.749920e-02 7.496082e-02 1.000000e-01 1.117334e+00 -0.676138 0.086817 0.173642 0.173746 0.174642 0.067293 0.676138 0.034726 0.052365 -0.848184 0.000000 
7.500000e-02 1.003407e-01 9.749920e-02 7.496081e-02 1.000000e-01 1.125193e+00 -0.681330 0.087488 0.174982 0.175079 0.175975 0.067806 0.681330 0.034060 0.051032 -0.849518 0.000000 
7.500000e-02 1.003407e-01 9.749920e-02 7.496081e-02 1.000000e-01 1.133032e+00 -0.686509 0.088159 0.176320 0.176410 0.177305 0.068317 0.686510 0.033395 0.049703 -0.850849 0.000000 
7.500000e-02 1.003407e-01 9.749920e-02 7.496081e-02 1.000000e-01 1.140851e+00 -0.691675 0.088829 0.177656 0.177737 0.178629 0.068826 0.691675 0.032732 0.048376 -0.852177 0.000000 
7.500000e-02 1.003407e-01 9.749920e-02 7.496080e-02 1.000000e-01 1.148650e+00 -0.696828 0.089497 0.178989 0.179060 0.179949 0.069333 0.696828 0.032071 0.047053 -0.853501 0.000000 
7.500000e-02 1.003407e-01 9.749920e-02 7.496079e-02 1.000000e-01 1.156429e+00 -0.701967 0.090166 0.180320 0.180380 0.181264 0.069838 0.701967 0.031411 0.045734 -0.854821 0.000000 
7.500000e-02 1.003407e-01 9.749920e-02 7.496079e-02 1.000000e-01 1.164187e+00 -0.707092 0.090833 0.181650 0.181696 0.182573 0.070341 0.707093 0.030754 0.044418 -0.856139 0.000000 
7.500000e-02 1.003407e-01 9.749920e-02 7.496078e-02 1.000000e-01 1.171924e+00 -0.712204 0.091500 0.182977 0.183009 0.183877 0.070841 0.712204 0.030098 0.043106 -0.857452 0.000000 
7.500000e-02 1.003407e-01 9.749920e-02 7.496077e-02 1.000000e-01 1.179640e+00 -0.717302 0.092167 0.184303 0.184318 0.185176 0.071339 0.717302 0.029443 0.041797 -0.858762 0.000000 
7.500000e-02 1.003407e-01 9.749920e-02 7.496076e-02 1.000000e-01 1.187335e+00 -0.722386 0.092833 0.185628 0.185623 0.186468 0.071834 0.722386 0.028791 0.040492 -0.860069 0.000000 
7.500000e-02 1.003407e-01 9.749920e-02 7.496075e-02 1.000000e-01 1.195008e+00 -0.727455 0.093500 0.186951 0.186925 0.187754 0.072327 0.727456 0.028140 0.039190 -0.861371 0.000000 
7.500000e-02 1.003407e-01 9.749920e-02 7.496073e-02 1.000000e-01 1.202659e+00 -0.732510 0.094166 0.188274 0.188223 0.189033 0.072816 0.732511 0.027491 0.037892 -0.862670 0.000000 
7.500000e-02 1.003407e-01 9.749920e-02 7.496072e-02 1.000000e-01 1.210289e+00 -0.737551 0.094833 0.189596 0.189516 0.190305 0.073302 0.737551 0.026844 0.036598 -0.863966 0.000000 
7.500000e-02 1.003407e-01 9.749920e-02 7.496070e-02 1.000000e-01 1.217896e+00 -0.742577 0.095501 0.190918 0.190806 0.191569 0.073784 0.742577 0.026199 0.035308 -0.865257 0.000000 
7.500000e-02 1.003407e-01 9.749920e-02 7.496068e-02 1.000000e-01 1.225480e+00 -0.747588 0.096169 0.192240 0.192092 0.192825 0.074263 0.747588 0.025556 0.034021 -0.866545 0.000000 
7.500000e-02 1.003407e-01 9.749920e-02 7.496065e-02 1.000000e-01 1.233042e+00 -0.752584 0.096839 0.193562 0.193374 0.194072 0.074738 0.752584 0.024915 0.032739 -0.867829 0.000000 
7.500000e-02 1.003407e-01 9.749920e-02 7.496063e-02 1.000000e-01 1.240580e+00 -0.757564 0.097510 0.194886 0.194652 0.195310 0.075208 0.757565 0.024276 0.031460 -0.869108 0.000000 
7.500000e-02 1.003407e-01 9.749920e-02 7.496060e-02 1.000000e-01 1.248096e+00 -0.762529 0.098184 0.196211 0.195925 0.196537 0.075673 0.762530 0.023639 0.030185 -0.870384 0.000000 
7.500000e-02 1.003407e-01 9.749920e-02 7.496056e-02 1.000000e-01 1.255587e+00 -0.767479 0.098860 0.197539 0.197195 0.197754 0.076134 0.767479 0.023003 0.028915 -0.871656 0.000000 
7.500000e-02 1.003407e-01 9.749920e-02 7.496052e-02 1.000000e-01 1.263055e+00 -0.772412 0.099538 0.198869 0.198460 0.198958 0.076588 0.772413 0.022370 0.027648 -0.872924 0.000000 
7.500000e-02 1.003407e-01 9.749920e-02 7.496048e-02 1.000000e-01 1.270498e+00 -0.777330 0.100220 0.200204 0.199720 0.200150 0.077037 0.777331 0.021739 0.026386 -0.874188 0.000000 
7.500000e-02 1.003407e-01 9.749920e-02 7.496043e-02 1.000000e-01 1.277917e+00 -0.782232 0.100907 0.201543 0.200977 0.201328 0.077478 0.782232 0.021110 0.025127 -0.875447 0.000000 
7.500000e-02 1.003407e-01 9.749920e-02 7.496037e-02 1.000000e-01 1.285311e+00 -0.787117 0.101598 0.202888 0.202229 0.202491 0.077912 0.787117 0.020483 0.023873 -0.876703 0.000000 
7.500000e-02 1.003407e-01 9.749920e-02 7.496030e-02 1.000000e-01 1.292680e+00 -0.791985 0.102295 0.204240 0.203477 0.203637 0.078338 0.791986 0.019858 0.022623 -0.877954 0.000000 
7.500000e-02 1.003407e-01 9.749920e-02 7.496023e-02 1.000000e-01 1.300023e+00 -0.796837 0.102998 0.205599 0.204721 0.204766 0.078755 0.796837 0.019235 0.021378 -0.879200 0.000000 
7.500000e-02 1.003407e-01 9.749920e-02 7.496014e-02 1.000000e-01 1.307341e+00 -0.801672 0.103709 0.206969 0.205960 0.205873 0.079161 0.801672 0.018615 0.020136 -0.880443 0.000000 
7.500000e-02 1.003407e-01 9.749920e-02 7.496005e-02 1.000000e-01 1.314632e+00 -0.806489 0.104427 0.208349 0.207196 0.206961 0.079558 0.806489 0.017997 0.018899 -0.881681 0.000000 
7.500000e-02 1.003407e-01 9.749920e-02 7.495994e-02 1.000000e-01 1.321897e+00 -0.811289 0.105155 0.209743 0.208427 0.208024 0.079941 0.811289 0.017381 0.017667 -0.882914 0.000000 
7.500000e-02 1.003407e-01 9.749920e-02 7.495981e-02 1.000000e-01 1.329136e+00 -0.816072 0.105894 0.211151 0.209655 0.209062 0.080312 0.816072 0.016767 0.016439 -0.884143 0.000000 
7.500000e-02 1.003407e-01 9.749920e-02 7.495967e-02 1.000000e-01 1.336347e+00 -0.820836 0.106644 0.212577 0.210879 0.210070 0.080667 0.820836 0.016155 0.015216 -0.885368 0.000000 
7.500000e-02 1.003407e-01 9.749920e-02 7.495951e-02 1.000000e-01 1.343531e+00 -0.825583 0.107408 0.214021 0.212101 0.211048 0.081006 0.825583 0.015546 0.013998 -0.886587 0.000000 
7.500000e-02 1.003407e-01 9.749920e-02 7.495934e-02 1.000000e-01 1.350688e+00 -0.830311 0.108186 0.215488 0.213320 0.211992 0.081326 0.830311 0.014939 0.012784 -0.887802 0.000000 
7.500000e-02 1.003407e-01 9.749920e-02 7.495913e-02 1.000000e-01 1.357816e+00 -0.835020 0.108982 0.216981 0.214537 0.212896 0.081626 0.835021 0.014335 0.011574 -0.889013 0.000000 
7.500000e-02 1.003407e-01 9.749920e-02 7.495891e-02 1.000000e-01 1.364916e+00 -0.839711 0.109794 0.218499 0.215753 0.213762 0.081904 0.839712 0.013733 0.010370 -0.890218 0.000000 
7.500000e-02 1.003407e-01 9.749920e-02 7.495865e-02 1.000000e-01 1.371987e+00 -0.844383 0.110628 0.220055 0.216971 0.214577 0.082154 0.844384 0.013133 0.009171 -0.891419 0.000000 
7.500000e-02 1.003407e-01 9.749920e-02 7.495836e-02 1.000000e-01 1.379029e+00 -0.849036 0.111482 0.221643 0.218190 0.215344 0.082378 0.849036 0.012536 0.007976 -0.892614 0.000000 
7.500000e-02 1.003407e-01 9.749920e-02 7.495803e-02 1.000000e-01 1.386041e+00 -0.853669 0.112360 0.223274 0.219414 0.216054 0.082568 0.853669 0.011941 0.006787 -0.893805 0.000000 
7.500000e-02 1.003407e-01 9.749920e-02 7.495766e-02 1.000000e-01 1.393024e+00 -0.858283 0.113264 0.224953 0.220644 0.216700 0.082723 0.858283 0.011349 0.005602 -0.894990 0.000000 
7.500000e-02 1.003407e-01 9.749920e-02 7.495725e-02 1.000000e-01 1.399976e+00 -0.862876 0.114193 0.226678 0.221882 0.217283 0.082841 0.862877 0.010760 0.004423 -0.896171 0.000000 
7.500000e-02 1.003407e-01 9.749920e-02 7.495679e-02 1.000000e-01 1.406898e+00 -0.867450 0.115155 0.228471 0.223136 0.217780 0.082908 0.867450 0.010173 0.003249 -0.897346 0.000000 
7.500000e-02 1.003407e-01 9.749920e-02 7.495627e-02 1.000000e-01 1.413788e+00 -0.872002 0.116145 0.230325 0.224407 0.218197 0.082928 0.872003 0.009588 0.002080 -0.898516 0.000000 
7.500000e-02 1.003407e-01 9.749920e-02 7.495569e-02 1.000000e-01 1.420648e+00 -0.876535 0.117167 0.232253 0.225702 0.218521 0.082892 0.876535 0.009007 0.000916 -0.899681 0.000000 
7.500000e-02 1.003407e-01 9.749920e-02 7.495505e-02 1.000000e-01 1.427475e+00 -0.881046 0.118223 0.234271 0.227031 0.218733 0.082789 0.881046 0.008428 -0.000242 -0.900840 0.000000 
7.500000e-02 1.003407e-01 9.749920e-02 7.495433e-02 1.000000e-01 1.434270e+00 -0.885536 0.119309 0.236376 0.228397 0.218836 0.082618 0.885536 0.007852 -0.001394 -0.901994 0.000000 
7.500000e-02 1.003407e-01 9.749920e-02 7.495353e-02 1.000000e-01 1.441032e+00 -0.890004 0.120429 0.238594 0.229818 0.218801 0.082363 0.890004 0.007278 -0.002542 -0.903142 0.000000 
7.500000e-02 1.003407e-01 9.749920e-02 7.495264e-02 1.000000e-01 1.447761e+00 -0.894450 0.121577 0.240936 0.231305 0.218617 0.082016 0.894451 0.006707 -0.003683 -0.904284 0.000000 
7.500000e-02 1.003407e-01 9.749920e-02 7.495166e-02 1.000000e-01 1.454457e+00 -0.898875 0.122750 0.243406 0.232869 0.218278 0.081573 0.898875 0.006140 -0.004819 -0.905421 0.000000 
7.500000e-02 1.003407e-01 9.749920e-02 7.495058e-02 1.000000e-01 1.461118e+00 -0.903277 0.123942 0.246045 0.234543 0.217740 0.081007 0.903277 0.005575 -0.005949 -0.906553 0.000000 
7.500000e-02 1.003407e-01 9.749920e-02 7.494939e-02 1.000000e-01 1.467745e+00 -0.907657 0.125144 0.248866 0.236345 0.216990 0.080312 0.907657 0.005012 -0.007074 -0.907678 0.000000 
7.500000e-02 1.003407e-01 9.749920e-02 7.494809e-02 1.000000e-01 1.474338e+00 -0.912013 0.126342 0.251882 0.238294 0.216015 0.079480 0.912013 0.004453 -0.008192 -0.908798 0.000000 
7.500000e-02 1.003407e-01 9.749920e-02 7.494667e-02 1.000000e-01 1.480895e+00 -0.916346 0.127517 0.255151 0.240447 0.214754 0.078478 0.916347 0.003897 -0.009305 -0.909911 0.000000 
7.500000e-02 1.003407e-01 9.749920e-02 7.494512e-02 1.000000e-01 1.487416e+00 -0.920656 0.128643 0.258710 0.242843 0.213172 0.077289 0.920657 0.003344 -0.010411 -0.911019 0.000000 
7.500000e-02 1.003407e-01 9.749920e-02 7.494345e-02 1.000000e-01 1.493901e+00 -0.924943 0.129692 0.262580 0.245513 0.211248 0.075910 0.924943 0.002794 -0.011512 -0.912120 0.000000 
7.500000e-02 1.003407e-01 9.749920e-02 7.494166e-02 1.000000e-01 1.500349e+00 -0.929204 0.130619 0.266833 0.248528 0.208914 0.074311 0.929205 0.002247 -0.012606 -0.913215 0.000000 
7.500000e-02 1.003407e-01 9.749920e-02 7.493973e-02 1.000000e-01 1.506758e+00 -0.933441 0.131348 0.271589 0.252004 0.206056 0.072444 0.933441 0.001703 -0.013693 -0.914304 0.000000 
7.500000e-02 1.003407e-01 9.749920e-02 7.493768e-02 1.000000e-01 1.513128e+00 -0.937651 0.131830 0.276875 0.255965 0.202661 0.070321 0.937652 0.001163 -0.014774 -0.915386 0.000000 
7.500000e-02 1.003407e-01 9.749920e-02 7.493551e-02 1.000000e-01 1.519457e+00 -0.941836 0.131983 0.282788 0.260501 0.198643 0.067921 0.941836 0.000626 -0.015849 -0.916461 0.000000 
7.500000e-02 1.003407e-01 9.749920e-02 7.493320e-02 1.000000e-01 1.525745e+00 -0.945993 0.131647 0.289547 0.265789 0.193819 0.065191 0.945993 0.000092 -0.016916 -0.917529 0.000000 
7.500000e-02 1.003407e-01 9.749920e-02 7.493071e-02 1.000000e-01 1.531993e+00 -0.950123 0.130680 0.297312 0.271943 0.188071 0.062118 0.950123 -0.000438 -0.017976 -0.918591 0.000000 
7.500000e-02 1.003407e-01 9.749920e-02 7.492798e-02 1.000000e-01 1.538197e+00 -0.954224 0.128952 0.306220 0.279027 0.181315 0.058710 0.954225 -0.000964 -0.019029 -0.919645 0.000000 
7.500000e-02 1.003407e-01 9.749920e-02 7.492478e-02 1.000000e-01 1.544359e+00 -0.958297 0.126277 0.316504 0.287157 0.173403 0.054957 0.958297 -0.001487 -0.020075 -0.920691 0.000000 
7.500000e-02 1.003407e-01 9.749920e-02 7.492066e-02 1.000000e-01 1.550477e+00 -0.962337 0.122343 0.328579 0.296517 0.164070 0.050829 0.962337 -0.002005 -0.021112 -0.921729 0.000000 
7.500000e-02 1.003407e-01 9.749920e-02 7.491452e-02 1.000000e-01 1.556548e+00 -0.966340 0.116844 0.342888 0.307184 0.153097 0.046327 0.966340 -0.002519 -0.022140 -0.922758 0.000000 
7.500000e-02 1.003407e-01 9.749920e-02 7.490404e-02 1.000000e-01 1.562568e+00 -0.970298 0.109666 0.359672 0.318964 0.140489 0.041507 0.970298 -0.003027 -0.023156 -0.923775 0.000000 
7.500000e-02 1.003407e-01 9.749920e-02 7.488404e-02 1.000000e-01 1.568530e+00 -0.974193 0.100647 0.379393 0.331534 0.126204 0.036415 0.974193 -0.003527 -0.024156 -0.924776 0.000000 
7.500000e-02 1.003407e-01 9.749920e-02 7.484277e-02 1.000000e-01 1.574416e+00 -0.977989 0.089770 0.402604 0.344115 0.110364 0.031136 0.977989 -0.004014 -0.025130 -0.925751 0.000000 
7.500000e-02 1.003407e-01 9.749920e-02 7.475127e-02 1.000000e-01 1.580192e+00 -0.981610 0.077282 0.430242 0.354883 0.093380 0.025823 0.981610 -0.004479 -0.026060 -0.926682 0.000000 
7.500000e-02 1.003407e-01 9.749920e-02 7.453127e-02 1.000000e-01 1.585774e+00 -0.984893 0.064119 0.464211 0.359420 0.076353 0.020791 0.984893 -0.004900 -0.026903 -0.927526 0.000000 
7.500000e-02 1.003407e-01 9.749920e-02 7.393553e-02 1.000000e-01 1.590966e+00 -0.987631 0.052127 0.510192 0.347879 0.060988 0.016446 0.987631 -0.005252 -0.027606 -0.928229 0.000000 
7.500000e-02 1.003407e-01 9.749920e-02 7.221543e-02 1.000000e-01 1.595502e+00 -0.990067 0.041045 0.601884 0.288621 0.046096 0.012420 0.990067 -0.005564 -0.028231 -0.928855 0.000000 
7.500000e-02 1.003407e-01 9.749920e-02 7.070665e-02 1.000000e-01 1.597500e+00 -0.991885 0.032278 0.707978 0.207659 0.034598 0.009372 0.991885 -0.005798 -0.028698 -0.929322 0.000000 
7.500000e-02 1.003407e-01 9.749920e-02 7.070665e-02 1.000000e-01 1.597500e+00 -0.991885 0.032278 0.707978 0.207659 0.034598 0.009372 0.991885 -0.005798 -0.028698 -0.929322 0.000000 
7.500000e-02 1.003407e-01 9.749920e-02 7.070665e-02 1.000000e-01 1.597500e+00 -0.991885 0.032278 0.707978 0.207659 0.034598 0.009372 0.991885 -0.005798 -0.028698 -0.929322 0.000000 
7.500000e-02 1.003407e-01 9.749920e-02 7.070665e-02 1.000000e-01 1.597500e+00 -0.991885 0.032278 0.707978 0.207659 0.034598 0.009372 0.991885 -0.005798 -0.028698 -0.929322 0.000000 
7.500000e-02 1.003407e-01 9.749920e-02 7.070665e-02 1.000000e-01 1.597500e+00 -0.991885 0.032278 0.707978 0.207659 0.034598 0.009372 0.991885 -0.005798 -0.028698 -0.929322 0.000000 
7.500000e-02 1.003407e-01 9.749920e-02 7.070665e-02 1.000000e-01 1.597500e+00 -0.991885 0.032278 0.707978 0.207659 0.034598 0.009372 0.991885 -0.005798 -0.028698 -0.929322 0.000000 
7.500000e-02 1.003407e-01 9.749920e-02 7.070665e-02 1.000000e-01 1.597500e+00 -0.991885 0.032278 0.707978 0.207659 0.034598 0.009372 0.991885 -0.005798 -0.028698 -0.929322 0.000000 
7.500000e-02 1.003407e-01 9.749920e-02 7.070665e-02 1.000000e-01 1.597500e+00 -0.991885 0.032278 0.707978 0.207659 0.034598 0.009372 0.991885 -0.005798 -0.028698 -0.929322 0.000000 
7.500000e-02 1.003407e-01 9.749920e-02 7.070665e-02 1.000000e-01 1.597500e+00 -0.991885 0.032278 0.707978 0.207659 0.034598 0.009372 0.991885 -0.005798 -0.028698 -0.929322 0.000000 
7.500000e-02 1.003407e-01 9.749920e-02 7.070665e-02 1.000000e-01 1.597500e+00 -0.991885 0.032278 0.707978 0.207659 0.034598 0.009372 0.991885 -0.005798 -0.028698 -0.929322 0.000000 
7.500000e-02 1.003407e-01 9.749920e-02 7.070665e-02 1.000000e-01 1.597500e+00 -0.991885 0.032278 0.707978 0.207659 0.034598 0.009372 0.991885 -0.005798 -0.028698 -0.929322 0.000000 
7.500000e-02 1.003407e-01 9.749920e-02 7.070665e-02 1.000000e-01 1.597500e+00 -0.991885 0.032278 0.707978 0.207659 0.034598 0.009372 0.991885 -0.005798 -0.028698 -0.929322 0.000000 
7.500000e-02 1.003407e-01 9.749920e-02 7.070665e-02 1.000000e-01 1.597500e+00 -0.991885 0.032278 0.707978 0.207659 0.034598 0.009372 0.991885 -0.005798 -0.028698 -0.929322 0.000000 
7.500000e-02 1.003407e-01 9.749920e-02 7.070665e-02 1.000000e-01 1.597500e+00 -0.991885 0.032278 0.707978 0.207659 0.034598 0.009372 0.991885 -0.005798 -0.028698 -0.929322 0.000000 
7.500000e-02 1.003407e-01 9.749920e-02 7.070665e-02 1.000000e-01 1.597500e+00 -0.991885 0.032278 0.707978 0.207659 0.034598 0.009372 0.991885 -0.005798 -0.028698 -0.929322 0.000000 
7.500000e-02 1.003407e-01 9.749920e-02 7.070665e-02 1.000000e-01 1.597500e+00 -0.991885 0.032278 0.707978 0.207659 0.034598 0.009372 0.991885 -0.005798 -0.028698 -0.929322 0.000000 
7.500000e-02 1.003407e-01 9.749920e-02 7.070665e-02 1.000000e-01 1.597500e+00 -0.991885 0.032278 0.707978 0.207659 0.034598 0.009372 0.991885 -0.005798 -0.028698 -0.929322 0.000000 
7.500000e-02 1.003407e-01 9.749920e-02 7.070665e-02 1.000000e-01 1.597500e+00 -0.991885 0.032278 0.707978 0.207659 0.034598 0.009372 0.991885 -0.005798 -0.028698 -0.929322 0.000000 
7.500000e-02 1.003407e-01 9.749920e-02 7.070665e-02 1.000000e-01 1.597500e+00 -0.991885 0.032278 0.707978 0.207659 0.034598 0.009372 0.991885 -0.005798 -0.028698 -0.929322 0.000000 
7.500000e-02 1.003407e-01 9.749920e-02 7.070665e-02 1.000000e-01 1.597500e+00 -0.991885 0.032278 0.707978 0.207659 0.034598 0.009372 0.991885 -0.005798 -0.028698 -0.929322 0.000000 
7.500000e-02 1.003407e-01 9.749920e-02 7.070665e-02 1.000000e-01 1.597500e+00 -0.991885 0.032278 0.707978 0.207659 0.034598 0.009372 0.991885 -0.005798 -0.028698 -0.929322 0.000000 
7.500000e-02 1.003407e-01 9.749920e-02 7.070665e-02 1.000000e-01 1.597500e+00 -0.991885 0.032278 0.707978 0.207659 0.034598 0.009372 0.991885 -0.005798 -0.028698 -0.929322 0.000000 
7.500000e-02 1.003407e-01 9.749920e-02 7.070665e-02 1.000000e-01 1.597500e+00 -0.991885 0.032278 0.707978 0.207659 0.034598 0.009372 0.991885 -0.005798 -0.028698 -0.929322 0.000000 
7.500000e-02 1.003407e-01 9.749920e-02 7.070665e-02 1.000000e-01 1.597500e+00 -0.991885 0.032278 0.707978 0.207659 0.034598 0.009372 0.991885 -0.005798 -0.028698 -0.929322 0.000000 
7.500000e-02 1.003407e-01 9.749920e-02 7.070665e-02 1.000000e-01 1.597500e+00 -0.991885 0.032278 0.707978 0.207659 0.034598 0.009372 0.991885 -0.005798 -0.028698 -0.929322 0.000000 
7.500000e-02 1.003407e-01 9.749920e-02 7.070665e-02 1.000000e-01 1.597500e+00 -0.991885 0.032278 0.707978 0.207659 0.034598 0.009372 0.991885 -0.005798 -0.028698 -0.929322 0.000000 
7.500000e-02 1.003407e-01 9.749920e-02 7.070665e-02 1.000000e-01 1.597500e+00 -0.991885 0.032278 0.707978 0.207659 0.034598 0.009372 0.991885 -0.005798 -0.028698 -0.929322 0.000000 
7.500000e-02 1.003407e-01 9.749920e-02 7.070665e-02 1.000000e-01 1.597500e+00 -0.991885 0.032278 0.707978 0.207659 0.034598 0.009372 0.991885 -0.005798 -0.028698 -0.929322 0.000000 
7.500000e-02 1.003407e-01 9.749920e-02 7.070665e-02 1.000000e-01 1.597500e+00 -0.991885 0.032278 0.707978 0.207659 0.034598 0.009372 0.991885 -0.005798 -0.028698 -0.929322 0.000000 
7.500000e-02 1.003407e-01 9.749920e-02 7.070665e-02 1.000000e-01 1.597500e+00 -0.991885 0.032278 0.707978 0.207659 0.034598 0.009372 0.991885 -0.005798 -0.028698 -0.929322 0.000000 
7.500000e-02 1.003407e-01 9.749920e-02 7.070665e-02 1.000000e-01 1.597500e+00 -0.991885 0.032278 0.707978 0.207659 0.034598 0.009372 0.991885 -0.005798 -0.028698 -0.929322 0.000000 
7.500000e-02 1.003407e-01 9.749920e-02 7.070665e-02 1.000000e-01 1.597500e+00 -0.991885 0.032278 0.707978 0.207659 0.034598 0.009372 0.991885 -0.005798 -0.028698 -0.929322 0.000000 
7.500000e-02 1.003407e-01 9.749920e-02 7.070665e-02 1.000000e-01 1.597500e+00 -0.991885 0.032278 0.707978 0.207659 0.034598 0.009372 0.991885 -0.005798 -0.028698 -0.929322 0.000000 
7.500000e-02 1.003407e-01 9.749920e-02 7.070665e-02 1.000000e-01 1.597500e+00 -0.991885 0.032278 0.707978 0.207659 0.034598 0.009372 0.991885 -0.005798 -0.028698 -0.929322 0.000000 
7.500000e-02 1.003407e-01 9.749920e-02 7.070665e-02 1.000000e-01 1.597500e+00 -0.991885 0.032278 0.707978 0.207659 0.034598 0.009372 0.991885 -0.005798 -0.028698 -0.929322 0.000000 
7.500000e-02 1.003407e-01 9.749920e-02 7.070665e-02 1.000000e-01 1.597500e+00 -0.991885 0.032278 0.707978 0.207659 0.034598 0.009372 0.991885 -0.005798 -0.028698 -0.929322 0.000000 
7.500000e-02 1.003407e-01 9.749920e-02 7.070665e-02 1.000000e-01 1.597500e+00 -0.991885 0.032278 0.707978 0.207659 0.034598 0.009372 0.991885 -0.005798 -0.028698 -0.929322 0.000000 
7.500000e-02 1.003407e-01 9.749920e-02 7.070665e-02 1.000000e-01 1.597500e+00 -0.991885 0.032278 0.707978 0.207659 0.034598 0.009372 0.991885 -0.005798 -0.028698 -0.929322 0.000000 
7.500000e-02 1.003407e-01 9.749920e-02 7.070665e-02 1.000000e-01 1.597500e+00 -0.991885 0.032278 0.707978 0.207659 0.034598 0.009372 0.991885 -0.005798 -0.028698 -0.929322 0.000000 
7.500000e-02 1.003407e-01 9.749920e-02 7.070665e-02 1.000000e-01 1.597500e+00 -0.991885 0.032278 0.707978 0.207659 0.034598 0.009372 0.991885 -0.005798 -0.028698 -0.929322 0.000000 
7.500000e-02 1.003407e-01 9.749920e-02 7.070665e-02 1.000000e-01 1.597500e+00 -0.991885 0.032278 0.707978 0.207659 0.034598 0.009372 0.991885 -0.005798 -0.028698 -0.929322 0.000000 
7.500000e-02 1.003407e-01 9.749920e-02 7.070665e-02 1.000000e-01 1.597500e+00 -0.991885 0.032278 0.707978 0.207659 0.034598 0.009372 0.991885 -0.005798 -0.028698 -0.929322 0.000000 
7.500000e-02 1.003407e-01 9.749920e-02 7.070665e-02 1.000000e-01 1.597500e+00 -0.991885 0.032278 0.707978 0.207659 0.034598 0.009372 0.991885 -0.005798 -0.028698 -0.929322 0.000000 
7.500000e-02 1.003407e-01 9.749920e-02 7.070665e-02 1.000000e-01 1.597500e+00 -0.991885 0.032278 0.707978 0.207659 0.034598 0.009372 0.991885 -0.005798 -0.028698 -0.929322 0.000000 
7.500000e-02 1.003407e-01 9.749920e-02 7.070665e-02 1.000000e-01 1.597500e+00 -0.991885 0.032278 0.707978 0.207659 0.034598 0.009372 0.991885 -0.005798 -0.028698 -0.929322 0.000000 
7.500000e-02 1.003407e-01 9.749920e-02 7.070665e-02 1.000000e-01 1.597500e+00 -0.991885 0.032278 0.707978 0.207659 0.034598 0.009372 0.991885 -0.005798 -0.028698 -0.929322 0.000000 
7.500000e-02 1.003407e-01 9.749920e-02 7.070665e-02 1.000000e-01 1.597500e+00 -0.991885 0.032278 0.707978 0.207659 0.034598 0.009372 0.991885 -0.005798 -0.028698 -0.929322 0.000000 
7.500000e-02 1.003407e-01 9.749920e-02 7.070665e-02 1.000000e-01 1.597500e+00 -0.991885 0.032278 0.707978 0.207659 0.034598 0.009372 0.991885 -0.005798 -0.028698 -0.929322 0.000000 
7.500000e-02 1.003407e-01 9.749920e-02 7.070665e-02 1.000000e-01 1.597500e+00 -0.991885 0.032278 0.707978 0.207659 0.034598 0.009372 0.991885 -0.005798 -0.028698 -0.929322 0.000000 
7.500000e-02 1.003407e-01 9.749920e-02 7.070665e-02 1.000000e-01 1.597500e+00 -0.991885 0.032278 0.707978 0.207659 0.034598 0.009372 0.991885 -0.005798 -0.028698 -0.929322 0.000000 
7.500000e-02 1.003407e-01 9.749920e-02 7.070665e-02 1.000000e-01 1.597500e+00 -0.991885 0.032278 0.707978 0.207659 0.034598 0.009372 0.991885 -0.005798 -0.028698 -0.929322 0.000000 
7.500000e-02 1.003407e-01 9.749920e-02 7.070665e-02 1.000000e-01 1.597500e+00 -0.991885 0.032278 0.707978 0.207659 0.034598 0.009372 0.991885 -0.005798 -0.028698 -0.929322 0.000000 
7.500000e-02 1.003407e-01 9.749920e-02 7.070665e-02 1.000000e-01 1.597500e+00 -0.991885 0.032278 0.707978 0.207659 0.034598 0.009372 0.991885 -0.005798 -0.028698 -0.929322 0.000000 
7.500000e-02 1.003407e-01 9.749920e-02 7.070665e-02 1.000000e-01 1.597500e+00 -0.991885 0.032278 0.707978 0.207659 0.034598 0.009372 0.991885 -0.005798 -0.028698 -0.929322 0.000000 
7.500000e-02 1.003407e-01 9.749920e-02 7.070665e-02 1.000000e-01 1.597500e+00 -0.991885 0.032278 0.707978 0.207659 0.034598 0.009372 0.991885 -0.005798 -0.028698 -0.929322 0.000000 
7.500000e-02 1.003407e-01 9.749920e-02 7.070665e-02 1.000000e-01 1.597500e+00 -0.991885 0.032278 0.707978 0.207659 0.034598 0.009372 0.991885 -0.005798 -0.028698 -0.929322 0.000000 
7.500000e-02 1.003407e-01 9.749920e-02 7.070665e-02 1.000000e-01 1.597500e+00 -0.991885 0.032278 0.707978 0.207659 0.034598 0.009372 0.991885 -0.005798 -0.028698 -0.929322 0.000000 
7.500000e-02 1.003407e-01 9.749920e-02 7.070665e-02 1.000000e-01 1.597500e+00 -0.991885 0.032278 0.707978 0.207659 0.034598 0.009372 0.991885 -0.005798 -0.028698 -0.929322 0.000000 
7.500000e-02 1.003407e-01 9.749920e-02 7.070665e-02 1.000000e-01 1.597500e+00 -0.991885 0.032278 0.707978 0.207659 0.034598 0.009372 0.991885 -0.005798 -0.028698 -0.929322 0.000000 
7.500000e-02 1.003407e-01 9.749920e-02 7.070665e-02 1.000000e-01 1.597500e+00 -0.991885 0.032278 0.707978 0.207659 0.034598 0.009372 0.991885 -0.005798 -0.028698 -0.929322 0.000000 
7.500000e-02 1.003407e-01 9.749920e-02 7.070665e-02 1.000000e-01 1.597500e+00 -0.991885 0.032278 0.707978 0.207659 0.034598 0.009372 0.991885 -0.005798 -0.028698 -0.929322 0.000000 
7.500000e-02 1.003407e-01 9.749920e-02 7.070665e-02 1.000000e-01 1.597500e+00 -0.991885 0.032278 0.707978 0.207659 0.034598 0.009372 0.991885 -0.005798 -0.028698 -0.929322 0.000000 
7.500000e-02 1.003407e-01 9.749920e-02 7.070665e-02 1.000000e-01 1.597500e+00 -0.991885 0.032278 0.707978 0.207659 0.034598 0.009372 0.991885 -0.005798 -0.028698 -0.929322 0.000000 
7.500000e-02 1.003407e-01 9.749920e-02 7.070665e-02 1.000000e-01 1.597500e+00 -0.991885 0.032278 0.707978 0.207659 0.034598 0.009372 0.991885 -0.005798 -0.028698 -0.929322 0.000000 
7.500000e-02 1.003407e-01 9.749920e-02 7.070665e-02 1.000000e-01 1.597500e+00 -0.991885 0.032278 0.707978 0.207659 0.034598 0.009372 0.991885 -0.005798 -0.028698 -0.929322 0.000000 
7.500000e-02 1.003407e-01 9.749920e-02 7.070665e-02 1.000000e-01 1.597500e+00 -0.991885 0.032278 0.707978 0.207659 0.034598 0.009372 0.991885 -0.005798 -0.028698 -0.929322 0.000000 
7.500000e-02 1.003407e-01 9.749920e-02 7.070665e-02 1.000000e-01 1.597500e+00 -0.991885 0.032278 0.707978 0.207659 0.034598 0.009372 0.991885 -0.005798 -0.028698 -0.929322 0.000000 
7.500000e-02 1.003407e-01 9.749920e-02 7.070665e-02 1.000000e-01 1.597500e+00 -0.991885 0.032278 0.707978 0.207659 0.034598 0.009372 0.991885 -0.005798 -0.028698 -0.929322 0.000000 
7.500000e-02 1.003407e-01 9.749920e-02 7.070665e-02 1.000000e-01 1.597500e+00 -0.991885 0.032278 0.707978 0.207659 0.034598 0.009372 0.991885 -0.005798 -0.028698 -0.929322 0.000000 
7.500000e-02 1.003407e-01 9.749920e-02 7.070665e-02 1.000000e-01 1.597500e+00 -0.991885 0.032278 0.707978 0.207659 0.034598 0.009372 0.991885 -0.005798 -0.028698 -0.929322 0.000000 
7.500000e-02 1.003407e-01 9.749920e-02 7.070665e-02 1.000000e-01 1.597500e+00 -0.991885 0.032278 0.707978 0.207659 0.034598 0.009372 0.991885 -0.005798 -0.028698 -0.929322 0.000000 
7.500000e-02 1.003407e-01 9.749920e-02 7.070665e-02 1.000000e-01 1.597500e+00 -0.991885 0.032278 0.707978 0.207659 0.034598 0.009372 0.991885 -0.005798 -0.028698 -0.929322 0.000000 
7.500000e-02 1.003407e-01 9.749920e-02 7.070665e-02 1.000000e-01 1.597500e+00 -0.991885 0.032278 0.707978 0.207659 0.034598 0.009372 0.991885 -0.005798 -0.028698 -0.929322 0.000000 
7.500000e-02 1.003407e-01 9.749920e-02 7.070665e-02 1.000000e-01 1.597500e+00 -0.991885 0.032278 0.707978 0.207659 0.034598 0.009372 0.991885 -0.005798 -0.028698 -0.929322 0.000000 
7.500000e-02 1.003407e-01 9.749920e-02 7.070665e-02 1.000000e-01 1.597500e+00 -0.991885 0.032278 0.707978 0.207659 0.034598 0.009372 0.991885 -0.005798 -0.028698 -0.929322 0.000000 
7.500000e-02 1.003407e-01 9.749920e-02 7.070665e-02 1.000000e-01 1.597500e+00 -0.991885 0.032278 0.707978 0.207659 0.034598 0.009372 0.991885 -0.005798 -0.028698 -0.929322 0.000000 
7.500000e-02 1.003407e-01 9.749920e-02 7.070665e-02 1.000000e-01 1.597500e+00 -0.991885 0.032278 0.707978 0.207659 0.034598 0.009372 0.991885 -0.005798 -0.028698 -0.929322 0.000000 
7.500000e-02 1.003407e-01 9.749920e-02 7.070665e-02 1.000000e-01 1.597500e+00 -0.991885 0.032278 0.707978 0.207659 0.034598 0.009372 0.991885 -0.005798 -0.028698 -0.929322 0.000000 
7.500000e-02 1.003407e-01 9.749920e-02 7.070665e-02 1.000000e-01 1.597500e+00 -0.991885 0.032278 0.707978 0.207659 0.034598 0.009372 0.991885 -0.005798 -0.028698 -0.929322 0.000000 
7.500000e-02 1.003407e-01 9.749920e-02 7.070665e-02 1.000000e-01 1.597500e+00 -0.991885 0.032278 0.707978 0.207659 0.034598 0.009372 0.991885 -0.005798 -0.028698 -0.929322 0.000000 
7.500000e-02 1.003407e-01 9.749920e-02 7.070665e-02 1.000000e-01 1.597500e+00 -0.991885 0.032278 0.707978 0.207659 0.034598 0.009372 0.991885 -0.005798 -0.028698 -0.929322 0.000000 
7.500000e-02 1.003407e-01 9.749920e-02 7.070665e-02 1.000000e-01 1.597500e+00 -0.991885 0.032278 0.707978 0.207659 0.034598 0.009372 0.991885 -0.005798 -0.028698 -0.929322 0.000000 
7.500000e-02 1.003407e-01 9.749920e-02 7.070665e-02 1.000000e-01 1.597500e+00 -0.991885 0.032278 0.707978 0.207659 0.034598 0.009372 0.991885 -0.005798 -0.028698 -0.929322 0.000000 
7.500000e-02 1.003407e-01 9.749920e-02 7.070665e-02 1.000000e-01 1.597500e+00 -0.991885 0.032278 0.707978 0.207659 0.034598 0.009372 0.991885 -0.005798 -0.028698 -0.929322 0.000000 
7.500000e-02 1.003407e-01 9.749920e-02 7.070665e-02 1.000000e-01 1.597500e+00 -0.991885 0.032278 0.707978 0.207659 0.034598 0.009372 0.991885 -0.005798 -0.028698 -0.929322 0.000000 
7.500000e-02 1.003407e-01 9.749920e-02 7.070665e-02 1.000000e-01 1.597500e+00 -0.991885 0.032278 0.707978 0.207659 0.034598 0.009372 0.991885 -0.005798 -0.028698 -0.929322 0.000000 
7.500000e-02 1.003407e-01 9.749920e-02 7.070665e-02 1.000000e-01 1.597500e+00 -0.991885 0.032278 0.707978 0.207659 0.034598 0.009372 0.991885 -0.005798 -0.028698 -0.929322 0.000000 
7.500000e-02 1.003407e-01 9.749920e-02 7.070665e-02 1.000000e-01 1.597500e+00 -0.991885 0.032278 0.707978 0.207659 0.034598 0.009372 0.991885 -0.005798 -0.028698 -0.929322 0.000000 
7.500000e-02 1.003407e-01 9.749920e-02 7.070665e-02 1.000000e-01 1.597500e+00 -0.991885 0.032278 0.707978 0.207659 0.034598 0.009372 0.991885 -0.005798 -0.028698 -0.929322 0.000000 
7.500000e-02 1.003407e-01 9.749920e-02 7.070665e-02 1.000000e-01 1.597500e+00 -0.991885 0.032278 0.707978 0.207659 0.034598 0.009372 0.991885 -0.005798 -0.028698 -0.929322 0.000000 
7.500000e-02 1.003407e-01 9.749920e-02 7.070665e-02 1.000000e-01 1.597500e+00 -0.991885 0.032278 0.707978 0.207659 0.034598 0.009372 0.991885 -0.005798 -0.028698 -0.929322 0.000000 
7.500000e-02 1.003407e-01 9.749920e-02 7.070665e-02 1.000000e-01 1.597500e+00 -0.991885 0.032278 0.707978 0.207659 0.034598 0.009372 0.991885 -0.005798 -0.028698 -0.929322 0.000000 
7.500000e-02 1.003407e-01 9.749920e-02 7.070665e-02 1.000000e-01 1.597500e+00 -0.991885 0.032278 0.707978 0.207659 0.034598 0.009372 0.991885 -0.005798 -0.028698 -0.929322 0.000000 
7.500000e-02 1.003407e-01 9.749920e-02 7.070665e-02 1.000000e-01 1.597500e+00 -0.991885 0.032278 0.707978 0.207659 0.034598 0.009372 0.991885 -0.005798 -0.028698 -0.929322 0.000000 
7.500000e-02 1.003407e-01 9.749920e-02 7.070665e-02 1.000000e-01 1.597500e+00 -0.991885 0.032278 0.707978 0.207659 0.034598 0.009372 0.991885 -0.005798 -0.028698 -0.929322 0.000000 
7.500000e-02 1.003407e-01 9.749920e-02 7.070665e-02 1.000000e-01 1.597500e+00 -0.991885 0.032278 0.707978 0.207659 0.034598 0.009372 0.991885 -0.005798 -0.028698 -0.929322 0.000000 
7.500000e-02 1.003407e-01 9.749920e-02 7.070665e-02 1.000000e-01 1.597500e+00 -0.991885 0.032278 0.707978 0.207659 0.034598 0.009372 0.991885 -0.005798 -0.028698 -0.929322 0.000000 
7.500000e-02 1.003407e-01 9.749920e-02 7.070665e-02 1.000000e-01 1.597500e+00 -0.991885 0.032278 0.707978 0.207659 0.034598 0.009372 0.991885 -0.005798 -0.028698 -0.929322 0.000000 
7.500000e-02 1.003407e-01 9.749920e-02 7.070665e-02 1.000000e-01 1.597500e+00 -0.991885 0.032278 0.707978 0.207659 0.034598 0.009372 0.991885 -0.005798 -0.028698 -0.929322 0.000000 
7.500000e-02 1.003407e-01 9.749920e-02 7.070665e-02 1.000000e-01 1.597500e+00 -0.991885 0.032278 0.707978 0.207659 0.034598 0.009372 0.991885 -0.005798 -0.028698 -0.929322 0.000000 
7.500000e-02 1.003407e-01 9.749920e-02 7.070665e-02 1.000000e-01 1.597500e+00 -0.991885 0.032278 0.707978 0.207659 0.034598 0.009372 0.991885 -0.005798 -0.028698 -0.929322 0.000000 
7.500000e-02 1.003407e-01 9.749920e-02 7.070665e-02 1.000000e-01 1.597500e+00 -0.991885 0.032278 0.707978 0.207659 0.034598 0.009372 0.991885 -0.005798 -0.028698 -0.929322 0.000000 
7.500000e-02 1.003407e-01 9.749920e-02 7.070665e-02 1.000000e-01 1.597500e+00 -0.991885 0.032278 0.707978 0.207659 0.034598 0.009372 0.991885 -0.005798 -0.028698 -0.929322 0.000000 
7.500000e-02 1.003407e-01 9.749920e-02 7.070665e-02 1.000000e-01 1.597500e+00 -0.991885 0.032278 0.707978 0.207659 0.034598 0.009372 0.991885 -0.005798 -0.028698 -0.929322 0.000000 
7.500000e-02 1.003407e-01 9.749920e-02 7.070665e-02 1.000000e-01 1.597500e+00 -0.991885 0.032278 0.707978 0.207659 0.034598 0.009372 0.991885 -0.005798 -0.028698 -0.929322 0.000000 
7.500000e-02 1.003407e-01 9.749920e-02 7.070665e-02 1.000000e-01 1.597500e+00 -0.991885 0.032278 0.707978 0.207659 0.034598 0.009372 0.991885 -0.005798 -0.028698 -0.929322 0.000000 
7.500000e-02 1.003407e-01 9.749920e-02 7.070665e-02 1.000000e-01 1.597500e+00 -0.991885 0.032278 0.707978 0.207659 0.034598 0.009372 0.991885 -0.005798 -0.028698 -0.929322 0.000000 
7.500000e-02 1.003407e-01 9.749920e-02 7.070665e-02 1.000000e-01 1.597500e+00 -0.991885 0.032278 0.707978 0.207659 0.034598 0.009372 0.991885 -0.005798 -0.028698 -0.929322 0.000000 
7.500000e-02 1.003407e-01 9.749920e-02 7.070665e-02 1.000000e-01 1.597500e+00 -0.991885 0.032278 0.707978 0.207659 0.034598 0.009372 0.991885 -0.005798 -0.028698 -0.929322 0.000000 
7.500000e-02 1.003407e-01 9.749920e-02 7.070665e-02 1.000000e-01 1.597500e+00 -0.991885 0.032278 0.707978 0.207659 0.034598 0.009372 0.991885 -0.005798 -0.028698 -0.929322 0.000000 
7.500000e-02 1.003407e-01 9.749920e-02 7.070665e-02 1.000000e-01 1.597500e+00 -0.991885 0.032278 0.707978 0.207659 0.034598 0.009372 0.991885 -0.005798 -0.028698 -0.929322 0.000000 
7.500000e-02 1.003407e-01 9.749920e-02 7.070665e-02 1.000000e-01 1.597500e+00 -0.991885 0.032278 0.707978 0.207659 0.034598 0.009372 0.991885 -0.005798 -0.028698 -0.929322 0.000000 
7.500000e-02 1.003407e-01 9.749920e-02 7.070665e-02 1.000000e-01 1.597500e+00 -0.991885 0.032278 0.707978 0.207659 0.034598 0.009372 0.991885 -0.005798 -0.028698 -0.929322 0.000000 
7.500000e-02 1.003407e-01 9.749920e-02 7.070665e-02 1.000000e-01 1.597500e+00 -0.991885 0.032278 0.707978 0.207659 0.034598 0.009372 0.991885 -0.005798 -0.028698 -0.929322 0.000000 
7.500000e-02 1.003407e-01 9.749920e-02 7.070665e-02 1.000000e-01 1.597500e+00 -0.991885 0.032278 0.707978 0.207659 0.034598 0.009372 0.991885 -0.005798 -0.028698 -0.929322 0.000000 
7.500000e-02 1.003407e-01 9.749920e-02 7.070665e-02 1.000000e-01 1.597500e+00 -0.991885 0.032278 0.707978 0.207659 0.034598 0.009372 0.991885 -0.005798 -0.028698 -0.929322 0.000000 
7.500000e-02 1.003407e-01 9.749920e-02 7.070665e-02 1.000000e-01 1.597500e+00 -0.991885 0.032278 0.707978 0.207659 0.034598 0.009372 0.991885 -0.005798 -0.028698 -0.929322 0.000000 
7.500000e-02 1.003407e-01 9.749920e-02 7.070665e-02 1.000000e-01 1.597500e+00 -0.991885 0.032278 0.707978 0.207659 0.034598 0.009372 0.991885 -0.005798 -0.028698 -0.929322 0.000000 
7.500000e-02 1.003407e-01 9.749920e-02 7.070665e-02 1.000000e-01 1.597500e+00 -0.991885 0.032278 0.707978 0.207659 0.034598 0.009372 0.991885 -0.005798 -0.028698 -0.929322 0.000000 
7.500000e-02 1.003407e-01 9.749920e-02 7.070665e-02 1.000000e-01 1.597500e+00 -0.991885 0.032278 0.707978 0.207659 0.034598 0.009372 0.991885 -0.005798 -0.028698 -0.929322 0.000000 
7.500000e-02 1.003407e-01 9.749920e-02 7.070665e-02 1.000000e-01 1.597500e+00 -0.991885 0.032278 0.707978 0.207659 0.034598 0.009372 0.991885 -0.005798 -0.028698 -0.929322 0.000000 
7.500000e-02 1.003407e-01 9.749920e-02 7.070665e-02 1.000000e-01 1.597500e+00 -0.991885 0.032278 0.707978 0.207659 0.034598 0.009372 0.991885 -0.005798 -0.028698 -0.929322 0.000000 
7.500000e-02 1.003407e-01 9.749920e-02 7.070665e-02 1.000000e-01 1.597500e+00 -0.991885 0.032278 0.707978 0.207659 0.034598 0.009372 0.991885 -0.005798 -0.028698 -0.929322 0.000000 
7.500000e-02 1.003407e-01 9.749920e-02 7.070665e-02 1.000000e-01 1.597500e+00 -0.991885 0.032278 0.707978 0.207659 0.034598 0.009372 0.991885 -0.005798 -0.028698 -0.929322 0.000000 
