# TeX TeY TeZ ThX ThY THZ P1 P2
7.500000e-02 1.000000e-01 5.450000e-01 7.500000e-02 1.000000e-01 5.450000e-01 0.000000 0.000000 0.000000 0.000000 0.000000 0.000000 0.000000 0.000000 0.000000 0.000000 0.000000 
7.500000e-02 9.999996e-02 5.325134e-01 7.499998e-02 1.000000e-01 5.538224e-01 -0.014078 0.001807 0.003614 0.003618 0.003638 0.001402 0.014078 -0.001807 -0.003614 -0.003618 0.000000 
7.500000e-02 9.999992e-02 5.199916e-01 7.499996e-02 1.000000e-01 5.626346e-01 -0.028173 0.003616 0.007233 0.007240 0.007279 0.002805 0.028173 -0.003616 -0.007233 -0.007240 0.000000 
7.500000e-02 9.999986e-02 5.074349e-01 7.499994e-02 1.000000e-01 5.714365e-01 -0.042284 0.005427 0.010856 0.010866 0.010925 0.004210 0.042285 -0.005427 -0.010856 -0.010867 0.000000 
7.500000e-02 9.999979e-02 4.948435e-01 7.499992e-02 1.000000e-01 5.802280e-01 -0.056412 0.007240 0.014483 0.014496 0.014576 0.005617 0.056412 -0.007239 -0.014483 -0.014497 0.000000 
7.500000e-02 9.999971e-02 4.822177e-01 7.499991e-02 1.000000e-01 5.890090e-01 -0.070555 0.009055 0.018114 0.018131 0.018230 0.007025 0.070555 -0.009054 -0.018114 -0.018132 0.000000 
7.500000e-02 9.999961e-02 4.695578e-01 7.499990e-02 1.000000e-01 5.977795e-01 -0.084713 0.010872 0.021749 0.021769 0.021888 0.008435 0.084713 -0.010871 -0.021749 -0.021771 0.000000 
7.500000e-02 9.999949e-02 4.568641e-01 7.499989e-02 1.000000e-01 6.065393e-01 -0.098887 0.012692 0.025388 0.025411 0.025551 0.009846 0.098887 -0.012690 -0.025388 -0.025415 0.000000 
7.500000e-02 9.999934e-02 4.441368e-01 7.499988e-02 1.000000e-01 6.152883e-01 -0.113076 0.014513 0.029031 0.029057 0.029217 0.011259 0.113076 -0.014510 -0.029031 -0.029063 0.000000 
7.500000e-02 9.999916e-02 4.313763e-01 7.499987e-02 1.000000e-01 6.240266e-01 -0.127280 0.016336 0.032677 0.032707 0.032887 0.012673 0.127280 -0.016331 -0.032677 -0.032716 0.000000 
7.500000e-02 9.999894e-02 4.185828e-01 7.499986e-02 1.000000e-01 6.327539e-01 -0.141498 0.018160 0.036328 0.036361 0.036560 0.014089 0.141498 -0.018154 -0.036328 -0.036374 0.000000 
7.500000e-02 9.999867e-02 4.057566e-01 7.499986e-02 1.000000e-01 6.414701e-01 -0.155731 0.019987 0.039982 0.040019 0.040238 0.015506 0.155731 -0.019977 -0.039982 -0.040037 0.000000 
7.500000e-02 9.999834e-02 3.928979e-01 7.499985e-02 1.000000e-01 6.501753e-01 -0.169978 0.021816 0.043639 0.043680 0.043919 0.016925 0.169978 -0.021801 -0.043640 -0.043708 0.000000 
7.500000e-02 9.999794e-02 3.800069e-01 7.499984e-02 1.000000e-01 6.588692e-01 -0.184238 0.023646 0.047300 0.047344 0.047604 0.018345 0.184239 -0.023624 -0.047302 -0.047388 0.000000 
7.500000e-02 9.999744e-02 3.670841e-01 7.499984e-02 1.000000e-01 6.675519e-01 -0.198513 0.025478 0.050965 0.051012 0.051292 0.019766 0.198513 -0.025444 -0.050968 -0.051078 0.000000 
7.500000e-02 9.999684e-02 3.541295e-01 7.499984e-02 1.000000e-01 6.762231e-01 -0.212800 0.027312 0.054633 0.054684 0.054983 0.021189 0.212801 -0.027261 -0.054637 -0.054784 0.000000 
7.500000e-02 9.999610e-02 3.411435e-01 7.499983e-02 1.000000e-01 6.848828e-01 -0.227101 0.029147 0.058305 0.058359 0.058679 0.022613 0.227101 -0.029070 -0.058311 -0.058511 0.000000 
7.500000e-02 9.999520e-02 3.281263e-01 7.499983e-02 1.000000e-01 6.935308e-01 -0.241415 0.030984 0.061980 0.062037 0.062377 0.024038 0.241415 -0.030867 -0.061989 -0.062269 0.000000 
7.500000e-02 9.999410e-02 3.150781e-01 7.499983e-02 1.000000e-01 7.021672e-01 -0.255742 0.032823 0.065658 0.065719 0.066079 0.025465 0.255742 -0.032646 -0.065672 -0.066071 0.000000 
7.500000e-02 9.999274e-02 3.019992e-01 7.499983e-02 1.000000e-01 7.107917e-01 -0.270081 0.034663 0.069339 0.069403 0.069784 0.026892 0.270081 -0.034393 -0.069361 -0.069941 0.000000 
7.500000e-02 9.999109e-02 2.888898e-01 7.499982e-02 1.000000e-01 7.194043e-01 -0.284432 0.036505 0.073024 0.073091 0.073492 0.028321 0.284432 -0.036094 -0.073056 -0.073911 0.000000 
7.500000e-02 9.998906e-02 2.757502e-01 7.499982e-02 1.000000e-01 7.280048e-01 -0.298795 0.038348 0.076711 0.076782 0.077203 0.029752 0.298796 -0.037723 -0.076760 -0.078033 0.000000 
7.500000e-02 9.998658e-02 2.625805e-01 7.499982e-02 1.000000e-01 7.365932e-01 -0.313171 0.040193 0.080402 0.080476 0.080917 0.031183 0.313171 -0.039238 -0.080474 -0.082392 0.000000 
7.500000e-02 9.998355e-02 2.493810e-01 7.499982e-02 1.000000e-01 7.451694e-01 -0.327558 0.042040 0.084096 0.084173 0.084635 0.032615 0.327558 -0.040584 -0.084201 -0.087103 0.000000 
7.500000e-02 9.997987e-02 2.361519e-01 7.499982e-02 1.000000e-01 7.537331e-01 -0.341956 0.043888 0.087792 0.087874 0.088355 0.034049 0.341957 -0.041665 -0.087942 -0.092371 0.000000 
7.500000e-02 9.997541e-02 2.228934e-01 7.499982e-02 1.000000e-01 7.622844e-01 -0.356367 0.045737 0.091492 0.091577 0.092078 0.035484 0.356367 -0.042343 -0.091694 -0.098500 0.000000 
7.500000e-02 9.997005e-02 2.096056e-01 7.499982e-02 1.000000e-01 7.708231e-01 -0.370788 0.047588 0.095195 0.095283 0.095804 0.036920 0.370789 -0.042427 -0.095439 -0.105938 0.000000 
7.500000e-02 9.996368e-02 1.962886e-01 7.499982e-02 1.000000e-01 7.793490e-01 -0.385222 0.049441 0.098900 0.098992 0.099534 0.038357 0.385222 -0.041585 -0.099122 -0.115524 0.000000 
7.500000e-02 9.995627e-02 1.829425e-01 7.499982e-02 1.000000e-01 7.878621e-01 -0.399667 0.051295 0.102609 0.102704 0.103266 0.039795 0.399667 -0.039391 -0.102586 -0.128493 0.000000 
7.500000e-02 9.994794e-02 1.695672e-01 7.499982e-02 1.000000e-01 7.963623e-01 -0.414125 0.053150 0.106321 0.106419 0.107002 0.041235 0.414125 -0.035270 -0.105446 -0.146872 0.000000 
7.500000e-02 9.993937e-02 1.561623e-01 7.499982e-02 1.000000e-01 8.048494e-01 -0.428597 0.055008 0.110036 0.110138 0.110741 0.042676 0.428597 -0.028343 -0.106650 -0.174680 0.000000 
7.500000e-02 9.993335e-02 1.427248e-01 7.499982e-02 1.000000e-01 8.133232e-01 -0.443093 0.056868 0.113758 0.113863 0.114486 0.044119 0.443093 -0.017699 -0.103641 -0.218914 0.000000 
7.500000e-02 9.994192e-02 1.292404e-01 7.499982e-02 1.000000e-01 8.217838e-01 -0.457656 0.058737 0.117497 0.117605 0.118249 0.045569 0.457657 -0.002429 -0.090303 -0.293136 0.000000 
7.500000e-02 1.000147e-01 1.156424e-01 7.499982e-02 1.000000e-01 8.302309e-01 -0.472501 0.060643 0.121308 0.121420 0.122085 0.047048 0.472502 0.018605 -0.050676 -0.428390 0.000000 
7.500000e-02 1.002450e-01 1.016929e-01 7.499982e-02 1.000000e-01 8.386644e-01 -0.488528 0.062700 0.125423 0.125538 0.126226 0.048643 0.488528 0.047680 0.052042 -0.691150 0.000000 
7.500000e-02 1.003094e-01 9.749977e-02 7.499982e-02 1.000000e-01 8.470842e-01 -0.497589 0.063863 0.127749 0.127867 0.128567 0.049545 0.497589 0.057636 0.098159 -0.802286 0.000000 
7.500000e-02 1.003094e-01 9.749977e-02 7.499982e-02 1.000000e-01 8.554902e-01 -0.503142 0.064576 0.129175 0.129294 0.130002 0.050098 0.503143 0.056924 0.096733 -0.803713 0.000000 
7.500000e-02 1.003094e-01 9.749977e-02 7.499982e-02 1.000000e-01 8.638822e-01 -0.508687 0.065287 0.130599 0.130719 0.131434 0.050650 0.508687 0.056212 0.095310 -0.805138 0.000000 
7.500000e-02 1.003094e-01 9.749977e-02 7.499982e-02 1.000000e-01 8.722601e-01 -0.514222 0.065998 0.132020 0.132141 0.132864 0.051201 0.514223 0.055502 0.093889 -0.806560 0.000000 
7.500000e-02 1.003094e-01 9.749977e-02 7.499982e-02 1.000000e-01 8.806237e-01 -0.519748 0.066707 0.133439 0.133561 0.134292 0.051752 0.519748 0.054792 0.092470 -0.807980 0.000000 
7.500000e-02 1.003094e-01 9.749977e-02 7.499982e-02 1.000000e-01 8.889730e-01 -0.525264 0.067415 0.134855 0.134978 0.135717 0.052301 0.525264 0.054084 0.091054 -0.809398 0.000000 
7.500000e-02 1.003094e-01 9.749977e-02 7.499982e-02 1.000000e-01 8.973077e-01 -0.530770 0.068122 0.136269 0.136393 0.137139 0.052849 0.530771 0.053378 0.089640 -0.810813 0.000000 
7.500000e-02 1.003094e-01 9.749977e-02 7.499982e-02 1.000000e-01 9.056277e-01 -0.536267 0.068828 0.137680 0.137806 0.138559 0.053396 0.536268 0.052672 0.088229 -0.812225 0.000000 
7.500000e-02 1.003094e-01 9.749977e-02 7.499982e-02 1.000000e-01 9.139329e-01 -0.541754 0.069532 0.139089 0.139216 0.139977 0.053942 0.541755 0.051968 0.086820 -0.813635 0.000000 
7.500000e-02 1.003094e-01 9.749977e-02 7.499982e-02 1.000000e-01 9.222232e-01 -0.547231 0.070235 0.140496 0.140623 0.141392 0.054487 0.547232 0.051265 0.085414 -0.815043 0.000000 
7.500000e-02 1.003094e-01 9.749977e-02 7.499982e-02 1.000000e-01 9.304983e-01 -0.552699 0.070937 0.141900 0.142028 0.142804 0.055032 0.552699 0.050563 0.084010 -0.816448 0.000000 
7.500000e-02 1.003094e-01 9.749977e-02 7.499982e-02 1.000000e-01 9.387582e-01 -0.558156 0.071638 0.143301 0.143431 0.144213 0.055575 0.558156 0.049863 0.082609 -0.817850 0.000000 
7.500000e-02 1.003094e-01 9.749977e-02 7.499982e-02 1.000000e-01 9.470027e-01 -0.563603 0.072337 0.144700 0.144830 0.145620 0.056117 0.563603 0.049164 0.081211 -0.819250 0.000000 
7.500000e-02 1.003094e-01 9.749977e-02 7.499982e-02 1.000000e-01 9.552315e-01 -0.569039 0.073035 0.146096 0.146227 0.147025 0.056658 0.569040 0.048466 0.079815 -0.820647 0.000000 
7.500000e-02 1.003094e-01 9.749977e-02 7.499982e-02 1.000000e-01 9.634447e-01 -0.574466 0.073732 0.147490 0.147622 0.148426 0.057198 0.574466 0.047770 0.078422 -0.822041 0.000000 
7.500000e-02 1.003094e-01 9.749977e-02 7.499982e-02 1.000000e-01 9.716419e-01 -0.579881 0.074428 0.148881 0.149013 0.149825 0.057737 0.579882 0.047075 0.077032 -0.823433 0.000000 
7.500000e-02 1.003094e-01 9.749977e-02 7.499982e-02 1.000000e-01 9.798231e-01 -0.585287 0.075122 0.150269 0.150402 0.151220 0.058275 0.585287 0.046381 0.075644 -0.824822 0.000000 
7.500000e-02 1.003094e-01 9.749977e-02 7.499982e-02 1.000000e-01 9.879881e-01 -0.590681 0.075815 0.151655 0.151788 0.152613 0.058811 0.590682 0.045689 0.074259 -0.826208 0.000000 
7.500000e-02 1.003094e-01 9.749977e-02 7.499982e-02 1.000000e-01 9.961366e-01 -0.596065 0.076506 0.153038 0.153172 0.154003 0.059347 0.596065 0.044998 0.072877 -0.827592 0.000000 
7.500000e-02 1.003094e-01 9.749977e-02 7.499982e-02 1.000000e-01 1.004269e+00 -0.601437 0.077197 0.154419 0.154552 0.155390 0.059881 0.601438 0.044308 0.071498 -0.828972 0.000000 
7.500000e-02 1.003094e-01 9.749977e-02 7.499982e-02 1.000000e-01 1.012384e+00 -0.606799 0.077886 0.155796 0.155930 0.156774 0.060414 0.606799 0.043620 0.070121 -0.830350 0.000000 
7.500000e-02 1.003094e-01 9.749977e-02 7.499982e-02 1.000000e-01 1.020482e+00 -0.612149 0.078573 0.157171 0.157305 0.158155 0.060946 0.612150 0.042933 0.068747 -0.831725 0.000000 
7.500000e-02 1.003094e-01 9.749977e-02 7.499982e-02 1.000000e-01 1.028564e+00 -0.617488 0.079260 0.158544 0.158677 0.159533 0.061477 0.617489 0.042248 0.067377 -0.833097 0.000000 
7.500000e-02 1.003094e-01 9.749977e-02 7.499982e-02 1.000000e-01 1.036628e+00 -0.622816 0.079945 0.159913 0.160046 0.160908 0.062006 0.622817 0.041564 0.066009 -0.834466 0.000000 
7.500000e-02 1.003094e-01 9.749977e-02 7.499982e-02 1.000000e-01 1.044674e+00 -0.628132 0.080629 0.161280 0.161412 0.162279 0.062535 0.628133 0.040882 0.064644 -0.835832 0.000000 
7.500000e-02 1.003094e-01 9.749977e-02 7.499982e-02 1.000000e-01 1.052703e+00 -0.633437 0.081311 0.162644 0.162775 0.163647 0.063062 0.633437 0.040201 0.063282 -0.837195 0.000000 
7.500000e-02 1.003094e-01 9.749977e-02 7.499981e-02 1.000000e-01 1.060714e+00 -0.638730 0.081992 0.164006 0.164135 0.165012 0.063587 0.638730 0.039522 0.061923 -0.838555 0.000000 
7.500000e-02 1.003094e-01 9.749977e-02 7.499981e-02 1.000000e-01 1.068707e+00 -0.644010 0.082672 0.165364 0.165492 0.166373 0.064111 0.644011 0.038844 0.060568 -0.839912 0.000000 
7.500000e-02 1.003094e-01 9.749977e-02 7.499981e-02 1.000000e-01 1.076682e+00 -0.649279 0.083351 0.166720 0.166845 0.167731 0.064634 0.649280 0.038168 0.059215 -0.841266 0.000000 
7.500000e-02 1.003094e-01 9.749977e-02 7.499981e-02 1.000000e-01 1.084638e+00 -0.654536 0.084028 0.168074 0.168196 0.169085 0.065155 0.654536 0.037493 0.057865 -0.842617 0.000000 
7.500000e-02 1.003094e-01 9.749977e-02 7.499981e-02 1.000000e-01 1.092576e+00 -0.659780 0.084704 0.169425 0.169543 0.170435 0.065675 0.659781 0.036820 0.056519 -0.843965 0.000000 
7.500000e-02 1.003094e-01 9.749977e-02 7.499980e-02 1.000000e-01 1.100495e+00 -0.665012 0.085379 0.170773 0.170887 0.171781 0.066193 0.665013 0.036149 0.055176 -0.845309 0.000000 
7.500000e-02 1.003094e-01 9.749977e-02 7.499980e-02 1.000000e-01 1.108395e+00 -0.670231 0.086053 0.172118 0.172228 0.173124 0.066710 0.670232 0.035479 0.053836 -0.846650 0.000000 
7.500000e-02 1.003094e-01 9.749977e-02 7.499980e-02 1.000000e-01 1.116276e+00 -0.675438 0.086726 0.173461 0.173566 0.174462 0.067224 0.675439 0.034811 0.052499 -0.847988 0.000000 
7.500000e-02 1.003094e-01 9.749977e-02 7.499980e-02 1.000000e-01 1.124137e+00 -0.680632 0.087398 0.174802 0.174900 0.175796 0.067737 0.680632 0.034144 0.051165 -0.849323 0.000000 
7.500000e-02 1.003094e-01 9.749977e-02 7.499979e-02 1.000000e-01 1.131979e+00 -0.685813 0.088069 0.176140 0.176231 0.177126 0.068249 0.685813 0.033479 0.049835 -0.850654 0.000000 
7.500000e-02 1.003094e-01 9.749977e-02 7.499979e-02 1.000000e-01 1.139801e+00 -0.690980 0.088738 0.177476 0.177558 0.178451 0.068758 0.690981 0.032816 0.048509 -0.851982 0.000000 
7.500000e-02 1.003094e-01 9.749977e-02 7.499978e-02 1.000000e-01 1.147602e+00 -0.696135 0.089407 0.178810 0.178882 0.179772 0.069265 0.696135 0.032154 0.047185 -0.853307 0.000000 
7.500000e-02 1.003094e-01 9.749977e-02 7.499977e-02 1.000000e-01 1.155384e+00 -0.701276 0.090076 0.180141 0.180203 0.181087 0.069771 0.701276 0.031495 0.045865 -0.854628 0.000000 
7.500000e-02 1.003094e-01 9.749977e-02 7.499977e-02 1.000000e-01 1.163145e+00 -0.706403 0.090743 0.181471 0.181519 0.182397 0.070274 0.706404 0.030836 0.044549 -0.855946 0.000000 
7.500000e-02 1.003094e-01 9.749977e-02 7.499976e-02 1.000000e-01 1.170885e+00 -0.711517 0.091410 0.182799 0.182833 0.183702 0.070774 0.711517 0.030180 0.043236 -0.857260 0.000000 
7.500000e-02 1.003094e-01 9.749977e-02 7.499975e-02 1.000000e-01 1.178604e+00 -0.716617 0.092077 0.184125 0.184142 0.185002 0.071272 0.716617 0.029526 0.041927 -0.858570 0.000000 
7.500000e-02 1.003094e-01 9.749977e-02 7.499974e-02 1.000000e-01 1.186301e+00 -0.721702 0.092743 0.185450 0.185448 0.186295 0.071768 0.721703 0.028873 0.040621 -0.859877 0.000000 
7.500000e-02 1.003094e-01 9.749977e-02 7.499973e-02 1.000000e-01 1.193977e+00 -0.726774 0.093410 0.186773 0.186750 0.187581 0.072261 0.726774 0.028222 0.039319 -0.861180 0.000000 
7.500000e-02 1.003094e-01 9.749977e-02 7.499971e-02 1.000000e-01 1.201632e+00 -0.731831 0.094076 0.188096 0.188048 0.188861 0.072750 0.731831 0.027573 0.038021 -0.862480 0.000000 
7.500000e-02 1.003094e-01 9.749977e-02 7.499970e-02 1.000000e-01 1.209264e+00 -0.736873 0.094743 0.189418 0.189343 0.190134 0.073237 0.736874 0.026926 0.036726 -0.863776 0.000000 
7.500000e-02 1.003094e-01 9.749977e-02 7.499968e-02 1.000000e-01 1.216874e+00 -0.741901 0.095411 0.190740 0.190633 0.191400 0.073720 0.741902 0.026281 0.035436 -0.865068 0.000000 
7.500000e-02 1.003094e-01 9.749977e-02 7.499966e-02 1.000000e-01 1.224462e+00 -0.746914 0.096079 0.192061 0.191919 0.192657 0.074199 0.746915 0.025637 0.034149 -0.866356 0.000000 
7.500000e-02 1.003094e-01 9.749977e-02 7.499964e-02 1.000000e-01 1.232026e+00 -0.751912 0.096749 0.193384 0.193202 0.193905 0.074674 0.751913 0.024996 0.032865 -0.867640 0.000000 
7.500000e-02 1.003094e-01 9.749977e-02 7.499961e-02 1.000000e-01 1.239568e+00 -0.756895 0.097419 0.194707 0.194480 0.195144 0.075145 0.756895 0.024356 0.031586 -0.868921 0.000000 
7.500000e-02 1.003094e-01 9.749977e-02 7.499958e-02 1.000000e-01 1.247086e+00 -0.761862 0.098093 0.196032 0.195754 0.196373 0.075611 0.761862 0.023719 0.030311 -0.870197 0.000000 
7.500000e-02 1.003094e-01 9.749977e-02 7.499955e-02 1.000000e-01 1.254581e+00 -0.766814 0.098768 0.197359 0.197024 0.197591 0.076072 0.766814 0.023083 0.029040 -0.871469 0.000000 
7.500000e-02 1.003094e-01 9.749977e-02 7.499951e-02 1.000000e-01 1.262052e+00 -0.771749 0.099446 0.198689 0.198290 0.198798 0.076528 0.771750 0.022450 0.027772 -0.872738 0.000000 
7.500000e-02 1.003094e-01 9.749977e-02 7.499946e-02 1.000000e-01 1.269498e+00 -0.776669 0.100128 0.200023 0.199551 0.199992 0.076977 0.776670 0.021818 0.026509 -0.874002 0.000000 
7.500000e-02 1.003094e-01 9.749977e-02 7.499941e-02 1.000000e-01 1.276920e+00 -0.781573 0.100814 0.201361 0.200808 0.201171 0.077419 0.781573 0.021189 0.025250 -0.875262 0.000000 
7.500000e-02 1.003094e-01 9.749977e-02 7.499936e-02 1.000000e-01 1.284318e+00 -0.786460 0.101504 0.202705 0.202061 0.202337 0.077855 0.786461 0.020562 0.023996 -0.876518 0.000000 
7.500000e-02 1.003094e-01 9.749977e-02 7.499929e-02 1.000000e-01 1.291690e+00 -0.791331 0.102200 0.204056 0.203309 0.203485 0.078282 0.791331 0.019937 0.022745 -0.877770 0.000000 
7.500000e-02 1.003094e-01 9.749977e-02 7.499922e-02 1.000000e-01 1.299037e+00 -0.796185 0.102902 0.205414 0.204554 0.204616 0.078700 0.796185 0.019314 0.021499 -0.879017 0.000000 
7.500000e-02 1.003094e-01 9.749977e-02 7.499913e-02 1.000000e-01 1.306358e+00 -0.801022 0.103611 0.206782 0.205794 0.205727 0.079108 0.801022 0.018693 0.020257 -0.880260 0.000000 
7.500000e-02 1.003094e-01 9.749977e-02 7.499904e-02 1.000000e-01 1.313653e+00 -0.805842 0.104328 0.208161 0.207030 0.206817 0.079506 0.805842 0.018074 0.019020 -0.881499 0.000000 
7.500000e-02 1.003094e-01 9.749977e-02 7.499893e-02 1.000000e-01 1.320922e+00 -0.810644 0.105055 0.209552 0.208262 0.207885 0.079892 0.810644 0.017458 0.017787 -0.882733 0.000000 
7.500000e-02 1.003094e-01 9.749977e-02 7.499881e-02 1.000000e-01 1.328164e+00 -0.815429 0.105792 0.210959 0.209490 0.208925 0.080264 0.815429 0.016844 0.016558 -0.883962 0.000000 
7.500000e-02 1.003094e-01 9.749977e-02 7.499867e-02 1.000000e-01 1.335379e+00 -0.820196 0.106540 0.212380 0.210715 0.209940 0.080622 0.820196 0.016232 0.015335 -0.885187 0.000000 
7.500000e-02 1.003094e-01 9.749977e-02 7.499852e-02 1.000000e-01 1.342567e+00 -0.824945 0.107303 0.213823 0.211937 0.210921 0.080963 0.824945 0.015622 0.014115 -0.886408 0.000000 
7.500000e-02 1.003094e-01 9.749977e-02 7.499834e-02 1.000000e-01 1.349727e+00 -0.829676 0.108078 0.215285 0.213156 0.211871 0.081287 0.829676 0.015015 0.012901 -0.887623 0.000000 
7.500000e-02 1.003094e-01 9.749977e-02 7.499814e-02 1.000000e-01 1.356859e+00 -0.834388 0.108871 0.216775 0.214374 0.212781 0.081589 0.834388 0.014411 0.011691 -0.888834 0.000000 
7.500000e-02 1.003094e-01 9.749977e-02 7.499792e-02 1.000000e-01 1.363963e+00 -0.839081 0.109681 0.218290 0.215590 0.213651 0.081870 0.839081 0.013808 0.010486 -0.890040 0.000000 
7.500000e-02 1.003094e-01 9.749977e-02 7.499766e-02 1.000000e-01 1.371038e+00 -0.843756 0.110511 0.219838 0.216808 0.214475 0.082125 0.843756 0.013208 0.009286 -0.891241 0.000000 
7.500000e-02 1.003094e-01 9.749977e-02 7.499738e-02 1.000000e-01 1.378084e+00 -0.848411 0.111362 0.221423 0.218027 0.215249 0.082352 0.848411 0.012611 0.008091 -0.892438 0.000000 
7.500000e-02 1.003094e-01 9.749977e-02 7.499706e-02 1.000000e-01 1.385100e+00 -0.853047 0.112235 0.223044 0.219249 0.215970 0.082549 0.853047 0.012016 0.006901 -0.893629 0.000000 
7.500000e-02 1.003094e-01 9.749977e-02 7.499670e-02 1.000000e-01 1.392087e+00 -0.857663 0.113136 0.224718 0.220479 0.216624 0.082708 0.857663 0.011423 0.005715 -0.894815 0.000000 
7.500000e-02 1.003094e-01 9.749977e-02 7.499629e-02 1.000000e-01 1.399043e+00 -0.862259 0.114062 0.226438 0.221716 0.217214 0.082830 0.862259 0.010833 0.004535 -0.895996 0.000000 
7.500000e-02 1.003094e-01 9.749977e-02 7.499583e-02 1.000000e-01 1.405969e+00 -0.866835 0.115017 0.228217 0.222967 0.217727 0.082907 0.866835 0.010246 0.003361 -0.897172 0.000000 
7.500000e-02 1.003094e-01 9.749977e-02 7.499532e-02 1.000000e-01 1.412864e+00 -0.871391 0.116004 0.230064 0.224237 0.218155 0.082933 0.871391 0.009661 0.002191 -0.898343 0.000000 
7.500000e-02 1.003094e-01 9.749977e-02 7.499475e-02 1.000000e-01 1.419727e+00 -0.875926 0.117019 0.231977 0.225527 0.218496 0.082907 0.875926 0.009079 0.001027 -0.899508 0.000000 
7.500000e-02 1.003094e-01 9.749977e-02 7.499412e-02 1.000000e-01 1.426558e+00 -0.880440 0.118070 0.233982 0.226852 0.218724 0.082813 0.880440 0.008500 -0.000132 -0.900668 0.000000 
7.500000e-02 1.003094e-01 9.749977e-02 7.499341e-02 1.000000e-01 1.433358e+00 -0.884932 0.119152 0.236077 0.228214 0.218840 0.082650 0.884933 0.007923 -0.001286 -0.901823 0.000000 
7.500000e-02 1.003094e-01 9.749977e-02 7.499262e-02 1.000000e-01 1.440124e+00 -0.889404 0.120264 0.238270 0.229624 0.218834 0.082413 0.889404 0.007350 -0.002433 -0.902972 0.000000 
7.500000e-02 1.003094e-01 9.749977e-02 7.499175e-02 1.000000e-01 1.446858e+00 -0.893853 0.121409 0.240597 0.231105 0.218667 0.082076 0.893853 0.006779 -0.003576 -0.904115 0.000000 
7.500000e-02 1.003094e-01 9.749977e-02 7.499078e-02 1.000000e-01 1.453558e+00 -0.898281 0.122577 0.243052 0.232661 0.218347 0.081644 0.898281 0.006210 -0.004712 -0.905253 0.000000 
7.500000e-02 1.003094e-01 9.749977e-02 7.498971e-02 1.000000e-01 1.460224e+00 -0.902686 0.123764 0.245654 0.234312 0.217852 0.081104 0.902686 0.005645 -0.005843 -0.906385 0.000000 
7.500000e-02 1.003094e-01 9.749977e-02 7.498853e-02 1.000000e-01 1.466856e+00 -0.907068 0.124964 0.248453 0.236101 0.217127 0.080423 0.907069 0.005082 -0.006969 -0.907511 0.000000 
7.500000e-02 1.003094e-01 9.749977e-02 7.498725e-02 1.000000e-01 1.473453e+00 -0.911428 0.126161 0.251445 0.238035 0.216180 0.079608 0.911428 0.004523 -0.008088 -0.908631 0.000000 
7.500000e-02 1.003094e-01 9.749977e-02 7.498584e-02 1.000000e-01 1.480015e+00 -0.915765 0.127340 0.254657 0.240145 0.214982 0.078642 0.915765 0.003966 -0.009201 -0.909746 0.000000 
7.500000e-02 1.003094e-01 9.749977e-02 7.498431e-02 1.000000e-01 1.486541e+00 -0.920078 0.128470 0.258180 0.242516 0.213438 0.077474 0.920078 0.003413 -0.010309 -0.910854 0.000000 
7.500000e-02 1.003094e-01 9.749977e-02 7.498266e-02 1.000000e-01 1.493031e+00 -0.924367 0.129525 0.262011 0.245157 0.211557 0.076118 0.924367 0.002862 -0.011410 -0.911956 0.000000 
7.500000e-02 1.003094e-01 9.749977e-02 7.498088e-02 1.000000e-01 1.499484e+00 -0.928632 0.130470 0.266199 0.248121 0.209291 0.074553 0.928632 0.002315 -0.012505 -0.913052 0.000000 
7.500000e-02 1.003094e-01 9.749977e-02 7.497897e-02 1.000000e-01 1.505898e+00 -0.932872 0.131230 0.270866 0.251523 0.206523 0.072730 0.932872 0.001771 -0.013593 -0.914142 0.000000 
7.500000e-02 1.003094e-01 9.749977e-02 7.497694e-02 1.000000e-01 1.512273e+00 -0.937086 0.131739 0.276083 0.255433 0.203195 0.070637 0.937086 0.001230 -0.014675 -0.915225 0.000000 
7.500000e-02 1.003094e-01 9.749977e-02 7.497478e-02 1.000000e-01 1.518608e+00 -0.941274 0.131927 0.281917 0.259909 0.199253 0.068269 0.941274 0.000692 -0.015750 -0.916301 0.000000 
7.500000e-02 1.003094e-01 9.749977e-02 7.497248e-02 1.000000e-01 1.524902e+00 -0.945435 0.131692 0.288487 0.265048 0.194602 0.065605 0.945435 0.000158 -0.016819 -0.917370 0.000000 
7.500000e-02 1.003094e-01 9.749977e-02 7.497003e-02 1.000000e-01 1.531155e+00 -0.949568 0.130804 0.296112 0.271104 0.188975 0.062574 0.949569 -0.000372 -0.017880 -0.918432 0.000000 
7.500000e-02 1.003094e-01 9.749977e-02 7.496734e-02 1.000000e-01 1.537365e+00 -0.953674 0.129166 0.304868 0.278092 0.182344 0.059204 0.953674 -0.000899 -0.018934 -0.919487 0.000000 
7.500000e-02 1.003094e-01 9.749977e-02 7.496423e-02 1.000000e-01 1.543533e+00 -0.957750 0.126599 0.314972 0.286120 0.174570 0.055489 0.957750 -0.001422 -0.019980 -0.920535 0.000000 
7.500000e-02 1.003094e-01 9.749977e-02 7.496029e-02 1.000000e-01 1.549657e+00 -0.961795 0.122891 0.326695 0.295289 0.165495 0.051425 0.961795 -0.001941 -0.021019 -0.921574 0.000000 
7.500000e-02 1.003094e-01 9.749977e-02 7.495460e-02 1.000000e-01 1.555734e+00 -0.965804 0.117641 0.340609 0.305794 0.154782 0.046977 0.965804 -0.002456 -0.022048 -0.922605 0.000000 
7.500000e-02 1.003094e-01 9.749977e-02 7.494503e-02 1.000000e-01 1.561761e+00 -0.969768 0.110666 0.357042 0.317504 0.142367 0.042190 0.969768 -0.002965 -0.023066 -0.923623 0.000000 
7.500000e-02 1.003094e-01 9.749977e-02 7.492701e-02 1.000000e-01 1.567732e+00 -0.973672 0.101862 0.376342 0.330073 0.128271 0.037125 0.973672 -0.003466 -0.024068 -0.924626 0.000000 
7.500000e-02 1.003094e-01 9.749977e-02 7.489014e-02 1.000000e-01 1.573630e+00 -0.977482 0.091197 0.399038 0.342789 0.112598 0.031861 0.977482 -0.003955 -0.025046 -0.925605 0.000000 
7.500000e-02 1.003094e-01 9.749977e-02 7.480934e-02 1.000000e-01 1.579423e+00 -0.981133 0.078918 0.425859 0.354075 0.095739 0.026542 0.981133 -0.004423 -0.025984 -0.926544 0.000000 
7.500000e-02 1.003094e-01 9.749977e-02 7.461736e-02 1.000000e-01 1.585039e+00 -0.984495 0.065793 0.458314 0.360372 0.078590 0.021425 0.984495 -0.004855 -0.026847 -0.927408 0.000000 
7.500000e-02 1.003094e-01 9.749977e-02 7.410837e-02 1.000000e-01 1.590301e+00 -0.987326 0.053467 0.501521 0.352543 0.062844 0.016950 0.987326 -0.005218 -0.027573 -0.928135 0.000000 
7.500000e-02 1.003094e-01 9.749977e-02 7.261765e-02 1.000000e-01 1.594912e+00 -0.989662 0.042896 0.578872 0.306095 0.048695 0.013106 0.989662 -0.005518 -0.028173 -0.928735 0.000000 
7.500000e-02 1.003094e-01 9.749977e-02 7.075669e-02 1.000000e-01 1.597507e+00 -0.991861 0.032362 0.705972 0.209349 0.034764 0.009414 0.991861 -0.005800 -0.028738 -0.929301 0.000000 
7.500000e-02 1.003094e-01 9.749977e-02 7.075669e-02 1.000000e-01 1.597507e+00 -0.991861 0.032362 0.705972 0.209349 0.034764 0.009414 0.991861 -0.005800 -0.028738 -0.929301 0.000000 
7.500000e-02 1.003094e-01 9.749977e-02 7.075669e-02 1.000000e-01 1.597507e+00 -0.991861 0.032362 0.705972 0.209349 0.034764 0.009414 0.991861 -0.005800 -0.028738 -0.929301 0.000000 
7.500000e-02 1.003094e-01 9.749977e-02 7.075669e-02 1.000000e-01 1.597507e+00 -0.991861 0.032362 0.705972 0.209349 0.034764 0.009414 0.991861 -0.005800 -0.028738 -0.929301 0.000000 
7.500000e-02 1.003094e-01 9.749977e-02 7.075669e-02 1.000000e-01 1.597507e+00 -0.991861 0.032362 0.705972 0.209349 0.034764 0.009414 0.991861 -0.005800 -0.028738 -0.929301 0.000000 
7.500000e-02 1.003094e-01 9.749977e-02 7.075669e-02 1.000000e-01 1.597507e+00 -0.991861 0.032362 0.705972 0.209349 0.034764 0.009414 0.991861 -0.005800 -0.028738 -0.929301 0.000000 
7.500000e-02 1.003094e-01 9.749977e-02 7.075669e-02 1.000000e-01 1.597507e+00 -0.991861 0.032362 0.705972 0.209349 0.034764 0.009414 0.991861 -0.005800 -0.028738 -0.929301 0.000000 
7.500000e-02 1.003094e-01 9.749977e-02 7.075669e-02 1.000000e-01 1.597507e+00 -0.991861 0.032362 0.705972 0.209349 0.034764 0.009414 0.991861 -0.005800 -0.028738 -0.929301 0.000000 
7.500000e-02 1.003094e-01 9.749977e-02 7.075669e-02 1.000000e-01 1.597507e+00 -0.991861 0.032362 0.705972 0.209349 0.034764 0.009414 0.991861 -0.005800 -0.028738 -0.929301 0.000000 
7.500000e-02 1.003094e-01 9.749977e-02 7.075669e-02 1.000000e-01 1.597507e+00 -0.991861 0.032362 0.705972 0.209349 0.034764 0.009414 0.991861 -0.005800 -0.028738 -0.929301 0.000000 
7.500000e-02 1.003094e-01 9.749977e-02 7.075669e-02 1.000000e-01 1.597507e+00 -0.991861 0.032362 0.705972 0.209349 0.034764 0.009414 0.991861 -0.005800 -0.028738 -0.929301 0.000000 
7.500000e-02 1.003094e-01 9.749977e-02 7.075669e-02 1.000000e-01 1.597507e+00 -0.991861 0.032362 0.705972 0.209349 0.034764 0.009414 0.991861 -0.005800 -0.028738 -0.929301 0.000000 
7.500000e-02 1.003094e-01 9.749977e-02 7.075669e-02 1.000000e-01 1.597507e+00 -0.991861 0.032362 0.705972 0.209349 0.034764 0.009414 0.991861 -0.005800 -0.028738 -0.929301 0.000000 
7.500000e-02 1.003094e-01 9.749977e-02 7.075669e-02 1.000000e-01 1.597507e+00 -0.991861 0.032362 0.705972 0.209349 0.034764 0.009414 0.991861 -0.005800 -0.028738 -0.929301 0.000000 
7.500000e-02 1.003094e-01 9.749977e-02 7.075669e-02 1.000000e-01 1.597507e+00 -0.991861 0.032362 0.705972 0.209349 0.034764 0.009414 0.991861 -0.005800 -0.028738 -0.929301 0.000000 
7.500000e-02 1.003094e-01 9.749977e-02 7.075669e-02 1.000000e-01 1.597507e+00 -0.991861 0.032362 0.705972 0.209349 0.034764 0.009414 0.991861 -0.005800 -0.028738 -0.929301 0.000000 
7.500000e-02 1.003094e-01 9.749977e-02 7.075669e-02 1.000000e-01 1.597507e+00 -0.991861 0.032362 0.705972 0.209349 0.034764 0.009414 0.991861 -0.005800 -0.028738 -0.929301 0.000000 
7.500000e-02 1.003094e-01 9.749977e-02 7.075669e-02 1.000000e-01 1.597507e+00 -0.991861 0.032362 0.705972 0.209349 0.034764 0.009414 0.991861 -0.005800 -0.028738 -0.929301 0.000000 
7.500000e-02 1.003094e-01 9.749977e-02 7.075669e-02 1.000000e-01 1.597507e+00 -0.991861 0.032362 0.705972 0.209349 0.034764 0.009414 0.991861 -0.005800 -0.028738 -0.929301 0.000000 
7.500000e-02 1.003094e-01 9.749977e-02 7.075669e-02 1.000000e-01 1.597507e+00 -0.991861 0.032362 0.705972 0.209349 0.034764 0.009414 0.991861 -0.005800 -0.028738 -0.929301 0.000000 
7.500000e-02 1.003094e-01 9.749977e-02 7.075669e-02 1.000000e-01 1.597507e+00 -0.991861 0.032362 0.705972 0.209349 0.034764 0.009414 0.991861 -0.005800 -0.028738 -0.929301 0.000000 
7.500000e-02 1.003094e-01 9.749977e-02 7.075669e-02 1.000000e-01 1.597507e+00 -0.991861 0.032362 0.705972 0.209349 0.034764 0.009414 0.991861 -0.005800 -0.028738 -0.929301 0.000000 
7.500000e-02 1.003094e-01 9.749977e-02 7.075669e-02 1.000000e-01 1.597507e+00 -0.991861 0.032362 0.705972 0.209349 0.034764 0.009414 0.991861 -0.005800 -0.028738 -0.929301 0.000000 
7.500000e-02 1.003094e-01 9.749977e-02 7.075669e-02 1.000000e-01 1.597507e+00 -0.991861 0.032362 0.705972 0.209349 0.034764 0.009414 0.991861 -0.005800 -0.028738 -0.929301 0.000000 
7.500000e-02 1.003094e-01 9.749977e-02 7.075669e-02 1.000000e-01 1.597507e+00 -0.991861 0.032362 0.705972 0.209349 0.034764 0.009414 0.991861 -0.005800 -0.028738 -0.929301 0.000000 
7.500000e-02 1.003094e-01 9.749977e-02 7.075669e-02 1.000000e-01 1.597507e+00 -0.991861 0.032362 0.705972 0.209349 0.034764 0.009414 0.991861 -0.005800 -0.028738 -0.929301 0.000000 
7.500000e-02 1.003094e-01 9.749977e-02 7.075669e-02 1.000000e-01 1.597507e+00 -0.991861 0.032362 0.705972 0.209349 0.034764 0.009414 0.991861 -0.005800 -0.028738 -0.929301 0.000000 
7.500000e-02 1.003094e-01 9.749977e-02 7.075669e-02 1.000000e-01 1.597507e+00 -0.991861 0.032362 0.705972 0.209349 0.034764 0.009414 0.991861 -0.005800 -0.028738 -0.929301 0.000000 
7.500000e-02 1.003094e-01 9.749977e-02 7.075669e-02 1.000000e-01 1.597507e+00 -0.991861 0.032362 0.705972 0.209349 0.034764 0.009414 0.991861 -0.005800 -0.028738 -0.929301 0.000000 
7.500000e-02 1.003094e-01 9.749977e-02 7.075669e-02 1.000000e-01 1.597507e+00 -0.991861 0.032362 0.705972 0.209349 0.034764 0.009414 0.991861 -0.005800 -0.028738 -0.929301 0.000000 
7.500000e-02 1.003094e-01 9.749977e-02 7.075669e-02 1.000000e-01 1.597507e+00 -0.991861 0.032362 0.705972 0.209349 0.034764 0.009414 0.991861 -0.005800 -0.028738 -0.929301 0.000000 
7.500000e-02 1.003094e-01 9.749977e-02 7.075669e-02 1.000000e-01 1.597507e+00 -0.991861 0.032362 0.705972 0.209349 0.034764 0.009414 0.991861 -0.005800 -0.028738 -0.929301 0.000000 
7.500000e-02 1.003094e-01 9.749977e-02 7.075669e-02 1.000000e-01 1.597507e+00 -0.991861 0.032362 0.705972 0.209349 0.034764 0.009414 0.991861 -0.005800 -0.028738 -0.929301 0.000000 
7.500000e-02 1.003094e-01 9.749977e-02 7.075669e-02 1.000000e-01 1.597507e+00 -0.991861 0.032362 0.705972 0.209349 0.034764 0.009414 0.991861 -0.005800 -0.028738 -0.929301 0.000000 
7.500000e-02 1.003094e-01 9.749977e-02 7.075669e-02 1.000000e-01 1.597507e+00 -0.991861 0.032362 0.705972 0.209349 0.034764 0.009414 0.991861 -0.005800 -0.028738 -0.929301 0.000000 
7.500000e-02 1.003094e-01 9.749977e-02 7.075669e-02 1.000000e-01 1.597507e+00 -0.991861 0.032362 0.705972 0.209349 0.034764 0.009414 0.991861 -0.005800 -0.028738 -0.929301 0.000000 
7.500000e-02 1.003094e-01 9.749977e-02 7.075669e-02 1.000000e-01 1.597507e+00 -0.991861 0.032362 0.705972 0.209349 0.034764 0.009414 0.991861 -0.005800 -0.028738 -0.929301 0.000000 
7.500000e-02 1.003094e-01 9.749977e-02 7.075669e-02 1.000000e-01 1.597507e+00 -0.991861 0.032362 0.705972 0.209349 0.034764 0.009414 0.991861 -0.005800 -0.028738 -0.929301 0.000000 
7.500000e-02 1.003094e-01 9.749977e-02 7.075669e-02 1.000000e-01 1.597507e+00 -0.991861 0.032362 0.705972 0.209349 0.034764 0.009414 0.991861 -0.005800 -0.028738 -0.929301 0.000000 
7.500000e-02 1.003094e-01 9.749977e-02 7.075669e-02 1.000000e-01 1.597507e+00 -0.991861 0.032362 0.705972 0.209349 0.034764 0.009414 0.991861 -0.005800 -0.028738 -0.929301 0.000000 
7.500000e-02 1.003094e-01 9.749977e-02 7.075669e-02 1.000000e-01 1.597507e+00 -0.991861 0.032362 0.705972 0.209349 0.034764 0.009414 0.991861 -0.005800 -0.028738 -0.929301 0.000000 
7.500000e-02 1.003094e-01 9.749977e-02 7.075669e-02 1.000000e-01 1.597507e+00 -0.991861 0.032362 0.705972 0.209349 0.034764 0.009414 0.991861 -0.005800 -0.028738 -0.929301 0.000000 
7.500000e-02 1.003094e-01 9.749977e-02 7.075669e-02 1.000000e-01 1.597507e+00 -0.991861 0.032362 0.705972 0.209349 0.034764 0.009414 0.991861 -0.005800 -0.028738 -0.929301 0.000000 
7.500000e-02 1.003094e-01 9.749977e-02 7.075669e-02 1.000000e-01 1.597507e+00 -0.991861 0.032362 0.705972 0.209349 0.034764 0.009414 0.991861 -0.005800 -0.028738 -0.929301 0.000000 
7.500000e-02 1.003094e-01 9.749977e-02 7.075669e-02 1.000000e-01 1.597507e+00 -0.991861 0.032362 0.705972 0.209349 0.034764 0.009414 0.991861 -0.005800 -0.028738 -0.929301 0.000000 
7.500000e-02 1.003094e-01 9.749977e-02 7.075669e-02 1.000000e-01 1.597507e+00 -0.991861 0.032362 0.705972 0.209349 0.034764 0.009414 0.991861 -0.005800 -0.028738 -0.929301 0.000000 
7.500000e-02 1.003094e-01 9.749977e-02 7.075669e-02 1.000000e-01 1.597507e+00 -0.991861 0.032362 0.705972 0.209349 0.034764 0.009414 0.991861 -0.005800 -0.028738 -0.929301 0.000000 
7.500000e-02 1.003094e-01 9.749977e-02 7.075669e-02 1.000000e-01 1.597507e+00 -0.991861 0.032362 0.705972 0.209349 0.034764 0.009414 0.991861 -0.005800 -0.028738 -0.929301 0.000000 
7.500000e-02 1.003094e-01 9.749977e-02 7.075669e-02 1.000000e-01 1.597507e+00 -0.991861 0.032362 0.705972 0.209349 0.034764 0.009414 0.991861 -0.005800 -0.028738 -0.929301 0.000000 
7.500000e-02 1.003094e-01 9.749977e-02 7.075669e-02 1.000000e-01 1.597507e+00 -0.991861 0.032362 0.705972 0.209349 0.034764 0.009414 0.991861 -0.005800 -0.028738 -0.929301 0.000000 
7.500000e-02 1.003094e-01 9.749977e-02 7.075669e-02 1.000000e-01 1.597507e+00 -0.991861 0.032362 0.705972 0.209349 0.034764 0.009414 0.991861 -0.005800 -0.028738 -0.929301 0.000000 
7.500000e-02 1.003094e-01 9.749977e-02 7.075669e-02 1.000000e-01 1.597507e+00 -0.991861 0.032362 0.705972 0.209349 0.034764 0.009414 0.991861 -0.005800 -0.028738 -0.929301 0.000000 
7.500000e-02 1.003094e-01 9.749977e-02 7.075669e-02 1.000000e-01 1.597507e+00 -0.991861 0.032362 0.705972 0.209349 0.034764 0.009414 0.991861 -0.005800 -0.028738 -0.929301 0.000000 
7.500000e-02 1.003094e-01 9.749977e-02 7.075669e-02 1.000000e-01 1.597507e+00 -0.991861 0.032362 0.705972 0.209349 0.034764 0.009414 0.991861 -0.005800 -0.028738 -0.929301 0.000000 
7.500000e-02 1.003094e-01 9.749977e-02 7.075669e-02 1.000000e-01 1.597507e+00 -0.991861 0.032362 0.705972 0.209349 0.034764 0.009414 0.991861 -0.005800 -0.028738 -0.929301 0.000000 
7.500000e-02 1.003094e-01 9.749977e-02 7.075669e-02 1.000000e-01 1.597507e+00 -0.991861 0.032362 0.705972 0.209349 0.034764 0.009414 0.991861 -0.005800 -0.028738 -0.929301 0.000000 
7.500000e-02 1.003094e-01 9.749977e-02 7.075669e-02 1.000000e-01 1.597507e+00 -0.991861 0.032362 0.705972 0.209349 0.034764 0.009414 0.991861 -0.005800 -0.028738 -0.929301 0.000000 
7.500000e-02 1.003094e-01 9.749977e-02 7.075669e-02 1.000000e-01 1.597507e+00 -0.991861 0.032362 0.705972 0.209349 0.034764 0.009414 0.991861 -0.005800 -0.028738 -0.929301 0.000000 
7.500000e-02 1.003094e-01 9.749977e-02 7.075669e-02 1.000000e-01 1.597507e+00 -0.991861 0.032362 0.705972 0.209349 0.034764 0.009414 0.991861 -0.005800 -0.028738 -0.929301 0.000000 
7.500000e-02 1.003094e-01 9.749977e-02 7.075669e-02 1.000000e-01 1.597507e+00 -0.991861 0.032362 0.705972 0.209349 0.034764 0.009414 0.991861 -0.005800 -0.028738 -0.929301 0.000000 
7.500000e-02 1.003094e-01 9.749977e-02 7.075669e-02 1.000000e-01 1.597507e+00 -0.991861 0.032362 0.705972 0.209349 0.034764 0.009414 0.991861 -0.005800 -0.028738 -0.929301 0.000000 
7.500000e-02 1.003094e-01 9.749977e-02 7.075669e-02 1.000000e-01 1.597507e+00 -0.991861 0.032362 0.705972 0.209349 0.034764 0.009414 0.991861 -0.005800 -0.028738 -0.929301 0.000000 
7.500000e-02 1.003094e-01 9.749977e-02 7.075669e-02 1.000000e-01 1.597507e+00 -0.991861 0.032362 0.705972 0.209349 0.034764 0.009414 0.991861 -0.005800 -0.028738 -0.929301 0.000000 
7.500000e-02 1.003094e-01 9.749977e-02 7.075669e-02 1.000000e-01 1.597507e+00 -0.991861 0.032362 0.705972 0.209349 0.034764 0.009414 0.991861 -0.005800 -0.028738 -0.929301 0.000000 
7.500000e-02 1.003094e-01 9.749977e-02 7.075669e-02 1.000000e-01 1.597507e+00 -0.991861 0.032362 0.705972 0.209349 0.034764 0.009414 0.991861 -0.005800 -0.028738 -0.929301 0.000000 
7.500000e-02 1.003094e-01 9.749977e-02 7.075669e-02 1.000000e-01 1.597507e+00 -0.991861 0.032362 0.705972 0.209349 0.034764 0.009414 0.991861 -0.005800 -0.028738 -0.929301 0.000000 
7.500000e-02 1.003094e-01 9.749977e-02 7.075669e-02 1.000000e-01 1.597507e+00 -0.991861 0.032362 0.705972 0.209349 0.034764 0.009414 0.991861 -0.005800 -0.028738 -0.929301 0.000000 
7.500000e-02 1.003094e-01 9.749977e-02 7.075669e-02 1.000000e-01 1.597507e+00 -0.991861 0.032362 0.705972 0.209349 0.034764 0.009414 0.991861 -0.005800 -0.028738 -0.929301 0.000000 
7.500000e-02 1.003094e-01 9.749977e-02 7.075669e-02 1.000000e-01 1.597507e+00 -0.991861 0.032362 0.705972 0.209349 0.034764 0.009414 0.991861 -0.005800 -0.028738 -0.929301 0.000000 
7.500000e-02 1.003094e-01 9.749977e-02 7.075669e-02 1.000000e-01 1.597507e+00 -0.991861 0.032362 0.705972 0.209349 0.034764 0.009414 0.991861 -0.005800 -0.028738 -0.929301 0.000000 
7.500000e-02 1.003094e-01 9.749977e-02 7.075669e-02 1.000000e-01 1.597507e+00 -0.991861 0.032362 0.705972 0.209349 0.034764 0.009414 0.991861 -0.005800 -0.028738 -0.929301 0.000000 
7.500000e-02 1.003094e-01 9.749977e-02 7.075669e-02 1.000000e-01 1.597507e+00 -0.991861 0.032362 0.705972 0.209349 0.034764 0.009414 0.991861 -0.005800 -0.028738 -0.929301 0.000000 
7.500000e-02 1.003094e-01 9.749977e-02 7.075669e-02 1.000000e-01 1.597507e+00 -0.991861 0.032362 0.705972 0.209349 0.034764 0.009414 0.991861 -0.005800 -0.028738 -0.929301 0.000000 
7.500000e-02 1.003094e-01 9.749977e-02 7.075669e-02 1.000000e-01 1.597507e+00 -0.991861 0.032362 0.705972 0.209349 0.034764 0.009414 0.991861 -0.005800 -0.028738 -0.929301 0.000000 
7.500000e-02 1.003094e-01 9.749977e-02 7.075669e-02 1.000000e-01 1.597507e+00 -0.991861 0.032362 0.705972 0.209349 0.034764 0.009414 0.991861 -0.005800 -0.028738 -0.929301 0.000000 
7.500000e-02 1.003094e-01 9.749977e-02 7.075669e-02 1.000000e-01 1.597507e+00 -0.991861 0.032362 0.705972 0.209349 0.034764 0.009414 0.991861 -0.005800 -0.028738 -0.929301 0.000000 
7.500000e-02 1.003094e-01 9.749977e-02 7.075669e-02 1.000000e-01 1.597507e+00 -0.991861 0.032362 0.705972 0.209349 0.034764 0.009414 0.991861 -0.005800 -0.028738 -0.929301 0.000000 
7.500000e-02 1.003094e-01 9.749977e-02 7.075669e-02 1.000000e-01 1.597507e+00 -0.991861 0.032362 0.705972 0.209349 0.034764 0.009414 0.991861 -0.005800 -0.028738 -0.929301 0.000000 
7.500000e-02 1.003094e-01 9.749977e-02 7.075669e-02 1.000000e-01 1.597507e+00 -0.991861 0.032362 0.705972 0.209349 0.034764 0.009414 0.991861 -0.005800 -0.028738 -0.929301 0.000000 
7.500000e-02 1.003094e-01 9.749977e-02 7.075669e-02 1.000000e-01 1.597507e+00 -0.991861 0.032362 0.705972 0.209349 0.034764 0.009414 0.991861 -0.005800 -0.028738 -0.929301 0.000000 
7.500000e-02 1.003094e-01 9.749977e-02 7.075669e-02 1.000000e-01 1.597507e+00 -0.991861 0.032362 0.705972 0.209349 0.034764 0.009414 0.991861 -0.005800 -0.028738 -0.929301 0.000000 
7.500000e-02 1.003094e-01 9.749977e-02 7.075669e-02 1.000000e-01 1.597507e+00 -0.991861 0.032362 0.705972 0.209349 0.034764 0.009414 0.991861 -0.005800 -0.028738 -0.929301 0.000000 
7.500000e-02 1.003094e-01 9.749977e-02 7.075669e-02 1.000000e-01 1.597507e+00 -0.991861 0.032362 0.705972 0.209349 0.034764 0.009414 0.991861 -0.005800 -0.028738 -0.929301 0.000000 
7.500000e-02 1.003094e-01 9.749977e-02 7.075669e-02 1.000000e-01 1.597507e+00 -0.991861 0.032362 0.705972 0.209349 0.034764 0.009414 0.991861 -0.005800 -0.028738 -0.929301 0.000000 
7.500000e-02 1.003094e-01 9.749977e-02 7.075669e-02 1.000000e-01 1.597507e+00 -0.991861 0.032362 0.705972 0.209349 0.034764 0.009414 0.991861 -0.005800 -0.028738 -0.929301 0.000000 
7.500000e-02 1.003094e-01 9.749977e-02 7.075669e-02 1.000000e-01 1.597507e+00 -0.991861 0.032362 0.705972 0.209349 0.034764 0.009414 0.991861 -0.005800 -0.028738 -0.929301 0.000000 
7.500000e-02 1.003094e-01 9.749977e-02 7.075669e-02 1.000000e-01 1.597507e+00 -0.991861 0.032362 0.705972 0.209349 0.034764 0.009414 0.991861 -0.005800 -0.028738 -0.929301 0.000000 
7.500000e-02 1.003094e-01 9.749977e-02 7.075669e-02 1.000000e-01 1.597507e+00 -0.991861 0.032362 0.705972 0.209349 0.034764 0.009414 0.991861 -0.005800 -0.028738 -0.929301 0.000000 
7.500000e-02 1.003094e-01 9.749977e-02 7.075669e-02 1.000000e-01 1.597507e+00 -0.991861 0.032362 0.705972 0.209349 0.034764 0.009414 0.991861 -0.005800 -0.028738 -0.929301 0.000000 
7.500000e-02 1.003094e-01 9.749977e-02 7.075669e-02 1.000000e-01 1.597507e+00 -0.991861 0.032362 0.705972 0.209349 0.034764 0.009414 0.991861 -0.005800 -0.028738 -0.929301 0.000000 
7.500000e-02 1.003094e-01 9.749977e-02 7.075669e-02 1.000000e-01 1.597507e+00 -0.991861 0.032362 0.705972 0.209349 0.034764 0.009414 0.991861 -0.005800 -0.028738 -0.929301 0.000000 
7.500000e-02 1.003094e-01 9.749977e-02 7.075669e-02 1.000000e-01 1.597507e+00 -0.991861 0.032362 0.705972 0.209349 0.034764 0.009414 0.991861 -0.005800 -0.028738 -0.929301 0.000000 
7.500000e-02 1.003094e-01 9.749977e-02 7.075669e-02 1.000000e-01 1.597507e+00 -0.991861 0.032362 0.705972 0.209349 0.034764 0.009414 0.991861 -0.005800 -0.028738 -0.929301 0.000000 
7.500000e-02 1.003094e-01 9.749977e-02 7.075669e-02 1.000000e-01 1.597507e+00 -0.991861 0.032362 0.705972 0.209349 0.034764 0.009414 0.991861 -0.005800 -0.028738 -0.929301 0.000000 
7.500000e-02 1.003094e-01 9.749977e-02 7.075669e-02 1.000000e-01 1.597507e+00 -0.991861 0.032362 0.705972 0.209349 0.034764 0.009414 0.991861 -0.005800 -0.028738 -0.929301 0.000000 
7.500000e-02 1.003094e-01 9.749977e-02 7.075669e-02 1.000000e-01 1.597507e+00 -0.991861 0.032362 0.705972 0.209349 0.034764 0.009414 0.991861 -0.005800 -0.028738 -0.929301 0.000000 
7.500000e-02 1.003094e-01 9.749977e-02 7.075669e-02 1.000000e-01 1.597507e+00 -0.991861 0.032362 0.705972 0.209349 0.034764 0.009414 0.991861 -0.005800 -0.028738 -0.929301 0.000000 
7.500000e-02 1.003094e-01 9.749977e-02 7.075669e-02 1.000000e-01 1.597507e+00 -0.991861 0.032362 0.705972 0.209349 0.034764 0.009414 0.991861 -0.005800 -0.028738 -0.929301 0.000000 
7.500000e-02 1.003094e-01 9.749977e-02 7.075669e-02 1.000000e-01 1.597507e+00 -0.991861 0.032362 0.705972 0.209349 0.034764 0.009414 0.991861 -0.005800 -0.028738 -0.929301 0.000000 
7.500000e-02 1.003094e-01 9.749977e-02 7.075669e-02 1.000000e-01 1.597507e+00 -0.991861 0.032362 0.705972 0.209349 0.034764 0.009414 0.991861 -0.005800 -0.028738 -0.929301 0.000000 
7.500000e-02 1.003094e-01 9.749977e-02 7.075669e-02 1.000000e-01 1.597507e+00 -0.991861 0.032362 0.705972 0.209349 0.034764 0.009414 0.991861 -0.005800 -0.028738 -0.929301 0.000000 
7.500000e-02 1.003094e-01 9.749977e-02 7.075669e-02 1.000000e-01 1.597507e+00 -0.991861 0.032362 0.705972 0.209349 0.034764 0.009414 0.991861 -0.005800 -0.028738 -0.929301 0.000000 
7.500000e-02 1.003094e-01 9.749977e-02 7.075669e-02 1.000000e-01 1.597507e+00 -0.991861 0.032362 0.705972 0.209349 0.034764 0.009414 0.991861 -0.005800 -0.028738 -0.929301 0.000000 
7.500000e-02 1.003094e-01 9.749977e-02 7.075669e-02 1.000000e-01 1.597507e+00 -0.991861 0.032362 0.705972 0.209349 0.034764 0.009414 0.991861 -0.005800 -0.028738 -0.929301 0.000000 
7.500000e-02 1.003094e-01 9.749977e-02 7.075669e-02 1.000000e-01 1.597507e+00 -0.991861 0.032362 0.705972 0.209349 0.034764 0.009414 0.991861 -0.005800 -0.028738 -0.929301 0.000000 
7.500000e-02 1.003094e-01 9.749977e-02 7.075669e-02 1.000000e-01 1.597507e+00 -0.991861 0.032362 0.705972 0.209349 0.034764 0.009414 0.991861 -0.005800 -0.028738 -0.929301 0.000000 
7.500000e-02 1.003094e-01 9.749977e-02 7.075669e-02 1.000000e-01 1.597507e+00 -0.991861 0.032362 0.705972 0.209349 0.034764 0.009414 0.991861 -0.005800 -0.028738 -0.929301 0.000000 
7.500000e-02 1.003094e-01 9.749977e-02 7.075669e-02 1.000000e-01 1.597507e+00 -0.991861 0.032362 0.705972 0.209349 0.034764 0.009414 0.991861 -0.005800 -0.028738 -0.929301 0.000000 
7.500000e-02 1.003094e-01 9.749977e-02 7.075669e-02 1.000000e-01 1.597507e+00 -0.991861 0.032362 0.705972 0.209349 0.034764 0.009414 0.991861 -0.005800 -0.028738 -0.929301 0.000000 
7.500000e-02 1.003094e-01 9.749977e-02 7.075669e-02 1.000000e-01 1.597507e+00 -0.991861 0.032362 0.705972 0.209349 0.034764 0.009414 0.991861 -0.005800 -0.028738 -0.929301 0.000000 
7.500000e-02 1.003094e-01 9.749977e-02 7.075669e-02 1.000000e-01 1.597507e+00 -0.991861 0.032362 0.705972 0.209349 0.034764 0.009414 0.991861 -0.005800 -0.028738 -0.929301 0.000000 
7.500000e-02 1.003094e-01 9.749977e-02 7.075669e-02 1.000000e-01 1.597507e+00 -0.991861 0.032362 0.705972 0.209349 0.034764 0.009414 0.991861 -0.005800 -0.028738 -0.929301 0.000000 
7.500000e-02 1.003094e-01 9.749977e-02 7.075669e-02 1.000000e-01 1.597507e+00 -0.991861 0.032362 0.705972 0.209349 0.034764 0.009414 0.991861 -0.005800 -0.028738 -0.929301 0.000000 
7.500000e-02 1.003094e-01 9.749977e-02 7.075669e-02 1.000000e-01 1.597507e+00 -0.991861 0.032362 0.705972 0.209349 0.034764 0.009414 0.991861 -0.005800 -0.028738 -0.929301 0.000000 
7.500000e-02 1.003094e-01 9.749977e-02 7.075669e-02 1.000000e-01 1.597507e+00 -0.991861 0.032362 0.705972 0.209349 0.034764 0.009414 0.991861 -0.005800 -0.028738 -0.929301 0.000000 
7.500000e-02 1.003094e-01 9.749977e-02 7.075669e-02 1.000000e-01 1.597507e+00 -0.991861 0.032362 0.705972 0.209349 0.034764 0.009414 0.991861 -0.005800 -0.028738 -0.929301 0.000000 
7.500000e-02 1.003094e-01 9.749977e-02 7.075669e-02 1.000000e-01 1.597507e+00 -0.991861 0.032362 0.705972 0.209349 0.034764 0.009414 0.991861 -0.005800 -0.028738 -0.929301 0.000000 
7.500000e-02 1.003094e-01 9.749977e-02 7.075669e-02 1.000000e-01 1.597507e+00 -0.991861 0.032362 0.705972 0.209349 0.034764 0.009414 0.991861 -0.005800 -0.028738 -0.929301 0.000000 
7.500000e-02 1.003094e-01 9.749977e-02 7.075669e-02 1.000000e-01 1.597507e+00 -0.991861 0.032362 0.705972 0.209349 0.034764 0.009414 0.991861 -0.005800 -0.028738 -0.929301 0.000000 
7.500000e-02 1.003094e-01 9.749977e-02 7.075669e-02 1.000000e-01 1.597507e+00 -0.991861 0.032362 0.705972 0.209349 0.034764 0.009414 0.991861 -0.005800 -0.028738 -0.929301 0.000000 
7.500000e-02 1.003094e-01 9.749977e-02 7.075669e-02 1.000000e-01 1.597507e+00 -0.991861 0.032362 0.705972 0.209349 0.034764 0.009414 0.991861 -0.005800 -0.028738 -0.929301 0.000000 
7.500000e-02 1.003094e-01 9.749977e-02 7.075669e-02 1.000000e-01 1.597507e+00 -0.991861 0.032362 0.705972 0.209349 0.034764 0.009414 0.991861 -0.005800 -0.028738 -0.929301 0.000000 
7.500000e-02 1.003094e-01 9.749977e-02 7.075669e-02 1.000000e-01 1.597507e+00 -0.991861 0.032362 0.705972 0.209349 0.034764 0.009414 0.991861 -0.005800 -0.028738 -0.929301 0.000000 
7.500000e-02 1.003094e-01 9.749977e-02 7.075669e-02 1.000000e-01 1.597507e+00 -0.991861 0.032362 0.705972 0.209349 0.034764 0.009414 0.991861 -0.005800 -0.028738 -0.929301 0.000000 
7.500000e-02 1.003094e-01 9.749977e-02 7.075669e-02 1.000000e-01 1.597507e+00 -0.991861 0.032362 0.705972 0.209349 0.034764 0.009414 0.991861 -0.005800 -0.028738 -0.929301 0.000000 
7.500000e-02 1.003094e-01 9.749977e-02 7.075669e-02 1.000000e-01 1.597507e+00 -0.991861 0.032362 0.705972 0.209349 0.034764 0.009414 0.991861 -0.005800 -0.028738 -0.929301 0.000000 
7.500000e-02 1.003094e-01 9.749977e-02 7.075669e-02 1.000000e-01 1.597507e+00 -0.991861 0.032362 0.705972 0.209349 0.034764 0.009414 0.991861 -0.005800 -0.028738 -0.929301 0.000000 
7.500000e-02 1.003094e-01 9.749977e-02 7.075669e-02 1.000000e-01 1.597507e+00 -0.991861 0.032362 0.705972 0.209349 0.034764 0.009414 0.991861 -0.005800 -0.028738 -0.929301 0.000000 
7.500000e-02 1.003094e-01 9.749977e-02 7.075669e-02 1.000000e-01 1.597507e+00 -0.991861 0.032362 0.705972 0.209349 0.034764 0.009414 0.991861 -0.005800 -0.028738 -0.929301 0.000000 
7.500000e-02 1.003094e-01 9.749977e-02 7.075669e-02 1.000000e-01 1.597507e+00 -0.991861 0.032362 0.705972 0.209349 0.034764 0.009414 0.991861 -0.005800 -0.028738 -0.929301 0.000000 
7.500000e-02 1.003094e-01 9.749977e-02 7.075669e-02 1.000000e-01 1.597507e+00 -0.991861 0.032362 0.705972 0.209349 0.034764 0.009414 0.991861 -0.005800 -0.028738 -0.929301 0.000000 
7.500000e-02 1.003094e-01 9.749977e-02 7.075669e-02 1.000000e-01 1.597507e+00 -0.991861 0.032362 0.705972 0.209349 0.034764 0.009414 0.991861 -0.005800 -0.028738 -0.929301 0.000000 
7.500000e-02 1.003094e-01 9.749977e-02 7.075669e-02 1.000000e-01 1.597507e+00 -0.991861 0.032362 0.705972 0.209349 0.034764 0.009414 0.991861 -0.005800 -0.028738 -0.929301 0.000000 
7.500000e-02 1.003094e-01 9.749977e-02 7.075669e-02 1.000000e-01 1.597507e+00 -0.991861 0.032362 0.705972 0.209349 0.034764 0.009414 0.991861 -0.005800 -0.028738 -0.929301 0.000000 
7.500000e-02 1.003094e-01 9.749977e-02 7.075669e-02 1.000000e-01 1.597507e+00 -0.991861 0.032362 0.705972 0.209349 0.034764 0.009414 0.991861 -0.005800 -0.028738 -0.929301 0.000000 
7.500000e-02 1.003094e-01 9.749977e-02 7.075669e-02 1.000000e-01 1.597507e+00 -0.991861 0.032362 0.705972 0.209349 0.034764 0.009414 0.991861 -0.005800 -0.028738 -0.929301 0.000000 
7.500000e-02 1.003094e-01 9.749977e-02 7.075669e-02 1.000000e-01 1.597507e+00 -0.991861 0.032362 0.705972 0.209349 0.034764 0.009414 0.991861 -0.005800 -0.028738 -0.929301 0.000000 
7.500000e-02 1.003094e-01 9.749977e-02 7.075669e-02 1.000000e-01 1.597507e+00 -0.991861 0.032362 0.705972 0.209349 0.034764 0.009414 0.991861 -0.005800 -0.028738 -0.929301 0.000000 
7.500000e-02 1.003094e-01 9.749977e-02 7.075669e-02 1.000000e-01 1.597507e+00 -0.991861 0.032362 0.705972 0.209349 0.034764 0.009414 0.991861 -0.005800 -0.028738 -0.929301 0.000000 
7.500000e-02 1.003094e-01 9.749977e-02 7.075669e-02 1.000000e-01 1.597507e+00 -0.991861 0.032362 0.705972 0.209349 0.034764 0.009414 0.991861 -0.005800 -0.028738 -0.929301 0.000000 
7.500000e-02 1.003094e-01 9.749977e-02 7.075669e-02 1.000000e-01 1.597507e+00 -0.991861 0.032362 0.705972 0.209349 0.034764 0.009414 0.991861 -0.005800 -0.028738 -0.929301 0.000000 
7.500000e-02 1.003094e-01 9.749977e-02 7.075669e-02 1.000000e-01 1.597507e+00 -0.991861 0.032362 0.705972 0.209349 0.034764 0.009414 0.991861 -0.005800 -0.028738 -0.929301 0.000000 
7.500000e-02 1.003094e-01 9.749977e-02 7.075669e-02 1.000000e-01 1.597507e+00 -0.991861 0.032362 0.705972 0.209349 0.034764 0.009414 0.991861 -0.005800 -0.028738 -0.929301 0.000000 
7.500000e-02 1.003094e-01 9.749977e-02 7.075669e-02 1.000000e-01 1.597507e+00 -0.991861 0.032362 0.705972 0.209349 0.034764 0.009414 0.991861 -0.005800 -0.028738 -0.929301 0.000000 
7.500000e-02 1.003094e-01 9.749977e-02 7.075669e-02 1.000000e-01 1.597507e+00 -0.991861 0.032362 0.705972 0.209349 0.034764 0.009414 0.991861 -0.005800 -0.028738 -0.929301 0.000000 
7.500000e-02 1.003094e-01 9.749977e-02 7.075669e-02 1.000000e-01 1.597507e+00 -0.991861 0.032362 0.705972 0.209349 0.034764 0.009414 0.991861 -0.005800 -0.028738 -0.929301 0.000000 
7.500000e-02 1.003094e-01 9.749977e-02 7.075669e-02 1.000000e-01 1.597507e+00 -0.991861 0.032362 0.705972 0.209349 0.034764 0.009414 0.991861 -0.005800 -0.028738 -0.929301 0.000000 
7.500000e-02 1.003094e-01 9.749977e-02 7.075669e-02 1.000000e-01 1.597507e+00 -0.991861 0.032362 0.705972 0.209349 0.034764 0.009414 0.991861 -0.005800 -0.028738 -0.929301 0.000000 
7.500000e-02 1.003094e-01 9.749977e-02 7.075669e-02 1.000000e-01 1.597507e+00 -0.991861 0.032362 0.705972 0.209349 0.034764 0.009414 0.991861 -0.005800 -0.028738 -0.929301 0.000000 
7.500000e-02 1.003094e-01 9.749977e-02 7.075669e-02 1.000000e-01 1.597507e+00 -0.991861 0.032362 0.705972 0.209349 0.034764 0.009414 0.991861 -0.005800 -0.028738 -0.929301 0.000000 
7.500000e-02 1.003094e-01 9.749977e-02 7.075669e-02 1.000000e-01 1.597507e+00 -0.991861 0.032362 0.705972 0.209349 0.034764 0.009414 0.991861 -0.005800 -0.028738 -0.929301 0.000000 
7.500000e-02 1.003094e-01 9.749977e-02 7.075669e-02 1.000000e-01 1.597507e+00 -0.991861 0.032362 0.705972 0.209349 0.034764 0.009414 0.991861 -0.005800 -0.028738 -0.929301 0.000000 
7.500000e-02 1.003094e-01 9.749977e-02 7.075669e-02 1.000000e-01 1.597507e+00 -0.991861 0.032362 0.705972 0.209349 0.034764 0.009414 0.991861 -0.005800 -0.028738 -0.929301 0.000000 
7.500000e-02 1.003094e-01 9.749977e-02 7.075669e-02 1.000000e-01 1.597507e+00 -0.991861 0.032362 0.705972 0.209349 0.034764 0.009414 0.991861 -0.005800 -0.028738 -0.929301 0.000000 
7.500000e-02 1.003094e-01 9.749977e-02 7.075669e-02 1.000000e-01 1.597507e+00 -0.991861 0.032362 0.705972 0.209349 0.034764 0.009414 0.991861 -0.005800 -0.028738 -0.929301 0.000000 
7.500000e-02 1.003094e-01 9.749977e-02 7.075669e-02 1.000000e-01 1.597507e+00 -0.991861 0.032362 0.705972 0.209349 0.034764 0.009414 0.991861 -0.005800 -0.028738 -0.929301 0.000000 
7.500000e-02 1.003094e-01 9.749977e-02 7.075669e-02 1.000000e-01 1.597507e+00 -0.991861 0.032362 0.705972 0.209349 0.034764 0.009414 0.991861 -0.005800 -0.028738 -0.929301 0.000000 
7.500000e-02 1.003094e-01 9.749977e-02 7.075669e-02 1.000000e-01 1.597507e+00 -0.991861 0.032362 0.705972 0.209349 0.034764 0.009414 0.991861 -0.005800 -0.028738 -0.929301 0.000000 
7.500000e-02 1.003094e-01 9.749977e-02 7.075669e-02 1.000000e-01 1.597507e+00 -0.991861 0.032362 0.705972 0.209349 0.034764 0.009414 0.991861 -0.005800 -0.028738 -0.929301 0.000000 
7.500000e-02 1.003094e-01 9.749977e-02 7.075669e-02 1.000000e-01 1.597507e+00 -0.991861 0.032362 0.705972 0.209349 0.034764 0.009414 0.991861 -0.005800 -0.028738 -0.929301 0.000000 
7.500000e-02 1.003094e-01 9.749977e-02 7.075669e-02 1.000000e-01 1.597507e+00 -0.991861 0.032362 0.705972 0.209349 0.034764 0.009414 0.991861 -0.005800 -0.028738 -0.929301 0.000000 
7.500000e-02 1.003094e-01 9.749977e-02 7.075669e-02 1.000000e-01 1.597507e+00 -0.991861 0.032362 0.705972 0.209349 0.034764 0.009414 0.991861 -0.005800 -0.028738 -0.929301 0.000000 
7.500000e-02 1.003094e-01 9.749977e-02 7.075669e-02 1.000000e-01 1.597507e+00 -0.991861 0.032362 0.705972 0.209349 0.034764 0.009414 0.991861 -0.005800 -0.028738 -0.929301 0.000000 
