# TeX TeY TeZ ThX ThY THZ P1 P2
1.250000e-01 1.000000e-01 1.175000e+00 1.250000e-01 1.000000e-01 1.175000e+00 0.000000 0.000000 0.000000 0.000000 0.000000 0.000000 0.000000 0.000000 0.000000 0.000000 0.000000 
1.250000e-01 1.000000e-01 1.165051e+00 1.250000e-01 1.000000e-01 1.182708e+00 -0.011666 0.001469 0.002957 0.003000 0.003056 0.001183 0.011666 -0.001497 -0.002995 -0.002998 0.000000 
1.250000e-01 1.000000e-01 1.155044e+00 1.250000e-01 1.000000e-01 1.190394e+00 -0.023355 0.002942 0.005920 0.006007 0.006117 0.002368 0.023355 -0.002997 -0.005996 -0.006002 0.000000 
1.250000e-01 1.000000e-01 1.144980e+00 1.250000e-01 1.000000e-01 1.198058e+00 -0.035068 0.004418 0.008889 0.009019 0.009185 0.003556 0.035068 -0.004501 -0.009003 -0.009011 0.000000 
1.250000e-01 1.000000e-01 1.134860e+00 1.250000e-01 1.000000e-01 1.205701e+00 -0.046803 0.005896 0.011864 0.012037 0.012259 0.004746 0.046803 -0.006007 -0.012016 -0.012027 0.000000 
1.250000e-01 1.000000e-01 1.124685e+00 1.249999e-01 1.000000e-01 1.213322e+00 -0.058561 0.007376 0.014842 0.015061 0.015341 0.005939 0.058560 -0.007516 -0.015035 -0.015048 0.000000 
1.250000e-01 1.000000e-01 1.114453e+00 1.249999e-01 1.000000e-01 1.220920e+00 -0.070340 0.008858 0.017824 0.018091 0.018431 0.007136 0.070340 -0.009028 -0.018059 -0.018075 0.000000 
1.250000e-01 1.000000e-01 1.104167e+00 1.249999e-01 1.000000e-01 1.228495e+00 -0.082141 0.010339 0.020809 0.021127 0.021529 0.008336 0.082140 -0.010542 -0.021088 -0.021108 0.000000 
1.250000e-01 1.000000e-01 1.093827e+00 1.249999e-01 1.000000e-01 1.236048e+00 -0.093962 0.011821 0.023795 0.024168 0.024636 0.009541 0.093962 -0.012059 -0.024123 -0.024146 0.000000 
1.250001e-01 1.000000e-01 1.083433e+00 1.249998e-01 1.000000e-01 1.243577e+00 -0.105804 0.013303 0.026783 0.027215 0.027753 0.010749 0.105804 -0.013579 -0.027163 -0.027189 0.000000 
1.250001e-01 1.000000e-01 1.072985e+00 1.249998e-01 1.000000e-01 1.251083e+00 -0.117665 0.014783 0.029771 0.030267 0.030881 0.011963 0.117665 -0.015102 -0.030209 -0.030237 0.000000 
1.250001e-01 1.000000e-01 1.062484e+00 1.249998e-01 1.000000e-01 1.258565e+00 -0.129546 0.016261 0.032757 0.033325 0.034020 0.013181 0.129546 -0.016626 -0.033259 -0.033290 0.000000 
1.250001e-01 1.000000e-01 1.051931e+00 1.249997e-01 1.000000e-01 1.266022e+00 -0.141445 0.017737 0.035742 0.036389 0.037172 0.014405 0.141445 -0.018154 -0.036314 -0.036348 0.000000 
1.250001e-01 1.000000e-01 1.041326e+00 1.249997e-01 1.000000e-01 1.273456e+00 -0.153363 0.019209 0.038723 0.039458 0.040336 0.015636 0.153363 -0.019683 -0.039374 -0.039410 0.000000 
1.250001e-01 1.000000e-01 1.030669e+00 1.249996e-01 1.000000e-01 1.280865e+00 -0.165299 0.020677 0.041701 0.042533 0.043515 0.016872 0.165299 -0.021215 -0.042438 -0.042477 0.000000 
1.250001e-01 1.000000e-01 1.019961e+00 1.249996e-01 1.000000e-01 1.288249e+00 -0.177252 0.022140 0.044673 0.045613 0.046709 0.018117 0.177252 -0.022749 -0.045507 -0.045549 0.000000 
1.250001e-01 1.000000e-01 1.009202e+00 1.249995e-01 1.000000e-01 1.295608e+00 -0.189222 0.023597 0.047638 0.048699 0.049919 0.019368 0.189221 -0.024285 -0.048580 -0.048625 0.000000 
1.250001e-01 1.000000e-01 9.983932e-01 1.249994e-01 1.000000e-01 1.302941e+00 -0.201208 0.025045 0.050594 0.051791 0.053148 0.020628 0.201207 -0.025824 -0.051657 -0.051705 0.000000 
1.250001e-01 1.000000e-01 9.875346e-01 1.249993e-01 1.000000e-01 1.310248e+00 -0.213209 0.026486 0.053541 0.054888 0.056396 0.021897 0.213209 -0.027364 -0.054738 -0.054789 0.000000 
1.250001e-01 1.000000e-01 9.766266e-01 1.249992e-01 1.000000e-01 1.317529e+00 -0.225226 0.027915 0.056475 0.057993 0.059666 0.023177 0.225226 -0.028906 -0.057823 -0.057877 0.000000 
1.250001e-01 1.000000e-01 9.656696e-01 1.249991e-01 1.000000e-01 1.324784e+00 -0.237258 0.029334 0.059397 0.061103 0.062957 0.024466 0.237258 -0.030450 -0.060912 -0.060969 0.000000 
1.250001e-01 1.000000e-01 9.546643e-01 1.249990e-01 1.000000e-01 1.332011e+00 -0.249304 0.030738 0.062300 0.064222 0.066276 0.025769 0.249304 -0.031997 -0.064005 -0.064064 0.000000 
1.250001e-01 1.000000e-01 9.436109e-01 1.249988e-01 1.000000e-01 1.339212e+00 -0.261364 0.032127 0.065186 0.067347 0.069620 0.027083 0.261364 -0.033544 -0.067101 -0.067163 0.000000 
1.250001e-01 1.000000e-01 9.325098e-01 1.249986e-01 1.000000e-01 1.346385e+00 -0.273438 0.033497 0.068050 0.070481 0.072996 0.028412 0.273437 -0.035094 -0.070201 -0.070266 0.000000 
1.250001e-01 1.000000e-01 9.213616e-01 1.249984e-01 1.000000e-01 1.353530e+00 -0.285523 0.034848 0.070890 0.073625 0.076404 0.029756 0.285523 -0.036645 -0.073304 -0.073372 0.000000 
1.250001e-01 1.000000e-01 9.101666e-01 1.249982e-01 1.000000e-01 1.360647e+00 -0.297622 0.036176 0.073703 0.076779 0.079848 0.031115 0.297621 -0.038198 -0.076410 -0.076481 0.000000 
1.250001e-01 1.000000e-01 8.989252e-01 1.249979e-01 1.000000e-01 1.367735e+00 -0.309732 0.037476 0.076483 0.079945 0.083334 0.032493 0.309731 -0.039752 -0.079519 -0.079592 0.000000 
1.250001e-01 1.000000e-01 8.876379e-01 1.249977e-01 1.000000e-01 1.374795e+00 -0.321853 0.038748 0.079231 0.083124 0.086859 0.033889 0.321852 -0.041308 -0.082631 -0.082707 0.000000 
1.250001e-01 1.000000e-01 8.763050e-01 1.249973e-01 1.000000e-01 1.381825e+00 -0.333985 0.039984 0.081935 0.086320 0.090438 0.035307 0.333984 -0.042865 -0.085745 -0.085825 0.000000 
1.250001e-01 1.000000e-01 8.649270e-01 1.249969e-01 1.000000e-01 1.388826e+00 -0.346127 0.041182 0.084598 0.089534 0.094066 0.036745 0.346126 -0.044423 -0.088863 -0.088945 0.000000 
1.250001e-01 1.000000e-01 8.535042e-01 1.249965e-01 1.000000e-01 1.395796e+00 -0.358278 0.042338 0.087210 0.092770 0.097752 0.038207 0.358278 -0.045983 -0.091982 -0.092068 0.000000 
1.250001e-01 1.000000e-01 8.420371e-01 1.249960e-01 1.000000e-01 1.402736e+00 -0.370439 0.043441 0.089765 0.096034 0.101505 0.039694 0.370439 -0.047543 -0.095105 -0.095193 0.000000 
1.250001e-01 1.000000e-01 8.305260e-01 1.249955e-01 1.000000e-01 1.409645e+00 -0.382609 0.044494 0.092262 0.099326 0.105322 0.041205 0.382609 -0.049105 -0.098229 -0.098320 0.000000 
1.250001e-01 1.000000e-01 8.189713e-01 1.249948e-01 1.000000e-01 1.416523e+00 -0.394787 0.045477 0.094682 0.102658 0.109223 0.042745 0.394786 -0.050668 -0.101355 -0.101449 0.000000 
1.250001e-01 1.000000e-01 8.073734e-01 1.249941e-01 1.000000e-01 1.423369e+00 -0.406972 0.046390 0.097026 0.106035 0.113207 0.044311 0.406972 -0.052232 -0.104484 -0.104581 0.000000 
1.250001e-01 1.000000e-01 7.957327e-01 1.249933e-01 1.000000e-01 1.430183e+00 -0.419164 0.047227 0.099288 0.109464 0.117280 0.045904 0.419164 -0.053797 -0.107614 -0.107714 0.000000 
1.250001e-01 1.000000e-01 7.840496e-01 1.249924e-01 1.000000e-01 1.436965e+00 -0.431363 0.047963 0.101440 0.112965 0.121468 0.047526 0.431363 -0.055363 -0.110746 -0.110848 0.000000 
1.250001e-01 9.999999e-02 7.723243e-01 1.249913e-01 1.000000e-01 1.443714e+00 -0.443568 0.048601 0.103489 0.116543 0.125763 0.049172 0.443568 -0.056929 -0.113879 -0.113985 0.000000 
1.250001e-01 9.999999e-02 7.605574e-01 1.249901e-01 1.000000e-01 1.450429e+00 -0.455779 0.049124 0.105416 0.120216 0.130182 0.050840 0.455779 -0.058496 -0.117014 -0.117123 0.000000 
1.250001e-01 9.999999e-02 7.487490e-01 1.249887e-01 1.000000e-01 1.457111e+00 -0.467995 0.049503 0.107190 0.124018 0.134754 0.052528 0.467994 -0.060064 -0.120150 -0.120262 0.000000 
1.250001e-01 9.999999e-02 7.368997e-01 1.249871e-01 1.000000e-01 1.463759e+00 -0.480215 0.049742 0.108815 0.127957 0.139472 0.054227 0.480214 -0.061632 -0.123288 -0.123402 0.000000 
1.250001e-01 9.999999e-02 7.250098e-01 1.249853e-01 1.000000e-01 1.470371e+00 -0.492439 0.049816 0.110261 0.132068 0.144363 0.055929 0.492438 -0.063201 -0.126426 -0.126543 0.000000 
1.250001e-01 9.999999e-02 7.130795e-01 1.249833e-01 1.000000e-01 1.476949e+00 -0.504666 0.049684 0.111480 0.136415 0.149466 0.057620 0.504666 -0.064770 -0.129565 -0.129685 0.000000 
1.250001e-01 9.999998e-02 7.011093e-01 1.249810e-01 1.000000e-01 1.483491e+00 -0.516897 0.049350 0.112473 0.141010 0.154778 0.059284 0.516896 -0.066340 -0.132705 -0.132828 0.000000 
1.250001e-01 9.999998e-02 6.890996e-01 1.249784e-01 1.000000e-01 1.489997e+00 -0.529129 0.048794 0.113207 0.145905 0.160323 0.060900 0.529129 -0.067910 -0.135846 -0.135972 0.000000 
1.250001e-01 9.999998e-02 6.770505e-01 1.249754e-01 1.000000e-01 1.496467e+00 -0.541364 0.047937 0.113573 0.151240 0.166188 0.062424 0.541364 -0.069480 -0.138987 -0.139116 0.000000 
1.250001e-01 9.999997e-02 6.649625e-01 1.249720e-01 1.000000e-01 1.502899e+00 -0.553600 0.046801 0.113577 0.157030 0.172362 0.063829 0.553600 -0.071051 -0.142128 -0.142260 0.000000 
1.250001e-01 9.999997e-02 6.528359e-01 1.249682e-01 1.000000e-01 1.509292e+00 -0.565835 0.045359 0.113156 0.163366 0.178886 0.065067 0.565835 -0.072621 -0.145269 -0.145404 0.000000 
1.250001e-01 9.999996e-02 6.406711e-01 1.249639e-01 1.000000e-01 1.515645e+00 -0.578070 0.043550 0.112184 0.170424 0.185852 0.066059 0.578070 -0.074191 -0.148410 -0.148548 0.000000 
1.250001e-01 9.999995e-02 6.284683e-01 1.249590e-01 1.000000e-01 1.521957e+00 -0.590303 0.041340 0.110545 0.178374 0.193333 0.066710 0.590303 -0.075761 -0.151551 -0.151692 0.000000 
1.250001e-01 9.999994e-02 6.162279e-01 1.249536e-01 1.000000e-01 1.528229e+00 -0.602535 0.038734 0.108173 0.187314 0.201361 0.066951 0.602534 -0.077331 -0.154691 -0.154835 0.000000 
1.250001e-01 9.999993e-02 6.039502e-01 1.249475e-01 1.000000e-01 1.534459e+00 -0.614763 0.035709 0.104931 0.197438 0.210012 0.066671 0.614763 -0.078901 -0.157831 -0.157977 0.000000 
1.250001e-01 9.999991e-02 5.916355e-01 1.249405e-01 1.000000e-01 1.540646e+00 -0.626988 0.032201 0.100545 0.209131 0.219442 0.065667 0.626988 -0.080470 -0.160969 -0.161119 0.000000 
1.250001e-01 9.999989e-02 5.792842e-01 1.249325e-01 1.000000e-01 1.546790e+00 -0.639208 0.028204 0.094805 0.222697 0.229731 0.063769 0.639207 -0.082038 -0.164107 -0.164259 0.000000 
1.250001e-01 9.999987e-02 5.668964e-01 1.249228e-01 1.000000e-01 1.552890e+00 -0.651418 0.023750 0.087582 0.238352 0.240871 0.060862 0.651418 -0.083605 -0.167241 -0.167397 0.000000 
1.250001e-01 9.999984e-02 5.544727e-01 1.249100e-01 1.000000e-01 1.558941e+00 -0.663615 0.018852 0.078664 0.256469 0.252848 0.056781 0.663614 -0.085170 -0.170373 -0.170531 0.000000 
1.250001e-01 9.999981e-02 5.420131e-01 1.248912e-01 1.000000e-01 1.564940e+00 -0.675786 0.013544 0.067872 0.277468 0.265518 0.051384 0.675786 -0.086732 -0.173498 -0.173659 0.000000 
1.250001e-01 9.999977e-02 5.295181e-01 1.248593e-01 1.000000e-01 1.570876e+00 -0.687903 0.007856 0.054849 0.302329 0.278457 0.044411 0.687903 -0.088287 -0.176608 -0.176772 0.000000 
1.250001e-01 9.999972e-02 5.169879e-01 1.247972e-01 1.000000e-01 1.576727e+00 -0.699917 0.001997 0.040069 0.331266 0.290431 0.036154 0.699917 -0.089829 -0.179693 -0.179860 0.000000 
1.250001e-01 9.999967e-02 5.044228e-01 1.246621e-01 1.000000e-01 1.582443e+00 -0.711729 -0.003754 0.024273 0.365181 0.298989 0.027038 0.711728 -0.091345 -0.182725 -0.182895 0.000000 
1.250001e-01 9.999960e-02 4.918231e-01 1.243304e-01 1.000000e-01 1.587912e+00 -0.723158 -0.008926 0.008997 0.406671 0.298506 0.017909 0.723157 -0.092812 -0.185659 -0.185833 0.000000 
1.250001e-01 9.999951e-02 4.791891e-01 1.233912e-01 1.000000e-01 1.592842e+00 -0.733997 -0.012940 -0.003582 0.467248 0.273500 0.009770 0.733997 -0.094202 -0.188442 -0.188619 0.000000 
1.250001e-01 9.999940e-02 4.665211e-01 1.208933e-01 1.000000e-01 1.597209e+00 -0.745428 -0.018172 -0.020292 0.624462 0.161018 -0.001589 0.745428 -0.095669 -0.191377 -0.191557 0.000000 
1.250001e-01 9.999928e-02 4.538194e-01 1.206621e-01 1.000000e-01 1.597501e+00 -0.754133 -0.017750 -0.020144 0.644879 0.149146 -0.002000 0.754132 -0.096786 -0.193612 -0.193795 0.000000 
1.250001e-01 9.999912e-02 4.410841e-01 1.206621e-01 1.000000e-01 1.597501e+00 -0.762547 -0.016670 -0.017984 0.647041 0.151320 -0.001162 0.762546 -0.097864 -0.195772 -0.195959 0.000000 
1.250001e-01 9.999893e-02 4.283157e-01 1.206621e-01 1.000000e-01 1.597501e+00 -0.770982 -0.015587 -0.015818 0.649209 0.153500 -0.000322 0.770982 -0.098945 -0.197938 -0.198130 0.000000 
1.250001e-01 9.999870e-02 4.155143e-01 1.206621e-01 1.000000e-01 1.597501e+00 -0.779440 -0.014502 -0.013647 0.651382 0.155685 0.000520 0.779440 -0.100029 -0.200110 -0.200308 0.000000 
1.250001e-01 9.999842e-02 4.026803e-01 1.206621e-01 1.000000e-01 1.597501e+00 -0.787919 -0.013414 -0.011470 0.653561 0.157876 0.001365 0.787919 -0.101113 -0.202287 -0.202494 0.000000 
1.250001e-01 9.999807e-02 3.898138e-01 1.206621e-01 1.000000e-01 1.597501e+00 -0.796420 -0.012323 -0.009288 0.655746 0.160072 0.002211 0.796419 -0.102199 -0.204470 -0.204690 0.000000 
1.250001e-01 9.999765e-02 3.769152e-01 1.206621e-01 1.000000e-01 1.597501e+00 -0.804942 -0.011229 -0.007100 0.657936 0.162274 0.003059 0.804941 -0.103284 -0.206658 -0.206896 0.000000 
1.250001e-01 9.999713e-02 3.639847e-01 1.206621e-01 1.000000e-01 1.597501e+00 -0.813485 -0.010132 -0.004906 0.660131 0.164481 0.003910 0.813484 -0.104368 -0.208852 -0.209116 0.000000 
1.250001e-01 9.999650e-02 3.510226e-01 1.206621e-01 1.000000e-01 1.597501e+00 -0.822048 -0.009033 -0.002708 0.662332 0.166694 0.004763 0.822048 -0.105448 -0.211053 -0.211355 0.000000 
1.250001e-01 9.999572e-02 3.380291e-01 1.206621e-01 1.000000e-01 1.597501e+00 -0.830633 -0.007932 -0.000504 0.664538 0.168912 0.005618 0.830633 -0.106521 -0.213259 -0.213618 0.000000 
1.250001e-01 9.999478e-02 3.250044e-01 1.206621e-01 1.000000e-01 1.597501e+00 -0.839238 -0.006827 0.001705 0.666749 0.171136 0.006474 0.839238 -0.107582 -0.215472 -0.215917 0.000000 
1.250001e-01 9.999362e-02 3.119489e-01 1.206621e-01 1.000000e-01 1.597501e+00 -0.847864 -0.005720 0.003920 0.668965 0.173364 0.007333 0.847863 -0.108621 -0.217692 -0.218268 0.000000 
1.250001e-01 9.999220e-02 2.988627e-01 1.206621e-01 1.000000e-01 1.597501e+00 -0.856510 -0.004610 0.006140 0.671187 0.175598 0.008194 0.856509 -0.109629 -0.219919 -0.220694 0.000000 
1.250001e-01 9.999046e-02 2.857460e-01 1.206621e-01 1.000000e-01 1.597501e+00 -0.865176 -0.003498 0.008364 0.673414 0.177837 0.009057 0.865175 -0.110585 -0.222156 -0.223233 0.000000 
1.250001e-01 9.998833e-02 2.725992e-01 1.206621e-01 1.000000e-01 1.597501e+00 -0.873862 -0.002383 0.010595 0.675646 0.180082 0.009922 0.873861 -0.111461 -0.224404 -0.225945 0.000000 
1.250001e-01 9.998573e-02 2.594224e-01 1.206621e-01 1.000000e-01 1.597501e+00 -0.882567 -0.001266 0.012830 0.677883 0.182331 0.010789 0.882567 -0.112216 -0.226665 -0.228913 0.000000 
1.250001e-01 9.998256e-02 2.462158e-01 1.206621e-01 1.000000e-01 1.597501e+00 -0.891293 -0.000146 0.015070 0.680126 0.184586 0.011658 0.891293 -0.112779 -0.228941 -0.232285 0.000000 
1.250001e-01 9.997870e-02 2.329796e-01 1.206621e-01 1.000000e-01 1.597501e+00 -0.900039 0.000976 0.017315 0.682373 0.186845 0.012529 0.900039 -0.113052 -0.231233 -0.236275 0.000000 
1.250001e-01 9.997404e-02 2.197140e-01 1.206621e-01 1.000000e-01 1.597501e+00 -0.908804 0.002101 0.019565 0.684625 0.189110 0.013401 0.908804 -0.112893 -0.233536 -0.241196 0.000000 
1.250001e-01 9.996844e-02 2.064192e-01 1.206621e-01 1.000000e-01 1.597501e+00 -0.917589 0.003229 0.021821 0.686883 0.191380 0.014276 0.917589 -0.112051 -0.235826 -0.247643 0.000000 
1.250001e-01 9.996182e-02 1.930952e-01 1.206621e-01 1.000000e-01 1.597501e+00 -0.926395 0.004359 0.024082 0.689146 0.193655 0.015153 0.926394 -0.110211 -0.238030 -0.256446 0.000000 
1.250001e-01 9.995417e-02 1.797422e-01 1.206621e-01 1.000000e-01 1.597501e+00 -0.935220 0.005492 0.026347 0.691414 0.195936 0.016032 0.935220 -0.106921 -0.239964 -0.268959 0.000000 
1.250001e-01 9.994568e-02 1.663599e-01 1.206621e-01 1.000000e-01 1.597501e+00 -0.944067 0.006627 0.028619 0.693687 0.198221 0.016913 0.944067 -0.101449 -0.241100 -0.287839 0.000000 
1.250001e-01 9.993731e-02 1.529476e-01 1.206621e-01 1.000000e-01 1.597501e+00 -0.952939 0.007766 0.030896 0.695967 0.200514 0.017796 0.952939 -0.093007 -0.240172 -0.317319 0.000000 
1.250001e-01 9.993298e-02 1.395010e-01 1.206621e-01 1.000000e-01 1.597501e+00 -0.961847 0.008909 0.033184 0.698256 0.202816 0.018683 0.961847 -0.080680 -0.234153 -0.365294 0.000000 
1.250001e-01 9.995003e-02 1.259998e-01 1.206621e-01 1.000000e-01 1.597501e+00 -0.970859 0.010066 0.035497 0.700572 0.205144 0.019580 0.970859 -0.063366 -0.214956 -0.449332 0.000000 
1.250001e-01 1.000542e-01 1.123492e-01 1.206621e-01 1.000000e-01 1.597501e+00 -0.980292 0.011276 0.037919 0.702996 0.207581 0.020519 0.980292 -0.039947 -0.162570 -0.606968 0.000000 
1.250001e-01 1.003021e-01 9.827477e-02 1.206621e-01 1.000000e-01 1.597501e+00 -0.991238 0.012681 0.040729 0.705809 0.210409 0.021609 0.991238 -0.007843 -0.038147 -0.907870 0.000000 
1.250001e-01 1.003099e-01 9.749842e-02 1.206621e-01 1.000000e-01 1.597501e+00 -0.991901 0.012766 0.040899 0.705979 0.210581 0.021675 0.991901 -0.005801 -0.028731 -0.929348 0.000000 
1.250001e-01 1.003099e-01 9.749842e-02 1.206621e-01 1.000000e-01 1.597501e+00 -0.991901 0.012766 0.040899 0.705979 0.210581 0.021675 0.991901 -0.005801 -0.028731 -0.929348 0.000000 
1.250001e-01 1.003099e-01 9.749842e-02 1.206621e-01 1.000000e-01 1.597501e+00 -0.991901 0.012766 0.040899 0.705979 0.210581 0.021675 0.991901 -0.005801 -0.028731 -0.929348 0.000000 
1.250001e-01 1.003099e-01 9.749842e-02 1.206621e-01 1.000000e-01 1.597501e+00 -0.991901 0.012766 0.040899 0.705979 0.210581 0.021675 0.991901 -0.005801 -0.028731 -0.929348 0.000000 
1.250001e-01 1.003099e-01 9.749842e-02 1.206621e-01 1.000000e-01 1.597501e+00 -0.991901 0.012766 0.040899 0.705979 0.210581 0.021675 0.991901 -0.005801 -0.028731 -0.929348 0.000000 
1.250001e-01 1.003099e-01 9.749842e-02 1.206621e-01 1.000000e-01 1.597501e+00 -0.991901 0.012766 0.040899 0.705979 0.210581 0.021675 0.991901 -0.005801 -0.028731 -0.929348 0.000000 
1.250001e-01 1.003099e-01 9.749842e-02 1.206621e-01 1.000000e-01 1.597501e+00 -0.991901 0.012766 0.040899 0.705979 0.210581 0.021675 0.991901 -0.005801 -0.028731 -0.929348 0.000000 
1.250001e-01 1.003099e-01 9.749842e-02 1.206621e-01 1.000000e-01 1.597501e+00 -0.991901 0.012766 0.040899 0.705979 0.210581 0.021675 0.991901 -0.005801 -0.028731 -0.929348 0.000000 
1.250001e-01 1.003099e-01 9.749842e-02 1.206621e-01 1.000000e-01 1.597501e+00 -0.991901 0.012766 0.040899 0.705979 0.210581 0.021675 0.991901 -0.005801 -0.028731 -0.929348 0.000000 
1.250001e-01 1.003099e-01 9.749842e-02 1.206621e-01 1.000000e-01 1.597501e+00 -0.991901 0.012766 0.040899 0.705979 0.210581 0.021675 0.991901 -0.005801 -0.028731 -0.929348 0.000000 
1.250001e-01 1.003099e-01 9.749842e-02 1.206621e-01 1.000000e-01 1.597501e+00 -0.991901 0.012766 0.040899 0.705979 0.210581 0.021675 0.991901 -0.005801 -0.028731 -0.929348 0.000000 
1.250001e-01 1.003099e-01 9.749842e-02 1.206621e-01 1.000000e-01 1.597501e+00 -0.991901 0.012766 0.040899 0.705979 0.210581 0.021675 0.991901 -0.005801 -0.028731 -0.929348 0.000000 
1.250001e-01 1.003099e-01 9.749842e-02 1.206621e-01 1.000000e-01 1.597501e+00 -0.991901 0.012766 0.040899 0.705979 0.210581 0.021675 0.991901 -0.005801 -0.028731 -0.929348 0.000000 
1.250001e-01 1.003099e-01 9.749842e-02 1.206621e-01 1.000000e-01 1.597501e+00 -0.991901 0.012766 0.040899 0.705979 0.210581 0.021675 0.991901 -0.005801 -0.028731 -0.929348 0.000000 
1.250001e-01 1.003099e-01 9.749842e-02 1.206621e-01 1.000000e-01 1.597501e+00 -0.991901 0.012766 0.040899 0.705979 0.210581 0.021675 0.991901 -0.005801 -0.028731 -0.929348 0.000000 
1.250001e-01 1.003099e-01 9.749842e-02 1.206621e-01 1.000000e-01 1.597501e+00 -0.991901 0.012766 0.040899 0.705979 0.210581 0.021675 0.991901 -0.005801 -0.028731 -0.929348 0.000000 
1.250001e-01 1.003099e-01 9.749842e-02 1.206621e-01 1.000000e-01 1.597501e+00 -0.991901 0.012766 0.040899 0.705979 0.210581 0.021675 0.991901 -0.005801 -0.028731 -0.929348 0.000000 
1.250001e-01 1.003099e-01 9.749842e-02 1.206621e-01 1.000000e-01 1.597501e+00 -0.991901 0.012766 0.040899 0.705979 0.210581 0.021675 0.991901 -0.005801 -0.028731 -0.929348 0.000000 
1.250001e-01 1.003099e-01 9.749842e-02 1.206621e-01 1.000000e-01 1.597501e+00 -0.991901 0.012766 0.040899 0.705979 0.210581 0.021675 0.991901 -0.005801 -0.028731 -0.929348 0.000000 
1.250001e-01 1.003099e-01 9.749842e-02 1.206621e-01 1.000000e-01 1.597501e+00 -0.991901 0.012766 0.040899 0.705979 0.210581 0.021675 0.991901 -0.005801 -0.028731 -0.929348 0.000000 
1.250001e-01 1.003099e-01 9.749842e-02 1.206621e-01 1.000000e-01 1.597501e+00 -0.991901 0.012766 0.040899 0.705979 0.210581 0.021675 0.991901 -0.005801 -0.028731 -0.929348 0.000000 
1.250001e-01 1.003099e-01 9.749842e-02 1.206621e-01 1.000000e-01 1.597501e+00 -0.991901 0.012766 0.040899 0.705979 0.210581 0.021675 0.991901 -0.005801 -0.028731 -0.929348 0.000000 
1.250001e-01 1.003099e-01 9.749842e-02 1.206621e-01 1.000000e-01 1.597501e+00 -0.991901 0.012766 0.040899 0.705979 0.210581 0.021675 0.991901 -0.005801 -0.028731 -0.929348 0.000000 
1.250001e-01 1.003099e-01 9.749842e-02 1.206621e-01 1.000000e-01 1.597501e+00 -0.991901 0.012766 0.040899 0.705979 0.210581 0.021675 0.991901 -0.005801 -0.028731 -0.929348 0.000000 
1.250001e-01 1.003099e-01 9.749842e-02 1.206621e-01 1.000000e-01 1.597501e+00 -0.991901 0.012766 0.040899 0.705979 0.210581 0.021675 0.991901 -0.005801 -0.028731 -0.929348 0.000000 
1.250001e-01 1.003099e-01 9.749842e-02 1.206621e-01 1.000000e-01 1.597501e+00 -0.991901 0.012766 0.040899 0.705979 0.210581 0.021675 0.991901 -0.005801 -0.028731 -0.929348 0.000000 
1.250001e-01 1.003099e-01 9.749842e-02 1.206621e-01 1.000000e-01 1.597501e+00 -0.991901 0.012766 0.040899 0.705979 0.210581 0.021675 0.991901 -0.005801 -0.028731 -0.929348 0.000000 
1.250001e-01 1.003099e-01 9.749842e-02 1.206621e-01 1.000000e-01 1.597501e+00 -0.991901 0.012766 0.040899 0.705979 0.210581 0.021675 0.991901 -0.005801 -0.028731 -0.929348 0.000000 
1.250001e-01 1.003099e-01 9.749842e-02 1.206621e-01 1.000000e-01 1.597501e+00 -0.991901 0.012766 0.040899 0.705979 0.210581 0.021675 0.991901 -0.005801 -0.028731 -0.929348 0.000000 
1.250001e-01 1.003099e-01 9.749842e-02 1.206621e-01 1.000000e-01 1.597501e+00 -0.991901 0.012766 0.040899 0.705979 0.210581 0.021675 0.991901 -0.005801 -0.028731 -0.929348 0.000000 
1.250001e-01 1.003099e-01 9.749842e-02 1.206621e-01 1.000000e-01 1.597501e+00 -0.991901 0.012766 0.040899 0.705979 0.210581 0.021675 0.991901 -0.005801 -0.028731 -0.929348 0.000000 
1.250001e-01 1.003099e-01 9.749842e-02 1.206621e-01 1.000000e-01 1.597501e+00 -0.991901 0.012766 0.040899 0.705979 0.210581 0.021675 0.991901 -0.005801 -0.028731 -0.929348 0.000000 
1.250001e-01 1.003099e-01 9.749842e-02 1.206621e-01 1.000000e-01 1.597501e+00 -0.991901 0.012766 0.040899 0.705979 0.210581 0.021675 0.991901 -0.005801 -0.028731 -0.929348 0.000000 
1.250001e-01 1.003099e-01 9.749842e-02 1.206621e-01 1.000000e-01 1.597501e+00 -0.991901 0.012766 0.040899 0.705979 0.210581 0.021675 0.991901 -0.005801 -0.028731 -0.929348 0.000000 
1.250001e-01 1.003099e-01 9.749842e-02 1.206621e-01 1.000000e-01 1.597501e+00 -0.991901 0.012766 0.040899 0.705979 0.210581 0.021675 0.991901 -0.005801 -0.028731 -0.929348 0.000000 
1.250001e-01 1.003099e-01 9.749842e-02 1.206621e-01 1.000000e-01 1.597501e+00 -0.991901 0.012766 0.040899 0.705979 0.210581 0.021675 0.991901 -0.005801 -0.028731 -0.929348 0.000000 
1.250001e-01 1.003099e-01 9.749842e-02 1.206621e-01 1.000000e-01 1.597501e+00 -0.991901 0.012766 0.040899 0.705979 0.210581 0.021675 0.991901 -0.005801 -0.028731 -0.929348 0.000000 
1.250001e-01 1.003099e-01 9.749842e-02 1.206621e-01 1.000000e-01 1.597501e+00 -0.991901 0.012766 0.040899 0.705979 0.210581 0.021675 0.991901 -0.005801 -0.028731 -0.929348 0.000000 
1.250001e-01 1.003099e-01 9.749842e-02 1.206621e-01 1.000000e-01 1.597501e+00 -0.991901 0.012766 0.040899 0.705979 0.210581 0.021675 0.991901 -0.005801 -0.028731 -0.929348 0.000000 
1.250001e-01 1.003099e-01 9.749842e-02 1.206621e-01 1.000000e-01 1.597501e+00 -0.991901 0.012766 0.040899 0.705979 0.210581 0.021675 0.991901 -0.005801 -0.028731 -0.929348 0.000000 
1.250001e-01 1.003099e-01 9.749842e-02 1.206621e-01 1.000000e-01 1.597501e+00 -0.991901 0.012766 0.040899 0.705979 0.210581 0.021675 0.991901 -0.005801 -0.028731 -0.929348 0.000000 
1.250001e-01 1.003099e-01 9.749842e-02 1.206621e-01 1.000000e-01 1.597501e+00 -0.991901 0.012766 0.040899 0.705979 0.210581 0.021675 0.991901 -0.005801 -0.028731 -0.929348 0.000000 
1.250001e-01 1.003099e-01 9.749842e-02 1.206621e-01 1.000000e-01 1.597501e+00 -0.991901 0.012766 0.040899 0.705979 0.210581 0.021675 0.991901 -0.005801 -0.028731 -0.929348 0.000000 
1.250001e-01 1.003099e-01 9.749842e-02 1.206621e-01 1.000000e-01 1.597501e+00 -0.991901 0.012766 0.040899 0.705979 0.210581 0.021675 0.991901 -0.005801 -0.028731 -0.929348 0.000000 
1.250001e-01 1.003099e-01 9.749842e-02 1.206621e-01 1.000000e-01 1.597501e+00 -0.991901 0.012766 0.040899 0.705979 0.210581 0.021675 0.991901 -0.005801 -0.028731 -0.929348 0.000000 
1.250001e-01 1.003099e-01 9.749842e-02 1.206621e-01 1.000000e-01 1.597501e+00 -0.991901 0.012766 0.040899 0.705979 0.210581 0.021675 0.991901 -0.005801 -0.028731 -0.929348 0.000000 
1.250001e-01 1.003099e-01 9.749842e-02 1.206621e-01 1.000000e-01 1.597501e+00 -0.991901 0.012766 0.040899 0.705979 0.210581 0.021675 0.991901 -0.005801 -0.028731 -0.929348 0.000000 
1.250001e-01 1.003099e-01 9.749842e-02 1.206621e-01 1.000000e-01 1.597501e+00 -0.991901 0.012766 0.040899 0.705979 0.210581 0.021675 0.991901 -0.005801 -0.028731 -0.929348 0.000000 
1.250001e-01 1.003099e-01 9.749842e-02 1.206621e-01 1.000000e-01 1.597501e+00 -0.991901 0.012766 0.040899 0.705979 0.210581 0.021675 0.991901 -0.005801 -0.028731 -0.929348 0.000000 
1.250001e-01 1.003099e-01 9.749842e-02 1.206621e-01 1.000000e-01 1.597501e+00 -0.991901 0.012766 0.040899 0.705979 0.210581 0.021675 0.991901 -0.005801 -0.028731 -0.929348 0.000000 
1.250001e-01 1.003099e-01 9.749842e-02 1.206621e-01 1.000000e-01 1.597501e+00 -0.991901 0.012766 0.040899 0.705979 0.210581 0.021675 0.991901 -0.005801 -0.028731 -0.929348 0.000000 
1.250001e-01 1.003099e-01 9.749842e-02 1.206621e-01 1.000000e-01 1.597501e+00 -0.991901 0.012766 0.040899 0.705979 0.210581 0.021675 0.991901 -0.005801 -0.028731 -0.929348 0.000000 
1.250001e-01 1.003099e-01 9.749842e-02 1.206621e-01 1.000000e-01 1.597501e+00 -0.991901 0.012766 0.040899 0.705979 0.210581 0.021675 0.991901 -0.005801 -0.028731 -0.929348 0.000000 
1.250001e-01 1.003099e-01 9.749842e-02 1.206621e-01 1.000000e-01 1.597501e+00 -0.991901 0.012766 0.040899 0.705979 0.210581 0.021675 0.991901 -0.005801 -0.028731 -0.929348 0.000000 
1.250001e-01 1.003099e-01 9.749842e-02 1.206621e-01 1.000000e-01 1.597501e+00 -0.991901 0.012766 0.040899 0.705979 0.210581 0.021675 0.991901 -0.005801 -0.028731 -0.929348 0.000000 
1.250001e-01 1.003099e-01 9.749842e-02 1.206621e-01 1.000000e-01 1.597501e+00 -0.991901 0.012766 0.040899 0.705979 0.210581 0.021675 0.991901 -0.005801 -0.028731 -0.929348 0.000000 
1.250001e-01 1.003099e-01 9.749842e-02 1.206621e-01 1.000000e-01 1.597501e+00 -0.991901 0.012766 0.040899 0.705979 0.210581 0.021675 0.991901 -0.005801 -0.028731 -0.929348 0.000000 
1.250001e-01 1.003099e-01 9.749842e-02 1.206621e-01 1.000000e-01 1.597501e+00 -0.991901 0.012766 0.040899 0.705979 0.210581 0.021675 0.991901 -0.005801 -0.028731 -0.929348 0.000000 
1.250001e-01 1.003099e-01 9.749842e-02 1.206621e-01 1.000000e-01 1.597501e+00 -0.991901 0.012766 0.040899 0.705979 0.210581 0.021675 0.991901 -0.005801 -0.028731 -0.929348 0.000000 
1.250001e-01 1.003099e-01 9.749842e-02 1.206621e-01 1.000000e-01 1.597501e+00 -0.991901 0.012766 0.040899 0.705979 0.210581 0.021675 0.991901 -0.005801 -0.028731 -0.929348 0.000000 
1.250001e-01 1.003099e-01 9.749842e-02 1.206621e-01 1.000000e-01 1.597501e+00 -0.991901 0.012766 0.040899 0.705979 0.210581 0.021675 0.991901 -0.005801 -0.028731 -0.929348 0.000000 
1.250001e-01 1.003099e-01 9.749842e-02 1.206621e-01 1.000000e-01 1.597501e+00 -0.991901 0.012766 0.040899 0.705979 0.210581 0.021675 0.991901 -0.005801 -0.028731 -0.929348 0.000000 
1.250001e-01 1.003099e-01 9.749842e-02 1.206621e-01 1.000000e-01 1.597501e+00 -0.991901 0.012766 0.040899 0.705979 0.210581 0.021675 0.991901 -0.005801 -0.028731 -0.929348 0.000000 
1.250001e-01 1.003099e-01 9.749842e-02 1.206621e-01 1.000000e-01 1.597501e+00 -0.991901 0.012766 0.040899 0.705979 0.210581 0.021675 0.991901 -0.005801 -0.028731 -0.929348 0.000000 
1.250001e-01 1.003099e-01 9.749842e-02 1.206621e-01 1.000000e-01 1.597501e+00 -0.991901 0.012766 0.040899 0.705979 0.210581 0.021675 0.991901 -0.005801 -0.028731 -0.929348 0.000000 
1.250001e-01 1.003099e-01 9.749842e-02 1.206621e-01 1.000000e-01 1.597501e+00 -0.991901 0.012766 0.040899 0.705979 0.210581 0.021675 0.991901 -0.005801 -0.028731 -0.929348 0.000000 
1.250001e-01 1.003099e-01 9.749842e-02 1.206621e-01 1.000000e-01 1.597501e+00 -0.991901 0.012766 0.040899 0.705979 0.210581 0.021675 0.991901 -0.005801 -0.028731 -0.929348 0.000000 
1.250001e-01 1.003099e-01 9.749842e-02 1.206621e-01 1.000000e-01 1.597501e+00 -0.991901 0.012766 0.040899 0.705979 0.210581 0.021675 0.991901 -0.005801 -0.028731 -0.929348 0.000000 
1.250001e-01 1.003099e-01 9.749842e-02 1.206621e-01 1.000000e-01 1.597501e+00 -0.991901 0.012766 0.040899 0.705979 0.210581 0.021675 0.991901 -0.005801 -0.028731 -0.929348 0.000000 
1.250001e-01 1.003099e-01 9.749842e-02 1.206621e-01 1.000000e-01 1.597501e+00 -0.991901 0.012766 0.040899 0.705979 0.210581 0.021675 0.991901 -0.005801 -0.028731 -0.929348 0.000000 
1.250001e-01 1.003099e-01 9.749842e-02 1.206621e-01 1.000000e-01 1.597501e+00 -0.991901 0.012766 0.040899 0.705979 0.210581 0.021675 0.991901 -0.005801 -0.028731 -0.929348 0.000000 
1.250001e-01 1.003099e-01 9.749842e-02 1.206621e-01 1.000000e-01 1.597501e+00 -0.991901 0.012766 0.040899 0.705979 0.210581 0.021675 0.991901 -0.005801 -0.028731 -0.929348 0.000000 
1.250001e-01 1.003099e-01 9.749842e-02 1.206621e-01 1.000000e-01 1.597501e+00 -0.991901 0.012766 0.040899 0.705979 0.210581 0.021675 0.991901 -0.005801 -0.028731 -0.929348 0.000000 
1.250001e-01 1.003099e-01 9.749842e-02 1.206621e-01 1.000000e-01 1.597501e+00 -0.991901 0.012766 0.040899 0.705979 0.210581 0.021675 0.991901 -0.005801 -0.028731 -0.929348 0.000000 
1.250001e-01 1.003099e-01 9.749842e-02 1.206621e-01 1.000000e-01 1.597501e+00 -0.991901 0.012766 0.040899 0.705979 0.210581 0.021675 0.991901 -0.005801 -0.028731 -0.929348 0.000000 
1.250001e-01 1.003099e-01 9.749842e-02 1.206621e-01 1.000000e-01 1.597501e+00 -0.991901 0.012766 0.040899 0.705979 0.210581 0.021675 0.991901 -0.005801 -0.028731 -0.929348 0.000000 
1.250001e-01 1.003099e-01 9.749842e-02 1.206621e-01 1.000000e-01 1.597501e+00 -0.991901 0.012766 0.040899 0.705979 0.210581 0.021675 0.991901 -0.005801 -0.028731 -0.929348 0.000000 
1.250001e-01 1.003099e-01 9.749842e-02 1.206621e-01 1.000000e-01 1.597501e+00 -0.991901 0.012766 0.040899 0.705979 0.210581 0.021675 0.991901 -0.005801 -0.028731 -0.929348 0.000000 
1.250001e-01 1.003099e-01 9.749842e-02 1.206621e-01 1.000000e-01 1.597501e+00 -0.991901 0.012766 0.040899 0.705979 0.210581 0.021675 0.991901 -0.005801 -0.028731 -0.929348 0.000000 
1.250001e-01 1.003099e-01 9.749842e-02 1.206621e-01 1.000000e-01 1.597501e+00 -0.991901 0.012766 0.040899 0.705979 0.210581 0.021675 0.991901 -0.005801 -0.028731 -0.929348 0.000000 
1.250001e-01 1.003099e-01 9.749842e-02 1.206621e-01 1.000000e-01 1.597501e+00 -0.991901 0.012766 0.040899 0.705979 0.210581 0.021675 0.991901 -0.005801 -0.028731 -0.929348 0.000000 
1.250001e-01 1.003099e-01 9.749842e-02 1.206621e-01 1.000000e-01 1.597501e+00 -0.991901 0.012766 0.040899 0.705979 0.210581 0.021675 0.991901 -0.005801 -0.028731 -0.929348 0.000000 
1.250001e-01 1.003099e-01 9.749842e-02 1.206621e-01 1.000000e-01 1.597501e+00 -0.991901 0.012766 0.040899 0.705979 0.210581 0.021675 0.991901 -0.005801 -0.028731 -0.929348 0.000000 
1.250001e-01 1.003099e-01 9.749842e-02 1.206621e-01 1.000000e-01 1.597501e+00 -0.991901 0.012766 0.040899 0.705979 0.210581 0.021675 0.991901 -0.005801 -0.028731 -0.929348 0.000000 
1.250001e-01 1.003099e-01 9.749842e-02 1.206621e-01 1.000000e-01 1.597501e+00 -0.991901 0.012766 0.040899 0.705979 0.210581 0.021675 0.991901 -0.005801 -0.028731 -0.929348 0.000000 
1.250001e-01 1.003099e-01 9.749842e-02 1.206621e-01 1.000000e-01 1.597501e+00 -0.991901 0.012766 0.040899 0.705979 0.210581 0.021675 0.991901 -0.005801 -0.028731 -0.929348 0.000000 
1.250001e-01 1.003099e-01 9.749842e-02 1.206621e-01 1.000000e-01 1.597501e+00 -0.991901 0.012766 0.040899 0.705979 0.210581 0.021675 0.991901 -0.005801 -0.028731 -0.929348 0.000000 
1.250001e-01 1.003099e-01 9.749842e-02 1.206621e-01 1.000000e-01 1.597501e+00 -0.991901 0.012766 0.040899 0.705979 0.210581 0.021675 0.991901 -0.005801 -0.028731 -0.929348 0.000000 
1.250001e-01 1.003099e-01 9.749842e-02 1.206621e-01 1.000000e-01 1.597501e+00 -0.991901 0.012766 0.040899 0.705979 0.210581 0.021675 0.991901 -0.005801 -0.028731 -0.929348 0.000000 
1.250001e-01 1.003099e-01 9.749842e-02 1.206621e-01 1.000000e-01 1.597501e+00 -0.991901 0.012766 0.040899 0.705979 0.210581 0.021675 0.991901 -0.005801 -0.028731 -0.929348 0.000000 
1.250001e-01 1.003099e-01 9.749842e-02 1.206621e-01 1.000000e-01 1.597501e+00 -0.991901 0.012766 0.040899 0.705979 0.210581 0.021675 0.991901 -0.005801 -0.028731 -0.929348 0.000000 
1.250001e-01 1.003099e-01 9.749842e-02 1.206621e-01 1.000000e-01 1.597501e+00 -0.991901 0.012766 0.040899 0.705979 0.210581 0.021675 0.991901 -0.005801 -0.028731 -0.929348 0.000000 
1.250001e-01 1.003099e-01 9.749842e-02 1.206621e-01 1.000000e-01 1.597501e+00 -0.991901 0.012766 0.040899 0.705979 0.210581 0.021675 0.991901 -0.005801 -0.028731 -0.929348 0.000000 
1.250001e-01 1.003099e-01 9.749842e-02 1.206621e-01 1.000000e-01 1.597501e+00 -0.991901 0.012766 0.040899 0.705979 0.210581 0.021675 0.991901 -0.005801 -0.028731 -0.929348 0.000000 
1.250001e-01 1.003099e-01 9.749842e-02 1.206621e-01 1.000000e-01 1.597501e+00 -0.991901 0.012766 0.040899 0.705979 0.210581 0.021675 0.991901 -0.005801 -0.028731 -0.929348 0.000000 
1.250001e-01 1.003099e-01 9.749842e-02 1.206621e-01 1.000000e-01 1.597501e+00 -0.991901 0.012766 0.040899 0.705979 0.210581 0.021675 0.991901 -0.005801 -0.028731 -0.929348 0.000000 
1.250001e-01 1.003099e-01 9.749842e-02 1.206621e-01 1.000000e-01 1.597501e+00 -0.991901 0.012766 0.040899 0.705979 0.210581 0.021675 0.991901 -0.005801 -0.028731 -0.929348 0.000000 
1.250001e-01 1.003099e-01 9.749842e-02 1.206621e-01 1.000000e-01 1.597501e+00 -0.991901 0.012766 0.040899 0.705979 0.210581 0.021675 0.991901 -0.005801 -0.028731 -0.929348 0.000000 
1.250001e-01 1.003099e-01 9.749842e-02 1.206621e-01 1.000000e-01 1.597501e+00 -0.991901 0.012766 0.040899 0.705979 0.210581 0.021675 0.991901 -0.005801 -0.028731 -0.929348 0.000000 
1.250001e-01 1.003099e-01 9.749842e-02 1.206621e-01 1.000000e-01 1.597501e+00 -0.991901 0.012766 0.040899 0.705979 0.210581 0.021675 0.991901 -0.005801 -0.028731 -0.929348 0.000000 
1.250001e-01 1.003099e-01 9.749842e-02 1.206621e-01 1.000000e-01 1.597501e+00 -0.991901 0.012766 0.040899 0.705979 0.210581 0.021675 0.991901 -0.005801 -0.028731 -0.929348 0.000000 
1.250001e-01 1.003099e-01 9.749842e-02 1.206621e-01 1.000000e-01 1.597501e+00 -0.991901 0.012766 0.040899 0.705979 0.210581 0.021675 0.991901 -0.005801 -0.028731 -0.929348 0.000000 
1.250001e-01 1.003099e-01 9.749842e-02 1.206621e-01 1.000000e-01 1.597501e+00 -0.991901 0.012766 0.040899 0.705979 0.210581 0.021675 0.991901 -0.005801 -0.028731 -0.929348 0.000000 
1.250001e-01 1.003099e-01 9.749842e-02 1.206621e-01 1.000000e-01 1.597501e+00 -0.991901 0.012766 0.040899 0.705979 0.210581 0.021675 0.991901 -0.005801 -0.028731 -0.929348 0.000000 
1.250001e-01 1.003099e-01 9.749842e-02 1.206621e-01 1.000000e-01 1.597501e+00 -0.991901 0.012766 0.040899 0.705979 0.210581 0.021675 0.991901 -0.005801 -0.028731 -0.929348 0.000000 
1.250001e-01 1.003099e-01 9.749842e-02 1.206621e-01 1.000000e-01 1.597501e+00 -0.991901 0.012766 0.040899 0.705979 0.210581 0.021675 0.991901 -0.005801 -0.028731 -0.929348 0.000000 
1.250001e-01 1.003099e-01 9.749842e-02 1.206621e-01 1.000000e-01 1.597501e+00 -0.991901 0.012766 0.040899 0.705979 0.210581 0.021675 0.991901 -0.005801 -0.028731 -0.929348 0.000000 
1.250001e-01 1.003099e-01 9.749842e-02 1.206621e-01 1.000000e-01 1.597501e+00 -0.991901 0.012766 0.040899 0.705979 0.210581 0.021675 0.991901 -0.005801 -0.028731 -0.929348 0.000000 
1.250001e-01 1.003099e-01 9.749842e-02 1.206621e-01 1.000000e-01 1.597501e+00 -0.991901 0.012766 0.040899 0.705979 0.210581 0.021675 0.991901 -0.005801 -0.028731 -0.929348 0.000000 
1.250001e-01 1.003099e-01 9.749842e-02 1.206621e-01 1.000000e-01 1.597501e+00 -0.991901 0.012766 0.040899 0.705979 0.210581 0.021675 0.991901 -0.005801 -0.028731 -0.929348 0.000000 
1.250001e-01 1.003099e-01 9.749842e-02 1.206621e-01 1.000000e-01 1.597501e+00 -0.991901 0.012766 0.040899 0.705979 0.210581 0.021675 0.991901 -0.005801 -0.028731 -0.929348 0.000000 
1.250001e-01 1.003099e-01 9.749842e-02 1.206621e-01 1.000000e-01 1.597501e+00 -0.991901 0.012766 0.040899 0.705979 0.210581 0.021675 0.991901 -0.005801 -0.028731 -0.929348 0.000000 
1.250001e-01 1.003099e-01 9.749842e-02 1.206621e-01 1.000000e-01 1.597501e+00 -0.991901 0.012766 0.040899 0.705979 0.210581 0.021675 0.991901 -0.005801 -0.028731 -0.929348 0.000000 
1.250001e-01 1.003099e-01 9.749842e-02 1.206621e-01 1.000000e-01 1.597501e+00 -0.991901 0.012766 0.040899 0.705979 0.210581 0.021675 0.991901 -0.005801 -0.028731 -0.929348 0.000000 
1.250001e-01 1.003099e-01 9.749842e-02 1.206621e-01 1.000000e-01 1.597501e+00 -0.991901 0.012766 0.040899 0.705979 0.210581 0.021675 0.991901 -0.005801 -0.028731 -0.929348 0.000000 
1.250001e-01 1.003099e-01 9.749842e-02 1.206621e-01 1.000000e-01 1.597501e+00 -0.991901 0.012766 0.040899 0.705979 0.210581 0.021675 0.991901 -0.005801 -0.028731 -0.929348 0.000000 
1.250001e-01 1.003099e-01 9.749842e-02 1.206621e-01 1.000000e-01 1.597501e+00 -0.991901 0.012766 0.040899 0.705979 0.210581 0.021675 0.991901 -0.005801 -0.028731 -0.929348 0.000000 
1.250001e-01 1.003099e-01 9.749842e-02 1.206621e-01 1.000000e-01 1.597501e+00 -0.991901 0.012766 0.040899 0.705979 0.210581 0.021675 0.991901 -0.005801 -0.028731 -0.929348 0.000000 
1.250001e-01 1.003099e-01 9.749842e-02 1.206621e-01 1.000000e-01 1.597501e+00 -0.991901 0.012766 0.040899 0.705979 0.210581 0.021675 0.991901 -0.005801 -0.028731 -0.929348 0.000000 
1.250001e-01 1.003099e-01 9.749842e-02 1.206621e-01 1.000000e-01 1.597501e+00 -0.991901 0.012766 0.040899 0.705979 0.210581 0.021675 0.991901 -0.005801 -0.028731 -0.929348 0.000000 
1.250001e-01 1.003099e-01 9.749842e-02 1.206621e-01 1.000000e-01 1.597501e+00 -0.991901 0.012766 0.040899 0.705979 0.210581 0.021675 0.991901 -0.005801 -0.028731 -0.929348 0.000000 
1.250001e-01 1.003099e-01 9.749842e-02 1.206621e-01 1.000000e-01 1.597501e+00 -0.991901 0.012766 0.040899 0.705979 0.210581 0.021675 0.991901 -0.005801 -0.028731 -0.929348 0.000000 
1.250001e-01 1.003099e-01 9.749842e-02 1.206621e-01 1.000000e-01 1.597501e+00 -0.991901 0.012766 0.040899 0.705979 0.210581 0.021675 0.991901 -0.005801 -0.028731 -0.929348 0.000000 
1.250001e-01 1.003099e-01 9.749842e-02 1.206621e-01 1.000000e-01 1.597501e+00 -0.991901 0.012766 0.040899 0.705979 0.210581 0.021675 0.991901 -0.005801 -0.028731 -0.929348 0.000000 
1.250001e-01 1.003099e-01 9.749842e-02 1.206621e-01 1.000000e-01 1.597501e+00 -0.991901 0.012766 0.040899 0.705979 0.210581 0.021675 0.991901 -0.005801 -0.028731 -0.929348 0.000000 
1.250001e-01 1.003099e-01 9.749842e-02 1.206621e-01 1.000000e-01 1.597501e+00 -0.991901 0.012766 0.040899 0.705979 0.210581 0.021675 0.991901 -0.005801 -0.028731 -0.929348 0.000000 
1.250001e-01 1.003099e-01 9.749842e-02 1.206621e-01 1.000000e-01 1.597501e+00 -0.991901 0.012766 0.040899 0.705979 0.210581 0.021675 0.991901 -0.005801 -0.028731 -0.929348 0.000000 
1.250001e-01 1.003099e-01 9.749842e-02 1.206621e-01 1.000000e-01 1.597501e+00 -0.991901 0.012766 0.040899 0.705979 0.210581 0.021675 0.991901 -0.005801 -0.028731 -0.929348 0.000000 
1.250001e-01 1.003099e-01 9.749842e-02 1.206621e-01 1.000000e-01 1.597501e+00 -0.991901 0.012766 0.040899 0.705979 0.210581 0.021675 0.991901 -0.005801 -0.028731 -0.929348 0.000000 
1.250001e-01 1.003099e-01 9.749842e-02 1.206621e-01 1.000000e-01 1.597501e+00 -0.991901 0.012766 0.040899 0.705979 0.210581 0.021675 0.991901 -0.005801 -0.028731 -0.929348 0.000000 
1.250001e-01 1.003099e-01 9.749842e-02 1.206621e-01 1.000000e-01 1.597501e+00 -0.991901 0.012766 0.040899 0.705979 0.210581 0.021675 0.991901 -0.005801 -0.028731 -0.929348 0.000000 
1.250001e-01 1.003099e-01 9.749842e-02 1.206621e-01 1.000000e-01 1.597501e+00 -0.991901 0.012766 0.040899 0.705979 0.210581 0.021675 0.991901 -0.005801 -0.028731 -0.929348 0.000000 
1.250001e-01 1.003099e-01 9.749842e-02 1.206621e-01 1.000000e-01 1.597501e+00 -0.991901 0.012766 0.040899 0.705979 0.210581 0.021675 0.991901 -0.005801 -0.028731 -0.929348 0.000000 
1.250001e-01 1.003099e-01 9.749842e-02 1.206621e-01 1.000000e-01 1.597501e+00 -0.991901 0.012766 0.040899 0.705979 0.210581 0.021675 0.991901 -0.005801 -0.028731 -0.929348 0.000000 
1.250001e-01 1.003099e-01 9.749842e-02 1.206621e-01 1.000000e-01 1.597501e+00 -0.991901 0.012766 0.040899 0.705979 0.210581 0.021675 0.991901 -0.005801 -0.028731 -0.929348 0.000000 
1.250001e-01 1.003099e-01 9.749842e-02 1.206621e-01 1.000000e-01 1.597501e+00 -0.991901 0.012766 0.040899 0.705979 0.210581 0.021675 0.991901 -0.005801 -0.028731 -0.929348 0.000000 
1.250001e-01 1.003099e-01 9.749842e-02 1.206621e-01 1.000000e-01 1.597501e+00 -0.991901 0.012766 0.040899 0.705979 0.210581 0.021675 0.991901 -0.005801 -0.028731 -0.929348 0.000000 
1.250001e-01 1.003099e-01 9.749842e-02 1.206621e-01 1.000000e-01 1.597501e+00 -0.991901 0.012766 0.040899 0.705979 0.210581 0.021675 0.991901 -0.005801 -0.028731 -0.929348 0.000000 
1.250001e-01 1.003099e-01 9.749842e-02 1.206621e-01 1.000000e-01 1.597501e+00 -0.991901 0.012766 0.040899 0.705979 0.210581 0.021675 0.991901 -0.005801 -0.028731 -0.929348 0.000000 
1.250001e-01 1.003099e-01 9.749842e-02 1.206621e-01 1.000000e-01 1.597501e+00 -0.991901 0.012766 0.040899 0.705979 0.210581 0.021675 0.991901 -0.005801 -0.028731 -0.929348 0.000000 
1.250001e-01 1.003099e-01 9.749842e-02 1.206621e-01 1.000000e-01 1.597501e+00 -0.991901 0.012766 0.040899 0.705979 0.210581 0.021675 0.991901 -0.005801 -0.028731 -0.929348 0.000000 
1.250001e-01 1.003099e-01 9.749842e-02 1.206621e-01 1.000000e-01 1.597501e+00 -0.991901 0.012766 0.040899 0.705979 0.210581 0.021675 0.991901 -0.005801 -0.028731 -0.929348 0.000000 
1.250001e-01 1.003099e-01 9.749842e-02 1.206621e-01 1.000000e-01 1.597501e+00 -0.991901 0.012766 0.040899 0.705979 0.210581 0.021675 0.991901 -0.005801 -0.028731 -0.929348 0.000000 
1.250001e-01 1.003099e-01 9.749842e-02 1.206621e-01 1.000000e-01 1.597501e+00 -0.991901 0.012766 0.040899 0.705979 0.210581 0.021675 0.991901 -0.005801 -0.028731 -0.929348 0.000000 
1.250001e-01 1.003099e-01 9.749842e-02 1.206621e-01 1.000000e-01 1.597501e+00 -0.991901 0.012766 0.040899 0.705979 0.210581 0.021675 0.991901 -0.005801 -0.028731 -0.929348 0.000000 
1.250001e-01 1.003099e-01 9.749842e-02 1.206621e-01 1.000000e-01 1.597501e+00 -0.991901 0.012766 0.040899 0.705979 0.210581 0.021675 0.991901 -0.005801 -0.028731 -0.929348 0.000000 
1.250001e-01 1.003099e-01 9.749842e-02 1.206621e-01 1.000000e-01 1.597501e+00 -0.991901 0.012766 0.040899 0.705979 0.210581 0.021675 0.991901 -0.005801 -0.028731 -0.929348 0.000000 
1.250001e-01 1.003099e-01 9.749842e-02 1.206621e-01 1.000000e-01 1.597501e+00 -0.991901 0.012766 0.040899 0.705979 0.210581 0.021675 0.991901 -0.005801 -0.028731 -0.929348 0.000000 
1.250001e-01 1.003099e-01 9.749842e-02 1.206621e-01 1.000000e-01 1.597501e+00 -0.991901 0.012766 0.040899 0.705979 0.210581 0.021675 0.991901 -0.005801 -0.028731 -0.929348 0.000000 
1.250001e-01 1.003099e-01 9.749842e-02 1.206621e-01 1.000000e-01 1.597501e+00 -0.991901 0.012766 0.040899 0.705979 0.210581 0.021675 0.991901 -0.005801 -0.028731 -0.929348 0.000000 
1.250001e-01 1.003099e-01 9.749842e-02 1.206621e-01 1.000000e-01 1.597501e+00 -0.991901 0.012766 0.040899 0.705979 0.210581 0.021675 0.991901 -0.005801 -0.028731 -0.929348 0.000000 
1.250001e-01 1.003099e-01 9.749842e-02 1.206621e-01 1.000000e-01 1.597501e+00 -0.991901 0.012766 0.040899 0.705979 0.210581 0.021675 0.991901 -0.005801 -0.028731 -0.929348 0.000000 
1.250001e-01 1.003099e-01 9.749842e-02 1.206621e-01 1.000000e-01 1.597501e+00 -0.991901 0.012766 0.040899 0.705979 0.210581 0.021675 0.991901 -0.005801 -0.028731 -0.929348 0.000000 
1.250001e-01 1.003099e-01 9.749842e-02 1.206621e-01 1.000000e-01 1.597501e+00 -0.991901 0.012766 0.040899 0.705979 0.210581 0.021675 0.991901 -0.005801 -0.028731 -0.929348 0.000000 
1.250001e-01 1.003099e-01 9.749842e-02 1.206621e-01 1.000000e-01 1.597501e+00 -0.991901 0.012766 0.040899 0.705979 0.210581 0.021675 0.991901 -0.005801 -0.028731 -0.929348 0.000000 
1.250001e-01 1.003099e-01 9.749842e-02 1.206621e-01 1.000000e-01 1.597501e+00 -0.991901 0.012766 0.040899 0.705979 0.210581 0.021675 0.991901 -0.005801 -0.028731 -0.929348 0.000000 
1.250001e-01 1.003099e-01 9.749842e-02 1.206621e-01 1.000000e-01 1.597501e+00 -0.991901 0.012766 0.040899 0.705979 0.210581 0.021675 0.991901 -0.005801 -0.028731 -0.929348 0.000000 
1.250001e-01 1.003099e-01 9.749842e-02 1.206621e-01 1.000000e-01 1.597501e+00 -0.991901 0.012766 0.040899 0.705979 0.210581 0.021675 0.991901 -0.005801 -0.028731 -0.929348 0.000000 
1.250001e-01 1.003099e-01 9.749842e-02 1.206621e-01 1.000000e-01 1.597501e+00 -0.991901 0.012766 0.040899 0.705979 0.210581 0.021675 0.991901 -0.005801 -0.028731 -0.929348 0.000000 
1.250001e-01 1.003099e-01 9.749842e-02 1.206621e-01 1.000000e-01 1.597501e+00 -0.991901 0.012766 0.040899 0.705979 0.210581 0.021675 0.991901 -0.005801 -0.028731 -0.929348 0.000000 
1.250001e-01 1.003099e-01 9.749842e-02 1.206621e-01 1.000000e-01 1.597501e+00 -0.991901 0.012766 0.040899 0.705979 0.210581 0.021675 0.991901 -0.005801 -0.028731 -0.929348 0.000000 
1.250001e-01 1.003099e-01 9.749842e-02 1.206621e-01 1.000000e-01 1.597501e+00 -0.991901 0.012766 0.040899 0.705979 0.210581 0.021675 0.991901 -0.005801 -0.028731 -0.929348 0.000000 
1.250001e-01 1.003099e-01 9.749842e-02 1.206621e-01 1.000000e-01 1.597501e+00 -0.991901 0.012766 0.040899 0.705979 0.210581 0.021675 0.991901 -0.005801 -0.028731 -0.929348 0.000000 
1.250001e-01 1.003099e-01 9.749842e-02 1.206621e-01 1.000000e-01 1.597501e+00 -0.991901 0.012766 0.040899 0.705979 0.210581 0.021675 0.991901 -0.005801 -0.028731 -0.929348 0.000000 
1.250001e-01 1.003099e-01 9.749842e-02 1.206621e-01 1.000000e-01 1.597501e+00 -0.991901 0.012766 0.040899 0.705979 0.210581 0.021675 0.991901 -0.005801 -0.028731 -0.929348 0.000000 
1.250001e-01 1.003099e-01 9.749842e-02 1.206621e-01 1.000000e-01 1.597501e+00 -0.991901 0.012766 0.040899 0.705979 0.210581 0.021675 0.991901 -0.005801 -0.028731 -0.929348 0.000000 
1.250001e-01 1.003099e-01 9.749842e-02 1.206621e-01 1.000000e-01 1.597501e+00 -0.991901 0.012766 0.040899 0.705979 0.210581 0.021675 0.991901 -0.005801 -0.028731 -0.929348 0.000000 
1.250001e-01 1.003099e-01 9.749842e-02 1.206621e-01 1.000000e-01 1.597501e+00 -0.991901 0.012766 0.040899 0.705979 0.210581 0.021675 0.991901 -0.005801 -0.028731 -0.929348 0.000000 
1.250001e-01 1.003099e-01 9.749842e-02 1.206621e-01 1.000000e-01 1.597501e+00 -0.991901 0.012766 0.040899 0.705979 0.210581 0.021675 0.991901 -0.005801 -0.028731 -0.929348 0.000000 
1.250001e-01 1.003099e-01 9.749842e-02 1.206621e-01 1.000000e-01 1.597501e+00 -0.991901 0.012766 0.040899 0.705979 0.210581 0.021675 0.991901 -0.005801 -0.028731 -0.929348 0.000000 
1.250001e-01 1.003099e-01 9.749842e-02 1.206621e-01 1.000000e-01 1.597501e+00 -0.991901 0.012766 0.040899 0.705979 0.210581 0.021675 0.991901 -0.005801 -0.028731 -0.929348 0.000000 
1.250001e-01 1.003099e-01 9.749842e-02 1.206621e-01 1.000000e-01 1.597501e+00 -0.991901 0.012766 0.040899 0.705979 0.210581 0.021675 0.991901 -0.005801 -0.028731 -0.929348 0.000000 
1.250001e-01 1.003099e-01 9.749842e-02 1.206621e-01 1.000000e-01 1.597501e+00 -0.991901 0.012766 0.040899 0.705979 0.210581 0.021675 0.991901 -0.005801 -0.028731 -0.929348 0.000000 
1.250001e-01 1.003099e-01 9.749842e-02 1.206621e-01 1.000000e-01 1.597501e+00 -0.991901 0.012766 0.040899 0.705979 0.210581 0.021675 0.991901 -0.005801 -0.028731 -0.929348 0.000000 
1.250001e-01 1.003099e-01 9.749842e-02 1.206621e-01 1.000000e-01 1.597501e+00 -0.991901 0.012766 0.040899 0.705979 0.210581 0.021675 0.991901 -0.005801 -0.028731 -0.929348 0.000000 
1.250001e-01 1.003099e-01 9.749842e-02 1.206621e-01 1.000000e-01 1.597501e+00 -0.991901 0.012766 0.040899 0.705979 0.210581 0.021675 0.991901 -0.005801 -0.028731 -0.929348 0.000000 
1.250001e-01 1.003099e-01 9.749842e-02 1.206621e-01 1.000000e-01 1.597501e+00 -0.991901 0.012766 0.040899 0.705979 0.210581 0.021675 0.991901 -0.005801 -0.028731 -0.929348 0.000000 
1.250001e-01 1.003099e-01 9.749842e-02 1.206621e-01 1.000000e-01 1.597501e+00 -0.991901 0.012766 0.040899 0.705979 0.210581 0.021675 0.991901 -0.005801 -0.028731 -0.929348 0.000000 
1.250001e-01 1.003099e-01 9.749842e-02 1.206621e-01 1.000000e-01 1.597501e+00 -0.991901 0.012766 0.040899 0.705979 0.210581 0.021675 0.991901 -0.005801 -0.028731 -0.929348 0.000000 
1.250001e-01 1.003099e-01 9.749842e-02 1.206621e-01 1.000000e-01 1.597501e+00 -0.991901 0.012766 0.040899 0.705979 0.210581 0.021675 0.991901 -0.005801 -0.028731 -0.929348 0.000000 
1.250001e-01 1.003099e-01 9.749842e-02 1.206621e-01 1.000000e-01 1.597501e+00 -0.991901 0.012766 0.040899 0.705979 0.210581 0.021675 0.991901 -0.005801 -0.028731 -0.929348 0.000000 
1.250001e-01 1.003099e-01 9.749842e-02 1.206621e-01 1.000000e-01 1.597501e+00 -0.991901 0.012766 0.040899 0.705979 0.210581 0.021675 0.991901 -0.005801 -0.028731 -0.929348 0.000000 
1.250001e-01 1.003099e-01 9.749842e-02 1.206621e-01 1.000000e-01 1.597501e+00 -0.991901 0.012766 0.040899 0.705979 0.210581 0.021675 0.991901 -0.005801 -0.028731 -0.929348 0.000000 
1.250001e-01 1.003099e-01 9.749842e-02 1.206621e-01 1.000000e-01 1.597501e+00 -0.991901 0.012766 0.040899 0.705979 0.210581 0.021675 0.991901 -0.005801 -0.028731 -0.929348 0.000000 
1.250001e-01 1.003099e-01 9.749842e-02 1.206621e-01 1.000000e-01 1.597501e+00 -0.991901 0.012766 0.040899 0.705979 0.210581 0.021675 0.991901 -0.005801 -0.028731 -0.929348 0.000000 
1.250001e-01 1.003099e-01 9.749842e-02 1.206621e-01 1.000000e-01 1.597501e+00 -0.991901 0.012766 0.040899 0.705979 0.210581 0.021675 0.991901 -0.005801 -0.028731 -0.929348 0.000000 
1.250001e-01 1.003099e-01 9.749842e-02 1.206621e-01 1.000000e-01 1.597501e+00 -0.991901 0.012766 0.040899 0.705979 0.210581 0.021675 0.991901 -0.005801 -0.028731 -0.929348 0.000000 
1.250001e-01 1.003099e-01 9.749842e-02 1.206621e-01 1.000000e-01 1.597501e+00 -0.991901 0.012766 0.040899 0.705979 0.210581 0.021675 0.991901 -0.005801 -0.028731 -0.929348 0.000000 
1.250001e-01 1.003099e-01 9.749842e-02 1.206621e-01 1.000000e-01 1.597501e+00 -0.991901 0.012766 0.040899 0.705979 0.210581 0.021675 0.991901 -0.005801 -0.028731 -0.929348 0.000000 
1.250001e-01 1.003099e-01 9.749842e-02 1.206621e-01 1.000000e-01 1.597501e+00 -0.991901 0.012766 0.040899 0.705979 0.210581 0.021675 0.991901 -0.005801 -0.028731 -0.929348 0.000000 
1.250001e-01 1.003099e-01 9.749842e-02 1.206621e-01 1.000000e-01 1.597501e+00 -0.991901 0.012766 0.040899 0.705979 0.210581 0.021675 0.991901 -0.005801 -0.028731 -0.929348 0.000000 
1.250001e-01 1.003099e-01 9.749842e-02 1.206621e-01 1.000000e-01 1.597501e+00 -0.991901 0.012766 0.040899 0.705979 0.210581 0.021675 0.991901 -0.005801 -0.028731 -0.929348 0.000000 
1.250001e-01 1.003099e-01 9.749842e-02 1.206621e-01 1.000000e-01 1.597501e+00 -0.991901 0.012766 0.040899 0.705979 0.210581 0.021675 0.991901 -0.005801 -0.028731 -0.929348 0.000000 
1.250001e-01 1.003099e-01 9.749842e-02 1.206621e-01 1.000000e-01 1.597501e+00 -0.991901 0.012766 0.040899 0.705979 0.210581 0.021675 0.991901 -0.005801 -0.028731 -0.929348 0.000000 
1.250001e-01 1.003099e-01 9.749842e-02 1.206621e-01 1.000000e-01 1.597501e+00 -0.991901 0.012766 0.040899 0.705979 0.210581 0.021675 0.991901 -0.005801 -0.028731 -0.929348 0.000000 
1.250001e-01 1.003099e-01 9.749842e-02 1.206621e-01 1.000000e-01 1.597501e+00 -0.991901 0.012766 0.040899 0.705979 0.210581 0.021675 0.991901 -0.005801 -0.028731 -0.929348 0.000000 
1.250001e-01 1.003099e-01 9.749842e-02 1.206621e-01 1.000000e-01 1.597501e+00 -0.991901 0.012766 0.040899 0.705979 0.210581 0.021675 0.991901 -0.005801 -0.028731 -0.929348 0.000000 
1.250001e-01 1.003099e-01 9.749842e-02 1.206621e-01 1.000000e-01 1.597501e+00 -0.991901 0.012766 0.040899 0.705979 0.210581 0.021675 0.991901 -0.005801 -0.028731 -0.929348 0.000000 
1.250001e-01 1.003099e-01 9.749842e-02 1.206621e-01 1.000000e-01 1.597501e+00 -0.991901 0.012766 0.040899 0.705979 0.210581 0.021675 0.991901 -0.005801 -0.028731 -0.929348 0.000000 
1.250001e-01 1.003099e-01 9.749842e-02 1.206621e-01 1.000000e-01 1.597501e+00 -0.991901 0.012766 0.040899 0.705979 0.210581 0.021675 0.991901 -0.005801 -0.028731 -0.929348 0.000000 
1.250001e-01 1.003099e-01 9.749842e-02 1.206621e-01 1.000000e-01 1.597501e+00 -0.991901 0.012766 0.040899 0.705979 0.210581 0.021675 0.991901 -0.005801 -0.028731 -0.929348 0.000000 
1.250001e-01 1.003099e-01 9.749842e-02 1.206621e-01 1.000000e-01 1.597501e+00 -0.991901 0.012766 0.040899 0.705979 0.210581 0.021675 0.991901 -0.005801 -0.028731 -0.929348 0.000000 
1.250001e-01 1.003099e-01 9.749842e-02 1.206621e-01 1.000000e-01 1.597501e+00 -0.991901 0.012766 0.040899 0.705979 0.210581 0.021675 0.991901 -0.005801 -0.028731 -0.929348 0.000000 
1.250001e-01 1.003099e-01 9.749842e-02 1.206621e-01 1.000000e-01 1.597501e+00 -0.991901 0.012766 0.040899 0.705979 0.210581 0.021675 0.991901 -0.005801 -0.028731 -0.929348 0.000000 
1.250001e-01 1.003099e-01 9.749842e-02 1.206621e-01 1.000000e-01 1.597501e+00 -0.991901 0.012766 0.040899 0.705979 0.210581 0.021675 0.991901 -0.005801 -0.028731 -0.929348 0.000000 
1.250001e-01 1.003099e-01 9.749842e-02 1.206621e-01 1.000000e-01 1.597501e+00 -0.991901 0.012766 0.040899 0.705979 0.210581 0.021675 0.991901 -0.005801 -0.028731 -0.929348 0.000000 
1.250001e-01 1.003099e-01 9.749842e-02 1.206621e-01 1.000000e-01 1.597501e+00 -0.991901 0.012766 0.040899 0.705979 0.210581 0.021675 0.991901 -0.005801 -0.028731 -0.929348 0.000000 
1.250001e-01 1.003099e-01 9.749842e-02 1.206621e-01 1.000000e-01 1.597501e+00 -0.991901 0.012766 0.040899 0.705979 0.210581 0.021675 0.991901 -0.005801 -0.028731 -0.929348 0.000000 
1.250001e-01 1.003099e-01 9.749842e-02 1.206621e-01 1.000000e-01 1.597501e+00 -0.991901 0.012766 0.040899 0.705979 0.210581 0.021675 0.991901 -0.005801 -0.028731 -0.929348 0.000000 
1.250001e-01 1.003099e-01 9.749842e-02 1.206621e-01 1.000000e-01 1.597501e+00 -0.991901 0.012766 0.040899 0.705979 0.210581 0.021675 0.991901 -0.005801 -0.028731 -0.929348 0.000000 
