# TeX TeY TeZ ThX ThY THZ P1 P2
1.050000e-01 1.000000e-01 7.250000e-01 1.050000e-01 1.000000e-01 7.250000e-01 0.000000 0.000000 0.000000 0.000000 0.000000 0.000000 0.000000 0.000000 0.000000 0.000000 0.000000 
1.050000e-01 1.000000e-01 7.130697e-01 1.050000e-01 1.000000e-01 7.335927e-01 -0.013559 0.001740 0.003481 0.003484 0.003503 0.001350 0.013559 -0.001740 -0.003481 -0.003484 0.000000 
1.050000e-01 9.999999e-02 7.010995e-01 1.050000e-01 1.000000e-01 7.421731e-01 -0.027136 0.003483 0.006967 0.006973 0.007012 0.002702 0.027136 -0.003483 -0.006967 -0.006973 0.000000 
1.050000e-01 9.999999e-02 6.890897e-01 1.050000e-01 1.000000e-01 7.507412e-01 -0.040732 0.005228 0.010457 0.010467 0.010524 0.004056 0.040732 -0.005228 -0.010457 -0.010467 0.000000 
1.050000e-01 9.999999e-02 6.770406e-01 1.050000e-01 1.000000e-01 7.592968e-01 -0.054345 0.006975 0.013952 0.013965 0.014042 0.005411 0.054345 -0.006975 -0.013952 -0.013965 0.000000 
1.050000e-01 9.999998e-02 6.649526e-01 1.050000e-01 1.000000e-01 7.678399e-01 -0.067975 0.008724 0.017452 0.017468 0.017564 0.006768 0.067975 -0.008724 -0.017452 -0.017468 0.000000 
1.050000e-01 9.999998e-02 6.528260e-01 1.050000e-01 1.000000e-01 7.763703e-01 -0.081623 0.010476 0.020955 0.020975 0.021090 0.008127 0.081623 -0.010476 -0.020955 -0.020975 0.000000 
1.050000e-01 9.999997e-02 6.406611e-01 1.050000e-01 1.000000e-01 7.848880e-01 -0.095288 0.012229 0.024464 0.024486 0.024620 0.009488 0.095288 -0.012229 -0.024464 -0.024486 0.000000 
1.050000e-01 9.999996e-02 6.284583e-01 1.050000e-01 1.000000e-01 7.933927e-01 -0.108969 0.013985 0.027976 0.028002 0.028155 0.010850 0.108969 -0.013985 -0.027976 -0.028002 0.000000 
1.050000e-01 9.999995e-02 6.162179e-01 1.050000e-01 1.000000e-01 8.018843e-01 -0.122666 0.015743 0.031492 0.031522 0.031695 0.012214 0.122666 -0.015743 -0.031492 -0.031522 0.000000 
1.050000e-01 9.999994e-02 6.039401e-01 1.050000e-01 1.000000e-01 8.103628e-01 -0.136379 0.017503 0.035013 0.035046 0.035238 0.013579 0.136379 -0.017503 -0.035013 -0.035046 0.000000 
1.050000e-01 9.999992e-02 5.916254e-01 1.050000e-01 1.000000e-01 8.188281e-01 -0.150108 0.019265 0.038538 0.038574 0.038785 0.014947 0.150108 -0.019265 -0.038538 -0.038574 0.000000 
1.050000e-01 9.999991e-02 5.792740e-01 1.050000e-01 1.000000e-01 8.272799e-01 -0.163852 0.021029 0.042066 0.042105 0.042336 0.016315 0.163852 -0.021029 -0.042066 -0.042105 0.000000 
1.050000e-01 9.999988e-02 5.668863e-01 1.050000e-01 1.000000e-01 8.357182e-01 -0.177611 0.022795 0.045599 0.045641 0.045891 0.017685 0.177612 -0.022795 -0.045599 -0.045641 0.000000 
1.050000e-01 9.999986e-02 5.544624e-01 1.050000e-01 1.000000e-01 8.441428e-01 -0.191386 0.024563 0.049135 0.049181 0.049450 0.019057 0.191386 -0.024563 -0.049135 -0.049181 0.000000 
1.050000e-01 9.999982e-02 5.420028e-01 1.050000e-01 1.000000e-01 8.525536e-01 -0.205174 0.026333 0.052675 0.052724 0.053013 0.020430 0.205174 -0.026332 -0.052675 -0.052724 0.000000 
1.050000e-01 9.999978e-02 5.295078e-01 1.050000e-01 1.000000e-01 8.609505e-01 -0.218977 0.028104 0.056219 0.056271 0.056580 0.021804 0.218977 -0.028104 -0.056219 -0.056271 0.000000 
1.050000e-01 9.999974e-02 5.169776e-01 1.050000e-01 1.000000e-01 8.693333e-01 -0.232794 0.029877 0.059766 0.059822 0.060150 0.023180 0.232794 -0.029877 -0.059766 -0.059822 0.000000 
1.050000e-01 9.999968e-02 5.044125e-01 1.050000e-01 1.000000e-01 8.777019e-01 -0.246624 0.031652 0.063317 0.063376 0.063723 0.024557 0.246624 -0.031652 -0.063317 -0.063376 0.000000 
1.050000e-01 9.999961e-02 4.918128e-01 1.050000e-01 1.000000e-01 8.860562e-01 -0.260468 0.033429 0.066871 0.066933 0.067300 0.025935 0.260468 -0.033429 -0.066871 -0.066934 0.000000 
1.050000e-01 9.999952e-02 4.791787e-01 1.050000e-01 1.000000e-01 8.943960e-01 -0.274325 0.035207 0.070428 0.070494 0.070881 0.027315 0.274325 -0.035207 -0.070429 -0.070496 0.000000 
1.050000e-01 9.999942e-02 4.665107e-01 1.050000e-01 1.000000e-01 9.027212e-01 -0.288195 0.036988 0.073989 0.074058 0.074464 0.028696 0.288195 -0.036986 -0.073990 -0.074061 0.000000 
1.050000e-01 9.999929e-02 4.538089e-01 1.050000e-01 1.000000e-01 9.110316e-01 -0.302077 0.038769 0.077553 0.077626 0.078051 0.030078 0.302077 -0.038767 -0.077554 -0.077629 0.000000 
1.050000e-01 9.999913e-02 4.410737e-01 1.050000e-01 1.000000e-01 9.193271e-01 -0.315972 0.040552 0.081120 0.081196 0.081641 0.031462 0.315972 -0.040549 -0.081121 -0.081202 0.000000 
1.050000e-01 9.999894e-02 4.283052e-01 1.050000e-01 1.000000e-01 9.276076e-01 -0.329878 0.042337 0.084691 0.084770 0.085235 0.032847 0.329879 -0.042333 -0.084691 -0.084779 0.000000 
1.050000e-01 9.999871e-02 4.155038e-01 1.050000e-01 1.000000e-01 9.358728e-01 -0.343797 0.044123 0.088264 0.088346 0.088831 0.034233 0.343797 -0.044117 -0.088265 -0.088360 0.000000 
1.050000e-01 9.999843e-02 4.026697e-01 1.050000e-01 1.000000e-01 9.441227e-01 -0.357726 0.045911 0.091840 0.091926 0.092430 0.035620 0.357727 -0.045901 -0.091841 -0.091947 0.000000 
1.050000e-01 9.999808e-02 3.898032e-01 1.050000e-01 1.000000e-01 9.523570e-01 -0.371667 0.047700 0.095419 0.095508 0.096032 0.037008 0.371667 -0.047685 -0.095421 -0.095540 0.000000 
1.050000e-01 9.999766e-02 3.769046e-01 1.050000e-01 1.000000e-01 9.605757e-01 -0.385619 0.049491 0.099001 0.099093 0.099637 0.038397 0.385619 -0.049467 -0.099003 -0.099142 0.000000 
1.050000e-01 9.999714e-02 3.639741e-01 1.050000e-01 1.000000e-01 9.687785e-01 -0.399581 0.051283 0.102585 0.102681 0.103245 0.039787 0.399582 -0.051246 -0.102589 -0.102754 0.000000 
1.050000e-01 9.999651e-02 3.510120e-01 1.050000e-01 1.000000e-01 9.769653e-01 -0.413554 0.053076 0.106172 0.106272 0.106856 0.041179 0.413554 -0.053021 -0.106178 -0.106383 0.000000 
1.050000e-01 9.999574e-02 3.380184e-01 1.050000e-01 1.000000e-01 9.851360e-01 -0.427537 0.054870 0.109762 0.109865 0.110469 0.042571 0.427537 -0.054786 -0.109770 -0.110034 0.000000 
1.050000e-01 9.999479e-02 3.249937e-01 1.050000e-01 1.000000e-01 9.932903e-01 -0.441529 0.056666 0.113354 0.113461 0.114084 0.043965 0.441530 -0.056539 -0.113366 -0.113717 0.000000 
1.050000e-01 9.999363e-02 3.119382e-01 1.050000e-01 1.000000e-01 1.001428e+00 -0.455531 0.058463 0.116949 0.117059 0.117702 0.045359 0.455532 -0.058268 -0.116966 -0.117450 0.000000 
1.050000e-01 9.999221e-02 2.988519e-01 1.050000e-01 1.000000e-01 1.009549e+00 -0.469543 0.060261 0.120546 0.120660 0.121323 0.046754 0.469543 -0.059964 -0.120572 -0.121254 0.000000 
1.050000e-01 9.999047e-02 2.857353e-01 1.050000e-01 1.000000e-01 1.017654e+00 -0.483563 0.062060 0.124145 0.124263 0.124946 0.048150 0.483563 -0.061608 -0.124183 -0.125169 0.000000 
1.050000e-01 9.998834e-02 2.725884e-01 1.050000e-01 1.000000e-01 1.025741e+00 -0.497592 0.063861 0.127747 0.127868 0.128571 0.049547 0.497592 -0.063169 -0.127803 -0.129255 0.000000 
1.050000e-01 9.998574e-02 2.594115e-01 1.050000e-01 1.000000e-01 1.033811e+00 -0.511630 0.065662 0.131350 0.131475 0.132198 0.050945 0.511630 -0.064608 -0.131433 -0.133593 0.000000 
1.050000e-01 9.998257e-02 2.462049e-01 1.050000e-01 1.000000e-01 1.041864e+00 -0.525676 0.067464 0.134956 0.135084 0.135828 0.052344 0.525676 -0.065854 -0.135075 -0.138333 0.000000 
1.050000e-01 9.997871e-02 2.329687e-01 1.050000e-01 1.000000e-01 1.049899e+00 -0.539730 0.069268 0.138564 0.138696 0.139460 0.053744 0.539730 -0.066808 -0.138730 -0.143687 0.000000 
1.050000e-01 9.997404e-02 2.197031e-01 1.050000e-01 1.000000e-01 1.057916e+00 -0.553792 0.071072 0.142173 0.142310 0.143094 0.055144 0.553793 -0.067328 -0.142392 -0.149971 0.000000 
1.050000e-01 9.996845e-02 2.064083e-01 1.050000e-01 1.000000e-01 1.065915e+00 -0.567863 0.072878 0.145785 0.145925 0.146730 0.056546 0.567863 -0.067164 -0.146039 -0.157777 0.000000 
1.050000e-01 9.996183e-02 1.930843e-01 1.050000e-01 1.000000e-01 1.073897e+00 -0.581941 0.074684 0.149399 0.149543 0.150368 0.057948 0.581941 -0.065999 -0.149597 -0.167938 0.000000 
1.050000e-01 9.995417e-02 1.797312e-01 1.050000e-01 1.000000e-01 1.081860e+00 -0.596027 0.076491 0.153015 0.153163 0.154009 0.059351 0.596028 -0.063383 -0.152881 -0.181808 0.000000 
1.050000e-01 9.994569e-02 1.663489e-01 1.050000e-01 1.000000e-01 1.089804e+00 -0.610123 0.078300 0.156633 0.156785 0.157652 0.060755 0.610124 -0.058583 -0.155363 -0.202041 0.000000 
1.050000e-01 9.993732e-02 1.529366e-01 1.050000e-01 1.000000e-01 1.097729e+00 -0.624231 0.080110 0.160254 0.160411 0.161298 0.062160 0.624231 -0.050810 -0.155777 -0.232879 0.000000 
1.050000e-01 9.993299e-02 1.394900e-01 1.050000e-01 1.000000e-01 1.105636e+00 -0.638363 0.081923 0.163881 0.164042 0.164951 0.063568 0.638364 -0.039149 -0.151092 -0.282221 0.000000 
1.050000e-01 9.995007e-02 1.259886e-01 1.050000e-01 1.000000e-01 1.113524e+00 -0.652586 0.083747 0.167531 0.167697 0.168627 0.064985 0.652586 -0.022500 -0.133220 -0.367628 0.000000 
1.050000e-01 1.000544e-01 1.123378e-01 1.050000e-01 1.000000e-01 1.121392e+00 -0.667218 0.085624 0.171286 0.171457 0.172409 0.066443 0.667218 0.000257 -0.082126 -0.526689 0.000000 
1.050000e-01 1.003023e-01 9.826294e-02 1.050000e-01 1.000000e-01 1.129240e+00 -0.683351 0.087694 0.175426 0.175603 0.176579 0.068050 0.683352 0.031704 0.041044 -0.829076 0.000000 
1.050000e-01 1.003099e-01 9.749985e-02 1.050000e-01 1.000000e-01 1.137069e+00 -0.689176 0.088440 0.176920 0.177100 0.178086 0.068631 0.689176 0.033047 0.048972 -0.851517 0.000000 
1.050000e-01 1.003099e-01 9.749985e-02 1.050000e-01 1.000000e-01 1.144878e+00 -0.694335 0.089100 0.178242 0.178426 0.179421 0.069146 0.694335 0.032385 0.047647 -0.852842 0.000000 
1.050000e-01 1.003099e-01 9.749985e-02 1.049999e-01 1.000000e-01 1.152666e+00 -0.699480 0.089759 0.179561 0.179749 0.180753 0.069659 0.699481 0.031725 0.046326 -0.854165 0.000000 
1.050000e-01 1.003099e-01 9.749985e-02 1.049999e-01 1.000000e-01 1.160434e+00 -0.704612 0.090416 0.180876 0.181068 0.182082 0.070172 0.704613 0.031066 0.045009 -0.855483 0.000000 
1.050000e-01 1.003099e-01 9.749985e-02 1.049999e-01 1.000000e-01 1.168182e+00 -0.709731 0.091071 0.182187 0.182383 0.183408 0.070683 0.709731 0.030409 0.043694 -0.856799 0.000000 
1.050000e-01 1.003099e-01 9.749985e-02 1.049999e-01 1.000000e-01 1.175908e+00 -0.714836 0.091723 0.183495 0.183695 0.184731 0.071193 0.714836 0.029754 0.042384 -0.858110 0.000000 
1.050000e-01 1.003099e-01 9.749985e-02 1.049999e-01 1.000000e-01 1.183613e+00 -0.719926 0.092374 0.184798 0.185004 0.186050 0.071702 0.719927 0.029101 0.041077 -0.859419 0.000000 
1.050000e-01 1.003099e-01 9.749985e-02 1.049999e-01 1.000000e-01 1.191297e+00 -0.725003 0.093022 0.186097 0.186309 0.187366 0.072210 0.725003 0.028449 0.039774 -0.860723 0.000000 
1.050000e-01 1.003099e-01 9.749985e-02 1.049999e-01 1.000000e-01 1.198959e+00 -0.730065 0.093668 0.187392 0.187610 0.188679 0.072717 0.730065 0.027800 0.038474 -0.862024 0.000000 
1.050000e-01 1.003099e-01 9.749985e-02 1.049999e-01 1.000000e-01 1.206599e+00 -0.735112 0.094312 0.188682 0.188908 0.189990 0.073222 0.735113 0.027152 0.037178 -0.863321 0.000000 
1.050000e-01 1.003099e-01 9.749985e-02 1.049999e-01 1.000000e-01 1.214217e+00 -0.740145 0.094954 0.189968 0.190202 0.191297 0.073727 0.740146 0.026506 0.035886 -0.864614 0.000000 
1.050000e-01 1.003099e-01 9.749985e-02 1.049998e-01 1.000000e-01 1.221812e+00 -0.745163 0.095592 0.191250 0.191492 0.192601 0.074230 0.745164 0.025862 0.034598 -0.865904 0.000000 
1.050000e-01 1.003099e-01 9.749985e-02 1.049998e-01 1.000000e-01 1.229385e+00 -0.750167 0.096229 0.192526 0.192779 0.193902 0.074732 0.750167 0.025220 0.033313 -0.867190 0.000000 
1.050000e-01 1.003099e-01 9.749985e-02 1.049998e-01 1.000000e-01 1.236935e+00 -0.755155 0.096862 0.193798 0.194062 0.195200 0.075233 0.755155 0.024579 0.032033 -0.868471 0.000000 
1.050000e-01 1.003099e-01 9.749985e-02 1.049997e-01 1.000000e-01 1.244461e+00 -0.760127 0.097493 0.195065 0.195341 0.196495 0.075734 0.760128 0.023941 0.030756 -0.869749 0.000000 
1.050000e-01 1.003099e-01 9.749985e-02 1.049997e-01 1.000000e-01 1.251964e+00 -0.765084 0.098120 0.196327 0.196617 0.197788 0.076233 0.765085 0.023305 0.029483 -0.871023 0.000000 
1.050000e-01 1.003099e-01 9.749985e-02 1.049997e-01 1.000000e-01 1.259443e+00 -0.770026 0.098745 0.197583 0.197889 0.199078 0.076731 0.770026 0.022671 0.028215 -0.872293 0.000000 
1.050000e-01 1.003099e-01 9.749985e-02 1.049996e-01 1.000000e-01 1.266898e+00 -0.774951 0.099366 0.198834 0.199158 0.200366 0.077229 0.774951 0.022039 0.026950 -0.873558 0.000000 
1.050000e-01 1.003099e-01 9.749985e-02 1.049996e-01 1.000000e-01 1.274329e+00 -0.779860 0.099984 0.200079 0.200423 0.201651 0.077726 0.779861 0.021409 0.025690 -0.874820 0.000000 
1.050000e-01 1.003099e-01 9.749985e-02 1.049995e-01 1.000000e-01 1.281735e+00 -0.784753 0.100597 0.201317 0.201684 0.202934 0.078221 0.784754 0.020781 0.024434 -0.876077 0.000000 
1.050000e-01 1.003099e-01 9.749985e-02 1.049994e-01 1.000000e-01 1.289116e+00 -0.789630 0.101207 0.202550 0.202943 0.204215 0.078717 0.789630 0.020155 0.023182 -0.877331 0.000000 
1.050000e-01 1.003099e-01 9.749985e-02 1.049994e-01 1.000000e-01 1.296472e+00 -0.794489 0.101812 0.203776 0.204198 0.205494 0.079211 0.794490 0.019531 0.021934 -0.878579 0.000000 
1.050000e-01 1.003099e-01 9.749985e-02 1.049993e-01 1.000000e-01 1.303802e+00 -0.799332 0.102412 0.204994 0.205450 0.206772 0.079705 0.799333 0.018910 0.020691 -0.879824 0.000000 
1.050000e-01 1.003099e-01 9.749985e-02 1.049992e-01 1.000000e-01 1.311106e+00 -0.804158 0.103008 0.206206 0.206700 0.208048 0.080198 0.804158 0.018290 0.019452 -0.881064 0.000000 
1.050000e-01 1.003099e-01 9.749985e-02 1.049991e-01 1.000000e-01 1.318384e+00 -0.808966 0.103597 0.207409 0.207948 0.209323 0.080690 0.808967 0.017673 0.018217 -0.882300 0.000000 
1.050000e-01 1.003099e-01 9.749985e-02 1.049989e-01 1.000000e-01 1.325635e+00 -0.813757 0.104181 0.208605 0.209193 0.210598 0.081182 0.813758 0.017058 0.016987 -0.883531 0.000000 
1.050000e-01 1.003099e-01 9.749985e-02 1.049988e-01 1.000000e-01 1.332860e+00 -0.818530 0.104757 0.209792 0.210438 0.211872 0.081673 0.818531 0.016446 0.015762 -0.884757 0.000000 
1.050000e-01 1.003099e-01 9.749985e-02 1.049986e-01 1.000000e-01 1.340057e+00 -0.823286 0.105326 0.210970 0.211683 0.213145 0.082163 0.823286 0.015835 0.014541 -0.885979 0.000000 
1.050000e-01 1.003099e-01 9.749985e-02 1.049984e-01 1.000000e-01 1.347227e+00 -0.828022 0.105886 0.212138 0.212928 0.214420 0.082652 0.828023 0.015227 0.013325 -0.887196 0.000000 
1.050000e-01 1.003099e-01 9.749985e-02 1.049982e-01 1.000000e-01 1.354369e+00 -0.832741 0.106436 0.213296 0.214175 0.215695 0.083140 0.832741 0.014622 0.012114 -0.888409 0.000000 
1.050000e-01 1.003099e-01 9.749985e-02 1.049980e-01 1.000000e-01 1.361483e+00 -0.837441 0.106976 0.214442 0.215427 0.216971 0.083626 0.837441 0.014019 0.010907 -0.889617 0.000000 
1.050000e-01 1.003099e-01 9.749985e-02 1.049977e-01 1.000000e-01 1.368568e+00 -0.842122 0.107502 0.215578 0.216683 0.218249 0.084111 0.842122 0.013418 0.009705 -0.890820 0.000000 
1.050000e-01 1.003099e-01 9.749985e-02 1.049974e-01 1.000000e-01 1.375624e+00 -0.846783 0.108015 0.216701 0.217947 0.219528 0.084593 0.846784 0.012819 0.008508 -0.892017 0.000000 
1.050000e-01 1.003099e-01 9.749985e-02 1.049970e-01 1.000000e-01 1.382650e+00 -0.851426 0.108511 0.217810 0.219223 0.220811 0.085072 0.851426 0.012224 0.007316 -0.893210 0.000000 
1.050000e-01 1.003099e-01 9.749985e-02 1.049966e-01 1.000000e-01 1.389647e+00 -0.856049 0.108989 0.218905 0.220512 0.222096 0.085547 0.856049 0.011630 0.006130 -0.894398 0.000000 
1.050000e-01 1.003099e-01 9.749985e-02 1.049962e-01 1.000000e-01 1.396614e+00 -0.860651 0.109444 0.219985 0.221822 0.223386 0.086015 0.860652 0.011040 0.004948 -0.895581 0.000000 
1.050000e-01 1.003099e-01 9.749985e-02 1.049957e-01 1.000000e-01 1.403551e+00 -0.865234 0.109874 0.221048 0.223156 0.224680 0.086477 0.865234 0.010451 0.003771 -0.896759 0.000000 
1.050000e-01 1.003099e-01 9.749985e-02 1.049951e-01 1.000000e-01 1.410456e+00 -0.869797 0.110274 0.222094 0.224521 0.225978 0.086930 0.869797 0.009866 0.002600 -0.897931 0.000000 
1.050000e-01 1.003099e-01 9.749985e-02 1.049944e-01 1.000000e-01 1.417331e+00 -0.874338 0.110637 0.223120 0.225931 0.227282 0.087369 0.874339 0.009283 0.001434 -0.899098 0.000000 
1.050000e-01 1.003099e-01 9.749985e-02 1.049937e-01 1.000000e-01 1.424173e+00 -0.878859 0.110962 0.224126 0.227388 0.228590 0.087794 0.878859 0.008703 0.000273 -0.900260 0.000000 
1.050000e-01 1.003099e-01 9.749985e-02 1.049929e-01 1.000000e-01 1.430984e+00 -0.883359 0.111236 0.225109 0.228912 0.229905 0.088198 0.883359 0.008125 -0.000882 -0.901416 0.000000 
1.050000e-01 1.003099e-01 9.749985e-02 1.049919e-01 1.000000e-01 1.437762e+00 -0.887837 0.111452 0.226066 0.230519 0.231225 0.088575 0.887837 0.007551 -0.002031 -0.902567 0.000000 
1.050000e-01 1.003099e-01 9.749985e-02 1.049909e-01 1.000000e-01 1.444507e+00 -0.892293 0.111604 0.226998 0.232221 0.232549 0.088922 0.892293 0.006979 -0.003176 -0.903712 0.000000 
1.050000e-01 1.003099e-01 9.749985e-02 1.049897e-01 1.000000e-01 1.451218e+00 -0.896728 0.111670 0.227897 0.234058 0.233878 0.089225 0.896728 0.006409 -0.004314 -0.904852 0.000000 
1.050000e-01 1.003099e-01 9.749985e-02 1.049884e-01 1.000000e-01 1.457896e+00 -0.901140 0.111641 0.228761 0.236051 0.235210 0.089477 0.901140 0.005843 -0.005447 -0.905986 0.000000 
1.050000e-01 1.003099e-01 9.749985e-02 1.049869e-01 1.000000e-01 1.464540e+00 -0.905529 0.111506 0.229588 0.238225 0.236542 0.089668 0.905530 0.005280 -0.006574 -0.907114 0.000000 
1.050000e-01 1.003099e-01 9.749985e-02 1.049852e-01 1.000000e-01 1.471149e+00 -0.909896 0.111228 0.230366 0.240659 0.237871 0.089772 0.909896 0.004719 -0.007695 -0.908236 0.000000 
1.050000e-01 1.003099e-01 9.749985e-02 1.049833e-01 1.000000e-01 1.477723e+00 -0.914240 0.110792 0.231089 0.243392 0.239191 0.089776 0.914240 0.004162 -0.008810 -0.909352 0.000000 
1.050000e-01 1.003099e-01 9.749985e-02 1.049812e-01 1.000000e-01 1.484261e+00 -0.918560 0.110180 0.231750 0.246471 0.240496 0.089663 0.918560 0.003607 -0.009919 -0.910462 0.000000 
1.050000e-01 1.003099e-01 9.749985e-02 1.049789e-01 1.000000e-01 1.490763e+00 -0.922857 0.109341 0.232325 0.250026 0.241771 0.089394 0.922857 0.003056 -0.011022 -0.911566 0.000000 
1.050000e-01 1.003099e-01 9.749985e-02 1.049763e-01 1.000000e-01 1.497229e+00 -0.927130 0.108233 0.232791 0.254172 0.243000 0.088933 0.927130 0.002508 -0.012119 -0.912664 0.000000 
1.050000e-01 1.003099e-01 9.749985e-02 1.049735e-01 1.000000e-01 1.503657e+00 -0.931377 0.106839 0.233127 0.258990 0.244163 0.088259 0.931378 0.001962 -0.013210 -0.913756 0.000000 
1.050000e-01 1.003099e-01 9.749985e-02 1.049704e-01 1.000000e-01 1.510045e+00 -0.935600 0.105114 0.233295 0.264635 0.245227 0.087330 0.935600 0.001421 -0.014294 -0.914841 0.000000 
1.050000e-01 1.003099e-01 9.749985e-02 1.049669e-01 1.000000e-01 1.516394e+00 -0.939796 0.102935 0.233193 0.271510 0.246119 0.086040 0.939796 0.000882 -0.015371 -0.915919 0.000000 
1.050000e-01 1.003099e-01 9.749985e-02 1.049632e-01 1.000000e-01 1.522702e+00 -0.943966 0.100312 0.232772 0.279714 0.246785 0.084383 0.943966 0.000347 -0.016442 -0.916991 0.000000 
1.050000e-01 1.003099e-01 9.749985e-02 1.049592e-01 1.000000e-01 1.528970e+00 -0.948109 0.097187 0.231923 0.289570 0.247130 0.082300 0.948109 -0.000185 -0.017506 -0.918055 0.000000 
1.050000e-01 1.003099e-01 9.749985e-02 1.049547e-01 1.000000e-01 1.535196e+00 -0.952227 0.093484 0.230472 0.301561 0.246997 0.079712 0.952227 -0.000713 -0.018563 -0.919113 0.000000 
1.050000e-01 1.003099e-01 9.749985e-02 1.049498e-01 1.000000e-01 1.541380e+00 -0.956318 0.089064 0.228071 0.316634 0.246070 0.076478 0.956318 -0.001239 -0.019613 -0.920165 0.000000 
1.050000e-01 1.003099e-01 9.749985e-02 1.049441e-01 1.000000e-01 1.547523e+00 -0.960384 0.083953 0.224489 0.335238 0.244100 0.072604 0.960384 -0.001760 -0.020657 -0.921210 0.000000 
1.050000e-01 1.003099e-01 9.749985e-02 1.049370e-01 1.000000e-01 1.553625e+00 -0.964428 0.078100 0.219286 0.358385 0.240633 0.068023 0.964428 -0.002279 -0.021695 -0.922249 0.000000 
1.050000e-01 1.003099e-01 9.749985e-02 1.049273e-01 1.000000e-01 1.559687e+00 -0.968454 0.071460 0.211868 0.387434 0.235015 0.062677 0.968454 -0.002796 -0.022729 -0.923284 0.000000 
1.050000e-01 1.003099e-01 9.749985e-02 1.049123e-01 1.000000e-01 1.565713e+00 -0.972476 0.063898 0.200995 0.425312 0.225853 0.056418 0.972476 -0.003312 -0.023761 -0.924317 0.000000 
1.050000e-01 1.003099e-01 9.749985e-02 1.048866e-01 1.000000e-01 1.571713e+00 -0.976519 0.055412 0.185526 0.474703 0.211649 0.049228 0.976519 -0.003831 -0.024799 -0.925356 0.000000 
1.050000e-01 1.003099e-01 9.749985e-02 1.048414e-01 1.000000e-01 1.577704e+00 -0.980626 0.045956 0.164025 0.539236 0.190350 0.041059 0.980626 -0.004358 -0.025854 -0.926411 0.000000 
1.050000e-01 1.003099e-01 9.749985e-02 1.047644e-01 1.000000e-01 1.583717e+00 -0.984881 0.035364 0.134420 0.624474 0.158867 0.031756 0.984881 -0.004904 -0.026946 -0.927505 0.000000 
1.050000e-01 1.003099e-01 9.749985e-02 1.046487e-01 1.000000e-01 1.589804e+00 -0.989420 0.023341 0.094115 0.737642 0.113265 0.021057 0.989420 -0.005487 -0.028111 -0.928671 0.000000 
1.050000e-01 1.003099e-01 9.749985e-02 1.045245e-01 1.000000e-01 1.596007e+00 -0.994451 0.009369 0.039483 0.889004 0.048104 0.008491 0.994451 -0.006133 -0.029403 -0.929964 0.000000 
1.050000e-01 1.003099e-01 9.749985e-02 1.045055e-01 1.000000e-01 1.597577e+00 -0.995793 0.005580 0.023768 0.932424 0.028953 0.005067 0.995793 -0.006305 -0.029747 -0.930309 0.000000 
1.050000e-01 1.003099e-01 9.749985e-02 1.045055e-01 1.000000e-01 1.597577e+00 -0.995793 0.005580 0.023768 0.932424 0.028953 0.005067 0.995793 -0.006305 -0.029747 -0.930309 0.000000 
1.050000e-01 1.003099e-01 9.749985e-02 1.045055e-01 1.000000e-01 1.597577e+00 -0.995793 0.005580 0.023768 0.932424 0.028953 0.005067 0.995793 -0.006305 -0.029747 -0.930309 0.000000 
1.050000e-01 1.003099e-01 9.749985e-02 1.045055e-01 1.000000e-01 1.597577e+00 -0.995793 0.005580 0.023768 0.932424 0.028953 0.005067 0.995793 -0.006305 -0.029747 -0.930309 0.000000 
1.050000e-01 1.003099e-01 9.749985e-02 1.045055e-01 1.000000e-01 1.597577e+00 -0.995793 0.005580 0.023768 0.932424 0.028953 0.005067 0.995793 -0.006305 -0.029747 -0.930309 0.000000 
1.050000e-01 1.003099e-01 9.749985e-02 1.045055e-01 1.000000e-01 1.597577e+00 -0.995793 0.005580 0.023768 0.932424 0.028953 0.005067 0.995793 -0.006305 -0.029747 -0.930309 0.000000 
1.050000e-01 1.003099e-01 9.749985e-02 1.045055e-01 1.000000e-01 1.597577e+00 -0.995793 0.005580 0.023768 0.932424 0.028953 0.005067 0.995793 -0.006305 -0.029747 -0.930309 0.000000 
1.050000e-01 1.003099e-01 9.749985e-02 1.045055e-01 1.000000e-01 1.597577e+00 -0.995793 0.005580 0.023768 0.932424 0.028953 0.005067 0.995793 -0.006305 -0.029747 -0.930309 0.000000 
1.050000e-01 1.003099e-01 9.749985e-02 1.045055e-01 1.000000e-01 1.597577e+00 -0.995793 0.005580 0.023768 0.932424 0.028953 0.005067 0.995793 -0.006305 -0.029747 -0.930309 0.000000 
1.050000e-01 1.003099e-01 9.749985e-02 1.045055e-01 1.000000e-01 1.597577e+00 -0.995793 0.005580 0.023768 0.932424 0.028953 0.005067 0.995793 -0.006305 -0.029747 -0.930309 0.000000 
1.050000e-01 1.003099e-01 9.749985e-02 1.045055e-01 1.000000e-01 1.597577e+00 -0.995793 0.005580 0.023768 0.932424 0.028953 0.005067 0.995793 -0.006305 -0.029747 -0.930309 0.000000 
1.050000e-01 1.003099e-01 9.749985e-02 1.045055e-01 1.000000e-01 1.597577e+00 -0.995793 0.005580 0.023768 0.932424 0.028953 0.005067 0.995793 -0.006305 -0.029747 -0.930309 0.000000 
1.050000e-01 1.003099e-01 9.749985e-02 1.045055e-01 1.000000e-01 1.597577e+00 -0.995793 0.005580 0.023768 0.932424 0.028953 0.005067 0.995793 -0.006305 -0.029747 -0.930309 0.000000 
1.050000e-01 1.003099e-01 9.749985e-02 1.045055e-01 1.000000e-01 1.597577e+00 -0.995793 0.005580 0.023768 0.932424 0.028953 0.005067 0.995793 -0.006305 -0.029747 -0.930309 0.000000 
1.050000e-01 1.003099e-01 9.749985e-02 1.045055e-01 1.000000e-01 1.597577e+00 -0.995793 0.005580 0.023768 0.932424 0.028953 0.005067 0.995793 -0.006305 -0.029747 -0.930309 0.000000 
1.050000e-01 1.003099e-01 9.749985e-02 1.045055e-01 1.000000e-01 1.597577e+00 -0.995793 0.005580 0.023768 0.932424 0.028953 0.005067 0.995793 -0.006305 -0.029747 -0.930309 0.000000 
1.050000e-01 1.003099e-01 9.749985e-02 1.045055e-01 1.000000e-01 1.597577e+00 -0.995793 0.005580 0.023768 0.932424 0.028953 0.005067 0.995793 -0.006305 -0.029747 -0.930309 0.000000 
1.050000e-01 1.003099e-01 9.749985e-02 1.045055e-01 1.000000e-01 1.597577e+00 -0.995793 0.005580 0.023768 0.932424 0.028953 0.005067 0.995793 -0.006305 -0.029747 -0.930309 0.000000 
1.050000e-01 1.003099e-01 9.749985e-02 1.045055e-01 1.000000e-01 1.597577e+00 -0.995793 0.005580 0.023768 0.932424 0.028953 0.005067 0.995793 -0.006305 -0.029747 -0.930309 0.000000 
1.050000e-01 1.003099e-01 9.749985e-02 1.045055e-01 1.000000e-01 1.597577e+00 -0.995793 0.005580 0.023768 0.932424 0.028953 0.005067 0.995793 -0.006305 -0.029747 -0.930309 0.000000 
1.050000e-01 1.003099e-01 9.749985e-02 1.045055e-01 1.000000e-01 1.597577e+00 -0.995793 0.005580 0.023768 0.932424 0.028953 0.005067 0.995793 -0.006305 -0.029747 -0.930309 0.000000 
1.050000e-01 1.003099e-01 9.749985e-02 1.045055e-01 1.000000e-01 1.597577e+00 -0.995793 0.005580 0.023768 0.932424 0.028953 0.005067 0.995793 -0.006305 -0.029747 -0.930309 0.000000 
1.050000e-01 1.003099e-01 9.749985e-02 1.045055e-01 1.000000e-01 1.597577e+00 -0.995793 0.005580 0.023768 0.932424 0.028953 0.005067 0.995793 -0.006305 -0.029747 -0.930309 0.000000 
1.050000e-01 1.003099e-01 9.749985e-02 1.045055e-01 1.000000e-01 1.597577e+00 -0.995793 0.005580 0.023768 0.932424 0.028953 0.005067 0.995793 -0.006305 -0.029747 -0.930309 0.000000 
1.050000e-01 1.003099e-01 9.749985e-02 1.045055e-01 1.000000e-01 1.597577e+00 -0.995793 0.005580 0.023768 0.932424 0.028953 0.005067 0.995793 -0.006305 -0.029747 -0.930309 0.000000 
1.050000e-01 1.003099e-01 9.749985e-02 1.045055e-01 1.000000e-01 1.597577e+00 -0.995793 0.005580 0.023768 0.932424 0.028953 0.005067 0.995793 -0.006305 -0.029747 -0.930309 0.000000 
1.050000e-01 1.003099e-01 9.749985e-02 1.045055e-01 1.000000e-01 1.597577e+00 -0.995793 0.005580 0.023768 0.932424 0.028953 0.005067 0.995793 -0.006305 -0.029747 -0.930309 0.000000 
1.050000e-01 1.003099e-01 9.749985e-02 1.045055e-01 1.000000e-01 1.597577e+00 -0.995793 0.005580 0.023768 0.932424 0.028953 0.005067 0.995793 -0.006305 -0.029747 -0.930309 0.000000 
1.050000e-01 1.003099e-01 9.749985e-02 1.045055e-01 1.000000e-01 1.597577e+00 -0.995793 0.005580 0.023768 0.932424 0.028953 0.005067 0.995793 -0.006305 -0.029747 -0.930309 0.000000 
1.050000e-01 1.003099e-01 9.749985e-02 1.045055e-01 1.000000e-01 1.597577e+00 -0.995793 0.005580 0.023768 0.932424 0.028953 0.005067 0.995793 -0.006305 -0.029747 -0.930309 0.000000 
1.050000e-01 1.003099e-01 9.749985e-02 1.045055e-01 1.000000e-01 1.597577e+00 -0.995793 0.005580 0.023768 0.932424 0.028953 0.005067 0.995793 -0.006305 -0.029747 -0.930309 0.000000 
1.050000e-01 1.003099e-01 9.749985e-02 1.045055e-01 1.000000e-01 1.597577e+00 -0.995793 0.005580 0.023768 0.932424 0.028953 0.005067 0.995793 -0.006305 -0.029747 -0.930309 0.000000 
1.050000e-01 1.003099e-01 9.749985e-02 1.045055e-01 1.000000e-01 1.597577e+00 -0.995793 0.005580 0.023768 0.932424 0.028953 0.005067 0.995793 -0.006305 -0.029747 -0.930309 0.000000 
1.050000e-01 1.003099e-01 9.749985e-02 1.045055e-01 1.000000e-01 1.597577e+00 -0.995793 0.005580 0.023768 0.932424 0.028953 0.005067 0.995793 -0.006305 -0.029747 -0.930309 0.000000 
1.050000e-01 1.003099e-01 9.749985e-02 1.045055e-01 1.000000e-01 1.597577e+00 -0.995793 0.005580 0.023768 0.932424 0.028953 0.005067 0.995793 -0.006305 -0.029747 -0.930309 0.000000 
1.050000e-01 1.003099e-01 9.749985e-02 1.045055e-01 1.000000e-01 1.597577e+00 -0.995793 0.005580 0.023768 0.932424 0.028953 0.005067 0.995793 -0.006305 -0.029747 -0.930309 0.000000 
1.050000e-01 1.003099e-01 9.749985e-02 1.045055e-01 1.000000e-01 1.597577e+00 -0.995793 0.005580 0.023768 0.932424 0.028953 0.005067 0.995793 -0.006305 -0.029747 -0.930309 0.000000 
1.050000e-01 1.003099e-01 9.749985e-02 1.045055e-01 1.000000e-01 1.597577e+00 -0.995793 0.005580 0.023768 0.932424 0.028953 0.005067 0.995793 -0.006305 -0.029747 -0.930309 0.000000 
1.050000e-01 1.003099e-01 9.749985e-02 1.045055e-01 1.000000e-01 1.597577e+00 -0.995793 0.005580 0.023768 0.932424 0.028953 0.005067 0.995793 -0.006305 -0.029747 -0.930309 0.000000 
1.050000e-01 1.003099e-01 9.749985e-02 1.045055e-01 1.000000e-01 1.597577e+00 -0.995793 0.005580 0.023768 0.932424 0.028953 0.005067 0.995793 -0.006305 -0.029747 -0.930309 0.000000 
1.050000e-01 1.003099e-01 9.749985e-02 1.045055e-01 1.000000e-01 1.597577e+00 -0.995793 0.005580 0.023768 0.932424 0.028953 0.005067 0.995793 -0.006305 -0.029747 -0.930309 0.000000 
1.050000e-01 1.003099e-01 9.749985e-02 1.045055e-01 1.000000e-01 1.597577e+00 -0.995793 0.005580 0.023768 0.932424 0.028953 0.005067 0.995793 -0.006305 -0.029747 -0.930309 0.000000 
1.050000e-01 1.003099e-01 9.749985e-02 1.045055e-01 1.000000e-01 1.597577e+00 -0.995793 0.005580 0.023768 0.932424 0.028953 0.005067 0.995793 -0.006305 -0.029747 -0.930309 0.000000 
1.050000e-01 1.003099e-01 9.749985e-02 1.045055e-01 1.000000e-01 1.597577e+00 -0.995793 0.005580 0.023768 0.932424 0.028953 0.005067 0.995793 -0.006305 -0.029747 -0.930309 0.000000 
1.050000e-01 1.003099e-01 9.749985e-02 1.045055e-01 1.000000e-01 1.597577e+00 -0.995793 0.005580 0.023768 0.932424 0.028953 0.005067 0.995793 -0.006305 -0.029747 -0.930309 0.000000 
1.050000e-01 1.003099e-01 9.749985e-02 1.045055e-01 1.000000e-01 1.597577e+00 -0.995793 0.005580 0.023768 0.932424 0.028953 0.005067 0.995793 -0.006305 -0.029747 -0.930309 0.000000 
1.050000e-01 1.003099e-01 9.749985e-02 1.045055e-01 1.000000e-01 1.597577e+00 -0.995793 0.005580 0.023768 0.932424 0.028953 0.005067 0.995793 -0.006305 -0.029747 -0.930309 0.000000 
1.050000e-01 1.003099e-01 9.749985e-02 1.045055e-01 1.000000e-01 1.597577e+00 -0.995793 0.005580 0.023768 0.932424 0.028953 0.005067 0.995793 -0.006305 -0.029747 -0.930309 0.000000 
1.050000e-01 1.003099e-01 9.749985e-02 1.045055e-01 1.000000e-01 1.597577e+00 -0.995793 0.005580 0.023768 0.932424 0.028953 0.005067 0.995793 -0.006305 -0.029747 -0.930309 0.000000 
1.050000e-01 1.003099e-01 9.749985e-02 1.045055e-01 1.000000e-01 1.597577e+00 -0.995793 0.005580 0.023768 0.932424 0.028953 0.005067 0.995793 -0.006305 -0.029747 -0.930309 0.000000 
1.050000e-01 1.003099e-01 9.749985e-02 1.045055e-01 1.000000e-01 1.597577e+00 -0.995793 0.005580 0.023768 0.932424 0.028953 0.005067 0.995793 -0.006305 -0.029747 -0.930309 0.000000 
1.050000e-01 1.003099e-01 9.749985e-02 1.045055e-01 1.000000e-01 1.597577e+00 -0.995793 0.005580 0.023768 0.932424 0.028953 0.005067 0.995793 -0.006305 -0.029747 -0.930309 0.000000 
1.050000e-01 1.003099e-01 9.749985e-02 1.045055e-01 1.000000e-01 1.597577e+00 -0.995793 0.005580 0.023768 0.932424 0.028953 0.005067 0.995793 -0.006305 -0.029747 -0.930309 0.000000 
1.050000e-01 1.003099e-01 9.749985e-02 1.045055e-01 1.000000e-01 1.597577e+00 -0.995793 0.005580 0.023768 0.932424 0.028953 0.005067 0.995793 -0.006305 -0.029747 -0.930309 0.000000 
1.050000e-01 1.003099e-01 9.749985e-02 1.045055e-01 1.000000e-01 1.597577e+00 -0.995793 0.005580 0.023768 0.932424 0.028953 0.005067 0.995793 -0.006305 -0.029747 -0.930309 0.000000 
1.050000e-01 1.003099e-01 9.749985e-02 1.045055e-01 1.000000e-01 1.597577e+00 -0.995793 0.005580 0.023768 0.932424 0.028953 0.005067 0.995793 -0.006305 -0.029747 -0.930309 0.000000 
1.050000e-01 1.003099e-01 9.749985e-02 1.045055e-01 1.000000e-01 1.597577e+00 -0.995793 0.005580 0.023768 0.932424 0.028953 0.005067 0.995793 -0.006305 -0.029747 -0.930309 0.000000 
1.050000e-01 1.003099e-01 9.749985e-02 1.045055e-01 1.000000e-01 1.597577e+00 -0.995793 0.005580 0.023768 0.932424 0.028953 0.005067 0.995793 -0.006305 -0.029747 -0.930309 0.000000 
1.050000e-01 1.003099e-01 9.749985e-02 1.045055e-01 1.000000e-01 1.597577e+00 -0.995793 0.005580 0.023768 0.932424 0.028953 0.005067 0.995793 -0.006305 -0.029747 -0.930309 0.000000 
1.050000e-01 1.003099e-01 9.749985e-02 1.045055e-01 1.000000e-01 1.597577e+00 -0.995793 0.005580 0.023768 0.932424 0.028953 0.005067 0.995793 -0.006305 -0.029747 -0.930309 0.000000 
1.050000e-01 1.003099e-01 9.749985e-02 1.045055e-01 1.000000e-01 1.597577e+00 -0.995793 0.005580 0.023768 0.932424 0.028953 0.005067 0.995793 -0.006305 -0.029747 -0.930309 0.000000 
1.050000e-01 1.003099e-01 9.749985e-02 1.045055e-01 1.000000e-01 1.597577e+00 -0.995793 0.005580 0.023768 0.932424 0.028953 0.005067 0.995793 -0.006305 -0.029747 -0.930309 0.000000 
1.050000e-01 1.003099e-01 9.749985e-02 1.045055e-01 1.000000e-01 1.597577e+00 -0.995793 0.005580 0.023768 0.932424 0.028953 0.005067 0.995793 -0.006305 -0.029747 -0.930309 0.000000 
1.050000e-01 1.003099e-01 9.749985e-02 1.045055e-01 1.000000e-01 1.597577e+00 -0.995793 0.005580 0.023768 0.932424 0.028953 0.005067 0.995793 -0.006305 -0.029747 -0.930309 0.000000 
1.050000e-01 1.003099e-01 9.749985e-02 1.045055e-01 1.000000e-01 1.597577e+00 -0.995793 0.005580 0.023768 0.932424 0.028953 0.005067 0.995793 -0.006305 -0.029747 -0.930309 0.000000 
1.050000e-01 1.003099e-01 9.749985e-02 1.045055e-01 1.000000e-01 1.597577e+00 -0.995793 0.005580 0.023768 0.932424 0.028953 0.005067 0.995793 -0.006305 -0.029747 -0.930309 0.000000 
1.050000e-01 1.003099e-01 9.749985e-02 1.045055e-01 1.000000e-01 1.597577e+00 -0.995793 0.005580 0.023768 0.932424 0.028953 0.005067 0.995793 -0.006305 -0.029747 -0.930309 0.000000 
1.050000e-01 1.003099e-01 9.749985e-02 1.045055e-01 1.000000e-01 1.597577e+00 -0.995793 0.005580 0.023768 0.932424 0.028953 0.005067 0.995793 -0.006305 -0.029747 -0.930309 0.000000 
1.050000e-01 1.003099e-01 9.749985e-02 1.045055e-01 1.000000e-01 1.597577e+00 -0.995793 0.005580 0.023768 0.932424 0.028953 0.005067 0.995793 -0.006305 -0.029747 -0.930309 0.000000 
1.050000e-01 1.003099e-01 9.749985e-02 1.045055e-01 1.000000e-01 1.597577e+00 -0.995793 0.005580 0.023768 0.932424 0.028953 0.005067 0.995793 -0.006305 -0.029747 -0.930309 0.000000 
1.050000e-01 1.003099e-01 9.749985e-02 1.045055e-01 1.000000e-01 1.597577e+00 -0.995793 0.005580 0.023768 0.932424 0.028953 0.005067 0.995793 -0.006305 -0.029747 -0.930309 0.000000 
1.050000e-01 1.003099e-01 9.749985e-02 1.045055e-01 1.000000e-01 1.597577e+00 -0.995793 0.005580 0.023768 0.932424 0.028953 0.005067 0.995793 -0.006305 -0.029747 -0.930309 0.000000 
1.050000e-01 1.003099e-01 9.749985e-02 1.045055e-01 1.000000e-01 1.597577e+00 -0.995793 0.005580 0.023768 0.932424 0.028953 0.005067 0.995793 -0.006305 -0.029747 -0.930309 0.000000 
1.050000e-01 1.003099e-01 9.749985e-02 1.045055e-01 1.000000e-01 1.597577e+00 -0.995793 0.005580 0.023768 0.932424 0.028953 0.005067 0.995793 -0.006305 -0.029747 -0.930309 0.000000 
1.050000e-01 1.003099e-01 9.749985e-02 1.045055e-01 1.000000e-01 1.597577e+00 -0.995793 0.005580 0.023768 0.932424 0.028953 0.005067 0.995793 -0.006305 -0.029747 -0.930309 0.000000 
1.050000e-01 1.003099e-01 9.749985e-02 1.045055e-01 1.000000e-01 1.597577e+00 -0.995793 0.005580 0.023768 0.932424 0.028953 0.005067 0.995793 -0.006305 -0.029747 -0.930309 0.000000 
1.050000e-01 1.003099e-01 9.749985e-02 1.045055e-01 1.000000e-01 1.597577e+00 -0.995793 0.005580 0.023768 0.932424 0.028953 0.005067 0.995793 -0.006305 -0.029747 -0.930309 0.000000 
1.050000e-01 1.003099e-01 9.749985e-02 1.045055e-01 1.000000e-01 1.597577e+00 -0.995793 0.005580 0.023768 0.932424 0.028953 0.005067 0.995793 -0.006305 -0.029747 -0.930309 0.000000 
1.050000e-01 1.003099e-01 9.749985e-02 1.045055e-01 1.000000e-01 1.597577e+00 -0.995793 0.005580 0.023768 0.932424 0.028953 0.005067 0.995793 -0.006305 -0.029747 -0.930309 0.000000 
1.050000e-01 1.003099e-01 9.749985e-02 1.045055e-01 1.000000e-01 1.597577e+00 -0.995793 0.005580 0.023768 0.932424 0.028953 0.005067 0.995793 -0.006305 -0.029747 -0.930309 0.000000 
1.050000e-01 1.003099e-01 9.749985e-02 1.045055e-01 1.000000e-01 1.597577e+00 -0.995793 0.005580 0.023768 0.932424 0.028953 0.005067 0.995793 -0.006305 -0.029747 -0.930309 0.000000 
1.050000e-01 1.003099e-01 9.749985e-02 1.045055e-01 1.000000e-01 1.597577e+00 -0.995793 0.005580 0.023768 0.932424 0.028953 0.005067 0.995793 -0.006305 -0.029747 -0.930309 0.000000 
1.050000e-01 1.003099e-01 9.749985e-02 1.045055e-01 1.000000e-01 1.597577e+00 -0.995793 0.005580 0.023768 0.932424 0.028953 0.005067 0.995793 -0.006305 -0.029747 -0.930309 0.000000 
1.050000e-01 1.003099e-01 9.749985e-02 1.045055e-01 1.000000e-01 1.597577e+00 -0.995793 0.005580 0.023768 0.932424 0.028953 0.005067 0.995793 -0.006305 -0.029747 -0.930309 0.000000 
1.050000e-01 1.003099e-01 9.749985e-02 1.045055e-01 1.000000e-01 1.597577e+00 -0.995793 0.005580 0.023768 0.932424 0.028953 0.005067 0.995793 -0.006305 -0.029747 -0.930309 0.000000 
1.050000e-01 1.003099e-01 9.749985e-02 1.045055e-01 1.000000e-01 1.597577e+00 -0.995793 0.005580 0.023768 0.932424 0.028953 0.005067 0.995793 -0.006305 -0.029747 -0.930309 0.000000 
1.050000e-01 1.003099e-01 9.749985e-02 1.045055e-01 1.000000e-01 1.597577e+00 -0.995793 0.005580 0.023768 0.932424 0.028953 0.005067 0.995793 -0.006305 -0.029747 -0.930309 0.000000 
1.050000e-01 1.003099e-01 9.749985e-02 1.045055e-01 1.000000e-01 1.597577e+00 -0.995793 0.005580 0.023768 0.932424 0.028953 0.005067 0.995793 -0.006305 -0.029747 -0.930309 0.000000 
1.050000e-01 1.003099e-01 9.749985e-02 1.045055e-01 1.000000e-01 1.597577e+00 -0.995793 0.005580 0.023768 0.932424 0.028953 0.005067 0.995793 -0.006305 -0.029747 -0.930309 0.000000 
1.050000e-01 1.003099e-01 9.749985e-02 1.045055e-01 1.000000e-01 1.597577e+00 -0.995793 0.005580 0.023768 0.932424 0.028953 0.005067 0.995793 -0.006305 -0.029747 -0.930309 0.000000 
1.050000e-01 1.003099e-01 9.749985e-02 1.045055e-01 1.000000e-01 1.597577e+00 -0.995793 0.005580 0.023768 0.932424 0.028953 0.005067 0.995793 -0.006305 -0.029747 -0.930309 0.000000 
1.050000e-01 1.003099e-01 9.749985e-02 1.045055e-01 1.000000e-01 1.597577e+00 -0.995793 0.005580 0.023768 0.932424 0.028953 0.005067 0.995793 -0.006305 -0.029747 -0.930309 0.000000 
1.050000e-01 1.003099e-01 9.749985e-02 1.045055e-01 1.000000e-01 1.597577e+00 -0.995793 0.005580 0.023768 0.932424 0.028953 0.005067 0.995793 -0.006305 -0.029747 -0.930309 0.000000 
1.050000e-01 1.003099e-01 9.749985e-02 1.045055e-01 1.000000e-01 1.597577e+00 -0.995793 0.005580 0.023768 0.932424 0.028953 0.005067 0.995793 -0.006305 -0.029747 -0.930309 0.000000 
1.050000e-01 1.003099e-01 9.749985e-02 1.045055e-01 1.000000e-01 1.597577e+00 -0.995793 0.005580 0.023768 0.932424 0.028953 0.005067 0.995793 -0.006305 -0.029747 -0.930309 0.000000 
1.050000e-01 1.003099e-01 9.749985e-02 1.045055e-01 1.000000e-01 1.597577e+00 -0.995793 0.005580 0.023768 0.932424 0.028953 0.005067 0.995793 -0.006305 -0.029747 -0.930309 0.000000 
1.050000e-01 1.003099e-01 9.749985e-02 1.045055e-01 1.000000e-01 1.597577e+00 -0.995793 0.005580 0.023768 0.932424 0.028953 0.005067 0.995793 -0.006305 -0.029747 -0.930309 0.000000 
1.050000e-01 1.003099e-01 9.749985e-02 1.045055e-01 1.000000e-01 1.597577e+00 -0.995793 0.005580 0.023768 0.932424 0.028953 0.005067 0.995793 -0.006305 -0.029747 -0.930309 0.000000 
1.050000e-01 1.003099e-01 9.749985e-02 1.045055e-01 1.000000e-01 1.597577e+00 -0.995793 0.005580 0.023768 0.932424 0.028953 0.005067 0.995793 -0.006305 -0.029747 -0.930309 0.000000 
1.050000e-01 1.003099e-01 9.749985e-02 1.045055e-01 1.000000e-01 1.597577e+00 -0.995793 0.005580 0.023768 0.932424 0.028953 0.005067 0.995793 -0.006305 -0.029747 -0.930309 0.000000 
1.050000e-01 1.003099e-01 9.749985e-02 1.045055e-01 1.000000e-01 1.597577e+00 -0.995793 0.005580 0.023768 0.932424 0.028953 0.005067 0.995793 -0.006305 -0.029747 -0.930309 0.000000 
1.050000e-01 1.003099e-01 9.749985e-02 1.045055e-01 1.000000e-01 1.597577e+00 -0.995793 0.005580 0.023768 0.932424 0.028953 0.005067 0.995793 -0.006305 -0.029747 -0.930309 0.000000 
1.050000e-01 1.003099e-01 9.749985e-02 1.045055e-01 1.000000e-01 1.597577e+00 -0.995793 0.005580 0.023768 0.932424 0.028953 0.005067 0.995793 -0.006305 -0.029747 -0.930309 0.000000 
1.050000e-01 1.003099e-01 9.749985e-02 1.045055e-01 1.000000e-01 1.597577e+00 -0.995793 0.005580 0.023768 0.932424 0.028953 0.005067 0.995793 -0.006305 -0.029747 -0.930309 0.000000 
1.050000e-01 1.003099e-01 9.749985e-02 1.045055e-01 1.000000e-01 1.597577e+00 -0.995793 0.005580 0.023768 0.932424 0.028953 0.005067 0.995793 -0.006305 -0.029747 -0.930309 0.000000 
1.050000e-01 1.003099e-01 9.749985e-02 1.045055e-01 1.000000e-01 1.597577e+00 -0.995793 0.005580 0.023768 0.932424 0.028953 0.005067 0.995793 -0.006305 -0.029747 -0.930309 0.000000 
1.050000e-01 1.003099e-01 9.749985e-02 1.045055e-01 1.000000e-01 1.597577e+00 -0.995793 0.005580 0.023768 0.932424 0.028953 0.005067 0.995793 -0.006305 -0.029747 -0.930309 0.000000 
1.050000e-01 1.003099e-01 9.749985e-02 1.045055e-01 1.000000e-01 1.597577e+00 -0.995793 0.005580 0.023768 0.932424 0.028953 0.005067 0.995793 -0.006305 -0.029747 -0.930309 0.000000 
1.050000e-01 1.003099e-01 9.749985e-02 1.045055e-01 1.000000e-01 1.597577e+00 -0.995793 0.005580 0.023768 0.932424 0.028953 0.005067 0.995793 -0.006305 -0.029747 -0.930309 0.000000 
1.050000e-01 1.003099e-01 9.749985e-02 1.045055e-01 1.000000e-01 1.597577e+00 -0.995793 0.005580 0.023768 0.932424 0.028953 0.005067 0.995793 -0.006305 -0.029747 -0.930309 0.000000 
1.050000e-01 1.003099e-01 9.749985e-02 1.045055e-01 1.000000e-01 1.597577e+00 -0.995793 0.005580 0.023768 0.932424 0.028953 0.005067 0.995793 -0.006305 -0.029747 -0.930309 0.000000 
1.050000e-01 1.003099e-01 9.749985e-02 1.045055e-01 1.000000e-01 1.597577e+00 -0.995793 0.005580 0.023768 0.932424 0.028953 0.005067 0.995793 -0.006305 -0.029747 -0.930309 0.000000 
1.050000e-01 1.003099e-01 9.749985e-02 1.045055e-01 1.000000e-01 1.597577e+00 -0.995793 0.005580 0.023768 0.932424 0.028953 0.005067 0.995793 -0.006305 -0.029747 -0.930309 0.000000 
1.050000e-01 1.003099e-01 9.749985e-02 1.045055e-01 1.000000e-01 1.597577e+00 -0.995793 0.005580 0.023768 0.932424 0.028953 0.005067 0.995793 -0.006305 -0.029747 -0.930309 0.000000 
1.050000e-01 1.003099e-01 9.749985e-02 1.045055e-01 1.000000e-01 1.597577e+00 -0.995793 0.005580 0.023768 0.932424 0.028953 0.005067 0.995793 -0.006305 -0.029747 -0.930309 0.000000 
1.050000e-01 1.003099e-01 9.749985e-02 1.045055e-01 1.000000e-01 1.597577e+00 -0.995793 0.005580 0.023768 0.932424 0.028953 0.005067 0.995793 -0.006305 -0.029747 -0.930309 0.000000 
1.050000e-01 1.003099e-01 9.749985e-02 1.045055e-01 1.000000e-01 1.597577e+00 -0.995793 0.005580 0.023768 0.932424 0.028953 0.005067 0.995793 -0.006305 -0.029747 -0.930309 0.000000 
1.050000e-01 1.003099e-01 9.749985e-02 1.045055e-01 1.000000e-01 1.597577e+00 -0.995793 0.005580 0.023768 0.932424 0.028953 0.005067 0.995793 -0.006305 -0.029747 -0.930309 0.000000 
1.050000e-01 1.003099e-01 9.749985e-02 1.045055e-01 1.000000e-01 1.597577e+00 -0.995793 0.005580 0.023768 0.932424 0.028953 0.005067 0.995793 -0.006305 -0.029747 -0.930309 0.000000 
1.050000e-01 1.003099e-01 9.749985e-02 1.045055e-01 1.000000e-01 1.597577e+00 -0.995793 0.005580 0.023768 0.932424 0.028953 0.005067 0.995793 -0.006305 -0.029747 -0.930309 0.000000 
1.050000e-01 1.003099e-01 9.749985e-02 1.045055e-01 1.000000e-01 1.597577e+00 -0.995793 0.005580 0.023768 0.932424 0.028953 0.005067 0.995793 -0.006305 -0.029747 -0.930309 0.000000 
1.050000e-01 1.003099e-01 9.749985e-02 1.045055e-01 1.000000e-01 1.597577e+00 -0.995793 0.005580 0.023768 0.932424 0.028953 0.005067 0.995793 -0.006305 -0.029747 -0.930309 0.000000 
1.050000e-01 1.003099e-01 9.749985e-02 1.045055e-01 1.000000e-01 1.597577e+00 -0.995793 0.005580 0.023768 0.932424 0.028953 0.005067 0.995793 -0.006305 -0.029747 -0.930309 0.000000 
1.050000e-01 1.003099e-01 9.749985e-02 1.045055e-01 1.000000e-01 1.597577e+00 -0.995793 0.005580 0.023768 0.932424 0.028953 0.005067 0.995793 -0.006305 -0.029747 -0.930309 0.000000 
1.050000e-01 1.003099e-01 9.749985e-02 1.045055e-01 1.000000e-01 1.597577e+00 -0.995793 0.005580 0.023768 0.932424 0.028953 0.005067 0.995793 -0.006305 -0.029747 -0.930309 0.000000 
1.050000e-01 1.003099e-01 9.749985e-02 1.045055e-01 1.000000e-01 1.597577e+00 -0.995793 0.005580 0.023768 0.932424 0.028953 0.005067 0.995793 -0.006305 -0.029747 -0.930309 0.000000 
1.050000e-01 1.003099e-01 9.749985e-02 1.045055e-01 1.000000e-01 1.597577e+00 -0.995793 0.005580 0.023768 0.932424 0.028953 0.005067 0.995793 -0.006305 -0.029747 -0.930309 0.000000 
1.050000e-01 1.003099e-01 9.749985e-02 1.045055e-01 1.000000e-01 1.597577e+00 -0.995793 0.005580 0.023768 0.932424 0.028953 0.005067 0.995793 -0.006305 -0.029747 -0.930309 0.000000 
1.050000e-01 1.003099e-01 9.749985e-02 1.045055e-01 1.000000e-01 1.597577e+00 -0.995793 0.005580 0.023768 0.932424 0.028953 0.005067 0.995793 -0.006305 -0.029747 -0.930309 0.000000 
1.050000e-01 1.003099e-01 9.749985e-02 1.045055e-01 1.000000e-01 1.597577e+00 -0.995793 0.005580 0.023768 0.932424 0.028953 0.005067 0.995793 -0.006305 -0.029747 -0.930309 0.000000 
1.050000e-01 1.003099e-01 9.749985e-02 1.045055e-01 1.000000e-01 1.597577e+00 -0.995793 0.005580 0.023768 0.932424 0.028953 0.005067 0.995793 -0.006305 -0.029747 -0.930309 0.000000 
1.050000e-01 1.003099e-01 9.749985e-02 1.045055e-01 1.000000e-01 1.597577e+00 -0.995793 0.005580 0.023768 0.932424 0.028953 0.005067 0.995793 -0.006305 -0.029747 -0.930309 0.000000 
1.050000e-01 1.003099e-01 9.749985e-02 1.045055e-01 1.000000e-01 1.597577e+00 -0.995793 0.005580 0.023768 0.932424 0.028953 0.005067 0.995793 -0.006305 -0.029747 -0.930309 0.000000 
1.050000e-01 1.003099e-01 9.749985e-02 1.045055e-01 1.000000e-01 1.597577e+00 -0.995793 0.005580 0.023768 0.932424 0.028953 0.005067 0.995793 -0.006305 -0.029747 -0.930309 0.000000 
1.050000e-01 1.003099e-01 9.749985e-02 1.045055e-01 1.000000e-01 1.597577e+00 -0.995793 0.005580 0.023768 0.932424 0.028953 0.005067 0.995793 -0.006305 -0.029747 -0.930309 0.000000 
1.050000e-01 1.003099e-01 9.749985e-02 1.045055e-01 1.000000e-01 1.597577e+00 -0.995793 0.005580 0.023768 0.932424 0.028953 0.005067 0.995793 -0.006305 -0.029747 -0.930309 0.000000 
1.050000e-01 1.003099e-01 9.749985e-02 1.045055e-01 1.000000e-01 1.597577e+00 -0.995793 0.005580 0.023768 0.932424 0.028953 0.005067 0.995793 -0.006305 -0.029747 -0.930309 0.000000 
1.050000e-01 1.003099e-01 9.749985e-02 1.045055e-01 1.000000e-01 1.597577e+00 -0.995793 0.005580 0.023768 0.932424 0.028953 0.005067 0.995793 -0.006305 -0.029747 -0.930309 0.000000 
1.050000e-01 1.003099e-01 9.749985e-02 1.045055e-01 1.000000e-01 1.597577e+00 -0.995793 0.005580 0.023768 0.932424 0.028953 0.005067 0.995793 -0.006305 -0.029747 -0.930309 0.000000 
1.050000e-01 1.003099e-01 9.749985e-02 1.045055e-01 1.000000e-01 1.597577e+00 -0.995793 0.005580 0.023768 0.932424 0.028953 0.005067 0.995793 -0.006305 -0.029747 -0.930309 0.000000 
1.050000e-01 1.003099e-01 9.749985e-02 1.045055e-01 1.000000e-01 1.597577e+00 -0.995793 0.005580 0.023768 0.932424 0.028953 0.005067 0.995793 -0.006305 -0.029747 -0.930309 0.000000 
1.050000e-01 1.003099e-01 9.749985e-02 1.045055e-01 1.000000e-01 1.597577e+00 -0.995793 0.005580 0.023768 0.932424 0.028953 0.005067 0.995793 -0.006305 -0.029747 -0.930309 0.000000 
1.050000e-01 1.003099e-01 9.749985e-02 1.045055e-01 1.000000e-01 1.597577e+00 -0.995793 0.005580 0.023768 0.932424 0.028953 0.005067 0.995793 -0.006305 -0.029747 -0.930309 0.000000 
1.050000e-01 1.003099e-01 9.749985e-02 1.045055e-01 1.000000e-01 1.597577e+00 -0.995793 0.005580 0.023768 0.932424 0.028953 0.005067 0.995793 -0.006305 -0.029747 -0.930309 0.000000 
1.050000e-01 1.003099e-01 9.749985e-02 1.045055e-01 1.000000e-01 1.597577e+00 -0.995793 0.005580 0.023768 0.932424 0.028953 0.005067 0.995793 -0.006305 -0.029747 -0.930309 0.000000 
1.050000e-01 1.003099e-01 9.749985e-02 1.045055e-01 1.000000e-01 1.597577e+00 -0.995793 0.005580 0.023768 0.932424 0.028953 0.005067 0.995793 -0.006305 -0.029747 -0.930309 0.000000 
1.050000e-01 1.003099e-01 9.749985e-02 1.045055e-01 1.000000e-01 1.597577e+00 -0.995793 0.005580 0.023768 0.932424 0.028953 0.005067 0.995793 -0.006305 -0.029747 -0.930309 0.000000 
1.050000e-01 1.003099e-01 9.749985e-02 1.045055e-01 1.000000e-01 1.597577e+00 -0.995793 0.005580 0.023768 0.932424 0.028953 0.005067 0.995793 -0.006305 -0.029747 -0.930309 0.000000 
1.050000e-01 1.003099e-01 9.749985e-02 1.045055e-01 1.000000e-01 1.597577e+00 -0.995793 0.005580 0.023768 0.932424 0.028953 0.005067 0.995793 -0.006305 -0.029747 -0.930309 0.000000 
1.050000e-01 1.003099e-01 9.749985e-02 1.045055e-01 1.000000e-01 1.597577e+00 -0.995793 0.005580 0.023768 0.932424 0.028953 0.005067 0.995793 -0.006305 -0.029747 -0.930309 0.000000 
1.050000e-01 1.003099e-01 9.749985e-02 1.045055e-01 1.000000e-01 1.597577e+00 -0.995793 0.005580 0.023768 0.932424 0.028953 0.005067 0.995793 -0.006305 -0.029747 -0.930309 0.000000 
1.050000e-01 1.003099e-01 9.749985e-02 1.045055e-01 1.000000e-01 1.597577e+00 -0.995793 0.005580 0.023768 0.932424 0.028953 0.005067 0.995793 -0.006305 -0.029747 -0.930309 0.000000 
1.050000e-01 1.003099e-01 9.749985e-02 1.045055e-01 1.000000e-01 1.597577e+00 -0.995793 0.005580 0.023768 0.932424 0.028953 0.005067 0.995793 -0.006305 -0.029747 -0.930309 0.000000 
1.050000e-01 1.003099e-01 9.749985e-02 1.045055e-01 1.000000e-01 1.597577e+00 -0.995793 0.005580 0.023768 0.932424 0.028953 0.005067 0.995793 -0.006305 -0.029747 -0.930309 0.000000 
1.050000e-01 1.003099e-01 9.749985e-02 1.045055e-01 1.000000e-01 1.597577e+00 -0.995793 0.005580 0.023768 0.932424 0.028953 0.005067 0.995793 -0.006305 -0.029747 -0.930309 0.000000 
1.050000e-01 1.003099e-01 9.749985e-02 1.045055e-01 1.000000e-01 1.597577e+00 -0.995793 0.005580 0.023768 0.932424 0.028953 0.005067 0.995793 -0.006305 -0.029747 -0.930309 0.000000 
1.050000e-01 1.003099e-01 9.749985e-02 1.045055e-01 1.000000e-01 1.597577e+00 -0.995793 0.005580 0.023768 0.932424 0.028953 0.005067 0.995793 -0.006305 -0.029747 -0.930309 0.000000 
1.050000e-01 1.003099e-01 9.749985e-02 1.045055e-01 1.000000e-01 1.597577e+00 -0.995793 0.005580 0.023768 0.932424 0.028953 0.005067 0.995793 -0.006305 -0.029747 -0.930309 0.000000 
1.050000e-01 1.003099e-01 9.749985e-02 1.045055e-01 1.000000e-01 1.597577e+00 -0.995793 0.005580 0.023768 0.932424 0.028953 0.005067 0.995793 -0.006305 -0.029747 -0.930309 0.000000 
1.050000e-01 1.003099e-01 9.749985e-02 1.045055e-01 1.000000e-01 1.597577e+00 -0.995793 0.005580 0.023768 0.932424 0.028953 0.005067 0.995793 -0.006305 -0.029747 -0.930309 0.000000 
1.050000e-01 1.003099e-01 9.749985e-02 1.045055e-01 1.000000e-01 1.597577e+00 -0.995793 0.005580 0.023768 0.932424 0.028953 0.005067 0.995793 -0.006305 -0.029747 -0.930309 0.000000 
1.050000e-01 1.003099e-01 9.749985e-02 1.045055e-01 1.000000e-01 1.597577e+00 -0.995793 0.005580 0.023768 0.932424 0.028953 0.005067 0.995793 -0.006305 -0.029747 -0.930309 0.000000 
1.050000e-01 1.003099e-01 9.749985e-02 1.045055e-01 1.000000e-01 1.597577e+00 -0.995793 0.005580 0.023768 0.932424 0.028953 0.005067 0.995793 -0.006305 -0.029747 -0.930309 0.000000 
1.050000e-01 1.003099e-01 9.749985e-02 1.045055e-01 1.000000e-01 1.597577e+00 -0.995793 0.005580 0.023768 0.932424 0.028953 0.005067 0.995793 -0.006305 -0.029747 -0.930309 0.000000 
1.050000e-01 1.003099e-01 9.749985e-02 1.045055e-01 1.000000e-01 1.597577e+00 -0.995793 0.005580 0.023768 0.932424 0.028953 0.005067 0.995793 -0.006305 -0.029747 -0.930309 0.000000 
1.050000e-01 1.003099e-01 9.749985e-02 1.045055e-01 1.000000e-01 1.597577e+00 -0.995793 0.005580 0.023768 0.932424 0.028953 0.005067 0.995793 -0.006305 -0.029747 -0.930309 0.000000 
1.050000e-01 1.003099e-01 9.749985e-02 1.045055e-01 1.000000e-01 1.597577e+00 -0.995793 0.005580 0.023768 0.932424 0.028953 0.005067 0.995793 -0.006305 -0.029747 -0.930309 0.000000 
1.050000e-01 1.003099e-01 9.749985e-02 1.045055e-01 1.000000e-01 1.597577e+00 -0.995793 0.005580 0.023768 0.932424 0.028953 0.005067 0.995793 -0.006305 -0.029747 -0.930309 0.000000 
1.050000e-01 1.003099e-01 9.749985e-02 1.045055e-01 1.000000e-01 1.597577e+00 -0.995793 0.005580 0.023768 0.932424 0.028953 0.005067 0.995793 -0.006305 -0.029747 -0.930309 0.000000 
1.050000e-01 1.003099e-01 9.749985e-02 1.045055e-01 1.000000e-01 1.597577e+00 -0.995793 0.005580 0.023768 0.932424 0.028953 0.005067 0.995793 -0.006305 -0.029747 -0.930309 0.000000 
1.050000e-01 1.003099e-01 9.749985e-02 1.045055e-01 1.000000e-01 1.597577e+00 -0.995793 0.005580 0.023768 0.932424 0.028953 0.005067 0.995793 -0.006305 -0.029747 -0.930309 0.000000 
1.050000e-01 1.003099e-01 9.749985e-02 1.045055e-01 1.000000e-01 1.597577e+00 -0.995793 0.005580 0.023768 0.932424 0.028953 0.005067 0.995793 -0.006305 -0.029747 -0.930309 0.000000 
1.050000e-01 1.003099e-01 9.749985e-02 1.045055e-01 1.000000e-01 1.597577e+00 -0.995793 0.005580 0.023768 0.932424 0.028953 0.005067 0.995793 -0.006305 -0.029747 -0.930309 0.000000 
1.050000e-01 1.003099e-01 9.749985e-02 1.045055e-01 1.000000e-01 1.597577e+00 -0.995793 0.005580 0.023768 0.932424 0.028953 0.005067 0.995793 -0.006305 -0.029747 -0.930309 0.000000 
1.050000e-01 1.003099e-01 9.749985e-02 1.045055e-01 1.000000e-01 1.597577e+00 -0.995793 0.005580 0.023768 0.932424 0.028953 0.005067 0.995793 -0.006305 -0.029747 -0.930309 0.000000 
1.050000e-01 1.003099e-01 9.749985e-02 1.045055e-01 1.000000e-01 1.597577e+00 -0.995793 0.005580 0.023768 0.932424 0.028953 0.005067 0.995793 -0.006305 -0.029747 -0.930309 0.000000 
1.050000e-01 1.003099e-01 9.749985e-02 1.045055e-01 1.000000e-01 1.597577e+00 -0.995793 0.005580 0.023768 0.932424 0.028953 0.005067 0.995793 -0.006305 -0.029747 -0.930309 0.000000 
1.050000e-01 1.003099e-01 9.749985e-02 1.045055e-01 1.000000e-01 1.597577e+00 -0.995793 0.005580 0.023768 0.932424 0.028953 0.005067 0.995793 -0.006305 -0.029747 -0.930309 0.000000 
1.050000e-01 1.003099e-01 9.749985e-02 1.045055e-01 1.000000e-01 1.597577e+00 -0.995793 0.005580 0.023768 0.932424 0.028953 0.005067 0.995793 -0.006305 -0.029747 -0.930309 0.000000 
1.050000e-01 1.003099e-01 9.749985e-02 1.045055e-01 1.000000e-01 1.597577e+00 -0.995793 0.005580 0.023768 0.932424 0.028953 0.005067 0.995793 -0.006305 -0.029747 -0.930309 0.000000 
1.050000e-01 1.003099e-01 9.749985e-02 1.045055e-01 1.000000e-01 1.597577e+00 -0.995793 0.005580 0.023768 0.932424 0.028953 0.005067 0.995793 -0.006305 -0.029747 -0.930309 0.000000 
1.050000e-01 1.003099e-01 9.749985e-02 1.045055e-01 1.000000e-01 1.597577e+00 -0.995793 0.005580 0.023768 0.932424 0.028953 0.005067 0.995793 -0.006305 -0.029747 -0.930309 0.000000 
1.050000e-01 1.003099e-01 9.749985e-02 1.045055e-01 1.000000e-01 1.597577e+00 -0.995793 0.005580 0.023768 0.932424 0.028953 0.005067 0.995793 -0.006305 -0.029747 -0.930309 0.000000 
1.050000e-01 1.003099e-01 9.749985e-02 1.045055e-01 1.000000e-01 1.597577e+00 -0.995793 0.005580 0.023768 0.932424 0.028953 0.005067 0.995793 -0.006305 -0.029747 -0.930309 0.000000 
