# TeX TeY TeZ ThX ThY THZ P1 P2
9.000000e-02 1.000000e-01 1.065000e+00 9.000000e-02 1.000000e-01 1.065000e+00 0.000000 0.000000 0.000000 0.000000 0.000000 0.000000 0.000000 0.000000 0.000000 0.000000 0.000000 
9.000000e-02 1.000000e-01 1.054459e+00 9.000000e-02 1.000000e-01 1.072983e+00 -0.012238 0.001573 0.003145 0.003145 0.003159 0.001217 0.012238 -0.001571 -0.003142 -0.003145 0.000000 
9.000000e-02 1.000000e-01 1.043866e+00 9.000000e-02 1.000000e-01 1.080948e+00 -0.024499 0.003148 0.006295 0.006295 0.006324 0.002436 0.024499 -0.003144 -0.006290 -0.006296 0.000000 
9.000000e-02 1.000000e-01 1.033222e+00 8.999999e-02 1.000000e-01 1.088895e+00 -0.036782 0.004727 0.009451 0.009451 0.009495 0.003658 0.036782 -0.004721 -0.009443 -0.009452 0.000000 
9.000001e-02 1.000000e-01 1.022526e+00 8.999999e-02 1.000000e-01 1.096823e+00 -0.049086 0.006308 0.012613 0.012613 0.012671 0.004881 0.049086 -0.006300 -0.012602 -0.012614 0.000000 
9.000001e-02 1.000000e-01 1.011779e+00 8.999999e-02 1.000000e-01 1.104731e+00 -0.061411 0.007892 0.015780 0.015780 0.015852 0.006107 0.061411 -0.007882 -0.015766 -0.015781 0.000000 
9.000001e-02 1.000000e-01 1.000982e+00 8.999999e-02 1.000000e-01 1.112621e+00 -0.073757 0.009478 0.018953 0.018953 0.019039 0.007334 0.073757 -0.009466 -0.018936 -0.018954 0.000000 
9.000001e-02 1.000000e-01 9.901357e-01 8.999998e-02 1.000000e-01 1.120492e+00 -0.086123 0.011068 0.022131 0.022130 0.022230 0.008564 0.086123 -0.011053 -0.022111 -0.022131 0.000000 
9.000001e-02 1.000000e-01 9.792394e-01 8.999998e-02 1.000000e-01 1.128342e+00 -0.098509 0.012660 0.025315 0.025313 0.025427 0.009795 0.098509 -0.012643 -0.025291 -0.025314 0.000000 
9.000001e-02 1.000000e-01 9.682942e-01 8.999997e-02 1.000000e-01 1.136173e+00 -0.110914 0.014255 0.028503 0.028500 0.028627 0.011028 0.110914 -0.014235 -0.028476 -0.028502 0.000000 
9.000001e-02 1.000000e-01 9.573004e-01 8.999997e-02 1.000000e-01 1.143984e+00 -0.123338 0.015853 0.031697 0.031693 0.031833 0.012263 0.123338 -0.015830 -0.031665 -0.031695 0.000000 
9.000001e-02 1.000000e-01 9.462584e-01 8.999996e-02 1.000000e-01 1.151775e+00 -0.135781 0.017453 0.034896 0.034890 0.035042 0.013499 0.135781 -0.017426 -0.034860 -0.034892 0.000000 
9.000001e-02 1.000000e-01 9.351687e-01 8.999995e-02 1.000000e-01 1.159546e+00 -0.148241 0.019056 0.038101 0.038091 0.038256 0.014736 0.148241 -0.019026 -0.038059 -0.038094 0.000000 
9.000001e-02 1.000000e-01 9.240317e-01 8.999995e-02 1.000000e-01 1.167295e+00 -0.160719 0.020662 0.041310 0.041298 0.041474 0.015975 0.160719 -0.020627 -0.041262 -0.041300 0.000000 
9.000001e-02 1.000000e-01 9.128479e-01 8.999994e-02 1.000000e-01 1.175024e+00 -0.173214 0.022270 0.044525 0.044508 0.044695 0.017216 0.173214 -0.022231 -0.044470 -0.044511 0.000000 
9.000001e-02 1.000000e-01 9.016176e-01 8.999993e-02 1.000000e-01 1.182731e+00 -0.185726 0.023881 0.047745 0.047723 0.047919 0.018457 0.185726 -0.023837 -0.047682 -0.047726 0.000000 
9.000001e-02 1.000000e-01 8.903412e-01 8.999991e-02 1.000000e-01 1.190418e+00 -0.198254 0.025495 0.050970 0.050942 0.051147 0.019700 0.198254 -0.025445 -0.050899 -0.050946 0.000000 
9.000001e-02 1.000000e-01 8.790192e-01 8.999990e-02 1.000000e-01 1.198082e+00 -0.210798 0.027112 0.054200 0.054165 0.054378 0.020943 0.210798 -0.027054 -0.054119 -0.054169 0.000000 
9.000001e-02 1.000000e-01 8.676519e-01 8.999989e-02 1.000000e-01 1.205725e+00 -0.223358 0.028731 0.057435 0.057392 0.057611 0.022188 0.223357 -0.028666 -0.057344 -0.057397 0.000000 
9.000001e-02 1.000000e-01 8.562398e-01 8.999987e-02 1.000000e-01 1.213345e+00 -0.235932 0.030354 0.060675 0.060623 0.060847 0.023433 0.235932 -0.030280 -0.060572 -0.060628 0.000000 
9.000001e-02 1.000000e-01 8.447833e-01 8.999985e-02 1.000000e-01 1.220943e+00 -0.248521 0.031979 0.063921 0.063858 0.064085 0.024678 0.248521 -0.031896 -0.063804 -0.063863 0.000000 
9.000001e-02 1.000000e-01 8.332826e-01 8.999982e-02 1.000000e-01 1.228519e+00 -0.261124 0.033607 0.067171 0.067096 0.067324 0.025924 0.261124 -0.033513 -0.067040 -0.067102 0.000000 
9.000001e-02 1.000000e-01 8.217383e-01 8.999980e-02 1.000000e-01 1.236071e+00 -0.273741 0.035239 0.070428 0.070338 0.070566 0.027171 0.273741 -0.035133 -0.070279 -0.070344 0.000000 
9.000001e-02 1.000000e-01 8.101508e-01 8.999977e-02 1.000000e-01 1.243600e+00 -0.286371 0.036873 0.073690 0.073583 0.073808 0.028417 0.286371 -0.036754 -0.073521 -0.073589 0.000000 
9.000001e-02 1.000000e-01 7.985202e-01 8.999973e-02 1.000000e-01 1.251106e+00 -0.299014 0.038511 0.076957 0.076832 0.077050 0.029663 0.299014 -0.038376 -0.076767 -0.076838 0.000000 
9.000001e-02 1.000000e-01 7.868472e-01 8.999969e-02 1.000000e-01 1.258588e+00 -0.311669 0.040152 0.080231 0.080084 0.080293 0.030909 0.311669 -0.040001 -0.080016 -0.080090 0.000000 
9.000001e-02 9.999999e-02 7.751320e-01 8.999965e-02 1.000000e-01 1.266046e+00 -0.324336 0.041796 0.083510 0.083339 0.083536 0.032154 0.324336 -0.041626 -0.083268 -0.083345 0.000000 
9.000001e-02 9.999999e-02 7.633750e-01 8.999960e-02 1.000000e-01 1.273479e+00 -0.337015 0.043445 0.086796 0.086597 0.086778 0.033398 0.337015 -0.043254 -0.086523 -0.086604 0.000000 
9.000001e-02 9.999999e-02 7.515765e-01 8.999954e-02 1.000000e-01 1.280888e+00 -0.349705 0.045097 0.090089 0.089859 0.090019 0.034641 0.349705 -0.044882 -0.089781 -0.089865 0.000000 
9.000001e-02 9.999999e-02 7.397370e-01 8.999947e-02 1.000000e-01 1.288272e+00 -0.362406 0.046753 0.093388 0.093124 0.093257 0.035882 0.362405 -0.046512 -0.093042 -0.093128 0.000000 
9.000001e-02 9.999999e-02 7.278567e-01 8.999940e-02 1.000000e-01 1.295630e+00 -0.375116 0.048413 0.096695 0.096393 0.096493 0.037121 0.375116 -0.048144 -0.096305 -0.096395 0.000000 
9.000001e-02 9.999999e-02 7.159361e-01 8.999931e-02 1.000000e-01 1.302964e+00 -0.387837 0.050078 0.100010 0.099664 0.099726 0.038357 0.387837 -0.049776 -0.099571 -0.099663 0.000000 
9.000001e-02 9.999998e-02 7.039754e-01 8.999922e-02 1.000000e-01 1.310271e+00 -0.400567 0.051748 0.103333 0.102940 0.102954 0.039591 0.400567 -0.051410 -0.102839 -0.102935 0.000000 
9.000001e-02 9.999998e-02 6.919750e-01 8.999911e-02 1.000000e-01 1.317552e+00 -0.413306 0.053422 0.106666 0.106219 0.106177 0.040821 0.413305 -0.053045 -0.106110 -0.106208 0.000000 
9.000001e-02 9.999998e-02 6.799353e-01 8.999898e-02 1.000000e-01 1.324806e+00 -0.426053 0.055102 0.110008 0.109502 0.109394 0.042046 0.426053 -0.054681 -0.109382 -0.109484 0.000000 
9.000001e-02 9.999997e-02 6.678566e-01 8.999884e-02 1.000000e-01 1.332034e+00 -0.438808 0.056787 0.113360 0.112790 0.112603 0.043267 0.438808 -0.056318 -0.112657 -0.112762 0.000000 
9.000001e-02 9.999997e-02 6.557393e-01 8.999868e-02 1.000000e-01 1.339234e+00 -0.451571 0.058478 0.116724 0.116083 0.115805 0.044481 0.451571 -0.057956 -0.115934 -0.116041 0.000000 
9.000001e-02 9.999996e-02 6.435835e-01 8.999850e-02 1.000000e-01 1.346407e+00 -0.464341 0.060174 0.120100 0.119382 0.118995 0.045689 0.464341 -0.059595 -0.119212 -0.119323 0.000000 
9.000001e-02 9.999995e-02 6.313898e-01 8.999829e-02 1.000000e-01 1.353553e+00 -0.477118 0.061877 0.123489 0.122688 0.122175 0.046888 0.477118 -0.061235 -0.122493 -0.122606 0.000000 
9.000001e-02 9.999994e-02 6.191584e-01 8.999806e-02 1.000000e-01 1.360669e+00 -0.489901 0.063586 0.126893 0.126002 0.125342 0.048078 0.489901 -0.062875 -0.125774 -0.125891 0.000000 
9.000001e-02 9.999993e-02 6.068896e-01 8.999780e-02 1.000000e-01 1.367758e+00 -0.502690 0.065301 0.130313 0.129327 0.128492 0.049257 0.502690 -0.064517 -0.129058 -0.129177 0.000000 
9.000001e-02 9.999992e-02 5.945837e-01 8.999750e-02 1.000000e-01 1.374817e+00 -0.515485 0.067021 0.133750 0.132662 0.131627 0.050424 0.515484 -0.066159 -0.132343 -0.132465 0.000000 
9.000001e-02 9.999990e-02 5.822411e-01 8.999717e-02 1.000000e-01 1.381847e+00 -0.528284 0.068748 0.137208 0.136014 0.134740 0.051574 0.528284 -0.067801 -0.135629 -0.135754 0.000000 
9.000001e-02 9.999988e-02 5.698620e-01 8.999679e-02 1.000000e-01 1.388848e+00 -0.541088 0.070480 0.140686 0.139382 0.137832 0.052708 0.541087 -0.069445 -0.138916 -0.139045 0.000000 
9.000001e-02 9.999985e-02 5.574468e-01 8.999636e-02 1.000000e-01 1.395818e+00 -0.553896 0.072216 0.144187 0.142772 0.140898 0.053821 0.553895 -0.071088 -0.142204 -0.142336 0.000000 
9.000001e-02 9.999982e-02 5.449958e-01 8.999588e-02 1.000000e-01 1.402758e+00 -0.566707 0.073955 0.147717 0.146190 0.143933 0.054910 0.566707 -0.072733 -0.145493 -0.145628 0.000000 
9.000001e-02 9.999978e-02 5.325092e-01 8.999534e-02 1.000000e-01 1.409667e+00 -0.579521 0.075696 0.151273 0.149639 0.146939 0.055974 0.579521 -0.074377 -0.148783 -0.148921 0.000000 
9.000001e-02 9.999974e-02 5.199874e-01 8.999473e-02 1.000000e-01 1.416545e+00 -0.592339 0.077437 0.154864 0.153132 0.149903 0.057002 0.592338 -0.076022 -0.152074 -0.152215 0.000000 
9.000001e-02 9.999968e-02 5.074306e-01 8.999405e-02 1.000000e-01 1.423392e+00 -0.605158 0.079173 0.158490 0.156675 0.152826 0.057994 0.605158 -0.077667 -0.155365 -0.155510 0.000000 
9.000001e-02 9.999961e-02 4.948392e-01 8.999328e-02 1.000000e-01 1.430206e+00 -0.617979 0.080902 0.162155 0.160276 0.155702 0.058944 0.617979 -0.079313 -0.158657 -0.158805 0.000000 
9.000001e-02 9.999953e-02 4.822134e-01 8.999243e-02 1.000000e-01 1.436988e+00 -0.630802 0.082616 0.165870 0.163962 0.158516 0.059838 0.630802 -0.080958 -0.161949 -0.162100 0.000000 
9.000001e-02 9.999943e-02 4.695535e-01 8.999147e-02 1.000000e-01 1.443737e+00 -0.643625 0.084311 0.169632 0.167738 0.161269 0.060674 0.643625 -0.082603 -0.165241 -0.165396 0.000000 
9.000001e-02 9.999931e-02 4.568598e-01 8.999040e-02 1.000000e-01 1.450452e+00 -0.656449 0.085977 0.173451 0.171629 0.163950 0.061442 0.656449 -0.084249 -0.168533 -0.168693 0.000000 
9.000001e-02 9.999916e-02 4.441325e-01 8.998921e-02 1.000000e-01 1.457134e+00 -0.669273 0.087599 0.177340 0.175676 0.166537 0.062120 0.669273 -0.085894 -0.171826 -0.171990 0.000000 
9.000001e-02 9.999898e-02 4.313720e-01 8.998789e-02 1.000000e-01 1.463782e+00 -0.682096 0.089169 0.181297 0.179891 0.169030 0.062708 0.682096 -0.087538 -0.175118 -0.175288 0.000000 
9.000001e-02 9.999876e-02 4.185785e-01 8.998642e-02 1.000000e-01 1.470395e+00 -0.694919 0.090668 0.185335 0.184322 0.171407 0.063186 0.694918 -0.089181 -0.178410 -0.178587 0.000000 
9.000001e-02 9.999849e-02 4.057522e-01 8.998480e-02 1.000000e-01 1.476973e+00 -0.707740 0.092062 0.189475 0.189047 0.173634 0.063520 0.707739 -0.090824 -0.181702 -0.181888 0.000000 
9.000001e-02 9.999816e-02 3.928935e-01 8.998302e-02 1.000000e-01 1.483516e+00 -0.720559 0.093339 0.193714 0.194089 0.175705 0.063711 0.720558 -0.092464 -0.184993 -0.185192 0.000000 
9.000001e-02 9.999776e-02 3.800026e-01 8.998107e-02 1.000000e-01 1.490022e+00 -0.733375 0.094469 0.198065 0.199516 0.177590 0.063735 0.733375 -0.094102 -0.188284 -0.188501 0.000000 
9.000001e-02 9.999726e-02 3.670797e-01 8.997894e-02 1.000000e-01 1.496492e+00 -0.746189 0.095373 0.202565 0.205516 0.179207 0.063528 0.746189 -0.095735 -0.191575 -0.191816 0.000000 
9.000001e-02 9.999666e-02 3.541251e-01 8.997664e-02 1.000000e-01 1.502925e+00 -0.759000 0.096037 0.207204 0.212116 0.180545 0.063097 0.758999 -0.097362 -0.194865 -0.195142 0.000000 
9.000001e-02 9.999592e-02 3.411391e-01 8.997417e-02 1.000000e-01 1.509318e+00 -0.771805 0.096406 0.211994 0.219447 0.181547 0.062411 0.771805 -0.098979 -0.198155 -0.198485 0.000000 
9.000001e-02 9.999502e-02 3.281218e-01 8.997157e-02 1.000000e-01 1.515671e+00 -0.784605 0.096380 0.216956 0.227767 0.182091 0.061410 0.784605 -0.100582 -0.201444 -0.201854 0.000000 
9.000001e-02 9.999392e-02 3.150737e-01 8.996887e-02 1.000000e-01 1.521984e+00 -0.797399 0.095866 0.222091 0.237330 0.182061 0.060051 0.797399 -0.102164 -0.204734 -0.205262 0.000000 
9.000001e-02 9.999256e-02 3.019948e-01 8.996622e-02 1.000000e-01 1.528256e+00 -0.810187 0.094812 0.227369 0.248314 0.181366 0.058326 0.810186 -0.103712 -0.208024 -0.208734 0.000000 
9.000001e-02 9.999091e-02 2.888854e-01 8.996385e-02 1.000000e-01 1.534487e+00 -0.822967 0.093119 0.232749 0.261054 0.179846 0.056199 0.822967 -0.105211 -0.211317 -0.212300 0.000000 
9.000001e-02 9.998888e-02 2.757457e-01 8.996225e-02 1.000000e-01 1.540676e+00 -0.835741 0.090601 0.238143 0.276230 0.177174 0.053592 0.835741 -0.106636 -0.214612 -0.216014 0.000000 
9.000001e-02 9.998640e-02 2.625761e-01 8.996252e-02 1.000000e-01 1.546821e+00 -0.848506 0.087140 0.243360 0.294460 0.173065 0.050481 0.848506 -0.107944 -0.217913 -0.219959 0.000000 
9.000001e-02 9.998337e-02 2.493766e-01 8.996683e-02 1.000000e-01 1.552924e+00 -0.861264 0.082680 0.248099 0.316344 0.167263 0.046877 0.861264 -0.109081 -0.221222 -0.224251 0.000000 
9.000001e-02 9.997969e-02 2.361475e-01 8.997965e-02 1.000000e-01 1.558983e+00 -0.874012 0.077115 0.251859 0.342894 0.159376 0.042767 0.874012 -0.109950 -0.224539 -0.229095 0.000000 
9.000001e-02 9.997523e-02 2.228889e-01 9.001044e-02 1.000000e-01 1.564998e+00 -0.886753 0.070360 0.253790 0.375484 0.148965 0.038152 0.886753 -0.110414 -0.227862 -0.234795 0.000000 
9.000001e-02 9.996987e-02 2.096011e-01 9.007851e-02 1.000000e-01 1.570968e+00 -0.899487 0.062181 0.251777 0.417508 0.135049 0.032972 0.899487 -0.110282 -0.231175 -0.241801 0.000000 
9.000001e-02 9.996350e-02 1.962840e-01 9.022461e-02 1.000000e-01 1.576895e+00 -0.912226 0.052723 0.243236 0.471364 0.117575 0.027327 0.912225 -0.109221 -0.234422 -0.250951 0.000000 
9.000001e-02 9.995609e-02 1.829379e-01 9.052735e-02 1.000000e-01 1.582786e+00 -0.925008 0.041910 0.223054 0.542782 0.096060 0.021201 0.925008 -0.106813 -0.237459 -0.263495 0.000000 
9.000001e-02 9.994776e-02 1.695627e-01 9.111443e-02 1.000000e-01 1.588673e+00 -0.937975 0.029356 0.181968 0.642874 0.069388 0.014390 0.937975 -0.102500 -0.239936 -0.281494 0.000000 
9.000001e-02 9.993919e-02 1.561577e-01 9.202925e-02 1.000000e-01 1.594706e+00 -0.951581 0.013668 0.104352 0.793821 0.033697 0.006042 0.951581 -0.095461 -0.240918 -0.309082 0.000000 
9.000001e-02 9.993317e-02 1.427202e-01 9.237002e-02 1.000000e-01 1.597533e+00 -0.963251 0.004521 0.044728 0.900265 0.012302 0.001435 0.963251 -0.084453 -0.237180 -0.352598 0.000000 
9.000001e-02 9.994175e-02 1.292359e-01 9.237002e-02 1.000000e-01 1.597533e+00 -0.972225 0.005673 0.047032 0.902571 0.014620 0.002328 0.972225 -0.068464 -0.222402 -0.425400 0.000000 
9.000001e-02 1.000145e-01 1.156378e-01 9.237002e-02 1.000000e-01 1.597533e+00 -0.981489 0.006862 0.049411 0.904952 0.017014 0.003251 0.981489 -0.046712 -0.181331 -0.559241 0.000000 
9.000001e-02 1.002449e-01 1.016881e-01 9.237002e-02 1.000000e-01 1.597533e+00 -0.991944 0.008204 0.052095 0.907638 0.019715 0.004292 0.991944 -0.016918 -0.077153 -0.820628 0.000000 
9.000001e-02 1.003092e-01 9.749937e-02 9.237002e-02 1.000000e-01 1.597533e+00 -0.995439 0.008652 0.052992 0.908537 0.020618 0.004640 0.995439 -0.006258 -0.029652 -0.930231 0.000000 
9.000001e-02 1.003092e-01 9.749937e-02 9.237002e-02 1.000000e-01 1.597533e+00 -0.995439 0.008652 0.052992 0.908537 0.020618 0.004640 0.995439 -0.006258 -0.029652 -0.930231 0.000000 
9.000001e-02 1.003092e-01 9.749937e-02 9.237002e-02 1.000000e-01 1.597533e+00 -0.995439 0.008652 0.052992 0.908537 0.020618 0.004640 0.995439 -0.006258 -0.029652 -0.930231 0.000000 
9.000001e-02 1.003092e-01 9.749937e-02 9.237002e-02 1.000000e-01 1.597533e+00 -0.995439 0.008652 0.052992 0.908537 0.020618 0.004640 0.995439 -0.006258 -0.029652 -0.930231 0.000000 
9.000001e-02 1.003092e-01 9.749937e-02 9.237002e-02 1.000000e-01 1.597533e+00 -0.995439 0.008652 0.052992 0.908537 0.020618 0.004640 0.995439 -0.006258 -0.029652 -0.930231 0.000000 
9.000001e-02 1.003092e-01 9.749937e-02 9.237002e-02 1.000000e-01 1.597533e+00 -0.995439 0.008652 0.052992 0.908537 0.020618 0.004640 0.995439 -0.006258 -0.029652 -0.930231 0.000000 
9.000001e-02 1.003092e-01 9.749937e-02 9.237002e-02 1.000000e-01 1.597533e+00 -0.995439 0.008652 0.052992 0.908537 0.020618 0.004640 0.995439 -0.006258 -0.029652 -0.930231 0.000000 
9.000001e-02 1.003092e-01 9.749937e-02 9.237002e-02 1.000000e-01 1.597533e+00 -0.995439 0.008652 0.052992 0.908537 0.020618 0.004640 0.995439 -0.006258 -0.029652 -0.930231 0.000000 
9.000001e-02 1.003092e-01 9.749937e-02 9.237002e-02 1.000000e-01 1.597533e+00 -0.995439 0.008652 0.052992 0.908537 0.020618 0.004640 0.995439 -0.006258 -0.029652 -0.930231 0.000000 
9.000001e-02 1.003092e-01 9.749937e-02 9.237002e-02 1.000000e-01 1.597533e+00 -0.995439 0.008652 0.052992 0.908537 0.020618 0.004640 0.995439 -0.006258 -0.029652 -0.930231 0.000000 
9.000001e-02 1.003092e-01 9.749937e-02 9.237002e-02 1.000000e-01 1.597533e+00 -0.995439 0.008652 0.052992 0.908537 0.020618 0.004640 0.995439 -0.006258 -0.029652 -0.930231 0.000000 
9.000001e-02 1.003092e-01 9.749937e-02 9.237002e-02 1.000000e-01 1.597533e+00 -0.995439 0.008652 0.052992 0.908537 0.020618 0.004640 0.995439 -0.006258 -0.029652 -0.930231 0.000000 
9.000001e-02 1.003092e-01 9.749937e-02 9.237002e-02 1.000000e-01 1.597533e+00 -0.995439 0.008652 0.052992 0.908537 0.020618 0.004640 0.995439 -0.006258 -0.029652 -0.930231 0.000000 
9.000001e-02 1.003092e-01 9.749937e-02 9.237002e-02 1.000000e-01 1.597533e+00 -0.995439 0.008652 0.052992 0.908537 0.020618 0.004640 0.995439 -0.006258 -0.029652 -0.930231 0.000000 
9.000001e-02 1.003092e-01 9.749937e-02 9.237002e-02 1.000000e-01 1.597533e+00 -0.995439 0.008652 0.052992 0.908537 0.020618 0.004640 0.995439 -0.006258 -0.029652 -0.930231 0.000000 
9.000001e-02 1.003092e-01 9.749937e-02 9.237002e-02 1.000000e-01 1.597533e+00 -0.995439 0.008652 0.052992 0.908537 0.020618 0.004640 0.995439 -0.006258 -0.029652 -0.930231 0.000000 
9.000001e-02 1.003092e-01 9.749937e-02 9.237002e-02 1.000000e-01 1.597533e+00 -0.995439 0.008652 0.052992 0.908537 0.020618 0.004640 0.995439 -0.006258 -0.029652 -0.930231 0.000000 
9.000001e-02 1.003092e-01 9.749937e-02 9.237002e-02 1.000000e-01 1.597533e+00 -0.995439 0.008652 0.052992 0.908537 0.020618 0.004640 0.995439 -0.006258 -0.029652 -0.930231 0.000000 
9.000001e-02 1.003092e-01 9.749937e-02 9.237002e-02 1.000000e-01 1.597533e+00 -0.995439 0.008652 0.052992 0.908537 0.020618 0.004640 0.995439 -0.006258 -0.029652 -0.930231 0.000000 
9.000001e-02 1.003092e-01 9.749937e-02 9.237002e-02 1.000000e-01 1.597533e+00 -0.995439 0.008652 0.052992 0.908537 0.020618 0.004640 0.995439 -0.006258 -0.029652 -0.930231 0.000000 
9.000001e-02 1.003092e-01 9.749937e-02 9.237002e-02 1.000000e-01 1.597533e+00 -0.995439 0.008652 0.052992 0.908537 0.020618 0.004640 0.995439 -0.006258 -0.029652 -0.930231 0.000000 
9.000001e-02 1.003092e-01 9.749937e-02 9.237002e-02 1.000000e-01 1.597533e+00 -0.995439 0.008652 0.052992 0.908537 0.020618 0.004640 0.995439 -0.006258 -0.029652 -0.930231 0.000000 
9.000001e-02 1.003092e-01 9.749937e-02 9.237002e-02 1.000000e-01 1.597533e+00 -0.995439 0.008652 0.052992 0.908537 0.020618 0.004640 0.995439 -0.006258 -0.029652 -0.930231 0.000000 
9.000001e-02 1.003092e-01 9.749937e-02 9.237002e-02 1.000000e-01 1.597533e+00 -0.995439 0.008652 0.052992 0.908537 0.020618 0.004640 0.995439 -0.006258 -0.029652 -0.930231 0.000000 
9.000001e-02 1.003092e-01 9.749937e-02 9.237002e-02 1.000000e-01 1.597533e+00 -0.995439 0.008652 0.052992 0.908537 0.020618 0.004640 0.995439 -0.006258 -0.029652 -0.930231 0.000000 
9.000001e-02 1.003092e-01 9.749937e-02 9.237002e-02 1.000000e-01 1.597533e+00 -0.995439 0.008652 0.052992 0.908537 0.020618 0.004640 0.995439 -0.006258 -0.029652 -0.930231 0.000000 
9.000001e-02 1.003092e-01 9.749937e-02 9.237002e-02 1.000000e-01 1.597533e+00 -0.995439 0.008652 0.052992 0.908537 0.020618 0.004640 0.995439 -0.006258 -0.029652 -0.930231 0.000000 
9.000001e-02 1.003092e-01 9.749937e-02 9.237002e-02 1.000000e-01 1.597533e+00 -0.995439 0.008652 0.052992 0.908537 0.020618 0.004640 0.995439 -0.006258 -0.029652 -0.930231 0.000000 
9.000001e-02 1.003092e-01 9.749937e-02 9.237002e-02 1.000000e-01 1.597533e+00 -0.995439 0.008652 0.052992 0.908537 0.020618 0.004640 0.995439 -0.006258 -0.029652 -0.930231 0.000000 
9.000001e-02 1.003092e-01 9.749937e-02 9.237002e-02 1.000000e-01 1.597533e+00 -0.995439 0.008652 0.052992 0.908537 0.020618 0.004640 0.995439 -0.006258 -0.029652 -0.930231 0.000000 
9.000001e-02 1.003092e-01 9.749937e-02 9.237002e-02 1.000000e-01 1.597533e+00 -0.995439 0.008652 0.052992 0.908537 0.020618 0.004640 0.995439 -0.006258 -0.029652 -0.930231 0.000000 
9.000001e-02 1.003092e-01 9.749937e-02 9.237002e-02 1.000000e-01 1.597533e+00 -0.995439 0.008652 0.052992 0.908537 0.020618 0.004640 0.995439 -0.006258 -0.029652 -0.930231 0.000000 
9.000001e-02 1.003092e-01 9.749937e-02 9.237002e-02 1.000000e-01 1.597533e+00 -0.995439 0.008652 0.052992 0.908537 0.020618 0.004640 0.995439 -0.006258 -0.029652 -0.930231 0.000000 
9.000001e-02 1.003092e-01 9.749937e-02 9.237002e-02 1.000000e-01 1.597533e+00 -0.995439 0.008652 0.052992 0.908537 0.020618 0.004640 0.995439 -0.006258 -0.029652 -0.930231 0.000000 
9.000001e-02 1.003092e-01 9.749937e-02 9.237002e-02 1.000000e-01 1.597533e+00 -0.995439 0.008652 0.052992 0.908537 0.020618 0.004640 0.995439 -0.006258 -0.029652 -0.930231 0.000000 
9.000001e-02 1.003092e-01 9.749937e-02 9.237002e-02 1.000000e-01 1.597533e+00 -0.995439 0.008652 0.052992 0.908537 0.020618 0.004640 0.995439 -0.006258 -0.029652 -0.930231 0.000000 
9.000001e-02 1.003092e-01 9.749937e-02 9.237002e-02 1.000000e-01 1.597533e+00 -0.995439 0.008652 0.052992 0.908537 0.020618 0.004640 0.995439 -0.006258 -0.029652 -0.930231 0.000000 
9.000001e-02 1.003092e-01 9.749937e-02 9.237002e-02 1.000000e-01 1.597533e+00 -0.995439 0.008652 0.052992 0.908537 0.020618 0.004640 0.995439 -0.006258 -0.029652 -0.930231 0.000000 
9.000001e-02 1.003092e-01 9.749937e-02 9.237002e-02 1.000000e-01 1.597533e+00 -0.995439 0.008652 0.052992 0.908537 0.020618 0.004640 0.995439 -0.006258 -0.029652 -0.930231 0.000000 
9.000001e-02 1.003092e-01 9.749937e-02 9.237002e-02 1.000000e-01 1.597533e+00 -0.995439 0.008652 0.052992 0.908537 0.020618 0.004640 0.995439 -0.006258 -0.029652 -0.930231 0.000000 
9.000001e-02 1.003092e-01 9.749937e-02 9.237002e-02 1.000000e-01 1.597533e+00 -0.995439 0.008652 0.052992 0.908537 0.020618 0.004640 0.995439 -0.006258 -0.029652 -0.930231 0.000000 
9.000001e-02 1.003092e-01 9.749937e-02 9.237002e-02 1.000000e-01 1.597533e+00 -0.995439 0.008652 0.052992 0.908537 0.020618 0.004640 0.995439 -0.006258 -0.029652 -0.930231 0.000000 
9.000001e-02 1.003092e-01 9.749937e-02 9.237002e-02 1.000000e-01 1.597533e+00 -0.995439 0.008652 0.052992 0.908537 0.020618 0.004640 0.995439 -0.006258 -0.029652 -0.930231 0.000000 
9.000001e-02 1.003092e-01 9.749937e-02 9.237002e-02 1.000000e-01 1.597533e+00 -0.995439 0.008652 0.052992 0.908537 0.020618 0.004640 0.995439 -0.006258 -0.029652 -0.930231 0.000000 
9.000001e-02 1.003092e-01 9.749937e-02 9.237002e-02 1.000000e-01 1.597533e+00 -0.995439 0.008652 0.052992 0.908537 0.020618 0.004640 0.995439 -0.006258 -0.029652 -0.930231 0.000000 
9.000001e-02 1.003092e-01 9.749937e-02 9.237002e-02 1.000000e-01 1.597533e+00 -0.995439 0.008652 0.052992 0.908537 0.020618 0.004640 0.995439 -0.006258 -0.029652 -0.930231 0.000000 
9.000001e-02 1.003092e-01 9.749937e-02 9.237002e-02 1.000000e-01 1.597533e+00 -0.995439 0.008652 0.052992 0.908537 0.020618 0.004640 0.995439 -0.006258 -0.029652 -0.930231 0.000000 
9.000001e-02 1.003092e-01 9.749937e-02 9.237002e-02 1.000000e-01 1.597533e+00 -0.995439 0.008652 0.052992 0.908537 0.020618 0.004640 0.995439 -0.006258 -0.029652 -0.930231 0.000000 
9.000001e-02 1.003092e-01 9.749937e-02 9.237002e-02 1.000000e-01 1.597533e+00 -0.995439 0.008652 0.052992 0.908537 0.020618 0.004640 0.995439 -0.006258 -0.029652 -0.930231 0.000000 
9.000001e-02 1.003092e-01 9.749937e-02 9.237002e-02 1.000000e-01 1.597533e+00 -0.995439 0.008652 0.052992 0.908537 0.020618 0.004640 0.995439 -0.006258 -0.029652 -0.930231 0.000000 
9.000001e-02 1.003092e-01 9.749937e-02 9.237002e-02 1.000000e-01 1.597533e+00 -0.995439 0.008652 0.052992 0.908537 0.020618 0.004640 0.995439 -0.006258 -0.029652 -0.930231 0.000000 
9.000001e-02 1.003092e-01 9.749937e-02 9.237002e-02 1.000000e-01 1.597533e+00 -0.995439 0.008652 0.052992 0.908537 0.020618 0.004640 0.995439 -0.006258 -0.029652 -0.930231 0.000000 
9.000001e-02 1.003092e-01 9.749937e-02 9.237002e-02 1.000000e-01 1.597533e+00 -0.995439 0.008652 0.052992 0.908537 0.020618 0.004640 0.995439 -0.006258 -0.029652 -0.930231 0.000000 
9.000001e-02 1.003092e-01 9.749937e-02 9.237002e-02 1.000000e-01 1.597533e+00 -0.995439 0.008652 0.052992 0.908537 0.020618 0.004640 0.995439 -0.006258 -0.029652 -0.930231 0.000000 
9.000001e-02 1.003092e-01 9.749937e-02 9.237002e-02 1.000000e-01 1.597533e+00 -0.995439 0.008652 0.052992 0.908537 0.020618 0.004640 0.995439 -0.006258 -0.029652 -0.930231 0.000000 
9.000001e-02 1.003092e-01 9.749937e-02 9.237002e-02 1.000000e-01 1.597533e+00 -0.995439 0.008652 0.052992 0.908537 0.020618 0.004640 0.995439 -0.006258 -0.029652 -0.930231 0.000000 
9.000001e-02 1.003092e-01 9.749937e-02 9.237002e-02 1.000000e-01 1.597533e+00 -0.995439 0.008652 0.052992 0.908537 0.020618 0.004640 0.995439 -0.006258 -0.029652 -0.930231 0.000000 
9.000001e-02 1.003092e-01 9.749937e-02 9.237002e-02 1.000000e-01 1.597533e+00 -0.995439 0.008652 0.052992 0.908537 0.020618 0.004640 0.995439 -0.006258 -0.029652 -0.930231 0.000000 
9.000001e-02 1.003092e-01 9.749937e-02 9.237002e-02 1.000000e-01 1.597533e+00 -0.995439 0.008652 0.052992 0.908537 0.020618 0.004640 0.995439 -0.006258 -0.029652 -0.930231 0.000000 
9.000001e-02 1.003092e-01 9.749937e-02 9.237002e-02 1.000000e-01 1.597533e+00 -0.995439 0.008652 0.052992 0.908537 0.020618 0.004640 0.995439 -0.006258 -0.029652 -0.930231 0.000000 
9.000001e-02 1.003092e-01 9.749937e-02 9.237002e-02 1.000000e-01 1.597533e+00 -0.995439 0.008652 0.052992 0.908537 0.020618 0.004640 0.995439 -0.006258 -0.029652 -0.930231 0.000000 
9.000001e-02 1.003092e-01 9.749937e-02 9.237002e-02 1.000000e-01 1.597533e+00 -0.995439 0.008652 0.052992 0.908537 0.020618 0.004640 0.995439 -0.006258 -0.029652 -0.930231 0.000000 
9.000001e-02 1.003092e-01 9.749937e-02 9.237002e-02 1.000000e-01 1.597533e+00 -0.995439 0.008652 0.052992 0.908537 0.020618 0.004640 0.995439 -0.006258 -0.029652 -0.930231 0.000000 
9.000001e-02 1.003092e-01 9.749937e-02 9.237002e-02 1.000000e-01 1.597533e+00 -0.995439 0.008652 0.052992 0.908537 0.020618 0.004640 0.995439 -0.006258 -0.029652 -0.930231 0.000000 
9.000001e-02 1.003092e-01 9.749937e-02 9.237002e-02 1.000000e-01 1.597533e+00 -0.995439 0.008652 0.052992 0.908537 0.020618 0.004640 0.995439 -0.006258 -0.029652 -0.930231 0.000000 
9.000001e-02 1.003092e-01 9.749937e-02 9.237002e-02 1.000000e-01 1.597533e+00 -0.995439 0.008652 0.052992 0.908537 0.020618 0.004640 0.995439 -0.006258 -0.029652 -0.930231 0.000000 
9.000001e-02 1.003092e-01 9.749937e-02 9.237002e-02 1.000000e-01 1.597533e+00 -0.995439 0.008652 0.052992 0.908537 0.020618 0.004640 0.995439 -0.006258 -0.029652 -0.930231 0.000000 
9.000001e-02 1.003092e-01 9.749937e-02 9.237002e-02 1.000000e-01 1.597533e+00 -0.995439 0.008652 0.052992 0.908537 0.020618 0.004640 0.995439 -0.006258 -0.029652 -0.930231 0.000000 
9.000001e-02 1.003092e-01 9.749937e-02 9.237002e-02 1.000000e-01 1.597533e+00 -0.995439 0.008652 0.052992 0.908537 0.020618 0.004640 0.995439 -0.006258 -0.029652 -0.930231 0.000000 
9.000001e-02 1.003092e-01 9.749937e-02 9.237002e-02 1.000000e-01 1.597533e+00 -0.995439 0.008652 0.052992 0.908537 0.020618 0.004640 0.995439 -0.006258 -0.029652 -0.930231 0.000000 
9.000001e-02 1.003092e-01 9.749937e-02 9.237002e-02 1.000000e-01 1.597533e+00 -0.995439 0.008652 0.052992 0.908537 0.020618 0.004640 0.995439 -0.006258 -0.029652 -0.930231 0.000000 
9.000001e-02 1.003092e-01 9.749937e-02 9.237002e-02 1.000000e-01 1.597533e+00 -0.995439 0.008652 0.052992 0.908537 0.020618 0.004640 0.995439 -0.006258 -0.029652 -0.930231 0.000000 
9.000001e-02 1.003092e-01 9.749937e-02 9.237002e-02 1.000000e-01 1.597533e+00 -0.995439 0.008652 0.052992 0.908537 0.020618 0.004640 0.995439 -0.006258 -0.029652 -0.930231 0.000000 
9.000001e-02 1.003092e-01 9.749937e-02 9.237002e-02 1.000000e-01 1.597533e+00 -0.995439 0.008652 0.052992 0.908537 0.020618 0.004640 0.995439 -0.006258 -0.029652 -0.930231 0.000000 
9.000001e-02 1.003092e-01 9.749937e-02 9.237002e-02 1.000000e-01 1.597533e+00 -0.995439 0.008652 0.052992 0.908537 0.020618 0.004640 0.995439 -0.006258 -0.029652 -0.930231 0.000000 
9.000001e-02 1.003092e-01 9.749937e-02 9.237002e-02 1.000000e-01 1.597533e+00 -0.995439 0.008652 0.052992 0.908537 0.020618 0.004640 0.995439 -0.006258 -0.029652 -0.930231 0.000000 
9.000001e-02 1.003092e-01 9.749937e-02 9.237002e-02 1.000000e-01 1.597533e+00 -0.995439 0.008652 0.052992 0.908537 0.020618 0.004640 0.995439 -0.006258 -0.029652 -0.930231 0.000000 
9.000001e-02 1.003092e-01 9.749937e-02 9.237002e-02 1.000000e-01 1.597533e+00 -0.995439 0.008652 0.052992 0.908537 0.020618 0.004640 0.995439 -0.006258 -0.029652 -0.930231 0.000000 
9.000001e-02 1.003092e-01 9.749937e-02 9.237002e-02 1.000000e-01 1.597533e+00 -0.995439 0.008652 0.052992 0.908537 0.020618 0.004640 0.995439 -0.006258 -0.029652 -0.930231 0.000000 
9.000001e-02 1.003092e-01 9.749937e-02 9.237002e-02 1.000000e-01 1.597533e+00 -0.995439 0.008652 0.052992 0.908537 0.020618 0.004640 0.995439 -0.006258 -0.029652 -0.930231 0.000000 
9.000001e-02 1.003092e-01 9.749937e-02 9.237002e-02 1.000000e-01 1.597533e+00 -0.995439 0.008652 0.052992 0.908537 0.020618 0.004640 0.995439 -0.006258 -0.029652 -0.930231 0.000000 
9.000001e-02 1.003092e-01 9.749937e-02 9.237002e-02 1.000000e-01 1.597533e+00 -0.995439 0.008652 0.052992 0.908537 0.020618 0.004640 0.995439 -0.006258 -0.029652 -0.930231 0.000000 
9.000001e-02 1.003092e-01 9.749937e-02 9.237002e-02 1.000000e-01 1.597533e+00 -0.995439 0.008652 0.052992 0.908537 0.020618 0.004640 0.995439 -0.006258 -0.029652 -0.930231 0.000000 
9.000001e-02 1.003092e-01 9.749937e-02 9.237002e-02 1.000000e-01 1.597533e+00 -0.995439 0.008652 0.052992 0.908537 0.020618 0.004640 0.995439 -0.006258 -0.029652 -0.930231 0.000000 
9.000001e-02 1.003092e-01 9.749937e-02 9.237002e-02 1.000000e-01 1.597533e+00 -0.995439 0.008652 0.052992 0.908537 0.020618 0.004640 0.995439 -0.006258 -0.029652 -0.930231 0.000000 
9.000001e-02 1.003092e-01 9.749937e-02 9.237002e-02 1.000000e-01 1.597533e+00 -0.995439 0.008652 0.052992 0.908537 0.020618 0.004640 0.995439 -0.006258 -0.029652 -0.930231 0.000000 
9.000001e-02 1.003092e-01 9.749937e-02 9.237002e-02 1.000000e-01 1.597533e+00 -0.995439 0.008652 0.052992 0.908537 0.020618 0.004640 0.995439 -0.006258 -0.029652 -0.930231 0.000000 
9.000001e-02 1.003092e-01 9.749937e-02 9.237002e-02 1.000000e-01 1.597533e+00 -0.995439 0.008652 0.052992 0.908537 0.020618 0.004640 0.995439 -0.006258 -0.029652 -0.930231 0.000000 
9.000001e-02 1.003092e-01 9.749937e-02 9.237002e-02 1.000000e-01 1.597533e+00 -0.995439 0.008652 0.052992 0.908537 0.020618 0.004640 0.995439 -0.006258 -0.029652 -0.930231 0.000000 
9.000001e-02 1.003092e-01 9.749937e-02 9.237002e-02 1.000000e-01 1.597533e+00 -0.995439 0.008652 0.052992 0.908537 0.020618 0.004640 0.995439 -0.006258 -0.029652 -0.930231 0.000000 
9.000001e-02 1.003092e-01 9.749937e-02 9.237002e-02 1.000000e-01 1.597533e+00 -0.995439 0.008652 0.052992 0.908537 0.020618 0.004640 0.995439 -0.006258 -0.029652 -0.930231 0.000000 
9.000001e-02 1.003092e-01 9.749937e-02 9.237002e-02 1.000000e-01 1.597533e+00 -0.995439 0.008652 0.052992 0.908537 0.020618 0.004640 0.995439 -0.006258 -0.029652 -0.930231 0.000000 
9.000001e-02 1.003092e-01 9.749937e-02 9.237002e-02 1.000000e-01 1.597533e+00 -0.995439 0.008652 0.052992 0.908537 0.020618 0.004640 0.995439 -0.006258 -0.029652 -0.930231 0.000000 
9.000001e-02 1.003092e-01 9.749937e-02 9.237002e-02 1.000000e-01 1.597533e+00 -0.995439 0.008652 0.052992 0.908537 0.020618 0.004640 0.995439 -0.006258 -0.029652 -0.930231 0.000000 
9.000001e-02 1.003092e-01 9.749937e-02 9.237002e-02 1.000000e-01 1.597533e+00 -0.995439 0.008652 0.052992 0.908537 0.020618 0.004640 0.995439 -0.006258 -0.029652 -0.930231 0.000000 
9.000001e-02 1.003092e-01 9.749937e-02 9.237002e-02 1.000000e-01 1.597533e+00 -0.995439 0.008652 0.052992 0.908537 0.020618 0.004640 0.995439 -0.006258 -0.029652 -0.930231 0.000000 
9.000001e-02 1.003092e-01 9.749937e-02 9.237002e-02 1.000000e-01 1.597533e+00 -0.995439 0.008652 0.052992 0.908537 0.020618 0.004640 0.995439 -0.006258 -0.029652 -0.930231 0.000000 
9.000001e-02 1.003092e-01 9.749937e-02 9.237002e-02 1.000000e-01 1.597533e+00 -0.995439 0.008652 0.052992 0.908537 0.020618 0.004640 0.995439 -0.006258 -0.029652 -0.930231 0.000000 
9.000001e-02 1.003092e-01 9.749937e-02 9.237002e-02 1.000000e-01 1.597533e+00 -0.995439 0.008652 0.052992 0.908537 0.020618 0.004640 0.995439 -0.006258 -0.029652 -0.930231 0.000000 
9.000001e-02 1.003092e-01 9.749937e-02 9.237002e-02 1.000000e-01 1.597533e+00 -0.995439 0.008652 0.052992 0.908537 0.020618 0.004640 0.995439 -0.006258 -0.029652 -0.930231 0.000000 
9.000001e-02 1.003092e-01 9.749937e-02 9.237002e-02 1.000000e-01 1.597533e+00 -0.995439 0.008652 0.052992 0.908537 0.020618 0.004640 0.995439 -0.006258 -0.029652 -0.930231 0.000000 
9.000001e-02 1.003092e-01 9.749937e-02 9.237002e-02 1.000000e-01 1.597533e+00 -0.995439 0.008652 0.052992 0.908537 0.020618 0.004640 0.995439 -0.006258 -0.029652 -0.930231 0.000000 
9.000001e-02 1.003092e-01 9.749937e-02 9.237002e-02 1.000000e-01 1.597533e+00 -0.995439 0.008652 0.052992 0.908537 0.020618 0.004640 0.995439 -0.006258 -0.029652 -0.930231 0.000000 
9.000001e-02 1.003092e-01 9.749937e-02 9.237002e-02 1.000000e-01 1.597533e+00 -0.995439 0.008652 0.052992 0.908537 0.020618 0.004640 0.995439 -0.006258 -0.029652 -0.930231 0.000000 
9.000001e-02 1.003092e-01 9.749937e-02 9.237002e-02 1.000000e-01 1.597533e+00 -0.995439 0.008652 0.052992 0.908537 0.020618 0.004640 0.995439 -0.006258 -0.029652 -0.930231 0.000000 
9.000001e-02 1.003092e-01 9.749937e-02 9.237002e-02 1.000000e-01 1.597533e+00 -0.995439 0.008652 0.052992 0.908537 0.020618 0.004640 0.995439 -0.006258 -0.029652 -0.930231 0.000000 
9.000001e-02 1.003092e-01 9.749937e-02 9.237002e-02 1.000000e-01 1.597533e+00 -0.995439 0.008652 0.052992 0.908537 0.020618 0.004640 0.995439 -0.006258 -0.029652 -0.930231 0.000000 
9.000001e-02 1.003092e-01 9.749937e-02 9.237002e-02 1.000000e-01 1.597533e+00 -0.995439 0.008652 0.052992 0.908537 0.020618 0.004640 0.995439 -0.006258 -0.029652 -0.930231 0.000000 
9.000001e-02 1.003092e-01 9.749937e-02 9.237002e-02 1.000000e-01 1.597533e+00 -0.995439 0.008652 0.052992 0.908537 0.020618 0.004640 0.995439 -0.006258 -0.029652 -0.930231 0.000000 
9.000001e-02 1.003092e-01 9.749937e-02 9.237002e-02 1.000000e-01 1.597533e+00 -0.995439 0.008652 0.052992 0.908537 0.020618 0.004640 0.995439 -0.006258 -0.029652 -0.930231 0.000000 
9.000001e-02 1.003092e-01 9.749937e-02 9.237002e-02 1.000000e-01 1.597533e+00 -0.995439 0.008652 0.052992 0.908537 0.020618 0.004640 0.995439 -0.006258 -0.029652 -0.930231 0.000000 
9.000001e-02 1.003092e-01 9.749937e-02 9.237002e-02 1.000000e-01 1.597533e+00 -0.995439 0.008652 0.052992 0.908537 0.020618 0.004640 0.995439 -0.006258 -0.029652 -0.930231 0.000000 
9.000001e-02 1.003092e-01 9.749937e-02 9.237002e-02 1.000000e-01 1.597533e+00 -0.995439 0.008652 0.052992 0.908537 0.020618 0.004640 0.995439 -0.006258 -0.029652 -0.930231 0.000000 
9.000001e-02 1.003092e-01 9.749937e-02 9.237002e-02 1.000000e-01 1.597533e+00 -0.995439 0.008652 0.052992 0.908537 0.020618 0.004640 0.995439 -0.006258 -0.029652 -0.930231 0.000000 
9.000001e-02 1.003092e-01 9.749937e-02 9.237002e-02 1.000000e-01 1.597533e+00 -0.995439 0.008652 0.052992 0.908537 0.020618 0.004640 0.995439 -0.006258 -0.029652 -0.930231 0.000000 
9.000001e-02 1.003092e-01 9.749937e-02 9.237002e-02 1.000000e-01 1.597533e+00 -0.995439 0.008652 0.052992 0.908537 0.020618 0.004640 0.995439 -0.006258 -0.029652 -0.930231 0.000000 
9.000001e-02 1.003092e-01 9.749937e-02 9.237002e-02 1.000000e-01 1.597533e+00 -0.995439 0.008652 0.052992 0.908537 0.020618 0.004640 0.995439 -0.006258 -0.029652 -0.930231 0.000000 
9.000001e-02 1.003092e-01 9.749937e-02 9.237002e-02 1.000000e-01 1.597533e+00 -0.995439 0.008652 0.052992 0.908537 0.020618 0.004640 0.995439 -0.006258 -0.029652 -0.930231 0.000000 
9.000001e-02 1.003092e-01 9.749937e-02 9.237002e-02 1.000000e-01 1.597533e+00 -0.995439 0.008652 0.052992 0.908537 0.020618 0.004640 0.995439 -0.006258 -0.029652 -0.930231 0.000000 
9.000001e-02 1.003092e-01 9.749937e-02 9.237002e-02 1.000000e-01 1.597533e+00 -0.995439 0.008652 0.052992 0.908537 0.020618 0.004640 0.995439 -0.006258 -0.029652 -0.930231 0.000000 
9.000001e-02 1.003092e-01 9.749937e-02 9.237002e-02 1.000000e-01 1.597533e+00 -0.995439 0.008652 0.052992 0.908537 0.020618 0.004640 0.995439 -0.006258 -0.029652 -0.930231 0.000000 
9.000001e-02 1.003092e-01 9.749937e-02 9.237002e-02 1.000000e-01 1.597533e+00 -0.995439 0.008652 0.052992 0.908537 0.020618 0.004640 0.995439 -0.006258 -0.029652 -0.930231 0.000000 
9.000001e-02 1.003092e-01 9.749937e-02 9.237002e-02 1.000000e-01 1.597533e+00 -0.995439 0.008652 0.052992 0.908537 0.020618 0.004640 0.995439 -0.006258 -0.029652 -0.930231 0.000000 
9.000001e-02 1.003092e-01 9.749937e-02 9.237002e-02 1.000000e-01 1.597533e+00 -0.995439 0.008652 0.052992 0.908537 0.020618 0.004640 0.995439 -0.006258 -0.029652 -0.930231 0.000000 
9.000001e-02 1.003092e-01 9.749937e-02 9.237002e-02 1.000000e-01 1.597533e+00 -0.995439 0.008652 0.052992 0.908537 0.020618 0.004640 0.995439 -0.006258 -0.029652 -0.930231 0.000000 
9.000001e-02 1.003092e-01 9.749937e-02 9.237002e-02 1.000000e-01 1.597533e+00 -0.995439 0.008652 0.052992 0.908537 0.020618 0.004640 0.995439 -0.006258 -0.029652 -0.930231 0.000000 
9.000001e-02 1.003092e-01 9.749937e-02 9.237002e-02 1.000000e-01 1.597533e+00 -0.995439 0.008652 0.052992 0.908537 0.020618 0.004640 0.995439 -0.006258 -0.029652 -0.930231 0.000000 
9.000001e-02 1.003092e-01 9.749937e-02 9.237002e-02 1.000000e-01 1.597533e+00 -0.995439 0.008652 0.052992 0.908537 0.020618 0.004640 0.995439 -0.006258 -0.029652 -0.930231 0.000000 
9.000001e-02 1.003092e-01 9.749937e-02 9.237002e-02 1.000000e-01 1.597533e+00 -0.995439 0.008652 0.052992 0.908537 0.020618 0.004640 0.995439 -0.006258 -0.029652 -0.930231 0.000000 
9.000001e-02 1.003092e-01 9.749937e-02 9.237002e-02 1.000000e-01 1.597533e+00 -0.995439 0.008652 0.052992 0.908537 0.020618 0.004640 0.995439 -0.006258 -0.029652 -0.930231 0.000000 
9.000001e-02 1.003092e-01 9.749937e-02 9.237002e-02 1.000000e-01 1.597533e+00 -0.995439 0.008652 0.052992 0.908537 0.020618 0.004640 0.995439 -0.006258 -0.029652 -0.930231 0.000000 
9.000001e-02 1.003092e-01 9.749937e-02 9.237002e-02 1.000000e-01 1.597533e+00 -0.995439 0.008652 0.052992 0.908537 0.020618 0.004640 0.995439 -0.006258 -0.029652 -0.930231 0.000000 
9.000001e-02 1.003092e-01 9.749937e-02 9.237002e-02 1.000000e-01 1.597533e+00 -0.995439 0.008652 0.052992 0.908537 0.020618 0.004640 0.995439 -0.006258 -0.029652 -0.930231 0.000000 
9.000001e-02 1.003092e-01 9.749937e-02 9.237002e-02 1.000000e-01 1.597533e+00 -0.995439 0.008652 0.052992 0.908537 0.020618 0.004640 0.995439 -0.006258 -0.029652 -0.930231 0.000000 
9.000001e-02 1.003092e-01 9.749937e-02 9.237002e-02 1.000000e-01 1.597533e+00 -0.995439 0.008652 0.052992 0.908537 0.020618 0.004640 0.995439 -0.006258 -0.029652 -0.930231 0.000000 
9.000001e-02 1.003092e-01 9.749937e-02 9.237002e-02 1.000000e-01 1.597533e+00 -0.995439 0.008652 0.052992 0.908537 0.020618 0.004640 0.995439 -0.006258 -0.029652 -0.930231 0.000000 
9.000001e-02 1.003092e-01 9.749937e-02 9.237002e-02 1.000000e-01 1.597533e+00 -0.995439 0.008652 0.052992 0.908537 0.020618 0.004640 0.995439 -0.006258 -0.029652 -0.930231 0.000000 
9.000001e-02 1.003092e-01 9.749937e-02 9.237002e-02 1.000000e-01 1.597533e+00 -0.995439 0.008652 0.052992 0.908537 0.020618 0.004640 0.995439 -0.006258 -0.029652 -0.930231 0.000000 
9.000001e-02 1.003092e-01 9.749937e-02 9.237002e-02 1.000000e-01 1.597533e+00 -0.995439 0.008652 0.052992 0.908537 0.020618 0.004640 0.995439 -0.006258 -0.029652 -0.930231 0.000000 
9.000001e-02 1.003092e-01 9.749937e-02 9.237002e-02 1.000000e-01 1.597533e+00 -0.995439 0.008652 0.052992 0.908537 0.020618 0.004640 0.995439 -0.006258 -0.029652 -0.930231 0.000000 
9.000001e-02 1.003092e-01 9.749937e-02 9.237002e-02 1.000000e-01 1.597533e+00 -0.995439 0.008652 0.052992 0.908537 0.020618 0.004640 0.995439 -0.006258 -0.029652 -0.930231 0.000000 
9.000001e-02 1.003092e-01 9.749937e-02 9.237002e-02 1.000000e-01 1.597533e+00 -0.995439 0.008652 0.052992 0.908537 0.020618 0.004640 0.995439 -0.006258 -0.029652 -0.930231 0.000000 
9.000001e-02 1.003092e-01 9.749937e-02 9.237002e-02 1.000000e-01 1.597533e+00 -0.995439 0.008652 0.052992 0.908537 0.020618 0.004640 0.995439 -0.006258 -0.029652 -0.930231 0.000000 
9.000001e-02 1.003092e-01 9.749937e-02 9.237002e-02 1.000000e-01 1.597533e+00 -0.995439 0.008652 0.052992 0.908537 0.020618 0.004640 0.995439 -0.006258 -0.029652 -0.930231 0.000000 
9.000001e-02 1.003092e-01 9.749937e-02 9.237002e-02 1.000000e-01 1.597533e+00 -0.995439 0.008652 0.052992 0.908537 0.020618 0.004640 0.995439 -0.006258 -0.029652 -0.930231 0.000000 
9.000001e-02 1.003092e-01 9.749937e-02 9.237002e-02 1.000000e-01 1.597533e+00 -0.995439 0.008652 0.052992 0.908537 0.020618 0.004640 0.995439 -0.006258 -0.029652 -0.930231 0.000000 
9.000001e-02 1.003092e-01 9.749937e-02 9.237002e-02 1.000000e-01 1.597533e+00 -0.995439 0.008652 0.052992 0.908537 0.020618 0.004640 0.995439 -0.006258 -0.029652 -0.930231 0.000000 
9.000001e-02 1.003092e-01 9.749937e-02 9.237002e-02 1.000000e-01 1.597533e+00 -0.995439 0.008652 0.052992 0.908537 0.020618 0.004640 0.995439 -0.006258 -0.029652 -0.930231 0.000000 
9.000001e-02 1.003092e-01 9.749937e-02 9.237002e-02 1.000000e-01 1.597533e+00 -0.995439 0.008652 0.052992 0.908537 0.020618 0.004640 0.995439 -0.006258 -0.029652 -0.930231 0.000000 
9.000001e-02 1.003092e-01 9.749937e-02 9.237002e-02 1.000000e-01 1.597533e+00 -0.995439 0.008652 0.052992 0.908537 0.020618 0.004640 0.995439 -0.006258 -0.029652 -0.930231 0.000000 
9.000001e-02 1.003092e-01 9.749937e-02 9.237002e-02 1.000000e-01 1.597533e+00 -0.995439 0.008652 0.052992 0.908537 0.020618 0.004640 0.995439 -0.006258 -0.029652 -0.930231 0.000000 
9.000001e-02 1.003092e-01 9.749937e-02 9.237002e-02 1.000000e-01 1.597533e+00 -0.995439 0.008652 0.052992 0.908537 0.020618 0.004640 0.995439 -0.006258 -0.029652 -0.930231 0.000000 
9.000001e-02 1.003092e-01 9.749937e-02 9.237002e-02 1.000000e-01 1.597533e+00 -0.995439 0.008652 0.052992 0.908537 0.020618 0.004640 0.995439 -0.006258 -0.029652 -0.930231 0.000000 
9.000001e-02 1.003092e-01 9.749937e-02 9.237002e-02 1.000000e-01 1.597533e+00 -0.995439 0.008652 0.052992 0.908537 0.020618 0.004640 0.995439 -0.006258 -0.029652 -0.930231 0.000000 
9.000001e-02 1.003092e-01 9.749937e-02 9.237002e-02 1.000000e-01 1.597533e+00 -0.995439 0.008652 0.052992 0.908537 0.020618 0.004640 0.995439 -0.006258 -0.029652 -0.930231 0.000000 
9.000001e-02 1.003092e-01 9.749937e-02 9.237002e-02 1.000000e-01 1.597533e+00 -0.995439 0.008652 0.052992 0.908537 0.020618 0.004640 0.995439 -0.006258 -0.029652 -0.930231 0.000000 
9.000001e-02 1.003092e-01 9.749937e-02 9.237002e-02 1.000000e-01 1.597533e+00 -0.995439 0.008652 0.052992 0.908537 0.020618 0.004640 0.995439 -0.006258 -0.029652 -0.930231 0.000000 
9.000001e-02 1.003092e-01 9.749937e-02 9.237002e-02 1.000000e-01 1.597533e+00 -0.995439 0.008652 0.052992 0.908537 0.020618 0.004640 0.995439 -0.006258 -0.029652 -0.930231 0.000000 
9.000001e-02 1.003092e-01 9.749937e-02 9.237002e-02 1.000000e-01 1.597533e+00 -0.995439 0.008652 0.052992 0.908537 0.020618 0.004640 0.995439 -0.006258 -0.029652 -0.930231 0.000000 
9.000001e-02 1.003092e-01 9.749937e-02 9.237002e-02 1.000000e-01 1.597533e+00 -0.995439 0.008652 0.052992 0.908537 0.020618 0.004640 0.995439 -0.006258 -0.029652 -0.930231 0.000000 
9.000001e-02 1.003092e-01 9.749937e-02 9.237002e-02 1.000000e-01 1.597533e+00 -0.995439 0.008652 0.052992 0.908537 0.020618 0.004640 0.995439 -0.006258 -0.029652 -0.930231 0.000000 
9.000001e-02 1.003092e-01 9.749937e-02 9.237002e-02 1.000000e-01 1.597533e+00 -0.995439 0.008652 0.052992 0.908537 0.020618 0.004640 0.995439 -0.006258 -0.029652 -0.930231 0.000000 
9.000001e-02 1.003092e-01 9.749937e-02 9.237002e-02 1.000000e-01 1.597533e+00 -0.995439 0.008652 0.052992 0.908537 0.020618 0.004640 0.995439 -0.006258 -0.029652 -0.930231 0.000000 
9.000001e-02 1.003092e-01 9.749937e-02 9.237002e-02 1.000000e-01 1.597533e+00 -0.995439 0.008652 0.052992 0.908537 0.020618 0.004640 0.995439 -0.006258 -0.029652 -0.930231 0.000000 
9.000001e-02 1.003092e-01 9.749937e-02 9.237002e-02 1.000000e-01 1.597533e+00 -0.995439 0.008652 0.052992 0.908537 0.020618 0.004640 0.995439 -0.006258 -0.029652 -0.930231 0.000000 
9.000001e-02 1.003092e-01 9.749937e-02 9.237002e-02 1.000000e-01 1.597533e+00 -0.995439 0.008652 0.052992 0.908537 0.020618 0.004640 0.995439 -0.006258 -0.029652 -0.930231 0.000000 
9.000001e-02 1.003092e-01 9.749937e-02 9.237002e-02 1.000000e-01 1.597533e+00 -0.995439 0.008652 0.052992 0.908537 0.020618 0.004640 0.995439 -0.006258 -0.029652 -0.930231 0.000000 
9.000001e-02 1.003092e-01 9.749937e-02 9.237002e-02 1.000000e-01 1.597533e+00 -0.995439 0.008652 0.052992 0.908537 0.020618 0.004640 0.995439 -0.006258 -0.029652 -0.930231 0.000000 
9.000001e-02 1.003092e-01 9.749937e-02 9.237002e-02 1.000000e-01 1.597533e+00 -0.995439 0.008652 0.052992 0.908537 0.020618 0.004640 0.995439 -0.006258 -0.029652 -0.930231 0.000000 
9.000001e-02 1.003092e-01 9.749937e-02 9.237002e-02 1.000000e-01 1.597533e+00 -0.995439 0.008652 0.052992 0.908537 0.020618 0.004640 0.995439 -0.006258 -0.029652 -0.930231 0.000000 
9.000001e-02 1.003092e-01 9.749937e-02 9.237002e-02 1.000000e-01 1.597533e+00 -0.995439 0.008652 0.052992 0.908537 0.020618 0.004640 0.995439 -0.006258 -0.029652 -0.930231 0.000000 
9.000001e-02 1.003092e-01 9.749937e-02 9.237002e-02 1.000000e-01 1.597533e+00 -0.995439 0.008652 0.052992 0.908537 0.020618 0.004640 0.995439 -0.006258 -0.029652 -0.930231 0.000000 
9.000001e-02 1.003092e-01 9.749937e-02 9.237002e-02 1.000000e-01 1.597533e+00 -0.995439 0.008652 0.052992 0.908537 0.020618 0.004640 0.995439 -0.006258 -0.029652 -0.930231 0.000000 
9.000001e-02 1.003092e-01 9.749937e-02 9.237002e-02 1.000000e-01 1.597533e+00 -0.995439 0.008652 0.052992 0.908537 0.020618 0.004640 0.995439 -0.006258 -0.029652 -0.930231 0.000000 
9.000001e-02 1.003092e-01 9.749937e-02 9.237002e-02 1.000000e-01 1.597533e+00 -0.995439 0.008652 0.052992 0.908537 0.020618 0.004640 0.995439 -0.006258 -0.029652 -0.930231 0.000000 
9.000001e-02 1.003092e-01 9.749937e-02 9.237002e-02 1.000000e-01 1.597533e+00 -0.995439 0.008652 0.052992 0.908537 0.020618 0.004640 0.995439 -0.006258 -0.029652 -0.930231 0.000000 
9.000001e-02 1.003092e-01 9.749937e-02 9.237002e-02 1.000000e-01 1.597533e+00 -0.995439 0.008652 0.052992 0.908537 0.020618 0.004640 0.995439 -0.006258 -0.029652 -0.930231 0.000000 
9.000001e-02 1.003092e-01 9.749937e-02 9.237002e-02 1.000000e-01 1.597533e+00 -0.995439 0.008652 0.052992 0.908537 0.020618 0.004640 0.995439 -0.006258 -0.029652 -0.930231 0.000000 
9.000001e-02 1.003092e-01 9.749937e-02 9.237002e-02 1.000000e-01 1.597533e+00 -0.995439 0.008652 0.052992 0.908537 0.020618 0.004640 0.995439 -0.006258 -0.029652 -0.930231 0.000000 
9.000001e-02 1.003092e-01 9.749937e-02 9.237002e-02 1.000000e-01 1.597533e+00 -0.995439 0.008652 0.052992 0.908537 0.020618 0.004640 0.995439 -0.006258 -0.029652 -0.930231 0.000000 
9.000001e-02 1.003092e-01 9.749937e-02 9.237002e-02 1.000000e-01 1.597533e+00 -0.995439 0.008652 0.052992 0.908537 0.020618 0.004640 0.995439 -0.006258 -0.029652 -0.930231 0.000000 
9.000001e-02 1.003092e-01 9.749937e-02 9.237002e-02 1.000000e-01 1.597533e+00 -0.995439 0.008652 0.052992 0.908537 0.020618 0.004640 0.995439 -0.006258 -0.029652 -0.930231 0.000000 
9.000001e-02 1.003092e-01 9.749937e-02 9.237002e-02 1.000000e-01 1.597533e+00 -0.995439 0.008652 0.052992 0.908537 0.020618 0.004640 0.995439 -0.006258 -0.029652 -0.930231 0.000000 
9.000001e-02 1.003092e-01 9.749937e-02 9.237002e-02 1.000000e-01 1.597533e+00 -0.995439 0.008652 0.052992 0.908537 0.020618 0.004640 0.995439 -0.006258 -0.029652 -0.930231 0.000000 
9.000001e-02 1.003092e-01 9.749937e-02 9.237002e-02 1.000000e-01 1.597533e+00 -0.995439 0.008652 0.052992 0.908537 0.020618 0.004640 0.995439 -0.006258 -0.029652 -0.930231 0.000000 
9.000001e-02 1.003092e-01 9.749937e-02 9.237002e-02 1.000000e-01 1.597533e+00 -0.995439 0.008652 0.052992 0.908537 0.020618 0.004640 0.995439 -0.006258 -0.029652 -0.930231 0.000000 
9.000001e-02 1.003092e-01 9.749937e-02 9.237002e-02 1.000000e-01 1.597533e+00 -0.995439 0.008652 0.052992 0.908537 0.020618 0.004640 0.995439 -0.006258 -0.029652 -0.930231 0.000000 
9.000001e-02 1.003092e-01 9.749937e-02 9.237002e-02 1.000000e-01 1.597533e+00 -0.995439 0.008652 0.052992 0.908537 0.020618 0.004640 0.995439 -0.006258 -0.029652 -0.930231 0.000000 
9.000001e-02 1.003092e-01 9.749937e-02 9.237002e-02 1.000000e-01 1.597533e+00 -0.995439 0.008652 0.052992 0.908537 0.020618 0.004640 0.995439 -0.006258 -0.029652 -0.930231 0.000000 
9.000001e-02 1.003092e-01 9.749937e-02 9.237002e-02 1.000000e-01 1.597533e+00 -0.995439 0.008652 0.052992 0.908537 0.020618 0.004640 0.995439 -0.006258 -0.029652 -0.930231 0.000000 
9.000001e-02 1.003092e-01 9.749937e-02 9.237002e-02 1.000000e-01 1.597533e+00 -0.995439 0.008652 0.052992 0.908537 0.020618 0.004640 0.995439 -0.006258 -0.029652 -0.930231 0.000000 
9.000001e-02 1.003092e-01 9.749937e-02 9.237002e-02 1.000000e-01 1.597533e+00 -0.995439 0.008652 0.052992 0.908537 0.020618 0.004640 0.995439 -0.006258 -0.029652 -0.930231 0.000000 
9.000001e-02 1.003092e-01 9.749937e-02 9.237002e-02 1.000000e-01 1.597533e+00 -0.995439 0.008652 0.052992 0.908537 0.020618 0.004640 0.995439 -0.006258 -0.029652 -0.930231 0.000000 
9.000001e-02 1.003092e-01 9.749937e-02 9.237002e-02 1.000000e-01 1.597533e+00 -0.995439 0.008652 0.052992 0.908537 0.020618 0.004640 0.995439 -0.006258 -0.029652 -0.930231 0.000000 
9.000001e-02 1.003092e-01 9.749937e-02 9.237002e-02 1.000000e-01 1.597533e+00 -0.995439 0.008652 0.052992 0.908537 0.020618 0.004640 0.995439 -0.006258 -0.029652 -0.930231 0.000000 
9.000001e-02 1.003092e-01 9.749937e-02 9.237002e-02 1.000000e-01 1.597533e+00 -0.995439 0.008652 0.052992 0.908537 0.020618 0.004640 0.995439 -0.006258 -0.029652 -0.930231 0.000000 
9.000001e-02 1.003092e-01 9.749937e-02 9.237002e-02 1.000000e-01 1.597533e+00 -0.995439 0.008652 0.052992 0.908537 0.020618 0.004640 0.995439 -0.006258 -0.029652 -0.930231 0.000000 
9.000001e-02 1.003092e-01 9.749937e-02 9.237002e-02 1.000000e-01 1.597533e+00 -0.995439 0.008652 0.052992 0.908537 0.020618 0.004640 0.995439 -0.006258 -0.029652 -0.930231 0.000000 
9.000001e-02 1.003092e-01 9.749937e-02 9.237002e-02 1.000000e-01 1.597533e+00 -0.995439 0.008652 0.052992 0.908537 0.020618 0.004640 0.995439 -0.006258 -0.029652 -0.930231 0.000000 
9.000001e-02 1.003092e-01 9.749937e-02 9.237002e-02 1.000000e-01 1.597533e+00 -0.995439 0.008652 0.052992 0.908537 0.020618 0.004640 0.995439 -0.006258 -0.029652 -0.930231 0.000000 
9.000001e-02 1.003092e-01 9.749937e-02 9.237002e-02 1.000000e-01 1.597533e+00 -0.995439 0.008652 0.052992 0.908537 0.020618 0.004640 0.995439 -0.006258 -0.029652 -0.930231 0.000000 
9.000001e-02 1.003092e-01 9.749937e-02 9.237002e-02 1.000000e-01 1.597533e+00 -0.995439 0.008652 0.052992 0.908537 0.020618 0.004640 0.995439 -0.006258 -0.029652 -0.930231 0.000000 
9.000001e-02 1.003092e-01 9.749937e-02 9.237002e-02 1.000000e-01 1.597533e+00 -0.995439 0.008652 0.052992 0.908537 0.020618 0.004640 0.995439 -0.006258 -0.029652 -0.930231 0.000000 
9.000001e-02 1.003092e-01 9.749937e-02 9.237002e-02 1.000000e-01 1.597533e+00 -0.995439 0.008652 0.052992 0.908537 0.020618 0.004640 0.995439 -0.006258 -0.029652 -0.930231 0.000000 
9.000001e-02 1.003092e-01 9.749937e-02 9.237002e-02 1.000000e-01 1.597533e+00 -0.995439 0.008652 0.052992 0.908537 0.020618 0.004640 0.995439 -0.006258 -0.029652 -0.930231 0.000000 
9.000001e-02 1.003092e-01 9.749937e-02 9.237002e-02 1.000000e-01 1.597533e+00 -0.995439 0.008652 0.052992 0.908537 0.020618 0.004640 0.995439 -0.006258 -0.029652 -0.930231 0.000000 
9.000001e-02 1.003092e-01 9.749937e-02 9.237002e-02 1.000000e-01 1.597533e+00 -0.995439 0.008652 0.052992 0.908537 0.020618 0.004640 0.995439 -0.006258 -0.029652 -0.930231 0.000000 
9.000001e-02 1.003092e-01 9.749937e-02 9.237002e-02 1.000000e-01 1.597533e+00 -0.995439 0.008652 0.052992 0.908537 0.020618 0.004640 0.995439 -0.006258 -0.029652 -0.930231 0.000000 
9.000001e-02 1.003092e-01 9.749937e-02 9.237002e-02 1.000000e-01 1.597533e+00 -0.995439 0.008652 0.052992 0.908537 0.020618 0.004640 0.995439 -0.006258 -0.029652 -0.930231 0.000000 
9.000001e-02 1.003092e-01 9.749937e-02 9.237002e-02 1.000000e-01 1.597533e+00 -0.995439 0.008652 0.052992 0.908537 0.020618 0.004640 0.995439 -0.006258 -0.029652 -0.930231 0.000000 
9.000001e-02 1.003092e-01 9.749937e-02 9.237002e-02 1.000000e-01 1.597533e+00 -0.995439 0.008652 0.052992 0.908537 0.020618 0.004640 0.995439 -0.006258 -0.029652 -0.930231 0.000000 
9.000001e-02 1.003092e-01 9.749937e-02 9.237002e-02 1.000000e-01 1.597533e+00 -0.995439 0.008652 0.052992 0.908537 0.020618 0.004640 0.995439 -0.006258 -0.029652 -0.930231 0.000000 
9.000001e-02 1.003092e-01 9.749937e-02 9.237002e-02 1.000000e-01 1.597533e+00 -0.995439 0.008652 0.052992 0.908537 0.020618 0.004640 0.995439 -0.006258 -0.029652 -0.930231 0.000000 
9.000001e-02 1.003092e-01 9.749937e-02 9.237002e-02 1.000000e-01 1.597533e+00 -0.995439 0.008652 0.052992 0.908537 0.020618 0.004640 0.995439 -0.006258 -0.029652 -0.930231 0.000000 
9.000001e-02 1.003092e-01 9.749937e-02 9.237002e-02 1.000000e-01 1.597533e+00 -0.995439 0.008652 0.052992 0.908537 0.020618 0.004640 0.995439 -0.006258 -0.029652 -0.930231 0.000000 
9.000001e-02 1.003092e-01 9.749937e-02 9.237002e-02 1.000000e-01 1.597533e+00 -0.995439 0.008652 0.052992 0.908537 0.020618 0.004640 0.995439 -0.006258 -0.029652 -0.930231 0.000000 
9.000001e-02 1.003092e-01 9.749937e-02 9.237002e-02 1.000000e-01 1.597533e+00 -0.995439 0.008652 0.052992 0.908537 0.020618 0.004640 0.995439 -0.006258 -0.029652 -0.930231 0.000000 
9.000001e-02 1.003092e-01 9.749937e-02 9.237002e-02 1.000000e-01 1.597533e+00 -0.995439 0.008652 0.052992 0.908537 0.020618 0.004640 0.995439 -0.006258 -0.029652 -0.930231 0.000000 
9.000001e-02 1.003092e-01 9.749937e-02 9.237002e-02 1.000000e-01 1.597533e+00 -0.995439 0.008652 0.052992 0.908537 0.020618 0.004640 0.995439 -0.006258 -0.029652 -0.930231 0.000000 
9.000001e-02 1.003092e-01 9.749937e-02 9.237002e-02 1.000000e-01 1.597533e+00 -0.995439 0.008652 0.052992 0.908537 0.020618 0.004640 0.995439 -0.006258 -0.029652 -0.930231 0.000000 
9.000001e-02 1.003092e-01 9.749937e-02 9.237002e-02 1.000000e-01 1.597533e+00 -0.995439 0.008652 0.052992 0.908537 0.020618 0.004640 0.995439 -0.006258 -0.029652 -0.930231 0.000000 
