# TeX TeY TeZ ThX ThY THZ P1 P2
1.200000e-01 1.000000e-01 1.505000e+00 1.200000e-01 1.000000e-01 1.505000e+00 0.000000 0.000000 0.000000 0.000000 0.000000 0.000000 0.000000 0.000000 0.000000 0.000000 0.000000 
1.200037e-01 1.000000e-01 1.497607e+00 1.199962e-01 1.000000e-01 1.511380e+00 -0.009101 -0.004841 -0.003908 0.009970 0.007693 0.000187 0.009101 -0.001168 -0.002336 -0.002339 0.000000 
1.200070e-01 1.000000e-01 1.490135e+00 1.199919e-01 1.000000e-01 1.517720e+00 -0.018227 -0.009695 -0.007911 0.020143 0.015406 0.000284 0.018227 -0.002339 -0.004679 -0.004684 0.000000 
1.200098e-01 1.000000e-01 1.482588e+00 1.199871e-01 1.000000e-01 1.524019e+00 -0.027376 -0.014556 -0.012101 0.030711 0.023129 0.000192 0.027376 -0.003514 -0.007028 -0.007035 0.000000 
1.200123e-01 1.000000e-01 1.474965e+00 1.199816e-01 1.000000e-01 1.530277e+00 -0.036549 -0.019586 -0.016772 0.042199 0.030979 -0.000272 0.036548 -0.004691 -0.009383 -0.009392 0.000000 
1.200145e-01 1.000000e-01 1.467266e+00 1.199753e-01 1.000000e-01 1.536493e+00 -0.045743 -0.024843 -0.022185 0.055106 0.038968 -0.001303 0.045743 -0.005871 -0.011744 -0.011755 0.000000 
1.200163e-01 1.000000e-01 1.459493e+00 1.199676e-01 1.000000e-01 1.542667e+00 -0.054959 -0.030375 -0.028528 0.069774 0.047085 -0.002997 0.054959 -0.007054 -0.014110 -0.014123 0.000000 
1.200180e-01 1.000000e-01 1.451646e+00 1.199575e-01 1.000000e-01 1.548798e+00 -0.064195 -0.036197 -0.036038 0.086690 0.055237 -0.005497 0.064195 -0.008239 -0.016481 -0.016496 0.000000 
1.200194e-01 1.000000e-01 1.443725e+00 1.199431e-01 1.000000e-01 1.554884e+00 -0.073448 -0.042363 -0.045032 0.106519 0.063277 -0.008954 0.073448 -0.009427 -0.018857 -0.018874 0.000000 
1.200206e-01 1.000000e-01 1.435731e+00 1.199196e-01 1.000000e-01 1.560923e+00 -0.082713 -0.048954 -0.056133 0.130699 0.070760 -0.013659 0.082713 -0.010616 -0.021235 -0.021255 0.000000 
1.200216e-01 1.000000e-01 1.427664e+00 1.198767e-01 1.000000e-01 1.566911e+00 -0.091981 -0.055883 -0.069431 0.159997 0.076888 -0.019590 0.091981 -0.011805 -0.023615 -0.023637 0.000000 
1.200225e-01 1.000000e-01 1.419524e+00 1.197919e-01 1.000000e-01 1.572841e+00 -0.101236 -0.063102 -0.085097 0.195965 0.080217 -0.026748 0.101236 -0.012993 -0.025991 -0.026015 0.000000 
1.200233e-01 1.000000e-01 1.411313e+00 1.196151e-01 1.000000e-01 1.578696e+00 -0.110452 -0.070502 -0.103105 0.241182 0.077940 -0.035064 0.110451 -0.014176 -0.028357 -0.028383 0.000000 
1.200239e-01 1.000000e-01 1.403031e+00 1.192263e-01 1.000000e-01 1.584445e+00 -0.119597 -0.077953 -0.123166 0.300699 0.064389 -0.044373 0.119596 -0.015349 -0.030705 -0.030733 0.000000 
1.200245e-01 1.000000e-01 1.394677e+00 1.183213e-01 1.000000e-01 1.590013e+00 -0.128710 -0.085450 -0.145154 0.387329 0.026679 -0.054694 0.128710 -0.016519 -0.033044 -0.033075 0.000000 
1.200250e-01 1.000000e-01 1.386254e+00 1.163652e-01 1.000000e-01 1.595404e+00 -0.138585 -0.094712 -0.174549 0.549109 -0.072761 -0.068502 0.138585 -0.017786 -0.035580 -0.035613 0.000000 
1.200254e-01 1.000000e-01 1.377760e+00 1.155856e-01 1.000000e-01 1.597501e+00 -0.146686 -0.100005 -0.192233 0.657996 -0.142802 -0.076271 0.146686 -0.018826 -0.037659 -0.037694 0.000000 
1.200258e-01 1.000000e-01 1.369198e+00 1.155856e-01 1.000000e-01 1.597501e+00 -0.152343 -0.099579 -0.191153 0.659536 -0.140939 -0.075523 0.152343 -0.019552 -0.039112 -0.039148 0.000000 
1.200261e-01 1.000000e-01 1.360567e+00 1.155856e-01 1.000000e-01 1.597501e+00 -0.158045 -0.099107 -0.190015 0.661070 -0.139114 -0.074790 0.158045 -0.020284 -0.040576 -0.040613 0.000000 
1.200264e-01 1.000000e-01 1.351867e+00 1.155856e-01 1.000000e-01 1.597501e+00 -0.163793 -0.098593 -0.188824 0.662601 -0.137321 -0.074071 0.163793 -0.021022 -0.042051 -0.042090 0.000000 
1.200266e-01 1.000000e-01 1.343100e+00 1.155856e-01 1.000000e-01 1.597501e+00 -0.169585 -0.098045 -0.187587 0.664134 -0.135553 -0.073364 0.169585 -0.021765 -0.043538 -0.043579 0.000000 
1.200268e-01 1.000000e-01 1.334266e+00 1.155856e-01 1.000000e-01 1.597501e+00 -0.175421 -0.097465 -0.186308 0.665668 -0.133807 -0.072667 0.175421 -0.022514 -0.045037 -0.045079 0.000000 
1.200270e-01 1.000000e-01 1.325365e+00 1.155856e-01 1.000000e-01 1.597501e+00 -0.181302 -0.096857 -0.184990 0.667208 -0.132080 -0.071980 0.181302 -0.023269 -0.046547 -0.046590 0.000000 
1.200271e-01 1.000000e-01 1.316398e+00 1.155856e-01 1.000000e-01 1.597501e+00 -0.187226 -0.096223 -0.183635 0.668752 -0.130369 -0.071300 0.187226 -0.024029 -0.048067 -0.048112 0.000000 
1.200273e-01 1.000000e-01 1.307366e+00 1.155856e-01 1.000000e-01 1.597501e+00 -0.193194 -0.095567 -0.182248 0.670304 -0.128669 -0.070627 0.193193 -0.024795 -0.049600 -0.049646 0.000000 
1.200274e-01 1.000000e-01 1.298268e+00 1.155856e-01 1.000000e-01 1.597501e+00 -0.199204 -0.094891 -0.180832 0.671863 -0.126978 -0.069960 0.199204 -0.025567 -0.051143 -0.051190 0.000000 
1.200275e-01 1.000000e-01 1.289106e+00 1.155856e-01 1.000000e-01 1.597501e+00 -0.205257 -0.094196 -0.179388 0.673431 -0.125294 -0.069297 0.205257 -0.026343 -0.052697 -0.052746 0.000000 
1.200275e-01 1.000000e-01 1.279880e+00 1.155856e-01 1.000000e-01 1.597501e+00 -0.211353 -0.093485 -0.177919 0.675007 -0.123614 -0.068637 0.211352 -0.027126 -0.054262 -0.054312 0.000000 
1.200276e-01 1.000000e-01 1.270590e+00 1.155856e-01 1.000000e-01 1.597501e+00 -0.217490 -0.092759 -0.176426 0.676592 -0.121938 -0.067980 0.217490 -0.027913 -0.055837 -0.055889 0.000000 
1.200276e-01 1.000000e-01 1.261238e+00 1.155856e-01 1.000000e-01 1.597501e+00 -0.223669 -0.092019 -0.174911 0.678186 -0.120263 -0.067325 0.223669 -0.028706 -0.057424 -0.057477 0.000000 
1.200277e-01 1.000000e-01 1.251823e+00 1.155856e-01 1.000000e-01 1.597501e+00 -0.229889 -0.091266 -0.173377 0.679790 -0.118588 -0.066671 0.229889 -0.029505 -0.059021 -0.059075 0.000000 
1.200277e-01 1.000000e-01 1.242346e+00 1.155856e-01 1.000000e-01 1.597501e+00 -0.236150 -0.090502 -0.171823 0.681404 -0.116912 -0.066018 0.236150 -0.030308 -0.060628 -0.060684 0.000000 
1.200278e-01 1.000000e-01 1.232808e+00 1.155856e-01 1.000000e-01 1.597501e+00 -0.242452 -0.089727 -0.170252 0.683027 -0.115233 -0.065364 0.242451 -0.031117 -0.062246 -0.062303 0.000000 
1.200278e-01 1.000000e-01 1.223209e+00 1.155856e-01 1.000000e-01 1.597501e+00 -0.248794 -0.088943 -0.168663 0.684660 -0.113551 -0.064710 0.248793 -0.031931 -0.063874 -0.063933 0.000000 
1.200278e-01 1.000000e-01 1.213550e+00 1.155856e-01 1.000000e-01 1.597501e+00 -0.255175 -0.088149 -0.167060 0.686302 -0.111864 -0.064056 0.255175 -0.032750 -0.065512 -0.065573 0.000000 
1.200278e-01 1.000000e-01 1.203831e+00 1.155856e-01 1.000000e-01 1.597501e+00 -0.261597 -0.087346 -0.165441 0.687954 -0.110172 -0.063400 0.261596 -0.033574 -0.067161 -0.067223 0.000000 
1.200279e-01 1.000000e-01 1.194052e+00 1.155856e-01 1.000000e-01 1.597501e+00 -0.268057 -0.086536 -0.163808 0.689616 -0.108475 -0.062742 0.268056 -0.034403 -0.068820 -0.068883 0.000000 
1.200279e-01 1.000000e-01 1.184215e+00 1.155856e-01 1.000000e-01 1.597501e+00 -0.274556 -0.085718 -0.162161 0.691288 -0.106772 -0.062082 0.274556 -0.035237 -0.070488 -0.070553 0.000000 
1.200279e-01 1.000000e-01 1.174320e+00 1.155856e-01 1.000000e-01 1.597501e+00 -0.281094 -0.084892 -0.160502 0.692969 -0.105062 -0.061421 0.281093 -0.036077 -0.072167 -0.072233 0.000000 
1.200279e-01 1.000000e-01 1.164366e+00 1.155856e-01 1.000000e-01 1.597501e+00 -0.287670 -0.084060 -0.158830 0.694660 -0.103345 -0.060757 0.287669 -0.036921 -0.073855 -0.073923 0.000000 
1.200279e-01 1.000000e-01 1.154356e+00 1.155856e-01 1.000000e-01 1.597501e+00 -0.294284 -0.083221 -0.157145 0.696361 -0.101621 -0.060091 0.294283 -0.037769 -0.075553 -0.075623 0.000000 
1.200279e-01 1.000000e-01 1.144288e+00 1.155856e-01 1.000000e-01 1.597501e+00 -0.300935 -0.082376 -0.155450 0.698071 -0.099890 -0.059422 0.300935 -0.038623 -0.077260 -0.077332 0.000000 
1.200279e-01 1.000000e-01 1.134164e+00 1.155856e-01 1.000000e-01 1.597501e+00 -0.307624 -0.081525 -0.153743 0.699790 -0.098150 -0.058750 0.307623 -0.039481 -0.078978 -0.079051 0.000000 
1.200279e-01 1.000000e-01 1.123985e+00 1.155856e-01 1.000000e-01 1.597501e+00 -0.314349 -0.080668 -0.152025 0.701519 -0.096403 -0.058075 0.314349 -0.040345 -0.080704 -0.080779 0.000000 
1.200279e-01 1.000000e-01 1.113750e+00 1.155856e-01 1.000000e-01 1.597501e+00 -0.321111 -0.079806 -0.150296 0.703257 -0.094648 -0.057398 0.321111 -0.041212 -0.082440 -0.082517 0.000000 
1.200279e-01 1.000000e-01 1.103460e+00 1.155856e-01 1.000000e-01 1.597501e+00 -0.327909 -0.078938 -0.148557 0.705004 -0.092885 -0.056717 0.327909 -0.042085 -0.084186 -0.084264 0.000000 
1.200279e-01 1.000000e-01 1.093116e+00 1.155856e-01 1.000000e-01 1.597501e+00 -0.334743 -0.078065 -0.146808 0.706761 -0.091113 -0.056034 0.334743 -0.042962 -0.085940 -0.086020 0.000000 
1.200279e-01 1.000000e-01 1.082718e+00 1.155856e-01 1.000000e-01 1.597501e+00 -0.341613 -0.077186 -0.145049 0.708527 -0.089333 -0.055347 0.341613 -0.043844 -0.087704 -0.087785 0.000000 
1.200279e-01 1.000000e-01 1.072267e+00 1.155856e-01 1.000000e-01 1.597501e+00 -0.348518 -0.076303 -0.143280 0.710301 -0.087545 -0.054658 0.348518 -0.044730 -0.089477 -0.089560 0.000000 
1.200279e-01 1.000000e-01 1.061762e+00 1.155856e-01 1.000000e-01 1.597501e+00 -0.355458 -0.075414 -0.141501 0.712085 -0.085748 -0.053965 0.355458 -0.045621 -0.091258 -0.091343 0.000000 
1.200280e-01 1.000000e-01 1.051205e+00 1.155856e-01 1.000000e-01 1.597501e+00 -0.362433 -0.074521 -0.139713 0.713877 -0.083943 -0.053269 0.362432 -0.046516 -0.093049 -0.093135 0.000000 
1.200280e-01 1.000000e-01 1.040597e+00 1.155856e-01 1.000000e-01 1.597501e+00 -0.369442 -0.073624 -0.137916 0.715679 -0.082129 -0.052569 0.369441 -0.047415 -0.094849 -0.094936 0.000000 
1.200280e-01 1.000000e-01 1.029936e+00 1.155856e-01 1.000000e-01 1.597501e+00 -0.376485 -0.072721 -0.136110 0.717489 -0.080307 -0.051867 0.376484 -0.048319 -0.096657 -0.096746 0.000000 
1.200280e-01 1.000000e-01 1.019225e+00 1.155856e-01 1.000000e-01 1.597501e+00 -0.383562 -0.071814 -0.134295 0.719307 -0.078477 -0.051161 0.383561 -0.049228 -0.098474 -0.098565 0.000000 
1.200280e-01 1.000000e-01 1.008463e+00 1.155856e-01 1.000000e-01 1.597501e+00 -0.390672 -0.070902 -0.132471 0.721134 -0.076638 -0.050453 0.390672 -0.050140 -0.100299 -0.100392 0.000000 
1.200280e-01 1.000000e-01 9.976503e-01 1.155856e-01 1.000000e-01 1.597501e+00 -0.397816 -0.069987 -0.130638 0.722970 -0.074791 -0.049741 0.397815 -0.051057 -0.102133 -0.102228 0.000000 
1.200280e-01 1.000000e-01 9.867882e-01 1.155856e-01 1.000000e-01 1.597501e+00 -0.404992 -0.069066 -0.128797 0.724814 -0.072936 -0.049025 0.404991 -0.051978 -0.103975 -0.104072 0.000000 
1.200280e-01 1.000000e-01 9.758768e-01 1.155856e-01 1.000000e-01 1.597501e+00 -0.412201 -0.068142 -0.126947 0.726667 -0.071072 -0.048307 0.412200 -0.052903 -0.105826 -0.105924 0.000000 
1.200280e-01 1.000000e-01 9.649166e-01 1.155856e-01 1.000000e-01 1.597501e+00 -0.419442 -0.067213 -0.125088 0.728528 -0.069200 -0.047586 0.419441 -0.053833 -0.107685 -0.107785 0.000000 
1.200280e-01 1.000000e-01 9.539079e-01 1.155856e-01 1.000000e-01 1.597501e+00 -0.426715 -0.066280 -0.123222 0.730397 -0.067320 -0.046861 0.426715 -0.054766 -0.109553 -0.109654 0.000000 
1.200280e-01 1.000000e-01 9.428512e-01 1.155856e-01 1.000000e-01 1.597501e+00 -0.434020 -0.065343 -0.121347 0.732274 -0.065432 -0.046134 0.434020 -0.055704 -0.111428 -0.111531 0.000000 
1.200280e-01 1.000000e-01 9.317469e-01 1.155856e-01 1.000000e-01 1.597501e+00 -0.441357 -0.064401 -0.119464 0.734159 -0.063536 -0.045403 0.441356 -0.056645 -0.113312 -0.113417 0.000000 
1.200280e-01 1.000000e-01 9.205955e-01 1.155856e-01 1.000000e-01 1.597501e+00 -0.448724 -0.063456 -0.117573 0.736052 -0.061632 -0.044669 0.448723 -0.057591 -0.115203 -0.115310 0.000000 
1.200280e-01 1.000000e-01 9.093973e-01 1.155856e-01 1.000000e-01 1.597501e+00 -0.456123 -0.062507 -0.115674 0.737954 -0.059720 -0.043932 0.456122 -0.058540 -0.117102 -0.117211 0.000000 
1.200280e-01 1.000000e-01 8.981528e-01 1.155856e-01 1.000000e-01 1.597501e+00 -0.463552 -0.061554 -0.113767 0.739863 -0.057801 -0.043192 0.463551 -0.059494 -0.119010 -0.119120 0.000000 
1.200280e-01 1.000000e-01 8.868623e-01 1.155856e-01 1.000000e-01 1.597501e+00 -0.471011 -0.060596 -0.111852 0.741780 -0.055873 -0.042450 0.471010 -0.060451 -0.120925 -0.121037 0.000000 
1.200280e-01 1.000000e-01 8.755263e-01 1.155856e-01 1.000000e-01 1.597501e+00 -0.478500 -0.059635 -0.109929 0.743704 -0.053938 -0.041704 0.478500 -0.061412 -0.122848 -0.122961 0.000000 
1.200280e-01 1.000000e-01 8.641452e-01 1.155856e-01 1.000000e-01 1.597501e+00 -0.486020 -0.058670 -0.107999 0.745636 -0.051995 -0.040955 0.486019 -0.062377 -0.124778 -0.124894 0.000000 
1.200280e-01 1.000000e-01 8.527194e-01 1.155856e-01 1.000000e-01 1.597501e+00 -0.493568 -0.057702 -0.106061 0.747576 -0.050044 -0.040203 0.493568 -0.063346 -0.126716 -0.126834 0.000000 
1.200280e-01 1.000000e-01 8.412493e-01 1.155856e-01 1.000000e-01 1.597501e+00 -0.501146 -0.056729 -0.104115 0.749524 -0.048086 -0.039449 0.501146 -0.064319 -0.128662 -0.128781 0.000000 
1.200280e-01 1.000000e-01 8.297352e-01 1.155856e-01 1.000000e-01 1.597501e+00 -0.508754 -0.055753 -0.102162 0.751478 -0.046120 -0.038691 0.508753 -0.065295 -0.130615 -0.130736 0.000000 
1.200280e-01 1.000000e-01 8.181775e-01 1.155856e-01 1.000000e-01 1.597501e+00 -0.516390 -0.054773 -0.100202 0.753441 -0.044147 -0.037931 0.516389 -0.066275 -0.132575 -0.132698 0.000000 
1.200280e-01 1.000000e-01 8.065767e-01 1.155856e-01 1.000000e-01 1.597501e+00 -0.524054 -0.053789 -0.098234 0.755410 -0.042167 -0.037168 0.524053 -0.067259 -0.134543 -0.134667 0.000000 
1.200280e-01 1.000000e-01 7.949330e-01 1.155856e-01 1.000000e-01 1.597501e+00 -0.531747 -0.052802 -0.096260 0.757387 -0.040179 -0.036402 0.531746 -0.068246 -0.136518 -0.136644 0.000000 
1.200280e-01 1.000000e-01 7.832470e-01 1.155856e-01 1.000000e-01 1.597501e+00 -0.539467 -0.051811 -0.094277 0.759371 -0.038184 -0.035633 0.539467 -0.069237 -0.138500 -0.138628 0.000000 
1.200280e-01 9.999999e-02 7.715189e-01 1.155856e-01 1.000000e-01 1.597501e+00 -0.547216 -0.050817 -0.092288 0.761362 -0.036182 -0.034861 0.547215 -0.070231 -0.140489 -0.140619 0.000000 
1.200280e-01 9.999999e-02 7.597490e-01 1.155856e-01 1.000000e-01 1.597501e+00 -0.554992 -0.049819 -0.090292 0.763360 -0.034173 -0.034087 0.554991 -0.071229 -0.142486 -0.142618 0.000000 
1.200280e-01 9.999999e-02 7.479379e-01 1.155856e-01 1.000000e-01 1.597501e+00 -0.562795 -0.048817 -0.088288 0.765366 -0.032157 -0.033310 0.562795 -0.072231 -0.144489 -0.144623 0.000000 
1.200280e-01 9.999999e-02 7.360858e-01 1.155856e-01 1.000000e-01 1.597501e+00 -0.570626 -0.047812 -0.086278 0.767378 -0.030134 -0.032530 0.570625 -0.073236 -0.146499 -0.146635 0.000000 
1.200280e-01 9.999999e-02 7.241931e-01 1.155856e-01 1.000000e-01 1.597501e+00 -0.578483 -0.046804 -0.084261 0.769397 -0.028103 -0.031748 0.578482 -0.074244 -0.148517 -0.148654 0.000000 
1.200280e-01 9.999999e-02 7.122601e-01 1.155856e-01 1.000000e-01 1.597501e+00 -0.586367 -0.045792 -0.082237 0.771423 -0.026066 -0.030963 0.586366 -0.075256 -0.150541 -0.150680 0.000000 
1.200280e-01 9.999998e-02 7.002872e-01 1.155856e-01 1.000000e-01 1.597501e+00 -0.594277 -0.044777 -0.080206 0.773456 -0.024022 -0.030175 0.594277 -0.076271 -0.152571 -0.152713 0.000000 
1.200280e-01 9.999998e-02 6.882747e-01 1.155856e-01 1.000000e-01 1.597501e+00 -0.602214 -0.043758 -0.078168 0.775495 -0.021972 -0.029385 0.602213 -0.077290 -0.154609 -0.154752 0.000000 
1.200280e-01 9.999998e-02 6.762229e-01 1.155856e-01 1.000000e-01 1.597501e+00 -0.610176 -0.042736 -0.076124 0.777541 -0.019914 -0.028592 0.610175 -0.078312 -0.156653 -0.156798 0.000000 
1.200280e-01 9.999997e-02 6.641323e-01 1.155856e-01 1.000000e-01 1.597501e+00 -0.618164 -0.041711 -0.074074 0.779594 -0.017851 -0.027797 0.618163 -0.079337 -0.158704 -0.158851 0.000000 
1.200280e-01 9.999996e-02 6.520031e-01 1.155856e-01 1.000000e-01 1.597501e+00 -0.626177 -0.040683 -0.072016 0.781653 -0.015780 -0.026999 0.626177 -0.080366 -0.160761 -0.160910 0.000000 
1.200280e-01 9.999996e-02 6.398356e-01 1.155856e-01 1.000000e-01 1.597501e+00 -0.634216 -0.039651 -0.069952 0.783719 -0.013703 -0.026198 0.634216 -0.081397 -0.162825 -0.162976 0.000000 
1.200280e-01 9.999995e-02 6.276303e-01 1.155856e-01 1.000000e-01 1.597501e+00 -0.642280 -0.038616 -0.067882 0.785791 -0.011619 -0.025395 0.642279 -0.082432 -0.164895 -0.165048 0.000000 
1.200280e-01 9.999994e-02 6.153873e-01 1.155856e-01 1.000000e-01 1.597501e+00 -0.650369 -0.037578 -0.065805 0.787870 -0.009529 -0.024590 0.650368 -0.083470 -0.166972 -0.167127 0.000000 
1.200280e-01 9.999993e-02 6.031071e-01 1.155856e-01 1.000000e-01 1.597501e+00 -0.658482 -0.036537 -0.063722 0.789955 -0.007433 -0.023782 0.658481 -0.084512 -0.169055 -0.169212 0.000000 
1.200280e-01 9.999991e-02 5.907898e-01 1.155856e-01 1.000000e-01 1.597501e+00 -0.666620 -0.035492 -0.061633 0.792046 -0.005330 -0.022972 0.666619 -0.085556 -0.171144 -0.171303 0.000000 
1.200280e-01 9.999989e-02 5.784360e-01 1.155856e-01 1.000000e-01 1.597501e+00 -0.674782 -0.034445 -0.059538 0.794143 -0.003222 -0.022159 0.674781 -0.086603 -0.173240 -0.173400 0.000000 
1.200280e-01 9.999987e-02 5.660458e-01 1.155856e-01 1.000000e-01 1.597501e+00 -0.682968 -0.033394 -0.057436 0.796247 -0.001106 -0.021344 0.682967 -0.087654 -0.175341 -0.175504 0.000000 
1.200280e-01 9.999984e-02 5.536195e-01 1.155856e-01 1.000000e-01 1.597501e+00 -0.691177 -0.032340 -0.055328 0.798356 0.001015 -0.020527 0.691177 -0.088708 -0.177449 -0.177614 0.000000 
1.200280e-01 9.999981e-02 5.411575e-01 1.155856e-01 1.000000e-01 1.597501e+00 -0.699411 -0.031284 -0.053215 0.800472 0.003142 -0.019707 0.699410 -0.089764 -0.179563 -0.179729 0.000000 
1.200280e-01 9.999977e-02 5.286601e-01 1.155856e-01 1.000000e-01 1.597501e+00 -0.707667 -0.030224 -0.051095 0.802594 0.005276 -0.018885 0.707667 -0.090824 -0.181683 -0.181851 0.000000 
1.200280e-01 9.999972e-02 5.161275e-01 1.155856e-01 1.000000e-01 1.597501e+00 -0.715947 -0.029161 -0.048969 0.804722 0.007415 -0.018060 0.715947 -0.091887 -0.183808 -0.183979 0.000000 
1.200280e-01 9.999966e-02 5.035600e-01 1.155856e-01 1.000000e-01 1.597501e+00 -0.724251 -0.028096 -0.046837 0.806855 0.009560 -0.017233 0.724250 -0.092952 -0.185940 -0.186113 0.000000 
1.200280e-01 9.999959e-02 4.909580e-01 1.155856e-01 1.000000e-01 1.597501e+00 -0.732576 -0.027027 -0.044700 0.808995 0.011712 -0.016404 0.732576 -0.094020 -0.188078 -0.188253 0.000000 
1.200280e-01 9.999950e-02 4.783216e-01 1.155856e-01 1.000000e-01 1.597501e+00 -0.740925 -0.025955 -0.042557 0.811140 0.013869 -0.015573 0.740924 -0.095092 -0.190221 -0.190399 0.000000 
1.200280e-01 9.999940e-02 4.656513e-01 1.155856e-01 1.000000e-01 1.597501e+00 -0.749296 -0.024881 -0.040407 0.813291 0.016032 -0.014740 0.749296 -0.096165 -0.192370 -0.192551 0.000000 
1.200280e-01 9.999927e-02 4.529472e-01 1.155856e-01 1.000000e-01 1.597501e+00 -0.757689 -0.023804 -0.038253 0.815448 0.018200 -0.013904 0.757689 -0.097242 -0.194525 -0.194709 0.000000 
1.200280e-01 9.999911e-02 4.402097e-01 1.155856e-01 1.000000e-01 1.597501e+00 -0.766105 -0.022724 -0.036092 0.817611 0.020375 -0.013066 0.766104 -0.098321 -0.196686 -0.196874 0.000000 
1.200280e-01 9.999892e-02 4.274390e-01 1.155856e-01 1.000000e-01 1.597501e+00 -0.774542 -0.021641 -0.033926 0.819779 0.022555 -0.012226 0.774542 -0.099402 -0.198852 -0.199045 0.000000 
1.200280e-01 9.999868e-02 4.146354e-01 1.155856e-01 1.000000e-01 1.597501e+00 -0.783001 -0.020555 -0.031754 0.821953 0.024740 -0.011384 0.783001 -0.100485 -0.201024 -0.201224 0.000000 
1.200280e-01 9.999839e-02 4.017991e-01 1.155856e-01 1.000000e-01 1.597501e+00 -0.791482 -0.019467 -0.029577 0.824132 0.026932 -0.010539 0.791481 -0.101570 -0.203201 -0.203411 0.000000 
1.200280e-01 9.999804e-02 3.889305e-01 1.155856e-01 1.000000e-01 1.597501e+00 -0.799984 -0.018376 -0.027394 0.826317 0.029128 -0.009693 0.799983 -0.102656 -0.205385 -0.205606 0.000000 
1.200280e-01 9.999762e-02 3.760297e-01 1.155856e-01 1.000000e-01 1.597501e+00 -0.808507 -0.017282 -0.025206 0.828507 0.031331 -0.008844 0.808507 -0.103741 -0.207574 -0.207814 0.000000 
1.200280e-01 9.999709e-02 3.630970e-01 1.155856e-01 1.000000e-01 1.597501e+00 -0.817051 -0.016185 -0.023012 0.830703 0.033538 -0.007993 0.817051 -0.104825 -0.209768 -0.210035 0.000000 
1.200280e-01 9.999645e-02 3.501327e-01 1.155856e-01 1.000000e-01 1.597501e+00 -0.825617 -0.015086 -0.020813 0.832904 0.035751 -0.007140 0.825616 -0.105905 -0.211969 -0.212275 0.000000 
1.200280e-01 9.999567e-02 3.371371e-01 1.155856e-01 1.000000e-01 1.597501e+00 -0.834203 -0.013984 -0.018609 0.835110 0.037970 -0.006285 0.834202 -0.106977 -0.214176 -0.214541 0.000000 
1.200280e-01 9.999471e-02 3.241103e-01 1.155856e-01 1.000000e-01 1.597501e+00 -0.842809 -0.012879 -0.016399 0.837322 0.040194 -0.005428 0.842809 -0.108036 -0.216389 -0.216842 0.000000 
1.200280e-01 9.999353e-02 3.110526e-01 1.155856e-01 1.000000e-01 1.597501e+00 -0.851436 -0.011772 -0.014184 0.839539 0.042423 -0.004569 0.851436 -0.109074 -0.218609 -0.219197 0.000000 
1.200280e-01 9.999209e-02 2.979643e-01 1.155856e-01 1.000000e-01 1.597501e+00 -0.860083 -0.010662 -0.011964 0.841761 0.044657 -0.003708 0.860083 -0.110079 -0.220838 -0.221630 0.000000 
1.200280e-01 9.999033e-02 2.848456e-01 1.155856e-01 1.000000e-01 1.597501e+00 -0.868751 -0.009550 -0.009739 0.843988 0.046896 -0.002845 0.868750 -0.111031 -0.223075 -0.224177 0.000000 
1.200280e-01 9.998817e-02 2.716967e-01 1.155856e-01 1.000000e-01 1.597501e+00 -0.877438 -0.008435 -0.007509 0.846220 0.049141 -0.001980 0.877438 -0.111900 -0.225324 -0.226905 0.000000 
1.200280e-01 9.998553e-02 2.585178e-01 1.155856e-01 1.000000e-01 1.597501e+00 -0.886145 -0.007317 -0.005273 0.848458 0.051391 -0.001113 0.886145 -0.112643 -0.227586 -0.229899 0.000000 
1.200280e-01 9.998232e-02 2.453092e-01 1.155856e-01 1.000000e-01 1.597501e+00 -0.894873 -0.006197 -0.003033 0.850701 0.053646 -0.000244 0.894872 -0.113194 -0.229863 -0.233296 0.000000 
1.200280e-01 9.997841e-02 2.320710e-01 1.155856e-01 1.000000e-01 1.597501e+00 -0.903619 -0.005075 -0.000787 0.852948 0.055906 0.000627 0.903619 -0.113439 -0.232156 -0.237344 0.000000 
1.200280e-01 9.997368e-02 2.188034e-01 1.155856e-01 1.000000e-01 1.597501e+00 -0.912386 -0.003950 0.001464 0.855201 0.058171 0.001500 0.912386 -0.113237 -0.234459 -0.242361 0.000000 
1.200280e-01 9.996802e-02 2.055066e-01 1.155856e-01 1.000000e-01 1.597501e+00 -0.921173 -0.002822 0.003719 0.857459 0.060441 0.002374 0.921173 -0.112352 -0.236747 -0.248905 0.000000 
1.200280e-01 9.996133e-02 1.921806e-01 1.155856e-01 1.000000e-01 1.597501e+00 -0.929979 -0.001692 0.005980 0.859722 0.062717 0.003251 0.929979 -0.110419 -0.238940 -0.257934 0.000000 
1.200280e-01 9.995361e-02 1.788256e-01 1.155856e-01 1.000000e-01 1.597501e+00 -0.938806 -0.000559 0.008247 0.861990 0.064997 0.004130 0.938806 -0.106987 -0.240834 -0.270837 0.000000 
1.200280e-01 9.994508e-02 1.654413e-01 1.155856e-01 1.000000e-01 1.597501e+00 -0.947655 0.000577 0.010518 0.864264 0.067284 0.005011 0.947655 -0.101384 -0.241906 -0.290132 0.000000 
1.200280e-01 9.993681e-02 1.520268e-01 1.155856e-01 1.000000e-01 1.597501e+00 -0.956528 0.001716 0.012796 0.866544 0.069576 0.005895 0.956528 -0.092679 -0.240741 -0.320657 0.000000 
1.200280e-01 9.993310e-02 1.385775e-01 1.155856e-01 1.000000e-01 1.597501e+00 -0.965441 0.002860 0.015085 0.868835 0.071879 0.006782 0.965441 -0.080006 -0.234059 -0.370675 0.000000 
1.200280e-01 9.995301e-02 1.250702e-01 1.155856e-01 1.000000e-01 1.597501e+00 -0.974463 0.004018 0.017401 0.871153 0.074210 0.007681 0.974463 -0.062414 -0.213839 -0.457236 0.000000 
1.200280e-01 1.000675e-01 1.114013e-01 1.155856e-01 1.000000e-01 1.597501e+00 -0.983951 0.005235 0.019837 0.873591 0.076662 0.008625 0.983951 -0.038476 -0.157888 -0.622350 0.000000 
1.200280e-01 1.003096e-01 9.749249e-02 1.155856e-01 1.000000e-01 1.597501e+00 -0.994886 0.006639 0.022644 0.876401 0.079488 0.009714 0.994886 -0.006168 -0.029425 -0.930278 0.000000 
1.200280e-01 1.003096e-01 9.749249e-02 1.155856e-01 1.000000e-01 1.597501e+00 -0.994886 0.006639 0.022644 0.876401 0.079488 0.009714 0.994886 -0.006168 -0.029425 -0.930278 0.000000 
1.200280e-01 1.003096e-01 9.749249e-02 1.155856e-01 1.000000e-01 1.597501e+00 -0.994886 0.006639 0.022644 0.876401 0.079488 0.009714 0.994886 -0.006168 -0.029425 -0.930278 0.000000 
1.200280e-01 1.003096e-01 9.749249e-02 1.155856e-01 1.000000e-01 1.597501e+00 -0.994886 0.006639 0.022644 0.876401 0.079488 0.009714 0.994886 -0.006168 -0.029425 -0.930278 0.000000 
1.200280e-01 1.003096e-01 9.749249e-02 1.155856e-01 1.000000e-01 1.597501e+00 -0.994886 0.006639 0.022644 0.876401 0.079488 0.009714 0.994886 -0.006168 -0.029425 -0.930278 0.000000 
1.200280e-01 1.003096e-01 9.749249e-02 1.155856e-01 1.000000e-01 1.597501e+00 -0.994886 0.006639 0.022644 0.876401 0.079488 0.009714 0.994886 -0.006168 -0.029425 -0.930278 0.000000 
1.200280e-01 1.003096e-01 9.749249e-02 1.155856e-01 1.000000e-01 1.597501e+00 -0.994886 0.006639 0.022644 0.876401 0.079488 0.009714 0.994886 -0.006168 -0.029425 -0.930278 0.000000 
1.200280e-01 1.003096e-01 9.749249e-02 1.155856e-01 1.000000e-01 1.597501e+00 -0.994886 0.006639 0.022644 0.876401 0.079488 0.009714 0.994886 -0.006168 -0.029425 -0.930278 0.000000 
1.200280e-01 1.003096e-01 9.749249e-02 1.155856e-01 1.000000e-01 1.597501e+00 -0.994886 0.006639 0.022644 0.876401 0.079488 0.009714 0.994886 -0.006168 -0.029425 -0.930278 0.000000 
1.200280e-01 1.003096e-01 9.749249e-02 1.155856e-01 1.000000e-01 1.597501e+00 -0.994886 0.006639 0.022644 0.876401 0.079488 0.009714 0.994886 -0.006168 -0.029425 -0.930278 0.000000 
1.200280e-01 1.003096e-01 9.749249e-02 1.155856e-01 1.000000e-01 1.597501e+00 -0.994886 0.006639 0.022644 0.876401 0.079488 0.009714 0.994886 -0.006168 -0.029425 -0.930278 0.000000 
1.200280e-01 1.003096e-01 9.749249e-02 1.155856e-01 1.000000e-01 1.597501e+00 -0.994886 0.006639 0.022644 0.876401 0.079488 0.009714 0.994886 -0.006168 -0.029425 -0.930278 0.000000 
1.200280e-01 1.003096e-01 9.749249e-02 1.155856e-01 1.000000e-01 1.597501e+00 -0.994886 0.006639 0.022644 0.876401 0.079488 0.009714 0.994886 -0.006168 -0.029425 -0.930278 0.000000 
1.200280e-01 1.003096e-01 9.749249e-02 1.155856e-01 1.000000e-01 1.597501e+00 -0.994886 0.006639 0.022644 0.876401 0.079488 0.009714 0.994886 -0.006168 -0.029425 -0.930278 0.000000 
1.200280e-01 1.003096e-01 9.749249e-02 1.155856e-01 1.000000e-01 1.597501e+00 -0.994886 0.006639 0.022644 0.876401 0.079488 0.009714 0.994886 -0.006168 -0.029425 -0.930278 0.000000 
1.200280e-01 1.003096e-01 9.749249e-02 1.155856e-01 1.000000e-01 1.597501e+00 -0.994886 0.006639 0.022644 0.876401 0.079488 0.009714 0.994886 -0.006168 -0.029425 -0.930278 0.000000 
1.200280e-01 1.003096e-01 9.749249e-02 1.155856e-01 1.000000e-01 1.597501e+00 -0.994886 0.006639 0.022644 0.876401 0.079488 0.009714 0.994886 -0.006168 -0.029425 -0.930278 0.000000 
1.200280e-01 1.003096e-01 9.749249e-02 1.155856e-01 1.000000e-01 1.597501e+00 -0.994886 0.006639 0.022644 0.876401 0.079488 0.009714 0.994886 -0.006168 -0.029425 -0.930278 0.000000 
1.200280e-01 1.003096e-01 9.749249e-02 1.155856e-01 1.000000e-01 1.597501e+00 -0.994886 0.006639 0.022644 0.876401 0.079488 0.009714 0.994886 -0.006168 -0.029425 -0.930278 0.000000 
1.200280e-01 1.003096e-01 9.749249e-02 1.155856e-01 1.000000e-01 1.597501e+00 -0.994886 0.006639 0.022644 0.876401 0.079488 0.009714 0.994886 -0.006168 -0.029425 -0.930278 0.000000 
1.200280e-01 1.003096e-01 9.749249e-02 1.155856e-01 1.000000e-01 1.597501e+00 -0.994886 0.006639 0.022644 0.876401 0.079488 0.009714 0.994886 -0.006168 -0.029425 -0.930278 0.000000 
1.200280e-01 1.003096e-01 9.749249e-02 1.155856e-01 1.000000e-01 1.597501e+00 -0.994886 0.006639 0.022644 0.876401 0.079488 0.009714 0.994886 -0.006168 -0.029425 -0.930278 0.000000 
1.200280e-01 1.003096e-01 9.749249e-02 1.155856e-01 1.000000e-01 1.597501e+00 -0.994886 0.006639 0.022644 0.876401 0.079488 0.009714 0.994886 -0.006168 -0.029425 -0.930278 0.000000 
1.200280e-01 1.003096e-01 9.749249e-02 1.155856e-01 1.000000e-01 1.597501e+00 -0.994886 0.006639 0.022644 0.876401 0.079488 0.009714 0.994886 -0.006168 -0.029425 -0.930278 0.000000 
1.200280e-01 1.003096e-01 9.749249e-02 1.155856e-01 1.000000e-01 1.597501e+00 -0.994886 0.006639 0.022644 0.876401 0.079488 0.009714 0.994886 -0.006168 -0.029425 -0.930278 0.000000 
1.200280e-01 1.003096e-01 9.749249e-02 1.155856e-01 1.000000e-01 1.597501e+00 -0.994886 0.006639 0.022644 0.876401 0.079488 0.009714 0.994886 -0.006168 -0.029425 -0.930278 0.000000 
1.200280e-01 1.003096e-01 9.749249e-02 1.155856e-01 1.000000e-01 1.597501e+00 -0.994886 0.006639 0.022644 0.876401 0.079488 0.009714 0.994886 -0.006168 -0.029425 -0.930278 0.000000 
1.200280e-01 1.003096e-01 9.749249e-02 1.155856e-01 1.000000e-01 1.597501e+00 -0.994886 0.006639 0.022644 0.876401 0.079488 0.009714 0.994886 -0.006168 -0.029425 -0.930278 0.000000 
1.200280e-01 1.003096e-01 9.749249e-02 1.155856e-01 1.000000e-01 1.597501e+00 -0.994886 0.006639 0.022644 0.876401 0.079488 0.009714 0.994886 -0.006168 -0.029425 -0.930278 0.000000 
1.200280e-01 1.003096e-01 9.749249e-02 1.155856e-01 1.000000e-01 1.597501e+00 -0.994886 0.006639 0.022644 0.876401 0.079488 0.009714 0.994886 -0.006168 -0.029425 -0.930278 0.000000 
1.200280e-01 1.003096e-01 9.749249e-02 1.155856e-01 1.000000e-01 1.597501e+00 -0.994886 0.006639 0.022644 0.876401 0.079488 0.009714 0.994886 -0.006168 -0.029425 -0.930278 0.000000 
1.200280e-01 1.003096e-01 9.749249e-02 1.155856e-01 1.000000e-01 1.597501e+00 -0.994886 0.006639 0.022644 0.876401 0.079488 0.009714 0.994886 -0.006168 -0.029425 -0.930278 0.000000 
1.200280e-01 1.003096e-01 9.749249e-02 1.155856e-01 1.000000e-01 1.597501e+00 -0.994886 0.006639 0.022644 0.876401 0.079488 0.009714 0.994886 -0.006168 -0.029425 -0.930278 0.000000 
1.200280e-01 1.003096e-01 9.749249e-02 1.155856e-01 1.000000e-01 1.597501e+00 -0.994886 0.006639 0.022644 0.876401 0.079488 0.009714 0.994886 -0.006168 -0.029425 -0.930278 0.000000 
1.200280e-01 1.003096e-01 9.749249e-02 1.155856e-01 1.000000e-01 1.597501e+00 -0.994886 0.006639 0.022644 0.876401 0.079488 0.009714 0.994886 -0.006168 -0.029425 -0.930278 0.000000 
1.200280e-01 1.003096e-01 9.749249e-02 1.155856e-01 1.000000e-01 1.597501e+00 -0.994886 0.006639 0.022644 0.876401 0.079488 0.009714 0.994886 -0.006168 -0.029425 -0.930278 0.000000 
1.200280e-01 1.003096e-01 9.749249e-02 1.155856e-01 1.000000e-01 1.597501e+00 -0.994886 0.006639 0.022644 0.876401 0.079488 0.009714 0.994886 -0.006168 -0.029425 -0.930278 0.000000 
1.200280e-01 1.003096e-01 9.749249e-02 1.155856e-01 1.000000e-01 1.597501e+00 -0.994886 0.006639 0.022644 0.876401 0.079488 0.009714 0.994886 -0.006168 -0.029425 -0.930278 0.000000 
1.200280e-01 1.003096e-01 9.749249e-02 1.155856e-01 1.000000e-01 1.597501e+00 -0.994886 0.006639 0.022644 0.876401 0.079488 0.009714 0.994886 -0.006168 -0.029425 -0.930278 0.000000 
1.200280e-01 1.003096e-01 9.749249e-02 1.155856e-01 1.000000e-01 1.597501e+00 -0.994886 0.006639 0.022644 0.876401 0.079488 0.009714 0.994886 -0.006168 -0.029425 -0.930278 0.000000 
1.200280e-01 1.003096e-01 9.749249e-02 1.155856e-01 1.000000e-01 1.597501e+00 -0.994886 0.006639 0.022644 0.876401 0.079488 0.009714 0.994886 -0.006168 -0.029425 -0.930278 0.000000 
1.200280e-01 1.003096e-01 9.749249e-02 1.155856e-01 1.000000e-01 1.597501e+00 -0.994886 0.006639 0.022644 0.876401 0.079488 0.009714 0.994886 -0.006168 -0.029425 -0.930278 0.000000 
1.200280e-01 1.003096e-01 9.749249e-02 1.155856e-01 1.000000e-01 1.597501e+00 -0.994886 0.006639 0.022644 0.876401 0.079488 0.009714 0.994886 -0.006168 -0.029425 -0.930278 0.000000 
1.200280e-01 1.003096e-01 9.749249e-02 1.155856e-01 1.000000e-01 1.597501e+00 -0.994886 0.006639 0.022644 0.876401 0.079488 0.009714 0.994886 -0.006168 -0.029425 -0.930278 0.000000 
1.200280e-01 1.003096e-01 9.749249e-02 1.155856e-01 1.000000e-01 1.597501e+00 -0.994886 0.006639 0.022644 0.876401 0.079488 0.009714 0.994886 -0.006168 -0.029425 -0.930278 0.000000 
1.200280e-01 1.003096e-01 9.749249e-02 1.155856e-01 1.000000e-01 1.597501e+00 -0.994886 0.006639 0.022644 0.876401 0.079488 0.009714 0.994886 -0.006168 -0.029425 -0.930278 0.000000 
1.200280e-01 1.003096e-01 9.749249e-02 1.155856e-01 1.000000e-01 1.597501e+00 -0.994886 0.006639 0.022644 0.876401 0.079488 0.009714 0.994886 -0.006168 -0.029425 -0.930278 0.000000 
1.200280e-01 1.003096e-01 9.749249e-02 1.155856e-01 1.000000e-01 1.597501e+00 -0.994886 0.006639 0.022644 0.876401 0.079488 0.009714 0.994886 -0.006168 -0.029425 -0.930278 0.000000 
1.200280e-01 1.003096e-01 9.749249e-02 1.155856e-01 1.000000e-01 1.597501e+00 -0.994886 0.006639 0.022644 0.876401 0.079488 0.009714 0.994886 -0.006168 -0.029425 -0.930278 0.000000 
1.200280e-01 1.003096e-01 9.749249e-02 1.155856e-01 1.000000e-01 1.597501e+00 -0.994886 0.006639 0.022644 0.876401 0.079488 0.009714 0.994886 -0.006168 -0.029425 -0.930278 0.000000 
1.200280e-01 1.003096e-01 9.749249e-02 1.155856e-01 1.000000e-01 1.597501e+00 -0.994886 0.006639 0.022644 0.876401 0.079488 0.009714 0.994886 -0.006168 -0.029425 -0.930278 0.000000 
1.200280e-01 1.003096e-01 9.749249e-02 1.155856e-01 1.000000e-01 1.597501e+00 -0.994886 0.006639 0.022644 0.876401 0.079488 0.009714 0.994886 -0.006168 -0.029425 -0.930278 0.000000 
1.200280e-01 1.003096e-01 9.749249e-02 1.155856e-01 1.000000e-01 1.597501e+00 -0.994886 0.006639 0.022644 0.876401 0.079488 0.009714 0.994886 -0.006168 -0.029425 -0.930278 0.000000 
1.200280e-01 1.003096e-01 9.749249e-02 1.155856e-01 1.000000e-01 1.597501e+00 -0.994886 0.006639 0.022644 0.876401 0.079488 0.009714 0.994886 -0.006168 -0.029425 -0.930278 0.000000 
1.200280e-01 1.003096e-01 9.749249e-02 1.155856e-01 1.000000e-01 1.597501e+00 -0.994886 0.006639 0.022644 0.876401 0.079488 0.009714 0.994886 -0.006168 -0.029425 -0.930278 0.000000 
1.200280e-01 1.003096e-01 9.749249e-02 1.155856e-01 1.000000e-01 1.597501e+00 -0.994886 0.006639 0.022644 0.876401 0.079488 0.009714 0.994886 -0.006168 -0.029425 -0.930278 0.000000 
1.200280e-01 1.003096e-01 9.749249e-02 1.155856e-01 1.000000e-01 1.597501e+00 -0.994886 0.006639 0.022644 0.876401 0.079488 0.009714 0.994886 -0.006168 -0.029425 -0.930278 0.000000 
1.200280e-01 1.003096e-01 9.749249e-02 1.155856e-01 1.000000e-01 1.597501e+00 -0.994886 0.006639 0.022644 0.876401 0.079488 0.009714 0.994886 -0.006168 -0.029425 -0.930278 0.000000 
1.200280e-01 1.003096e-01 9.749249e-02 1.155856e-01 1.000000e-01 1.597501e+00 -0.994886 0.006639 0.022644 0.876401 0.079488 0.009714 0.994886 -0.006168 -0.029425 -0.930278 0.000000 
1.200280e-01 1.003096e-01 9.749249e-02 1.155856e-01 1.000000e-01 1.597501e+00 -0.994886 0.006639 0.022644 0.876401 0.079488 0.009714 0.994886 -0.006168 -0.029425 -0.930278 0.000000 
1.200280e-01 1.003096e-01 9.749249e-02 1.155856e-01 1.000000e-01 1.597501e+00 -0.994886 0.006639 0.022644 0.876401 0.079488 0.009714 0.994886 -0.006168 -0.029425 -0.930278 0.000000 
1.200280e-01 1.003096e-01 9.749249e-02 1.155856e-01 1.000000e-01 1.597501e+00 -0.994886 0.006639 0.022644 0.876401 0.079488 0.009714 0.994886 -0.006168 -0.029425 -0.930278 0.000000 
1.200280e-01 1.003096e-01 9.749249e-02 1.155856e-01 1.000000e-01 1.597501e+00 -0.994886 0.006639 0.022644 0.876401 0.079488 0.009714 0.994886 -0.006168 -0.029425 -0.930278 0.000000 
1.200280e-01 1.003096e-01 9.749249e-02 1.155856e-01 1.000000e-01 1.597501e+00 -0.994886 0.006639 0.022644 0.876401 0.079488 0.009714 0.994886 -0.006168 -0.029425 -0.930278 0.000000 
1.200280e-01 1.003096e-01 9.749249e-02 1.155856e-01 1.000000e-01 1.597501e+00 -0.994886 0.006639 0.022644 0.876401 0.079488 0.009714 0.994886 -0.006168 -0.029425 -0.930278 0.000000 
1.200280e-01 1.003096e-01 9.749249e-02 1.155856e-01 1.000000e-01 1.597501e+00 -0.994886 0.006639 0.022644 0.876401 0.079488 0.009714 0.994886 -0.006168 -0.029425 -0.930278 0.000000 
1.200280e-01 1.003096e-01 9.749249e-02 1.155856e-01 1.000000e-01 1.597501e+00 -0.994886 0.006639 0.022644 0.876401 0.079488 0.009714 0.994886 -0.006168 -0.029425 -0.930278 0.000000 
1.200280e-01 1.003096e-01 9.749249e-02 1.155856e-01 1.000000e-01 1.597501e+00 -0.994886 0.006639 0.022644 0.876401 0.079488 0.009714 0.994886 -0.006168 -0.029425 -0.930278 0.000000 
1.200280e-01 1.003096e-01 9.749249e-02 1.155856e-01 1.000000e-01 1.597501e+00 -0.994886 0.006639 0.022644 0.876401 0.079488 0.009714 0.994886 -0.006168 -0.029425 -0.930278 0.000000 
1.200280e-01 1.003096e-01 9.749249e-02 1.155856e-01 1.000000e-01 1.597501e+00 -0.994886 0.006639 0.022644 0.876401 0.079488 0.009714 0.994886 -0.006168 -0.029425 -0.930278 0.000000 
1.200280e-01 1.003096e-01 9.749249e-02 1.155856e-01 1.000000e-01 1.597501e+00 -0.994886 0.006639 0.022644 0.876401 0.079488 0.009714 0.994886 -0.006168 -0.029425 -0.930278 0.000000 
1.200280e-01 1.003096e-01 9.749249e-02 1.155856e-01 1.000000e-01 1.597501e+00 -0.994886 0.006639 0.022644 0.876401 0.079488 0.009714 0.994886 -0.006168 -0.029425 -0.930278 0.000000 
1.200280e-01 1.003096e-01 9.749249e-02 1.155856e-01 1.000000e-01 1.597501e+00 -0.994886 0.006639 0.022644 0.876401 0.079488 0.009714 0.994886 -0.006168 -0.029425 -0.930278 0.000000 
1.200280e-01 1.003096e-01 9.749249e-02 1.155856e-01 1.000000e-01 1.597501e+00 -0.994886 0.006639 0.022644 0.876401 0.079488 0.009714 0.994886 -0.006168 -0.029425 -0.930278 0.000000 
1.200280e-01 1.003096e-01 9.749249e-02 1.155856e-01 1.000000e-01 1.597501e+00 -0.994886 0.006639 0.022644 0.876401 0.079488 0.009714 0.994886 -0.006168 -0.029425 -0.930278 0.000000 
1.200280e-01 1.003096e-01 9.749249e-02 1.155856e-01 1.000000e-01 1.597501e+00 -0.994886 0.006639 0.022644 0.876401 0.079488 0.009714 0.994886 -0.006168 -0.029425 -0.930278 0.000000 
1.200280e-01 1.003096e-01 9.749249e-02 1.155856e-01 1.000000e-01 1.597501e+00 -0.994886 0.006639 0.022644 0.876401 0.079488 0.009714 0.994886 -0.006168 -0.029425 -0.930278 0.000000 
1.200280e-01 1.003096e-01 9.749249e-02 1.155856e-01 1.000000e-01 1.597501e+00 -0.994886 0.006639 0.022644 0.876401 0.079488 0.009714 0.994886 -0.006168 -0.029425 -0.930278 0.000000 
1.200280e-01 1.003096e-01 9.749249e-02 1.155856e-01 1.000000e-01 1.597501e+00 -0.994886 0.006639 0.022644 0.876401 0.079488 0.009714 0.994886 -0.006168 -0.029425 -0.930278 0.000000 
1.200280e-01 1.003096e-01 9.749249e-02 1.155856e-01 1.000000e-01 1.597501e+00 -0.994886 0.006639 0.022644 0.876401 0.079488 0.009714 0.994886 -0.006168 -0.029425 -0.930278 0.000000 
1.200280e-01 1.003096e-01 9.749249e-02 1.155856e-01 1.000000e-01 1.597501e+00 -0.994886 0.006639 0.022644 0.876401 0.079488 0.009714 0.994886 -0.006168 -0.029425 -0.930278 0.000000 
1.200280e-01 1.003096e-01 9.749249e-02 1.155856e-01 1.000000e-01 1.597501e+00 -0.994886 0.006639 0.022644 0.876401 0.079488 0.009714 0.994886 -0.006168 -0.029425 -0.930278 0.000000 
1.200280e-01 1.003096e-01 9.749249e-02 1.155856e-01 1.000000e-01 1.597501e+00 -0.994886 0.006639 0.022644 0.876401 0.079488 0.009714 0.994886 -0.006168 -0.029425 -0.930278 0.000000 
1.200280e-01 1.003096e-01 9.749249e-02 1.155856e-01 1.000000e-01 1.597501e+00 -0.994886 0.006639 0.022644 0.876401 0.079488 0.009714 0.994886 -0.006168 -0.029425 -0.930278 0.000000 
1.200280e-01 1.003096e-01 9.749249e-02 1.155856e-01 1.000000e-01 1.597501e+00 -0.994886 0.006639 0.022644 0.876401 0.079488 0.009714 0.994886 -0.006168 -0.029425 -0.930278 0.000000 
1.200280e-01 1.003096e-01 9.749249e-02 1.155856e-01 1.000000e-01 1.597501e+00 -0.994886 0.006639 0.022644 0.876401 0.079488 0.009714 0.994886 -0.006168 -0.029425 -0.930278 0.000000 
1.200280e-01 1.003096e-01 9.749249e-02 1.155856e-01 1.000000e-01 1.597501e+00 -0.994886 0.006639 0.022644 0.876401 0.079488 0.009714 0.994886 -0.006168 -0.029425 -0.930278 0.000000 
1.200280e-01 1.003096e-01 9.749249e-02 1.155856e-01 1.000000e-01 1.597501e+00 -0.994886 0.006639 0.022644 0.876401 0.079488 0.009714 0.994886 -0.006168 -0.029425 -0.930278 0.000000 
1.200280e-01 1.003096e-01 9.749249e-02 1.155856e-01 1.000000e-01 1.597501e+00 -0.994886 0.006639 0.022644 0.876401 0.079488 0.009714 0.994886 -0.006168 -0.029425 -0.930278 0.000000 
1.200280e-01 1.003096e-01 9.749249e-02 1.155856e-01 1.000000e-01 1.597501e+00 -0.994886 0.006639 0.022644 0.876401 0.079488 0.009714 0.994886 -0.006168 -0.029425 -0.930278 0.000000 
1.200280e-01 1.003096e-01 9.749249e-02 1.155856e-01 1.000000e-01 1.597501e+00 -0.994886 0.006639 0.022644 0.876401 0.079488 0.009714 0.994886 -0.006168 -0.029425 -0.930278 0.000000 
1.200280e-01 1.003096e-01 9.749249e-02 1.155856e-01 1.000000e-01 1.597501e+00 -0.994886 0.006639 0.022644 0.876401 0.079488 0.009714 0.994886 -0.006168 -0.029425 -0.930278 0.000000 
1.200280e-01 1.003096e-01 9.749249e-02 1.155856e-01 1.000000e-01 1.597501e+00 -0.994886 0.006639 0.022644 0.876401 0.079488 0.009714 0.994886 -0.006168 -0.029425 -0.930278 0.000000 
1.200280e-01 1.003096e-01 9.749249e-02 1.155856e-01 1.000000e-01 1.597501e+00 -0.994886 0.006639 0.022644 0.876401 0.079488 0.009714 0.994886 -0.006168 -0.029425 -0.930278 0.000000 
1.200280e-01 1.003096e-01 9.749249e-02 1.155856e-01 1.000000e-01 1.597501e+00 -0.994886 0.006639 0.022644 0.876401 0.079488 0.009714 0.994886 -0.006168 -0.029425 -0.930278 0.000000 
1.200280e-01 1.003096e-01 9.749249e-02 1.155856e-01 1.000000e-01 1.597501e+00 -0.994886 0.006639 0.022644 0.876401 0.079488 0.009714 0.994886 -0.006168 -0.029425 -0.930278 0.000000 
1.200280e-01 1.003096e-01 9.749249e-02 1.155856e-01 1.000000e-01 1.597501e+00 -0.994886 0.006639 0.022644 0.876401 0.079488 0.009714 0.994886 -0.006168 -0.029425 -0.930278 0.000000 
1.200280e-01 1.003096e-01 9.749249e-02 1.155856e-01 1.000000e-01 1.597501e+00 -0.994886 0.006639 0.022644 0.876401 0.079488 0.009714 0.994886 -0.006168 -0.029425 -0.930278 0.000000 
1.200280e-01 1.003096e-01 9.749249e-02 1.155856e-01 1.000000e-01 1.597501e+00 -0.994886 0.006639 0.022644 0.876401 0.079488 0.009714 0.994886 -0.006168 -0.029425 -0.930278 0.000000 
1.200280e-01 1.003096e-01 9.749249e-02 1.155856e-01 1.000000e-01 1.597501e+00 -0.994886 0.006639 0.022644 0.876401 0.079488 0.009714 0.994886 -0.006168 -0.029425 -0.930278 0.000000 
1.200280e-01 1.003096e-01 9.749249e-02 1.155856e-01 1.000000e-01 1.597501e+00 -0.994886 0.006639 0.022644 0.876401 0.079488 0.009714 0.994886 -0.006168 -0.029425 -0.930278 0.000000 
1.200280e-01 1.003096e-01 9.749249e-02 1.155856e-01 1.000000e-01 1.597501e+00 -0.994886 0.006639 0.022644 0.876401 0.079488 0.009714 0.994886 -0.006168 -0.029425 -0.930278 0.000000 
1.200280e-01 1.003096e-01 9.749249e-02 1.155856e-01 1.000000e-01 1.597501e+00 -0.994886 0.006639 0.022644 0.876401 0.079488 0.009714 0.994886 -0.006168 -0.029425 -0.930278 0.000000 
1.200280e-01 1.003096e-01 9.749249e-02 1.155856e-01 1.000000e-01 1.597501e+00 -0.994886 0.006639 0.022644 0.876401 0.079488 0.009714 0.994886 -0.006168 -0.029425 -0.930278 0.000000 
1.200280e-01 1.003096e-01 9.749249e-02 1.155856e-01 1.000000e-01 1.597501e+00 -0.994886 0.006639 0.022644 0.876401 0.079488 0.009714 0.994886 -0.006168 -0.029425 -0.930278 0.000000 
1.200280e-01 1.003096e-01 9.749249e-02 1.155856e-01 1.000000e-01 1.597501e+00 -0.994886 0.006639 0.022644 0.876401 0.079488 0.009714 0.994886 -0.006168 -0.029425 -0.930278 0.000000 
1.200280e-01 1.003096e-01 9.749249e-02 1.155856e-01 1.000000e-01 1.597501e+00 -0.994886 0.006639 0.022644 0.876401 0.079488 0.009714 0.994886 -0.006168 -0.029425 -0.930278 0.000000 
1.200280e-01 1.003096e-01 9.749249e-02 1.155856e-01 1.000000e-01 1.597501e+00 -0.994886 0.006639 0.022644 0.876401 0.079488 0.009714 0.994886 -0.006168 -0.029425 -0.930278 0.000000 
1.200280e-01 1.003096e-01 9.749249e-02 1.155856e-01 1.000000e-01 1.597501e+00 -0.994886 0.006639 0.022644 0.876401 0.079488 0.009714 0.994886 -0.006168 -0.029425 -0.930278 0.000000 
1.200280e-01 1.003096e-01 9.749249e-02 1.155856e-01 1.000000e-01 1.597501e+00 -0.994886 0.006639 0.022644 0.876401 0.079488 0.009714 0.994886 -0.006168 -0.029425 -0.930278 0.000000 
1.200280e-01 1.003096e-01 9.749249e-02 1.155856e-01 1.000000e-01 1.597501e+00 -0.994886 0.006639 0.022644 0.876401 0.079488 0.009714 0.994886 -0.006168 -0.029425 -0.930278 0.000000 
1.200280e-01 1.003096e-01 9.749249e-02 1.155856e-01 1.000000e-01 1.597501e+00 -0.994886 0.006639 0.022644 0.876401 0.079488 0.009714 0.994886 -0.006168 -0.029425 -0.930278 0.000000 
1.200280e-01 1.003096e-01 9.749249e-02 1.155856e-01 1.000000e-01 1.597501e+00 -0.994886 0.006639 0.022644 0.876401 0.079488 0.009714 0.994886 -0.006168 -0.029425 -0.930278 0.000000 
1.200280e-01 1.003096e-01 9.749249e-02 1.155856e-01 1.000000e-01 1.597501e+00 -0.994886 0.006639 0.022644 0.876401 0.079488 0.009714 0.994886 -0.006168 -0.029425 -0.930278 0.000000 
1.200280e-01 1.003096e-01 9.749249e-02 1.155856e-01 1.000000e-01 1.597501e+00 -0.994886 0.006639 0.022644 0.876401 0.079488 0.009714 0.994886 -0.006168 -0.029425 -0.930278 0.000000 
1.200280e-01 1.003096e-01 9.749249e-02 1.155856e-01 1.000000e-01 1.597501e+00 -0.994886 0.006639 0.022644 0.876401 0.079488 0.009714 0.994886 -0.006168 -0.029425 -0.930278 0.000000 
1.200280e-01 1.003096e-01 9.749249e-02 1.155856e-01 1.000000e-01 1.597501e+00 -0.994886 0.006639 0.022644 0.876401 0.079488 0.009714 0.994886 -0.006168 -0.029425 -0.930278 0.000000 
1.200280e-01 1.003096e-01 9.749249e-02 1.155856e-01 1.000000e-01 1.597501e+00 -0.994886 0.006639 0.022644 0.876401 0.079488 0.009714 0.994886 -0.006168 -0.029425 -0.930278 0.000000 
1.200280e-01 1.003096e-01 9.749249e-02 1.155856e-01 1.000000e-01 1.597501e+00 -0.994886 0.006639 0.022644 0.876401 0.079488 0.009714 0.994886 -0.006168 -0.029425 -0.930278 0.000000 
1.200280e-01 1.003096e-01 9.749249e-02 1.155856e-01 1.000000e-01 1.597501e+00 -0.994886 0.006639 0.022644 0.876401 0.079488 0.009714 0.994886 -0.006168 -0.029425 -0.930278 0.000000 
1.200280e-01 1.003096e-01 9.749249e-02 1.155856e-01 1.000000e-01 1.597501e+00 -0.994886 0.006639 0.022644 0.876401 0.079488 0.009714 0.994886 -0.006168 -0.029425 -0.930278 0.000000 
1.200280e-01 1.003096e-01 9.749249e-02 1.155856e-01 1.000000e-01 1.597501e+00 -0.994886 0.006639 0.022644 0.876401 0.079488 0.009714 0.994886 -0.006168 -0.029425 -0.930278 0.000000 
1.200280e-01 1.003096e-01 9.749249e-02 1.155856e-01 1.000000e-01 1.597501e+00 -0.994886 0.006639 0.022644 0.876401 0.079488 0.009714 0.994886 -0.006168 -0.029425 -0.930278 0.000000 
1.200280e-01 1.003096e-01 9.749249e-02 1.155856e-01 1.000000e-01 1.597501e+00 -0.994886 0.006639 0.022644 0.876401 0.079488 0.009714 0.994886 -0.006168 -0.029425 -0.930278 0.000000 
1.200280e-01 1.003096e-01 9.749249e-02 1.155856e-01 1.000000e-01 1.597501e+00 -0.994886 0.006639 0.022644 0.876401 0.079488 0.009714 0.994886 -0.006168 -0.029425 -0.930278 0.000000 
1.200280e-01 1.003096e-01 9.749249e-02 1.155856e-01 1.000000e-01 1.597501e+00 -0.994886 0.006639 0.022644 0.876401 0.079488 0.009714 0.994886 -0.006168 -0.029425 -0.930278 0.000000 
1.200280e-01 1.003096e-01 9.749249e-02 1.155856e-01 1.000000e-01 1.597501e+00 -0.994886 0.006639 0.022644 0.876401 0.079488 0.009714 0.994886 -0.006168 -0.029425 -0.930278 0.000000 
1.200280e-01 1.003096e-01 9.749249e-02 1.155856e-01 1.000000e-01 1.597501e+00 -0.994886 0.006639 0.022644 0.876401 0.079488 0.009714 0.994886 -0.006168 -0.029425 -0.930278 0.000000 
1.200280e-01 1.003096e-01 9.749249e-02 1.155856e-01 1.000000e-01 1.597501e+00 -0.994886 0.006639 0.022644 0.876401 0.079488 0.009714 0.994886 -0.006168 -0.029425 -0.930278 0.000000 
1.200280e-01 1.003096e-01 9.749249e-02 1.155856e-01 1.000000e-01 1.597501e+00 -0.994886 0.006639 0.022644 0.876401 0.079488 0.009714 0.994886 -0.006168 -0.029425 -0.930278 0.000000 
1.200280e-01 1.003096e-01 9.749249e-02 1.155856e-01 1.000000e-01 1.597501e+00 -0.994886 0.006639 0.022644 0.876401 0.079488 0.009714 0.994886 -0.006168 -0.029425 -0.930278 0.000000 
1.200280e-01 1.003096e-01 9.749249e-02 1.155856e-01 1.000000e-01 1.597501e+00 -0.994886 0.006639 0.022644 0.876401 0.079488 0.009714 0.994886 -0.006168 -0.029425 -0.930278 0.000000 
1.200280e-01 1.003096e-01 9.749249e-02 1.155856e-01 1.000000e-01 1.597501e+00 -0.994886 0.006639 0.022644 0.876401 0.079488 0.009714 0.994886 -0.006168 -0.029425 -0.930278 0.000000 
1.200280e-01 1.003096e-01 9.749249e-02 1.155856e-01 1.000000e-01 1.597501e+00 -0.994886 0.006639 0.022644 0.876401 0.079488 0.009714 0.994886 -0.006168 -0.029425 -0.930278 0.000000 
1.200280e-01 1.003096e-01 9.749249e-02 1.155856e-01 1.000000e-01 1.597501e+00 -0.994886 0.006639 0.022644 0.876401 0.079488 0.009714 0.994886 -0.006168 -0.029425 -0.930278 0.000000 
1.200280e-01 1.003096e-01 9.749249e-02 1.155856e-01 1.000000e-01 1.597501e+00 -0.994886 0.006639 0.022644 0.876401 0.079488 0.009714 0.994886 -0.006168 -0.029425 -0.930278 0.000000 
1.200280e-01 1.003096e-01 9.749249e-02 1.155856e-01 1.000000e-01 1.597501e+00 -0.994886 0.006639 0.022644 0.876401 0.079488 0.009714 0.994886 -0.006168 -0.029425 -0.930278 0.000000 
1.200280e-01 1.003096e-01 9.749249e-02 1.155856e-01 1.000000e-01 1.597501e+00 -0.994886 0.006639 0.022644 0.876401 0.079488 0.009714 0.994886 -0.006168 -0.029425 -0.930278 0.000000 
1.200280e-01 1.003096e-01 9.749249e-02 1.155856e-01 1.000000e-01 1.597501e+00 -0.994886 0.006639 0.022644 0.876401 0.079488 0.009714 0.994886 -0.006168 -0.029425 -0.930278 0.000000 
1.200280e-01 1.003096e-01 9.749249e-02 1.155856e-01 1.000000e-01 1.597501e+00 -0.994886 0.006639 0.022644 0.876401 0.079488 0.009714 0.994886 -0.006168 -0.029425 -0.930278 0.000000 
1.200280e-01 1.003096e-01 9.749249e-02 1.155856e-01 1.000000e-01 1.597501e+00 -0.994886 0.006639 0.022644 0.876401 0.079488 0.009714 0.994886 -0.006168 -0.029425 -0.930278 0.000000 
1.200280e-01 1.003096e-01 9.749249e-02 1.155856e-01 1.000000e-01 1.597501e+00 -0.994886 0.006639 0.022644 0.876401 0.079488 0.009714 0.994886 -0.006168 -0.029425 -0.930278 0.000000 
1.200280e-01 1.003096e-01 9.749249e-02 1.155856e-01 1.000000e-01 1.597501e+00 -0.994886 0.006639 0.022644 0.876401 0.079488 0.009714 0.994886 -0.006168 -0.029425 -0.930278 0.000000 
1.200280e-01 1.003096e-01 9.749249e-02 1.155856e-01 1.000000e-01 1.597501e+00 -0.994886 0.006639 0.022644 0.876401 0.079488 0.009714 0.994886 -0.006168 -0.029425 -0.930278 0.000000 
1.200280e-01 1.003096e-01 9.749249e-02 1.155856e-01 1.000000e-01 1.597501e+00 -0.994886 0.006639 0.022644 0.876401 0.079488 0.009714 0.994886 -0.006168 -0.029425 -0.930278 0.000000 
1.200280e-01 1.003096e-01 9.749249e-02 1.155856e-01 1.000000e-01 1.597501e+00 -0.994886 0.006639 0.022644 0.876401 0.079488 0.009714 0.994886 -0.006168 -0.029425 -0.930278 0.000000 
1.200280e-01 1.003096e-01 9.749249e-02 1.155856e-01 1.000000e-01 1.597501e+00 -0.994886 0.006639 0.022644 0.876401 0.079488 0.009714 0.994886 -0.006168 -0.029425 -0.930278 0.000000 
1.200280e-01 1.003096e-01 9.749249e-02 1.155856e-01 1.000000e-01 1.597501e+00 -0.994886 0.006639 0.022644 0.876401 0.079488 0.009714 0.994886 -0.006168 -0.029425 -0.930278 0.000000 
1.200280e-01 1.003096e-01 9.749249e-02 1.155856e-01 1.000000e-01 1.597501e+00 -0.994886 0.006639 0.022644 0.876401 0.079488 0.009714 0.994886 -0.006168 -0.029425 -0.930278 0.000000 
1.200280e-01 1.003096e-01 9.749249e-02 1.155856e-01 1.000000e-01 1.597501e+00 -0.994886 0.006639 0.022644 0.876401 0.079488 0.009714 0.994886 -0.006168 -0.029425 -0.930278 0.000000 
1.200280e-01 1.003096e-01 9.749249e-02 1.155856e-01 1.000000e-01 1.597501e+00 -0.994886 0.006639 0.022644 0.876401 0.079488 0.009714 0.994886 -0.006168 -0.029425 -0.930278 0.000000 
1.200280e-01 1.003096e-01 9.749249e-02 1.155856e-01 1.000000e-01 1.597501e+00 -0.994886 0.006639 0.022644 0.876401 0.079488 0.009714 0.994886 -0.006168 -0.029425 -0.930278 0.000000 
1.200280e-01 1.003096e-01 9.749249e-02 1.155856e-01 1.000000e-01 1.597501e+00 -0.994886 0.006639 0.022644 0.876401 0.079488 0.009714 0.994886 -0.006168 -0.029425 -0.930278 0.000000 
1.200280e-01 1.003096e-01 9.749249e-02 1.155856e-01 1.000000e-01 1.597501e+00 -0.994886 0.006639 0.022644 0.876401 0.079488 0.009714 0.994886 -0.006168 -0.029425 -0.930278 0.000000 
1.200280e-01 1.003096e-01 9.749249e-02 1.155856e-01 1.000000e-01 1.597501e+00 -0.994886 0.006639 0.022644 0.876401 0.079488 0.009714 0.994886 -0.006168 -0.029425 -0.930278 0.000000 
1.200280e-01 1.003096e-01 9.749249e-02 1.155856e-01 1.000000e-01 1.597501e+00 -0.994886 0.006639 0.022644 0.876401 0.079488 0.009714 0.994886 -0.006168 -0.029425 -0.930278 0.000000 
1.200280e-01 1.003096e-01 9.749249e-02 1.155856e-01 1.000000e-01 1.597501e+00 -0.994886 0.006639 0.022644 0.876401 0.079488 0.009714 0.994886 -0.006168 -0.029425 -0.930278 0.000000 
1.200280e-01 1.003096e-01 9.749249e-02 1.155856e-01 1.000000e-01 1.597501e+00 -0.994886 0.006639 0.022644 0.876401 0.079488 0.009714 0.994886 -0.006168 -0.029425 -0.930278 0.000000 
1.200280e-01 1.003096e-01 9.749249e-02 1.155856e-01 1.000000e-01 1.597501e+00 -0.994886 0.006639 0.022644 0.876401 0.079488 0.009714 0.994886 -0.006168 -0.029425 -0.930278 0.000000 
1.200280e-01 1.003096e-01 9.749249e-02 1.155856e-01 1.000000e-01 1.597501e+00 -0.994886 0.006639 0.022644 0.876401 0.079488 0.009714 0.994886 -0.006168 -0.029425 -0.930278 0.000000 
1.200280e-01 1.003096e-01 9.749249e-02 1.155856e-01 1.000000e-01 1.597501e+00 -0.994886 0.006639 0.022644 0.876401 0.079488 0.009714 0.994886 -0.006168 -0.029425 -0.930278 0.000000 
1.200280e-01 1.003096e-01 9.749249e-02 1.155856e-01 1.000000e-01 1.597501e+00 -0.994886 0.006639 0.022644 0.876401 0.079488 0.009714 0.994886 -0.006168 -0.029425 -0.930278 0.000000 
1.200280e-01 1.003096e-01 9.749249e-02 1.155856e-01 1.000000e-01 1.597501e+00 -0.994886 0.006639 0.022644 0.876401 0.079488 0.009714 0.994886 -0.006168 -0.029425 -0.930278 0.000000 
1.200280e-01 1.003096e-01 9.749249e-02 1.155856e-01 1.000000e-01 1.597501e+00 -0.994886 0.006639 0.022644 0.876401 0.079488 0.009714 0.994886 -0.006168 -0.029425 -0.930278 0.000000 
1.200280e-01 1.003096e-01 9.749249e-02 1.155856e-01 1.000000e-01 1.597501e+00 -0.994886 0.006639 0.022644 0.876401 0.079488 0.009714 0.994886 -0.006168 -0.029425 -0.930278 0.000000 
1.200280e-01 1.003096e-01 9.749249e-02 1.155856e-01 1.000000e-01 1.597501e+00 -0.994886 0.006639 0.022644 0.876401 0.079488 0.009714 0.994886 -0.006168 -0.029425 -0.930278 0.000000 
1.200280e-01 1.003096e-01 9.749249e-02 1.155856e-01 1.000000e-01 1.597501e+00 -0.994886 0.006639 0.022644 0.876401 0.079488 0.009714 0.994886 -0.006168 -0.029425 -0.930278 0.000000 
1.200280e-01 1.003096e-01 9.749249e-02 1.155856e-01 1.000000e-01 1.597501e+00 -0.994886 0.006639 0.022644 0.876401 0.079488 0.009714 0.994886 -0.006168 -0.029425 -0.930278 0.000000 
1.200280e-01 1.003096e-01 9.749249e-02 1.155856e-01 1.000000e-01 1.597501e+00 -0.994886 0.006639 0.022644 0.876401 0.079488 0.009714 0.994886 -0.006168 -0.029425 -0.930278 0.000000 
1.200280e-01 1.003096e-01 9.749249e-02 1.155856e-01 1.000000e-01 1.597501e+00 -0.994886 0.006639 0.022644 0.876401 0.079488 0.009714 0.994886 -0.006168 -0.029425 -0.930278 0.000000 
1.200280e-01 1.003096e-01 9.749249e-02 1.155856e-01 1.000000e-01 1.597501e+00 -0.994886 0.006639 0.022644 0.876401 0.079488 0.009714 0.994886 -0.006168 -0.029425 -0.930278 0.000000 
1.200280e-01 1.003096e-01 9.749249e-02 1.155856e-01 1.000000e-01 1.597501e+00 -0.994886 0.006639 0.022644 0.876401 0.079488 0.009714 0.994886 -0.006168 -0.029425 -0.930278 0.000000 
1.200280e-01 1.003096e-01 9.749249e-02 1.155856e-01 1.000000e-01 1.597501e+00 -0.994886 0.006639 0.022644 0.876401 0.079488 0.009714 0.994886 -0.006168 -0.029425 -0.930278 0.000000 
