# TeX TeY TeZ ThX ThY THZ P1 P2
1.300000e-01 1.000000e-01 7.350000e-01 1.300000e-01 1.000000e-01 7.350000e-01 0.000000 0.000000 0.000000 0.000000 0.000000 0.000000 0.000000 0.000000 0.000000 0.000000 0.000000 
1.300000e-01 1.000000e-01 7.231036e-01 1.300000e-01 1.000000e-01 7.435784e-01 -0.013527 0.001736 0.003473 0.003476 0.003495 0.001347 0.013527 -0.001736 -0.003473 -0.003476 0.000000 
1.300000e-01 1.000000e-01 7.111669e-01 1.300000e-01 1.000000e-01 7.521445e-01 -0.027073 0.003475 0.006950 0.006957 0.006995 0.002696 0.027073 -0.003475 -0.006951 -0.006957 0.000000 
1.300000e-01 9.999999e-02 6.991904e-01 1.300000e-01 1.000000e-01 7.606981e-01 -0.040637 0.005215 0.010433 0.010443 0.010500 0.004046 0.040637 -0.005215 -0.010433 -0.010443 0.000000 
1.300000e-01 9.999999e-02 6.871743e-01 1.300000e-01 1.000000e-01 7.692391e-01 -0.054218 0.006958 0.013920 0.013933 0.014009 0.005399 0.054218 -0.006959 -0.013920 -0.013933 0.000000 
1.300000e-01 9.999999e-02 6.751190e-01 1.300000e-01 1.000000e-01 7.777674e-01 -0.067818 0.008704 0.017411 0.017427 0.017523 0.006753 0.067818 -0.008704 -0.017411 -0.017427 0.000000 
1.300000e-01 9.999998e-02 6.630248e-01 1.300000e-01 1.000000e-01 7.862829e-01 -0.081434 0.010451 0.020907 0.020926 0.021041 0.008109 0.081434 -0.010451 -0.020907 -0.020926 0.000000 
1.300000e-01 9.999997e-02 6.508921e-01 1.300000e-01 1.000000e-01 7.947855e-01 -0.095067 0.012201 0.024407 0.024430 0.024564 0.009466 0.095067 -0.012201 -0.024407 -0.024430 0.000000 
1.300000e-01 9.999997e-02 6.387211e-01 1.300000e-01 1.000000e-01 8.032750e-01 -0.108717 0.013953 0.027911 0.027937 0.028091 0.010825 0.108717 -0.013953 -0.027911 -0.027937 0.000000 
1.300000e-01 9.999996e-02 6.265123e-01 1.300000e-01 1.000000e-01 8.117514e-01 -0.122383 0.015707 0.031420 0.031449 0.031622 0.012186 0.122384 -0.015707 -0.031420 -0.031449 0.000000 
1.300000e-01 9.999995e-02 6.142659e-01 1.300000e-01 1.000000e-01 8.202144e-01 -0.136066 0.017463 0.034932 0.034965 0.035157 0.013549 0.136066 -0.017463 -0.034933 -0.034965 0.000000 
1.300000e-01 9.999993e-02 6.019823e-01 1.300000e-01 1.000000e-01 8.286640e-01 -0.149764 0.019221 0.038449 0.038485 0.038697 0.014913 0.149764 -0.019221 -0.038449 -0.038485 0.000000 
1.300000e-01 9.999992e-02 5.896617e-01 1.300000e-01 1.000000e-01 8.371001e-01 -0.163477 0.020981 0.041970 0.042009 0.042240 0.016278 0.163477 -0.020981 -0.041970 -0.042009 0.000000 
1.300000e-01 9.999990e-02 5.773045e-01 1.300000e-01 1.000000e-01 8.455224e-01 -0.177206 0.022743 0.045494 0.045537 0.045787 0.017645 0.177206 -0.022743 -0.045495 -0.045537 0.000000 
1.300000e-01 9.999988e-02 5.649110e-01 1.300000e-01 1.000000e-01 8.539310e-01 -0.190949 0.024506 0.049022 0.049069 0.049339 0.019014 0.190949 -0.024507 -0.049023 -0.049069 0.000000 
1.300000e-01 9.999985e-02 5.524815e-01 1.300000e-01 1.000000e-01 8.623256e-01 -0.204707 0.026272 0.052554 0.052604 0.052894 0.020384 0.204707 -0.026273 -0.052555 -0.052604 0.000000 
1.300000e-01 9.999982e-02 5.400162e-01 1.300000e-01 1.000000e-01 8.707061e-01 -0.218480 0.028039 0.056090 0.056143 0.056452 0.021755 0.218480 -0.028040 -0.056091 -0.056143 0.000000 
1.300000e-01 9.999978e-02 5.275155e-01 1.300000e-01 1.000000e-01 8.790724e-01 -0.232266 0.029809 0.059629 0.059686 0.060015 0.023128 0.232266 -0.029809 -0.059631 -0.059686 0.000000 
1.300000e-01 9.999973e-02 5.149797e-01 1.300000e-01 1.000000e-01 8.874243e-01 -0.246066 0.031580 0.063172 0.063232 0.063580 0.024502 0.246066 -0.031580 -0.063174 -0.063233 0.000000 
1.300000e-01 9.999967e-02 5.024091e-01 1.300000e-01 1.000000e-01 8.957617e-01 -0.259880 0.033352 0.066718 0.066782 0.067150 0.025878 0.259880 -0.033353 -0.066720 -0.066783 0.000000 
1.300000e-01 9.999959e-02 4.898039e-01 1.300000e-01 1.000000e-01 9.040845e-01 -0.273706 0.035127 0.070268 0.070335 0.070723 0.027254 0.273706 -0.035127 -0.070270 -0.070336 0.000000 
1.300000e-01 9.999950e-02 4.771645e-01 1.300000e-01 1.000000e-01 9.123925e-01 -0.287546 0.036903 0.073821 0.073891 0.074299 0.028633 0.287546 -0.036903 -0.073823 -0.073893 0.000000 
1.300000e-01 9.999940e-02 4.644910e-01 1.300000e-01 1.000000e-01 9.206855e-01 -0.301398 0.038680 0.077377 0.077451 0.077878 0.030012 0.301398 -0.038681 -0.077379 -0.077454 0.000000 
1.300000e-01 9.999926e-02 4.517839e-01 1.300000e-01 1.000000e-01 9.289635e-01 -0.315262 0.040459 0.080936 0.081014 0.081461 0.031393 0.315262 -0.040459 -0.080939 -0.081018 0.000000 
1.300000e-01 9.999910e-02 4.390433e-01 1.300000e-01 1.000000e-01 9.372262e-01 -0.329139 0.042240 0.084498 0.084580 0.085047 0.032775 0.329139 -0.042239 -0.084501 -0.084586 0.000000 
1.300000e-01 9.999891e-02 4.262696e-01 1.300000e-01 1.000000e-01 9.454735e-01 -0.343027 0.044022 0.088063 0.088149 0.088636 0.034158 0.343027 -0.044020 -0.088067 -0.088158 0.000000 
1.300000e-01 9.999867e-02 4.134630e-01 1.300000e-01 1.000000e-01 9.537053e-01 -0.356926 0.045806 0.091631 0.091721 0.092228 0.035542 0.356927 -0.045801 -0.091636 -0.091735 0.000000 
1.300000e-01 9.999838e-02 4.006237e-01 1.300000e-01 1.000000e-01 9.619214e-01 -0.370837 0.047591 0.095201 0.095295 0.095823 0.036928 0.370838 -0.047583 -0.095207 -0.095317 0.000000 
1.300000e-01 9.999802e-02 3.877521e-01 1.300000e-01 1.000000e-01 9.701216e-01 -0.384759 0.049377 0.098775 0.098873 0.099421 0.038314 0.384759 -0.049364 -0.098782 -0.098906 0.000000 
1.300000e-01 9.999758e-02 3.748484e-01 1.300000e-01 1.000000e-01 9.783058e-01 -0.398691 0.051164 0.102351 0.102453 0.103022 0.039702 0.398692 -0.051143 -0.102360 -0.102504 0.000000 
1.300000e-01 9.999705e-02 3.619128e-01 1.300000e-01 1.000000e-01 9.864737e-01 -0.412634 0.052953 0.105930 0.106036 0.106625 0.041091 0.412634 -0.052919 -0.105940 -0.106114 0.000000 
1.300000e-01 9.999640e-02 3.489457e-01 1.300000e-01 1.000000e-01 9.946254e-01 -0.426587 0.054743 0.109511 0.109622 0.110231 0.042481 0.426587 -0.054690 -0.109524 -0.109740 0.000000 
1.300000e-01 9.999560e-02 3.359472e-01 1.300000e-01 1.000000e-01 1.002760e+00 -0.440549 0.056534 0.113094 0.113210 0.113840 0.043872 0.440550 -0.056451 -0.113111 -0.113389 0.000000 
1.300000e-01 9.999462e-02 3.229176e-01 1.300000e-01 1.000000e-01 1.010879e+00 -0.454521 0.058326 0.116680 0.116800 0.117452 0.045264 0.454522 -0.058197 -0.116702 -0.117074 0.000000 
1.300000e-01 9.999342e-02 3.098571e-01 1.300000e-01 1.000000e-01 1.018980e+00 -0.468503 0.060120 0.120268 0.120393 0.121066 0.046657 0.468503 -0.059920 -0.120298 -0.120809 0.000000 
1.300000e-01 9.999195e-02 2.967660e-01 1.300000e-01 1.000000e-01 1.027065e+00 -0.482493 0.061914 0.123858 0.123988 0.124683 0.048051 0.482493 -0.061605 -0.123898 -0.124624 0.000000 
1.300000e-01 9.999016e-02 2.836445e-01 1.300000e-01 1.000000e-01 1.035132e+00 -0.496492 0.063709 0.127450 0.127586 0.128302 0.049446 0.496492 -0.063235 -0.127505 -0.128556 0.000000 
1.300000e-01 9.998796e-02 2.704928e-01 1.300000e-01 1.000000e-01 1.043182e+00 -0.510500 0.065505 0.131043 0.131186 0.131924 0.050842 0.510500 -0.064779 -0.131120 -0.132666 0.000000 
1.300000e-01 9.998527e-02 2.573113e-01 1.300000e-01 1.000000e-01 1.051214e+00 -0.524515 0.067302 0.134639 0.134787 0.135549 0.052239 0.524516 -0.066187 -0.134746 -0.137057 0.000000 
1.300000e-01 9.998200e-02 2.440999e-01 1.300000e-01 1.000000e-01 1.059228e+00 -0.538539 0.069100 0.138237 0.138391 0.139176 0.053637 0.538540 -0.067393 -0.138384 -0.141866 0.000000 
1.300000e-01 9.997802e-02 2.308590e-01 1.300000e-01 1.000000e-01 1.067225e+00 -0.552571 0.070898 0.141836 0.141997 0.142805 0.055036 0.552571 -0.068288 -0.142035 -0.147333 0.000000 
1.300000e-01 9.997322e-02 2.175888e-01 1.300000e-01 1.000000e-01 1.075203e+00 -0.566611 0.072697 0.145436 0.145605 0.146437 0.056437 0.566611 -0.068704 -0.145691 -0.153833 0.000000 
1.300000e-01 9.996746e-02 2.042893e-01 1.300000e-01 1.000000e-01 1.083163e+00 -0.580658 0.074497 0.149038 0.149215 0.150071 0.057838 0.580658 -0.068417 -0.149324 -0.161906 0.000000 
1.300000e-01 9.996068e-02 1.909606e-01 1.300000e-01 1.000000e-01 1.091104e+00 -0.594713 0.076297 0.152641 0.152827 0.153708 0.059240 0.594714 -0.067054 -0.152851 -0.172537 0.000000 
1.300000e-01 9.995286e-02 1.776029e-01 1.300000e-01 1.000000e-01 1.099027e+00 -0.608776 0.078098 0.156246 0.156442 0.157348 0.060644 0.608777 -0.064104 -0.156037 -0.187303 0.000000 
1.300000e-01 9.994430e-02 1.642159e-01 1.300000e-01 1.000000e-01 1.106930e+00 -0.622849 0.079899 0.159853 0.160058 0.160991 0.062049 0.622849 -0.058929 -0.158318 -0.208731 0.000000 
1.300000e-01 9.993617e-02 1.507986e-01 1.300000e-01 1.000000e-01 1.114815e+00 -0.636934 0.081702 0.163461 0.163678 0.164638 0.063455 0.636934 -0.050609 -0.158219 -0.241751 0.000000 
1.300000e-01 9.993349e-02 1.373455e-01 1.300000e-01 1.000000e-01 1.122680e+00 -0.651049 0.083507 0.167077 0.167306 0.168295 0.064865 0.651049 -0.038142 -0.151986 -0.295832 0.000000 
1.300000e-01 9.995784e-02 1.238299e-01 1.300000e-01 1.000000e-01 1.130525e+00 -0.665277 0.085327 0.170721 0.170963 0.171981 0.066287 0.665277 -0.020658 -0.130711 -0.389380 0.000000 
1.300000e-01 1.000866e-01 1.101335e-01 1.300000e-01 1.000000e-01 1.138350e+00 -0.680001 0.087209 0.174490 0.174747 0.175797 0.067760 0.680002 0.003130 -0.072328 -0.563560 0.000000 
1.300000e-01 1.003092e-01 9.749196e-02 1.300000e-01 1.000000e-01 1.146156e+00 -0.695186 0.089149 0.178376 0.178650 0.179734 0.069278 0.695186 0.032298 0.047525 -0.853278 0.000000 
1.300000e-01 1.003092e-01 9.749196e-02 1.300000e-01 1.000000e-01 1.153941e+00 -0.700329 0.089799 0.179683 0.179973 0.181078 0.069798 0.700330 0.031637 0.046205 -0.854599 0.000000 
1.300000e-01 1.003092e-01 9.749196e-02 1.299999e-01 1.000000e-01 1.161706e+00 -0.705459 0.090446 0.180985 0.181292 0.182420 0.070318 0.705460 0.030979 0.044888 -0.855918 0.000000 
1.300000e-01 1.003092e-01 9.749196e-02 1.299999e-01 1.000000e-01 1.169449e+00 -0.710575 0.091090 0.182281 0.182608 0.183761 0.070837 0.710576 0.030322 0.043574 -0.857232 0.000000 
1.300000e-01 1.003092e-01 9.749196e-02 1.299999e-01 1.000000e-01 1.177172e+00 -0.715678 0.091731 0.183572 0.183920 0.185100 0.071356 0.715678 0.029668 0.042264 -0.858543 0.000000 
1.300000e-01 1.003092e-01 9.749196e-02 1.299999e-01 1.000000e-01 1.184874e+00 -0.720766 0.092368 0.184856 0.185229 0.186439 0.071875 0.720766 0.029015 0.040958 -0.859851 0.000000 
1.300000e-01 1.003092e-01 9.749196e-02 1.299999e-01 1.000000e-01 1.192554e+00 -0.725840 0.093001 0.186133 0.186535 0.187778 0.072394 0.725840 0.028363 0.039655 -0.861155 0.000000 
1.300000e-01 1.003092e-01 9.749196e-02 1.299999e-01 1.000000e-01 1.200213e+00 -0.730900 0.093630 0.187404 0.187837 0.189116 0.072914 0.730900 0.027714 0.038356 -0.862455 0.000000 
1.300000e-01 1.003092e-01 9.749196e-02 1.299999e-01 1.000000e-01 1.207849e+00 -0.735945 0.094255 0.188668 0.189135 0.190454 0.073434 0.735945 0.027066 0.037061 -0.863752 0.000000 
1.300000e-01 1.003092e-01 9.749196e-02 1.299999e-01 1.000000e-01 1.215463e+00 -0.740976 0.094874 0.189924 0.190430 0.191793 0.073955 0.740976 0.026421 0.035769 -0.865044 0.000000 
1.300000e-01 1.003092e-01 9.749196e-02 1.299998e-01 1.000000e-01 1.223055e+00 -0.745991 0.095489 0.191171 0.191722 0.193133 0.074478 0.745992 0.025777 0.034482 -0.866333 0.000000 
1.300000e-01 1.003092e-01 9.749196e-02 1.299998e-01 1.000000e-01 1.230624e+00 -0.750992 0.096098 0.192409 0.193010 0.194475 0.075001 0.750992 0.025135 0.033198 -0.867618 0.000000 
1.300000e-01 1.003092e-01 9.749196e-02 1.299998e-01 1.000000e-01 1.238170e+00 -0.755977 0.096700 0.193638 0.194295 0.195819 0.075526 0.755978 0.024495 0.031918 -0.868899 0.000000 
1.300000e-01 1.003092e-01 9.749196e-02 1.299998e-01 1.000000e-01 1.245693e+00 -0.760947 0.097296 0.194857 0.195576 0.197166 0.076054 0.760948 0.023857 0.030642 -0.870176 0.000000 
1.300000e-01 1.003092e-01 9.749196e-02 1.299997e-01 1.000000e-01 1.253192e+00 -0.765902 0.097885 0.196063 0.196854 0.198517 0.076584 0.765902 0.023222 0.029370 -0.871450 0.000000 
1.300000e-01 1.003092e-01 9.749196e-02 1.299997e-01 1.000000e-01 1.260667e+00 -0.770840 0.098466 0.197259 0.198129 0.199873 0.077116 0.770841 0.022588 0.028102 -0.872719 0.000000 
1.300000e-01 1.003092e-01 9.749196e-02 1.299997e-01 1.000000e-01 1.268118e+00 -0.775763 0.099037 0.198440 0.199400 0.201234 0.077652 0.775764 0.021956 0.026838 -0.873984 0.000000 
1.300000e-01 1.003092e-01 9.749196e-02 1.299996e-01 1.000000e-01 1.275545e+00 -0.780670 0.099600 0.199608 0.200668 0.202602 0.078192 0.780670 0.021326 0.025578 -0.875245 0.000000 
1.300000e-01 1.003092e-01 9.749196e-02 1.299996e-01 1.000000e-01 1.282946e+00 -0.785560 0.100152 0.200760 0.201933 0.203979 0.078737 0.785560 0.020699 0.024323 -0.876501 0.000000 
1.300000e-01 1.003092e-01 9.749196e-02 1.299995e-01 1.000000e-01 1.290323e+00 -0.790434 0.100693 0.201896 0.203195 0.205364 0.079287 0.790434 0.020073 0.023072 -0.877754 0.000000 
1.300000e-01 1.003092e-01 9.749196e-02 1.299994e-01 1.000000e-01 1.297675e+00 -0.795291 0.101220 0.203012 0.204454 0.206762 0.079843 0.795291 0.019450 0.021825 -0.879002 0.000000 
1.300000e-01 1.003092e-01 9.749196e-02 1.299993e-01 1.000000e-01 1.305001e+00 -0.800131 0.101735 0.204110 0.205710 0.208171 0.080406 0.800131 0.018829 0.020582 -0.880245 0.000000 
1.300000e-01 1.003092e-01 9.749196e-02 1.299993e-01 1.000000e-01 1.312301e+00 -0.804953 0.102232 0.205183 0.206964 0.209597 0.080978 0.804954 0.018210 0.019344 -0.881485 0.000000 
1.300000e-01 1.003092e-01 9.749196e-02 1.299991e-01 1.000000e-01 1.319574e+00 -0.809759 0.102714 0.206235 0.208217 0.211037 0.081557 0.809759 0.017593 0.018110 -0.882720 0.000000 
1.300000e-01 1.003092e-01 9.749196e-02 1.299990e-01 1.000000e-01 1.326821e+00 -0.814547 0.103176 0.207258 0.209467 0.212499 0.082148 0.814547 0.016978 0.016881 -0.883950 0.000000 
1.300000e-01 1.003092e-01 9.749196e-02 1.299989e-01 1.000000e-01 1.334042e+00 -0.819317 0.103618 0.208253 0.210717 0.213982 0.082749 0.819317 0.016366 0.015656 -0.885176 0.000000 
1.300000e-01 1.003092e-01 9.749196e-02 1.299987e-01 1.000000e-01 1.341234e+00 -0.824069 0.104036 0.209216 0.211966 0.215490 0.083363 0.824069 0.015756 0.014436 -0.886397 0.000000 
1.300000e-01 1.003092e-01 9.749196e-02 1.299986e-01 1.000000e-01 1.348400e+00 -0.828803 0.104428 0.210143 0.213215 0.217026 0.083991 0.828803 0.015149 0.013221 -0.887613 0.000000 
1.300000e-01 1.003092e-01 9.749196e-02 1.299984e-01 1.000000e-01 1.355537e+00 -0.833518 0.104793 0.211034 0.214465 0.218593 0.084634 0.833518 0.014544 0.012010 -0.888825 0.000000 
1.300000e-01 1.003092e-01 9.749196e-02 1.299981e-01 1.000000e-01 1.362646e+00 -0.838214 0.105124 0.211879 0.215718 0.220199 0.085296 0.838215 0.013941 0.010805 -0.890032 0.000000 
1.300000e-01 1.003092e-01 9.749196e-02 1.299979e-01 1.000000e-01 1.369726e+00 -0.842892 0.105422 0.212681 0.216974 0.221841 0.085975 0.842892 0.013340 0.009604 -0.891234 0.000000 
1.300000e-01 1.003092e-01 9.749196e-02 1.299976e-01 1.000000e-01 1.376777e+00 -0.847550 0.105678 0.213427 0.218236 0.223533 0.086678 0.847551 0.012743 0.008408 -0.892431 0.000000 
1.300000e-01 1.003092e-01 9.749196e-02 1.299972e-01 1.000000e-01 1.383799e+00 -0.852189 0.105892 0.214120 0.219505 0.225272 0.087402 0.852190 0.012147 0.007217 -0.893623 0.000000 
1.300000e-01 1.003092e-01 9.749196e-02 1.299969e-01 1.000000e-01 1.390791e+00 -0.856809 0.106057 0.214749 0.220783 0.227068 0.088152 0.856809 0.011554 0.006031 -0.894810 0.000000 
1.300000e-01 1.003092e-01 9.749196e-02 1.299964e-01 1.000000e-01 1.397753e+00 -0.861408 0.106165 0.215307 0.222076 0.228931 0.088930 0.861408 0.010964 0.004850 -0.895992 0.000000 
1.300000e-01 1.003092e-01 9.749196e-02 1.299959e-01 1.000000e-01 1.404684e+00 -0.865987 0.106217 0.215794 0.223383 0.230858 0.089736 0.865987 0.010376 0.003675 -0.897169 0.000000 
1.300000e-01 1.003092e-01 9.749196e-02 1.299954e-01 1.000000e-01 1.411585e+00 -0.870545 0.106195 0.216189 0.224715 0.232872 0.090577 0.870546 0.009791 0.002504 -0.898340 0.000000 
1.300000e-01 1.003092e-01 9.749196e-02 1.299947e-01 1.000000e-01 1.418454e+00 -0.875083 0.106099 0.216494 0.226072 0.234969 0.091450 0.875083 0.009209 0.001339 -0.899506 0.000000 
1.300000e-01 1.003092e-01 9.749196e-02 1.299940e-01 1.000000e-01 1.425291e+00 -0.879600 0.105923 0.216699 0.227462 0.237160 0.092357 0.879600 0.008629 0.000180 -0.900667 0.000000 
1.300000e-01 1.003092e-01 9.749196e-02 1.299932e-01 1.000000e-01 1.432096e+00 -0.884096 0.105642 0.216780 0.228898 0.239472 0.093305 0.884096 0.008052 -0.000975 -0.901822 0.000000 
1.300000e-01 1.003092e-01 9.749196e-02 1.299922e-01 1.000000e-01 1.438868e+00 -0.888569 0.105262 0.216740 0.230384 0.241896 0.094288 0.888570 0.007478 -0.002123 -0.902972 0.000000 
1.300000e-01 1.003092e-01 9.749196e-02 1.299911e-01 1.000000e-01 1.445608e+00 -0.893022 0.104764 0.216559 0.231934 0.244455 0.095310 0.893022 0.006907 -0.003266 -0.904116 0.000000 
1.300000e-01 1.003092e-01 9.749196e-02 1.299899e-01 1.000000e-01 1.452314e+00 -0.897452 0.104125 0.216209 0.233570 0.247177 0.096371 0.897452 0.006338 -0.004403 -0.905254 0.000000 
1.300000e-01 1.003092e-01 9.749196e-02 1.299884e-01 1.000000e-01 1.458986e+00 -0.901859 0.103348 0.215692 0.235299 0.250056 0.097465 0.901859 0.005772 -0.005535 -0.906387 0.000000 
1.300000e-01 1.003092e-01 9.749196e-02 1.299868e-01 1.000000e-01 1.465623e+00 -0.906244 0.102404 0.214973 0.237150 0.253128 0.098589 0.906244 0.005210 -0.006661 -0.907514 0.000000 
1.300000e-01 1.003092e-01 9.749196e-02 1.299850e-01 1.000000e-01 1.472226e+00 -0.910606 0.101267 0.214014 0.239159 0.256428 0.099738 0.910606 0.004650 -0.007781 -0.908635 0.000000 
1.300000e-01 1.003092e-01 9.749196e-02 1.299828e-01 1.000000e-01 1.478794e+00 -0.914944 0.099937 0.212814 0.241339 0.259956 0.100897 0.914944 0.004093 -0.008894 -0.909749 0.000000 
1.300000e-01 1.003092e-01 9.749196e-02 1.299804e-01 1.000000e-01 1.485326e+00 -0.919259 0.098387 0.211329 0.243735 0.263755 0.102054 0.919259 0.003539 -0.010002 -0.910858 0.000000 
1.300000e-01 1.003092e-01 9.749196e-02 1.299776e-01 1.000000e-01 1.491822e+00 -0.923550 0.096565 0.209478 0.246425 0.267902 0.103182 0.923551 0.002988 -0.011104 -0.911961 0.000000 
1.300000e-01 1.003092e-01 9.749196e-02 1.299745e-01 1.000000e-01 1.498281e+00 -0.927817 0.094482 0.207261 0.249425 0.272395 0.104255 0.927818 0.002441 -0.012199 -0.913058 0.000000 
1.300000e-01 1.003092e-01 9.749196e-02 1.299709e-01 1.000000e-01 1.504702e+00 -0.932059 0.092117 0.204623 0.252794 0.277288 0.105237 0.932059 0.001896 -0.013289 -0.914148 0.000000 
1.300000e-01 1.003092e-01 9.749196e-02 1.299668e-01 1.000000e-01 1.511084e+00 -0.936275 0.089397 0.201422 0.256676 0.282724 0.106055 0.936275 0.001355 -0.014371 -0.915231 0.000000 
1.300000e-01 1.003092e-01 9.749196e-02 1.299621e-01 1.000000e-01 1.517425e+00 -0.940465 0.086329 0.197619 0.261121 0.288746 0.106650 0.940465 0.000818 -0.015447 -0.916308 0.000000 
1.300000e-01 1.003092e-01 9.749196e-02 1.299570e-01 1.000000e-01 1.523726e+00 -0.944628 0.082903 0.193140 0.266204 0.295436 0.106945 0.944628 0.000283 -0.016515 -0.917377 0.000000 
1.300000e-01 1.003092e-01 9.749196e-02 1.299512e-01 1.000000e-01 1.529985e+00 -0.948764 0.079097 0.187876 0.272034 0.302919 0.106838 0.948764 -0.000248 -0.017577 -0.918440 0.000000 
1.300000e-01 1.003092e-01 9.749196e-02 1.299450e-01 1.000000e-01 1.536203e+00 -0.952873 0.074824 0.181524 0.278892 0.311543 0.106090 0.952873 -0.000775 -0.018632 -0.919496 0.000000 
1.300000e-01 1.003092e-01 9.749196e-02 1.299384e-01 1.000000e-01 1.542378e+00 -0.956953 0.070138 0.174073 0.286769 0.321364 0.104610 0.956953 -0.001299 -0.019680 -0.920545 0.000000 
1.300000e-01 1.003092e-01 9.749196e-02 1.299319e-01 1.000000e-01 1.548510e+00 -0.961003 0.065035 0.165367 0.295772 0.332621 0.102209 0.961003 -0.001818 -0.020719 -0.921585 0.000000 
1.300000e-01 1.003092e-01 9.749196e-02 1.299264e-01 1.000000e-01 1.554596e+00 -0.965019 0.059521 0.155240 0.305979 0.345602 0.098677 0.965019 -0.002334 -0.021750 -0.922617 0.000000 
1.300000e-01 1.003092e-01 9.749196e-02 1.299238e-01 1.000000e-01 1.560634e+00 -0.968995 0.053579 0.143386 0.317503 0.360881 0.093646 0.968995 -0.002844 -0.022771 -0.923639 0.000000 
1.300000e-01 1.003092e-01 9.749196e-02 1.299281e-01 1.000000e-01 1.566617e+00 -0.972913 0.047277 0.129764 0.330080 0.378849 0.086944 0.972913 -0.003347 -0.023777 -0.924646 0.000000 
1.300000e-01 1.003092e-01 9.749196e-02 1.299479e-01 1.000000e-01 1.572532e+00 -0.976746 0.040731 0.114535 0.343047 0.399862 0.078571 0.976746 -0.003839 -0.024761 -0.925631 0.000000 
1.300000e-01 1.003092e-01 9.749196e-02 1.300038e-01 1.000000e-01 1.578351e+00 -0.980432 0.034106 0.098039 0.355057 0.424554 0.068675 0.980432 -0.004312 -0.025707 -0.926578 0.000000 
1.300000e-01 1.003092e-01 9.749196e-02 1.301470e-01 1.000000e-01 1.584009e+00 -0.983851 0.027699 0.081115 0.363204 0.453976 0.057857 0.983851 -0.004751 -0.026585 -0.927457 0.000000 
1.300000e-01 1.003092e-01 9.749196e-02 1.305352e-01 1.000000e-01 1.589357e+00 -0.986793 0.021991 0.065248 0.360509 0.491692 0.047354 0.986793 -0.005128 -0.027341 -0.928213 0.000000 
1.300000e-01 1.003092e-01 9.749196e-02 1.316972e-01 1.000000e-01 1.594073e+00 -0.989090 0.017364 0.051734 0.326934 0.554374 0.038684 0.989090 -0.005423 -0.027930 -0.928803 0.000000 
1.300000e-01 1.003092e-01 9.749196e-02 1.339767e-01 1.000000e-01 1.597500e+00 -0.991705 0.011962 0.035423 0.219627 0.696432 0.028261 0.991705 -0.005759 -0.028602 -0.929475 0.000000 
1.300000e-01 1.003092e-01 9.749196e-02 1.339767e-01 1.000000e-01 1.597500e+00 -0.991705 0.011962 0.035423 0.219627 0.696432 0.028261 0.991705 -0.005759 -0.028602 -0.929475 0.000000 
1.300000e-01 1.003092e-01 9.749196e-02 1.339767e-01 1.000000e-01 1.597500e+00 -0.991705 0.011962 0.035423 0.219627 0.696432 0.028261 0.991705 -0.005759 -0.028602 -0.929475 0.000000 
1.300000e-01 1.003092e-01 9.749196e-02 1.339767e-01 1.000000e-01 1.597500e+00 -0.991705 0.011962 0.035423 0.219627 0.696432 0.028261 0.991705 -0.005759 -0.028602 -0.929475 0.000000 
1.300000e-01 1.003092e-01 9.749196e-02 1.339767e-01 1.000000e-01 1.597500e+00 -0.991705 0.011962 0.035423 0.219627 0.696432 0.028261 0.991705 -0.005759 -0.028602 -0.929475 0.000000 
1.300000e-01 1.003092e-01 9.749196e-02 1.339767e-01 1.000000e-01 1.597500e+00 -0.991705 0.011962 0.035423 0.219627 0.696432 0.028261 0.991705 -0.005759 -0.028602 -0.929475 0.000000 
1.300000e-01 1.003092e-01 9.749196e-02 1.339767e-01 1.000000e-01 1.597500e+00 -0.991705 0.011962 0.035423 0.219627 0.696432 0.028261 0.991705 -0.005759 -0.028602 -0.929475 0.000000 
1.300000e-01 1.003092e-01 9.749196e-02 1.339767e-01 1.000000e-01 1.597500e+00 -0.991705 0.011962 0.035423 0.219627 0.696432 0.028261 0.991705 -0.005759 -0.028602 -0.929475 0.000000 
1.300000e-01 1.003092e-01 9.749196e-02 1.339767e-01 1.000000e-01 1.597500e+00 -0.991705 0.011962 0.035423 0.219627 0.696432 0.028261 0.991705 -0.005759 -0.028602 -0.929475 0.000000 
1.300000e-01 1.003092e-01 9.749196e-02 1.339767e-01 1.000000e-01 1.597500e+00 -0.991705 0.011962 0.035423 0.219627 0.696432 0.028261 0.991705 -0.005759 -0.028602 -0.929475 0.000000 
1.300000e-01 1.003092e-01 9.749196e-02 1.339767e-01 1.000000e-01 1.597500e+00 -0.991705 0.011962 0.035423 0.219627 0.696432 0.028261 0.991705 -0.005759 -0.028602 -0.929475 0.000000 
1.300000e-01 1.003092e-01 9.749196e-02 1.339767e-01 1.000000e-01 1.597500e+00 -0.991705 0.011962 0.035423 0.219627 0.696432 0.028261 0.991705 -0.005759 -0.028602 -0.929475 0.000000 
1.300000e-01 1.003092e-01 9.749196e-02 1.339767e-01 1.000000e-01 1.597500e+00 -0.991705 0.011962 0.035423 0.219627 0.696432 0.028261 0.991705 -0.005759 -0.028602 -0.929475 0.000000 
1.300000e-01 1.003092e-01 9.749196e-02 1.339767e-01 1.000000e-01 1.597500e+00 -0.991705 0.011962 0.035423 0.219627 0.696432 0.028261 0.991705 -0.005759 -0.028602 -0.929475 0.000000 
1.300000e-01 1.003092e-01 9.749196e-02 1.339767e-01 1.000000e-01 1.597500e+00 -0.991705 0.011962 0.035423 0.219627 0.696432 0.028261 0.991705 -0.005759 -0.028602 -0.929475 0.000000 
1.300000e-01 1.003092e-01 9.749196e-02 1.339767e-01 1.000000e-01 1.597500e+00 -0.991705 0.011962 0.035423 0.219627 0.696432 0.028261 0.991705 -0.005759 -0.028602 -0.929475 0.000000 
1.300000e-01 1.003092e-01 9.749196e-02 1.339767e-01 1.000000e-01 1.597500e+00 -0.991705 0.011962 0.035423 0.219627 0.696432 0.028261 0.991705 -0.005759 -0.028602 -0.929475 0.000000 
1.300000e-01 1.003092e-01 9.749196e-02 1.339767e-01 1.000000e-01 1.597500e+00 -0.991705 0.011962 0.035423 0.219627 0.696432 0.028261 0.991705 -0.005759 -0.028602 -0.929475 0.000000 
1.300000e-01 1.003092e-01 9.749196e-02 1.339767e-01 1.000000e-01 1.597500e+00 -0.991705 0.011962 0.035423 0.219627 0.696432 0.028261 0.991705 -0.005759 -0.028602 -0.929475 0.000000 
1.300000e-01 1.003092e-01 9.749196e-02 1.339767e-01 1.000000e-01 1.597500e+00 -0.991705 0.011962 0.035423 0.219627 0.696432 0.028261 0.991705 -0.005759 -0.028602 -0.929475 0.000000 
1.300000e-01 1.003092e-01 9.749196e-02 1.339767e-01 1.000000e-01 1.597500e+00 -0.991705 0.011962 0.035423 0.219627 0.696432 0.028261 0.991705 -0.005759 -0.028602 -0.929475 0.000000 
1.300000e-01 1.003092e-01 9.749196e-02 1.339767e-01 1.000000e-01 1.597500e+00 -0.991705 0.011962 0.035423 0.219627 0.696432 0.028261 0.991705 -0.005759 -0.028602 -0.929475 0.000000 
1.300000e-01 1.003092e-01 9.749196e-02 1.339767e-01 1.000000e-01 1.597500e+00 -0.991705 0.011962 0.035423 0.219627 0.696432 0.028261 0.991705 -0.005759 -0.028602 -0.929475 0.000000 
1.300000e-01 1.003092e-01 9.749196e-02 1.339767e-01 1.000000e-01 1.597500e+00 -0.991705 0.011962 0.035423 0.219627 0.696432 0.028261 0.991705 -0.005759 -0.028602 -0.929475 0.000000 
1.300000e-01 1.003092e-01 9.749196e-02 1.339767e-01 1.000000e-01 1.597500e+00 -0.991705 0.011962 0.035423 0.219627 0.696432 0.028261 0.991705 -0.005759 -0.028602 -0.929475 0.000000 
1.300000e-01 1.003092e-01 9.749196e-02 1.339767e-01 1.000000e-01 1.597500e+00 -0.991705 0.011962 0.035423 0.219627 0.696432 0.028261 0.991705 -0.005759 -0.028602 -0.929475 0.000000 
1.300000e-01 1.003092e-01 9.749196e-02 1.339767e-01 1.000000e-01 1.597500e+00 -0.991705 0.011962 0.035423 0.219627 0.696432 0.028261 0.991705 -0.005759 -0.028602 -0.929475 0.000000 
1.300000e-01 1.003092e-01 9.749196e-02 1.339767e-01 1.000000e-01 1.597500e+00 -0.991705 0.011962 0.035423 0.219627 0.696432 0.028261 0.991705 -0.005759 -0.028602 -0.929475 0.000000 
1.300000e-01 1.003092e-01 9.749196e-02 1.339767e-01 1.000000e-01 1.597500e+00 -0.991705 0.011962 0.035423 0.219627 0.696432 0.028261 0.991705 -0.005759 -0.028602 -0.929475 0.000000 
1.300000e-01 1.003092e-01 9.749196e-02 1.339767e-01 1.000000e-01 1.597500e+00 -0.991705 0.011962 0.035423 0.219627 0.696432 0.028261 0.991705 -0.005759 -0.028602 -0.929475 0.000000 
1.300000e-01 1.003092e-01 9.749196e-02 1.339767e-01 1.000000e-01 1.597500e+00 -0.991705 0.011962 0.035423 0.219627 0.696432 0.028261 0.991705 -0.005759 -0.028602 -0.929475 0.000000 
1.300000e-01 1.003092e-01 9.749196e-02 1.339767e-01 1.000000e-01 1.597500e+00 -0.991705 0.011962 0.035423 0.219627 0.696432 0.028261 0.991705 -0.005759 -0.028602 -0.929475 0.000000 
1.300000e-01 1.003092e-01 9.749196e-02 1.339767e-01 1.000000e-01 1.597500e+00 -0.991705 0.011962 0.035423 0.219627 0.696432 0.028261 0.991705 -0.005759 -0.028602 -0.929475 0.000000 
1.300000e-01 1.003092e-01 9.749196e-02 1.339767e-01 1.000000e-01 1.597500e+00 -0.991705 0.011962 0.035423 0.219627 0.696432 0.028261 0.991705 -0.005759 -0.028602 -0.929475 0.000000 
1.300000e-01 1.003092e-01 9.749196e-02 1.339767e-01 1.000000e-01 1.597500e+00 -0.991705 0.011962 0.035423 0.219627 0.696432 0.028261 0.991705 -0.005759 -0.028602 -0.929475 0.000000 
1.300000e-01 1.003092e-01 9.749196e-02 1.339767e-01 1.000000e-01 1.597500e+00 -0.991705 0.011962 0.035423 0.219627 0.696432 0.028261 0.991705 -0.005759 -0.028602 -0.929475 0.000000 
1.300000e-01 1.003092e-01 9.749196e-02 1.339767e-01 1.000000e-01 1.597500e+00 -0.991705 0.011962 0.035423 0.219627 0.696432 0.028261 0.991705 -0.005759 -0.028602 -0.929475 0.000000 
1.300000e-01 1.003092e-01 9.749196e-02 1.339767e-01 1.000000e-01 1.597500e+00 -0.991705 0.011962 0.035423 0.219627 0.696432 0.028261 0.991705 -0.005759 -0.028602 -0.929475 0.000000 
1.300000e-01 1.003092e-01 9.749196e-02 1.339767e-01 1.000000e-01 1.597500e+00 -0.991705 0.011962 0.035423 0.219627 0.696432 0.028261 0.991705 -0.005759 -0.028602 -0.929475 0.000000 
1.300000e-01 1.003092e-01 9.749196e-02 1.339767e-01 1.000000e-01 1.597500e+00 -0.991705 0.011962 0.035423 0.219627 0.696432 0.028261 0.991705 -0.005759 -0.028602 -0.929475 0.000000 
1.300000e-01 1.003092e-01 9.749196e-02 1.339767e-01 1.000000e-01 1.597500e+00 -0.991705 0.011962 0.035423 0.219627 0.696432 0.028261 0.991705 -0.005759 -0.028602 -0.929475 0.000000 
1.300000e-01 1.003092e-01 9.749196e-02 1.339767e-01 1.000000e-01 1.597500e+00 -0.991705 0.011962 0.035423 0.219627 0.696432 0.028261 0.991705 -0.005759 -0.028602 -0.929475 0.000000 
1.300000e-01 1.003092e-01 9.749196e-02 1.339767e-01 1.000000e-01 1.597500e+00 -0.991705 0.011962 0.035423 0.219627 0.696432 0.028261 0.991705 -0.005759 -0.028602 -0.929475 0.000000 
1.300000e-01 1.003092e-01 9.749196e-02 1.339767e-01 1.000000e-01 1.597500e+00 -0.991705 0.011962 0.035423 0.219627 0.696432 0.028261 0.991705 -0.005759 -0.028602 -0.929475 0.000000 
1.300000e-01 1.003092e-01 9.749196e-02 1.339767e-01 1.000000e-01 1.597500e+00 -0.991705 0.011962 0.035423 0.219627 0.696432 0.028261 0.991705 -0.005759 -0.028602 -0.929475 0.000000 
1.300000e-01 1.003092e-01 9.749196e-02 1.339767e-01 1.000000e-01 1.597500e+00 -0.991705 0.011962 0.035423 0.219627 0.696432 0.028261 0.991705 -0.005759 -0.028602 -0.929475 0.000000 
1.300000e-01 1.003092e-01 9.749196e-02 1.339767e-01 1.000000e-01 1.597500e+00 -0.991705 0.011962 0.035423 0.219627 0.696432 0.028261 0.991705 -0.005759 -0.028602 -0.929475 0.000000 
1.300000e-01 1.003092e-01 9.749196e-02 1.339767e-01 1.000000e-01 1.597500e+00 -0.991705 0.011962 0.035423 0.219627 0.696432 0.028261 0.991705 -0.005759 -0.028602 -0.929475 0.000000 
1.300000e-01 1.003092e-01 9.749196e-02 1.339767e-01 1.000000e-01 1.597500e+00 -0.991705 0.011962 0.035423 0.219627 0.696432 0.028261 0.991705 -0.005759 -0.028602 -0.929475 0.000000 
1.300000e-01 1.003092e-01 9.749196e-02 1.339767e-01 1.000000e-01 1.597500e+00 -0.991705 0.011962 0.035423 0.219627 0.696432 0.028261 0.991705 -0.005759 -0.028602 -0.929475 0.000000 
1.300000e-01 1.003092e-01 9.749196e-02 1.339767e-01 1.000000e-01 1.597500e+00 -0.991705 0.011962 0.035423 0.219627 0.696432 0.028261 0.991705 -0.005759 -0.028602 -0.929475 0.000000 
1.300000e-01 1.003092e-01 9.749196e-02 1.339767e-01 1.000000e-01 1.597500e+00 -0.991705 0.011962 0.035423 0.219627 0.696432 0.028261 0.991705 -0.005759 -0.028602 -0.929475 0.000000 
1.300000e-01 1.003092e-01 9.749196e-02 1.339767e-01 1.000000e-01 1.597500e+00 -0.991705 0.011962 0.035423 0.219627 0.696432 0.028261 0.991705 -0.005759 -0.028602 -0.929475 0.000000 
1.300000e-01 1.003092e-01 9.749196e-02 1.339767e-01 1.000000e-01 1.597500e+00 -0.991705 0.011962 0.035423 0.219627 0.696432 0.028261 0.991705 -0.005759 -0.028602 -0.929475 0.000000 
1.300000e-01 1.003092e-01 9.749196e-02 1.339767e-01 1.000000e-01 1.597500e+00 -0.991705 0.011962 0.035423 0.219627 0.696432 0.028261 0.991705 -0.005759 -0.028602 -0.929475 0.000000 
1.300000e-01 1.003092e-01 9.749196e-02 1.339767e-01 1.000000e-01 1.597500e+00 -0.991705 0.011962 0.035423 0.219627 0.696432 0.028261 0.991705 -0.005759 -0.028602 -0.929475 0.000000 
1.300000e-01 1.003092e-01 9.749196e-02 1.339767e-01 1.000000e-01 1.597500e+00 -0.991705 0.011962 0.035423 0.219627 0.696432 0.028261 0.991705 -0.005759 -0.028602 -0.929475 0.000000 
1.300000e-01 1.003092e-01 9.749196e-02 1.339767e-01 1.000000e-01 1.597500e+00 -0.991705 0.011962 0.035423 0.219627 0.696432 0.028261 0.991705 -0.005759 -0.028602 -0.929475 0.000000 
1.300000e-01 1.003092e-01 9.749196e-02 1.339767e-01 1.000000e-01 1.597500e+00 -0.991705 0.011962 0.035423 0.219627 0.696432 0.028261 0.991705 -0.005759 -0.028602 -0.929475 0.000000 
1.300000e-01 1.003092e-01 9.749196e-02 1.339767e-01 1.000000e-01 1.597500e+00 -0.991705 0.011962 0.035423 0.219627 0.696432 0.028261 0.991705 -0.005759 -0.028602 -0.929475 0.000000 
1.300000e-01 1.003092e-01 9.749196e-02 1.339767e-01 1.000000e-01 1.597500e+00 -0.991705 0.011962 0.035423 0.219627 0.696432 0.028261 0.991705 -0.005759 -0.028602 -0.929475 0.000000 
1.300000e-01 1.003092e-01 9.749196e-02 1.339767e-01 1.000000e-01 1.597500e+00 -0.991705 0.011962 0.035423 0.219627 0.696432 0.028261 0.991705 -0.005759 -0.028602 -0.929475 0.000000 
1.300000e-01 1.003092e-01 9.749196e-02 1.339767e-01 1.000000e-01 1.597500e+00 -0.991705 0.011962 0.035423 0.219627 0.696432 0.028261 0.991705 -0.005759 -0.028602 -0.929475 0.000000 
1.300000e-01 1.003092e-01 9.749196e-02 1.339767e-01 1.000000e-01 1.597500e+00 -0.991705 0.011962 0.035423 0.219627 0.696432 0.028261 0.991705 -0.005759 -0.028602 -0.929475 0.000000 
1.300000e-01 1.003092e-01 9.749196e-02 1.339767e-01 1.000000e-01 1.597500e+00 -0.991705 0.011962 0.035423 0.219627 0.696432 0.028261 0.991705 -0.005759 -0.028602 -0.929475 0.000000 
1.300000e-01 1.003092e-01 9.749196e-02 1.339767e-01 1.000000e-01 1.597500e+00 -0.991705 0.011962 0.035423 0.219627 0.696432 0.028261 0.991705 -0.005759 -0.028602 -0.929475 0.000000 
1.300000e-01 1.003092e-01 9.749196e-02 1.339767e-01 1.000000e-01 1.597500e+00 -0.991705 0.011962 0.035423 0.219627 0.696432 0.028261 0.991705 -0.005759 -0.028602 -0.929475 0.000000 
1.300000e-01 1.003092e-01 9.749196e-02 1.339767e-01 1.000000e-01 1.597500e+00 -0.991705 0.011962 0.035423 0.219627 0.696432 0.028261 0.991705 -0.005759 -0.028602 -0.929475 0.000000 
1.300000e-01 1.003092e-01 9.749196e-02 1.339767e-01 1.000000e-01 1.597500e+00 -0.991705 0.011962 0.035423 0.219627 0.696432 0.028261 0.991705 -0.005759 -0.028602 -0.929475 0.000000 
1.300000e-01 1.003092e-01 9.749196e-02 1.339767e-01 1.000000e-01 1.597500e+00 -0.991705 0.011962 0.035423 0.219627 0.696432 0.028261 0.991705 -0.005759 -0.028602 -0.929475 0.000000 
1.300000e-01 1.003092e-01 9.749196e-02 1.339767e-01 1.000000e-01 1.597500e+00 -0.991705 0.011962 0.035423 0.219627 0.696432 0.028261 0.991705 -0.005759 -0.028602 -0.929475 0.000000 
1.300000e-01 1.003092e-01 9.749196e-02 1.339767e-01 1.000000e-01 1.597500e+00 -0.991705 0.011962 0.035423 0.219627 0.696432 0.028261 0.991705 -0.005759 -0.028602 -0.929475 0.000000 
1.300000e-01 1.003092e-01 9.749196e-02 1.339767e-01 1.000000e-01 1.597500e+00 -0.991705 0.011962 0.035423 0.219627 0.696432 0.028261 0.991705 -0.005759 -0.028602 -0.929475 0.000000 
1.300000e-01 1.003092e-01 9.749196e-02 1.339767e-01 1.000000e-01 1.597500e+00 -0.991705 0.011962 0.035423 0.219627 0.696432 0.028261 0.991705 -0.005759 -0.028602 -0.929475 0.000000 
1.300000e-01 1.003092e-01 9.749196e-02 1.339767e-01 1.000000e-01 1.597500e+00 -0.991705 0.011962 0.035423 0.219627 0.696432 0.028261 0.991705 -0.005759 -0.028602 -0.929475 0.000000 
1.300000e-01 1.003092e-01 9.749196e-02 1.339767e-01 1.000000e-01 1.597500e+00 -0.991705 0.011962 0.035423 0.219627 0.696432 0.028261 0.991705 -0.005759 -0.028602 -0.929475 0.000000 
1.300000e-01 1.003092e-01 9.749196e-02 1.339767e-01 1.000000e-01 1.597500e+00 -0.991705 0.011962 0.035423 0.219627 0.696432 0.028261 0.991705 -0.005759 -0.028602 -0.929475 0.000000 
1.300000e-01 1.003092e-01 9.749196e-02 1.339767e-01 1.000000e-01 1.597500e+00 -0.991705 0.011962 0.035423 0.219627 0.696432 0.028261 0.991705 -0.005759 -0.028602 -0.929475 0.000000 
1.300000e-01 1.003092e-01 9.749196e-02 1.339767e-01 1.000000e-01 1.597500e+00 -0.991705 0.011962 0.035423 0.219627 0.696432 0.028261 0.991705 -0.005759 -0.028602 -0.929475 0.000000 
1.300000e-01 1.003092e-01 9.749196e-02 1.339767e-01 1.000000e-01 1.597500e+00 -0.991705 0.011962 0.035423 0.219627 0.696432 0.028261 0.991705 -0.005759 -0.028602 -0.929475 0.000000 
1.300000e-01 1.003092e-01 9.749196e-02 1.339767e-01 1.000000e-01 1.597500e+00 -0.991705 0.011962 0.035423 0.219627 0.696432 0.028261 0.991705 -0.005759 -0.028602 -0.929475 0.000000 
1.300000e-01 1.003092e-01 9.749196e-02 1.339767e-01 1.000000e-01 1.597500e+00 -0.991705 0.011962 0.035423 0.219627 0.696432 0.028261 0.991705 -0.005759 -0.028602 -0.929475 0.000000 
1.300000e-01 1.003092e-01 9.749196e-02 1.339767e-01 1.000000e-01 1.597500e+00 -0.991705 0.011962 0.035423 0.219627 0.696432 0.028261 0.991705 -0.005759 -0.028602 -0.929475 0.000000 
1.300000e-01 1.003092e-01 9.749196e-02 1.339767e-01 1.000000e-01 1.597500e+00 -0.991705 0.011962 0.035423 0.219627 0.696432 0.028261 0.991705 -0.005759 -0.028602 -0.929475 0.000000 
1.300000e-01 1.003092e-01 9.749196e-02 1.339767e-01 1.000000e-01 1.597500e+00 -0.991705 0.011962 0.035423 0.219627 0.696432 0.028261 0.991705 -0.005759 -0.028602 -0.929475 0.000000 
1.300000e-01 1.003092e-01 9.749196e-02 1.339767e-01 1.000000e-01 1.597500e+00 -0.991705 0.011962 0.035423 0.219627 0.696432 0.028261 0.991705 -0.005759 -0.028602 -0.929475 0.000000 
1.300000e-01 1.003092e-01 9.749196e-02 1.339767e-01 1.000000e-01 1.597500e+00 -0.991705 0.011962 0.035423 0.219627 0.696432 0.028261 0.991705 -0.005759 -0.028602 -0.929475 0.000000 
1.300000e-01 1.003092e-01 9.749196e-02 1.339767e-01 1.000000e-01 1.597500e+00 -0.991705 0.011962 0.035423 0.219627 0.696432 0.028261 0.991705 -0.005759 -0.028602 -0.929475 0.000000 
1.300000e-01 1.003092e-01 9.749196e-02 1.339767e-01 1.000000e-01 1.597500e+00 -0.991705 0.011962 0.035423 0.219627 0.696432 0.028261 0.991705 -0.005759 -0.028602 -0.929475 0.000000 
1.300000e-01 1.003092e-01 9.749196e-02 1.339767e-01 1.000000e-01 1.597500e+00 -0.991705 0.011962 0.035423 0.219627 0.696432 0.028261 0.991705 -0.005759 -0.028602 -0.929475 0.000000 
1.300000e-01 1.003092e-01 9.749196e-02 1.339767e-01 1.000000e-01 1.597500e+00 -0.991705 0.011962 0.035423 0.219627 0.696432 0.028261 0.991705 -0.005759 -0.028602 -0.929475 0.000000 
1.300000e-01 1.003092e-01 9.749196e-02 1.339767e-01 1.000000e-01 1.597500e+00 -0.991705 0.011962 0.035423 0.219627 0.696432 0.028261 0.991705 -0.005759 -0.028602 -0.929475 0.000000 
1.300000e-01 1.003092e-01 9.749196e-02 1.339767e-01 1.000000e-01 1.597500e+00 -0.991705 0.011962 0.035423 0.219627 0.696432 0.028261 0.991705 -0.005759 -0.028602 -0.929475 0.000000 
1.300000e-01 1.003092e-01 9.749196e-02 1.339767e-01 1.000000e-01 1.597500e+00 -0.991705 0.011962 0.035423 0.219627 0.696432 0.028261 0.991705 -0.005759 -0.028602 -0.929475 0.000000 
1.300000e-01 1.003092e-01 9.749196e-02 1.339767e-01 1.000000e-01 1.597500e+00 -0.991705 0.011962 0.035423 0.219627 0.696432 0.028261 0.991705 -0.005759 -0.028602 -0.929475 0.000000 
1.300000e-01 1.003092e-01 9.749196e-02 1.339767e-01 1.000000e-01 1.597500e+00 -0.991705 0.011962 0.035423 0.219627 0.696432 0.028261 0.991705 -0.005759 -0.028602 -0.929475 0.000000 
1.300000e-01 1.003092e-01 9.749196e-02 1.339767e-01 1.000000e-01 1.597500e+00 -0.991705 0.011962 0.035423 0.219627 0.696432 0.028261 0.991705 -0.005759 -0.028602 -0.929475 0.000000 
1.300000e-01 1.003092e-01 9.749196e-02 1.339767e-01 1.000000e-01 1.597500e+00 -0.991705 0.011962 0.035423 0.219627 0.696432 0.028261 0.991705 -0.005759 -0.028602 -0.929475 0.000000 
1.300000e-01 1.003092e-01 9.749196e-02 1.339767e-01 1.000000e-01 1.597500e+00 -0.991705 0.011962 0.035423 0.219627 0.696432 0.028261 0.991705 -0.005759 -0.028602 -0.929475 0.000000 
1.300000e-01 1.003092e-01 9.749196e-02 1.339767e-01 1.000000e-01 1.597500e+00 -0.991705 0.011962 0.035423 0.219627 0.696432 0.028261 0.991705 -0.005759 -0.028602 -0.929475 0.000000 
1.300000e-01 1.003092e-01 9.749196e-02 1.339767e-01 1.000000e-01 1.597500e+00 -0.991705 0.011962 0.035423 0.219627 0.696432 0.028261 0.991705 -0.005759 -0.028602 -0.929475 0.000000 
1.300000e-01 1.003092e-01 9.749196e-02 1.339767e-01 1.000000e-01 1.597500e+00 -0.991705 0.011962 0.035423 0.219627 0.696432 0.028261 0.991705 -0.005759 -0.028602 -0.929475 0.000000 
1.300000e-01 1.003092e-01 9.749196e-02 1.339767e-01 1.000000e-01 1.597500e+00 -0.991705 0.011962 0.035423 0.219627 0.696432 0.028261 0.991705 -0.005759 -0.028602 -0.929475 0.000000 
1.300000e-01 1.003092e-01 9.749196e-02 1.339767e-01 1.000000e-01 1.597500e+00 -0.991705 0.011962 0.035423 0.219627 0.696432 0.028261 0.991705 -0.005759 -0.028602 -0.929475 0.000000 
1.300000e-01 1.003092e-01 9.749196e-02 1.339767e-01 1.000000e-01 1.597500e+00 -0.991705 0.011962 0.035423 0.219627 0.696432 0.028261 0.991705 -0.005759 -0.028602 -0.929475 0.000000 
1.300000e-01 1.003092e-01 9.749196e-02 1.339767e-01 1.000000e-01 1.597500e+00 -0.991705 0.011962 0.035423 0.219627 0.696432 0.028261 0.991705 -0.005759 -0.028602 -0.929475 0.000000 
1.300000e-01 1.003092e-01 9.749196e-02 1.339767e-01 1.000000e-01 1.597500e+00 -0.991705 0.011962 0.035423 0.219627 0.696432 0.028261 0.991705 -0.005759 -0.028602 -0.929475 0.000000 
1.300000e-01 1.003092e-01 9.749196e-02 1.339767e-01 1.000000e-01 1.597500e+00 -0.991705 0.011962 0.035423 0.219627 0.696432 0.028261 0.991705 -0.005759 -0.028602 -0.929475 0.000000 
1.300000e-01 1.003092e-01 9.749196e-02 1.339767e-01 1.000000e-01 1.597500e+00 -0.991705 0.011962 0.035423 0.219627 0.696432 0.028261 0.991705 -0.005759 -0.028602 -0.929475 0.000000 
1.300000e-01 1.003092e-01 9.749196e-02 1.339767e-01 1.000000e-01 1.597500e+00 -0.991705 0.011962 0.035423 0.219627 0.696432 0.028261 0.991705 -0.005759 -0.028602 -0.929475 0.000000 
1.300000e-01 1.003092e-01 9.749196e-02 1.339767e-01 1.000000e-01 1.597500e+00 -0.991705 0.011962 0.035423 0.219627 0.696432 0.028261 0.991705 -0.005759 -0.028602 -0.929475 0.000000 
1.300000e-01 1.003092e-01 9.749196e-02 1.339767e-01 1.000000e-01 1.597500e+00 -0.991705 0.011962 0.035423 0.219627 0.696432 0.028261 0.991705 -0.005759 -0.028602 -0.929475 0.000000 
1.300000e-01 1.003092e-01 9.749196e-02 1.339767e-01 1.000000e-01 1.597500e+00 -0.991705 0.011962 0.035423 0.219627 0.696432 0.028261 0.991705 -0.005759 -0.028602 -0.929475 0.000000 
1.300000e-01 1.003092e-01 9.749196e-02 1.339767e-01 1.000000e-01 1.597500e+00 -0.991705 0.011962 0.035423 0.219627 0.696432 0.028261 0.991705 -0.005759 -0.028602 -0.929475 0.000000 
1.300000e-01 1.003092e-01 9.749196e-02 1.339767e-01 1.000000e-01 1.597500e+00 -0.991705 0.011962 0.035423 0.219627 0.696432 0.028261 0.991705 -0.005759 -0.028602 -0.929475 0.000000 
1.300000e-01 1.003092e-01 9.749196e-02 1.339767e-01 1.000000e-01 1.597500e+00 -0.991705 0.011962 0.035423 0.219627 0.696432 0.028261 0.991705 -0.005759 -0.028602 -0.929475 0.000000 
1.300000e-01 1.003092e-01 9.749196e-02 1.339767e-01 1.000000e-01 1.597500e+00 -0.991705 0.011962 0.035423 0.219627 0.696432 0.028261 0.991705 -0.005759 -0.028602 -0.929475 0.000000 
1.300000e-01 1.003092e-01 9.749196e-02 1.339767e-01 1.000000e-01 1.597500e+00 -0.991705 0.011962 0.035423 0.219627 0.696432 0.028261 0.991705 -0.005759 -0.028602 -0.929475 0.000000 
1.300000e-01 1.003092e-01 9.749196e-02 1.339767e-01 1.000000e-01 1.597500e+00 -0.991705 0.011962 0.035423 0.219627 0.696432 0.028261 0.991705 -0.005759 -0.028602 -0.929475 0.000000 
1.300000e-01 1.003092e-01 9.749196e-02 1.339767e-01 1.000000e-01 1.597500e+00 -0.991705 0.011962 0.035423 0.219627 0.696432 0.028261 0.991705 -0.005759 -0.028602 -0.929475 0.000000 
1.300000e-01 1.003092e-01 9.749196e-02 1.339767e-01 1.000000e-01 1.597500e+00 -0.991705 0.011962 0.035423 0.219627 0.696432 0.028261 0.991705 -0.005759 -0.028602 -0.929475 0.000000 
1.300000e-01 1.003092e-01 9.749196e-02 1.339767e-01 1.000000e-01 1.597500e+00 -0.991705 0.011962 0.035423 0.219627 0.696432 0.028261 0.991705 -0.005759 -0.028602 -0.929475 0.000000 
1.300000e-01 1.003092e-01 9.749196e-02 1.339767e-01 1.000000e-01 1.597500e+00 -0.991705 0.011962 0.035423 0.219627 0.696432 0.028261 0.991705 -0.005759 -0.028602 -0.929475 0.000000 
1.300000e-01 1.003092e-01 9.749196e-02 1.339767e-01 1.000000e-01 1.597500e+00 -0.991705 0.011962 0.035423 0.219627 0.696432 0.028261 0.991705 -0.005759 -0.028602 -0.929475 0.000000 
1.300000e-01 1.003092e-01 9.749196e-02 1.339767e-01 1.000000e-01 1.597500e+00 -0.991705 0.011962 0.035423 0.219627 0.696432 0.028261 0.991705 -0.005759 -0.028602 -0.929475 0.000000 
1.300000e-01 1.003092e-01 9.749196e-02 1.339767e-01 1.000000e-01 1.597500e+00 -0.991705 0.011962 0.035423 0.219627 0.696432 0.028261 0.991705 -0.005759 -0.028602 -0.929475 0.000000 
1.300000e-01 1.003092e-01 9.749196e-02 1.339767e-01 1.000000e-01 1.597500e+00 -0.991705 0.011962 0.035423 0.219627 0.696432 0.028261 0.991705 -0.005759 -0.028602 -0.929475 0.000000 
1.300000e-01 1.003092e-01 9.749196e-02 1.339767e-01 1.000000e-01 1.597500e+00 -0.991705 0.011962 0.035423 0.219627 0.696432 0.028261 0.991705 -0.005759 -0.028602 -0.929475 0.000000 
1.300000e-01 1.003092e-01 9.749196e-02 1.339767e-01 1.000000e-01 1.597500e+00 -0.991705 0.011962 0.035423 0.219627 0.696432 0.028261 0.991705 -0.005759 -0.028602 -0.929475 0.000000 
1.300000e-01 1.003092e-01 9.749196e-02 1.339767e-01 1.000000e-01 1.597500e+00 -0.991705 0.011962 0.035423 0.219627 0.696432 0.028261 0.991705 -0.005759 -0.028602 -0.929475 0.000000 
1.300000e-01 1.003092e-01 9.749196e-02 1.339767e-01 1.000000e-01 1.597500e+00 -0.991705 0.011962 0.035423 0.219627 0.696432 0.028261 0.991705 -0.005759 -0.028602 -0.929475 0.000000 
1.300000e-01 1.003092e-01 9.749196e-02 1.339767e-01 1.000000e-01 1.597500e+00 -0.991705 0.011962 0.035423 0.219627 0.696432 0.028261 0.991705 -0.005759 -0.028602 -0.929475 0.000000 
1.300000e-01 1.003092e-01 9.749196e-02 1.339767e-01 1.000000e-01 1.597500e+00 -0.991705 0.011962 0.035423 0.219627 0.696432 0.028261 0.991705 -0.005759 -0.028602 -0.929475 0.000000 
1.300000e-01 1.003092e-01 9.749196e-02 1.339767e-01 1.000000e-01 1.597500e+00 -0.991705 0.011962 0.035423 0.219627 0.696432 0.028261 0.991705 -0.005759 -0.028602 -0.929475 0.000000 
1.300000e-01 1.003092e-01 9.749196e-02 1.339767e-01 1.000000e-01 1.597500e+00 -0.991705 0.011962 0.035423 0.219627 0.696432 0.028261 0.991705 -0.005759 -0.028602 -0.929475 0.000000 
1.300000e-01 1.003092e-01 9.749196e-02 1.339767e-01 1.000000e-01 1.597500e+00 -0.991705 0.011962 0.035423 0.219627 0.696432 0.028261 0.991705 -0.005759 -0.028602 -0.929475 0.000000 
1.300000e-01 1.003092e-01 9.749196e-02 1.339767e-01 1.000000e-01 1.597500e+00 -0.991705 0.011962 0.035423 0.219627 0.696432 0.028261 0.991705 -0.005759 -0.028602 -0.929475 0.000000 
1.300000e-01 1.003092e-01 9.749196e-02 1.339767e-01 1.000000e-01 1.597500e+00 -0.991705 0.011962 0.035423 0.219627 0.696432 0.028261 0.991705 -0.005759 -0.028602 -0.929475 0.000000 
1.300000e-01 1.003092e-01 9.749196e-02 1.339767e-01 1.000000e-01 1.597500e+00 -0.991705 0.011962 0.035423 0.219627 0.696432 0.028261 0.991705 -0.005759 -0.028602 -0.929475 0.000000 
1.300000e-01 1.003092e-01 9.749196e-02 1.339767e-01 1.000000e-01 1.597500e+00 -0.991705 0.011962 0.035423 0.219627 0.696432 0.028261 0.991705 -0.005759 -0.028602 -0.929475 0.000000 
1.300000e-01 1.003092e-01 9.749196e-02 1.339767e-01 1.000000e-01 1.597500e+00 -0.991705 0.011962 0.035423 0.219627 0.696432 0.028261 0.991705 -0.005759 -0.028602 -0.929475 0.000000 
1.300000e-01 1.003092e-01 9.749196e-02 1.339767e-01 1.000000e-01 1.597500e+00 -0.991705 0.011962 0.035423 0.219627 0.696432 0.028261 0.991705 -0.005759 -0.028602 -0.929475 0.000000 
1.300000e-01 1.003092e-01 9.749196e-02 1.339767e-01 1.000000e-01 1.597500e+00 -0.991705 0.011962 0.035423 0.219627 0.696432 0.028261 0.991705 -0.005759 -0.028602 -0.929475 0.000000 
1.300000e-01 1.003092e-01 9.749196e-02 1.339767e-01 1.000000e-01 1.597500e+00 -0.991705 0.011962 0.035423 0.219627 0.696432 0.028261 0.991705 -0.005759 -0.028602 -0.929475 0.000000 
1.300000e-01 1.003092e-01 9.749196e-02 1.339767e-01 1.000000e-01 1.597500e+00 -0.991705 0.011962 0.035423 0.219627 0.696432 0.028261 0.991705 -0.005759 -0.028602 -0.929475 0.000000 
1.300000e-01 1.003092e-01 9.749196e-02 1.339767e-01 1.000000e-01 1.597500e+00 -0.991705 0.011962 0.035423 0.219627 0.696432 0.028261 0.991705 -0.005759 -0.028602 -0.929475 0.000000 
1.300000e-01 1.003092e-01 9.749196e-02 1.339767e-01 1.000000e-01 1.597500e+00 -0.991705 0.011962 0.035423 0.219627 0.696432 0.028261 0.991705 -0.005759 -0.028602 -0.929475 0.000000 
1.300000e-01 1.003092e-01 9.749196e-02 1.339767e-01 1.000000e-01 1.597500e+00 -0.991705 0.011962 0.035423 0.219627 0.696432 0.028261 0.991705 -0.005759 -0.028602 -0.929475 0.000000 
1.300000e-01 1.003092e-01 9.749196e-02 1.339767e-01 1.000000e-01 1.597500e+00 -0.991705 0.011962 0.035423 0.219627 0.696432 0.028261 0.991705 -0.005759 -0.028602 -0.929475 0.000000 
1.300000e-01 1.003092e-01 9.749196e-02 1.339767e-01 1.000000e-01 1.597500e+00 -0.991705 0.011962 0.035423 0.219627 0.696432 0.028261 0.991705 -0.005759 -0.028602 -0.929475 0.000000 
1.300000e-01 1.003092e-01 9.749196e-02 1.339767e-01 1.000000e-01 1.597500e+00 -0.991705 0.011962 0.035423 0.219627 0.696432 0.028261 0.991705 -0.005759 -0.028602 -0.929475 0.000000 
1.300000e-01 1.003092e-01 9.749196e-02 1.339767e-01 1.000000e-01 1.597500e+00 -0.991705 0.011962 0.035423 0.219627 0.696432 0.028261 0.991705 -0.005759 -0.028602 -0.929475 0.000000 
1.300000e-01 1.003092e-01 9.749196e-02 1.339767e-01 1.000000e-01 1.597500e+00 -0.991705 0.011962 0.035423 0.219627 0.696432 0.028261 0.991705 -0.005759 -0.028602 -0.929475 0.000000 
1.300000e-01 1.003092e-01 9.749196e-02 1.339767e-01 1.000000e-01 1.597500e+00 -0.991705 0.011962 0.035423 0.219627 0.696432 0.028261 0.991705 -0.005759 -0.028602 -0.929475 0.000000 
1.300000e-01 1.003092e-01 9.749196e-02 1.339767e-01 1.000000e-01 1.597500e+00 -0.991705 0.011962 0.035423 0.219627 0.696432 0.028261 0.991705 -0.005759 -0.028602 -0.929475 0.000000 
1.300000e-01 1.003092e-01 9.749196e-02 1.339767e-01 1.000000e-01 1.597500e+00 -0.991705 0.011962 0.035423 0.219627 0.696432 0.028261 0.991705 -0.005759 -0.028602 -0.929475 0.000000 
1.300000e-01 1.003092e-01 9.749196e-02 1.339767e-01 1.000000e-01 1.597500e+00 -0.991705 0.011962 0.035423 0.219627 0.696432 0.028261 0.991705 -0.005759 -0.028602 -0.929475 0.000000 
1.300000e-01 1.003092e-01 9.749196e-02 1.339767e-01 1.000000e-01 1.597500e+00 -0.991705 0.011962 0.035423 0.219627 0.696432 0.028261 0.991705 -0.005759 -0.028602 -0.929475 0.000000 
1.300000e-01 1.003092e-01 9.749196e-02 1.339767e-01 1.000000e-01 1.597500e+00 -0.991705 0.011962 0.035423 0.219627 0.696432 0.028261 0.991705 -0.005759 -0.028602 -0.929475 0.000000 
1.300000e-01 1.003092e-01 9.749196e-02 1.339767e-01 1.000000e-01 1.597500e+00 -0.991705 0.011962 0.035423 0.219627 0.696432 0.028261 0.991705 -0.005759 -0.028602 -0.929475 0.000000 
1.300000e-01 1.003092e-01 9.749196e-02 1.339767e-01 1.000000e-01 1.597500e+00 -0.991705 0.011962 0.035423 0.219627 0.696432 0.028261 0.991705 -0.005759 -0.028602 -0.929475 0.000000 
1.300000e-01 1.003092e-01 9.749196e-02 1.339767e-01 1.000000e-01 1.597500e+00 -0.991705 0.011962 0.035423 0.219627 0.696432 0.028261 0.991705 -0.005759 -0.028602 -0.929475 0.000000 
1.300000e-01 1.003092e-01 9.749196e-02 1.339767e-01 1.000000e-01 1.597500e+00 -0.991705 0.011962 0.035423 0.219627 0.696432 0.028261 0.991705 -0.005759 -0.028602 -0.929475 0.000000 
1.300000e-01 1.003092e-01 9.749196e-02 1.339767e-01 1.000000e-01 1.597500e+00 -0.991705 0.011962 0.035423 0.219627 0.696432 0.028261 0.991705 -0.005759 -0.028602 -0.929475 0.000000 
1.300000e-01 1.003092e-01 9.749196e-02 1.339767e-01 1.000000e-01 1.597500e+00 -0.991705 0.011962 0.035423 0.219627 0.696432 0.028261 0.991705 -0.005759 -0.028602 -0.929475 0.000000 
1.300000e-01 1.003092e-01 9.749196e-02 1.339767e-01 1.000000e-01 1.597500e+00 -0.991705 0.011962 0.035423 0.219627 0.696432 0.028261 0.991705 -0.005759 -0.028602 -0.929475 0.000000 
1.300000e-01 1.003092e-01 9.749196e-02 1.339767e-01 1.000000e-01 1.597500e+00 -0.991705 0.011962 0.035423 0.219627 0.696432 0.028261 0.991705 -0.005759 -0.028602 -0.929475 0.000000 
1.300000e-01 1.003092e-01 9.749196e-02 1.339767e-01 1.000000e-01 1.597500e+00 -0.991705 0.011962 0.035423 0.219627 0.696432 0.028261 0.991705 -0.005759 -0.028602 -0.929475 0.000000 
1.300000e-01 1.003092e-01 9.749196e-02 1.339767e-01 1.000000e-01 1.597500e+00 -0.991705 0.011962 0.035423 0.219627 0.696432 0.028261 0.991705 -0.005759 -0.028602 -0.929475 0.000000 
1.300000e-01 1.003092e-01 9.749196e-02 1.339767e-01 1.000000e-01 1.597500e+00 -0.991705 0.011962 0.035423 0.219627 0.696432 0.028261 0.991705 -0.005759 -0.028602 -0.929475 0.000000 
1.300000e-01 1.003092e-01 9.749196e-02 1.339767e-01 1.000000e-01 1.597500e+00 -0.991705 0.011962 0.035423 0.219627 0.696432 0.028261 0.991705 -0.005759 -0.028602 -0.929475 0.000000 
1.300000e-01 1.003092e-01 9.749196e-02 1.339767e-01 1.000000e-01 1.597500e+00 -0.991705 0.011962 0.035423 0.219627 0.696432 0.028261 0.991705 -0.005759 -0.028602 -0.929475 0.000000 
1.300000e-01 1.003092e-01 9.749196e-02 1.339767e-01 1.000000e-01 1.597500e+00 -0.991705 0.011962 0.035423 0.219627 0.696432 0.028261 0.991705 -0.005759 -0.028602 -0.929475 0.000000 
1.300000e-01 1.003092e-01 9.749196e-02 1.339767e-01 1.000000e-01 1.597500e+00 -0.991705 0.011962 0.035423 0.219627 0.696432 0.028261 0.991705 -0.005759 -0.028602 -0.929475 0.000000 
1.300000e-01 1.003092e-01 9.749196e-02 1.339767e-01 1.000000e-01 1.597500e+00 -0.991705 0.011962 0.035423 0.219627 0.696432 0.028261 0.991705 -0.005759 -0.028602 -0.929475 0.000000 
1.300000e-01 1.003092e-01 9.749196e-02 1.339767e-01 1.000000e-01 1.597500e+00 -0.991705 0.011962 0.035423 0.219627 0.696432 0.028261 0.991705 -0.005759 -0.028602 -0.929475 0.000000 
1.300000e-01 1.003092e-01 9.749196e-02 1.339767e-01 1.000000e-01 1.597500e+00 -0.991705 0.011962 0.035423 0.219627 0.696432 0.028261 0.991705 -0.005759 -0.028602 -0.929475 0.000000 
1.300000e-01 1.003092e-01 9.749196e-02 1.339767e-01 1.000000e-01 1.597500e+00 -0.991705 0.011962 0.035423 0.219627 0.696432 0.028261 0.991705 -0.005759 -0.028602 -0.929475 0.000000 
1.300000e-01 1.003092e-01 9.749196e-02 1.339767e-01 1.000000e-01 1.597500e+00 -0.991705 0.011962 0.035423 0.219627 0.696432 0.028261 0.991705 -0.005759 -0.028602 -0.929475 0.000000 
1.300000e-01 1.003092e-01 9.749196e-02 1.339767e-01 1.000000e-01 1.597500e+00 -0.991705 0.011962 0.035423 0.219627 0.696432 0.028261 0.991705 -0.005759 -0.028602 -0.929475 0.000000 
1.300000e-01 1.003092e-01 9.749196e-02 1.339767e-01 1.000000e-01 1.597500e+00 -0.991705 0.011962 0.035423 0.219627 0.696432 0.028261 0.991705 -0.005759 -0.028602 -0.929475 0.000000 
1.300000e-01 1.003092e-01 9.749196e-02 1.339767e-01 1.000000e-01 1.597500e+00 -0.991705 0.011962 0.035423 0.219627 0.696432 0.028261 0.991705 -0.005759 -0.028602 -0.929475 0.000000 
1.300000e-01 1.003092e-01 9.749196e-02 1.339767e-01 1.000000e-01 1.597500e+00 -0.991705 0.011962 0.035423 0.219627 0.696432 0.028261 0.991705 -0.005759 -0.028602 -0.929475 0.000000 
1.300000e-01 1.003092e-01 9.749196e-02 1.339767e-01 1.000000e-01 1.597500e+00 -0.991705 0.011962 0.035423 0.219627 0.696432 0.028261 0.991705 -0.005759 -0.028602 -0.929475 0.000000 
1.300000e-01 1.003092e-01 9.749196e-02 1.339767e-01 1.000000e-01 1.597500e+00 -0.991705 0.011962 0.035423 0.219627 0.696432 0.028261 0.991705 -0.005759 -0.028602 -0.929475 0.000000 
