# TeX TeY TeZ ThX ThY THZ P1 P2
9.500000e-02 1.000000e-01 7.850000e-01 9.500000e-02 1.000000e-01 7.850000e-01 0.000000 0.000000 0.000000 0.000000 0.000000 0.000000 0.000000 0.000000 0.000000 0.000000 0.000000 
9.500000e-02 1.000000e-01 7.732782e-01 9.500000e-02 1.000000e-01 7.935045e-01 -0.013363 0.001715 0.003431 0.003434 0.003453 0.001331 0.013363 -0.001715 -0.003431 -0.003434 0.000000 
9.500000e-02 1.000000e-01 7.615146e-01 9.500000e-02 1.000000e-01 8.019960e-01 -0.026745 0.003433 0.006866 0.006873 0.006910 0.002663 0.026745 -0.003433 -0.006866 -0.006873 0.000000 
9.500000e-02 1.000000e-01 7.497096e-01 9.500000e-02 1.000000e-01 8.104744e-01 -0.040146 0.005152 0.010307 0.010316 0.010373 0.003997 0.040146 -0.005152 -0.010307 -0.010316 0.000000 
9.500000e-02 1.000000e-01 7.378636e-01 9.500000e-02 1.000000e-01 8.189394e-01 -0.053565 0.006875 0.013752 0.013765 0.013840 0.005334 0.053565 -0.006875 -0.013752 -0.013765 0.000000 
9.500000e-02 9.999999e-02 7.259769e-01 9.500000e-02 1.000000e-01 8.273910e-01 -0.067002 0.008599 0.017202 0.017218 0.017312 0.006671 0.067002 -0.008599 -0.017202 -0.017218 0.000000 
9.500000e-02 9.999999e-02 7.140500e-01 9.500000e-02 1.000000e-01 8.358292e-01 -0.080457 0.010326 0.020656 0.020675 0.020788 0.008011 0.080457 -0.010326 -0.020656 -0.020675 0.000000 
9.500000e-02 9.999999e-02 7.020830e-01 9.500000e-02 1.000000e-01 8.442536e-01 -0.093929 0.012055 0.024115 0.024137 0.024269 0.009353 0.093929 -0.012055 -0.024115 -0.024137 0.000000 
9.500000e-02 9.999998e-02 6.900764e-01 9.500000e-02 1.000000e-01 8.526642e-01 -0.107418 0.013786 0.027578 0.027604 0.027755 0.010696 0.107418 -0.013786 -0.027578 -0.027603 0.000000 
9.500000e-02 9.999998e-02 6.780305e-01 9.500000e-02 1.000000e-01 8.610609e-01 -0.120924 0.015520 0.031046 0.031074 0.031244 0.012040 0.120924 -0.015520 -0.031045 -0.031074 0.000000 
9.500000e-02 9.999998e-02 6.659457e-01 9.500000e-02 1.000000e-01 8.694436e-01 -0.134447 0.017255 0.034517 0.034549 0.034738 0.013387 0.134447 -0.017255 -0.034517 -0.034549 0.000000 
9.500000e-02 9.999997e-02 6.538222e-01 9.500000e-02 1.000000e-01 8.778120e-01 -0.147985 0.018993 0.037993 0.038028 0.038236 0.014735 0.147985 -0.018993 -0.037993 -0.038028 0.000000 
9.500000e-02 9.999996e-02 6.416605e-01 9.500000e-02 1.000000e-01 8.861661e-01 -0.161540 0.020733 0.041473 0.041511 0.041738 0.016085 0.161540 -0.020732 -0.041473 -0.041511 0.000000 
9.500000e-02 9.999996e-02 6.294608e-01 9.500000e-02 1.000000e-01 8.945057e-01 -0.175110 0.022474 0.044957 0.044998 0.045245 0.017436 0.175110 -0.022474 -0.044957 -0.044998 0.000000 
9.500000e-02 9.999995e-02 6.172234e-01 9.500000e-02 1.000000e-01 9.028307e-01 -0.188695 0.024218 0.048445 0.048489 0.048755 0.018788 0.188695 -0.024218 -0.048444 -0.048489 0.000000 
9.500000e-02 9.999993e-02 6.049488e-01 9.500000e-02 1.000000e-01 9.111409e-01 -0.202295 0.025963 0.051936 0.051984 0.052269 0.020143 0.202295 -0.025963 -0.051936 -0.051984 0.000000 
9.500000e-02 9.999992e-02 5.926371e-01 9.500000e-02 1.000000e-01 9.194363e-01 -0.215909 0.027711 0.055432 0.055483 0.055786 0.021498 0.215909 -0.027710 -0.055431 -0.055483 0.000000 
9.500000e-02 9.999990e-02 5.802887e-01 9.500000e-02 1.000000e-01 9.277165e-01 -0.229538 0.029460 0.058931 0.058985 0.059308 0.022855 0.229538 -0.029459 -0.058930 -0.058985 0.000000 
9.500000e-02 9.999988e-02 5.679039e-01 9.500000e-02 1.000000e-01 9.359815e-01 -0.243181 0.031211 0.062434 0.062491 0.062833 0.024214 0.243181 -0.031210 -0.062433 -0.062491 0.000000 
9.500000e-02 9.999985e-02 5.554830e-01 9.500000e-02 1.000000e-01 9.442312e-01 -0.256838 0.032964 0.065940 0.066000 0.066361 0.025573 0.256838 -0.032963 -0.065939 -0.066000 0.000000 
9.500000e-02 9.999982e-02 5.430263e-01 9.500000e-02 1.000000e-01 9.524653e-01 -0.270508 0.034718 0.069449 0.069513 0.069893 0.026934 0.270508 -0.034717 -0.069448 -0.069513 0.000000 
9.500000e-02 9.999978e-02 5.305342e-01 9.500000e-02 1.000000e-01 9.606838e-01 -0.284191 0.036474 0.072962 0.073029 0.073428 0.028297 0.284191 -0.036474 -0.072961 -0.073029 0.000000 
9.500000e-02 9.999973e-02 5.180068e-01 9.500000e-02 1.000000e-01 9.688864e-01 -0.297886 0.038232 0.076479 0.076548 0.076967 0.029660 0.297887 -0.038231 -0.076478 -0.076549 0.000000 
9.500000e-02 9.999968e-02 5.054446e-01 9.500000e-02 1.000000e-01 9.770730e-01 -0.311595 0.039992 0.079998 0.080071 0.080509 0.031025 0.311595 -0.039990 -0.079997 -0.080072 0.000000 
9.500000e-02 9.999961e-02 4.928477e-01 9.500000e-02 1.000000e-01 9.852434e-01 -0.325315 0.041753 0.083521 0.083597 0.084054 0.032391 0.325315 -0.041751 -0.083520 -0.083598 0.000000 
9.500000e-02 9.999952e-02 4.802165e-01 9.500000e-02 1.000000e-01 9.933975e-01 -0.339048 0.043515 0.087047 0.087126 0.087602 0.033759 0.339048 -0.043513 -0.087045 -0.087127 0.000000 
9.500000e-02 9.999942e-02 4.675512e-01 9.500000e-02 1.000000e-01 1.001535e+00 -0.352792 0.045280 0.090575 0.090658 0.091153 0.035127 0.352792 -0.045277 -0.090574 -0.090660 0.000000 
9.500000e-02 9.999929e-02 4.548522e-01 9.500000e-02 1.000000e-01 1.009656e+00 -0.366547 0.047045 0.094107 0.094192 0.094706 0.036496 0.366547 -0.047042 -0.094105 -0.094196 0.000000 
9.500000e-02 9.999914e-02 4.421197e-01 9.500000e-02 1.000000e-01 1.017760e+00 -0.380313 0.048812 0.097642 0.097730 0.098263 0.037867 0.380313 -0.048807 -0.097640 -0.097736 0.000000 
9.500000e-02 9.999895e-02 4.293539e-01 9.499999e-02 1.000000e-01 1.025847e+00 -0.394090 0.050581 0.101179 0.101270 0.101822 0.039239 0.394090 -0.050574 -0.101177 -0.101279 0.000000 
9.500000e-02 9.999872e-02 4.165552e-01 9.499999e-02 1.000000e-01 1.033917e+00 -0.407878 0.052350 0.104719 0.104813 0.105384 0.040611 0.407878 -0.052341 -0.104717 -0.104827 0.000000 
9.500000e-02 9.999845e-02 4.037238e-01 9.499999e-02 1.000000e-01 1.041969e+00 -0.421675 0.054121 0.108262 0.108359 0.108949 0.041985 0.421675 -0.054109 -0.108259 -0.108379 0.000000 
9.500000e-02 9.999811e-02 3.908600e-01 9.499999e-02 1.000000e-01 1.050004e+00 -0.435483 0.055894 0.111807 0.111907 0.112516 0.043359 0.435483 -0.055875 -0.111804 -0.111938 0.000000 
9.500000e-02 9.999769e-02 3.779640e-01 9.499999e-02 1.000000e-01 1.058021e+00 -0.449299 0.057667 0.115355 0.115457 0.116085 0.044735 0.449300 -0.057641 -0.115352 -0.115504 0.000000 
9.500000e-02 9.999718e-02 3.650361e-01 9.499999e-02 1.000000e-01 1.066021e+00 -0.463125 0.059442 0.118905 0.119010 0.119657 0.046111 0.463126 -0.059403 -0.118903 -0.119081 0.000000 
9.500000e-02 9.999656e-02 3.520765e-01 9.499999e-02 1.000000e-01 1.074002e+00 -0.476960 0.061218 0.122458 0.122565 0.123231 0.047488 0.476961 -0.061160 -0.122456 -0.122673 0.000000 
9.500000e-02 9.999580e-02 3.390855e-01 9.499999e-02 1.000000e-01 1.081964e+00 -0.490804 0.062996 0.126013 0.126123 0.126807 0.048866 0.490804 -0.062909 -0.126013 -0.126286 0.000000 
9.500000e-02 9.999487e-02 3.260634e-01 9.499998e-02 1.000000e-01 1.089908e+00 -0.504656 0.064774 0.129570 0.129682 0.130385 0.050245 0.504656 -0.064645 -0.129573 -0.129930 0.000000 
9.500000e-02 9.999373e-02 3.130104e-01 9.499998e-02 1.000000e-01 1.097834e+00 -0.518516 0.066554 0.133129 0.133244 0.133966 0.051625 0.518516 -0.066358 -0.133136 -0.133622 0.000000 
9.500000e-02 9.999233e-02 2.999266e-01 9.499998e-02 1.000000e-01 1.105740e+00 -0.532384 0.068334 0.136690 0.136807 0.137548 0.053005 0.532384 -0.068040 -0.136704 -0.137381 0.000000 
9.500000e-02 9.999062e-02 2.868124e-01 9.499997e-02 1.000000e-01 1.113627e+00 -0.546259 0.070116 0.140254 0.140373 0.141131 0.054386 0.546260 -0.069669 -0.140278 -0.141251 0.000000 
9.500000e-02 9.998852e-02 2.736681e-01 9.499997e-02 1.000000e-01 1.121495e+00 -0.560142 0.071899 0.143820 0.143940 0.144717 0.055767 0.560142 -0.071221 -0.143860 -0.145280 0.000000 
9.500000e-02 9.998597e-02 2.604937e-01 9.499997e-02 1.000000e-01 1.129344e+00 -0.574031 0.073683 0.147387 0.147509 0.148304 0.057149 0.574032 -0.072653 -0.147451 -0.149555 0.000000 
9.500000e-02 9.998284e-02 2.472895e-01 9.499996e-02 1.000000e-01 1.137172e+00 -0.587928 0.075467 0.150956 0.151080 0.151892 0.058532 0.587928 -0.073897 -0.151053 -0.154221 0.000000 
9.500000e-02 9.997905e-02 2.340557e-01 9.499996e-02 1.000000e-01 1.144980e+00 -0.601830 0.077253 0.154528 0.154653 0.155482 0.059915 0.601831 -0.074864 -0.154669 -0.159467 0.000000 
9.500000e-02 9.997445e-02 2.207925e-01 9.499995e-02 1.000000e-01 1.152769e+00 -0.615740 0.079040 0.158101 0.158227 0.159074 0.061299 0.615740 -0.075403 -0.158292 -0.165630 0.000000 
9.500000e-02 9.996894e-02 2.075000e-01 9.499994e-02 1.000000e-01 1.160536e+00 -0.629655 0.080828 0.161676 0.161803 0.162666 0.062683 0.629656 -0.075285 -0.161902 -0.173247 0.000000 
9.500000e-02 9.996241e-02 1.941784e-01 9.499993e-02 1.000000e-01 1.168283e+00 -0.643577 0.082617 0.165254 0.165380 0.166260 0.064067 0.643577 -0.074211 -0.165434 -0.183098 0.000000 
9.500000e-02 9.995483e-02 1.808277e-01 9.499992e-02 1.000000e-01 1.176009e+00 -0.657506 0.084407 0.168833 0.168960 0.169855 0.065452 0.657506 -0.071697 -0.168708 -0.196601 0.000000 
9.500000e-02 9.994639e-02 1.674478e-01 9.499991e-02 1.000000e-01 1.183714e+00 -0.671441 0.086198 0.172414 0.172541 0.173452 0.066838 0.671442 -0.067082 -0.171243 -0.216158 0.000000 
9.500000e-02 9.993793e-02 1.540380e-01 9.499990e-02 1.000000e-01 1.191398e+00 -0.685387 0.087990 0.175999 0.176124 0.177051 0.068224 0.685387 -0.059602 -0.171900 -0.245706 0.000000 
9.500000e-02 9.993295e-02 1.405947e-01 9.499989e-02 1.000000e-01 1.199059e+00 -0.699353 0.089786 0.179589 0.179713 0.180654 0.069612 0.699353 -0.048255 -0.167774 -0.293104 0.000000 
9.500000e-02 9.994691e-02 1.270997e-01 9.499987e-02 1.000000e-01 1.206699e+00 -0.713399 0.091593 0.183201 0.183322 0.184277 0.071007 0.713399 -0.031996 -0.151271 -0.374917 0.000000 
9.500000e-02 1.000392e-01 1.134682e-01 9.499985e-02 1.000000e-01 1.214317e+00 -0.727802 0.093445 0.186905 0.187023 0.187992 0.072438 0.727802 -0.009834 -0.104383 -0.525035 0.000000 
9.500000e-02 1.002866e-01 9.943584e-02 9.499983e-02 1.000000e-01 1.221912e+00 -0.743575 0.095475 0.190961 0.191077 0.192060 0.074004 0.743575 0.020759 0.011080 -0.812361 0.000000 
9.500000e-02 1.003103e-01 9.749922e-02 9.499981e-02 1.000000e-01 1.229484e+00 -0.750233 0.096334 0.192678 0.192788 0.193772 0.074662 0.750233 0.025213 0.033304 -0.867224 0.000000 
9.500000e-02 1.003103e-01 9.749922e-02 9.499978e-02 1.000000e-01 1.237034e+00 -0.755221 0.096980 0.193967 0.194070 0.195051 0.075154 0.755221 0.024573 0.032024 -0.868505 0.000000 
9.500000e-02 1.003103e-01 9.749922e-02 9.499975e-02 1.000000e-01 1.244560e+00 -0.760193 0.097625 0.195254 0.195348 0.196325 0.075643 0.760194 0.023935 0.030747 -0.869783 0.000000 
9.500000e-02 1.003103e-01 9.749922e-02 9.499971e-02 1.000000e-01 1.252063e+00 -0.765150 0.098269 0.196537 0.196622 0.197593 0.076130 0.765150 0.023298 0.029475 -0.871057 0.000000 
9.500000e-02 1.003103e-01 9.749922e-02 9.499967e-02 1.000000e-01 1.259541e+00 -0.770091 0.098911 0.197818 0.197893 0.198856 0.076614 0.770092 0.022664 0.028206 -0.872327 0.000000 
9.500000e-02 1.003103e-01 9.749922e-02 9.499963e-02 1.000000e-01 1.266996e+00 -0.775016 0.099552 0.199097 0.199159 0.200113 0.077096 0.775017 0.022032 0.026942 -0.873592 0.000000 
9.500000e-02 1.003103e-01 9.749922e-02 9.499957e-02 1.000000e-01 1.274427e+00 -0.779925 0.100192 0.200373 0.200422 0.201364 0.077575 0.779926 0.021402 0.025681 -0.874854 0.000000 
9.500000e-02 1.003103e-01 9.749922e-02 9.499951e-02 1.000000e-01 1.281832e+00 -0.784818 0.100831 0.201647 0.201682 0.202608 0.078051 0.784819 0.020774 0.024425 -0.876111 0.000000 
9.500000e-02 1.003103e-01 9.749922e-02 9.499945e-02 1.000000e-01 1.289213e+00 -0.789694 0.101469 0.202919 0.202938 0.203846 0.078523 0.789695 0.020148 0.023173 -0.877364 0.000000 
9.500000e-02 1.003103e-01 9.749922e-02 9.499937e-02 1.000000e-01 1.296568e+00 -0.794554 0.102107 0.204189 0.204190 0.205077 0.078993 0.794554 0.019525 0.021926 -0.878613 0.000000 
9.500000e-02 1.003103e-01 9.749922e-02 9.499928e-02 1.000000e-01 1.303898e+00 -0.799397 0.102743 0.205457 0.205439 0.206300 0.079458 0.799397 0.018903 0.020682 -0.879857 0.000000 
9.500000e-02 1.003103e-01 9.749922e-02 9.499918e-02 1.000000e-01 1.311202e+00 -0.804222 0.103378 0.206724 0.206686 0.207515 0.079920 0.804223 0.018284 0.019443 -0.881097 0.000000 
9.500000e-02 1.003103e-01 9.749922e-02 9.499907e-02 1.000000e-01 1.318480e+00 -0.809030 0.104013 0.207990 0.207929 0.208722 0.080377 0.809031 0.017667 0.018209 -0.882333 0.000000 
9.500000e-02 1.003103e-01 9.749922e-02 9.499894e-02 1.000000e-01 1.325731e+00 -0.813821 0.104647 0.209256 0.209171 0.209920 0.080829 0.813821 0.017052 0.016979 -0.883564 0.000000 
9.500000e-02 1.003103e-01 9.749922e-02 9.499879e-02 1.000000e-01 1.332955e+00 -0.818594 0.105279 0.210521 0.210411 0.211108 0.081275 0.818594 0.016439 0.015754 -0.884791 0.000000 
9.500000e-02 1.003103e-01 9.749922e-02 9.499863e-02 1.000000e-01 1.340152e+00 -0.823349 0.105911 0.211786 0.211650 0.212287 0.081716 0.823349 0.015829 0.014533 -0.886013 0.000000 
9.500000e-02 1.003103e-01 9.749922e-02 9.499844e-02 1.000000e-01 1.347321e+00 -0.828086 0.106542 0.213053 0.212890 0.213453 0.082150 0.828086 0.015221 0.013317 -0.887230 0.000000 
9.500000e-02 1.003103e-01 9.749922e-02 9.499823e-02 1.000000e-01 1.354463e+00 -0.832804 0.107171 0.214320 0.214130 0.214608 0.082576 0.832804 0.014615 0.012106 -0.888442 0.000000 
9.500000e-02 1.003103e-01 9.749922e-02 9.499799e-02 1.000000e-01 1.361576e+00 -0.837504 0.107798 0.215589 0.215374 0.215750 0.082993 0.837504 0.014012 0.010899 -0.889650 0.000000 
9.500000e-02 1.003103e-01 9.749922e-02 9.499772e-02 1.000000e-01 1.368661e+00 -0.842184 0.108423 0.216862 0.216622 0.216878 0.083401 0.842185 0.013411 0.009697 -0.890853 0.000000 
9.500000e-02 1.003103e-01 9.749922e-02 9.499741e-02 1.000000e-01 1.375717e+00 -0.846846 0.109045 0.218137 0.217876 0.217991 0.083797 0.846846 0.012813 0.008500 -0.892051 0.000000 
9.500000e-02 1.003103e-01 9.749922e-02 9.499707e-02 1.000000e-01 1.382743e+00 -0.851488 0.109664 0.219418 0.219142 0.219086 0.084180 0.851489 0.012217 0.007309 -0.893244 0.000000 
9.500000e-02 1.003103e-01 9.749922e-02 9.499667e-02 1.000000e-01 1.389740e+00 -0.856111 0.110277 0.220703 0.220419 0.220165 0.084548 0.856111 0.011624 0.006122 -0.894431 0.000000 
9.500000e-02 1.003103e-01 9.749922e-02 9.499623e-02 1.000000e-01 1.396706e+00 -0.860714 0.110883 0.221997 0.221716 0.221221 0.084898 0.860714 0.011033 0.004940 -0.895614 0.000000 
9.500000e-02 1.003103e-01 9.749922e-02 9.499573e-02 1.000000e-01 1.403642e+00 -0.865296 0.111480 0.223298 0.223036 0.222255 0.085228 0.865297 0.010445 0.003764 -0.896792 0.000000 
9.500000e-02 1.003103e-01 9.749922e-02 9.499517e-02 1.000000e-01 1.410547e+00 -0.869859 0.112066 0.224609 0.224385 0.223265 0.085535 0.869859 0.009860 0.002592 -0.897964 0.000000 
9.500000e-02 1.003103e-01 9.749922e-02 9.499454e-02 1.000000e-01 1.417421e+00 -0.874400 0.112636 0.225932 0.225776 0.224245 0.085812 0.874400 0.009277 0.001426 -0.899131 0.000000 
9.500000e-02 1.003103e-01 9.749922e-02 9.499383e-02 1.000000e-01 1.424263e+00 -0.878921 0.113188 0.227268 0.227212 0.225196 0.086058 0.878921 0.008697 0.000266 -0.900293 0.000000 
9.500000e-02 1.003103e-01 9.749922e-02 9.499303e-02 1.000000e-01 1.431074e+00 -0.883420 0.113714 0.228621 0.228714 0.226109 0.086263 0.883421 0.008119 -0.000889 -0.901449 0.000000 
9.500000e-02 1.003103e-01 9.749922e-02 9.499213e-02 1.000000e-01 1.437851e+00 -0.887898 0.114208 0.229992 0.230296 0.226980 0.086422 0.887899 0.007544 -0.002039 -0.902600 0.000000 
9.500000e-02 1.003103e-01 9.749922e-02 9.499112e-02 1.000000e-01 1.444596e+00 -0.892355 0.114665 0.231384 0.231968 0.227808 0.086531 0.892355 0.006972 -0.003183 -0.903745 0.000000 
9.500000e-02 1.003103e-01 9.749922e-02 9.499000e-02 1.000000e-01 1.451307e+00 -0.896789 0.115067 0.232803 0.233773 0.228579 0.086569 0.896789 0.006403 -0.004322 -0.904885 0.000000 
9.500000e-02 1.003103e-01 9.749922e-02 9.498874e-02 1.000000e-01 1.457985e+00 -0.901201 0.115405 0.234250 0.235728 0.229287 0.086532 0.901202 0.005837 -0.005454 -0.906018 0.000000 
9.500000e-02 1.003103e-01 9.749922e-02 9.498734e-02 1.000000e-01 1.464628e+00 -0.905591 0.115669 0.235726 0.237859 0.229926 0.086411 0.905591 0.005274 -0.006581 -0.907147 0.000000 
9.500000e-02 1.003103e-01 9.749922e-02 9.498579e-02 1.000000e-01 1.471237e+00 -0.909958 0.115825 0.237243 0.240245 0.230471 0.086174 0.909958 0.004713 -0.007703 -0.908269 0.000000 
9.500000e-02 1.003103e-01 9.749922e-02 9.498406e-02 1.000000e-01 1.477810e+00 -0.914302 0.115858 0.238800 0.242919 0.230914 0.085812 0.914302 0.004156 -0.008818 -0.909385 0.000000 
9.500000e-02 1.003103e-01 9.749922e-02 9.498216e-02 1.000000e-01 1.484348e+00 -0.918622 0.115746 0.240399 0.245930 0.231238 0.085309 0.918622 0.003601 -0.009927 -0.910495 0.000000 
9.500000e-02 1.003103e-01 9.749922e-02 9.498006e-02 1.000000e-01 1.490850e+00 -0.922919 0.115438 0.242048 0.249409 0.231402 0.084623 0.922919 0.003050 -0.011030 -0.911599 0.000000 
9.500000e-02 1.003103e-01 9.749922e-02 9.497777e-02 1.000000e-01 1.497315e+00 -0.927192 0.114892 0.243745 0.253456 0.231373 0.083726 0.927192 0.002501 -0.012127 -0.912697 0.000000 
9.500000e-02 1.003103e-01 9.749922e-02 9.497528e-02 1.000000e-01 1.503743e+00 -0.931440 0.114080 0.245485 0.258154 0.231119 0.082601 0.931440 0.001956 -0.013218 -0.913789 0.000000 
9.500000e-02 1.003103e-01 9.749922e-02 9.497259e-02 1.000000e-01 1.510131e+00 -0.935662 0.112944 0.247260 0.263665 0.230583 0.081211 0.935662 0.001414 -0.014302 -0.914874 0.000000 
9.500000e-02 1.003103e-01 9.749922e-02 9.496973e-02 1.000000e-01 1.516479e+00 -0.939858 0.111359 0.249051 0.270352 0.229630 0.079467 0.939858 0.000876 -0.015379 -0.915952 0.000000 
9.500000e-02 1.003103e-01 9.749922e-02 9.496675e-02 1.000000e-01 1.522787e+00 -0.944028 0.109309 0.250818 0.278318 0.228210 0.077373 0.944028 0.000341 -0.016450 -0.917024 0.000000 
9.500000e-02 1.003103e-01 9.749922e-02 9.496375e-02 1.000000e-01 1.529054e+00 -0.948172 0.106718 0.252503 0.287868 0.226195 0.074888 0.948172 -0.000191 -0.017513 -0.918089 0.000000 
9.500000e-02 1.003103e-01 9.749922e-02 9.496097e-02 1.000000e-01 1.535279e+00 -0.952288 0.103474 0.253999 0.299487 0.223379 0.071949 0.952288 -0.000720 -0.018570 -0.919146 0.000000 
9.500000e-02 1.003103e-01 9.749922e-02 9.495885e-02 1.000000e-01 1.541463e+00 -0.956378 0.099407 0.255092 0.314010 0.219408 0.068461 0.956379 -0.001245 -0.019620 -0.920197 0.000000 
9.500000e-02 1.003103e-01 9.749922e-02 9.495835e-02 1.000000e-01 1.547604e+00 -0.960443 0.094510 0.255540 0.331872 0.214077 0.064445 0.960443 -0.001766 -0.020664 -0.921242 0.000000 
9.500000e-02 1.003103e-01 9.749922e-02 9.496141e-02 1.000000e-01 1.553704e+00 -0.964482 0.088694 0.254931 0.354005 0.206986 0.059867 0.964482 -0.002285 -0.021701 -0.922280 0.000000 
9.500000e-02 1.003103e-01 9.749922e-02 9.497193e-02 1.000000e-01 1.559762e+00 -0.968499 0.081876 0.252627 0.381666 0.197631 0.054700 0.968499 -0.002800 -0.022732 -0.923312 0.000000 
9.500000e-02 1.003103e-01 9.749922e-02 9.499778e-02 1.000000e-01 1.565782e+00 -0.972504 0.073853 0.247179 0.417675 0.184948 0.048850 0.972504 -0.003314 -0.023760 -0.924341 0.000000 
9.500000e-02 1.003103e-01 9.749922e-02 9.505513e-02 1.000000e-01 1.571769e+00 -0.976513 0.064646 0.236906 0.464319 0.168290 0.042353 0.976513 -0.003829 -0.024790 -0.925372 0.000000 
9.500000e-02 1.003103e-01 9.749922e-02 9.517256e-02 1.000000e-01 1.577735e+00 -0.980561 0.054200 0.219104 0.525280 0.146784 0.035193 0.980561 -0.004348 -0.025829 -0.926412 0.000000 
9.500000e-02 1.003103e-01 9.749922e-02 9.539466e-02 1.000000e-01 1.583708e+00 -0.984725 0.042329 0.189387 0.606562 0.119179 0.027268 0.984725 -0.004883 -0.026898 -0.927482 0.000000 
9.500000e-02 1.003103e-01 9.749922e-02 9.576223e-02 1.000000e-01 1.589745e+00 -0.989165 0.028619 0.141291 0.717408 0.083545 0.018302 0.989165 -0.005453 -0.028038 -0.928623 0.000000 
9.500000e-02 1.003103e-01 9.749922e-02 9.620141e-02 1.000000e-01 1.595932e+00 -0.994233 0.011954 0.063445 0.875394 0.035850 0.007591 0.994233 -0.006103 -0.029339 -0.929925 0.000000 
9.500000e-02 1.003103e-01 9.749922e-02 9.627118e-02 1.000000e-01 1.597507e+00 -0.995641 0.007203 0.038511 0.923552 0.021802 0.004572 0.995641 -0.006284 -0.029700 -0.930287 0.000000 
9.500000e-02 1.003103e-01 9.749922e-02 9.627118e-02 1.000000e-01 1.597507e+00 -0.995641 0.007203 0.038511 0.923552 0.021802 0.004572 0.995641 -0.006284 -0.029700 -0.930287 0.000000 
9.500000e-02 1.003103e-01 9.749922e-02 9.627118e-02 1.000000e-01 1.597507e+00 -0.995641 0.007203 0.038511 0.923552 0.021802 0.004572 0.995641 -0.006284 -0.029700 -0.930287 0.000000 
9.500000e-02 1.003103e-01 9.749922e-02 9.627118e-02 1.000000e-01 1.597507e+00 -0.995641 0.007203 0.038511 0.923552 0.021802 0.004572 0.995641 -0.006284 -0.029700 -0.930287 0.000000 
9.500000e-02 1.003103e-01 9.749922e-02 9.627118e-02 1.000000e-01 1.597507e+00 -0.995641 0.007203 0.038511 0.923552 0.021802 0.004572 0.995641 -0.006284 -0.029700 -0.930287 0.000000 
9.500000e-02 1.003103e-01 9.749922e-02 9.627118e-02 1.000000e-01 1.597507e+00 -0.995641 0.007203 0.038511 0.923552 0.021802 0.004572 0.995641 -0.006284 -0.029700 -0.930287 0.000000 
9.500000e-02 1.003103e-01 9.749922e-02 9.627118e-02 1.000000e-01 1.597507e+00 -0.995641 0.007203 0.038511 0.923552 0.021802 0.004572 0.995641 -0.006284 -0.029700 -0.930287 0.000000 
9.500000e-02 1.003103e-01 9.749922e-02 9.627118e-02 1.000000e-01 1.597507e+00 -0.995641 0.007203 0.038511 0.923552 0.021802 0.004572 0.995641 -0.006284 -0.029700 -0.930287 0.000000 
9.500000e-02 1.003103e-01 9.749922e-02 9.627118e-02 1.000000e-01 1.597507e+00 -0.995641 0.007203 0.038511 0.923552 0.021802 0.004572 0.995641 -0.006284 -0.029700 -0.930287 0.000000 
9.500000e-02 1.003103e-01 9.749922e-02 9.627118e-02 1.000000e-01 1.597507e+00 -0.995641 0.007203 0.038511 0.923552 0.021802 0.004572 0.995641 -0.006284 -0.029700 -0.930287 0.000000 
9.500000e-02 1.003103e-01 9.749922e-02 9.627118e-02 1.000000e-01 1.597507e+00 -0.995641 0.007203 0.038511 0.923552 0.021802 0.004572 0.995641 -0.006284 -0.029700 -0.930287 0.000000 
9.500000e-02 1.003103e-01 9.749922e-02 9.627118e-02 1.000000e-01 1.597507e+00 -0.995641 0.007203 0.038511 0.923552 0.021802 0.004572 0.995641 -0.006284 -0.029700 -0.930287 0.000000 
9.500000e-02 1.003103e-01 9.749922e-02 9.627118e-02 1.000000e-01 1.597507e+00 -0.995641 0.007203 0.038511 0.923552 0.021802 0.004572 0.995641 -0.006284 -0.029700 -0.930287 0.000000 
9.500000e-02 1.003103e-01 9.749922e-02 9.627118e-02 1.000000e-01 1.597507e+00 -0.995641 0.007203 0.038511 0.923552 0.021802 0.004572 0.995641 -0.006284 -0.029700 -0.930287 0.000000 
9.500000e-02 1.003103e-01 9.749922e-02 9.627118e-02 1.000000e-01 1.597507e+00 -0.995641 0.007203 0.038511 0.923552 0.021802 0.004572 0.995641 -0.006284 -0.029700 -0.930287 0.000000 
9.500000e-02 1.003103e-01 9.749922e-02 9.627118e-02 1.000000e-01 1.597507e+00 -0.995641 0.007203 0.038511 0.923552 0.021802 0.004572 0.995641 -0.006284 -0.029700 -0.930287 0.000000 
9.500000e-02 1.003103e-01 9.749922e-02 9.627118e-02 1.000000e-01 1.597507e+00 -0.995641 0.007203 0.038511 0.923552 0.021802 0.004572 0.995641 -0.006284 -0.029700 -0.930287 0.000000 
9.500000e-02 1.003103e-01 9.749922e-02 9.627118e-02 1.000000e-01 1.597507e+00 -0.995641 0.007203 0.038511 0.923552 0.021802 0.004572 0.995641 -0.006284 -0.029700 -0.930287 0.000000 
9.500000e-02 1.003103e-01 9.749922e-02 9.627118e-02 1.000000e-01 1.597507e+00 -0.995641 0.007203 0.038511 0.923552 0.021802 0.004572 0.995641 -0.006284 -0.029700 -0.930287 0.000000 
9.500000e-02 1.003103e-01 9.749922e-02 9.627118e-02 1.000000e-01 1.597507e+00 -0.995641 0.007203 0.038511 0.923552 0.021802 0.004572 0.995641 -0.006284 -0.029700 -0.930287 0.000000 
9.500000e-02 1.003103e-01 9.749922e-02 9.627118e-02 1.000000e-01 1.597507e+00 -0.995641 0.007203 0.038511 0.923552 0.021802 0.004572 0.995641 -0.006284 -0.029700 -0.930287 0.000000 
9.500000e-02 1.003103e-01 9.749922e-02 9.627118e-02 1.000000e-01 1.597507e+00 -0.995641 0.007203 0.038511 0.923552 0.021802 0.004572 0.995641 -0.006284 -0.029700 -0.930287 0.000000 
9.500000e-02 1.003103e-01 9.749922e-02 9.627118e-02 1.000000e-01 1.597507e+00 -0.995641 0.007203 0.038511 0.923552 0.021802 0.004572 0.995641 -0.006284 -0.029700 -0.930287 0.000000 
9.500000e-02 1.003103e-01 9.749922e-02 9.627118e-02 1.000000e-01 1.597507e+00 -0.995641 0.007203 0.038511 0.923552 0.021802 0.004572 0.995641 -0.006284 -0.029700 -0.930287 0.000000 
9.500000e-02 1.003103e-01 9.749922e-02 9.627118e-02 1.000000e-01 1.597507e+00 -0.995641 0.007203 0.038511 0.923552 0.021802 0.004572 0.995641 -0.006284 -0.029700 -0.930287 0.000000 
9.500000e-02 1.003103e-01 9.749922e-02 9.627118e-02 1.000000e-01 1.597507e+00 -0.995641 0.007203 0.038511 0.923552 0.021802 0.004572 0.995641 -0.006284 -0.029700 -0.930287 0.000000 
9.500000e-02 1.003103e-01 9.749922e-02 9.627118e-02 1.000000e-01 1.597507e+00 -0.995641 0.007203 0.038511 0.923552 0.021802 0.004572 0.995641 -0.006284 -0.029700 -0.930287 0.000000 
9.500000e-02 1.003103e-01 9.749922e-02 9.627118e-02 1.000000e-01 1.597507e+00 -0.995641 0.007203 0.038511 0.923552 0.021802 0.004572 0.995641 -0.006284 -0.029700 -0.930287 0.000000 
9.500000e-02 1.003103e-01 9.749922e-02 9.627118e-02 1.000000e-01 1.597507e+00 -0.995641 0.007203 0.038511 0.923552 0.021802 0.004572 0.995641 -0.006284 -0.029700 -0.930287 0.000000 
9.500000e-02 1.003103e-01 9.749922e-02 9.627118e-02 1.000000e-01 1.597507e+00 -0.995641 0.007203 0.038511 0.923552 0.021802 0.004572 0.995641 -0.006284 -0.029700 -0.930287 0.000000 
9.500000e-02 1.003103e-01 9.749922e-02 9.627118e-02 1.000000e-01 1.597507e+00 -0.995641 0.007203 0.038511 0.923552 0.021802 0.004572 0.995641 -0.006284 -0.029700 -0.930287 0.000000 
9.500000e-02 1.003103e-01 9.749922e-02 9.627118e-02 1.000000e-01 1.597507e+00 -0.995641 0.007203 0.038511 0.923552 0.021802 0.004572 0.995641 -0.006284 -0.029700 -0.930287 0.000000 
9.500000e-02 1.003103e-01 9.749922e-02 9.627118e-02 1.000000e-01 1.597507e+00 -0.995641 0.007203 0.038511 0.923552 0.021802 0.004572 0.995641 -0.006284 -0.029700 -0.930287 0.000000 
9.500000e-02 1.003103e-01 9.749922e-02 9.627118e-02 1.000000e-01 1.597507e+00 -0.995641 0.007203 0.038511 0.923552 0.021802 0.004572 0.995641 -0.006284 -0.029700 -0.930287 0.000000 
9.500000e-02 1.003103e-01 9.749922e-02 9.627118e-02 1.000000e-01 1.597507e+00 -0.995641 0.007203 0.038511 0.923552 0.021802 0.004572 0.995641 -0.006284 -0.029700 -0.930287 0.000000 
9.500000e-02 1.003103e-01 9.749922e-02 9.627118e-02 1.000000e-01 1.597507e+00 -0.995641 0.007203 0.038511 0.923552 0.021802 0.004572 0.995641 -0.006284 -0.029700 -0.930287 0.000000 
9.500000e-02 1.003103e-01 9.749922e-02 9.627118e-02 1.000000e-01 1.597507e+00 -0.995641 0.007203 0.038511 0.923552 0.021802 0.004572 0.995641 -0.006284 -0.029700 -0.930287 0.000000 
9.500000e-02 1.003103e-01 9.749922e-02 9.627118e-02 1.000000e-01 1.597507e+00 -0.995641 0.007203 0.038511 0.923552 0.021802 0.004572 0.995641 -0.006284 -0.029700 -0.930287 0.000000 
9.500000e-02 1.003103e-01 9.749922e-02 9.627118e-02 1.000000e-01 1.597507e+00 -0.995641 0.007203 0.038511 0.923552 0.021802 0.004572 0.995641 -0.006284 -0.029700 -0.930287 0.000000 
9.500000e-02 1.003103e-01 9.749922e-02 9.627118e-02 1.000000e-01 1.597507e+00 -0.995641 0.007203 0.038511 0.923552 0.021802 0.004572 0.995641 -0.006284 -0.029700 -0.930287 0.000000 
9.500000e-02 1.003103e-01 9.749922e-02 9.627118e-02 1.000000e-01 1.597507e+00 -0.995641 0.007203 0.038511 0.923552 0.021802 0.004572 0.995641 -0.006284 -0.029700 -0.930287 0.000000 
9.500000e-02 1.003103e-01 9.749922e-02 9.627118e-02 1.000000e-01 1.597507e+00 -0.995641 0.007203 0.038511 0.923552 0.021802 0.004572 0.995641 -0.006284 -0.029700 -0.930287 0.000000 
9.500000e-02 1.003103e-01 9.749922e-02 9.627118e-02 1.000000e-01 1.597507e+00 -0.995641 0.007203 0.038511 0.923552 0.021802 0.004572 0.995641 -0.006284 -0.029700 -0.930287 0.000000 
9.500000e-02 1.003103e-01 9.749922e-02 9.627118e-02 1.000000e-01 1.597507e+00 -0.995641 0.007203 0.038511 0.923552 0.021802 0.004572 0.995641 -0.006284 -0.029700 -0.930287 0.000000 
9.500000e-02 1.003103e-01 9.749922e-02 9.627118e-02 1.000000e-01 1.597507e+00 -0.995641 0.007203 0.038511 0.923552 0.021802 0.004572 0.995641 -0.006284 -0.029700 -0.930287 0.000000 
9.500000e-02 1.003103e-01 9.749922e-02 9.627118e-02 1.000000e-01 1.597507e+00 -0.995641 0.007203 0.038511 0.923552 0.021802 0.004572 0.995641 -0.006284 -0.029700 -0.930287 0.000000 
9.500000e-02 1.003103e-01 9.749922e-02 9.627118e-02 1.000000e-01 1.597507e+00 -0.995641 0.007203 0.038511 0.923552 0.021802 0.004572 0.995641 -0.006284 -0.029700 -0.930287 0.000000 
9.500000e-02 1.003103e-01 9.749922e-02 9.627118e-02 1.000000e-01 1.597507e+00 -0.995641 0.007203 0.038511 0.923552 0.021802 0.004572 0.995641 -0.006284 -0.029700 -0.930287 0.000000 
9.500000e-02 1.003103e-01 9.749922e-02 9.627118e-02 1.000000e-01 1.597507e+00 -0.995641 0.007203 0.038511 0.923552 0.021802 0.004572 0.995641 -0.006284 -0.029700 -0.930287 0.000000 
9.500000e-02 1.003103e-01 9.749922e-02 9.627118e-02 1.000000e-01 1.597507e+00 -0.995641 0.007203 0.038511 0.923552 0.021802 0.004572 0.995641 -0.006284 -0.029700 -0.930287 0.000000 
9.500000e-02 1.003103e-01 9.749922e-02 9.627118e-02 1.000000e-01 1.597507e+00 -0.995641 0.007203 0.038511 0.923552 0.021802 0.004572 0.995641 -0.006284 -0.029700 -0.930287 0.000000 
9.500000e-02 1.003103e-01 9.749922e-02 9.627118e-02 1.000000e-01 1.597507e+00 -0.995641 0.007203 0.038511 0.923552 0.021802 0.004572 0.995641 -0.006284 -0.029700 -0.930287 0.000000 
9.500000e-02 1.003103e-01 9.749922e-02 9.627118e-02 1.000000e-01 1.597507e+00 -0.995641 0.007203 0.038511 0.923552 0.021802 0.004572 0.995641 -0.006284 -0.029700 -0.930287 0.000000 
9.500000e-02 1.003103e-01 9.749922e-02 9.627118e-02 1.000000e-01 1.597507e+00 -0.995641 0.007203 0.038511 0.923552 0.021802 0.004572 0.995641 -0.006284 -0.029700 -0.930287 0.000000 
9.500000e-02 1.003103e-01 9.749922e-02 9.627118e-02 1.000000e-01 1.597507e+00 -0.995641 0.007203 0.038511 0.923552 0.021802 0.004572 0.995641 -0.006284 -0.029700 -0.930287 0.000000 
9.500000e-02 1.003103e-01 9.749922e-02 9.627118e-02 1.000000e-01 1.597507e+00 -0.995641 0.007203 0.038511 0.923552 0.021802 0.004572 0.995641 -0.006284 -0.029700 -0.930287 0.000000 
9.500000e-02 1.003103e-01 9.749922e-02 9.627118e-02 1.000000e-01 1.597507e+00 -0.995641 0.007203 0.038511 0.923552 0.021802 0.004572 0.995641 -0.006284 -0.029700 -0.930287 0.000000 
9.500000e-02 1.003103e-01 9.749922e-02 9.627118e-02 1.000000e-01 1.597507e+00 -0.995641 0.007203 0.038511 0.923552 0.021802 0.004572 0.995641 -0.006284 -0.029700 -0.930287 0.000000 
9.500000e-02 1.003103e-01 9.749922e-02 9.627118e-02 1.000000e-01 1.597507e+00 -0.995641 0.007203 0.038511 0.923552 0.021802 0.004572 0.995641 -0.006284 -0.029700 -0.930287 0.000000 
9.500000e-02 1.003103e-01 9.749922e-02 9.627118e-02 1.000000e-01 1.597507e+00 -0.995641 0.007203 0.038511 0.923552 0.021802 0.004572 0.995641 -0.006284 -0.029700 -0.930287 0.000000 
9.500000e-02 1.003103e-01 9.749922e-02 9.627118e-02 1.000000e-01 1.597507e+00 -0.995641 0.007203 0.038511 0.923552 0.021802 0.004572 0.995641 -0.006284 -0.029700 -0.930287 0.000000 
9.500000e-02 1.003103e-01 9.749922e-02 9.627118e-02 1.000000e-01 1.597507e+00 -0.995641 0.007203 0.038511 0.923552 0.021802 0.004572 0.995641 -0.006284 -0.029700 -0.930287 0.000000 
9.500000e-02 1.003103e-01 9.749922e-02 9.627118e-02 1.000000e-01 1.597507e+00 -0.995641 0.007203 0.038511 0.923552 0.021802 0.004572 0.995641 -0.006284 -0.029700 -0.930287 0.000000 
9.500000e-02 1.003103e-01 9.749922e-02 9.627118e-02 1.000000e-01 1.597507e+00 -0.995641 0.007203 0.038511 0.923552 0.021802 0.004572 0.995641 -0.006284 -0.029700 -0.930287 0.000000 
9.500000e-02 1.003103e-01 9.749922e-02 9.627118e-02 1.000000e-01 1.597507e+00 -0.995641 0.007203 0.038511 0.923552 0.021802 0.004572 0.995641 -0.006284 -0.029700 -0.930287 0.000000 
9.500000e-02 1.003103e-01 9.749922e-02 9.627118e-02 1.000000e-01 1.597507e+00 -0.995641 0.007203 0.038511 0.923552 0.021802 0.004572 0.995641 -0.006284 -0.029700 -0.930287 0.000000 
9.500000e-02 1.003103e-01 9.749922e-02 9.627118e-02 1.000000e-01 1.597507e+00 -0.995641 0.007203 0.038511 0.923552 0.021802 0.004572 0.995641 -0.006284 -0.029700 -0.930287 0.000000 
9.500000e-02 1.003103e-01 9.749922e-02 9.627118e-02 1.000000e-01 1.597507e+00 -0.995641 0.007203 0.038511 0.923552 0.021802 0.004572 0.995641 -0.006284 -0.029700 -0.930287 0.000000 
9.500000e-02 1.003103e-01 9.749922e-02 9.627118e-02 1.000000e-01 1.597507e+00 -0.995641 0.007203 0.038511 0.923552 0.021802 0.004572 0.995641 -0.006284 -0.029700 -0.930287 0.000000 
9.500000e-02 1.003103e-01 9.749922e-02 9.627118e-02 1.000000e-01 1.597507e+00 -0.995641 0.007203 0.038511 0.923552 0.021802 0.004572 0.995641 -0.006284 -0.029700 -0.930287 0.000000 
9.500000e-02 1.003103e-01 9.749922e-02 9.627118e-02 1.000000e-01 1.597507e+00 -0.995641 0.007203 0.038511 0.923552 0.021802 0.004572 0.995641 -0.006284 -0.029700 -0.930287 0.000000 
9.500000e-02 1.003103e-01 9.749922e-02 9.627118e-02 1.000000e-01 1.597507e+00 -0.995641 0.007203 0.038511 0.923552 0.021802 0.004572 0.995641 -0.006284 -0.029700 -0.930287 0.000000 
9.500000e-02 1.003103e-01 9.749922e-02 9.627118e-02 1.000000e-01 1.597507e+00 -0.995641 0.007203 0.038511 0.923552 0.021802 0.004572 0.995641 -0.006284 -0.029700 -0.930287 0.000000 
9.500000e-02 1.003103e-01 9.749922e-02 9.627118e-02 1.000000e-01 1.597507e+00 -0.995641 0.007203 0.038511 0.923552 0.021802 0.004572 0.995641 -0.006284 -0.029700 -0.930287 0.000000 
9.500000e-02 1.003103e-01 9.749922e-02 9.627118e-02 1.000000e-01 1.597507e+00 -0.995641 0.007203 0.038511 0.923552 0.021802 0.004572 0.995641 -0.006284 -0.029700 -0.930287 0.000000 
9.500000e-02 1.003103e-01 9.749922e-02 9.627118e-02 1.000000e-01 1.597507e+00 -0.995641 0.007203 0.038511 0.923552 0.021802 0.004572 0.995641 -0.006284 -0.029700 -0.930287 0.000000 
9.500000e-02 1.003103e-01 9.749922e-02 9.627118e-02 1.000000e-01 1.597507e+00 -0.995641 0.007203 0.038511 0.923552 0.021802 0.004572 0.995641 -0.006284 -0.029700 -0.930287 0.000000 
9.500000e-02 1.003103e-01 9.749922e-02 9.627118e-02 1.000000e-01 1.597507e+00 -0.995641 0.007203 0.038511 0.923552 0.021802 0.004572 0.995641 -0.006284 -0.029700 -0.930287 0.000000 
9.500000e-02 1.003103e-01 9.749922e-02 9.627118e-02 1.000000e-01 1.597507e+00 -0.995641 0.007203 0.038511 0.923552 0.021802 0.004572 0.995641 -0.006284 -0.029700 -0.930287 0.000000 
9.500000e-02 1.003103e-01 9.749922e-02 9.627118e-02 1.000000e-01 1.597507e+00 -0.995641 0.007203 0.038511 0.923552 0.021802 0.004572 0.995641 -0.006284 -0.029700 -0.930287 0.000000 
9.500000e-02 1.003103e-01 9.749922e-02 9.627118e-02 1.000000e-01 1.597507e+00 -0.995641 0.007203 0.038511 0.923552 0.021802 0.004572 0.995641 -0.006284 -0.029700 -0.930287 0.000000 
9.500000e-02 1.003103e-01 9.749922e-02 9.627118e-02 1.000000e-01 1.597507e+00 -0.995641 0.007203 0.038511 0.923552 0.021802 0.004572 0.995641 -0.006284 -0.029700 -0.930287 0.000000 
9.500000e-02 1.003103e-01 9.749922e-02 9.627118e-02 1.000000e-01 1.597507e+00 -0.995641 0.007203 0.038511 0.923552 0.021802 0.004572 0.995641 -0.006284 -0.029700 -0.930287 0.000000 
9.500000e-02 1.003103e-01 9.749922e-02 9.627118e-02 1.000000e-01 1.597507e+00 -0.995641 0.007203 0.038511 0.923552 0.021802 0.004572 0.995641 -0.006284 -0.029700 -0.930287 0.000000 
9.500000e-02 1.003103e-01 9.749922e-02 9.627118e-02 1.000000e-01 1.597507e+00 -0.995641 0.007203 0.038511 0.923552 0.021802 0.004572 0.995641 -0.006284 -0.029700 -0.930287 0.000000 
9.500000e-02 1.003103e-01 9.749922e-02 9.627118e-02 1.000000e-01 1.597507e+00 -0.995641 0.007203 0.038511 0.923552 0.021802 0.004572 0.995641 -0.006284 -0.029700 -0.930287 0.000000 
9.500000e-02 1.003103e-01 9.749922e-02 9.627118e-02 1.000000e-01 1.597507e+00 -0.995641 0.007203 0.038511 0.923552 0.021802 0.004572 0.995641 -0.006284 -0.029700 -0.930287 0.000000 
9.500000e-02 1.003103e-01 9.749922e-02 9.627118e-02 1.000000e-01 1.597507e+00 -0.995641 0.007203 0.038511 0.923552 0.021802 0.004572 0.995641 -0.006284 -0.029700 -0.930287 0.000000 
9.500000e-02 1.003103e-01 9.749922e-02 9.627118e-02 1.000000e-01 1.597507e+00 -0.995641 0.007203 0.038511 0.923552 0.021802 0.004572 0.995641 -0.006284 -0.029700 -0.930287 0.000000 
9.500000e-02 1.003103e-01 9.749922e-02 9.627118e-02 1.000000e-01 1.597507e+00 -0.995641 0.007203 0.038511 0.923552 0.021802 0.004572 0.995641 -0.006284 -0.029700 -0.930287 0.000000 
9.500000e-02 1.003103e-01 9.749922e-02 9.627118e-02 1.000000e-01 1.597507e+00 -0.995641 0.007203 0.038511 0.923552 0.021802 0.004572 0.995641 -0.006284 -0.029700 -0.930287 0.000000 
9.500000e-02 1.003103e-01 9.749922e-02 9.627118e-02 1.000000e-01 1.597507e+00 -0.995641 0.007203 0.038511 0.923552 0.021802 0.004572 0.995641 -0.006284 -0.029700 -0.930287 0.000000 
9.500000e-02 1.003103e-01 9.749922e-02 9.627118e-02 1.000000e-01 1.597507e+00 -0.995641 0.007203 0.038511 0.923552 0.021802 0.004572 0.995641 -0.006284 -0.029700 -0.930287 0.000000 
9.500000e-02 1.003103e-01 9.749922e-02 9.627118e-02 1.000000e-01 1.597507e+00 -0.995641 0.007203 0.038511 0.923552 0.021802 0.004572 0.995641 -0.006284 -0.029700 -0.930287 0.000000 
9.500000e-02 1.003103e-01 9.749922e-02 9.627118e-02 1.000000e-01 1.597507e+00 -0.995641 0.007203 0.038511 0.923552 0.021802 0.004572 0.995641 -0.006284 -0.029700 -0.930287 0.000000 
9.500000e-02 1.003103e-01 9.749922e-02 9.627118e-02 1.000000e-01 1.597507e+00 -0.995641 0.007203 0.038511 0.923552 0.021802 0.004572 0.995641 -0.006284 -0.029700 -0.930287 0.000000 
9.500000e-02 1.003103e-01 9.749922e-02 9.627118e-02 1.000000e-01 1.597507e+00 -0.995641 0.007203 0.038511 0.923552 0.021802 0.004572 0.995641 -0.006284 -0.029700 -0.930287 0.000000 
9.500000e-02 1.003103e-01 9.749922e-02 9.627118e-02 1.000000e-01 1.597507e+00 -0.995641 0.007203 0.038511 0.923552 0.021802 0.004572 0.995641 -0.006284 -0.029700 -0.930287 0.000000 
9.500000e-02 1.003103e-01 9.749922e-02 9.627118e-02 1.000000e-01 1.597507e+00 -0.995641 0.007203 0.038511 0.923552 0.021802 0.004572 0.995641 -0.006284 -0.029700 -0.930287 0.000000 
9.500000e-02 1.003103e-01 9.749922e-02 9.627118e-02 1.000000e-01 1.597507e+00 -0.995641 0.007203 0.038511 0.923552 0.021802 0.004572 0.995641 -0.006284 -0.029700 -0.930287 0.000000 
9.500000e-02 1.003103e-01 9.749922e-02 9.627118e-02 1.000000e-01 1.597507e+00 -0.995641 0.007203 0.038511 0.923552 0.021802 0.004572 0.995641 -0.006284 -0.029700 -0.930287 0.000000 
9.500000e-02 1.003103e-01 9.749922e-02 9.627118e-02 1.000000e-01 1.597507e+00 -0.995641 0.007203 0.038511 0.923552 0.021802 0.004572 0.995641 -0.006284 -0.029700 -0.930287 0.000000 
9.500000e-02 1.003103e-01 9.749922e-02 9.627118e-02 1.000000e-01 1.597507e+00 -0.995641 0.007203 0.038511 0.923552 0.021802 0.004572 0.995641 -0.006284 -0.029700 -0.930287 0.000000 
9.500000e-02 1.003103e-01 9.749922e-02 9.627118e-02 1.000000e-01 1.597507e+00 -0.995641 0.007203 0.038511 0.923552 0.021802 0.004572 0.995641 -0.006284 -0.029700 -0.930287 0.000000 
9.500000e-02 1.003103e-01 9.749922e-02 9.627118e-02 1.000000e-01 1.597507e+00 -0.995641 0.007203 0.038511 0.923552 0.021802 0.004572 0.995641 -0.006284 -0.029700 -0.930287 0.000000 
9.500000e-02 1.003103e-01 9.749922e-02 9.627118e-02 1.000000e-01 1.597507e+00 -0.995641 0.007203 0.038511 0.923552 0.021802 0.004572 0.995641 -0.006284 -0.029700 -0.930287 0.000000 
9.500000e-02 1.003103e-01 9.749922e-02 9.627118e-02 1.000000e-01 1.597507e+00 -0.995641 0.007203 0.038511 0.923552 0.021802 0.004572 0.995641 -0.006284 -0.029700 -0.930287 0.000000 
9.500000e-02 1.003103e-01 9.749922e-02 9.627118e-02 1.000000e-01 1.597507e+00 -0.995641 0.007203 0.038511 0.923552 0.021802 0.004572 0.995641 -0.006284 -0.029700 -0.930287 0.000000 
9.500000e-02 1.003103e-01 9.749922e-02 9.627118e-02 1.000000e-01 1.597507e+00 -0.995641 0.007203 0.038511 0.923552 0.021802 0.004572 0.995641 -0.006284 -0.029700 -0.930287 0.000000 
9.500000e-02 1.003103e-01 9.749922e-02 9.627118e-02 1.000000e-01 1.597507e+00 -0.995641 0.007203 0.038511 0.923552 0.021802 0.004572 0.995641 -0.006284 -0.029700 -0.930287 0.000000 
9.500000e-02 1.003103e-01 9.749922e-02 9.627118e-02 1.000000e-01 1.597507e+00 -0.995641 0.007203 0.038511 0.923552 0.021802 0.004572 0.995641 -0.006284 -0.029700 -0.930287 0.000000 
9.500000e-02 1.003103e-01 9.749922e-02 9.627118e-02 1.000000e-01 1.597507e+00 -0.995641 0.007203 0.038511 0.923552 0.021802 0.004572 0.995641 -0.006284 -0.029700 -0.930287 0.000000 
9.500000e-02 1.003103e-01 9.749922e-02 9.627118e-02 1.000000e-01 1.597507e+00 -0.995641 0.007203 0.038511 0.923552 0.021802 0.004572 0.995641 -0.006284 -0.029700 -0.930287 0.000000 
9.500000e-02 1.003103e-01 9.749922e-02 9.627118e-02 1.000000e-01 1.597507e+00 -0.995641 0.007203 0.038511 0.923552 0.021802 0.004572 0.995641 -0.006284 -0.029700 -0.930287 0.000000 
9.500000e-02 1.003103e-01 9.749922e-02 9.627118e-02 1.000000e-01 1.597507e+00 -0.995641 0.007203 0.038511 0.923552 0.021802 0.004572 0.995641 -0.006284 -0.029700 -0.930287 0.000000 
9.500000e-02 1.003103e-01 9.749922e-02 9.627118e-02 1.000000e-01 1.597507e+00 -0.995641 0.007203 0.038511 0.923552 0.021802 0.004572 0.995641 -0.006284 -0.029700 -0.930287 0.000000 
9.500000e-02 1.003103e-01 9.749922e-02 9.627118e-02 1.000000e-01 1.597507e+00 -0.995641 0.007203 0.038511 0.923552 0.021802 0.004572 0.995641 -0.006284 -0.029700 -0.930287 0.000000 
9.500000e-02 1.003103e-01 9.749922e-02 9.627118e-02 1.000000e-01 1.597507e+00 -0.995641 0.007203 0.038511 0.923552 0.021802 0.004572 0.995641 -0.006284 -0.029700 -0.930287 0.000000 
9.500000e-02 1.003103e-01 9.749922e-02 9.627118e-02 1.000000e-01 1.597507e+00 -0.995641 0.007203 0.038511 0.923552 0.021802 0.004572 0.995641 -0.006284 -0.029700 -0.930287 0.000000 
9.500000e-02 1.003103e-01 9.749922e-02 9.627118e-02 1.000000e-01 1.597507e+00 -0.995641 0.007203 0.038511 0.923552 0.021802 0.004572 0.995641 -0.006284 -0.029700 -0.930287 0.000000 
9.500000e-02 1.003103e-01 9.749922e-02 9.627118e-02 1.000000e-01 1.597507e+00 -0.995641 0.007203 0.038511 0.923552 0.021802 0.004572 0.995641 -0.006284 -0.029700 -0.930287 0.000000 
9.500000e-02 1.003103e-01 9.749922e-02 9.627118e-02 1.000000e-01 1.597507e+00 -0.995641 0.007203 0.038511 0.923552 0.021802 0.004572 0.995641 -0.006284 -0.029700 -0.930287 0.000000 
9.500000e-02 1.003103e-01 9.749922e-02 9.627118e-02 1.000000e-01 1.597507e+00 -0.995641 0.007203 0.038511 0.923552 0.021802 0.004572 0.995641 -0.006284 -0.029700 -0.930287 0.000000 
9.500000e-02 1.003103e-01 9.749922e-02 9.627118e-02 1.000000e-01 1.597507e+00 -0.995641 0.007203 0.038511 0.923552 0.021802 0.004572 0.995641 -0.006284 -0.029700 -0.930287 0.000000 
9.500000e-02 1.003103e-01 9.749922e-02 9.627118e-02 1.000000e-01 1.597507e+00 -0.995641 0.007203 0.038511 0.923552 0.021802 0.004572 0.995641 -0.006284 -0.029700 -0.930287 0.000000 
9.500000e-02 1.003103e-01 9.749922e-02 9.627118e-02 1.000000e-01 1.597507e+00 -0.995641 0.007203 0.038511 0.923552 0.021802 0.004572 0.995641 -0.006284 -0.029700 -0.930287 0.000000 
9.500000e-02 1.003103e-01 9.749922e-02 9.627118e-02 1.000000e-01 1.597507e+00 -0.995641 0.007203 0.038511 0.923552 0.021802 0.004572 0.995641 -0.006284 -0.029700 -0.930287 0.000000 
9.500000e-02 1.003103e-01 9.749922e-02 9.627118e-02 1.000000e-01 1.597507e+00 -0.995641 0.007203 0.038511 0.923552 0.021802 0.004572 0.995641 -0.006284 -0.029700 -0.930287 0.000000 
9.500000e-02 1.003103e-01 9.749922e-02 9.627118e-02 1.000000e-01 1.597507e+00 -0.995641 0.007203 0.038511 0.923552 0.021802 0.004572 0.995641 -0.006284 -0.029700 -0.930287 0.000000 
9.500000e-02 1.003103e-01 9.749922e-02 9.627118e-02 1.000000e-01 1.597507e+00 -0.995641 0.007203 0.038511 0.923552 0.021802 0.004572 0.995641 -0.006284 -0.029700 -0.930287 0.000000 
9.500000e-02 1.003103e-01 9.749922e-02 9.627118e-02 1.000000e-01 1.597507e+00 -0.995641 0.007203 0.038511 0.923552 0.021802 0.004572 0.995641 -0.006284 -0.029700 -0.930287 0.000000 
9.500000e-02 1.003103e-01 9.749922e-02 9.627118e-02 1.000000e-01 1.597507e+00 -0.995641 0.007203 0.038511 0.923552 0.021802 0.004572 0.995641 -0.006284 -0.029700 -0.930287 0.000000 
9.500000e-02 1.003103e-01 9.749922e-02 9.627118e-02 1.000000e-01 1.597507e+00 -0.995641 0.007203 0.038511 0.923552 0.021802 0.004572 0.995641 -0.006284 -0.029700 -0.930287 0.000000 
9.500000e-02 1.003103e-01 9.749922e-02 9.627118e-02 1.000000e-01 1.597507e+00 -0.995641 0.007203 0.038511 0.923552 0.021802 0.004572 0.995641 -0.006284 -0.029700 -0.930287 0.000000 
9.500000e-02 1.003103e-01 9.749922e-02 9.627118e-02 1.000000e-01 1.597507e+00 -0.995641 0.007203 0.038511 0.923552 0.021802 0.004572 0.995641 -0.006284 -0.029700 -0.930287 0.000000 
9.500000e-02 1.003103e-01 9.749922e-02 9.627118e-02 1.000000e-01 1.597507e+00 -0.995641 0.007203 0.038511 0.923552 0.021802 0.004572 0.995641 -0.006284 -0.029700 -0.930287 0.000000 
9.500000e-02 1.003103e-01 9.749922e-02 9.627118e-02 1.000000e-01 1.597507e+00 -0.995641 0.007203 0.038511 0.923552 0.021802 0.004572 0.995641 -0.006284 -0.029700 -0.930287 0.000000 
9.500000e-02 1.003103e-01 9.749922e-02 9.627118e-02 1.000000e-01 1.597507e+00 -0.995641 0.007203 0.038511 0.923552 0.021802 0.004572 0.995641 -0.006284 -0.029700 -0.930287 0.000000 
9.500000e-02 1.003103e-01 9.749922e-02 9.627118e-02 1.000000e-01 1.597507e+00 -0.995641 0.007203 0.038511 0.923552 0.021802 0.004572 0.995641 -0.006284 -0.029700 -0.930287 0.000000 
9.500000e-02 1.003103e-01 9.749922e-02 9.627118e-02 1.000000e-01 1.597507e+00 -0.995641 0.007203 0.038511 0.923552 0.021802 0.004572 0.995641 -0.006284 -0.029700 -0.930287 0.000000 
9.500000e-02 1.003103e-01 9.749922e-02 9.627118e-02 1.000000e-01 1.597507e+00 -0.995641 0.007203 0.038511 0.923552 0.021802 0.004572 0.995641 -0.006284 -0.029700 -0.930287 0.000000 
9.500000e-02 1.003103e-01 9.749922e-02 9.627118e-02 1.000000e-01 1.597507e+00 -0.995641 0.007203 0.038511 0.923552 0.021802 0.004572 0.995641 -0.006284 -0.029700 -0.930287 0.000000 
9.500000e-02 1.003103e-01 9.749922e-02 9.627118e-02 1.000000e-01 1.597507e+00 -0.995641 0.007203 0.038511 0.923552 0.021802 0.004572 0.995641 -0.006284 -0.029700 -0.930287 0.000000 
9.500000e-02 1.003103e-01 9.749922e-02 9.627118e-02 1.000000e-01 1.597507e+00 -0.995641 0.007203 0.038511 0.923552 0.021802 0.004572 0.995641 -0.006284 -0.029700 -0.930287 0.000000 
9.500000e-02 1.003103e-01 9.749922e-02 9.627118e-02 1.000000e-01 1.597507e+00 -0.995641 0.007203 0.038511 0.923552 0.021802 0.004572 0.995641 -0.006284 -0.029700 -0.930287 0.000000 
9.500000e-02 1.003103e-01 9.749922e-02 9.627118e-02 1.000000e-01 1.597507e+00 -0.995641 0.007203 0.038511 0.923552 0.021802 0.004572 0.995641 -0.006284 -0.029700 -0.930287 0.000000 
9.500000e-02 1.003103e-01 9.749922e-02 9.627118e-02 1.000000e-01 1.597507e+00 -0.995641 0.007203 0.038511 0.923552 0.021802 0.004572 0.995641 -0.006284 -0.029700 -0.930287 0.000000 
9.500000e-02 1.003103e-01 9.749922e-02 9.627118e-02 1.000000e-01 1.597507e+00 -0.995641 0.007203 0.038511 0.923552 0.021802 0.004572 0.995641 -0.006284 -0.029700 -0.930287 0.000000 
9.500000e-02 1.003103e-01 9.749922e-02 9.627118e-02 1.000000e-01 1.597507e+00 -0.995641 0.007203 0.038511 0.923552 0.021802 0.004572 0.995641 -0.006284 -0.029700 -0.930287 0.000000 
9.500000e-02 1.003103e-01 9.749922e-02 9.627118e-02 1.000000e-01 1.597507e+00 -0.995641 0.007203 0.038511 0.923552 0.021802 0.004572 0.995641 -0.006284 -0.029700 -0.930287 0.000000 
9.500000e-02 1.003103e-01 9.749922e-02 9.627118e-02 1.000000e-01 1.597507e+00 -0.995641 0.007203 0.038511 0.923552 0.021802 0.004572 0.995641 -0.006284 -0.029700 -0.930287 0.000000 
9.500000e-02 1.003103e-01 9.749922e-02 9.627118e-02 1.000000e-01 1.597507e+00 -0.995641 0.007203 0.038511 0.923552 0.021802 0.004572 0.995641 -0.006284 -0.029700 -0.930287 0.000000 
9.500000e-02 1.003103e-01 9.749922e-02 9.627118e-02 1.000000e-01 1.597507e+00 -0.995641 0.007203 0.038511 0.923552 0.021802 0.004572 0.995641 -0.006284 -0.029700 -0.930287 0.000000 
9.500000e-02 1.003103e-01 9.749922e-02 9.627118e-02 1.000000e-01 1.597507e+00 -0.995641 0.007203 0.038511 0.923552 0.021802 0.004572 0.995641 -0.006284 -0.029700 -0.930287 0.000000 
9.500000e-02 1.003103e-01 9.749922e-02 9.627118e-02 1.000000e-01 1.597507e+00 -0.995641 0.007203 0.038511 0.923552 0.021802 0.004572 0.995641 -0.006284 -0.029700 -0.930287 0.000000 
9.500000e-02 1.003103e-01 9.749922e-02 9.627118e-02 1.000000e-01 1.597507e+00 -0.995641 0.007203 0.038511 0.923552 0.021802 0.004572 0.995641 -0.006284 -0.029700 -0.930287 0.000000 
9.500000e-02 1.003103e-01 9.749922e-02 9.627118e-02 1.000000e-01 1.597507e+00 -0.995641 0.007203 0.038511 0.923552 0.021802 0.004572 0.995641 -0.006284 -0.029700 -0.930287 0.000000 
9.500000e-02 1.003103e-01 9.749922e-02 9.627118e-02 1.000000e-01 1.597507e+00 -0.995641 0.007203 0.038511 0.923552 0.021802 0.004572 0.995641 -0.006284 -0.029700 -0.930287 0.000000 
9.500000e-02 1.003103e-01 9.749922e-02 9.627118e-02 1.000000e-01 1.597507e+00 -0.995641 0.007203 0.038511 0.923552 0.021802 0.004572 0.995641 -0.006284 -0.029700 -0.930287 0.000000 
9.500000e-02 1.003103e-01 9.749922e-02 9.627118e-02 1.000000e-01 1.597507e+00 -0.995641 0.007203 0.038511 0.923552 0.021802 0.004572 0.995641 -0.006284 -0.029700 -0.930287 0.000000 
9.500000e-02 1.003103e-01 9.749922e-02 9.627118e-02 1.000000e-01 1.597507e+00 -0.995641 0.007203 0.038511 0.923552 0.021802 0.004572 0.995641 -0.006284 -0.029700 -0.930287 0.000000 
9.500000e-02 1.003103e-01 9.749922e-02 9.627118e-02 1.000000e-01 1.597507e+00 -0.995641 0.007203 0.038511 0.923552 0.021802 0.004572 0.995641 -0.006284 -0.029700 -0.930287 0.000000 
9.500000e-02 1.003103e-01 9.749922e-02 9.627118e-02 1.000000e-01 1.597507e+00 -0.995641 0.007203 0.038511 0.923552 0.021802 0.004572 0.995641 -0.006284 -0.029700 -0.930287 0.000000 
9.500000e-02 1.003103e-01 9.749922e-02 9.627118e-02 1.000000e-01 1.597507e+00 -0.995641 0.007203 0.038511 0.923552 0.021802 0.004572 0.995641 -0.006284 -0.029700 -0.930287 0.000000 
9.500000e-02 1.003103e-01 9.749922e-02 9.627118e-02 1.000000e-01 1.597507e+00 -0.995641 0.007203 0.038511 0.923552 0.021802 0.004572 0.995641 -0.006284 -0.029700 -0.930287 0.000000 
9.500000e-02 1.003103e-01 9.749922e-02 9.627118e-02 1.000000e-01 1.597507e+00 -0.995641 0.007203 0.038511 0.923552 0.021802 0.004572 0.995641 -0.006284 -0.029700 -0.930287 0.000000 
9.500000e-02 1.003103e-01 9.749922e-02 9.627118e-02 1.000000e-01 1.597507e+00 -0.995641 0.007203 0.038511 0.923552 0.021802 0.004572 0.995641 -0.006284 -0.029700 -0.930287 0.000000 
9.500000e-02 1.003103e-01 9.749922e-02 9.627118e-02 1.000000e-01 1.597507e+00 -0.995641 0.007203 0.038511 0.923552 0.021802 0.004572 0.995641 -0.006284 -0.029700 -0.930287 0.000000 
9.500000e-02 1.003103e-01 9.749922e-02 9.627118e-02 1.000000e-01 1.597507e+00 -0.995641 0.007203 0.038511 0.923552 0.021802 0.004572 0.995641 -0.006284 -0.029700 -0.930287 0.000000 
9.500000e-02 1.003103e-01 9.749922e-02 9.627118e-02 1.000000e-01 1.597507e+00 -0.995641 0.007203 0.038511 0.923552 0.021802 0.004572 0.995641 -0.006284 -0.029700 -0.930287 0.000000 
9.500000e-02 1.003103e-01 9.749922e-02 9.627118e-02 1.000000e-01 1.597507e+00 -0.995641 0.007203 0.038511 0.923552 0.021802 0.004572 0.995641 -0.006284 -0.029700 -0.930287 0.000000 
9.500000e-02 1.003103e-01 9.749922e-02 9.627118e-02 1.000000e-01 1.597507e+00 -0.995641 0.007203 0.038511 0.923552 0.021802 0.004572 0.995641 -0.006284 -0.029700 -0.930287 0.000000 
9.500000e-02 1.003103e-01 9.749922e-02 9.627118e-02 1.000000e-01 1.597507e+00 -0.995641 0.007203 0.038511 0.923552 0.021802 0.004572 0.995641 -0.006284 -0.029700 -0.930287 0.000000 
9.500000e-02 1.003103e-01 9.749922e-02 9.627118e-02 1.000000e-01 1.597507e+00 -0.995641 0.007203 0.038511 0.923552 0.021802 0.004572 0.995641 -0.006284 -0.029700 -0.930287 0.000000 
9.500000e-02 1.003103e-01 9.749922e-02 9.627118e-02 1.000000e-01 1.597507e+00 -0.995641 0.007203 0.038511 0.923552 0.021802 0.004572 0.995641 -0.006284 -0.029700 -0.930287 0.000000 
9.500000e-02 1.003103e-01 9.749922e-02 9.627118e-02 1.000000e-01 1.597507e+00 -0.995641 0.007203 0.038511 0.923552 0.021802 0.004572 0.995641 -0.006284 -0.029700 -0.930287 0.000000 
9.500000e-02 1.003103e-01 9.749922e-02 9.627118e-02 1.000000e-01 1.597507e+00 -0.995641 0.007203 0.038511 0.923552 0.021802 0.004572 0.995641 -0.006284 -0.029700 -0.930287 0.000000 
9.500000e-02 1.003103e-01 9.749922e-02 9.627118e-02 1.000000e-01 1.597507e+00 -0.995641 0.007203 0.038511 0.923552 0.021802 0.004572 0.995641 -0.006284 -0.029700 -0.930287 0.000000 
9.500000e-02 1.003103e-01 9.749922e-02 9.627118e-02 1.000000e-01 1.597507e+00 -0.995641 0.007203 0.038511 0.923552 0.021802 0.004572 0.995641 -0.006284 -0.029700 -0.930287 0.000000 
9.500000e-02 1.003103e-01 9.749922e-02 9.627118e-02 1.000000e-01 1.597507e+00 -0.995641 0.007203 0.038511 0.923552 0.021802 0.004572 0.995641 -0.006284 -0.029700 -0.930287 0.000000 
9.500000e-02 1.003103e-01 9.749922e-02 9.627118e-02 1.000000e-01 1.597507e+00 -0.995641 0.007203 0.038511 0.923552 0.021802 0.004572 0.995641 -0.006284 -0.029700 -0.930287 0.000000 
9.500000e-02 1.003103e-01 9.749922e-02 9.627118e-02 1.000000e-01 1.597507e+00 -0.995641 0.007203 0.038511 0.923552 0.021802 0.004572 0.995641 -0.006284 -0.029700 -0.930287 0.000000 
9.500000e-02 1.003103e-01 9.749922e-02 9.627118e-02 1.000000e-01 1.597507e+00 -0.995641 0.007203 0.038511 0.923552 0.021802 0.004572 0.995641 -0.006284 -0.029700 -0.930287 0.000000 
9.500000e-02 1.003103e-01 9.749922e-02 9.627118e-02 1.000000e-01 1.597507e+00 -0.995641 0.007203 0.038511 0.923552 0.021802 0.004572 0.995641 -0.006284 -0.029700 -0.930287 0.000000 
9.500000e-02 1.003103e-01 9.749922e-02 9.627118e-02 1.000000e-01 1.597507e+00 -0.995641 0.007203 0.038511 0.923552 0.021802 0.004572 0.995641 -0.006284 -0.029700 -0.930287 0.000000 
9.500000e-02 1.003103e-01 9.749922e-02 9.627118e-02 1.000000e-01 1.597507e+00 -0.995641 0.007203 0.038511 0.923552 0.021802 0.004572 0.995641 -0.006284 -0.029700 -0.930287 0.000000 
9.500000e-02 1.003103e-01 9.749922e-02 9.627118e-02 1.000000e-01 1.597507e+00 -0.995641 0.007203 0.038511 0.923552 0.021802 0.004572 0.995641 -0.006284 -0.029700 -0.930287 0.000000 
9.500000e-02 1.003103e-01 9.749922e-02 9.627118e-02 1.000000e-01 1.597507e+00 -0.995641 0.007203 0.038511 0.923552 0.021802 0.004572 0.995641 -0.006284 -0.029700 -0.930287 0.000000 
9.500000e-02 1.003103e-01 9.749922e-02 9.627118e-02 1.000000e-01 1.597507e+00 -0.995641 0.007203 0.038511 0.923552 0.021802 0.004572 0.995641 -0.006284 -0.029700 -0.930287 0.000000 
9.500000e-02 1.003103e-01 9.749922e-02 9.627118e-02 1.000000e-01 1.597507e+00 -0.995641 0.007203 0.038511 0.923552 0.021802 0.004572 0.995641 -0.006284 -0.029700 -0.930287 0.000000 
9.500000e-02 1.003103e-01 9.749922e-02 9.627118e-02 1.000000e-01 1.597507e+00 -0.995641 0.007203 0.038511 0.923552 0.021802 0.004572 0.995641 -0.006284 -0.029700 -0.930287 0.000000 
