# TeX TeY TeZ ThX ThY THZ P1 P2
1.300000e-01 1.000000e-01 1.550000e-01 1.300000e-01 1.000000e-01 1.550000e-01 0.000000 0.000000 0.000000 0.000000 0.000000 0.000000 0.000000 0.000000 0.000000 0.000000 0.000000 
1.300000e-01 9.999443e-02 1.415593e-01 1.299939e-01 1.000000e-01 1.641965e-01 -0.014984 0.001923 0.003847 0.003851 0.003872 0.001492 0.014984 0.017514 0.005690 -0.064788 0.000000 
1.300000e-01 1.000052e-01 1.280693e-01 1.299876e-01 1.000000e-01 1.733851e-01 -0.030047 0.003856 0.007714 0.007721 0.007764 0.002992 0.030047 0.038301 0.021727 -0.156530 0.000000 
1.300000e-01 1.000859e-01 1.144530e-01 1.299816e-01 1.000000e-01 1.825660e-01 -0.045431 0.005831 0.011664 0.011674 0.011738 0.004524 0.045431 0.063688 0.065166 -0.308554 0.000000 
1.300000e-01 1.003204e-01 1.004564e-01 1.299761e-01 1.000000e-01 1.917393e-01 -0.062105 0.007971 0.015945 0.015959 0.016047 0.006184 0.062106 0.096450 0.174591 -0.591688 0.000000 
1.300000e-01 1.003615e-01 9.749245e-02 1.299711e-01 1.000000e-01 2.009050e-01 -0.070673 0.009070 0.018144 0.018161 0.018261 0.007037 0.070673 0.105639 0.208127 -0.678588 0.000000 
1.300000e-01 1.003615e-01 9.749245e-02 1.299667e-01 1.000000e-01 2.100630e-01 -0.076725 0.009847 0.019698 0.019716 0.019824 0.007640 0.076725 0.106578 0.206582 -0.683846 0.000000 
1.300000e-01 1.003615e-01 9.749245e-02 1.299627e-01 1.000000e-01 2.192134e-01 -0.082771 0.010623 0.021250 0.021270 0.021387 0.008242 0.082771 0.107079 0.205008 -0.688095 0.000000 
1.300000e-01 1.003615e-01 9.749245e-02 1.299592e-01 1.000000e-01 2.283560e-01 -0.088812 0.011399 0.022801 0.022822 0.022947 0.008843 0.088813 0.107265 0.203427 -0.691646 0.000000 
1.300000e-01 1.003615e-01 9.749245e-02 1.299561e-01 1.000000e-01 2.374909e-01 -0.094848 0.012173 0.024351 0.024373 0.024507 0.009444 0.094848 0.107212 0.201845 -0.694682 0.000000 
1.300000e-01 1.003615e-01 9.749245e-02 1.299534e-01 1.000000e-01 2.466180e-01 -0.100879 0.012947 0.025899 0.025923 0.026065 0.010045 0.100879 0.106980 0.200269 -0.697336 0.000000 
1.300000e-01 1.003615e-01 9.749245e-02 1.299510e-01 1.000000e-01 2.557373e-01 -0.106904 0.013720 0.027446 0.027471 0.027622 0.010645 0.106904 0.106612 0.198698 -0.699706 0.000000 
1.300000e-01 1.003615e-01 9.749245e-02 1.299490e-01 1.000000e-01 2.648487e-01 -0.112924 0.014493 0.028992 0.029018 0.029177 0.011244 0.112924 0.106143 0.197134 -0.701863 0.000000 
1.300000e-01 1.003615e-01 9.749245e-02 1.299472e-01 1.000000e-01 2.739521e-01 -0.118938 0.015265 0.030536 0.030564 0.030731 0.011843 0.118939 0.105595 0.195574 -0.703858 0.000000 
1.300000e-01 1.003615e-01 9.749245e-02 1.299456e-01 1.000000e-01 2.830475e-01 -0.124948 0.016036 0.032079 0.032108 0.032284 0.012441 0.124948 0.104991 0.194020 -0.705738 0.000000 
1.300000e-01 1.003615e-01 9.749245e-02 1.299442e-01 1.000000e-01 2.921349e-01 -0.130952 0.016807 0.033620 0.033651 0.033835 0.013039 0.130952 0.104347 0.192469 -0.707532 0.000000 
1.300000e-01 1.003615e-01 9.749245e-02 1.299430e-01 1.000000e-01 3.012141e-01 -0.136950 0.017577 0.035160 0.035193 0.035385 0.013636 0.136950 0.103671 0.190923 -0.709262 0.000000 
1.300000e-01 1.003615e-01 9.749245e-02 1.299420e-01 1.000000e-01 3.102852e-01 -0.142943 0.018346 0.036699 0.036733 0.036934 0.014233 0.142944 0.102972 0.189379 -0.710942 0.000000 
1.300000e-01 1.003615e-01 9.749245e-02 1.299411e-01 1.000000e-01 3.193480e-01 -0.148931 0.019114 0.038236 0.038271 0.038481 0.014829 0.148931 0.102256 0.187838 -0.712584 0.000000 
1.300000e-01 1.003615e-01 9.749245e-02 1.299403e-01 1.000000e-01 3.284025e-01 -0.154913 0.019882 0.039772 0.039809 0.040027 0.015425 0.154913 0.101527 0.186299 -0.714199 0.000000 
1.300000e-01 1.003615e-01 9.749245e-02 1.299397e-01 1.000000e-01 3.374487e-01 -0.160890 0.020649 0.041306 0.041344 0.041571 0.016020 0.160890 0.100789 0.184762 -0.715793 0.000000 
1.300000e-01 1.003615e-01 9.749245e-02 1.299391e-01 1.000000e-01 3.464865e-01 -0.166861 0.021416 0.042839 0.042879 0.043114 0.016615 0.166861 0.100045 0.183228 -0.717371 0.000000 
1.300000e-01 1.003615e-01 9.749245e-02 1.299386e-01 1.000000e-01 3.555157e-01 -0.172826 0.022181 0.044371 0.044412 0.044655 0.017209 0.172827 0.099295 0.181695 -0.718936 0.000000 
1.300000e-01 1.003615e-01 9.749245e-02 1.299381e-01 1.000000e-01 3.645364e-01 -0.178786 0.022946 0.045901 0.045943 0.046195 0.017802 0.178786 0.098543 0.180164 -0.720492 0.000000 
1.300000e-01 1.003615e-01 9.749245e-02 1.299377e-01 1.000000e-01 3.735485e-01 -0.184740 0.023710 0.047429 0.047473 0.047733 0.018395 0.184741 0.097788 0.178634 -0.722040 0.000000 
1.300000e-01 1.003615e-01 9.749245e-02 1.299374e-01 1.000000e-01 3.825519e-01 -0.190689 0.024474 0.048956 0.049002 0.049270 0.018987 0.190689 0.097031 0.177107 -0.723582 0.000000 
1.300000e-01 1.003615e-01 9.749245e-02 1.299371e-01 1.000000e-01 3.915466e-01 -0.196631 0.025236 0.050482 0.050529 0.050806 0.019579 0.196631 0.096273 0.175581 -0.725119 0.000000 
1.300000e-01 1.003615e-01 9.749245e-02 1.299368e-01 1.000000e-01 4.005324e-01 -0.202568 0.025998 0.052006 0.052055 0.052340 0.020170 0.202568 0.095515 0.174056 -0.726653 0.000000 
1.300000e-01 1.003615e-01 9.749245e-02 1.299366e-01 1.000000e-01 4.095093e-01 -0.208499 0.026759 0.053529 0.053579 0.053872 0.020761 0.208499 0.094757 0.172533 -0.728182 0.000000 
1.300000e-01 1.003615e-01 9.749245e-02 1.299364e-01 1.000000e-01 4.184773e-01 -0.214424 0.027520 0.055050 0.055101 0.055403 0.021351 0.214424 0.093999 0.171012 -0.729709 0.000000 
1.300000e-01 1.003615e-01 9.749245e-02 1.299363e-01 1.000000e-01 4.274363e-01 -0.220343 0.028280 0.056570 0.056622 0.056932 0.021940 0.220343 0.093241 0.169492 -0.731233 0.000000 
1.300000e-01 1.003615e-01 9.749245e-02 1.299361e-01 1.000000e-01 4.363861e-01 -0.226256 0.029038 0.058088 0.058142 0.058460 0.022529 0.226256 0.092483 0.167974 -0.732755 0.000000 
1.300000e-01 1.003615e-01 9.749245e-02 1.299360e-01 1.000000e-01 4.453268e-01 -0.232163 0.029797 0.059604 0.059660 0.059986 0.023117 0.232163 0.091726 0.166458 -0.734275 0.000000 
1.300000e-01 1.003615e-01 9.749245e-02 1.299359e-01 1.000000e-01 4.542582e-01 -0.238063 0.030554 0.061119 0.061176 0.061511 0.023704 0.238064 0.090969 0.164943 -0.735792 0.000000 
1.300000e-01 1.003615e-01 9.749245e-02 1.299358e-01 1.000000e-01 4.631804e-01 -0.243958 0.031310 0.062633 0.062691 0.063034 0.024291 0.243958 0.090213 0.163429 -0.737308 0.000000 
1.300000e-01 1.003615e-01 9.749245e-02 1.299357e-01 1.000000e-01 4.720931e-01 -0.249846 0.032066 0.064144 0.064204 0.064556 0.024878 0.249847 0.089458 0.161917 -0.738822 0.000000 
1.300000e-01 1.003615e-01 9.749245e-02 1.299356e-01 1.000000e-01 4.809963e-01 -0.255729 0.032821 0.065655 0.065715 0.066075 0.025463 0.255729 0.088703 0.160407 -0.740334 0.000000 
1.300000e-01 1.003615e-01 9.749245e-02 1.299356e-01 1.000000e-01 4.898900e-01 -0.261604 0.033575 0.067163 0.067225 0.067594 0.026049 0.261605 0.087949 0.158899 -0.741845 0.000000 
1.300000e-01 1.003615e-01 9.749245e-02 1.299355e-01 1.000000e-01 4.987741e-01 -0.267474 0.034329 0.068670 0.068734 0.069110 0.026633 0.267474 0.087196 0.157392 -0.743353 0.000000 
1.300000e-01 1.003615e-01 9.749245e-02 1.299355e-01 1.000000e-01 5.076485e-01 -0.273337 0.035081 0.070175 0.070240 0.070625 0.027217 0.273338 0.086444 0.155887 -0.744860 0.000000 
1.300000e-01 1.003615e-01 9.749245e-02 1.299354e-01 1.000000e-01 5.165131e-01 -0.279194 0.035833 0.071679 0.071745 0.072138 0.027800 0.279194 0.085692 0.154383 -0.746365 0.000000 
1.300000e-01 1.003615e-01 9.749245e-02 1.299354e-01 1.000000e-01 5.253678e-01 -0.285044 0.036584 0.073181 0.073249 0.073650 0.028382 0.285044 0.084941 0.152881 -0.747869 0.000000 
1.300000e-01 1.003615e-01 9.749245e-02 1.299353e-01 1.000000e-01 5.342126e-01 -0.290887 0.037334 0.074681 0.074750 0.075160 0.028964 0.290888 0.084191 0.151381 -0.749370 0.000000 
1.300000e-01 1.003615e-01 9.749245e-02 1.299353e-01 1.000000e-01 5.430473e-01 -0.296724 0.038083 0.076180 0.076250 0.076668 0.029545 0.296725 0.083442 0.149882 -0.750870 0.000000 
1.300000e-01 1.003615e-01 9.749245e-02 1.299353e-01 1.000000e-01 5.518720e-01 -0.302555 0.038831 0.077676 0.077748 0.078174 0.030126 0.302555 0.082694 0.148385 -0.752369 0.000000 
1.300000e-01 1.003615e-01 9.749245e-02 1.299353e-01 1.000000e-01 5.606864e-01 -0.308378 0.039578 0.079172 0.079245 0.079679 0.030706 0.308379 0.081947 0.146890 -0.753865 0.000000 
1.300000e-01 1.003615e-01 9.749245e-02 1.299352e-01 1.000000e-01 5.694906e-01 -0.314195 0.040325 0.080665 0.080740 0.081182 0.031285 0.314195 0.081200 0.145397 -0.755360 0.000000 
1.300000e-01 1.003615e-01 9.749245e-02 1.299352e-01 1.000000e-01 5.782844e-01 -0.320005 0.041071 0.082156 0.082233 0.082683 0.031864 0.320005 0.080454 0.143905 -0.756853 0.000000 
1.300000e-01 1.003615e-01 9.749245e-02 1.299352e-01 1.000000e-01 5.870678e-01 -0.325808 0.041815 0.083646 0.083724 0.084183 0.032441 0.325808 0.079710 0.142416 -0.758344 0.000000 
1.300000e-01 1.003615e-01 9.749245e-02 1.299352e-01 1.000000e-01 5.958406e-01 -0.331604 0.042559 0.085134 0.085213 0.085680 0.033018 0.331604 0.078966 0.140928 -0.759834 0.000000 
1.300000e-01 1.003615e-01 9.749245e-02 1.299352e-01 1.000000e-01 6.046028e-01 -0.337393 0.043302 0.086621 0.086701 0.087176 0.033595 0.337393 0.078223 0.139441 -0.761321 0.000000 
1.300000e-01 1.003615e-01 9.749245e-02 1.299352e-01 1.000000e-01 6.133542e-01 -0.343175 0.044044 0.088105 0.088187 0.088670 0.034171 0.343175 0.077481 0.137957 -0.762807 0.000000 
1.300000e-01 1.003615e-01 9.749245e-02 1.299352e-01 1.000000e-01 6.220948e-01 -0.348949 0.044785 0.089588 0.089671 0.090162 0.034746 0.348950 0.076740 0.136474 -0.764291 0.000000 
1.300000e-01 1.003615e-01 9.749245e-02 1.299352e-01 1.000000e-01 6.308246e-01 -0.354717 0.045526 0.091068 0.091153 0.091652 0.035320 0.354717 0.075999 0.134994 -0.765773 0.000000 
1.300000e-01 1.003615e-01 9.749245e-02 1.299352e-01 1.000000e-01 6.395433e-01 -0.360477 0.046265 0.092547 0.092633 0.093141 0.035893 0.360478 0.075260 0.133515 -0.767253 0.000000 
1.300000e-01 1.003615e-01 9.749245e-02 1.299352e-01 1.000000e-01 6.482509e-01 -0.366230 0.047003 0.094024 0.094111 0.094627 0.036466 0.366231 0.074522 0.132038 -0.768732 0.000000 
1.300000e-01 1.003615e-01 9.749245e-02 1.299352e-01 1.000000e-01 6.569473e-01 -0.371976 0.047741 0.095499 0.095588 0.096112 0.037038 0.371976 0.073784 0.130563 -0.770208 0.000000 
1.300000e-01 1.003615e-01 9.749245e-02 1.299351e-01 1.000000e-01 6.656325e-01 -0.377714 0.048477 0.096972 0.097062 0.097594 0.037610 0.377714 0.073048 0.129090 -0.771683 0.000000 
1.300000e-01 1.003615e-01 9.749245e-02 1.299351e-01 1.000000e-01 6.743062e-01 -0.383444 0.049213 0.098444 0.098535 0.099075 0.038180 0.383445 0.072313 0.127618 -0.773155 0.000000 
1.300000e-01 1.003615e-01 9.749245e-02 1.299351e-01 1.000000e-01 6.829685e-01 -0.389167 0.049947 0.099913 0.100005 0.100554 0.038750 0.389168 0.071578 0.126149 -0.774626 0.000000 
1.300000e-01 1.003615e-01 9.749245e-02 1.299351e-01 1.000000e-01 6.916191e-01 -0.394883 0.050681 0.101380 0.101474 0.102030 0.039319 0.394883 0.070845 0.124682 -0.776095 0.000000 
1.300000e-01 1.003615e-01 9.749245e-02 1.299351e-01 1.000000e-01 7.002581e-01 -0.400590 0.051413 0.102845 0.102941 0.103505 0.039888 0.400591 0.070112 0.123216 -0.777561 0.000000 
1.300000e-01 1.003615e-01 9.749245e-02 1.299351e-01 1.000000e-01 7.088852e-01 -0.406290 0.052145 0.104309 0.104406 0.104978 0.040455 0.406290 0.069380 0.121753 -0.779026 0.000000 
1.300000e-01 1.003615e-01 9.749245e-02 1.299351e-01 1.000000e-01 7.175004e-01 -0.411982 0.052875 0.105770 0.105868 0.106448 0.041022 0.411982 0.068650 0.120292 -0.780489 0.000000 
1.300000e-01 1.003615e-01 9.749245e-02 1.299351e-01 1.000000e-01 7.261037e-01 -0.417666 0.053605 0.107229 0.107329 0.107917 0.041588 0.417666 0.067920 0.118833 -0.781949 0.000000 
1.300000e-01 1.003615e-01 9.749245e-02 1.299351e-01 1.000000e-01 7.346947e-01 -0.423342 0.054333 0.108686 0.108787 0.109384 0.042153 0.423342 0.067192 0.117375 -0.783408 0.000000 
1.300000e-01 1.003615e-01 9.749245e-02 1.299351e-01 1.000000e-01 7.432736e-01 -0.429010 0.055060 0.110142 0.110244 0.110848 0.042717 0.429010 0.066465 0.115920 -0.784864 0.000000 
1.300000e-01 1.003615e-01 9.749245e-02 1.299351e-01 1.000000e-01 7.518401e-01 -0.434669 0.055787 0.111595 0.111698 0.112310 0.043281 0.434670 0.065738 0.114467 -0.786319 0.000000 
1.300000e-01 1.003615e-01 9.749245e-02 1.299351e-01 1.000000e-01 7.603941e-01 -0.440321 0.056512 0.113046 0.113151 0.113771 0.043844 0.440321 0.065013 0.113016 -0.787771 0.000000 
1.300000e-01 1.003615e-01 9.749245e-02 1.299351e-01 1.000000e-01 7.689356e-01 -0.445964 0.057236 0.114494 0.114601 0.115229 0.044406 0.445965 0.064289 0.111567 -0.789221 0.000000 
1.300000e-01 1.003615e-01 9.749245e-02 1.299351e-01 1.000000e-01 7.774644e-01 -0.451599 0.057960 0.115941 0.116049 0.116685 0.044967 0.451599 0.063565 0.110121 -0.790669 0.000000 
1.300000e-01 1.003615e-01 9.749245e-02 1.299351e-01 1.000000e-01 7.859804e-01 -0.457225 0.058682 0.117385 0.117494 0.118139 0.045527 0.457226 0.062843 0.108676 -0.792115 0.000000 
1.300000e-01 1.003615e-01 9.749245e-02 1.299351e-01 1.000000e-01 7.944834e-01 -0.462843 0.059403 0.118828 0.118938 0.119590 0.046086 0.462843 0.062122 0.107234 -0.793558 0.000000 
1.300000e-01 1.003615e-01 9.749245e-02 1.299351e-01 1.000000e-01 8.029734e-01 -0.468452 0.060122 0.120268 0.120379 0.121040 0.046645 0.468453 0.061402 0.105794 -0.795000 0.000000 
1.300000e-01 1.003615e-01 9.749245e-02 1.299351e-01 1.000000e-01 8.114502e-01 -0.474052 0.060841 0.121705 0.121819 0.122487 0.047203 0.474053 0.060684 0.104356 -0.796439 0.000000 
1.300000e-01 1.003615e-01 9.749245e-02 1.299351e-01 1.000000e-01 8.199137e-01 -0.479644 0.061559 0.123141 0.123256 0.123931 0.047759 0.479645 0.059966 0.102921 -0.797876 0.000000 
1.300000e-01 1.003615e-01 9.749245e-02 1.299351e-01 1.000000e-01 8.283638e-01 -0.485227 0.062275 0.124574 0.124690 0.125374 0.048315 0.485227 0.059250 0.101487 -0.799311 0.000000 
1.300000e-01 1.003615e-01 9.749245e-02 1.299351e-01 1.000000e-01 8.368003e-01 -0.490801 0.062991 0.126005 0.126122 0.126814 0.048870 0.490801 0.058534 0.100056 -0.800743 0.000000 
1.300000e-01 1.003615e-01 9.749245e-02 1.299351e-01 1.000000e-01 8.452232e-01 -0.496365 0.063705 0.127434 0.127552 0.128252 0.049424 0.496366 0.057820 0.098628 -0.802173 0.000000 
1.300000e-01 1.003615e-01 9.749245e-02 1.299351e-01 1.000000e-01 8.536322e-01 -0.501921 0.064418 0.128860 0.128980 0.129688 0.049978 0.501922 0.057107 0.097201 -0.803600 0.000000 
1.300000e-01 1.003615e-01 9.749245e-02 1.299351e-01 1.000000e-01 8.620273e-01 -0.507468 0.065129 0.130284 0.130405 0.131121 0.050530 0.507468 0.056395 0.095777 -0.805026 0.000000 
1.300000e-01 1.003615e-01 9.749245e-02 1.299351e-01 1.000000e-01 8.704083e-01 -0.513005 0.065840 0.131705 0.131828 0.132552 0.051081 0.513005 0.055684 0.094356 -0.806449 0.000000 
1.300000e-01 1.003615e-01 9.749245e-02 1.299351e-01 1.000000e-01 8.787751e-01 -0.518533 0.066549 0.133124 0.133249 0.133980 0.051632 0.518533 0.054975 0.092937 -0.807869 0.000000 
1.300000e-01 1.003615e-01 9.749245e-02 1.299351e-01 1.000000e-01 8.871276e-01 -0.524051 0.067257 0.134541 0.134667 0.135406 0.052182 0.524051 0.054267 0.091520 -0.809287 0.000000 
1.300000e-01 1.003615e-01 9.749245e-02 1.299351e-01 1.000000e-01 8.954655e-01 -0.529559 0.067964 0.135955 0.136082 0.136830 0.052730 0.529560 0.053560 0.090106 -0.810703 0.000000 
1.300000e-01 1.003615e-01 9.749245e-02 1.299351e-01 1.000000e-01 9.037888e-01 -0.535059 0.068670 0.137366 0.137496 0.138251 0.053278 0.535059 0.052854 0.088694 -0.812116 0.000000 
1.300000e-01 1.003615e-01 9.749245e-02 1.299351e-01 1.000000e-01 9.120973e-01 -0.540548 0.069374 0.138775 0.138906 0.139670 0.053825 0.540548 0.052149 0.087285 -0.813526 0.000000 
1.300000e-01 1.003615e-01 9.749245e-02 1.299351e-01 1.000000e-01 9.203909e-01 -0.546027 0.070077 0.140181 0.140314 0.141086 0.054370 0.546028 0.051446 0.085878 -0.814935 0.000000 
1.300000e-01 1.003615e-01 9.749245e-02 1.299351e-01 1.000000e-01 9.286694e-01 -0.551497 0.070779 0.141585 0.141720 0.142499 0.054915 0.551497 0.050744 0.084474 -0.816340 0.000000 
1.300000e-01 1.003615e-01 9.749245e-02 1.299351e-01 1.000000e-01 9.369326e-01 -0.556956 0.071479 0.142986 0.143123 0.143911 0.055459 0.556957 0.050044 0.083072 -0.817743 0.000000 
1.300000e-01 1.003615e-01 9.749245e-02 1.299351e-01 1.000000e-01 9.451805e-01 -0.562405 0.072178 0.144385 0.144523 0.145319 0.056002 0.562406 0.049344 0.081673 -0.819143 0.000000 
1.300000e-01 1.003615e-01 9.749245e-02 1.299351e-01 1.000000e-01 9.534129e-01 -0.567844 0.072876 0.145781 0.145921 0.146725 0.056544 0.567845 0.048646 0.080277 -0.820541 0.000000 
1.300000e-01 1.003615e-01 9.749245e-02 1.299351e-01 1.000000e-01 9.616295e-01 -0.573273 0.073572 0.147174 0.147316 0.148128 0.057085 0.573273 0.047949 0.078883 -0.821936 0.000000 
1.300000e-01 1.003615e-01 9.749245e-02 1.299351e-01 1.000000e-01 9.698303e-01 -0.578691 0.074267 0.148564 0.148708 0.149529 0.057625 0.578691 0.047254 0.077492 -0.823328 0.000000 
1.300000e-01 1.003615e-01 9.749245e-02 1.299351e-01 1.000000e-01 9.780150e-01 -0.584098 0.074960 0.149952 0.150098 0.150927 0.058163 0.584099 0.046560 0.076104 -0.824718 0.000000 
1.300000e-01 1.003615e-01 9.749245e-02 1.299351e-01 1.000000e-01 9.861836e-01 -0.589495 0.075652 0.151336 0.151485 0.152323 0.058701 0.589496 0.045867 0.074718 -0.826105 0.000000 
1.300000e-01 1.003615e-01 9.749245e-02 1.299351e-01 1.000000e-01 9.943358e-01 -0.594881 0.076343 0.152718 0.152869 0.153715 0.059238 0.594882 0.045176 0.073335 -0.827489 0.000000 
1.300000e-01 1.003615e-01 9.749245e-02 1.299351e-01 1.000000e-01 1.002471e+00 -0.600256 0.077032 0.154097 0.154250 0.155106 0.059774 0.600257 0.044486 0.071955 -0.828870 0.000000 
1.300000e-01 1.003615e-01 9.749245e-02 1.299351e-01 1.000000e-01 1.010590e+00 -0.605620 0.077719 0.155472 0.155629 0.156493 0.060309 0.605621 0.043798 0.070578 -0.830248 0.000000 
1.300000e-01 1.003615e-01 9.749245e-02 1.299351e-01 1.000000e-01 1.018693e+00 -0.610973 0.078405 0.156845 0.157004 0.157878 0.060843 0.610974 0.043111 0.069204 -0.831624 0.000000 
1.300000e-01 1.003615e-01 9.749245e-02 1.299351e-01 1.000000e-01 1.026778e+00 -0.616315 0.079089 0.158214 0.158377 0.159260 0.061376 0.616315 0.042425 0.067833 -0.832996 0.000000 
1.300000e-01 1.003615e-01 9.749245e-02 1.299351e-01 1.000000e-01 1.034846e+00 -0.621645 0.079772 0.159581 0.159747 0.160640 0.061908 0.621645 0.041741 0.066464 -0.834366 0.000000 
1.300000e-01 1.003615e-01 9.749245e-02 1.299351e-01 1.000000e-01 1.042896e+00 -0.626964 0.080453 0.160944 0.161114 0.162016 0.062439 0.626964 0.041059 0.065099 -0.835733 0.000000 
1.300000e-01 1.003615e-01 9.749245e-02 1.299351e-01 1.000000e-01 1.050929e+00 -0.632271 0.081132 0.162304 0.162478 0.163391 0.062969 0.632271 0.040377 0.063736 -0.837097 0.000000 
1.300000e-01 1.003615e-01 9.749245e-02 1.299351e-01 1.000000e-01 1.058944e+00 -0.637566 0.081809 0.163660 0.163839 0.164762 0.063498 0.637567 0.039698 0.062377 -0.838457 0.000000 
1.300000e-01 1.003615e-01 9.749245e-02 1.299351e-01 1.000000e-01 1.066941e+00 -0.642850 0.082485 0.165013 0.165196 0.166131 0.064026 0.642850 0.039020 0.061020 -0.839815 0.000000 
1.300000e-01 1.003615e-01 9.749245e-02 1.299351e-01 1.000000e-01 1.074920e+00 -0.648121 0.083159 0.166363 0.166551 0.167497 0.064553 0.648122 0.038343 0.059667 -0.841170 0.000000 
1.300000e-01 1.003615e-01 9.749245e-02 1.299351e-01 1.000000e-01 1.082880e+00 -0.653380 0.083830 0.167709 0.167903 0.168861 0.065079 0.653381 0.037668 0.058316 -0.842521 0.000000 
1.300000e-01 1.003615e-01 9.749245e-02 1.299351e-01 1.000000e-01 1.090822e+00 -0.658628 0.084500 0.169051 0.169252 0.170222 0.065604 0.658628 0.036995 0.056969 -0.843870 0.000000 
1.300000e-01 1.003615e-01 9.749245e-02 1.299351e-01 1.000000e-01 1.098745e+00 -0.663862 0.085168 0.170389 0.170597 0.171581 0.066129 0.663863 0.036323 0.055625 -0.845215 0.000000 
1.300000e-01 1.003615e-01 9.749245e-02 1.299351e-01 1.000000e-01 1.106650e+00 -0.669084 0.085834 0.171723 0.171940 0.172937 0.066652 0.669085 0.035653 0.054285 -0.846557 0.000000 
1.300000e-01 1.003615e-01 9.749245e-02 1.299351e-01 1.000000e-01 1.114535e+00 -0.674294 0.086497 0.173054 0.173279 0.174291 0.067175 0.674294 0.034984 0.052947 -0.847895 0.000000 
1.300000e-01 1.003615e-01 9.749245e-02 1.299351e-01 1.000000e-01 1.122400e+00 -0.679491 0.087158 0.174379 0.174615 0.175643 0.067697 0.679491 0.034317 0.051613 -0.849231 0.000000 
1.300000e-01 1.003615e-01 9.749245e-02 1.299351e-01 1.000000e-01 1.130246e+00 -0.684674 0.087816 0.175701 0.175947 0.176992 0.068219 0.684675 0.033652 0.050282 -0.850563 0.000000 
1.300000e-01 1.003615e-01 9.749245e-02 1.299351e-01 1.000000e-01 1.138073e+00 -0.689845 0.088472 0.177018 0.177277 0.178340 0.068739 0.689845 0.032988 0.048955 -0.851892 0.000000 
1.300000e-01 1.003615e-01 9.749245e-02 1.299351e-01 1.000000e-01 1.145879e+00 -0.695002 0.089126 0.178330 0.178603 0.179686 0.069260 0.695003 0.032326 0.047631 -0.853217 0.000000 
1.300000e-01 1.003615e-01 9.749245e-02 1.299351e-01 1.000000e-01 1.153665e+00 -0.700146 0.089776 0.179637 0.179925 0.181029 0.069779 0.700147 0.031666 0.046310 -0.854539 0.000000 
1.300000e-01 1.003615e-01 9.749245e-02 1.299351e-01 1.000000e-01 1.161430e+00 -0.705276 0.090423 0.180939 0.181245 0.182372 0.070299 0.705277 0.031008 0.044993 -0.855857 0.000000 
1.300000e-01 1.003615e-01 9.749245e-02 1.299351e-01 1.000000e-01 1.169174e+00 -0.710393 0.091068 0.182235 0.182561 0.183713 0.070818 0.710394 0.030351 0.043679 -0.857172 0.000000 
1.300000e-01 1.003615e-01 9.749245e-02 1.299351e-01 1.000000e-01 1.176898e+00 -0.715496 0.091708 0.183526 0.183873 0.185052 0.071337 0.715496 0.029696 0.042369 -0.858483 0.000000 
1.300000e-01 1.003615e-01 9.749245e-02 1.299351e-01 1.000000e-01 1.184600e+00 -0.720585 0.092346 0.184811 0.185182 0.186391 0.071856 0.720585 0.029043 0.041063 -0.859791 0.000000 
1.300000e-01 1.003615e-01 9.749245e-02 1.299350e-01 1.000000e-01 1.192281e+00 -0.725659 0.092979 0.186088 0.186488 0.187730 0.072376 0.725660 0.028392 0.039760 -0.861095 0.000000 
1.300000e-01 1.003615e-01 9.749245e-02 1.299350e-01 1.000000e-01 1.199941e+00 -0.730720 0.093608 0.187360 0.187790 0.189067 0.072895 0.730720 0.027742 0.038461 -0.862395 0.000000 
1.300000e-01 1.003615e-01 9.749245e-02 1.299350e-01 1.000000e-01 1.207578e+00 -0.735765 0.094233 0.188623 0.189089 0.190406 0.073416 0.735766 0.027095 0.037165 -0.863692 0.000000 
1.300000e-01 1.003615e-01 9.749245e-02 1.299350e-01 1.000000e-01 1.215193e+00 -0.740796 0.094853 0.189880 0.190384 0.191745 0.073936 0.740797 0.026449 0.035874 -0.864985 0.000000 
1.300000e-01 1.003615e-01 9.749245e-02 1.299350e-01 1.000000e-01 1.222785e+00 -0.745813 0.095467 0.191127 0.191676 0.193085 0.074459 0.745813 0.025805 0.034586 -0.866274 0.000000 
1.300000e-01 1.003615e-01 9.749245e-02 1.299350e-01 1.000000e-01 1.230355e+00 -0.750814 0.096077 0.192366 0.192964 0.194426 0.074982 0.750814 0.025163 0.033302 -0.867559 0.000000 
1.300000e-01 1.003615e-01 9.749245e-02 1.299349e-01 1.000000e-01 1.237902e+00 -0.755800 0.096679 0.193595 0.194249 0.195770 0.075507 0.755800 0.024523 0.032022 -0.868840 0.000000 
1.300000e-01 1.003615e-01 9.749245e-02 1.299349e-01 1.000000e-01 1.245425e+00 -0.760770 0.097276 0.194814 0.195531 0.197117 0.076034 0.760771 0.023885 0.030746 -0.870118 0.000000 
1.300000e-01 1.003615e-01 9.749245e-02 1.299349e-01 1.000000e-01 1.252925e+00 -0.765725 0.097865 0.196022 0.196809 0.198468 0.076564 0.765726 0.023250 0.029474 -0.871391 0.000000 
1.300000e-01 1.003615e-01 9.749245e-02 1.299348e-01 1.000000e-01 1.260401e+00 -0.770665 0.098446 0.197218 0.198083 0.199823 0.077096 0.770665 0.022616 0.028206 -0.872660 0.000000 
1.300000e-01 1.003615e-01 9.749245e-02 1.299348e-01 1.000000e-01 1.267853e+00 -0.775588 0.099018 0.198400 0.199354 0.201184 0.077632 0.775588 0.021984 0.026942 -0.873925 0.000000 
1.300000e-01 1.003615e-01 9.749245e-02 1.299347e-01 1.000000e-01 1.275281e+00 -0.780495 0.099582 0.199569 0.200623 0.202551 0.078172 0.780496 0.021354 0.025682 -0.875186 0.000000 
1.300000e-01 1.003615e-01 9.749245e-02 1.299347e-01 1.000000e-01 1.282684e+00 -0.785386 0.100134 0.200721 0.201888 0.203928 0.078717 0.785386 0.020726 0.024426 -0.876443 0.000000 
1.300000e-01 1.003615e-01 9.749245e-02 1.299346e-01 1.000000e-01 1.290061e+00 -0.790260 0.100675 0.201858 0.203150 0.205312 0.079266 0.790261 0.020101 0.023175 -0.877696 0.000000 
1.300000e-01 1.003615e-01 9.749245e-02 1.299346e-01 1.000000e-01 1.297414e+00 -0.795118 0.101203 0.202975 0.204409 0.206710 0.079822 0.795118 0.019477 0.021928 -0.878944 0.000000 
1.300000e-01 1.003615e-01 9.749245e-02 1.299345e-01 1.000000e-01 1.304741e+00 -0.799958 0.101718 0.204074 0.205665 0.208118 0.080384 0.799959 0.018856 0.020685 -0.880188 0.000000 
1.300000e-01 1.003615e-01 9.749245e-02 1.299344e-01 1.000000e-01 1.312042e+00 -0.804782 0.102217 0.205148 0.206920 0.209542 0.080955 0.804782 0.018237 0.019447 -0.881427 0.000000 
1.300000e-01 1.003615e-01 9.749245e-02 1.299343e-01 1.000000e-01 1.319316e+00 -0.809588 0.102700 0.206201 0.208172 0.210982 0.081534 0.809588 0.017620 0.018213 -0.882662 0.000000 
1.300000e-01 1.003615e-01 9.749245e-02 1.299342e-01 1.000000e-01 1.326564e+00 -0.814376 0.103163 0.207226 0.209423 0.212443 0.082124 0.814377 0.017005 0.016983 -0.883893 0.000000 
1.300000e-01 1.003615e-01 9.749245e-02 1.299340e-01 1.000000e-01 1.333785e+00 -0.819147 0.103605 0.208222 0.210672 0.213924 0.082725 0.819147 0.016393 0.015758 -0.885119 0.000000 
1.300000e-01 1.003615e-01 9.749245e-02 1.299339e-01 1.000000e-01 1.340979e+00 -0.823900 0.104025 0.209187 0.211921 0.215430 0.083338 0.823900 0.015783 0.014538 -0.886340 0.000000 
1.300000e-01 1.003615e-01 9.749245e-02 1.299337e-01 1.000000e-01 1.348145e+00 -0.828634 0.104418 0.210116 0.213170 0.216965 0.083965 0.828634 0.015176 0.013323 -0.887557 0.000000 
1.300000e-01 1.003615e-01 9.749245e-02 1.299335e-01 1.000000e-01 1.355284e+00 -0.833350 0.104785 0.211009 0.214420 0.218530 0.084607 0.833350 0.014570 0.012112 -0.888769 0.000000 
1.300000e-01 1.003615e-01 9.749245e-02 1.299333e-01 1.000000e-01 1.362393e+00 -0.838047 0.105117 0.211856 0.215673 0.220134 0.085268 0.838048 0.013967 0.010906 -0.889976 0.000000 
1.300000e-01 1.003615e-01 9.749245e-02 1.299330e-01 1.000000e-01 1.369475e+00 -0.842726 0.105417 0.212661 0.216929 0.221774 0.085946 0.842726 0.013367 0.009705 -0.891178 0.000000 
1.300000e-01 1.003615e-01 9.749245e-02 1.299327e-01 1.000000e-01 1.376527e+00 -0.847385 0.105675 0.213410 0.218191 0.223462 0.086647 0.847385 0.012769 0.008509 -0.892375 0.000000 
1.300000e-01 1.003615e-01 9.749245e-02 1.299324e-01 1.000000e-01 1.383550e+00 -0.852024 0.105891 0.214105 0.219459 0.225199 0.087370 0.852025 0.012174 0.007318 -0.893567 0.000000 
1.300000e-01 1.003615e-01 9.749245e-02 1.299320e-01 1.000000e-01 1.390543e+00 -0.856644 0.106060 0.214739 0.220737 0.226991 0.088118 0.856644 0.011581 0.006132 -0.894755 0.000000 
1.300000e-01 1.003615e-01 9.749245e-02 1.299316e-01 1.000000e-01 1.397506e+00 -0.861244 0.106170 0.215300 0.222030 0.228850 0.088895 0.861244 0.010990 0.004951 -0.895937 0.000000 
1.300000e-01 1.003615e-01 9.749245e-02 1.299311e-01 1.000000e-01 1.404438e+00 -0.865824 0.106224 0.215790 0.223337 0.230774 0.089699 0.865824 0.010403 0.003775 -0.897113 0.000000 
1.300000e-01 1.003615e-01 9.749245e-02 1.299305e-01 1.000000e-01 1.411340e+00 -0.870383 0.106207 0.216191 0.224667 0.232782 0.090537 0.870383 0.009817 0.002604 -0.898285 0.000000 
1.300000e-01 1.003615e-01 9.749245e-02 1.299299e-01 1.000000e-01 1.418210e+00 -0.874922 0.106114 0.216501 0.226024 0.234875 0.091408 0.874922 0.009235 0.001439 -0.899451 0.000000 
1.300000e-01 1.003615e-01 9.749245e-02 1.299291e-01 1.000000e-01 1.425048e+00 -0.879439 0.105944 0.216714 0.227412 0.237058 0.092312 0.879440 0.008655 0.000279 -0.900612 0.000000 
1.300000e-01 1.003615e-01 9.749245e-02 1.299283e-01 1.000000e-01 1.431854e+00 -0.883936 0.105667 0.216800 0.228848 0.239364 0.093257 0.883936 0.008078 -0.000875 -0.901768 0.000000 
1.300000e-01 1.003615e-01 9.749245e-02 1.299274e-01 1.000000e-01 1.438628e+00 -0.888410 0.105291 0.216766 0.230332 0.241782 0.094238 0.888411 0.007504 -0.002024 -0.902918 0.000000 
1.300000e-01 1.003615e-01 9.749245e-02 1.299263e-01 1.000000e-01 1.445369e+00 -0.892863 0.104801 0.216595 0.231880 0.244331 0.095256 0.892863 0.006932 -0.003167 -0.904062 0.000000 
1.300000e-01 1.003615e-01 9.749245e-02 1.299250e-01 1.000000e-01 1.452076e+00 -0.897294 0.104168 0.216253 0.233515 0.247045 0.096314 0.897294 0.006364 -0.004305 -0.905200 0.000000 
1.300000e-01 1.003615e-01 9.749245e-02 1.299236e-01 1.000000e-01 1.458749e+00 -0.901702 0.103396 0.215744 0.235242 0.249916 0.097405 0.901703 0.005798 -0.005436 -0.906333 0.000000 
1.300000e-01 1.003615e-01 9.749245e-02 1.299220e-01 1.000000e-01 1.465388e+00 -0.906088 0.102464 0.215040 0.237087 0.252972 0.098525 0.906088 0.005235 -0.006562 -0.907460 0.000000 
1.300000e-01 1.003615e-01 9.749245e-02 1.299202e-01 1.000000e-01 1.471992e+00 -0.910451 0.101333 0.214093 0.239094 0.256261 0.099670 0.910451 0.004675 -0.007682 -0.908581 0.000000 
1.300000e-01 1.003615e-01 9.749245e-02 1.299180e-01 1.000000e-01 1.478561e+00 -0.914790 0.100011 0.212904 0.241271 0.259777 0.100826 0.914790 0.004118 -0.008796 -0.909696 0.000000 
1.300000e-01 1.003615e-01 9.749245e-02 1.299156e-01 1.000000e-01 1.485095e+00 -0.919106 0.098476 0.211441 0.243656 0.263554 0.101980 0.919106 0.003564 -0.009904 -0.910805 0.000000 
1.300000e-01 1.003615e-01 9.749245e-02 1.299129e-01 1.000000e-01 1.491592e+00 -0.923398 0.096663 0.209606 0.246341 0.267683 0.103105 0.923398 0.003013 -0.011006 -0.911908 0.000000 
1.300000e-01 1.003615e-01 9.749245e-02 1.299097e-01 1.000000e-01 1.498052e+00 -0.927666 0.094590 0.207405 0.249337 0.272159 0.104175 0.927666 0.002466 -0.012102 -0.913005 0.000000 
1.300000e-01 1.003615e-01 9.749245e-02 1.299061e-01 1.000000e-01 1.504474e+00 -0.931909 0.092235 0.204787 0.252701 0.277031 0.105155 0.931909 0.001921 -0.013191 -0.914095 0.000000 
1.300000e-01 1.003615e-01 9.749245e-02 1.299021e-01 1.000000e-01 1.510857e+00 -0.936125 0.089536 0.201624 0.256562 0.282425 0.105978 0.936125 0.001380 -0.014274 -0.915179 0.000000 
1.300000e-01 1.003615e-01 9.749245e-02 1.298975e-01 1.000000e-01 1.517200e+00 -0.940316 0.086479 0.197847 0.260999 0.288416 0.106574 0.940316 0.000842 -0.015350 -0.916256 0.000000 
1.300000e-01 1.003615e-01 9.749245e-02 1.298923e-01 1.000000e-01 1.523502e+00 -0.944480 0.083065 0.193397 0.266076 0.295071 0.106872 0.944480 0.000308 -0.016419 -0.917326 0.000000 
1.300000e-01 1.003615e-01 9.749245e-02 1.298866e-01 1.000000e-01 1.529763e+00 -0.948617 0.079272 0.188165 0.271900 0.302511 0.106770 0.948617 -0.000223 -0.017481 -0.918389 0.000000 
1.300000e-01 1.003615e-01 9.749245e-02 1.298803e-01 1.000000e-01 1.535983e+00 -0.952727 0.075023 0.181881 0.278724 0.311048 0.106051 0.952727 -0.000751 -0.018536 -0.919445 0.000000 
1.300000e-01 1.003615e-01 9.749245e-02 1.298737e-01 1.000000e-01 1.542160e+00 -0.956808 0.070349 0.174473 0.286597 0.320800 0.104588 0.956808 -0.001275 -0.019584 -0.920494 0.000000 
1.300000e-01 1.003615e-01 9.749245e-02 1.298672e-01 1.000000e-01 1.548293e+00 -0.960859 0.065258 0.165813 0.295603 0.331974 0.102211 0.960859 -0.001795 -0.020624 -0.921535 0.000000 
1.300000e-01 1.003615e-01 9.749245e-02 1.298616e-01 1.000000e-01 1.554381e+00 -0.964877 0.059755 0.155736 0.305824 0.344853 0.098708 0.964877 -0.002310 -0.021655 -0.922567 0.000000 
1.300000e-01 1.003615e-01 9.749245e-02 1.298587e-01 1.000000e-01 1.560420e+00 -0.968854 0.053834 0.143987 0.317345 0.359924 0.093765 0.968854 -0.002821 -0.022676 -0.923589 0.000000 
1.300000e-01 1.003615e-01 9.749245e-02 1.298623e-01 1.000000e-01 1.566405e+00 -0.972775 0.047538 0.130415 0.329998 0.377712 0.087113 0.972775 -0.003324 -0.023683 -0.924597 0.000000 
1.300000e-01 1.003615e-01 9.749245e-02 1.298806e-01 1.000000e-01 1.572323e+00 -0.976612 0.040994 0.115227 0.343109 0.398488 0.078793 0.976612 -0.003816 -0.024668 -0.925583 0.000000 
1.300000e-01 1.003615e-01 9.749245e-02 1.299330e-01 1.000000e-01 1.578146e+00 -0.980303 0.034364 0.098751 0.355386 0.422857 0.068945 0.980303 -0.004290 -0.025616 -0.926531 0.000000 
1.300000e-01 1.003615e-01 9.749245e-02 1.300676e-01 1.000000e-01 1.583811e+00 -0.983728 0.027948 0.081822 0.363992 0.451811 0.058155 0.983728 -0.004730 -0.026495 -0.927412 0.000000 
1.300000e-01 1.003615e-01 9.749245e-02 1.304311e-01 1.000000e-01 1.589173e+00 -0.986682 0.022224 0.065939 0.362386 0.488465 0.047668 0.986682 -0.005109 -0.027253 -0.928171 0.000000 
1.300000e-01 1.003615e-01 9.749245e-02 1.315202e-01 1.000000e-01 1.593908e+00 -0.988973 0.017615 0.052510 0.331768 0.548025 0.039053 0.988973 -0.005403 -0.027842 -0.928759 0.000000 
1.300000e-01 1.003615e-01 9.749245e-02 1.338816e-01 1.000000e-01 1.597504e+00 -0.991655 0.012071 0.035768 0.223008 0.692386 0.028422 0.991655 -0.005747 -0.028530 -0.929449 0.000000 
1.300000e-01 1.003615e-01 9.749245e-02 1.338816e-01 1.000000e-01 1.597504e+00 -0.991655 0.012071 0.035768 0.223008 0.692386 0.028422 0.991655 -0.005747 -0.028530 -0.929449 0.000000 
1.300000e-01 1.003615e-01 9.749245e-02 1.338816e-01 1.000000e-01 1.597504e+00 -0.991655 0.012071 0.035768 0.223008 0.692386 0.028422 0.991655 -0.005747 -0.028530 -0.929449 0.000000 
1.300000e-01 1.003615e-01 9.749245e-02 1.338816e-01 1.000000e-01 1.597504e+00 -0.991655 0.012071 0.035768 0.223008 0.692386 0.028422 0.991655 -0.005747 -0.028530 -0.929449 0.000000 
1.300000e-01 1.003615e-01 9.749245e-02 1.338816e-01 1.000000e-01 1.597504e+00 -0.991655 0.012071 0.035768 0.223008 0.692386 0.028422 0.991655 -0.005747 -0.028530 -0.929449 0.000000 
1.300000e-01 1.003615e-01 9.749245e-02 1.338816e-01 1.000000e-01 1.597504e+00 -0.991655 0.012071 0.035768 0.223008 0.692386 0.028422 0.991655 -0.005747 -0.028530 -0.929449 0.000000 
1.300000e-01 1.003615e-01 9.749245e-02 1.338816e-01 1.000000e-01 1.597504e+00 -0.991655 0.012071 0.035768 0.223008 0.692386 0.028422 0.991655 -0.005747 -0.028530 -0.929449 0.000000 
1.300000e-01 1.003615e-01 9.749245e-02 1.338816e-01 1.000000e-01 1.597504e+00 -0.991655 0.012071 0.035768 0.223008 0.692386 0.028422 0.991655 -0.005747 -0.028530 -0.929449 0.000000 
1.300000e-01 1.003615e-01 9.749245e-02 1.338816e-01 1.000000e-01 1.597504e+00 -0.991655 0.012071 0.035768 0.223008 0.692386 0.028422 0.991655 -0.005747 -0.028530 -0.929449 0.000000 
1.300000e-01 1.003615e-01 9.749245e-02 1.338816e-01 1.000000e-01 1.597504e+00 -0.991655 0.012071 0.035768 0.223008 0.692386 0.028422 0.991655 -0.005747 -0.028530 -0.929449 0.000000 
1.300000e-01 1.003615e-01 9.749245e-02 1.338816e-01 1.000000e-01 1.597504e+00 -0.991655 0.012071 0.035768 0.223008 0.692386 0.028422 0.991655 -0.005747 -0.028530 -0.929449 0.000000 
1.300000e-01 1.003615e-01 9.749245e-02 1.338816e-01 1.000000e-01 1.597504e+00 -0.991655 0.012071 0.035768 0.223008 0.692386 0.028422 0.991655 -0.005747 -0.028530 -0.929449 0.000000 
1.300000e-01 1.003615e-01 9.749245e-02 1.338816e-01 1.000000e-01 1.597504e+00 -0.991655 0.012071 0.035768 0.223008 0.692386 0.028422 0.991655 -0.005747 -0.028530 -0.929449 0.000000 
1.300000e-01 1.003615e-01 9.749245e-02 1.338816e-01 1.000000e-01 1.597504e+00 -0.991655 0.012071 0.035768 0.223008 0.692386 0.028422 0.991655 -0.005747 -0.028530 -0.929449 0.000000 
1.300000e-01 1.003615e-01 9.749245e-02 1.338816e-01 1.000000e-01 1.597504e+00 -0.991655 0.012071 0.035768 0.223008 0.692386 0.028422 0.991655 -0.005747 -0.028530 -0.929449 0.000000 
1.300000e-01 1.003615e-01 9.749245e-02 1.338816e-01 1.000000e-01 1.597504e+00 -0.991655 0.012071 0.035768 0.223008 0.692386 0.028422 0.991655 -0.005747 -0.028530 -0.929449 0.000000 
1.300000e-01 1.003615e-01 9.749245e-02 1.338816e-01 1.000000e-01 1.597504e+00 -0.991655 0.012071 0.035768 0.223008 0.692386 0.028422 0.991655 -0.005747 -0.028530 -0.929449 0.000000 
1.300000e-01 1.003615e-01 9.749245e-02 1.338816e-01 1.000000e-01 1.597504e+00 -0.991655 0.012071 0.035768 0.223008 0.692386 0.028422 0.991655 -0.005747 -0.028530 -0.929449 0.000000 
1.300000e-01 1.003615e-01 9.749245e-02 1.338816e-01 1.000000e-01 1.597504e+00 -0.991655 0.012071 0.035768 0.223008 0.692386 0.028422 0.991655 -0.005747 -0.028530 -0.929449 0.000000 
1.300000e-01 1.003615e-01 9.749245e-02 1.338816e-01 1.000000e-01 1.597504e+00 -0.991655 0.012071 0.035768 0.223008 0.692386 0.028422 0.991655 -0.005747 -0.028530 -0.929449 0.000000 
1.300000e-01 1.003615e-01 9.749245e-02 1.338816e-01 1.000000e-01 1.597504e+00 -0.991655 0.012071 0.035768 0.223008 0.692386 0.028422 0.991655 -0.005747 -0.028530 -0.929449 0.000000 
1.300000e-01 1.003615e-01 9.749245e-02 1.338816e-01 1.000000e-01 1.597504e+00 -0.991655 0.012071 0.035768 0.223008 0.692386 0.028422 0.991655 -0.005747 -0.028530 -0.929449 0.000000 
1.300000e-01 1.003615e-01 9.749245e-02 1.338816e-01 1.000000e-01 1.597504e+00 -0.991655 0.012071 0.035768 0.223008 0.692386 0.028422 0.991655 -0.005747 -0.028530 -0.929449 0.000000 
1.300000e-01 1.003615e-01 9.749245e-02 1.338816e-01 1.000000e-01 1.597504e+00 -0.991655 0.012071 0.035768 0.223008 0.692386 0.028422 0.991655 -0.005747 -0.028530 -0.929449 0.000000 
1.300000e-01 1.003615e-01 9.749245e-02 1.338816e-01 1.000000e-01 1.597504e+00 -0.991655 0.012071 0.035768 0.223008 0.692386 0.028422 0.991655 -0.005747 -0.028530 -0.929449 0.000000 
1.300000e-01 1.003615e-01 9.749245e-02 1.338816e-01 1.000000e-01 1.597504e+00 -0.991655 0.012071 0.035768 0.223008 0.692386 0.028422 0.991655 -0.005747 -0.028530 -0.929449 0.000000 
1.300000e-01 1.003615e-01 9.749245e-02 1.338816e-01 1.000000e-01 1.597504e+00 -0.991655 0.012071 0.035768 0.223008 0.692386 0.028422 0.991655 -0.005747 -0.028530 -0.929449 0.000000 
1.300000e-01 1.003615e-01 9.749245e-02 1.338816e-01 1.000000e-01 1.597504e+00 -0.991655 0.012071 0.035768 0.223008 0.692386 0.028422 0.991655 -0.005747 -0.028530 -0.929449 0.000000 
1.300000e-01 1.003615e-01 9.749245e-02 1.338816e-01 1.000000e-01 1.597504e+00 -0.991655 0.012071 0.035768 0.223008 0.692386 0.028422 0.991655 -0.005747 -0.028530 -0.929449 0.000000 
1.300000e-01 1.003615e-01 9.749245e-02 1.338816e-01 1.000000e-01 1.597504e+00 -0.991655 0.012071 0.035768 0.223008 0.692386 0.028422 0.991655 -0.005747 -0.028530 -0.929449 0.000000 
1.300000e-01 1.003615e-01 9.749245e-02 1.338816e-01 1.000000e-01 1.597504e+00 -0.991655 0.012071 0.035768 0.223008 0.692386 0.028422 0.991655 -0.005747 -0.028530 -0.929449 0.000000 
1.300000e-01 1.003615e-01 9.749245e-02 1.338816e-01 1.000000e-01 1.597504e+00 -0.991655 0.012071 0.035768 0.223008 0.692386 0.028422 0.991655 -0.005747 -0.028530 -0.929449 0.000000 
1.300000e-01 1.003615e-01 9.749245e-02 1.338816e-01 1.000000e-01 1.597504e+00 -0.991655 0.012071 0.035768 0.223008 0.692386 0.028422 0.991655 -0.005747 -0.028530 -0.929449 0.000000 
1.300000e-01 1.003615e-01 9.749245e-02 1.338816e-01 1.000000e-01 1.597504e+00 -0.991655 0.012071 0.035768 0.223008 0.692386 0.028422 0.991655 -0.005747 -0.028530 -0.929449 0.000000 
1.300000e-01 1.003615e-01 9.749245e-02 1.338816e-01 1.000000e-01 1.597504e+00 -0.991655 0.012071 0.035768 0.223008 0.692386 0.028422 0.991655 -0.005747 -0.028530 -0.929449 0.000000 
1.300000e-01 1.003615e-01 9.749245e-02 1.338816e-01 1.000000e-01 1.597504e+00 -0.991655 0.012071 0.035768 0.223008 0.692386 0.028422 0.991655 -0.005747 -0.028530 -0.929449 0.000000 
1.300000e-01 1.003615e-01 9.749245e-02 1.338816e-01 1.000000e-01 1.597504e+00 -0.991655 0.012071 0.035768 0.223008 0.692386 0.028422 0.991655 -0.005747 -0.028530 -0.929449 0.000000 
1.300000e-01 1.003615e-01 9.749245e-02 1.338816e-01 1.000000e-01 1.597504e+00 -0.991655 0.012071 0.035768 0.223008 0.692386 0.028422 0.991655 -0.005747 -0.028530 -0.929449 0.000000 
1.300000e-01 1.003615e-01 9.749245e-02 1.338816e-01 1.000000e-01 1.597504e+00 -0.991655 0.012071 0.035768 0.223008 0.692386 0.028422 0.991655 -0.005747 -0.028530 -0.929449 0.000000 
1.300000e-01 1.003615e-01 9.749245e-02 1.338816e-01 1.000000e-01 1.597504e+00 -0.991655 0.012071 0.035768 0.223008 0.692386 0.028422 0.991655 -0.005747 -0.028530 -0.929449 0.000000 
1.300000e-01 1.003615e-01 9.749245e-02 1.338816e-01 1.000000e-01 1.597504e+00 -0.991655 0.012071 0.035768 0.223008 0.692386 0.028422 0.991655 -0.005747 -0.028530 -0.929449 0.000000 
1.300000e-01 1.003615e-01 9.749245e-02 1.338816e-01 1.000000e-01 1.597504e+00 -0.991655 0.012071 0.035768 0.223008 0.692386 0.028422 0.991655 -0.005747 -0.028530 -0.929449 0.000000 
1.300000e-01 1.003615e-01 9.749245e-02 1.338816e-01 1.000000e-01 1.597504e+00 -0.991655 0.012071 0.035768 0.223008 0.692386 0.028422 0.991655 -0.005747 -0.028530 -0.929449 0.000000 
1.300000e-01 1.003615e-01 9.749245e-02 1.338816e-01 1.000000e-01 1.597504e+00 -0.991655 0.012071 0.035768 0.223008 0.692386 0.028422 0.991655 -0.005747 -0.028530 -0.929449 0.000000 
1.300000e-01 1.003615e-01 9.749245e-02 1.338816e-01 1.000000e-01 1.597504e+00 -0.991655 0.012071 0.035768 0.223008 0.692386 0.028422 0.991655 -0.005747 -0.028530 -0.929449 0.000000 
1.300000e-01 1.003615e-01 9.749245e-02 1.338816e-01 1.000000e-01 1.597504e+00 -0.991655 0.012071 0.035768 0.223008 0.692386 0.028422 0.991655 -0.005747 -0.028530 -0.929449 0.000000 
1.300000e-01 1.003615e-01 9.749245e-02 1.338816e-01 1.000000e-01 1.597504e+00 -0.991655 0.012071 0.035768 0.223008 0.692386 0.028422 0.991655 -0.005747 -0.028530 -0.929449 0.000000 
1.300000e-01 1.003615e-01 9.749245e-02 1.338816e-01 1.000000e-01 1.597504e+00 -0.991655 0.012071 0.035768 0.223008 0.692386 0.028422 0.991655 -0.005747 -0.028530 -0.929449 0.000000 
1.300000e-01 1.003615e-01 9.749245e-02 1.338816e-01 1.000000e-01 1.597504e+00 -0.991655 0.012071 0.035768 0.223008 0.692386 0.028422 0.991655 -0.005747 -0.028530 -0.929449 0.000000 
1.300000e-01 1.003615e-01 9.749245e-02 1.338816e-01 1.000000e-01 1.597504e+00 -0.991655 0.012071 0.035768 0.223008 0.692386 0.028422 0.991655 -0.005747 -0.028530 -0.929449 0.000000 
1.300000e-01 1.003615e-01 9.749245e-02 1.338816e-01 1.000000e-01 1.597504e+00 -0.991655 0.012071 0.035768 0.223008 0.692386 0.028422 0.991655 -0.005747 -0.028530 -0.929449 0.000000 
1.300000e-01 1.003615e-01 9.749245e-02 1.338816e-01 1.000000e-01 1.597504e+00 -0.991655 0.012071 0.035768 0.223008 0.692386 0.028422 0.991655 -0.005747 -0.028530 -0.929449 0.000000 
1.300000e-01 1.003615e-01 9.749245e-02 1.338816e-01 1.000000e-01 1.597504e+00 -0.991655 0.012071 0.035768 0.223008 0.692386 0.028422 0.991655 -0.005747 -0.028530 -0.929449 0.000000 
1.300000e-01 1.003615e-01 9.749245e-02 1.338816e-01 1.000000e-01 1.597504e+00 -0.991655 0.012071 0.035768 0.223008 0.692386 0.028422 0.991655 -0.005747 -0.028530 -0.929449 0.000000 
1.300000e-01 1.003615e-01 9.749245e-02 1.338816e-01 1.000000e-01 1.597504e+00 -0.991655 0.012071 0.035768 0.223008 0.692386 0.028422 0.991655 -0.005747 -0.028530 -0.929449 0.000000 
1.300000e-01 1.003615e-01 9.749245e-02 1.338816e-01 1.000000e-01 1.597504e+00 -0.991655 0.012071 0.035768 0.223008 0.692386 0.028422 0.991655 -0.005747 -0.028530 -0.929449 0.000000 
1.300000e-01 1.003615e-01 9.749245e-02 1.338816e-01 1.000000e-01 1.597504e+00 -0.991655 0.012071 0.035768 0.223008 0.692386 0.028422 0.991655 -0.005747 -0.028530 -0.929449 0.000000 
1.300000e-01 1.003615e-01 9.749245e-02 1.338816e-01 1.000000e-01 1.597504e+00 -0.991655 0.012071 0.035768 0.223008 0.692386 0.028422 0.991655 -0.005747 -0.028530 -0.929449 0.000000 
1.300000e-01 1.003615e-01 9.749245e-02 1.338816e-01 1.000000e-01 1.597504e+00 -0.991655 0.012071 0.035768 0.223008 0.692386 0.028422 0.991655 -0.005747 -0.028530 -0.929449 0.000000 
1.300000e-01 1.003615e-01 9.749245e-02 1.338816e-01 1.000000e-01 1.597504e+00 -0.991655 0.012071 0.035768 0.223008 0.692386 0.028422 0.991655 -0.005747 -0.028530 -0.929449 0.000000 
1.300000e-01 1.003615e-01 9.749245e-02 1.338816e-01 1.000000e-01 1.597504e+00 -0.991655 0.012071 0.035768 0.223008 0.692386 0.028422 0.991655 -0.005747 -0.028530 -0.929449 0.000000 
1.300000e-01 1.003615e-01 9.749245e-02 1.338816e-01 1.000000e-01 1.597504e+00 -0.991655 0.012071 0.035768 0.223008 0.692386 0.028422 0.991655 -0.005747 -0.028530 -0.929449 0.000000 
1.300000e-01 1.003615e-01 9.749245e-02 1.338816e-01 1.000000e-01 1.597504e+00 -0.991655 0.012071 0.035768 0.223008 0.692386 0.028422 0.991655 -0.005747 -0.028530 -0.929449 0.000000 
1.300000e-01 1.003615e-01 9.749245e-02 1.338816e-01 1.000000e-01 1.597504e+00 -0.991655 0.012071 0.035768 0.223008 0.692386 0.028422 0.991655 -0.005747 -0.028530 -0.929449 0.000000 
1.300000e-01 1.003615e-01 9.749245e-02 1.338816e-01 1.000000e-01 1.597504e+00 -0.991655 0.012071 0.035768 0.223008 0.692386 0.028422 0.991655 -0.005747 -0.028530 -0.929449 0.000000 
1.300000e-01 1.003615e-01 9.749245e-02 1.338816e-01 1.000000e-01 1.597504e+00 -0.991655 0.012071 0.035768 0.223008 0.692386 0.028422 0.991655 -0.005747 -0.028530 -0.929449 0.000000 
1.300000e-01 1.003615e-01 9.749245e-02 1.338816e-01 1.000000e-01 1.597504e+00 -0.991655 0.012071 0.035768 0.223008 0.692386 0.028422 0.991655 -0.005747 -0.028530 -0.929449 0.000000 
1.300000e-01 1.003615e-01 9.749245e-02 1.338816e-01 1.000000e-01 1.597504e+00 -0.991655 0.012071 0.035768 0.223008 0.692386 0.028422 0.991655 -0.005747 -0.028530 -0.929449 0.000000 
1.300000e-01 1.003615e-01 9.749245e-02 1.338816e-01 1.000000e-01 1.597504e+00 -0.991655 0.012071 0.035768 0.223008 0.692386 0.028422 0.991655 -0.005747 -0.028530 -0.929449 0.000000 
1.300000e-01 1.003615e-01 9.749245e-02 1.338816e-01 1.000000e-01 1.597504e+00 -0.991655 0.012071 0.035768 0.223008 0.692386 0.028422 0.991655 -0.005747 -0.028530 -0.929449 0.000000 
1.300000e-01 1.003615e-01 9.749245e-02 1.338816e-01 1.000000e-01 1.597504e+00 -0.991655 0.012071 0.035768 0.223008 0.692386 0.028422 0.991655 -0.005747 -0.028530 -0.929449 0.000000 
1.300000e-01 1.003615e-01 9.749245e-02 1.338816e-01 1.000000e-01 1.597504e+00 -0.991655 0.012071 0.035768 0.223008 0.692386 0.028422 0.991655 -0.005747 -0.028530 -0.929449 0.000000 
1.300000e-01 1.003615e-01 9.749245e-02 1.338816e-01 1.000000e-01 1.597504e+00 -0.991655 0.012071 0.035768 0.223008 0.692386 0.028422 0.991655 -0.005747 -0.028530 -0.929449 0.000000 
1.300000e-01 1.003615e-01 9.749245e-02 1.338816e-01 1.000000e-01 1.597504e+00 -0.991655 0.012071 0.035768 0.223008 0.692386 0.028422 0.991655 -0.005747 -0.028530 -0.929449 0.000000 
1.300000e-01 1.003615e-01 9.749245e-02 1.338816e-01 1.000000e-01 1.597504e+00 -0.991655 0.012071 0.035768 0.223008 0.692386 0.028422 0.991655 -0.005747 -0.028530 -0.929449 0.000000 
1.300000e-01 1.003615e-01 9.749245e-02 1.338816e-01 1.000000e-01 1.597504e+00 -0.991655 0.012071 0.035768 0.223008 0.692386 0.028422 0.991655 -0.005747 -0.028530 -0.929449 0.000000 
1.300000e-01 1.003615e-01 9.749245e-02 1.338816e-01 1.000000e-01 1.597504e+00 -0.991655 0.012071 0.035768 0.223008 0.692386 0.028422 0.991655 -0.005747 -0.028530 -0.929449 0.000000 
1.300000e-01 1.003615e-01 9.749245e-02 1.338816e-01 1.000000e-01 1.597504e+00 -0.991655 0.012071 0.035768 0.223008 0.692386 0.028422 0.991655 -0.005747 -0.028530 -0.929449 0.000000 
1.300000e-01 1.003615e-01 9.749245e-02 1.338816e-01 1.000000e-01 1.597504e+00 -0.991655 0.012071 0.035768 0.223008 0.692386 0.028422 0.991655 -0.005747 -0.028530 -0.929449 0.000000 
1.300000e-01 1.003615e-01 9.749245e-02 1.338816e-01 1.000000e-01 1.597504e+00 -0.991655 0.012071 0.035768 0.223008 0.692386 0.028422 0.991655 -0.005747 -0.028530 -0.929449 0.000000 
1.300000e-01 1.003615e-01 9.749245e-02 1.338816e-01 1.000000e-01 1.597504e+00 -0.991655 0.012071 0.035768 0.223008 0.692386 0.028422 0.991655 -0.005747 -0.028530 -0.929449 0.000000 
1.300000e-01 1.003615e-01 9.749245e-02 1.338816e-01 1.000000e-01 1.597504e+00 -0.991655 0.012071 0.035768 0.223008 0.692386 0.028422 0.991655 -0.005747 -0.028530 -0.929449 0.000000 
1.300000e-01 1.003615e-01 9.749245e-02 1.338816e-01 1.000000e-01 1.597504e+00 -0.991655 0.012071 0.035768 0.223008 0.692386 0.028422 0.991655 -0.005747 -0.028530 -0.929449 0.000000 
1.300000e-01 1.003615e-01 9.749245e-02 1.338816e-01 1.000000e-01 1.597504e+00 -0.991655 0.012071 0.035768 0.223008 0.692386 0.028422 0.991655 -0.005747 -0.028530 -0.929449 0.000000 
1.300000e-01 1.003615e-01 9.749245e-02 1.338816e-01 1.000000e-01 1.597504e+00 -0.991655 0.012071 0.035768 0.223008 0.692386 0.028422 0.991655 -0.005747 -0.028530 -0.929449 0.000000 
1.300000e-01 1.003615e-01 9.749245e-02 1.338816e-01 1.000000e-01 1.597504e+00 -0.991655 0.012071 0.035768 0.223008 0.692386 0.028422 0.991655 -0.005747 -0.028530 -0.929449 0.000000 
1.300000e-01 1.003615e-01 9.749245e-02 1.338816e-01 1.000000e-01 1.597504e+00 -0.991655 0.012071 0.035768 0.223008 0.692386 0.028422 0.991655 -0.005747 -0.028530 -0.929449 0.000000 
1.300000e-01 1.003615e-01 9.749245e-02 1.338816e-01 1.000000e-01 1.597504e+00 -0.991655 0.012071 0.035768 0.223008 0.692386 0.028422 0.991655 -0.005747 -0.028530 -0.929449 0.000000 
1.300000e-01 1.003615e-01 9.749245e-02 1.338816e-01 1.000000e-01 1.597504e+00 -0.991655 0.012071 0.035768 0.223008 0.692386 0.028422 0.991655 -0.005747 -0.028530 -0.929449 0.000000 
1.300000e-01 1.003615e-01 9.749245e-02 1.338816e-01 1.000000e-01 1.597504e+00 -0.991655 0.012071 0.035768 0.223008 0.692386 0.028422 0.991655 -0.005747 -0.028530 -0.929449 0.000000 
1.300000e-01 1.003615e-01 9.749245e-02 1.338816e-01 1.000000e-01 1.597504e+00 -0.991655 0.012071 0.035768 0.223008 0.692386 0.028422 0.991655 -0.005747 -0.028530 -0.929449 0.000000 
1.300000e-01 1.003615e-01 9.749245e-02 1.338816e-01 1.000000e-01 1.597504e+00 -0.991655 0.012071 0.035768 0.223008 0.692386 0.028422 0.991655 -0.005747 -0.028530 -0.929449 0.000000 
1.300000e-01 1.003615e-01 9.749245e-02 1.338816e-01 1.000000e-01 1.597504e+00 -0.991655 0.012071 0.035768 0.223008 0.692386 0.028422 0.991655 -0.005747 -0.028530 -0.929449 0.000000 
1.300000e-01 1.003615e-01 9.749245e-02 1.338816e-01 1.000000e-01 1.597504e+00 -0.991655 0.012071 0.035768 0.223008 0.692386 0.028422 0.991655 -0.005747 -0.028530 -0.929449 0.000000 
1.300000e-01 1.003615e-01 9.749245e-02 1.338816e-01 1.000000e-01 1.597504e+00 -0.991655 0.012071 0.035768 0.223008 0.692386 0.028422 0.991655 -0.005747 -0.028530 -0.929449 0.000000 
1.300000e-01 1.003615e-01 9.749245e-02 1.338816e-01 1.000000e-01 1.597504e+00 -0.991655 0.012071 0.035768 0.223008 0.692386 0.028422 0.991655 -0.005747 -0.028530 -0.929449 0.000000 
1.300000e-01 1.003615e-01 9.749245e-02 1.338816e-01 1.000000e-01 1.597504e+00 -0.991655 0.012071 0.035768 0.223008 0.692386 0.028422 0.991655 -0.005747 -0.028530 -0.929449 0.000000 
1.300000e-01 1.003615e-01 9.749245e-02 1.338816e-01 1.000000e-01 1.597504e+00 -0.991655 0.012071 0.035768 0.223008 0.692386 0.028422 0.991655 -0.005747 -0.028530 -0.929449 0.000000 
1.300000e-01 1.003615e-01 9.749245e-02 1.338816e-01 1.000000e-01 1.597504e+00 -0.991655 0.012071 0.035768 0.223008 0.692386 0.028422 0.991655 -0.005747 -0.028530 -0.929449 0.000000 
1.300000e-01 1.003615e-01 9.749245e-02 1.338816e-01 1.000000e-01 1.597504e+00 -0.991655 0.012071 0.035768 0.223008 0.692386 0.028422 0.991655 -0.005747 -0.028530 -0.929449 0.000000 
1.300000e-01 1.003615e-01 9.749245e-02 1.338816e-01 1.000000e-01 1.597504e+00 -0.991655 0.012071 0.035768 0.223008 0.692386 0.028422 0.991655 -0.005747 -0.028530 -0.929449 0.000000 
1.300000e-01 1.003615e-01 9.749245e-02 1.338816e-01 1.000000e-01 1.597504e+00 -0.991655 0.012071 0.035768 0.223008 0.692386 0.028422 0.991655 -0.005747 -0.028530 -0.929449 0.000000 
1.300000e-01 1.003615e-01 9.749245e-02 1.338816e-01 1.000000e-01 1.597504e+00 -0.991655 0.012071 0.035768 0.223008 0.692386 0.028422 0.991655 -0.005747 -0.028530 -0.929449 0.000000 
1.300000e-01 1.003615e-01 9.749245e-02 1.338816e-01 1.000000e-01 1.597504e+00 -0.991655 0.012071 0.035768 0.223008 0.692386 0.028422 0.991655 -0.005747 -0.028530 -0.929449 0.000000 
1.300000e-01 1.003615e-01 9.749245e-02 1.338816e-01 1.000000e-01 1.597504e+00 -0.991655 0.012071 0.035768 0.223008 0.692386 0.028422 0.991655 -0.005747 -0.028530 -0.929449 0.000000 
1.300000e-01 1.003615e-01 9.749245e-02 1.338816e-01 1.000000e-01 1.597504e+00 -0.991655 0.012071 0.035768 0.223008 0.692386 0.028422 0.991655 -0.005747 -0.028530 -0.929449 0.000000 
1.300000e-01 1.003615e-01 9.749245e-02 1.338816e-01 1.000000e-01 1.597504e+00 -0.991655 0.012071 0.035768 0.223008 0.692386 0.028422 0.991655 -0.005747 -0.028530 -0.929449 0.000000 
1.300000e-01 1.003615e-01 9.749245e-02 1.338816e-01 1.000000e-01 1.597504e+00 -0.991655 0.012071 0.035768 0.223008 0.692386 0.028422 0.991655 -0.005747 -0.028530 -0.929449 0.000000 
1.300000e-01 1.003615e-01 9.749245e-02 1.338816e-01 1.000000e-01 1.597504e+00 -0.991655 0.012071 0.035768 0.223008 0.692386 0.028422 0.991655 -0.005747 -0.028530 -0.929449 0.000000 
1.300000e-01 1.003615e-01 9.749245e-02 1.338816e-01 1.000000e-01 1.597504e+00 -0.991655 0.012071 0.035768 0.223008 0.692386 0.028422 0.991655 -0.005747 -0.028530 -0.929449 0.000000 
1.300000e-01 1.003615e-01 9.749245e-02 1.338816e-01 1.000000e-01 1.597504e+00 -0.991655 0.012071 0.035768 0.223008 0.692386 0.028422 0.991655 -0.005747 -0.028530 -0.929449 0.000000 
1.300000e-01 1.003615e-01 9.749245e-02 1.338816e-01 1.000000e-01 1.597504e+00 -0.991655 0.012071 0.035768 0.223008 0.692386 0.028422 0.991655 -0.005747 -0.028530 -0.929449 0.000000 
1.300000e-01 1.003615e-01 9.749245e-02 1.338816e-01 1.000000e-01 1.597504e+00 -0.991655 0.012071 0.035768 0.223008 0.692386 0.028422 0.991655 -0.005747 -0.028530 -0.929449 0.000000 
1.300000e-01 1.003615e-01 9.749245e-02 1.338816e-01 1.000000e-01 1.597504e+00 -0.991655 0.012071 0.035768 0.223008 0.692386 0.028422 0.991655 -0.005747 -0.028530 -0.929449 0.000000 
1.300000e-01 1.003615e-01 9.749245e-02 1.338816e-01 1.000000e-01 1.597504e+00 -0.991655 0.012071 0.035768 0.223008 0.692386 0.028422 0.991655 -0.005747 -0.028530 -0.929449 0.000000 
1.300000e-01 1.003615e-01 9.749245e-02 1.338816e-01 1.000000e-01 1.597504e+00 -0.991655 0.012071 0.035768 0.223008 0.692386 0.028422 0.991655 -0.005747 -0.028530 -0.929449 0.000000 
1.300000e-01 1.003615e-01 9.749245e-02 1.338816e-01 1.000000e-01 1.597504e+00 -0.991655 0.012071 0.035768 0.223008 0.692386 0.028422 0.991655 -0.005747 -0.028530 -0.929449 0.000000 
1.300000e-01 1.003615e-01 9.749245e-02 1.338816e-01 1.000000e-01 1.597504e+00 -0.991655 0.012071 0.035768 0.223008 0.692386 0.028422 0.991655 -0.005747 -0.028530 -0.929449 0.000000 
1.300000e-01 1.003615e-01 9.749245e-02 1.338816e-01 1.000000e-01 1.597504e+00 -0.991655 0.012071 0.035768 0.223008 0.692386 0.028422 0.991655 -0.005747 -0.028530 -0.929449 0.000000 
1.300000e-01 1.003615e-01 9.749245e-02 1.338816e-01 1.000000e-01 1.597504e+00 -0.991655 0.012071 0.035768 0.223008 0.692386 0.028422 0.991655 -0.005747 -0.028530 -0.929449 0.000000 
