# TeX TeY TeZ ThX ThY THZ P1 P2
1.250000e-01 1.000000e-01 1.320000e+00 1.250000e-01 1.000000e-01 1.320000e+00 0.000000 0.000000 0.000000 0.000000 0.000000 0.000000 0.000000 0.000000 0.000000 0.000000 0.000000 
1.250001e-01 1.000000e-01 1.310994e+00 1.249999e-01 1.000000e-01 1.327245e+00 -0.010737 0.001105 0.002392 0.002800 0.003171 0.001268 0.010737 -0.001378 -0.002757 -0.002759 0.000000 
1.250002e-01 1.000000e-01 1.301922e+00 1.249997e-01 1.000000e-01 1.334464e+00 -0.021499 0.002218 0.004796 0.005606 0.006344 0.002536 0.021499 -0.002759 -0.005520 -0.005525 0.000000 
1.250003e-01 1.000000e-01 1.292786e+00 1.249996e-01 1.000000e-01 1.341655e+00 -0.032286 0.003330 0.007202 0.008420 0.009526 0.003808 0.032286 -0.004144 -0.008289 -0.008297 0.000000 
1.250004e-01 1.000000e-01 1.283585e+00 1.249994e-01 1.000000e-01 1.348819e+00 -0.043098 0.004440 0.009609 0.011244 0.012721 0.005084 0.043098 -0.005531 -0.011065 -0.011075 0.000000 
1.250005e-01 1.000000e-01 1.274321e+00 1.249992e-01 1.000000e-01 1.355954e+00 -0.053932 0.005542 0.012009 0.014077 0.015935 0.006369 0.053932 -0.006922 -0.013846 -0.013859 0.000000 
1.250005e-01 1.000000e-01 1.264994e+00 1.249989e-01 1.000000e-01 1.363062e+00 -0.064790 0.006631 0.014397 0.016924 0.019174 0.007663 0.064790 -0.008315 -0.016634 -0.016649 0.000000 
1.250006e-01 1.000000e-01 1.255604e+00 1.249987e-01 1.000000e-01 1.370140e+00 -0.075670 0.007706 0.016771 0.019783 0.022441 0.008969 0.075670 -0.009712 -0.019427 -0.019445 0.000000 
1.250006e-01 1.000000e-01 1.246152e+00 1.249984e-01 1.000000e-01 1.377190e+00 -0.086572 0.008756 0.019118 0.022660 0.025748 0.010290 0.086572 -0.011111 -0.022226 -0.022247 0.000000 
1.250007e-01 1.000000e-01 1.236639e+00 1.249980e-01 1.000000e-01 1.384210e+00 -0.097495 0.009782 0.021439 0.025554 0.029093 0.011627 0.097495 -0.012513 -0.025030 -0.025054 0.000000 
1.250007e-01 1.000000e-01 1.227064e+00 1.249976e-01 1.000000e-01 1.391200e+00 -0.108439 0.010773 0.023723 0.028471 0.032488 0.012984 0.108439 -0.013917 -0.027840 -0.027866 0.000000 
1.250007e-01 1.000000e-01 1.217429e+00 1.249972e-01 1.000000e-01 1.398160e+00 -0.119403 0.011725 0.025965 0.031413 0.035938 0.014361 0.119403 -0.015325 -0.030655 -0.030683 0.000000 
1.250007e-01 1.000000e-01 1.207734e+00 1.249967e-01 1.000000e-01 1.405090e+00 -0.130387 0.012635 0.028163 0.034383 0.039446 0.015759 0.130386 -0.016734 -0.033475 -0.033506 0.000000 
1.250008e-01 1.000000e-01 1.197979e+00 1.249961e-01 1.000000e-01 1.411988e+00 -0.141389 0.013486 0.030295 0.037392 0.043031 0.017185 0.141389 -0.018146 -0.036299 -0.036333 0.000000 
1.250008e-01 1.000000e-01 1.188165e+00 1.249954e-01 1.000000e-01 1.418855e+00 -0.152409 0.014279 0.032367 0.040441 0.046688 0.018633 0.152409 -0.019561 -0.039129 -0.039165 0.000000 
1.250008e-01 1.000000e-01 1.178293e+00 1.249947e-01 1.000000e-01 1.425691e+00 -0.163447 0.015002 0.034365 0.043541 0.050431 0.020108 0.163447 -0.020977 -0.041963 -0.042001 0.000000 
1.250008e-01 1.000000e-01 1.168363e+00 1.249938e-01 1.000000e-01 1.432494e+00 -0.174502 0.015640 0.036272 0.046704 0.054275 0.021610 0.174502 -0.022396 -0.044801 -0.044842 0.000000 
1.250008e-01 1.000000e-01 1.158375e+00 1.249928e-01 1.000000e-01 1.439265e+00 -0.185574 0.016192 0.038090 0.049936 0.058219 0.023137 0.185573 -0.023817 -0.047643 -0.047687 0.000000 
1.250008e-01 1.000000e-01 1.148330e+00 1.249917e-01 1.000000e-01 1.446002e+00 -0.196661 0.016634 0.039792 0.053260 0.062286 0.024689 0.196661 -0.025240 -0.050490 -0.050537 0.000000 
1.250008e-01 1.000000e-01 1.138229e+00 1.249905e-01 1.000000e-01 1.452706e+00 -0.207764 0.016954 0.041366 0.056693 0.066487 0.026262 0.207763 -0.026665 -0.053340 -0.053390 0.000000 
1.250008e-01 1.000000e-01 1.128072e+00 1.249890e-01 1.000000e-01 1.459376e+00 -0.218881 0.017148 0.042808 0.060247 0.070825 0.027851 0.218880 -0.028092 -0.056194 -0.056246 0.000000 
1.250008e-01 1.000000e-01 1.117859e+00 1.249874e-01 1.000000e-01 1.466012e+00 -0.230012 0.017180 0.044078 0.063968 0.075336 0.029449 0.230011 -0.029520 -0.059052 -0.059107 0.000000 
1.250008e-01 1.000000e-01 1.107591e+00 1.249855e-01 1.000000e-01 1.472613e+00 -0.241156 0.017035 0.045158 0.067884 0.080032 0.031046 0.241156 -0.030951 -0.061913 -0.061971 0.000000 
1.250008e-01 1.000000e-01 1.097269e+00 1.249834e-01 1.000000e-01 1.479179e+00 -0.252314 0.016708 0.046037 0.072019 0.084920 0.032628 0.252313 -0.032383 -0.064778 -0.064838 0.000000 
1.250008e-01 1.000000e-01 1.086892e+00 1.249810e-01 1.000000e-01 1.485709e+00 -0.263483 0.016155 0.046661 0.076444 0.090046 0.034175 0.263483 -0.033816 -0.067645 -0.067708 0.000000 
1.250008e-01 1.000000e-01 1.076462e+00 1.249782e-01 1.000000e-01 1.492203e+00 -0.274664 0.015346 0.046981 0.081231 0.095446 0.035659 0.274664 -0.035251 -0.070516 -0.070581 0.000000 
1.250008e-01 1.000000e-01 1.065979e+00 1.249751e-01 1.000000e-01 1.498660e+00 -0.285856 0.014278 0.046981 0.086417 0.101128 0.037051 0.285856 -0.036688 -0.073389 -0.073457 0.000000 
1.250009e-01 1.000000e-01 1.055443e+00 1.249716e-01 1.000000e-01 1.505078e+00 -0.297058 0.012922 0.046602 0.092085 0.107133 0.038313 0.297057 -0.038125 -0.076265 -0.076336 0.000000 
1.250009e-01 1.000000e-01 1.044855e+00 1.249676e-01 1.000000e-01 1.511458e+00 -0.308268 0.011194 0.045693 0.098445 0.113576 0.039358 0.308267 -0.039564 -0.079143 -0.079216 0.000000 
1.250009e-01 1.000000e-01 1.034215e+00 1.249631e-01 1.000000e-01 1.517797e+00 -0.319486 0.009120 0.044243 0.105529 0.120450 0.040144 0.319485 -0.041004 -0.082023 -0.082099 0.000000 
1.250009e-01 1.000000e-01 1.023524e+00 1.249581e-01 1.000000e-01 1.524095e+00 -0.330711 0.006671 0.042151 0.113478 0.127818 0.040591 0.330711 -0.042445 -0.084905 -0.084984 0.000000 
1.250009e-01 1.000000e-01 1.012782e+00 1.249524e-01 1.000000e-01 1.530353e+00 -0.341943 0.003800 0.039253 0.122525 0.135785 0.040578 0.341943 -0.043886 -0.087789 -0.087870 0.000000 
1.250009e-01 1.000000e-01 1.001990e+00 1.249460e-01 1.000000e-01 1.536568e+00 -0.353181 0.000449 0.035307 0.133007 0.144494 0.039922 0.353181 -0.045328 -0.090674 -0.090758 0.000000 
1.250009e-01 1.000000e-01 9.911478e-01 1.249388e-01 1.000000e-01 1.542741e+00 -0.364423 -0.003348 0.030237 0.145040 0.153952 0.038540 0.364423 -0.046771 -0.093560 -0.093647 0.000000 
1.250009e-01 1.000000e-01 9.802561e-01 1.249303e-01 1.000000e-01 1.548870e+00 -0.375668 -0.007601 0.023846 0.158917 0.164230 0.036274 0.375667 -0.048214 -0.096447 -0.096536 0.000000 
1.250009e-01 1.000000e-01 9.693154e-01 1.249198e-01 1.000000e-01 1.554954e+00 -0.386911 -0.012308 0.015920 0.174974 0.175365 0.032957 0.386910 -0.049657 -0.099333 -0.099425 0.000000 
1.250009e-01 1.000000e-01 9.583261e-01 1.249054e-01 1.000000e-01 1.560988e+00 -0.398144 -0.017516 0.005963 0.194029 0.187436 0.028230 0.398143 -0.051099 -0.102217 -0.102312 0.000000 
1.250009e-01 1.000000e-01 9.472886e-01 1.248831e-01 1.000000e-01 1.566968e+00 -0.409351 -0.023108 -0.005939 0.216209 0.200054 0.022133 0.409350 -0.052537 -0.105095 -0.105192 0.000000 
1.250009e-01 1.000000e-01 9.362033e-01 1.248434e-01 1.000000e-01 1.572878e+00 -0.420503 -0.028982 -0.019762 0.242005 0.212579 0.014661 0.420502 -0.053969 -0.107958 -0.108058 0.000000 
1.250009e-01 1.000000e-01 9.250707e-01 1.247638e-01 1.000000e-01 1.578691e+00 -0.431537 -0.034960 -0.035181 0.272076 0.223604 0.005996 0.431537 -0.055385 -0.110790 -0.110893 0.000000 
1.250009e-01 1.000000e-01 9.138912e-01 1.245839e-01 1.000000e-01 1.584339e+00 -0.442335 -0.040720 -0.051288 0.307690 0.230001 -0.003350 0.442334 -0.056771 -0.113563 -0.113668 0.000000 
1.250009e-01 1.000000e-01 9.026652e-01 1.241203e-01 1.000000e-01 1.589669e+00 -0.452693 -0.045731 -0.066296 0.353097 0.224039 -0.012418 0.452692 -0.058100 -0.116222 -0.116330 0.000000 
1.250009e-01 1.000000e-01 8.913931e-01 1.227731e-01 1.000000e-01 1.594365e+00 -0.462493 -0.049586 -0.078464 0.428339 0.182752 -0.020550 0.462493 -0.059358 -0.118738 -0.118848 0.000000 
1.250009e-01 1.000000e-01 8.800753e-01 1.206533e-01 1.000000e-01 1.597512e+00 -0.472527 -0.053918 -0.092522 0.573217 0.075837 -0.030090 0.472526 -0.060646 -0.121314 -0.121426 0.000000 
1.250009e-01 1.000000e-01 8.687123e-01 1.206533e-01 1.000000e-01 1.597512e+00 -0.480034 -0.052955 -0.090595 0.575146 0.077777 -0.029342 0.480033 -0.061609 -0.123241 -0.123356 0.000000 
1.250009e-01 1.000000e-01 8.573043e-01 1.206533e-01 1.000000e-01 1.597512e+00 -0.487571 -0.051988 -0.088660 0.577083 0.079725 -0.028591 0.487570 -0.062576 -0.125176 -0.125292 0.000000 
1.250009e-01 1.000000e-01 8.458519e-01 1.206533e-01 1.000000e-01 1.597512e+00 -0.495137 -0.051017 -0.086717 0.579027 0.081680 -0.027838 0.495137 -0.063548 -0.127119 -0.127237 0.000000 
1.250009e-01 1.000000e-01 8.343554e-01 1.206533e-01 1.000000e-01 1.597512e+00 -0.502733 -0.050042 -0.084767 0.580979 0.083643 -0.027082 0.502732 -0.064522 -0.129069 -0.129189 0.000000 
1.250009e-01 1.000000e-01 8.228151e-01 1.206533e-01 1.000000e-01 1.597512e+00 -0.510357 -0.049063 -0.082810 0.582938 0.085613 -0.026322 0.510357 -0.065501 -0.131026 -0.131148 0.000000 
1.250009e-01 1.000000e-01 8.112315e-01 1.206533e-01 1.000000e-01 1.597512e+00 -0.518010 -0.048081 -0.080845 0.584905 0.087590 -0.025560 0.518010 -0.066483 -0.132991 -0.133114 0.000000 
1.250009e-01 1.000000e-01 7.996050e-01 1.206533e-01 1.000000e-01 1.597512e+00 -0.525692 -0.047095 -0.078873 0.586879 0.089575 -0.024795 0.525691 -0.067469 -0.134963 -0.135088 0.000000 
1.250009e-01 1.000000e-01 7.879359e-01 1.206533e-01 1.000000e-01 1.597512e+00 -0.533401 -0.046106 -0.076894 0.588860 0.091567 -0.024028 0.533401 -0.068458 -0.136943 -0.137069 0.000000 
1.250009e-01 9.999999e-02 7.762246e-01 1.206533e-01 1.000000e-01 1.597512e+00 -0.541139 -0.045113 -0.074908 0.590848 0.093566 -0.023257 0.541138 -0.069451 -0.138929 -0.139058 0.000000 
1.250009e-01 9.999999e-02 7.644715e-01 1.206533e-01 1.000000e-01 1.597512e+00 -0.548904 -0.044116 -0.072914 0.592844 0.095573 -0.022484 0.548903 -0.070448 -0.140923 -0.141053 0.000000 
1.250009e-01 9.999999e-02 7.526769e-01 1.206533e-01 1.000000e-01 1.597512e+00 -0.556696 -0.043116 -0.070914 0.594846 0.097586 -0.021708 0.556696 -0.071448 -0.142923 -0.143056 0.000000 
1.250009e-01 9.999999e-02 7.408411e-01 1.206533e-01 1.000000e-01 1.597512e+00 -0.564516 -0.042113 -0.068906 0.596856 0.099607 -0.020929 0.564515 -0.072452 -0.144931 -0.145065 0.000000 
1.250009e-01 9.999999e-02 7.289646e-01 1.206533e-01 1.000000e-01 1.597512e+00 -0.572362 -0.041106 -0.066892 0.598872 0.101634 -0.020148 0.572362 -0.073459 -0.146945 -0.147081 0.000000 
1.250009e-01 9.999999e-02 7.170477e-01 1.206533e-01 1.000000e-01 1.597512e+00 -0.580236 -0.040095 -0.064870 0.600895 0.103668 -0.019364 0.580235 -0.074469 -0.148966 -0.149105 0.000000 
1.250009e-01 9.999998e-02 7.050908e-01 1.206533e-01 1.000000e-01 1.597512e+00 -0.588135 -0.039081 -0.062842 0.602925 0.105709 -0.018578 0.588135 -0.075483 -0.150995 -0.151135 0.000000 
1.250009e-01 9.999998e-02 6.930941e-01 1.206533e-01 1.000000e-01 1.597512e+00 -0.596061 -0.038064 -0.060807 0.604962 0.107757 -0.017788 0.596061 -0.076500 -0.153029 -0.153171 0.000000 
1.250009e-01 9.999998e-02 6.810581e-01 1.206533e-01 1.000000e-01 1.597512e+00 -0.604013 -0.037044 -0.058766 0.607005 0.109812 -0.016997 0.604013 -0.077521 -0.155071 -0.155215 0.000000 
1.250009e-01 9.999997e-02 6.689830e-01 1.206533e-01 1.000000e-01 1.597512e+00 -0.611991 -0.036020 -0.056718 0.609056 0.111873 -0.016202 0.611990 -0.078545 -0.157119 -0.157265 0.000000 
1.250009e-01 9.999997e-02 6.568692e-01 1.206533e-01 1.000000e-01 1.597512e+00 -0.619994 -0.034993 -0.054663 0.611112 0.113941 -0.015405 0.619994 -0.079572 -0.159174 -0.159321 0.000000 
1.250009e-01 9.999996e-02 6.447170e-01 1.206533e-01 1.000000e-01 1.597512e+00 -0.628023 -0.033962 -0.052602 0.613175 0.116016 -0.014606 0.628022 -0.080602 -0.161235 -0.161385 0.000000 
1.250009e-01 9.999995e-02 6.325268e-01 1.206533e-01 1.000000e-01 1.597512e+00 -0.636077 -0.032928 -0.050534 0.615245 0.118097 -0.013804 0.636076 -0.081636 -0.163303 -0.163454 0.000000 
1.250009e-01 9.999994e-02 6.202989e-01 1.206533e-01 1.000000e-01 1.597512e+00 -0.644155 -0.031892 -0.048460 0.617321 0.120184 -0.013000 0.644155 -0.082673 -0.165377 -0.165530 0.000000 
1.250009e-01 9.999993e-02 6.080335e-01 1.206533e-01 1.000000e-01 1.597512e+00 -0.652259 -0.030852 -0.046380 0.619403 0.122278 -0.012193 0.652258 -0.083713 -0.167457 -0.167613 0.000000 
1.250009e-01 9.999992e-02 5.957311e-01 1.206533e-01 1.000000e-01 1.597512e+00 -0.660387 -0.029808 -0.044293 0.621492 0.124378 -0.011383 0.660386 -0.084756 -0.169544 -0.169701 0.000000 
1.250009e-01 9.999990e-02 5.833919e-01 1.206533e-01 1.000000e-01 1.597512e+00 -0.668539 -0.028762 -0.042200 0.623587 0.126484 -0.010572 0.668539 -0.085802 -0.171637 -0.171796 0.000000 
1.250009e-01 9.999988e-02 5.710162e-01 1.206533e-01 1.000000e-01 1.597512e+00 -0.676715 -0.027713 -0.040101 0.625688 0.128597 -0.009758 0.676715 -0.086852 -0.173736 -0.173897 0.000000 
1.250009e-01 9.999985e-02 5.586044e-01 1.206533e-01 1.000000e-01 1.597512e+00 -0.684916 -0.026660 -0.037995 0.627795 0.130716 -0.008941 0.684915 -0.087904 -0.175841 -0.176005 0.000000 
1.250009e-01 9.999982e-02 5.461567e-01 1.206533e-01 1.000000e-01 1.597512e+00 -0.693140 -0.025605 -0.035884 0.629909 0.132841 -0.008122 0.693139 -0.088959 -0.177953 -0.178118 0.000000 
1.250009e-01 9.999979e-02 5.336734e-01 1.206533e-01 1.000000e-01 1.597512e+00 -0.701387 -0.024546 -0.033767 0.632028 0.134972 -0.007301 0.701387 -0.090018 -0.180070 -0.180237 0.000000 
1.250009e-01 9.999974e-02 5.211548e-01 1.206533e-01 1.000000e-01 1.597512e+00 -0.709658 -0.023485 -0.031643 0.634153 0.137109 -0.006477 0.709657 -0.091079 -0.182194 -0.182363 0.000000 
1.250009e-01 9.999969e-02 5.086013e-01 1.206533e-01 1.000000e-01 1.597512e+00 -0.717952 -0.022420 -0.029514 0.636285 0.139252 -0.005652 0.717951 -0.092144 -0.184323 -0.184494 0.000000 
1.250009e-01 9.999962e-02 4.960131e-01 1.206533e-01 1.000000e-01 1.597512e+00 -0.726268 -0.021353 -0.027379 0.638422 0.141400 -0.004823 0.726268 -0.093211 -0.186458 -0.186632 0.000000 
1.250009e-01 9.999954e-02 4.833905e-01 1.206533e-01 1.000000e-01 1.597512e+00 -0.734608 -0.020283 -0.025238 0.640565 0.143555 -0.003993 0.734607 -0.094281 -0.188599 -0.188775 0.000000 
1.250009e-01 9.999944e-02 4.707338e-01 1.206533e-01 1.000000e-01 1.597512e+00 -0.742970 -0.019209 -0.023091 0.642714 0.145716 -0.003160 0.742969 -0.095354 -0.190746 -0.190925 0.000000 
1.250009e-01 9.999932e-02 4.580432e-01 1.206533e-01 1.000000e-01 1.597512e+00 -0.751354 -0.018133 -0.020938 0.644868 0.147882 -0.002326 0.751354 -0.096429 -0.192899 -0.193081 0.000000 
1.250009e-01 9.999918e-02 4.453190e-01 1.206533e-01 1.000000e-01 1.597512e+00 -0.759761 -0.017054 -0.018780 0.647028 0.150054 -0.001489 0.759760 -0.097507 -0.195057 -0.195243 0.000000 
1.250009e-01 9.999900e-02 4.325616e-01 1.206533e-01 1.000000e-01 1.597512e+00 -0.768189 -0.015973 -0.016616 0.649194 0.152232 -0.000649 0.768189 -0.098588 -0.197221 -0.197411 0.000000 
1.250009e-01 9.999878e-02 4.197711e-01 1.206533e-01 1.000000e-01 1.597512e+00 -0.776640 -0.014888 -0.014447 0.651366 0.154415 0.000192 0.776639 -0.099670 -0.199391 -0.199587 0.000000 
1.250009e-01 9.999852e-02 4.069479e-01 1.206533e-01 1.000000e-01 1.597512e+00 -0.785112 -0.013801 -0.012272 0.653543 0.156604 0.001036 0.785111 -0.100754 -0.201566 -0.201770 0.000000 
1.250009e-01 9.999819e-02 3.940922e-01 1.206533e-01 1.000000e-01 1.597512e+00 -0.793605 -0.012711 -0.010091 0.655725 0.158799 0.001881 0.793605 -0.101840 -0.203747 -0.203962 0.000000 
1.250009e-01 9.999780e-02 3.812043e-01 1.206533e-01 1.000000e-01 1.597512e+00 -0.802120 -0.011618 -0.007905 0.657914 0.160999 0.002729 0.802120 -0.102925 -0.205933 -0.206165 0.000000 
1.250009e-01 9.999731e-02 3.682843e-01 1.206533e-01 1.000000e-01 1.597512e+00 -0.810656 -0.010522 -0.005713 0.660107 0.163205 0.003579 0.810656 -0.104010 -0.208126 -0.208380 0.000000 
1.250009e-01 9.999672e-02 3.553327e-01 1.206533e-01 1.000000e-01 1.597512e+00 -0.819213 -0.009424 -0.003517 0.662306 0.165416 0.004431 0.819213 -0.105092 -0.210324 -0.210612 0.000000 
1.250009e-01 9.999600e-02 3.423496e-01 1.206533e-01 1.000000e-01 1.597512e+00 -0.827791 -0.008323 -0.001314 0.664510 0.167632 0.005285 0.827790 -0.106167 -0.212528 -0.212866 0.000000 
1.250009e-01 9.999511e-02 3.293353e-01 1.206533e-01 1.000000e-01 1.597512e+00 -0.836389 -0.007220 0.000893 0.666720 0.169853 0.006141 0.836389 -0.107233 -0.214739 -0.215152 0.000000 
1.250009e-01 9.999403e-02 3.162899e-01 1.206533e-01 1.000000e-01 1.597512e+00 -0.845008 -0.006114 0.003106 0.668934 0.172080 0.007000 0.845007 -0.108280 -0.216956 -0.217483 0.000000 
1.250009e-01 9.999270e-02 3.032139e-01 1.206533e-01 1.000000e-01 1.597512e+00 -0.853647 -0.005005 0.005324 0.671155 0.174313 0.007860 0.853647 -0.109300 -0.219181 -0.219881 0.000000 
1.250009e-01 9.999108e-02 2.901073e-01 1.206533e-01 1.000000e-01 1.597512e+00 -0.862306 -0.003893 0.007547 0.673380 0.176550 0.008722 0.862306 -0.110277 -0.221415 -0.222376 0.000000 
1.250009e-01 9.998909e-02 2.769705e-01 1.206533e-01 1.000000e-01 1.597512e+00 -0.870986 -0.002779 0.009775 0.675610 0.178793 0.009586 0.870985 -0.111183 -0.223659 -0.225024 0.000000 
1.250009e-01 9.998665e-02 2.638036e-01 1.206533e-01 1.000000e-01 1.597512e+00 -0.879685 -0.001663 0.012009 0.677846 0.181040 0.010453 0.879685 -0.111983 -0.225915 -0.227895 0.000000 
1.250009e-01 9.998368e-02 2.506069e-01 1.206533e-01 1.000000e-01 1.597512e+00 -0.888404 -0.000544 0.014247 0.680086 0.183293 0.011321 0.888404 -0.112621 -0.228186 -0.231110 0.000000 
1.250009e-01 9.998006e-02 2.373805e-01 1.206533e-01 1.000000e-01 1.597512e+00 -0.897143 0.000578 0.016491 0.682332 0.185551 0.012191 0.897143 -0.113003 -0.230473 -0.234867 0.000000 
1.250009e-01 9.997568e-02 2.241247e-01 1.206533e-01 1.000000e-01 1.597512e+00 -0.905902 0.001702 0.018739 0.684583 0.187814 0.013063 0.905902 -0.113006 -0.232774 -0.239435 0.000000 
1.250009e-01 9.997041e-02 2.108396e-01 1.206533e-01 1.000000e-01 1.597512e+00 -0.914680 0.002828 0.020993 0.686839 0.190083 0.013937 0.914680 -0.112426 -0.235073 -0.245290 0.000000 
1.250009e-01 9.996414e-02 1.975253e-01 1.206533e-01 1.000000e-01 1.597512e+00 -0.923479 0.003958 0.023252 0.689100 0.192356 0.014813 0.923479 -0.110959 -0.237318 -0.253194 0.000000 
1.250009e-01 9.995682e-02 1.841819e-01 1.206533e-01 1.000000e-01 1.597512e+00 -0.932298 0.005090 0.025516 0.691366 0.194635 0.015691 0.932298 -0.108211 -0.239374 -0.264279 0.000000 
1.250009e-01 9.994856e-02 1.708094e-01 1.206533e-01 1.000000e-01 1.597512e+00 -0.941138 0.006224 0.027786 0.693637 0.196919 0.016572 0.941137 -0.103559 -0.240871 -0.280646 0.000000 
1.250009e-01 9.993995e-02 1.574072e-01 1.206533e-01 1.000000e-01 1.597512e+00 -0.950000 0.007362 0.030061 0.695915 0.199209 0.017454 0.950000 -0.096197 -0.240845 -0.305972 0.000000 
1.250009e-01 9.993342e-02 1.439730e-01 1.206533e-01 1.000000e-01 1.597512e+00 -0.958894 0.008503 0.032344 0.698200 0.201506 0.018340 0.958894 -0.085266 -0.237036 -0.346574 0.000000 
1.250009e-01 9.993950e-02 1.304946e-01 1.206533e-01 1.000000e-01 1.597512e+00 -0.967855 0.009653 0.034645 0.700503 0.203822 0.019232 0.967855 -0.069743 -0.223723 -0.415578 0.000000 
1.250009e-01 1.000026e-01 1.169140e-01 1.206533e-01 1.000000e-01 1.597512e+00 -0.977078 0.010837 0.037013 0.702873 0.206205 0.020150 0.977078 -0.048512 -0.185685 -0.542808 0.000000 
1.250009e-01 1.002198e-01 1.030126e-01 1.206533e-01 1.000000e-01 1.597512e+00 -0.987352 0.012155 0.039651 0.705513 0.208860 0.021173 0.987352 -0.019668 -0.089714 -0.788007 0.000000 
1.250009e-01 1.003095e-01 9.749520e-02 1.206533e-01 1.000000e-01 1.597512e+00 -0.991916 0.012741 0.040822 0.706686 0.210039 0.021628 0.991916 -0.005795 -0.028695 -0.929440 0.000000 
1.250009e-01 1.003095e-01 9.749520e-02 1.206533e-01 1.000000e-01 1.597512e+00 -0.991916 0.012741 0.040822 0.706686 0.210039 0.021628 0.991916 -0.005795 -0.028695 -0.929440 0.000000 
1.250009e-01 1.003095e-01 9.749520e-02 1.206533e-01 1.000000e-01 1.597512e+00 -0.991916 0.012741 0.040822 0.706686 0.210039 0.021628 0.991916 -0.005795 -0.028695 -0.929440 0.000000 
1.250009e-01 1.003095e-01 9.749520e-02 1.206533e-01 1.000000e-01 1.597512e+00 -0.991916 0.012741 0.040822 0.706686 0.210039 0.021628 0.991916 -0.005795 -0.028695 -0.929440 0.000000 
1.250009e-01 1.003095e-01 9.749520e-02 1.206533e-01 1.000000e-01 1.597512e+00 -0.991916 0.012741 0.040822 0.706686 0.210039 0.021628 0.991916 -0.005795 -0.028695 -0.929440 0.000000 
1.250009e-01 1.003095e-01 9.749520e-02 1.206533e-01 1.000000e-01 1.597512e+00 -0.991916 0.012741 0.040822 0.706686 0.210039 0.021628 0.991916 -0.005795 -0.028695 -0.929440 0.000000 
1.250009e-01 1.003095e-01 9.749520e-02 1.206533e-01 1.000000e-01 1.597512e+00 -0.991916 0.012741 0.040822 0.706686 0.210039 0.021628 0.991916 -0.005795 -0.028695 -0.929440 0.000000 
1.250009e-01 1.003095e-01 9.749520e-02 1.206533e-01 1.000000e-01 1.597512e+00 -0.991916 0.012741 0.040822 0.706686 0.210039 0.021628 0.991916 -0.005795 -0.028695 -0.929440 0.000000 
1.250009e-01 1.003095e-01 9.749520e-02 1.206533e-01 1.000000e-01 1.597512e+00 -0.991916 0.012741 0.040822 0.706686 0.210039 0.021628 0.991916 -0.005795 -0.028695 -0.929440 0.000000 
1.250009e-01 1.003095e-01 9.749520e-02 1.206533e-01 1.000000e-01 1.597512e+00 -0.991916 0.012741 0.040822 0.706686 0.210039 0.021628 0.991916 -0.005795 -0.028695 -0.929440 0.000000 
1.250009e-01 1.003095e-01 9.749520e-02 1.206533e-01 1.000000e-01 1.597512e+00 -0.991916 0.012741 0.040822 0.706686 0.210039 0.021628 0.991916 -0.005795 -0.028695 -0.929440 0.000000 
1.250009e-01 1.003095e-01 9.749520e-02 1.206533e-01 1.000000e-01 1.597512e+00 -0.991916 0.012741 0.040822 0.706686 0.210039 0.021628 0.991916 -0.005795 -0.028695 -0.929440 0.000000 
1.250009e-01 1.003095e-01 9.749520e-02 1.206533e-01 1.000000e-01 1.597512e+00 -0.991916 0.012741 0.040822 0.706686 0.210039 0.021628 0.991916 -0.005795 -0.028695 -0.929440 0.000000 
1.250009e-01 1.003095e-01 9.749520e-02 1.206533e-01 1.000000e-01 1.597512e+00 -0.991916 0.012741 0.040822 0.706686 0.210039 0.021628 0.991916 -0.005795 -0.028695 -0.929440 0.000000 
1.250009e-01 1.003095e-01 9.749520e-02 1.206533e-01 1.000000e-01 1.597512e+00 -0.991916 0.012741 0.040822 0.706686 0.210039 0.021628 0.991916 -0.005795 -0.028695 -0.929440 0.000000 
1.250009e-01 1.003095e-01 9.749520e-02 1.206533e-01 1.000000e-01 1.597512e+00 -0.991916 0.012741 0.040822 0.706686 0.210039 0.021628 0.991916 -0.005795 -0.028695 -0.929440 0.000000 
1.250009e-01 1.003095e-01 9.749520e-02 1.206533e-01 1.000000e-01 1.597512e+00 -0.991916 0.012741 0.040822 0.706686 0.210039 0.021628 0.991916 -0.005795 -0.028695 -0.929440 0.000000 
1.250009e-01 1.003095e-01 9.749520e-02 1.206533e-01 1.000000e-01 1.597512e+00 -0.991916 0.012741 0.040822 0.706686 0.210039 0.021628 0.991916 -0.005795 -0.028695 -0.929440 0.000000 
1.250009e-01 1.003095e-01 9.749520e-02 1.206533e-01 1.000000e-01 1.597512e+00 -0.991916 0.012741 0.040822 0.706686 0.210039 0.021628 0.991916 -0.005795 -0.028695 -0.929440 0.000000 
1.250009e-01 1.003095e-01 9.749520e-02 1.206533e-01 1.000000e-01 1.597512e+00 -0.991916 0.012741 0.040822 0.706686 0.210039 0.021628 0.991916 -0.005795 -0.028695 -0.929440 0.000000 
1.250009e-01 1.003095e-01 9.749520e-02 1.206533e-01 1.000000e-01 1.597512e+00 -0.991916 0.012741 0.040822 0.706686 0.210039 0.021628 0.991916 -0.005795 -0.028695 -0.929440 0.000000 
1.250009e-01 1.003095e-01 9.749520e-02 1.206533e-01 1.000000e-01 1.597512e+00 -0.991916 0.012741 0.040822 0.706686 0.210039 0.021628 0.991916 -0.005795 -0.028695 -0.929440 0.000000 
1.250009e-01 1.003095e-01 9.749520e-02 1.206533e-01 1.000000e-01 1.597512e+00 -0.991916 0.012741 0.040822 0.706686 0.210039 0.021628 0.991916 -0.005795 -0.028695 -0.929440 0.000000 
1.250009e-01 1.003095e-01 9.749520e-02 1.206533e-01 1.000000e-01 1.597512e+00 -0.991916 0.012741 0.040822 0.706686 0.210039 0.021628 0.991916 -0.005795 -0.028695 -0.929440 0.000000 
1.250009e-01 1.003095e-01 9.749520e-02 1.206533e-01 1.000000e-01 1.597512e+00 -0.991916 0.012741 0.040822 0.706686 0.210039 0.021628 0.991916 -0.005795 -0.028695 -0.929440 0.000000 
1.250009e-01 1.003095e-01 9.749520e-02 1.206533e-01 1.000000e-01 1.597512e+00 -0.991916 0.012741 0.040822 0.706686 0.210039 0.021628 0.991916 -0.005795 -0.028695 -0.929440 0.000000 
1.250009e-01 1.003095e-01 9.749520e-02 1.206533e-01 1.000000e-01 1.597512e+00 -0.991916 0.012741 0.040822 0.706686 0.210039 0.021628 0.991916 -0.005795 -0.028695 -0.929440 0.000000 
1.250009e-01 1.003095e-01 9.749520e-02 1.206533e-01 1.000000e-01 1.597512e+00 -0.991916 0.012741 0.040822 0.706686 0.210039 0.021628 0.991916 -0.005795 -0.028695 -0.929440 0.000000 
1.250009e-01 1.003095e-01 9.749520e-02 1.206533e-01 1.000000e-01 1.597512e+00 -0.991916 0.012741 0.040822 0.706686 0.210039 0.021628 0.991916 -0.005795 -0.028695 -0.929440 0.000000 
1.250009e-01 1.003095e-01 9.749520e-02 1.206533e-01 1.000000e-01 1.597512e+00 -0.991916 0.012741 0.040822 0.706686 0.210039 0.021628 0.991916 -0.005795 -0.028695 -0.929440 0.000000 
1.250009e-01 1.003095e-01 9.749520e-02 1.206533e-01 1.000000e-01 1.597512e+00 -0.991916 0.012741 0.040822 0.706686 0.210039 0.021628 0.991916 -0.005795 -0.028695 -0.929440 0.000000 
1.250009e-01 1.003095e-01 9.749520e-02 1.206533e-01 1.000000e-01 1.597512e+00 -0.991916 0.012741 0.040822 0.706686 0.210039 0.021628 0.991916 -0.005795 -0.028695 -0.929440 0.000000 
1.250009e-01 1.003095e-01 9.749520e-02 1.206533e-01 1.000000e-01 1.597512e+00 -0.991916 0.012741 0.040822 0.706686 0.210039 0.021628 0.991916 -0.005795 -0.028695 -0.929440 0.000000 
1.250009e-01 1.003095e-01 9.749520e-02 1.206533e-01 1.000000e-01 1.597512e+00 -0.991916 0.012741 0.040822 0.706686 0.210039 0.021628 0.991916 -0.005795 -0.028695 -0.929440 0.000000 
1.250009e-01 1.003095e-01 9.749520e-02 1.206533e-01 1.000000e-01 1.597512e+00 -0.991916 0.012741 0.040822 0.706686 0.210039 0.021628 0.991916 -0.005795 -0.028695 -0.929440 0.000000 
1.250009e-01 1.003095e-01 9.749520e-02 1.206533e-01 1.000000e-01 1.597512e+00 -0.991916 0.012741 0.040822 0.706686 0.210039 0.021628 0.991916 -0.005795 -0.028695 -0.929440 0.000000 
1.250009e-01 1.003095e-01 9.749520e-02 1.206533e-01 1.000000e-01 1.597512e+00 -0.991916 0.012741 0.040822 0.706686 0.210039 0.021628 0.991916 -0.005795 -0.028695 -0.929440 0.000000 
1.250009e-01 1.003095e-01 9.749520e-02 1.206533e-01 1.000000e-01 1.597512e+00 -0.991916 0.012741 0.040822 0.706686 0.210039 0.021628 0.991916 -0.005795 -0.028695 -0.929440 0.000000 
1.250009e-01 1.003095e-01 9.749520e-02 1.206533e-01 1.000000e-01 1.597512e+00 -0.991916 0.012741 0.040822 0.706686 0.210039 0.021628 0.991916 -0.005795 -0.028695 -0.929440 0.000000 
1.250009e-01 1.003095e-01 9.749520e-02 1.206533e-01 1.000000e-01 1.597512e+00 -0.991916 0.012741 0.040822 0.706686 0.210039 0.021628 0.991916 -0.005795 -0.028695 -0.929440 0.000000 
1.250009e-01 1.003095e-01 9.749520e-02 1.206533e-01 1.000000e-01 1.597512e+00 -0.991916 0.012741 0.040822 0.706686 0.210039 0.021628 0.991916 -0.005795 -0.028695 -0.929440 0.000000 
1.250009e-01 1.003095e-01 9.749520e-02 1.206533e-01 1.000000e-01 1.597512e+00 -0.991916 0.012741 0.040822 0.706686 0.210039 0.021628 0.991916 -0.005795 -0.028695 -0.929440 0.000000 
1.250009e-01 1.003095e-01 9.749520e-02 1.206533e-01 1.000000e-01 1.597512e+00 -0.991916 0.012741 0.040822 0.706686 0.210039 0.021628 0.991916 -0.005795 -0.028695 -0.929440 0.000000 
1.250009e-01 1.003095e-01 9.749520e-02 1.206533e-01 1.000000e-01 1.597512e+00 -0.991916 0.012741 0.040822 0.706686 0.210039 0.021628 0.991916 -0.005795 -0.028695 -0.929440 0.000000 
1.250009e-01 1.003095e-01 9.749520e-02 1.206533e-01 1.000000e-01 1.597512e+00 -0.991916 0.012741 0.040822 0.706686 0.210039 0.021628 0.991916 -0.005795 -0.028695 -0.929440 0.000000 
1.250009e-01 1.003095e-01 9.749520e-02 1.206533e-01 1.000000e-01 1.597512e+00 -0.991916 0.012741 0.040822 0.706686 0.210039 0.021628 0.991916 -0.005795 -0.028695 -0.929440 0.000000 
1.250009e-01 1.003095e-01 9.749520e-02 1.206533e-01 1.000000e-01 1.597512e+00 -0.991916 0.012741 0.040822 0.706686 0.210039 0.021628 0.991916 -0.005795 -0.028695 -0.929440 0.000000 
1.250009e-01 1.003095e-01 9.749520e-02 1.206533e-01 1.000000e-01 1.597512e+00 -0.991916 0.012741 0.040822 0.706686 0.210039 0.021628 0.991916 -0.005795 -0.028695 -0.929440 0.000000 
1.250009e-01 1.003095e-01 9.749520e-02 1.206533e-01 1.000000e-01 1.597512e+00 -0.991916 0.012741 0.040822 0.706686 0.210039 0.021628 0.991916 -0.005795 -0.028695 -0.929440 0.000000 
1.250009e-01 1.003095e-01 9.749520e-02 1.206533e-01 1.000000e-01 1.597512e+00 -0.991916 0.012741 0.040822 0.706686 0.210039 0.021628 0.991916 -0.005795 -0.028695 -0.929440 0.000000 
1.250009e-01 1.003095e-01 9.749520e-02 1.206533e-01 1.000000e-01 1.597512e+00 -0.991916 0.012741 0.040822 0.706686 0.210039 0.021628 0.991916 -0.005795 -0.028695 -0.929440 0.000000 
1.250009e-01 1.003095e-01 9.749520e-02 1.206533e-01 1.000000e-01 1.597512e+00 -0.991916 0.012741 0.040822 0.706686 0.210039 0.021628 0.991916 -0.005795 -0.028695 -0.929440 0.000000 
1.250009e-01 1.003095e-01 9.749520e-02 1.206533e-01 1.000000e-01 1.597512e+00 -0.991916 0.012741 0.040822 0.706686 0.210039 0.021628 0.991916 -0.005795 -0.028695 -0.929440 0.000000 
1.250009e-01 1.003095e-01 9.749520e-02 1.206533e-01 1.000000e-01 1.597512e+00 -0.991916 0.012741 0.040822 0.706686 0.210039 0.021628 0.991916 -0.005795 -0.028695 -0.929440 0.000000 
1.250009e-01 1.003095e-01 9.749520e-02 1.206533e-01 1.000000e-01 1.597512e+00 -0.991916 0.012741 0.040822 0.706686 0.210039 0.021628 0.991916 -0.005795 -0.028695 -0.929440 0.000000 
1.250009e-01 1.003095e-01 9.749520e-02 1.206533e-01 1.000000e-01 1.597512e+00 -0.991916 0.012741 0.040822 0.706686 0.210039 0.021628 0.991916 -0.005795 -0.028695 -0.929440 0.000000 
1.250009e-01 1.003095e-01 9.749520e-02 1.206533e-01 1.000000e-01 1.597512e+00 -0.991916 0.012741 0.040822 0.706686 0.210039 0.021628 0.991916 -0.005795 -0.028695 -0.929440 0.000000 
1.250009e-01 1.003095e-01 9.749520e-02 1.206533e-01 1.000000e-01 1.597512e+00 -0.991916 0.012741 0.040822 0.706686 0.210039 0.021628 0.991916 -0.005795 -0.028695 -0.929440 0.000000 
1.250009e-01 1.003095e-01 9.749520e-02 1.206533e-01 1.000000e-01 1.597512e+00 -0.991916 0.012741 0.040822 0.706686 0.210039 0.021628 0.991916 -0.005795 -0.028695 -0.929440 0.000000 
1.250009e-01 1.003095e-01 9.749520e-02 1.206533e-01 1.000000e-01 1.597512e+00 -0.991916 0.012741 0.040822 0.706686 0.210039 0.021628 0.991916 -0.005795 -0.028695 -0.929440 0.000000 
1.250009e-01 1.003095e-01 9.749520e-02 1.206533e-01 1.000000e-01 1.597512e+00 -0.991916 0.012741 0.040822 0.706686 0.210039 0.021628 0.991916 -0.005795 -0.028695 -0.929440 0.000000 
1.250009e-01 1.003095e-01 9.749520e-02 1.206533e-01 1.000000e-01 1.597512e+00 -0.991916 0.012741 0.040822 0.706686 0.210039 0.021628 0.991916 -0.005795 -0.028695 -0.929440 0.000000 
1.250009e-01 1.003095e-01 9.749520e-02 1.206533e-01 1.000000e-01 1.597512e+00 -0.991916 0.012741 0.040822 0.706686 0.210039 0.021628 0.991916 -0.005795 -0.028695 -0.929440 0.000000 
1.250009e-01 1.003095e-01 9.749520e-02 1.206533e-01 1.000000e-01 1.597512e+00 -0.991916 0.012741 0.040822 0.706686 0.210039 0.021628 0.991916 -0.005795 -0.028695 -0.929440 0.000000 
1.250009e-01 1.003095e-01 9.749520e-02 1.206533e-01 1.000000e-01 1.597512e+00 -0.991916 0.012741 0.040822 0.706686 0.210039 0.021628 0.991916 -0.005795 -0.028695 -0.929440 0.000000 
1.250009e-01 1.003095e-01 9.749520e-02 1.206533e-01 1.000000e-01 1.597512e+00 -0.991916 0.012741 0.040822 0.706686 0.210039 0.021628 0.991916 -0.005795 -0.028695 -0.929440 0.000000 
1.250009e-01 1.003095e-01 9.749520e-02 1.206533e-01 1.000000e-01 1.597512e+00 -0.991916 0.012741 0.040822 0.706686 0.210039 0.021628 0.991916 -0.005795 -0.028695 -0.929440 0.000000 
1.250009e-01 1.003095e-01 9.749520e-02 1.206533e-01 1.000000e-01 1.597512e+00 -0.991916 0.012741 0.040822 0.706686 0.210039 0.021628 0.991916 -0.005795 -0.028695 -0.929440 0.000000 
1.250009e-01 1.003095e-01 9.749520e-02 1.206533e-01 1.000000e-01 1.597512e+00 -0.991916 0.012741 0.040822 0.706686 0.210039 0.021628 0.991916 -0.005795 -0.028695 -0.929440 0.000000 
1.250009e-01 1.003095e-01 9.749520e-02 1.206533e-01 1.000000e-01 1.597512e+00 -0.991916 0.012741 0.040822 0.706686 0.210039 0.021628 0.991916 -0.005795 -0.028695 -0.929440 0.000000 
1.250009e-01 1.003095e-01 9.749520e-02 1.206533e-01 1.000000e-01 1.597512e+00 -0.991916 0.012741 0.040822 0.706686 0.210039 0.021628 0.991916 -0.005795 -0.028695 -0.929440 0.000000 
1.250009e-01 1.003095e-01 9.749520e-02 1.206533e-01 1.000000e-01 1.597512e+00 -0.991916 0.012741 0.040822 0.706686 0.210039 0.021628 0.991916 -0.005795 -0.028695 -0.929440 0.000000 
1.250009e-01 1.003095e-01 9.749520e-02 1.206533e-01 1.000000e-01 1.597512e+00 -0.991916 0.012741 0.040822 0.706686 0.210039 0.021628 0.991916 -0.005795 -0.028695 -0.929440 0.000000 
1.250009e-01 1.003095e-01 9.749520e-02 1.206533e-01 1.000000e-01 1.597512e+00 -0.991916 0.012741 0.040822 0.706686 0.210039 0.021628 0.991916 -0.005795 -0.028695 -0.929440 0.000000 
1.250009e-01 1.003095e-01 9.749520e-02 1.206533e-01 1.000000e-01 1.597512e+00 -0.991916 0.012741 0.040822 0.706686 0.210039 0.021628 0.991916 -0.005795 -0.028695 -0.929440 0.000000 
1.250009e-01 1.003095e-01 9.749520e-02 1.206533e-01 1.000000e-01 1.597512e+00 -0.991916 0.012741 0.040822 0.706686 0.210039 0.021628 0.991916 -0.005795 -0.028695 -0.929440 0.000000 
1.250009e-01 1.003095e-01 9.749520e-02 1.206533e-01 1.000000e-01 1.597512e+00 -0.991916 0.012741 0.040822 0.706686 0.210039 0.021628 0.991916 -0.005795 -0.028695 -0.929440 0.000000 
1.250009e-01 1.003095e-01 9.749520e-02 1.206533e-01 1.000000e-01 1.597512e+00 -0.991916 0.012741 0.040822 0.706686 0.210039 0.021628 0.991916 -0.005795 -0.028695 -0.929440 0.000000 
1.250009e-01 1.003095e-01 9.749520e-02 1.206533e-01 1.000000e-01 1.597512e+00 -0.991916 0.012741 0.040822 0.706686 0.210039 0.021628 0.991916 -0.005795 -0.028695 -0.929440 0.000000 
1.250009e-01 1.003095e-01 9.749520e-02 1.206533e-01 1.000000e-01 1.597512e+00 -0.991916 0.012741 0.040822 0.706686 0.210039 0.021628 0.991916 -0.005795 -0.028695 -0.929440 0.000000 
1.250009e-01 1.003095e-01 9.749520e-02 1.206533e-01 1.000000e-01 1.597512e+00 -0.991916 0.012741 0.040822 0.706686 0.210039 0.021628 0.991916 -0.005795 -0.028695 -0.929440 0.000000 
1.250009e-01 1.003095e-01 9.749520e-02 1.206533e-01 1.000000e-01 1.597512e+00 -0.991916 0.012741 0.040822 0.706686 0.210039 0.021628 0.991916 -0.005795 -0.028695 -0.929440 0.000000 
1.250009e-01 1.003095e-01 9.749520e-02 1.206533e-01 1.000000e-01 1.597512e+00 -0.991916 0.012741 0.040822 0.706686 0.210039 0.021628 0.991916 -0.005795 -0.028695 -0.929440 0.000000 
1.250009e-01 1.003095e-01 9.749520e-02 1.206533e-01 1.000000e-01 1.597512e+00 -0.991916 0.012741 0.040822 0.706686 0.210039 0.021628 0.991916 -0.005795 -0.028695 -0.929440 0.000000 
1.250009e-01 1.003095e-01 9.749520e-02 1.206533e-01 1.000000e-01 1.597512e+00 -0.991916 0.012741 0.040822 0.706686 0.210039 0.021628 0.991916 -0.005795 -0.028695 -0.929440 0.000000 
1.250009e-01 1.003095e-01 9.749520e-02 1.206533e-01 1.000000e-01 1.597512e+00 -0.991916 0.012741 0.040822 0.706686 0.210039 0.021628 0.991916 -0.005795 -0.028695 -0.929440 0.000000 
1.250009e-01 1.003095e-01 9.749520e-02 1.206533e-01 1.000000e-01 1.597512e+00 -0.991916 0.012741 0.040822 0.706686 0.210039 0.021628 0.991916 -0.005795 -0.028695 -0.929440 0.000000 
1.250009e-01 1.003095e-01 9.749520e-02 1.206533e-01 1.000000e-01 1.597512e+00 -0.991916 0.012741 0.040822 0.706686 0.210039 0.021628 0.991916 -0.005795 -0.028695 -0.929440 0.000000 
1.250009e-01 1.003095e-01 9.749520e-02 1.206533e-01 1.000000e-01 1.597512e+00 -0.991916 0.012741 0.040822 0.706686 0.210039 0.021628 0.991916 -0.005795 -0.028695 -0.929440 0.000000 
1.250009e-01 1.003095e-01 9.749520e-02 1.206533e-01 1.000000e-01 1.597512e+00 -0.991916 0.012741 0.040822 0.706686 0.210039 0.021628 0.991916 -0.005795 -0.028695 -0.929440 0.000000 
1.250009e-01 1.003095e-01 9.749520e-02 1.206533e-01 1.000000e-01 1.597512e+00 -0.991916 0.012741 0.040822 0.706686 0.210039 0.021628 0.991916 -0.005795 -0.028695 -0.929440 0.000000 
1.250009e-01 1.003095e-01 9.749520e-02 1.206533e-01 1.000000e-01 1.597512e+00 -0.991916 0.012741 0.040822 0.706686 0.210039 0.021628 0.991916 -0.005795 -0.028695 -0.929440 0.000000 
1.250009e-01 1.003095e-01 9.749520e-02 1.206533e-01 1.000000e-01 1.597512e+00 -0.991916 0.012741 0.040822 0.706686 0.210039 0.021628 0.991916 -0.005795 -0.028695 -0.929440 0.000000 
1.250009e-01 1.003095e-01 9.749520e-02 1.206533e-01 1.000000e-01 1.597512e+00 -0.991916 0.012741 0.040822 0.706686 0.210039 0.021628 0.991916 -0.005795 -0.028695 -0.929440 0.000000 
1.250009e-01 1.003095e-01 9.749520e-02 1.206533e-01 1.000000e-01 1.597512e+00 -0.991916 0.012741 0.040822 0.706686 0.210039 0.021628 0.991916 -0.005795 -0.028695 -0.929440 0.000000 
1.250009e-01 1.003095e-01 9.749520e-02 1.206533e-01 1.000000e-01 1.597512e+00 -0.991916 0.012741 0.040822 0.706686 0.210039 0.021628 0.991916 -0.005795 -0.028695 -0.929440 0.000000 
1.250009e-01 1.003095e-01 9.749520e-02 1.206533e-01 1.000000e-01 1.597512e+00 -0.991916 0.012741 0.040822 0.706686 0.210039 0.021628 0.991916 -0.005795 -0.028695 -0.929440 0.000000 
1.250009e-01 1.003095e-01 9.749520e-02 1.206533e-01 1.000000e-01 1.597512e+00 -0.991916 0.012741 0.040822 0.706686 0.210039 0.021628 0.991916 -0.005795 -0.028695 -0.929440 0.000000 
1.250009e-01 1.003095e-01 9.749520e-02 1.206533e-01 1.000000e-01 1.597512e+00 -0.991916 0.012741 0.040822 0.706686 0.210039 0.021628 0.991916 -0.005795 -0.028695 -0.929440 0.000000 
1.250009e-01 1.003095e-01 9.749520e-02 1.206533e-01 1.000000e-01 1.597512e+00 -0.991916 0.012741 0.040822 0.706686 0.210039 0.021628 0.991916 -0.005795 -0.028695 -0.929440 0.000000 
1.250009e-01 1.003095e-01 9.749520e-02 1.206533e-01 1.000000e-01 1.597512e+00 -0.991916 0.012741 0.040822 0.706686 0.210039 0.021628 0.991916 -0.005795 -0.028695 -0.929440 0.000000 
1.250009e-01 1.003095e-01 9.749520e-02 1.206533e-01 1.000000e-01 1.597512e+00 -0.991916 0.012741 0.040822 0.706686 0.210039 0.021628 0.991916 -0.005795 -0.028695 -0.929440 0.000000 
1.250009e-01 1.003095e-01 9.749520e-02 1.206533e-01 1.000000e-01 1.597512e+00 -0.991916 0.012741 0.040822 0.706686 0.210039 0.021628 0.991916 -0.005795 -0.028695 -0.929440 0.000000 
1.250009e-01 1.003095e-01 9.749520e-02 1.206533e-01 1.000000e-01 1.597512e+00 -0.991916 0.012741 0.040822 0.706686 0.210039 0.021628 0.991916 -0.005795 -0.028695 -0.929440 0.000000 
1.250009e-01 1.003095e-01 9.749520e-02 1.206533e-01 1.000000e-01 1.597512e+00 -0.991916 0.012741 0.040822 0.706686 0.210039 0.021628 0.991916 -0.005795 -0.028695 -0.929440 0.000000 
1.250009e-01 1.003095e-01 9.749520e-02 1.206533e-01 1.000000e-01 1.597512e+00 -0.991916 0.012741 0.040822 0.706686 0.210039 0.021628 0.991916 -0.005795 -0.028695 -0.929440 0.000000 
1.250009e-01 1.003095e-01 9.749520e-02 1.206533e-01 1.000000e-01 1.597512e+00 -0.991916 0.012741 0.040822 0.706686 0.210039 0.021628 0.991916 -0.005795 -0.028695 -0.929440 0.000000 
1.250009e-01 1.003095e-01 9.749520e-02 1.206533e-01 1.000000e-01 1.597512e+00 -0.991916 0.012741 0.040822 0.706686 0.210039 0.021628 0.991916 -0.005795 -0.028695 -0.929440 0.000000 
1.250009e-01 1.003095e-01 9.749520e-02 1.206533e-01 1.000000e-01 1.597512e+00 -0.991916 0.012741 0.040822 0.706686 0.210039 0.021628 0.991916 -0.005795 -0.028695 -0.929440 0.000000 
1.250009e-01 1.003095e-01 9.749520e-02 1.206533e-01 1.000000e-01 1.597512e+00 -0.991916 0.012741 0.040822 0.706686 0.210039 0.021628 0.991916 -0.005795 -0.028695 -0.929440 0.000000 
1.250009e-01 1.003095e-01 9.749520e-02 1.206533e-01 1.000000e-01 1.597512e+00 -0.991916 0.012741 0.040822 0.706686 0.210039 0.021628 0.991916 -0.005795 -0.028695 -0.929440 0.000000 
1.250009e-01 1.003095e-01 9.749520e-02 1.206533e-01 1.000000e-01 1.597512e+00 -0.991916 0.012741 0.040822 0.706686 0.210039 0.021628 0.991916 -0.005795 -0.028695 -0.929440 0.000000 
1.250009e-01 1.003095e-01 9.749520e-02 1.206533e-01 1.000000e-01 1.597512e+00 -0.991916 0.012741 0.040822 0.706686 0.210039 0.021628 0.991916 -0.005795 -0.028695 -0.929440 0.000000 
1.250009e-01 1.003095e-01 9.749520e-02 1.206533e-01 1.000000e-01 1.597512e+00 -0.991916 0.012741 0.040822 0.706686 0.210039 0.021628 0.991916 -0.005795 -0.028695 -0.929440 0.000000 
1.250009e-01 1.003095e-01 9.749520e-02 1.206533e-01 1.000000e-01 1.597512e+00 -0.991916 0.012741 0.040822 0.706686 0.210039 0.021628 0.991916 -0.005795 -0.028695 -0.929440 0.000000 
1.250009e-01 1.003095e-01 9.749520e-02 1.206533e-01 1.000000e-01 1.597512e+00 -0.991916 0.012741 0.040822 0.706686 0.210039 0.021628 0.991916 -0.005795 -0.028695 -0.929440 0.000000 
1.250009e-01 1.003095e-01 9.749520e-02 1.206533e-01 1.000000e-01 1.597512e+00 -0.991916 0.012741 0.040822 0.706686 0.210039 0.021628 0.991916 -0.005795 -0.028695 -0.929440 0.000000 
1.250009e-01 1.003095e-01 9.749520e-02 1.206533e-01 1.000000e-01 1.597512e+00 -0.991916 0.012741 0.040822 0.706686 0.210039 0.021628 0.991916 -0.005795 -0.028695 -0.929440 0.000000 
1.250009e-01 1.003095e-01 9.749520e-02 1.206533e-01 1.000000e-01 1.597512e+00 -0.991916 0.012741 0.040822 0.706686 0.210039 0.021628 0.991916 -0.005795 -0.028695 -0.929440 0.000000 
1.250009e-01 1.003095e-01 9.749520e-02 1.206533e-01 1.000000e-01 1.597512e+00 -0.991916 0.012741 0.040822 0.706686 0.210039 0.021628 0.991916 -0.005795 -0.028695 -0.929440 0.000000 
1.250009e-01 1.003095e-01 9.749520e-02 1.206533e-01 1.000000e-01 1.597512e+00 -0.991916 0.012741 0.040822 0.706686 0.210039 0.021628 0.991916 -0.005795 -0.028695 -0.929440 0.000000 
1.250009e-01 1.003095e-01 9.749520e-02 1.206533e-01 1.000000e-01 1.597512e+00 -0.991916 0.012741 0.040822 0.706686 0.210039 0.021628 0.991916 -0.005795 -0.028695 -0.929440 0.000000 
1.250009e-01 1.003095e-01 9.749520e-02 1.206533e-01 1.000000e-01 1.597512e+00 -0.991916 0.012741 0.040822 0.706686 0.210039 0.021628 0.991916 -0.005795 -0.028695 -0.929440 0.000000 
1.250009e-01 1.003095e-01 9.749520e-02 1.206533e-01 1.000000e-01 1.597512e+00 -0.991916 0.012741 0.040822 0.706686 0.210039 0.021628 0.991916 -0.005795 -0.028695 -0.929440 0.000000 
1.250009e-01 1.003095e-01 9.749520e-02 1.206533e-01 1.000000e-01 1.597512e+00 -0.991916 0.012741 0.040822 0.706686 0.210039 0.021628 0.991916 -0.005795 -0.028695 -0.929440 0.000000 
1.250009e-01 1.003095e-01 9.749520e-02 1.206533e-01 1.000000e-01 1.597512e+00 -0.991916 0.012741 0.040822 0.706686 0.210039 0.021628 0.991916 -0.005795 -0.028695 -0.929440 0.000000 
1.250009e-01 1.003095e-01 9.749520e-02 1.206533e-01 1.000000e-01 1.597512e+00 -0.991916 0.012741 0.040822 0.706686 0.210039 0.021628 0.991916 -0.005795 -0.028695 -0.929440 0.000000 
1.250009e-01 1.003095e-01 9.749520e-02 1.206533e-01 1.000000e-01 1.597512e+00 -0.991916 0.012741 0.040822 0.706686 0.210039 0.021628 0.991916 -0.005795 -0.028695 -0.929440 0.000000 
1.250009e-01 1.003095e-01 9.749520e-02 1.206533e-01 1.000000e-01 1.597512e+00 -0.991916 0.012741 0.040822 0.706686 0.210039 0.021628 0.991916 -0.005795 -0.028695 -0.929440 0.000000 
1.250009e-01 1.003095e-01 9.749520e-02 1.206533e-01 1.000000e-01 1.597512e+00 -0.991916 0.012741 0.040822 0.706686 0.210039 0.021628 0.991916 -0.005795 -0.028695 -0.929440 0.000000 
1.250009e-01 1.003095e-01 9.749520e-02 1.206533e-01 1.000000e-01 1.597512e+00 -0.991916 0.012741 0.040822 0.706686 0.210039 0.021628 0.991916 -0.005795 -0.028695 -0.929440 0.000000 
1.250009e-01 1.003095e-01 9.749520e-02 1.206533e-01 1.000000e-01 1.597512e+00 -0.991916 0.012741 0.040822 0.706686 0.210039 0.021628 0.991916 -0.005795 -0.028695 -0.929440 0.000000 
1.250009e-01 1.003095e-01 9.749520e-02 1.206533e-01 1.000000e-01 1.597512e+00 -0.991916 0.012741 0.040822 0.706686 0.210039 0.021628 0.991916 -0.005795 -0.028695 -0.929440 0.000000 
1.250009e-01 1.003095e-01 9.749520e-02 1.206533e-01 1.000000e-01 1.597512e+00 -0.991916 0.012741 0.040822 0.706686 0.210039 0.021628 0.991916 -0.005795 -0.028695 -0.929440 0.000000 
1.250009e-01 1.003095e-01 9.749520e-02 1.206533e-01 1.000000e-01 1.597512e+00 -0.991916 0.012741 0.040822 0.706686 0.210039 0.021628 0.991916 -0.005795 -0.028695 -0.929440 0.000000 
1.250009e-01 1.003095e-01 9.749520e-02 1.206533e-01 1.000000e-01 1.597512e+00 -0.991916 0.012741 0.040822 0.706686 0.210039 0.021628 0.991916 -0.005795 -0.028695 -0.929440 0.000000 
1.250009e-01 1.003095e-01 9.749520e-02 1.206533e-01 1.000000e-01 1.597512e+00 -0.991916 0.012741 0.040822 0.706686 0.210039 0.021628 0.991916 -0.005795 -0.028695 -0.929440 0.000000 
1.250009e-01 1.003095e-01 9.749520e-02 1.206533e-01 1.000000e-01 1.597512e+00 -0.991916 0.012741 0.040822 0.706686 0.210039 0.021628 0.991916 -0.005795 -0.028695 -0.929440 0.000000 
1.250009e-01 1.003095e-01 9.749520e-02 1.206533e-01 1.000000e-01 1.597512e+00 -0.991916 0.012741 0.040822 0.706686 0.210039 0.021628 0.991916 -0.005795 -0.028695 -0.929440 0.000000 
1.250009e-01 1.003095e-01 9.749520e-02 1.206533e-01 1.000000e-01 1.597512e+00 -0.991916 0.012741 0.040822 0.706686 0.210039 0.021628 0.991916 -0.005795 -0.028695 -0.929440 0.000000 
1.250009e-01 1.003095e-01 9.749520e-02 1.206533e-01 1.000000e-01 1.597512e+00 -0.991916 0.012741 0.040822 0.706686 0.210039 0.021628 0.991916 -0.005795 -0.028695 -0.929440 0.000000 
1.250009e-01 1.003095e-01 9.749520e-02 1.206533e-01 1.000000e-01 1.597512e+00 -0.991916 0.012741 0.040822 0.706686 0.210039 0.021628 0.991916 -0.005795 -0.028695 -0.929440 0.000000 
1.250009e-01 1.003095e-01 9.749520e-02 1.206533e-01 1.000000e-01 1.597512e+00 -0.991916 0.012741 0.040822 0.706686 0.210039 0.021628 0.991916 -0.005795 -0.028695 -0.929440 0.000000 
1.250009e-01 1.003095e-01 9.749520e-02 1.206533e-01 1.000000e-01 1.597512e+00 -0.991916 0.012741 0.040822 0.706686 0.210039 0.021628 0.991916 -0.005795 -0.028695 -0.929440 0.000000 
1.250009e-01 1.003095e-01 9.749520e-02 1.206533e-01 1.000000e-01 1.597512e+00 -0.991916 0.012741 0.040822 0.706686 0.210039 0.021628 0.991916 -0.005795 -0.028695 -0.929440 0.000000 
1.250009e-01 1.003095e-01 9.749520e-02 1.206533e-01 1.000000e-01 1.597512e+00 -0.991916 0.012741 0.040822 0.706686 0.210039 0.021628 0.991916 -0.005795 -0.028695 -0.929440 0.000000 
1.250009e-01 1.003095e-01 9.749520e-02 1.206533e-01 1.000000e-01 1.597512e+00 -0.991916 0.012741 0.040822 0.706686 0.210039 0.021628 0.991916 -0.005795 -0.028695 -0.929440 0.000000 
1.250009e-01 1.003095e-01 9.749520e-02 1.206533e-01 1.000000e-01 1.597512e+00 -0.991916 0.012741 0.040822 0.706686 0.210039 0.021628 0.991916 -0.005795 -0.028695 -0.929440 0.000000 
1.250009e-01 1.003095e-01 9.749520e-02 1.206533e-01 1.000000e-01 1.597512e+00 -0.991916 0.012741 0.040822 0.706686 0.210039 0.021628 0.991916 -0.005795 -0.028695 -0.929440 0.000000 
1.250009e-01 1.003095e-01 9.749520e-02 1.206533e-01 1.000000e-01 1.597512e+00 -0.991916 0.012741 0.040822 0.706686 0.210039 0.021628 0.991916 -0.005795 -0.028695 -0.929440 0.000000 
1.250009e-01 1.003095e-01 9.749520e-02 1.206533e-01 1.000000e-01 1.597512e+00 -0.991916 0.012741 0.040822 0.706686 0.210039 0.021628 0.991916 -0.005795 -0.028695 -0.929440 0.000000 
1.250009e-01 1.003095e-01 9.749520e-02 1.206533e-01 1.000000e-01 1.597512e+00 -0.991916 0.012741 0.040822 0.706686 0.210039 0.021628 0.991916 -0.005795 -0.028695 -0.929440 0.000000 
1.250009e-01 1.003095e-01 9.749520e-02 1.206533e-01 1.000000e-01 1.597512e+00 -0.991916 0.012741 0.040822 0.706686 0.210039 0.021628 0.991916 -0.005795 -0.028695 -0.929440 0.000000 
1.250009e-01 1.003095e-01 9.749520e-02 1.206533e-01 1.000000e-01 1.597512e+00 -0.991916 0.012741 0.040822 0.706686 0.210039 0.021628 0.991916 -0.005795 -0.028695 -0.929440 0.000000 
1.250009e-01 1.003095e-01 9.749520e-02 1.206533e-01 1.000000e-01 1.597512e+00 -0.991916 0.012741 0.040822 0.706686 0.210039 0.021628 0.991916 -0.005795 -0.028695 -0.929440 0.000000 
1.250009e-01 1.003095e-01 9.749520e-02 1.206533e-01 1.000000e-01 1.597512e+00 -0.991916 0.012741 0.040822 0.706686 0.210039 0.021628 0.991916 -0.005795 -0.028695 -0.929440 0.000000 
1.250009e-01 1.003095e-01 9.749520e-02 1.206533e-01 1.000000e-01 1.597512e+00 -0.991916 0.012741 0.040822 0.706686 0.210039 0.021628 0.991916 -0.005795 -0.028695 -0.929440 0.000000 
1.250009e-01 1.003095e-01 9.749520e-02 1.206533e-01 1.000000e-01 1.597512e+00 -0.991916 0.012741 0.040822 0.706686 0.210039 0.021628 0.991916 -0.005795 -0.028695 -0.929440 0.000000 
1.250009e-01 1.003095e-01 9.749520e-02 1.206533e-01 1.000000e-01 1.597512e+00 -0.991916 0.012741 0.040822 0.706686 0.210039 0.021628 0.991916 -0.005795 -0.028695 -0.929440 0.000000 
1.250009e-01 1.003095e-01 9.749520e-02 1.206533e-01 1.000000e-01 1.597512e+00 -0.991916 0.012741 0.040822 0.706686 0.210039 0.021628 0.991916 -0.005795 -0.028695 -0.929440 0.000000 
1.250009e-01 1.003095e-01 9.749520e-02 1.206533e-01 1.000000e-01 1.597512e+00 -0.991916 0.012741 0.040822 0.706686 0.210039 0.021628 0.991916 -0.005795 -0.028695 -0.929440 0.000000 
1.250009e-01 1.003095e-01 9.749520e-02 1.206533e-01 1.000000e-01 1.597512e+00 -0.991916 0.012741 0.040822 0.706686 0.210039 0.021628 0.991916 -0.005795 -0.028695 -0.929440 0.000000 
1.250009e-01 1.003095e-01 9.749520e-02 1.206533e-01 1.000000e-01 1.597512e+00 -0.991916 0.012741 0.040822 0.706686 0.210039 0.021628 0.991916 -0.005795 -0.028695 -0.929440 0.000000 
1.250009e-01 1.003095e-01 9.749520e-02 1.206533e-01 1.000000e-01 1.597512e+00 -0.991916 0.012741 0.040822 0.706686 0.210039 0.021628 0.991916 -0.005795 -0.028695 -0.929440 0.000000 
1.250009e-01 1.003095e-01 9.749520e-02 1.206533e-01 1.000000e-01 1.597512e+00 -0.991916 0.012741 0.040822 0.706686 0.210039 0.021628 0.991916 -0.005795 -0.028695 -0.929440 0.000000 
1.250009e-01 1.003095e-01 9.749520e-02 1.206533e-01 1.000000e-01 1.597512e+00 -0.991916 0.012741 0.040822 0.706686 0.210039 0.021628 0.991916 -0.005795 -0.028695 -0.929440 0.000000 
1.250009e-01 1.003095e-01 9.749520e-02 1.206533e-01 1.000000e-01 1.597512e+00 -0.991916 0.012741 0.040822 0.706686 0.210039 0.021628 0.991916 -0.005795 -0.028695 -0.929440 0.000000 
1.250009e-01 1.003095e-01 9.749520e-02 1.206533e-01 1.000000e-01 1.597512e+00 -0.991916 0.012741 0.040822 0.706686 0.210039 0.021628 0.991916 -0.005795 -0.028695 -0.929440 0.000000 
1.250009e-01 1.003095e-01 9.749520e-02 1.206533e-01 1.000000e-01 1.597512e+00 -0.991916 0.012741 0.040822 0.706686 0.210039 0.021628 0.991916 -0.005795 -0.028695 -0.929440 0.000000 
1.250009e-01 1.003095e-01 9.749520e-02 1.206533e-01 1.000000e-01 1.597512e+00 -0.991916 0.012741 0.040822 0.706686 0.210039 0.021628 0.991916 -0.005795 -0.028695 -0.929440 0.000000 
1.250009e-01 1.003095e-01 9.749520e-02 1.206533e-01 1.000000e-01 1.597512e+00 -0.991916 0.012741 0.040822 0.706686 0.210039 0.021628 0.991916 -0.005795 -0.028695 -0.929440 0.000000 
1.250009e-01 1.003095e-01 9.749520e-02 1.206533e-01 1.000000e-01 1.597512e+00 -0.991916 0.012741 0.040822 0.706686 0.210039 0.021628 0.991916 -0.005795 -0.028695 -0.929440 0.000000 
1.250009e-01 1.003095e-01 9.749520e-02 1.206533e-01 1.000000e-01 1.597512e+00 -0.991916 0.012741 0.040822 0.706686 0.210039 0.021628 0.991916 -0.005795 -0.028695 -0.929440 0.000000 
1.250009e-01 1.003095e-01 9.749520e-02 1.206533e-01 1.000000e-01 1.597512e+00 -0.991916 0.012741 0.040822 0.706686 0.210039 0.021628 0.991916 -0.005795 -0.028695 -0.929440 0.000000 
1.250009e-01 1.003095e-01 9.749520e-02 1.206533e-01 1.000000e-01 1.597512e+00 -0.991916 0.012741 0.040822 0.706686 0.210039 0.021628 0.991916 -0.005795 -0.028695 -0.929440 0.000000 
1.250009e-01 1.003095e-01 9.749520e-02 1.206533e-01 1.000000e-01 1.597512e+00 -0.991916 0.012741 0.040822 0.706686 0.210039 0.021628 0.991916 -0.005795 -0.028695 -0.929440 0.000000 
1.250009e-01 1.003095e-01 9.749520e-02 1.206533e-01 1.000000e-01 1.597512e+00 -0.991916 0.012741 0.040822 0.706686 0.210039 0.021628 0.991916 -0.005795 -0.028695 -0.929440 0.000000 
1.250009e-01 1.003095e-01 9.749520e-02 1.206533e-01 1.000000e-01 1.597512e+00 -0.991916 0.012741 0.040822 0.706686 0.210039 0.021628 0.991916 -0.005795 -0.028695 -0.929440 0.000000 
1.250009e-01 1.003095e-01 9.749520e-02 1.206533e-01 1.000000e-01 1.597512e+00 -0.991916 0.012741 0.040822 0.706686 0.210039 0.021628 0.991916 -0.005795 -0.028695 -0.929440 0.000000 
1.250009e-01 1.003095e-01 9.749520e-02 1.206533e-01 1.000000e-01 1.597512e+00 -0.991916 0.012741 0.040822 0.706686 0.210039 0.021628 0.991916 -0.005795 -0.028695 -0.929440 0.000000 
1.250009e-01 1.003095e-01 9.749520e-02 1.206533e-01 1.000000e-01 1.597512e+00 -0.991916 0.012741 0.040822 0.706686 0.210039 0.021628 0.991916 -0.005795 -0.028695 -0.929440 0.000000 
1.250009e-01 1.003095e-01 9.749520e-02 1.206533e-01 1.000000e-01 1.597512e+00 -0.991916 0.012741 0.040822 0.706686 0.210039 0.021628 0.991916 -0.005795 -0.028695 -0.929440 0.000000 
1.250009e-01 1.003095e-01 9.749520e-02 1.206533e-01 1.000000e-01 1.597512e+00 -0.991916 0.012741 0.040822 0.706686 0.210039 0.021628 0.991916 -0.005795 -0.028695 -0.929440 0.000000 
1.250009e-01 1.003095e-01 9.749520e-02 1.206533e-01 1.000000e-01 1.597512e+00 -0.991916 0.012741 0.040822 0.706686 0.210039 0.021628 0.991916 -0.005795 -0.028695 -0.929440 0.000000 
1.250009e-01 1.003095e-01 9.749520e-02 1.206533e-01 1.000000e-01 1.597512e+00 -0.991916 0.012741 0.040822 0.706686 0.210039 0.021628 0.991916 -0.005795 -0.028695 -0.929440 0.000000 
1.250009e-01 1.003095e-01 9.749520e-02 1.206533e-01 1.000000e-01 1.597512e+00 -0.991916 0.012741 0.040822 0.706686 0.210039 0.021628 0.991916 -0.005795 -0.028695 -0.929440 0.000000 
1.250009e-01 1.003095e-01 9.749520e-02 1.206533e-01 1.000000e-01 1.597512e+00 -0.991916 0.012741 0.040822 0.706686 0.210039 0.021628 0.991916 -0.005795 -0.028695 -0.929440 0.000000 
1.250009e-01 1.003095e-01 9.749520e-02 1.206533e-01 1.000000e-01 1.597512e+00 -0.991916 0.012741 0.040822 0.706686 0.210039 0.021628 0.991916 -0.005795 -0.028695 -0.929440 0.000000 
1.250009e-01 1.003095e-01 9.749520e-02 1.206533e-01 1.000000e-01 1.597512e+00 -0.991916 0.012741 0.040822 0.706686 0.210039 0.021628 0.991916 -0.005795 -0.028695 -0.929440 0.000000 
1.250009e-01 1.003095e-01 9.749520e-02 1.206533e-01 1.000000e-01 1.597512e+00 -0.991916 0.012741 0.040822 0.706686 0.210039 0.021628 0.991916 -0.005795 -0.028695 -0.929440 0.000000 
1.250009e-01 1.003095e-01 9.749520e-02 1.206533e-01 1.000000e-01 1.597512e+00 -0.991916 0.012741 0.040822 0.706686 0.210039 0.021628 0.991916 -0.005795 -0.028695 -0.929440 0.000000 
1.250009e-01 1.003095e-01 9.749520e-02 1.206533e-01 1.000000e-01 1.597512e+00 -0.991916 0.012741 0.040822 0.706686 0.210039 0.021628 0.991916 -0.005795 -0.028695 -0.929440 0.000000 
1.250009e-01 1.003095e-01 9.749520e-02 1.206533e-01 1.000000e-01 1.597512e+00 -0.991916 0.012741 0.040822 0.706686 0.210039 0.021628 0.991916 -0.005795 -0.028695 -0.929440 0.000000 
1.250009e-01 1.003095e-01 9.749520e-02 1.206533e-01 1.000000e-01 1.597512e+00 -0.991916 0.012741 0.040822 0.706686 0.210039 0.021628 0.991916 -0.005795 -0.028695 -0.929440 0.000000 
1.250009e-01 1.003095e-01 9.749520e-02 1.206533e-01 1.000000e-01 1.597512e+00 -0.991916 0.012741 0.040822 0.706686 0.210039 0.021628 0.991916 -0.005795 -0.028695 -0.929440 0.000000 
