# TeX TeY TeZ ThX ThY THZ P1 P2
1.250000e-01 1.000000e-01 1.140000e+00 1.250000e-01 1.000000e-01 1.140000e+00 0.000000 0.000000 0.000000 0.000000 0.000000 0.000000 0.000000 0.000000 0.000000 0.000000 0.000000 
1.250000e-01 1.000000e-01 1.129852e+00 1.250000e-01 1.000000e-01 1.147801e+00 -0.011858 0.001506 0.003022 0.003049 0.003088 0.001193 0.011858 -0.001522 -0.003044 -0.003047 0.000000 
1.250000e-01 1.000000e-01 1.119649e+00 1.250000e-01 1.000000e-01 1.155582e+00 -0.023740 0.003015 0.006051 0.006103 0.006182 0.002389 0.023740 -0.003047 -0.006095 -0.006100 0.000000 
1.250000e-01 1.000000e-01 1.109391e+00 1.250000e-01 1.000000e-01 1.163342e+00 -0.035644 0.004527 0.009085 0.009164 0.009282 0.003586 0.035644 -0.004575 -0.009151 -0.009160 0.000000 
1.250000e-01 1.000000e-01 1.099078e+00 1.250000e-01 1.000000e-01 1.171082e+00 -0.047571 0.006042 0.012125 0.012230 0.012388 0.004786 0.047571 -0.006105 -0.012213 -0.012224 0.000000 
1.250000e-01 1.000000e-01 1.088711e+00 1.250000e-01 1.000000e-01 1.178800e+00 -0.059520 0.007558 0.015170 0.015302 0.015500 0.005989 0.059520 -0.007639 -0.015281 -0.015295 0.000000 
1.250000e-01 1.000000e-01 1.078290e+00 1.250000e-01 1.000000e-01 1.186497e+00 -0.071490 0.009077 0.018218 0.018380 0.018620 0.007195 0.071490 -0.009175 -0.018354 -0.018371 0.000000 
1.250000e-01 1.000000e-01 1.067817e+00 1.249999e-01 1.000000e-01 1.194173e+00 -0.083481 0.010597 0.021271 0.021463 0.021746 0.008404 0.083481 -0.010714 -0.021432 -0.021452 0.000000 
1.250000e-01 1.000000e-01 1.057290e+00 1.249999e-01 1.000000e-01 1.201827e+00 -0.095492 0.012118 0.024326 0.024551 0.024881 0.009615 0.095492 -0.012256 -0.024516 -0.024539 0.000000 
1.250000e-01 1.000000e-01 1.046711e+00 1.249999e-01 1.000000e-01 1.209458e+00 -0.107524 0.013640 0.027385 0.027645 0.028023 0.010831 0.107524 -0.013800 -0.027605 -0.027631 0.000000 
1.250000e-01 1.000000e-01 1.036080e+00 1.249999e-01 1.000000e-01 1.217068e+00 -0.119575 0.015162 0.030445 0.030744 0.031174 0.012050 0.119574 -0.015347 -0.030699 -0.030727 0.000000 
1.250000e-01 1.000000e-01 1.025398e+00 1.249999e-01 1.000000e-01 1.224655e+00 -0.131645 0.016684 0.033506 0.033848 0.034333 0.013272 0.131644 -0.016896 -0.033798 -0.033829 0.000000 
1.250000e-01 1.000000e-01 1.014665e+00 1.249998e-01 1.000000e-01 1.232219e+00 -0.143733 0.018206 0.036569 0.036958 0.037501 0.014499 0.143733 -0.018447 -0.036901 -0.036935 0.000000 
1.250000e-01 1.000000e-01 1.003882e+00 1.249998e-01 1.000000e-01 1.239760e+00 -0.155840 0.019726 0.039631 0.040072 0.040679 0.015730 0.155840 -0.020001 -0.040009 -0.040047 0.000000 
1.250000e-01 1.000000e-01 9.930481e-01 1.249998e-01 1.000000e-01 1.247278e+00 -0.167964 0.021245 0.042692 0.043192 0.043868 0.016966 0.167964 -0.021557 -0.043122 -0.043162 0.000000 
1.250000e-01 1.000000e-01 9.821651e-01 1.249998e-01 1.000000e-01 1.254772e+00 -0.180105 0.022761 0.045752 0.046316 0.047067 0.018207 0.180105 -0.023115 -0.046239 -0.046282 0.000000 
1.250000e-01 1.000000e-01 9.712329e-01 1.249997e-01 1.000000e-01 1.262242e+00 -0.192263 0.024275 0.048810 0.049446 0.050279 0.019454 0.192263 -0.024676 -0.049361 -0.049406 0.000000 
1.250000e-01 1.000000e-01 9.602520e-01 1.249997e-01 1.000000e-01 1.269688e+00 -0.204437 0.025785 0.051864 0.052580 0.053502 0.020706 0.204437 -0.026238 -0.052486 -0.052535 0.000000 
1.250000e-01 1.000000e-01 9.492229e-01 1.249996e-01 1.000000e-01 1.277109e+00 -0.216627 0.027290 0.054913 0.055719 0.056740 0.021964 0.216627 -0.027803 -0.055616 -0.055667 0.000000 
1.250000e-01 1.000000e-01 9.381460e-01 1.249996e-01 1.000000e-01 1.284506e+00 -0.228832 0.028791 0.057957 0.058864 0.059991 0.023229 0.228832 -0.029369 -0.058749 -0.058804 0.000000 
1.250000e-01 1.000000e-01 9.270217e-01 1.249995e-01 1.000000e-01 1.291878e+00 -0.241052 0.030284 0.060993 0.062013 0.063259 0.024502 0.241052 -0.030937 -0.061886 -0.061944 0.000000 
1.250000e-01 1.000000e-01 9.158503e-01 1.249994e-01 1.000000e-01 1.299224e+00 -0.253286 0.031771 0.064021 0.065168 0.066543 0.025783 0.253286 -0.032508 -0.065027 -0.065088 0.000000 
1.250000e-01 1.000000e-01 9.046324e-01 1.249993e-01 1.000000e-01 1.306544e+00 -0.265534 0.033249 0.067039 0.068328 0.069845 0.027072 0.265534 -0.034079 -0.068172 -0.068235 0.000000 
1.250000e-01 1.000000e-01 8.933684e-01 1.249992e-01 1.000000e-01 1.313839e+00 -0.277795 0.034717 0.070045 0.071493 0.073168 0.028371 0.277795 -0.035653 -0.071320 -0.071386 0.000000 
1.250000e-01 1.000000e-01 8.820585e-01 1.249991e-01 1.000000e-01 1.321107e+00 -0.290069 0.036174 0.073038 0.074665 0.076512 0.029680 0.290069 -0.037228 -0.074471 -0.074540 0.000000 
1.250000e-01 1.000000e-01 8.707034e-01 1.249990e-01 1.000000e-01 1.328348e+00 -0.302355 0.037618 0.076015 0.077843 0.079880 0.031000 0.302355 -0.038805 -0.077625 -0.077697 0.000000 
1.250000e-01 1.000000e-01 8.593033e-01 1.249989e-01 1.000000e-01 1.335562e+00 -0.314653 0.039047 0.078974 0.081027 0.083273 0.032331 0.314653 -0.040384 -0.080782 -0.080857 0.000000 
1.250000e-01 1.000000e-01 8.478586e-01 1.249987e-01 1.000000e-01 1.342749e+00 -0.326963 0.040458 0.081912 0.084219 0.086695 0.033677 0.326963 -0.041963 -0.083943 -0.084020 0.000000 
1.250000e-01 1.000000e-01 8.363697e-01 1.249985e-01 1.000000e-01 1.349909e+00 -0.339283 0.041852 0.084828 0.087420 0.090147 0.035036 0.339283 -0.043545 -0.087106 -0.087186 0.000000 
1.250000e-01 1.000000e-01 8.248371e-01 1.249983e-01 1.000000e-01 1.357040e+00 -0.351614 0.043221 0.087715 0.090630 0.093636 0.036412 0.351614 -0.045127 -0.090271 -0.090355 0.000000 
1.250000e-01 1.000000e-01 8.132611e-01 1.249981e-01 1.000000e-01 1.364143e+00 -0.363955 0.044567 0.090574 0.093850 0.097159 0.037803 0.363954 -0.046711 -0.093440 -0.093526 0.000000 
1.250000e-01 1.000000e-01 8.016420e-01 1.249978e-01 1.000000e-01 1.371217e+00 -0.376305 0.045883 0.093399 0.097083 0.100725 0.039213 0.376304 -0.048296 -0.096610 -0.096700 0.000000 
1.250000e-01 1.000000e-01 7.899804e-01 1.249975e-01 1.000000e-01 1.378262e+00 -0.388664 0.047168 0.096185 0.100330 0.104337 0.040643 0.388663 -0.049882 -0.099783 -0.099876 0.000000 
1.250000e-01 9.999999e-02 7.782764e-01 1.249971e-01 1.000000e-01 1.385278e+00 -0.401031 0.048418 0.098932 0.103593 0.107995 0.042092 0.401031 -0.051470 -0.102958 -0.103054 0.000000 
1.250000e-01 9.999999e-02 7.665306e-01 1.249967e-01 1.000000e-01 1.392263e+00 -0.413406 0.049622 0.101626 0.106877 0.111714 0.043566 0.413406 -0.053058 -0.106136 -0.106234 0.000000 
1.250000e-01 9.999999e-02 7.547432e-01 1.249962e-01 1.000000e-01 1.399219e+00 -0.425789 0.050784 0.104271 0.110183 0.115488 0.045062 0.425789 -0.054647 -0.109315 -0.109416 0.000000 
1.250000e-01 9.999999e-02 7.429146e-01 1.249957e-01 1.000000e-01 1.406144e+00 -0.438179 0.051891 0.106854 0.113518 0.119331 0.046584 0.438178 -0.056237 -0.112496 -0.112600 0.000000 
1.250000e-01 9.999999e-02 7.310452e-01 1.249951e-01 1.000000e-01 1.413037e+00 -0.450575 0.052937 0.109370 0.116887 0.123248 0.048132 0.450575 -0.057828 -0.115678 -0.115785 0.000000 
1.250000e-01 9.999999e-02 7.191354e-01 1.249945e-01 1.000000e-01 1.419900e+00 -0.462977 0.053922 0.111817 0.120294 0.127239 0.049704 0.462977 -0.059420 -0.118862 -0.118972 0.000000 
1.250000e-01 9.999998e-02 7.071854e-01 1.249937e-01 1.000000e-01 1.426730e+00 -0.475385 0.054820 0.114171 0.123755 0.131329 0.051307 0.475384 -0.061012 -0.122048 -0.122161 0.000000 
1.250000e-01 9.999998e-02 6.951956e-01 1.249928e-01 1.000000e-01 1.433529e+00 -0.487797 0.055637 0.116437 0.127273 0.135512 0.052936 0.487797 -0.062605 -0.125234 -0.125350 0.000000 
1.250000e-01 9.999998e-02 6.831665e-01 1.249918e-01 1.000000e-01 1.440294e+00 -0.500214 0.056360 0.118603 0.130861 0.139800 0.054590 0.500214 -0.064199 -0.128422 -0.128541 0.000000 
1.250000e-01 9.999997e-02 6.710982e-01 1.249907e-01 1.000000e-01 1.447027e+00 -0.512635 0.056962 0.120638 0.134545 0.144219 0.056270 0.512634 -0.065793 -0.131611 -0.131733 0.000000 
1.250000e-01 9.999997e-02 6.589911e-01 1.249894e-01 1.000000e-01 1.453725e+00 -0.525059 0.057447 0.122550 0.138330 0.148762 0.057969 0.525059 -0.067388 -0.134801 -0.134926 0.000000 
1.250000e-01 9.999996e-02 6.468457e-01 1.249879e-01 1.000000e-01 1.460390e+00 -0.537486 0.057793 0.124314 0.142243 0.153451 0.059684 0.537486 -0.068983 -0.137991 -0.138119 0.000000 
1.250000e-01 9.999995e-02 6.346621e-01 1.249862e-01 1.000000e-01 1.467021e+00 -0.549916 0.057967 0.125893 0.146329 0.158319 0.061407 0.549916 -0.070578 -0.141182 -0.141313 0.000000 
1.250000e-01 9.999994e-02 6.224407e-01 1.249843e-01 1.000000e-01 1.473616e+00 -0.562348 0.057973 0.127289 0.150599 0.163360 0.063126 0.562347 -0.072173 -0.144374 -0.144508 0.000000 
1.250000e-01 9.999993e-02 6.101819e-01 1.249822e-01 1.000000e-01 1.480177e+00 -0.574781 0.057786 0.128470 0.155096 0.168600 0.064828 0.574780 -0.073769 -0.147566 -0.147703 0.000000 
1.250000e-01 9.999992e-02 5.978860e-01 1.249797e-01 1.000000e-01 1.486701e+00 -0.587215 0.057349 0.129366 0.159913 0.174099 0.066487 0.587214 -0.075365 -0.150758 -0.150898 0.000000 
1.250000e-01 9.999990e-02 5.855532e-01 1.249769e-01 1.000000e-01 1.493190e+00 -0.599649 0.056673 0.129976 0.165067 0.179849 0.068083 0.599649 -0.076961 -0.153951 -0.154093 0.000000 
1.250000e-01 9.999988e-02 5.731838e-01 1.249737e-01 1.000000e-01 1.499641e+00 -0.612084 0.055735 0.130256 0.170624 0.185884 0.069583 0.612083 -0.078557 -0.157143 -0.157289 0.000000 
1.250000e-01 9.999986e-02 5.607783e-01 1.249701e-01 1.000000e-01 1.506054e+00 -0.624516 0.054462 0.130090 0.176746 0.192292 0.070925 0.624516 -0.080152 -0.160335 -0.160484 0.000000 
1.250000e-01 9.999983e-02 5.483368e-01 1.249661e-01 1.000000e-01 1.512427e+00 -0.636947 0.052851 0.129434 0.183505 0.199097 0.072060 0.636947 -0.081748 -0.163526 -0.163678 0.000000 
1.250000e-01 9.999979e-02 5.358598e-01 1.249615e-01 1.000000e-01 1.518760e+00 -0.649375 0.050888 0.128223 0.190998 0.206338 0.072927 0.649375 -0.083343 -0.166717 -0.166872 0.000000 
1.250000e-01 9.999975e-02 5.233474e-01 1.249564e-01 1.000000e-01 1.525052e+00 -0.661800 0.048544 0.126350 0.199379 0.214083 0.073442 0.661799 -0.084937 -0.169907 -0.170065 0.000000 
1.250000e-01 9.999970e-02 5.107999e-01 1.249506e-01 1.000000e-01 1.531303e+00 -0.674221 0.045722 0.123543 0.209025 0.222511 0.073419 0.674220 -0.086531 -0.173096 -0.173257 0.000000 
1.250000e-01 9.999963e-02 4.982178e-01 1.249441e-01 1.000000e-01 1.537512e+00 -0.686637 0.042467 0.119766 0.219995 0.231614 0.072793 0.686636 -0.088124 -0.176283 -0.176448 0.000000 
1.250000e-01 9.999956e-02 4.856012e-01 1.249367e-01 1.000000e-01 1.543679e+00 -0.699046 0.038763 0.114842 0.232545 0.241471 0.071423 0.699046 -0.089717 -0.179469 -0.179637 0.000000 
1.250000e-01 9.999946e-02 4.729504e-01 1.249280e-01 1.000000e-01 1.549801e+00 -0.711448 0.034602 0.108570 0.246971 0.252153 0.069150 0.711448 -0.091308 -0.182653 -0.182825 0.000000 
1.250000e-01 9.999934e-02 4.602657e-01 1.249170e-01 1.000000e-01 1.555877e+00 -0.723837 0.029926 0.100506 0.263948 0.263806 0.065650 0.723837 -0.092898 -0.185834 -0.186009 0.000000 
1.250000e-01 9.999920e-02 4.475474e-01 1.249018e-01 1.000000e-01 1.561904e+00 -0.736205 0.024810 0.090581 0.283703 0.276258 0.060852 0.736205 -0.094484 -0.189009 -0.189189 0.000000 
1.250000e-01 9.999903e-02 4.347958e-01 1.248776e-01 1.000000e-01 1.567874e+00 -0.748535 0.019322 0.078714 0.306620 0.289194 0.054684 0.748534 -0.096065 -0.192175 -0.192360 0.000000 
1.250000e-01 9.999882e-02 4.220111e-01 1.248340e-01 1.000000e-01 1.573772e+00 -0.760793 0.013566 0.064941 0.333222 0.301913 0.047149 0.760793 -0.097637 -0.195322 -0.195514 0.000000 
1.250000e-01 9.999857e-02 4.091936e-01 1.247446e-01 1.000000e-01 1.579565e+00 -0.772914 0.007734 0.049639 0.364223 0.312863 0.038455 0.772914 -0.099189 -0.198434 -0.198635 0.000000 
1.250000e-01 9.999825e-02 3.963435e-01 1.245392e-01 1.000000e-01 1.585178e+00 -0.784759 0.002185 0.033811 0.401223 0.318370 0.029169 0.784758 -0.100705 -0.201476 -0.201687 0.000000 
1.250000e-01 9.999787e-02 3.834612e-01 1.239996e-01 1.000000e-01 1.590432e+00 -0.796096 -0.002477 0.019539 0.449363 0.309275 0.020396 0.796096 -0.102154 -0.204387 -0.204614 0.000000 
1.250000e-01 9.999741e-02 3.705468e-01 1.224372e-01 1.000000e-01 1.595038e+00 -0.807008 -0.006248 0.007448 0.533819 0.259837 0.012151 0.807008 -0.103544 -0.207189 -0.207438 0.000000 
1.250000e-01 9.999684e-02 3.576007e-01 1.206632e-01 1.000000e-01 1.597501e+00 -0.817702 -0.009590 -0.003820 0.661167 0.165611 0.004333 0.817701 -0.104901 -0.209936 -0.210217 0.000000 
1.250000e-01 9.999614e-02 3.446231e-01 1.206632e-01 1.000000e-01 1.597501e+00 -0.826276 -0.008489 -0.001619 0.663370 0.167826 0.005187 0.826275 -0.105978 -0.212139 -0.212466 0.000000 
1.250000e-01 9.999528e-02 3.316142e-01 1.206632e-01 1.000000e-01 1.597501e+00 -0.834871 -0.007386 0.000588 0.665579 0.170047 0.006042 0.834870 -0.107046 -0.214348 -0.214746 0.000000 
1.250000e-01 9.999424e-02 3.185743e-01 1.206632e-01 1.000000e-01 1.597501e+00 -0.843486 -0.006281 0.002800 0.667793 0.172273 0.006900 0.843485 -0.108097 -0.216565 -0.217068 0.000000 
1.250000e-01 9.999295e-02 3.055036e-01 1.206632e-01 1.000000e-01 1.597501e+00 -0.852121 -0.005172 0.005017 0.670012 0.174504 0.007760 0.852121 -0.109123 -0.218788 -0.219451 0.000000 
1.250000e-01 9.999138e-02 2.924024e-01 1.206632e-01 1.000000e-01 1.597501e+00 -0.860777 -0.004061 0.007239 0.672236 0.176741 0.008622 0.860777 -0.110108 -0.221020 -0.221929 0.000000 
1.250000e-01 9.998946e-02 2.792708e-01 1.206632e-01 1.000000e-01 1.597501e+00 -0.869453 -0.002948 0.009466 0.674466 0.178982 0.009486 0.869453 -0.111030 -0.223262 -0.224543 0.000000 
1.250000e-01 9.998711e-02 2.661092e-01 1.206632e-01 1.000000e-01 1.597501e+00 -0.878149 -0.001832 0.011699 0.676700 0.181229 0.010352 0.878149 -0.111852 -0.225516 -0.227368 0.000000 
1.250000e-01 9.998424e-02 2.529177e-01 1.206632e-01 1.000000e-01 1.597501e+00 -0.886865 -0.000713 0.013936 0.678940 0.183481 0.011220 0.886864 -0.112521 -0.227785 -0.230517 0.000000 
1.250000e-01 9.998075e-02 2.396965e-01 1.206632e-01 1.000000e-01 1.597501e+00 -0.895600 0.000408 0.016179 0.681185 0.185738 0.012089 0.895600 -0.112962 -0.230069 -0.234148 0.000000 
1.250000e-01 9.997651e-02 2.264458e-01 1.206632e-01 1.000000e-01 1.597501e+00 -0.904355 0.001532 0.018427 0.683435 0.188000 0.012961 0.904355 -0.113038 -0.232367 -0.238559 0.000000 
1.250000e-01 9.997140e-02 2.131658e-01 1.206632e-01 1.000000e-01 1.597501e+00 -0.913131 0.002658 0.020680 0.685690 0.190268 0.013835 0.913130 -0.112574 -0.234668 -0.244155 0.000000 
1.250000e-01 9.996531e-02 1.998566e-01 1.206632e-01 1.000000e-01 1.597501e+00 -0.921926 0.003787 0.022938 0.687950 0.192540 0.014711 0.921925 -0.111311 -0.236933 -0.251574 0.000000 
1.250000e-01 9.995818e-02 1.865183e-01 1.206632e-01 1.000000e-01 1.597501e+00 -0.930741 0.004918 0.025201 0.690215 0.194818 0.015588 0.930741 -0.108801 -0.239035 -0.262046 0.000000 
1.250000e-01 9.995006e-02 1.731508e-01 1.206632e-01 1.000000e-01 1.597501e+00 -0.939577 0.006052 0.027470 0.692486 0.197101 0.016468 0.939577 -0.104522 -0.240666 -0.277328 0.000000 
1.250000e-01 9.994142e-02 1.597540e-01 1.206632e-01 1.000000e-01 1.597501e+00 -0.948435 0.007189 0.029744 0.694762 0.199390 0.017350 0.948435 -0.097761 -0.241068 -0.300491 0.000000 
1.250000e-01 9.993417e-02 1.463258e-01 1.206632e-01 1.000000e-01 1.597501e+00 -0.957322 0.008329 0.032025 0.697046 0.201686 0.018235 0.957322 -0.087477 -0.238157 -0.337915 0.000000 
1.250000e-01 9.993643e-02 1.328571e-01 1.206632e-01 1.000000e-01 1.597501e+00 -0.966267 0.009477 0.034322 0.699344 0.203997 0.019126 0.966267 -0.072778 -0.226995 -0.401004 0.000000 
1.250000e-01 9.998284e-02 1.193027e-01 1.206632e-01 1.000000e-01 1.597501e+00 -0.975409 0.010651 0.036669 0.701694 0.206359 0.020036 0.975409 -0.052729 -0.195532 -0.513696 0.000000 
1.250000e-01 1.001710e-01 1.054841e-01 1.206632e-01 1.000000e-01 1.597501e+00 -0.985376 0.011930 0.039228 0.704255 0.208935 0.021029 0.985376 -0.025530 -0.113746 -0.731000 0.000000 
1.250000e-01 1.003096e-01 9.749528e-02 1.206632e-01 1.000000e-01 1.597501e+00 -0.991903 0.012768 0.040904 0.705932 0.210621 0.021678 0.991903 -0.005793 -0.028693 -0.929435 0.000000 
1.250000e-01 1.003096e-01 9.749528e-02 1.206632e-01 1.000000e-01 1.597501e+00 -0.991903 0.012768 0.040904 0.705932 0.210621 0.021678 0.991903 -0.005793 -0.028693 -0.929435 0.000000 
1.250000e-01 1.003096e-01 9.749528e-02 1.206632e-01 1.000000e-01 1.597501e+00 -0.991903 0.012768 0.040904 0.705932 0.210621 0.021678 0.991903 -0.005793 -0.028693 -0.929435 0.000000 
1.250000e-01 1.003096e-01 9.749528e-02 1.206632e-01 1.000000e-01 1.597501e+00 -0.991903 0.012768 0.040904 0.705932 0.210621 0.021678 0.991903 -0.005793 -0.028693 -0.929435 0.000000 
1.250000e-01 1.003096e-01 9.749528e-02 1.206632e-01 1.000000e-01 1.597501e+00 -0.991903 0.012768 0.040904 0.705932 0.210621 0.021678 0.991903 -0.005793 -0.028693 -0.929435 0.000000 
1.250000e-01 1.003096e-01 9.749528e-02 1.206632e-01 1.000000e-01 1.597501e+00 -0.991903 0.012768 0.040904 0.705932 0.210621 0.021678 0.991903 -0.005793 -0.028693 -0.929435 0.000000 
1.250000e-01 1.003096e-01 9.749528e-02 1.206632e-01 1.000000e-01 1.597501e+00 -0.991903 0.012768 0.040904 0.705932 0.210621 0.021678 0.991903 -0.005793 -0.028693 -0.929435 0.000000 
1.250000e-01 1.003096e-01 9.749528e-02 1.206632e-01 1.000000e-01 1.597501e+00 -0.991903 0.012768 0.040904 0.705932 0.210621 0.021678 0.991903 -0.005793 -0.028693 -0.929435 0.000000 
1.250000e-01 1.003096e-01 9.749528e-02 1.206632e-01 1.000000e-01 1.597501e+00 -0.991903 0.012768 0.040904 0.705932 0.210621 0.021678 0.991903 -0.005793 -0.028693 -0.929435 0.000000 
1.250000e-01 1.003096e-01 9.749528e-02 1.206632e-01 1.000000e-01 1.597501e+00 -0.991903 0.012768 0.040904 0.705932 0.210621 0.021678 0.991903 -0.005793 -0.028693 -0.929435 0.000000 
1.250000e-01 1.003096e-01 9.749528e-02 1.206632e-01 1.000000e-01 1.597501e+00 -0.991903 0.012768 0.040904 0.705932 0.210621 0.021678 0.991903 -0.005793 -0.028693 -0.929435 0.000000 
1.250000e-01 1.003096e-01 9.749528e-02 1.206632e-01 1.000000e-01 1.597501e+00 -0.991903 0.012768 0.040904 0.705932 0.210621 0.021678 0.991903 -0.005793 -0.028693 -0.929435 0.000000 
1.250000e-01 1.003096e-01 9.749528e-02 1.206632e-01 1.000000e-01 1.597501e+00 -0.991903 0.012768 0.040904 0.705932 0.210621 0.021678 0.991903 -0.005793 -0.028693 -0.929435 0.000000 
1.250000e-01 1.003096e-01 9.749528e-02 1.206632e-01 1.000000e-01 1.597501e+00 -0.991903 0.012768 0.040904 0.705932 0.210621 0.021678 0.991903 -0.005793 -0.028693 -0.929435 0.000000 
1.250000e-01 1.003096e-01 9.749528e-02 1.206632e-01 1.000000e-01 1.597501e+00 -0.991903 0.012768 0.040904 0.705932 0.210621 0.021678 0.991903 -0.005793 -0.028693 -0.929435 0.000000 
1.250000e-01 1.003096e-01 9.749528e-02 1.206632e-01 1.000000e-01 1.597501e+00 -0.991903 0.012768 0.040904 0.705932 0.210621 0.021678 0.991903 -0.005793 -0.028693 -0.929435 0.000000 
1.250000e-01 1.003096e-01 9.749528e-02 1.206632e-01 1.000000e-01 1.597501e+00 -0.991903 0.012768 0.040904 0.705932 0.210621 0.021678 0.991903 -0.005793 -0.028693 -0.929435 0.000000 
1.250000e-01 1.003096e-01 9.749528e-02 1.206632e-01 1.000000e-01 1.597501e+00 -0.991903 0.012768 0.040904 0.705932 0.210621 0.021678 0.991903 -0.005793 -0.028693 -0.929435 0.000000 
1.250000e-01 1.003096e-01 9.749528e-02 1.206632e-01 1.000000e-01 1.597501e+00 -0.991903 0.012768 0.040904 0.705932 0.210621 0.021678 0.991903 -0.005793 -0.028693 -0.929435 0.000000 
1.250000e-01 1.003096e-01 9.749528e-02 1.206632e-01 1.000000e-01 1.597501e+00 -0.991903 0.012768 0.040904 0.705932 0.210621 0.021678 0.991903 -0.005793 -0.028693 -0.929435 0.000000 
1.250000e-01 1.003096e-01 9.749528e-02 1.206632e-01 1.000000e-01 1.597501e+00 -0.991903 0.012768 0.040904 0.705932 0.210621 0.021678 0.991903 -0.005793 -0.028693 -0.929435 0.000000 
1.250000e-01 1.003096e-01 9.749528e-02 1.206632e-01 1.000000e-01 1.597501e+00 -0.991903 0.012768 0.040904 0.705932 0.210621 0.021678 0.991903 -0.005793 -0.028693 -0.929435 0.000000 
1.250000e-01 1.003096e-01 9.749528e-02 1.206632e-01 1.000000e-01 1.597501e+00 -0.991903 0.012768 0.040904 0.705932 0.210621 0.021678 0.991903 -0.005793 -0.028693 -0.929435 0.000000 
1.250000e-01 1.003096e-01 9.749528e-02 1.206632e-01 1.000000e-01 1.597501e+00 -0.991903 0.012768 0.040904 0.705932 0.210621 0.021678 0.991903 -0.005793 -0.028693 -0.929435 0.000000 
1.250000e-01 1.003096e-01 9.749528e-02 1.206632e-01 1.000000e-01 1.597501e+00 -0.991903 0.012768 0.040904 0.705932 0.210621 0.021678 0.991903 -0.005793 -0.028693 -0.929435 0.000000 
1.250000e-01 1.003096e-01 9.749528e-02 1.206632e-01 1.000000e-01 1.597501e+00 -0.991903 0.012768 0.040904 0.705932 0.210621 0.021678 0.991903 -0.005793 -0.028693 -0.929435 0.000000 
1.250000e-01 1.003096e-01 9.749528e-02 1.206632e-01 1.000000e-01 1.597501e+00 -0.991903 0.012768 0.040904 0.705932 0.210621 0.021678 0.991903 -0.005793 -0.028693 -0.929435 0.000000 
1.250000e-01 1.003096e-01 9.749528e-02 1.206632e-01 1.000000e-01 1.597501e+00 -0.991903 0.012768 0.040904 0.705932 0.210621 0.021678 0.991903 -0.005793 -0.028693 -0.929435 0.000000 
1.250000e-01 1.003096e-01 9.749528e-02 1.206632e-01 1.000000e-01 1.597501e+00 -0.991903 0.012768 0.040904 0.705932 0.210621 0.021678 0.991903 -0.005793 -0.028693 -0.929435 0.000000 
1.250000e-01 1.003096e-01 9.749528e-02 1.206632e-01 1.000000e-01 1.597501e+00 -0.991903 0.012768 0.040904 0.705932 0.210621 0.021678 0.991903 -0.005793 -0.028693 -0.929435 0.000000 
1.250000e-01 1.003096e-01 9.749528e-02 1.206632e-01 1.000000e-01 1.597501e+00 -0.991903 0.012768 0.040904 0.705932 0.210621 0.021678 0.991903 -0.005793 -0.028693 -0.929435 0.000000 
1.250000e-01 1.003096e-01 9.749528e-02 1.206632e-01 1.000000e-01 1.597501e+00 -0.991903 0.012768 0.040904 0.705932 0.210621 0.021678 0.991903 -0.005793 -0.028693 -0.929435 0.000000 
1.250000e-01 1.003096e-01 9.749528e-02 1.206632e-01 1.000000e-01 1.597501e+00 -0.991903 0.012768 0.040904 0.705932 0.210621 0.021678 0.991903 -0.005793 -0.028693 -0.929435 0.000000 
1.250000e-01 1.003096e-01 9.749528e-02 1.206632e-01 1.000000e-01 1.597501e+00 -0.991903 0.012768 0.040904 0.705932 0.210621 0.021678 0.991903 -0.005793 -0.028693 -0.929435 0.000000 
1.250000e-01 1.003096e-01 9.749528e-02 1.206632e-01 1.000000e-01 1.597501e+00 -0.991903 0.012768 0.040904 0.705932 0.210621 0.021678 0.991903 -0.005793 -0.028693 -0.929435 0.000000 
1.250000e-01 1.003096e-01 9.749528e-02 1.206632e-01 1.000000e-01 1.597501e+00 -0.991903 0.012768 0.040904 0.705932 0.210621 0.021678 0.991903 -0.005793 -0.028693 -0.929435 0.000000 
1.250000e-01 1.003096e-01 9.749528e-02 1.206632e-01 1.000000e-01 1.597501e+00 -0.991903 0.012768 0.040904 0.705932 0.210621 0.021678 0.991903 -0.005793 -0.028693 -0.929435 0.000000 
1.250000e-01 1.003096e-01 9.749528e-02 1.206632e-01 1.000000e-01 1.597501e+00 -0.991903 0.012768 0.040904 0.705932 0.210621 0.021678 0.991903 -0.005793 -0.028693 -0.929435 0.000000 
1.250000e-01 1.003096e-01 9.749528e-02 1.206632e-01 1.000000e-01 1.597501e+00 -0.991903 0.012768 0.040904 0.705932 0.210621 0.021678 0.991903 -0.005793 -0.028693 -0.929435 0.000000 
1.250000e-01 1.003096e-01 9.749528e-02 1.206632e-01 1.000000e-01 1.597501e+00 -0.991903 0.012768 0.040904 0.705932 0.210621 0.021678 0.991903 -0.005793 -0.028693 -0.929435 0.000000 
1.250000e-01 1.003096e-01 9.749528e-02 1.206632e-01 1.000000e-01 1.597501e+00 -0.991903 0.012768 0.040904 0.705932 0.210621 0.021678 0.991903 -0.005793 -0.028693 -0.929435 0.000000 
1.250000e-01 1.003096e-01 9.749528e-02 1.206632e-01 1.000000e-01 1.597501e+00 -0.991903 0.012768 0.040904 0.705932 0.210621 0.021678 0.991903 -0.005793 -0.028693 -0.929435 0.000000 
1.250000e-01 1.003096e-01 9.749528e-02 1.206632e-01 1.000000e-01 1.597501e+00 -0.991903 0.012768 0.040904 0.705932 0.210621 0.021678 0.991903 -0.005793 -0.028693 -0.929435 0.000000 
1.250000e-01 1.003096e-01 9.749528e-02 1.206632e-01 1.000000e-01 1.597501e+00 -0.991903 0.012768 0.040904 0.705932 0.210621 0.021678 0.991903 -0.005793 -0.028693 -0.929435 0.000000 
1.250000e-01 1.003096e-01 9.749528e-02 1.206632e-01 1.000000e-01 1.597501e+00 -0.991903 0.012768 0.040904 0.705932 0.210621 0.021678 0.991903 -0.005793 -0.028693 -0.929435 0.000000 
1.250000e-01 1.003096e-01 9.749528e-02 1.206632e-01 1.000000e-01 1.597501e+00 -0.991903 0.012768 0.040904 0.705932 0.210621 0.021678 0.991903 -0.005793 -0.028693 -0.929435 0.000000 
1.250000e-01 1.003096e-01 9.749528e-02 1.206632e-01 1.000000e-01 1.597501e+00 -0.991903 0.012768 0.040904 0.705932 0.210621 0.021678 0.991903 -0.005793 -0.028693 -0.929435 0.000000 
1.250000e-01 1.003096e-01 9.749528e-02 1.206632e-01 1.000000e-01 1.597501e+00 -0.991903 0.012768 0.040904 0.705932 0.210621 0.021678 0.991903 -0.005793 -0.028693 -0.929435 0.000000 
1.250000e-01 1.003096e-01 9.749528e-02 1.206632e-01 1.000000e-01 1.597501e+00 -0.991903 0.012768 0.040904 0.705932 0.210621 0.021678 0.991903 -0.005793 -0.028693 -0.929435 0.000000 
1.250000e-01 1.003096e-01 9.749528e-02 1.206632e-01 1.000000e-01 1.597501e+00 -0.991903 0.012768 0.040904 0.705932 0.210621 0.021678 0.991903 -0.005793 -0.028693 -0.929435 0.000000 
1.250000e-01 1.003096e-01 9.749528e-02 1.206632e-01 1.000000e-01 1.597501e+00 -0.991903 0.012768 0.040904 0.705932 0.210621 0.021678 0.991903 -0.005793 -0.028693 -0.929435 0.000000 
1.250000e-01 1.003096e-01 9.749528e-02 1.206632e-01 1.000000e-01 1.597501e+00 -0.991903 0.012768 0.040904 0.705932 0.210621 0.021678 0.991903 -0.005793 -0.028693 -0.929435 0.000000 
1.250000e-01 1.003096e-01 9.749528e-02 1.206632e-01 1.000000e-01 1.597501e+00 -0.991903 0.012768 0.040904 0.705932 0.210621 0.021678 0.991903 -0.005793 -0.028693 -0.929435 0.000000 
1.250000e-01 1.003096e-01 9.749528e-02 1.206632e-01 1.000000e-01 1.597501e+00 -0.991903 0.012768 0.040904 0.705932 0.210621 0.021678 0.991903 -0.005793 -0.028693 -0.929435 0.000000 
1.250000e-01 1.003096e-01 9.749528e-02 1.206632e-01 1.000000e-01 1.597501e+00 -0.991903 0.012768 0.040904 0.705932 0.210621 0.021678 0.991903 -0.005793 -0.028693 -0.929435 0.000000 
1.250000e-01 1.003096e-01 9.749528e-02 1.206632e-01 1.000000e-01 1.597501e+00 -0.991903 0.012768 0.040904 0.705932 0.210621 0.021678 0.991903 -0.005793 -0.028693 -0.929435 0.000000 
1.250000e-01 1.003096e-01 9.749528e-02 1.206632e-01 1.000000e-01 1.597501e+00 -0.991903 0.012768 0.040904 0.705932 0.210621 0.021678 0.991903 -0.005793 -0.028693 -0.929435 0.000000 
1.250000e-01 1.003096e-01 9.749528e-02 1.206632e-01 1.000000e-01 1.597501e+00 -0.991903 0.012768 0.040904 0.705932 0.210621 0.021678 0.991903 -0.005793 -0.028693 -0.929435 0.000000 
1.250000e-01 1.003096e-01 9.749528e-02 1.206632e-01 1.000000e-01 1.597501e+00 -0.991903 0.012768 0.040904 0.705932 0.210621 0.021678 0.991903 -0.005793 -0.028693 -0.929435 0.000000 
1.250000e-01 1.003096e-01 9.749528e-02 1.206632e-01 1.000000e-01 1.597501e+00 -0.991903 0.012768 0.040904 0.705932 0.210621 0.021678 0.991903 -0.005793 -0.028693 -0.929435 0.000000 
1.250000e-01 1.003096e-01 9.749528e-02 1.206632e-01 1.000000e-01 1.597501e+00 -0.991903 0.012768 0.040904 0.705932 0.210621 0.021678 0.991903 -0.005793 -0.028693 -0.929435 0.000000 
1.250000e-01 1.003096e-01 9.749528e-02 1.206632e-01 1.000000e-01 1.597501e+00 -0.991903 0.012768 0.040904 0.705932 0.210621 0.021678 0.991903 -0.005793 -0.028693 -0.929435 0.000000 
1.250000e-01 1.003096e-01 9.749528e-02 1.206632e-01 1.000000e-01 1.597501e+00 -0.991903 0.012768 0.040904 0.705932 0.210621 0.021678 0.991903 -0.005793 -0.028693 -0.929435 0.000000 
1.250000e-01 1.003096e-01 9.749528e-02 1.206632e-01 1.000000e-01 1.597501e+00 -0.991903 0.012768 0.040904 0.705932 0.210621 0.021678 0.991903 -0.005793 -0.028693 -0.929435 0.000000 
1.250000e-01 1.003096e-01 9.749528e-02 1.206632e-01 1.000000e-01 1.597501e+00 -0.991903 0.012768 0.040904 0.705932 0.210621 0.021678 0.991903 -0.005793 -0.028693 -0.929435 0.000000 
1.250000e-01 1.003096e-01 9.749528e-02 1.206632e-01 1.000000e-01 1.597501e+00 -0.991903 0.012768 0.040904 0.705932 0.210621 0.021678 0.991903 -0.005793 -0.028693 -0.929435 0.000000 
1.250000e-01 1.003096e-01 9.749528e-02 1.206632e-01 1.000000e-01 1.597501e+00 -0.991903 0.012768 0.040904 0.705932 0.210621 0.021678 0.991903 -0.005793 -0.028693 -0.929435 0.000000 
1.250000e-01 1.003096e-01 9.749528e-02 1.206632e-01 1.000000e-01 1.597501e+00 -0.991903 0.012768 0.040904 0.705932 0.210621 0.021678 0.991903 -0.005793 -0.028693 -0.929435 0.000000 
1.250000e-01 1.003096e-01 9.749528e-02 1.206632e-01 1.000000e-01 1.597501e+00 -0.991903 0.012768 0.040904 0.705932 0.210621 0.021678 0.991903 -0.005793 -0.028693 -0.929435 0.000000 
1.250000e-01 1.003096e-01 9.749528e-02 1.206632e-01 1.000000e-01 1.597501e+00 -0.991903 0.012768 0.040904 0.705932 0.210621 0.021678 0.991903 -0.005793 -0.028693 -0.929435 0.000000 
1.250000e-01 1.003096e-01 9.749528e-02 1.206632e-01 1.000000e-01 1.597501e+00 -0.991903 0.012768 0.040904 0.705932 0.210621 0.021678 0.991903 -0.005793 -0.028693 -0.929435 0.000000 
1.250000e-01 1.003096e-01 9.749528e-02 1.206632e-01 1.000000e-01 1.597501e+00 -0.991903 0.012768 0.040904 0.705932 0.210621 0.021678 0.991903 -0.005793 -0.028693 -0.929435 0.000000 
1.250000e-01 1.003096e-01 9.749528e-02 1.206632e-01 1.000000e-01 1.597501e+00 -0.991903 0.012768 0.040904 0.705932 0.210621 0.021678 0.991903 -0.005793 -0.028693 -0.929435 0.000000 
1.250000e-01 1.003096e-01 9.749528e-02 1.206632e-01 1.000000e-01 1.597501e+00 -0.991903 0.012768 0.040904 0.705932 0.210621 0.021678 0.991903 -0.005793 -0.028693 -0.929435 0.000000 
1.250000e-01 1.003096e-01 9.749528e-02 1.206632e-01 1.000000e-01 1.597501e+00 -0.991903 0.012768 0.040904 0.705932 0.210621 0.021678 0.991903 -0.005793 -0.028693 -0.929435 0.000000 
1.250000e-01 1.003096e-01 9.749528e-02 1.206632e-01 1.000000e-01 1.597501e+00 -0.991903 0.012768 0.040904 0.705932 0.210621 0.021678 0.991903 -0.005793 -0.028693 -0.929435 0.000000 
1.250000e-01 1.003096e-01 9.749528e-02 1.206632e-01 1.000000e-01 1.597501e+00 -0.991903 0.012768 0.040904 0.705932 0.210621 0.021678 0.991903 -0.005793 -0.028693 -0.929435 0.000000 
1.250000e-01 1.003096e-01 9.749528e-02 1.206632e-01 1.000000e-01 1.597501e+00 -0.991903 0.012768 0.040904 0.705932 0.210621 0.021678 0.991903 -0.005793 -0.028693 -0.929435 0.000000 
1.250000e-01 1.003096e-01 9.749528e-02 1.206632e-01 1.000000e-01 1.597501e+00 -0.991903 0.012768 0.040904 0.705932 0.210621 0.021678 0.991903 -0.005793 -0.028693 -0.929435 0.000000 
1.250000e-01 1.003096e-01 9.749528e-02 1.206632e-01 1.000000e-01 1.597501e+00 -0.991903 0.012768 0.040904 0.705932 0.210621 0.021678 0.991903 -0.005793 -0.028693 -0.929435 0.000000 
1.250000e-01 1.003096e-01 9.749528e-02 1.206632e-01 1.000000e-01 1.597501e+00 -0.991903 0.012768 0.040904 0.705932 0.210621 0.021678 0.991903 -0.005793 -0.028693 -0.929435 0.000000 
1.250000e-01 1.003096e-01 9.749528e-02 1.206632e-01 1.000000e-01 1.597501e+00 -0.991903 0.012768 0.040904 0.705932 0.210621 0.021678 0.991903 -0.005793 -0.028693 -0.929435 0.000000 
1.250000e-01 1.003096e-01 9.749528e-02 1.206632e-01 1.000000e-01 1.597501e+00 -0.991903 0.012768 0.040904 0.705932 0.210621 0.021678 0.991903 -0.005793 -0.028693 -0.929435 0.000000 
1.250000e-01 1.003096e-01 9.749528e-02 1.206632e-01 1.000000e-01 1.597501e+00 -0.991903 0.012768 0.040904 0.705932 0.210621 0.021678 0.991903 -0.005793 -0.028693 -0.929435 0.000000 
1.250000e-01 1.003096e-01 9.749528e-02 1.206632e-01 1.000000e-01 1.597501e+00 -0.991903 0.012768 0.040904 0.705932 0.210621 0.021678 0.991903 -0.005793 -0.028693 -0.929435 0.000000 
1.250000e-01 1.003096e-01 9.749528e-02 1.206632e-01 1.000000e-01 1.597501e+00 -0.991903 0.012768 0.040904 0.705932 0.210621 0.021678 0.991903 -0.005793 -0.028693 -0.929435 0.000000 
1.250000e-01 1.003096e-01 9.749528e-02 1.206632e-01 1.000000e-01 1.597501e+00 -0.991903 0.012768 0.040904 0.705932 0.210621 0.021678 0.991903 -0.005793 -0.028693 -0.929435 0.000000 
1.250000e-01 1.003096e-01 9.749528e-02 1.206632e-01 1.000000e-01 1.597501e+00 -0.991903 0.012768 0.040904 0.705932 0.210621 0.021678 0.991903 -0.005793 -0.028693 -0.929435 0.000000 
1.250000e-01 1.003096e-01 9.749528e-02 1.206632e-01 1.000000e-01 1.597501e+00 -0.991903 0.012768 0.040904 0.705932 0.210621 0.021678 0.991903 -0.005793 -0.028693 -0.929435 0.000000 
1.250000e-01 1.003096e-01 9.749528e-02 1.206632e-01 1.000000e-01 1.597501e+00 -0.991903 0.012768 0.040904 0.705932 0.210621 0.021678 0.991903 -0.005793 -0.028693 -0.929435 0.000000 
1.250000e-01 1.003096e-01 9.749528e-02 1.206632e-01 1.000000e-01 1.597501e+00 -0.991903 0.012768 0.040904 0.705932 0.210621 0.021678 0.991903 -0.005793 -0.028693 -0.929435 0.000000 
1.250000e-01 1.003096e-01 9.749528e-02 1.206632e-01 1.000000e-01 1.597501e+00 -0.991903 0.012768 0.040904 0.705932 0.210621 0.021678 0.991903 -0.005793 -0.028693 -0.929435 0.000000 
1.250000e-01 1.003096e-01 9.749528e-02 1.206632e-01 1.000000e-01 1.597501e+00 -0.991903 0.012768 0.040904 0.705932 0.210621 0.021678 0.991903 -0.005793 -0.028693 -0.929435 0.000000 
1.250000e-01 1.003096e-01 9.749528e-02 1.206632e-01 1.000000e-01 1.597501e+00 -0.991903 0.012768 0.040904 0.705932 0.210621 0.021678 0.991903 -0.005793 -0.028693 -0.929435 0.000000 
1.250000e-01 1.003096e-01 9.749528e-02 1.206632e-01 1.000000e-01 1.597501e+00 -0.991903 0.012768 0.040904 0.705932 0.210621 0.021678 0.991903 -0.005793 -0.028693 -0.929435 0.000000 
1.250000e-01 1.003096e-01 9.749528e-02 1.206632e-01 1.000000e-01 1.597501e+00 -0.991903 0.012768 0.040904 0.705932 0.210621 0.021678 0.991903 -0.005793 -0.028693 -0.929435 0.000000 
1.250000e-01 1.003096e-01 9.749528e-02 1.206632e-01 1.000000e-01 1.597501e+00 -0.991903 0.012768 0.040904 0.705932 0.210621 0.021678 0.991903 -0.005793 -0.028693 -0.929435 0.000000 
1.250000e-01 1.003096e-01 9.749528e-02 1.206632e-01 1.000000e-01 1.597501e+00 -0.991903 0.012768 0.040904 0.705932 0.210621 0.021678 0.991903 -0.005793 -0.028693 -0.929435 0.000000 
1.250000e-01 1.003096e-01 9.749528e-02 1.206632e-01 1.000000e-01 1.597501e+00 -0.991903 0.012768 0.040904 0.705932 0.210621 0.021678 0.991903 -0.005793 -0.028693 -0.929435 0.000000 
1.250000e-01 1.003096e-01 9.749528e-02 1.206632e-01 1.000000e-01 1.597501e+00 -0.991903 0.012768 0.040904 0.705932 0.210621 0.021678 0.991903 -0.005793 -0.028693 -0.929435 0.000000 
1.250000e-01 1.003096e-01 9.749528e-02 1.206632e-01 1.000000e-01 1.597501e+00 -0.991903 0.012768 0.040904 0.705932 0.210621 0.021678 0.991903 -0.005793 -0.028693 -0.929435 0.000000 
1.250000e-01 1.003096e-01 9.749528e-02 1.206632e-01 1.000000e-01 1.597501e+00 -0.991903 0.012768 0.040904 0.705932 0.210621 0.021678 0.991903 -0.005793 -0.028693 -0.929435 0.000000 
1.250000e-01 1.003096e-01 9.749528e-02 1.206632e-01 1.000000e-01 1.597501e+00 -0.991903 0.012768 0.040904 0.705932 0.210621 0.021678 0.991903 -0.005793 -0.028693 -0.929435 0.000000 
1.250000e-01 1.003096e-01 9.749528e-02 1.206632e-01 1.000000e-01 1.597501e+00 -0.991903 0.012768 0.040904 0.705932 0.210621 0.021678 0.991903 -0.005793 -0.028693 -0.929435 0.000000 
1.250000e-01 1.003096e-01 9.749528e-02 1.206632e-01 1.000000e-01 1.597501e+00 -0.991903 0.012768 0.040904 0.705932 0.210621 0.021678 0.991903 -0.005793 -0.028693 -0.929435 0.000000 
1.250000e-01 1.003096e-01 9.749528e-02 1.206632e-01 1.000000e-01 1.597501e+00 -0.991903 0.012768 0.040904 0.705932 0.210621 0.021678 0.991903 -0.005793 -0.028693 -0.929435 0.000000 
1.250000e-01 1.003096e-01 9.749528e-02 1.206632e-01 1.000000e-01 1.597501e+00 -0.991903 0.012768 0.040904 0.705932 0.210621 0.021678 0.991903 -0.005793 -0.028693 -0.929435 0.000000 
1.250000e-01 1.003096e-01 9.749528e-02 1.206632e-01 1.000000e-01 1.597501e+00 -0.991903 0.012768 0.040904 0.705932 0.210621 0.021678 0.991903 -0.005793 -0.028693 -0.929435 0.000000 
1.250000e-01 1.003096e-01 9.749528e-02 1.206632e-01 1.000000e-01 1.597501e+00 -0.991903 0.012768 0.040904 0.705932 0.210621 0.021678 0.991903 -0.005793 -0.028693 -0.929435 0.000000 
1.250000e-01 1.003096e-01 9.749528e-02 1.206632e-01 1.000000e-01 1.597501e+00 -0.991903 0.012768 0.040904 0.705932 0.210621 0.021678 0.991903 -0.005793 -0.028693 -0.929435 0.000000 
1.250000e-01 1.003096e-01 9.749528e-02 1.206632e-01 1.000000e-01 1.597501e+00 -0.991903 0.012768 0.040904 0.705932 0.210621 0.021678 0.991903 -0.005793 -0.028693 -0.929435 0.000000 
1.250000e-01 1.003096e-01 9.749528e-02 1.206632e-01 1.000000e-01 1.597501e+00 -0.991903 0.012768 0.040904 0.705932 0.210621 0.021678 0.991903 -0.005793 -0.028693 -0.929435 0.000000 
1.250000e-01 1.003096e-01 9.749528e-02 1.206632e-01 1.000000e-01 1.597501e+00 -0.991903 0.012768 0.040904 0.705932 0.210621 0.021678 0.991903 -0.005793 -0.028693 -0.929435 0.000000 
1.250000e-01 1.003096e-01 9.749528e-02 1.206632e-01 1.000000e-01 1.597501e+00 -0.991903 0.012768 0.040904 0.705932 0.210621 0.021678 0.991903 -0.005793 -0.028693 -0.929435 0.000000 
1.250000e-01 1.003096e-01 9.749528e-02 1.206632e-01 1.000000e-01 1.597501e+00 -0.991903 0.012768 0.040904 0.705932 0.210621 0.021678 0.991903 -0.005793 -0.028693 -0.929435 0.000000 
1.250000e-01 1.003096e-01 9.749528e-02 1.206632e-01 1.000000e-01 1.597501e+00 -0.991903 0.012768 0.040904 0.705932 0.210621 0.021678 0.991903 -0.005793 -0.028693 -0.929435 0.000000 
1.250000e-01 1.003096e-01 9.749528e-02 1.206632e-01 1.000000e-01 1.597501e+00 -0.991903 0.012768 0.040904 0.705932 0.210621 0.021678 0.991903 -0.005793 -0.028693 -0.929435 0.000000 
1.250000e-01 1.003096e-01 9.749528e-02 1.206632e-01 1.000000e-01 1.597501e+00 -0.991903 0.012768 0.040904 0.705932 0.210621 0.021678 0.991903 -0.005793 -0.028693 -0.929435 0.000000 
1.250000e-01 1.003096e-01 9.749528e-02 1.206632e-01 1.000000e-01 1.597501e+00 -0.991903 0.012768 0.040904 0.705932 0.210621 0.021678 0.991903 -0.005793 -0.028693 -0.929435 0.000000 
1.250000e-01 1.003096e-01 9.749528e-02 1.206632e-01 1.000000e-01 1.597501e+00 -0.991903 0.012768 0.040904 0.705932 0.210621 0.021678 0.991903 -0.005793 -0.028693 -0.929435 0.000000 
1.250000e-01 1.003096e-01 9.749528e-02 1.206632e-01 1.000000e-01 1.597501e+00 -0.991903 0.012768 0.040904 0.705932 0.210621 0.021678 0.991903 -0.005793 -0.028693 -0.929435 0.000000 
1.250000e-01 1.003096e-01 9.749528e-02 1.206632e-01 1.000000e-01 1.597501e+00 -0.991903 0.012768 0.040904 0.705932 0.210621 0.021678 0.991903 -0.005793 -0.028693 -0.929435 0.000000 
1.250000e-01 1.003096e-01 9.749528e-02 1.206632e-01 1.000000e-01 1.597501e+00 -0.991903 0.012768 0.040904 0.705932 0.210621 0.021678 0.991903 -0.005793 -0.028693 -0.929435 0.000000 
1.250000e-01 1.003096e-01 9.749528e-02 1.206632e-01 1.000000e-01 1.597501e+00 -0.991903 0.012768 0.040904 0.705932 0.210621 0.021678 0.991903 -0.005793 -0.028693 -0.929435 0.000000 
1.250000e-01 1.003096e-01 9.749528e-02 1.206632e-01 1.000000e-01 1.597501e+00 -0.991903 0.012768 0.040904 0.705932 0.210621 0.021678 0.991903 -0.005793 -0.028693 -0.929435 0.000000 
1.250000e-01 1.003096e-01 9.749528e-02 1.206632e-01 1.000000e-01 1.597501e+00 -0.991903 0.012768 0.040904 0.705932 0.210621 0.021678 0.991903 -0.005793 -0.028693 -0.929435 0.000000 
1.250000e-01 1.003096e-01 9.749528e-02 1.206632e-01 1.000000e-01 1.597501e+00 -0.991903 0.012768 0.040904 0.705932 0.210621 0.021678 0.991903 -0.005793 -0.028693 -0.929435 0.000000 
1.250000e-01 1.003096e-01 9.749528e-02 1.206632e-01 1.000000e-01 1.597501e+00 -0.991903 0.012768 0.040904 0.705932 0.210621 0.021678 0.991903 -0.005793 -0.028693 -0.929435 0.000000 
1.250000e-01 1.003096e-01 9.749528e-02 1.206632e-01 1.000000e-01 1.597501e+00 -0.991903 0.012768 0.040904 0.705932 0.210621 0.021678 0.991903 -0.005793 -0.028693 -0.929435 0.000000 
1.250000e-01 1.003096e-01 9.749528e-02 1.206632e-01 1.000000e-01 1.597501e+00 -0.991903 0.012768 0.040904 0.705932 0.210621 0.021678 0.991903 -0.005793 -0.028693 -0.929435 0.000000 
1.250000e-01 1.003096e-01 9.749528e-02 1.206632e-01 1.000000e-01 1.597501e+00 -0.991903 0.012768 0.040904 0.705932 0.210621 0.021678 0.991903 -0.005793 -0.028693 -0.929435 0.000000 
1.250000e-01 1.003096e-01 9.749528e-02 1.206632e-01 1.000000e-01 1.597501e+00 -0.991903 0.012768 0.040904 0.705932 0.210621 0.021678 0.991903 -0.005793 -0.028693 -0.929435 0.000000 
1.250000e-01 1.003096e-01 9.749528e-02 1.206632e-01 1.000000e-01 1.597501e+00 -0.991903 0.012768 0.040904 0.705932 0.210621 0.021678 0.991903 -0.005793 -0.028693 -0.929435 0.000000 
1.250000e-01 1.003096e-01 9.749528e-02 1.206632e-01 1.000000e-01 1.597501e+00 -0.991903 0.012768 0.040904 0.705932 0.210621 0.021678 0.991903 -0.005793 -0.028693 -0.929435 0.000000 
1.250000e-01 1.003096e-01 9.749528e-02 1.206632e-01 1.000000e-01 1.597501e+00 -0.991903 0.012768 0.040904 0.705932 0.210621 0.021678 0.991903 -0.005793 -0.028693 -0.929435 0.000000 
1.250000e-01 1.003096e-01 9.749528e-02 1.206632e-01 1.000000e-01 1.597501e+00 -0.991903 0.012768 0.040904 0.705932 0.210621 0.021678 0.991903 -0.005793 -0.028693 -0.929435 0.000000 
1.250000e-01 1.003096e-01 9.749528e-02 1.206632e-01 1.000000e-01 1.597501e+00 -0.991903 0.012768 0.040904 0.705932 0.210621 0.021678 0.991903 -0.005793 -0.028693 -0.929435 0.000000 
1.250000e-01 1.003096e-01 9.749528e-02 1.206632e-01 1.000000e-01 1.597501e+00 -0.991903 0.012768 0.040904 0.705932 0.210621 0.021678 0.991903 -0.005793 -0.028693 -0.929435 0.000000 
1.250000e-01 1.003096e-01 9.749528e-02 1.206632e-01 1.000000e-01 1.597501e+00 -0.991903 0.012768 0.040904 0.705932 0.210621 0.021678 0.991903 -0.005793 -0.028693 -0.929435 0.000000 
1.250000e-01 1.003096e-01 9.749528e-02 1.206632e-01 1.000000e-01 1.597501e+00 -0.991903 0.012768 0.040904 0.705932 0.210621 0.021678 0.991903 -0.005793 -0.028693 -0.929435 0.000000 
1.250000e-01 1.003096e-01 9.749528e-02 1.206632e-01 1.000000e-01 1.597501e+00 -0.991903 0.012768 0.040904 0.705932 0.210621 0.021678 0.991903 -0.005793 -0.028693 -0.929435 0.000000 
1.250000e-01 1.003096e-01 9.749528e-02 1.206632e-01 1.000000e-01 1.597501e+00 -0.991903 0.012768 0.040904 0.705932 0.210621 0.021678 0.991903 -0.005793 -0.028693 -0.929435 0.000000 
1.250000e-01 1.003096e-01 9.749528e-02 1.206632e-01 1.000000e-01 1.597501e+00 -0.991903 0.012768 0.040904 0.705932 0.210621 0.021678 0.991903 -0.005793 -0.028693 -0.929435 0.000000 
1.250000e-01 1.003096e-01 9.749528e-02 1.206632e-01 1.000000e-01 1.597501e+00 -0.991903 0.012768 0.040904 0.705932 0.210621 0.021678 0.991903 -0.005793 -0.028693 -0.929435 0.000000 
1.250000e-01 1.003096e-01 9.749528e-02 1.206632e-01 1.000000e-01 1.597501e+00 -0.991903 0.012768 0.040904 0.705932 0.210621 0.021678 0.991903 -0.005793 -0.028693 -0.929435 0.000000 
1.250000e-01 1.003096e-01 9.749528e-02 1.206632e-01 1.000000e-01 1.597501e+00 -0.991903 0.012768 0.040904 0.705932 0.210621 0.021678 0.991903 -0.005793 -0.028693 -0.929435 0.000000 
1.250000e-01 1.003096e-01 9.749528e-02 1.206632e-01 1.000000e-01 1.597501e+00 -0.991903 0.012768 0.040904 0.705932 0.210621 0.021678 0.991903 -0.005793 -0.028693 -0.929435 0.000000 
1.250000e-01 1.003096e-01 9.749528e-02 1.206632e-01 1.000000e-01 1.597501e+00 -0.991903 0.012768 0.040904 0.705932 0.210621 0.021678 0.991903 -0.005793 -0.028693 -0.929435 0.000000 
1.250000e-01 1.003096e-01 9.749528e-02 1.206632e-01 1.000000e-01 1.597501e+00 -0.991903 0.012768 0.040904 0.705932 0.210621 0.021678 0.991903 -0.005793 -0.028693 -0.929435 0.000000 
1.250000e-01 1.003096e-01 9.749528e-02 1.206632e-01 1.000000e-01 1.597501e+00 -0.991903 0.012768 0.040904 0.705932 0.210621 0.021678 0.991903 -0.005793 -0.028693 -0.929435 0.000000 
1.250000e-01 1.003096e-01 9.749528e-02 1.206632e-01 1.000000e-01 1.597501e+00 -0.991903 0.012768 0.040904 0.705932 0.210621 0.021678 0.991903 -0.005793 -0.028693 -0.929435 0.000000 
1.250000e-01 1.003096e-01 9.749528e-02 1.206632e-01 1.000000e-01 1.597501e+00 -0.991903 0.012768 0.040904 0.705932 0.210621 0.021678 0.991903 -0.005793 -0.028693 -0.929435 0.000000 
1.250000e-01 1.003096e-01 9.749528e-02 1.206632e-01 1.000000e-01 1.597501e+00 -0.991903 0.012768 0.040904 0.705932 0.210621 0.021678 0.991903 -0.005793 -0.028693 -0.929435 0.000000 
1.250000e-01 1.003096e-01 9.749528e-02 1.206632e-01 1.000000e-01 1.597501e+00 -0.991903 0.012768 0.040904 0.705932 0.210621 0.021678 0.991903 -0.005793 -0.028693 -0.929435 0.000000 
1.250000e-01 1.003096e-01 9.749528e-02 1.206632e-01 1.000000e-01 1.597501e+00 -0.991903 0.012768 0.040904 0.705932 0.210621 0.021678 0.991903 -0.005793 -0.028693 -0.929435 0.000000 
1.250000e-01 1.003096e-01 9.749528e-02 1.206632e-01 1.000000e-01 1.597501e+00 -0.991903 0.012768 0.040904 0.705932 0.210621 0.021678 0.991903 -0.005793 -0.028693 -0.929435 0.000000 
1.250000e-01 1.003096e-01 9.749528e-02 1.206632e-01 1.000000e-01 1.597501e+00 -0.991903 0.012768 0.040904 0.705932 0.210621 0.021678 0.991903 -0.005793 -0.028693 -0.929435 0.000000 
1.250000e-01 1.003096e-01 9.749528e-02 1.206632e-01 1.000000e-01 1.597501e+00 -0.991903 0.012768 0.040904 0.705932 0.210621 0.021678 0.991903 -0.005793 -0.028693 -0.929435 0.000000 
1.250000e-01 1.003096e-01 9.749528e-02 1.206632e-01 1.000000e-01 1.597501e+00 -0.991903 0.012768 0.040904 0.705932 0.210621 0.021678 0.991903 -0.005793 -0.028693 -0.929435 0.000000 
1.250000e-01 1.003096e-01 9.749528e-02 1.206632e-01 1.000000e-01 1.597501e+00 -0.991903 0.012768 0.040904 0.705932 0.210621 0.021678 0.991903 -0.005793 -0.028693 -0.929435 0.000000 
1.250000e-01 1.003096e-01 9.749528e-02 1.206632e-01 1.000000e-01 1.597501e+00 -0.991903 0.012768 0.040904 0.705932 0.210621 0.021678 0.991903 -0.005793 -0.028693 -0.929435 0.000000 
1.250000e-01 1.003096e-01 9.749528e-02 1.206632e-01 1.000000e-01 1.597501e+00 -0.991903 0.012768 0.040904 0.705932 0.210621 0.021678 0.991903 -0.005793 -0.028693 -0.929435 0.000000 
1.250000e-01 1.003096e-01 9.749528e-02 1.206632e-01 1.000000e-01 1.597501e+00 -0.991903 0.012768 0.040904 0.705932 0.210621 0.021678 0.991903 -0.005793 -0.028693 -0.929435 0.000000 
1.250000e-01 1.003096e-01 9.749528e-02 1.206632e-01 1.000000e-01 1.597501e+00 -0.991903 0.012768 0.040904 0.705932 0.210621 0.021678 0.991903 -0.005793 -0.028693 -0.929435 0.000000 
1.250000e-01 1.003096e-01 9.749528e-02 1.206632e-01 1.000000e-01 1.597501e+00 -0.991903 0.012768 0.040904 0.705932 0.210621 0.021678 0.991903 -0.005793 -0.028693 -0.929435 0.000000 
1.250000e-01 1.003096e-01 9.749528e-02 1.206632e-01 1.000000e-01 1.597501e+00 -0.991903 0.012768 0.040904 0.705932 0.210621 0.021678 0.991903 -0.005793 -0.028693 -0.929435 0.000000 
1.250000e-01 1.003096e-01 9.749528e-02 1.206632e-01 1.000000e-01 1.597501e+00 -0.991903 0.012768 0.040904 0.705932 0.210621 0.021678 0.991903 -0.005793 -0.028693 -0.929435 0.000000 
1.250000e-01 1.003096e-01 9.749528e-02 1.206632e-01 1.000000e-01 1.597501e+00 -0.991903 0.012768 0.040904 0.705932 0.210621 0.021678 0.991903 -0.005793 -0.028693 -0.929435 0.000000 
1.250000e-01 1.003096e-01 9.749528e-02 1.206632e-01 1.000000e-01 1.597501e+00 -0.991903 0.012768 0.040904 0.705932 0.210621 0.021678 0.991903 -0.005793 -0.028693 -0.929435 0.000000 
1.250000e-01 1.003096e-01 9.749528e-02 1.206632e-01 1.000000e-01 1.597501e+00 -0.991903 0.012768 0.040904 0.705932 0.210621 0.021678 0.991903 -0.005793 -0.028693 -0.929435 0.000000 
1.250000e-01 1.003096e-01 9.749528e-02 1.206632e-01 1.000000e-01 1.597501e+00 -0.991903 0.012768 0.040904 0.705932 0.210621 0.021678 0.991903 -0.005793 -0.028693 -0.929435 0.000000 
1.250000e-01 1.003096e-01 9.749528e-02 1.206632e-01 1.000000e-01 1.597501e+00 -0.991903 0.012768 0.040904 0.705932 0.210621 0.021678 0.991903 -0.005793 -0.028693 -0.929435 0.000000 
1.250000e-01 1.003096e-01 9.749528e-02 1.206632e-01 1.000000e-01 1.597501e+00 -0.991903 0.012768 0.040904 0.705932 0.210621 0.021678 0.991903 -0.005793 -0.028693 -0.929435 0.000000 
1.250000e-01 1.003096e-01 9.749528e-02 1.206632e-01 1.000000e-01 1.597501e+00 -0.991903 0.012768 0.040904 0.705932 0.210621 0.021678 0.991903 -0.005793 -0.028693 -0.929435 0.000000 
1.250000e-01 1.003096e-01 9.749528e-02 1.206632e-01 1.000000e-01 1.597501e+00 -0.991903 0.012768 0.040904 0.705932 0.210621 0.021678 0.991903 -0.005793 -0.028693 -0.929435 0.000000 
1.250000e-01 1.003096e-01 9.749528e-02 1.206632e-01 1.000000e-01 1.597501e+00 -0.991903 0.012768 0.040904 0.705932 0.210621 0.021678 0.991903 -0.005793 -0.028693 -0.929435 0.000000 
1.250000e-01 1.003096e-01 9.749528e-02 1.206632e-01 1.000000e-01 1.597501e+00 -0.991903 0.012768 0.040904 0.705932 0.210621 0.021678 0.991903 -0.005793 -0.028693 -0.929435 0.000000 
1.250000e-01 1.003096e-01 9.749528e-02 1.206632e-01 1.000000e-01 1.597501e+00 -0.991903 0.012768 0.040904 0.705932 0.210621 0.021678 0.991903 -0.005793 -0.028693 -0.929435 0.000000 
1.250000e-01 1.003096e-01 9.749528e-02 1.206632e-01 1.000000e-01 1.597501e+00 -0.991903 0.012768 0.040904 0.705932 0.210621 0.021678 0.991903 -0.005793 -0.028693 -0.929435 0.000000 
1.250000e-01 1.003096e-01 9.749528e-02 1.206632e-01 1.000000e-01 1.597501e+00 -0.991903 0.012768 0.040904 0.705932 0.210621 0.021678 0.991903 -0.005793 -0.028693 -0.929435 0.000000 
1.250000e-01 1.003096e-01 9.749528e-02 1.206632e-01 1.000000e-01 1.597501e+00 -0.991903 0.012768 0.040904 0.705932 0.210621 0.021678 0.991903 -0.005793 -0.028693 -0.929435 0.000000 
1.250000e-01 1.003096e-01 9.749528e-02 1.206632e-01 1.000000e-01 1.597501e+00 -0.991903 0.012768 0.040904 0.705932 0.210621 0.021678 0.991903 -0.005793 -0.028693 -0.929435 0.000000 
1.250000e-01 1.003096e-01 9.749528e-02 1.206632e-01 1.000000e-01 1.597501e+00 -0.991903 0.012768 0.040904 0.705932 0.210621 0.021678 0.991903 -0.005793 -0.028693 -0.929435 0.000000 
1.250000e-01 1.003096e-01 9.749528e-02 1.206632e-01 1.000000e-01 1.597501e+00 -0.991903 0.012768 0.040904 0.705932 0.210621 0.021678 0.991903 -0.005793 -0.028693 -0.929435 0.000000 
1.250000e-01 1.003096e-01 9.749528e-02 1.206632e-01 1.000000e-01 1.597501e+00 -0.991903 0.012768 0.040904 0.705932 0.210621 0.021678 0.991903 -0.005793 -0.028693 -0.929435 0.000000 
1.250000e-01 1.003096e-01 9.749528e-02 1.206632e-01 1.000000e-01 1.597501e+00 -0.991903 0.012768 0.040904 0.705932 0.210621 0.021678 0.991903 -0.005793 -0.028693 -0.929435 0.000000 
1.250000e-01 1.003096e-01 9.749528e-02 1.206632e-01 1.000000e-01 1.597501e+00 -0.991903 0.012768 0.040904 0.705932 0.210621 0.021678 0.991903 -0.005793 -0.028693 -0.929435 0.000000 
1.250000e-01 1.003096e-01 9.749528e-02 1.206632e-01 1.000000e-01 1.597501e+00 -0.991903 0.012768 0.040904 0.705932 0.210621 0.021678 0.991903 -0.005793 -0.028693 -0.929435 0.000000 
1.250000e-01 1.003096e-01 9.749528e-02 1.206632e-01 1.000000e-01 1.597501e+00 -0.991903 0.012768 0.040904 0.705932 0.210621 0.021678 0.991903 -0.005793 -0.028693 -0.929435 0.000000 
1.250000e-01 1.003096e-01 9.749528e-02 1.206632e-01 1.000000e-01 1.597501e+00 -0.991903 0.012768 0.040904 0.705932 0.210621 0.021678 0.991903 -0.005793 -0.028693 -0.929435 0.000000 
1.250000e-01 1.003096e-01 9.749528e-02 1.206632e-01 1.000000e-01 1.597501e+00 -0.991903 0.012768 0.040904 0.705932 0.210621 0.021678 0.991903 -0.005793 -0.028693 -0.929435 0.000000 
1.250000e-01 1.003096e-01 9.749528e-02 1.206632e-01 1.000000e-01 1.597501e+00 -0.991903 0.012768 0.040904 0.705932 0.210621 0.021678 0.991903 -0.005793 -0.028693 -0.929435 0.000000 
1.250000e-01 1.003096e-01 9.749528e-02 1.206632e-01 1.000000e-01 1.597501e+00 -0.991903 0.012768 0.040904 0.705932 0.210621 0.021678 0.991903 -0.005793 -0.028693 -0.929435 0.000000 
1.250000e-01 1.003096e-01 9.749528e-02 1.206632e-01 1.000000e-01 1.597501e+00 -0.991903 0.012768 0.040904 0.705932 0.210621 0.021678 0.991903 -0.005793 -0.028693 -0.929435 0.000000 
1.250000e-01 1.003096e-01 9.749528e-02 1.206632e-01 1.000000e-01 1.597501e+00 -0.991903 0.012768 0.040904 0.705932 0.210621 0.021678 0.991903 -0.005793 -0.028693 -0.929435 0.000000 
1.250000e-01 1.003096e-01 9.749528e-02 1.206632e-01 1.000000e-01 1.597501e+00 -0.991903 0.012768 0.040904 0.705932 0.210621 0.021678 0.991903 -0.005793 -0.028693 -0.929435 0.000000 
1.250000e-01 1.003096e-01 9.749528e-02 1.206632e-01 1.000000e-01 1.597501e+00 -0.991903 0.012768 0.040904 0.705932 0.210621 0.021678 0.991903 -0.005793 -0.028693 -0.929435 0.000000 
1.250000e-01 1.003096e-01 9.749528e-02 1.206632e-01 1.000000e-01 1.597501e+00 -0.991903 0.012768 0.040904 0.705932 0.210621 0.021678 0.991903 -0.005793 -0.028693 -0.929435 0.000000 
1.250000e-01 1.003096e-01 9.749528e-02 1.206632e-01 1.000000e-01 1.597501e+00 -0.991903 0.012768 0.040904 0.705932 0.210621 0.021678 0.991903 -0.005793 -0.028693 -0.929435 0.000000 
1.250000e-01 1.003096e-01 9.749528e-02 1.206632e-01 1.000000e-01 1.597501e+00 -0.991903 0.012768 0.040904 0.705932 0.210621 0.021678 0.991903 -0.005793 -0.028693 -0.929435 0.000000 
1.250000e-01 1.003096e-01 9.749528e-02 1.206632e-01 1.000000e-01 1.597501e+00 -0.991903 0.012768 0.040904 0.705932 0.210621 0.021678 0.991903 -0.005793 -0.028693 -0.929435 0.000000 
1.250000e-01 1.003096e-01 9.749528e-02 1.206632e-01 1.000000e-01 1.597501e+00 -0.991903 0.012768 0.040904 0.705932 0.210621 0.021678 0.991903 -0.005793 -0.028693 -0.929435 0.000000 
1.250000e-01 1.003096e-01 9.749528e-02 1.206632e-01 1.000000e-01 1.597501e+00 -0.991903 0.012768 0.040904 0.705932 0.210621 0.021678 0.991903 -0.005793 -0.028693 -0.929435 0.000000 
1.250000e-01 1.003096e-01 9.749528e-02 1.206632e-01 1.000000e-01 1.597501e+00 -0.991903 0.012768 0.040904 0.705932 0.210621 0.021678 0.991903 -0.005793 -0.028693 -0.929435 0.000000 
1.250000e-01 1.003096e-01 9.749528e-02 1.206632e-01 1.000000e-01 1.597501e+00 -0.991903 0.012768 0.040904 0.705932 0.210621 0.021678 0.991903 -0.005793 -0.028693 -0.929435 0.000000 
1.250000e-01 1.003096e-01 9.749528e-02 1.206632e-01 1.000000e-01 1.597501e+00 -0.991903 0.012768 0.040904 0.705932 0.210621 0.021678 0.991903 -0.005793 -0.028693 -0.929435 0.000000 
1.250000e-01 1.003096e-01 9.749528e-02 1.206632e-01 1.000000e-01 1.597501e+00 -0.991903 0.012768 0.040904 0.705932 0.210621 0.021678 0.991903 -0.005793 -0.028693 -0.929435 0.000000 
1.250000e-01 1.003096e-01 9.749528e-02 1.206632e-01 1.000000e-01 1.597501e+00 -0.991903 0.012768 0.040904 0.705932 0.210621 0.021678 0.991903 -0.005793 -0.028693 -0.929435 0.000000 
1.250000e-01 1.003096e-01 9.749528e-02 1.206632e-01 1.000000e-01 1.597501e+00 -0.991903 0.012768 0.040904 0.705932 0.210621 0.021678 0.991903 -0.005793 -0.028693 -0.929435 0.000000 
1.250000e-01 1.003096e-01 9.749528e-02 1.206632e-01 1.000000e-01 1.597501e+00 -0.991903 0.012768 0.040904 0.705932 0.210621 0.021678 0.991903 -0.005793 -0.028693 -0.929435 0.000000 
1.250000e-01 1.003096e-01 9.749528e-02 1.206632e-01 1.000000e-01 1.597501e+00 -0.991903 0.012768 0.040904 0.705932 0.210621 0.021678 0.991903 -0.005793 -0.028693 -0.929435 0.000000 
1.250000e-01 1.003096e-01 9.749528e-02 1.206632e-01 1.000000e-01 1.597501e+00 -0.991903 0.012768 0.040904 0.705932 0.210621 0.021678 0.991903 -0.005793 -0.028693 -0.929435 0.000000 
1.250000e-01 1.003096e-01 9.749528e-02 1.206632e-01 1.000000e-01 1.597501e+00 -0.991903 0.012768 0.040904 0.705932 0.210621 0.021678 0.991903 -0.005793 -0.028693 -0.929435 0.000000 
1.250000e-01 1.003096e-01 9.749528e-02 1.206632e-01 1.000000e-01 1.597501e+00 -0.991903 0.012768 0.040904 0.705932 0.210621 0.021678 0.991903 -0.005793 -0.028693 -0.929435 0.000000 
