# TeX TeY TeZ ThX ThY THZ P1 P2
1.050000e-01 1.000000e-01 1.150000e+00 1.050000e-01 1.000000e-01 1.150000e+00 0.000000 0.000000 0.000000 0.000000 0.000000 0.000000 0.000000 0.000000 0.000000 0.000000 0.000000 
1.050000e-01 1.000000e-01 1.139908e+00 1.050000e-01 1.000000e-01 1.157775e+00 -0.011804 0.001511 0.003025 0.003034 0.003056 0.001178 0.011804 -0.001515 -0.003031 -0.003033 0.000000 
1.050000e-01 1.000000e-01 1.129760e+00 1.050000e-01 1.000000e-01 1.165529e+00 -0.023632 0.003025 0.006057 0.006074 0.006118 0.002359 0.023632 -0.003033 -0.006067 -0.006073 0.000000 
1.050000e-01 1.000000e-01 1.119556e+00 1.050000e-01 1.000000e-01 1.173263e+00 -0.035483 0.004542 0.009094 0.009119 0.009185 0.003542 0.035483 -0.004554 -0.009110 -0.009118 0.000000 
1.050000e-01 1.000000e-01 1.109298e+00 1.050000e-01 1.000000e-01 1.180975e+00 -0.047356 0.006062 0.012137 0.012171 0.012259 0.004727 0.047356 -0.006078 -0.012158 -0.012169 0.000000 
1.050000e-01 1.000000e-01 1.098984e+00 1.050000e-01 1.000000e-01 1.188666e+00 -0.059251 0.007585 0.015185 0.015228 0.015338 0.005914 0.059251 -0.007604 -0.015212 -0.015226 0.000000 
1.050000e-01 1.000000e-01 1.088617e+00 1.049999e-01 1.000000e-01 1.196336e+00 -0.071168 0.009110 0.018239 0.018291 0.018424 0.007104 0.071168 -0.009134 -0.018271 -0.018288 0.000000 
1.050000e-01 1.000000e-01 1.078196e+00 1.049999e-01 1.000000e-01 1.203984e+00 -0.083105 0.010637 0.021297 0.021359 0.021515 0.008296 0.083105 -0.010666 -0.021336 -0.021356 0.000000 
1.050000e-01 1.000000e-01 1.067721e+00 1.049999e-01 1.000000e-01 1.211609e+00 -0.095064 0.012167 0.024361 0.024433 0.024612 0.009491 0.095064 -0.012201 -0.024406 -0.024429 0.000000 
1.050000e-01 1.000000e-01 1.057194e+00 1.049999e-01 1.000000e-01 1.219212e+00 -0.107042 0.013699 0.027428 0.027512 0.027715 0.010687 0.107042 -0.013738 -0.027481 -0.027507 0.000000 
1.050000e-01 1.000000e-01 1.046615e+00 1.049999e-01 1.000000e-01 1.226793e+00 -0.119040 0.015233 0.030501 0.030596 0.030824 0.011886 0.119040 -0.015278 -0.030562 -0.030590 0.000000 
1.050000e-01 1.000000e-01 1.035983e+00 1.049998e-01 1.000000e-01 1.234350e+00 -0.131057 0.016768 0.033577 0.033685 0.033938 0.013088 0.131057 -0.016820 -0.033647 -0.033678 0.000000 
1.050000e-01 1.000000e-01 1.025301e+00 1.049998e-01 1.000000e-01 1.241885e+00 -0.143093 0.018305 0.036657 0.036780 0.037059 0.014291 0.143092 -0.018365 -0.036737 -0.036771 0.000000 
1.050000e-01 1.000000e-01 1.014567e+00 1.049998e-01 1.000000e-01 1.249396e+00 -0.155146 0.019844 0.039741 0.039879 0.040185 0.015497 0.155146 -0.019912 -0.039831 -0.039868 0.000000 
1.050000e-01 1.000000e-01 1.003783e+00 1.049997e-01 1.000000e-01 1.256883e+00 -0.167218 0.021383 0.042828 0.042983 0.043317 0.016706 0.167218 -0.021461 -0.042931 -0.042970 0.000000 
1.050000e-01 1.000000e-01 9.929494e-01 1.049997e-01 1.000000e-01 1.264347e+00 -0.179306 0.022924 0.045918 0.046092 0.046456 0.017916 0.179306 -0.023013 -0.046034 -0.046077 0.000000 
1.050000e-01 1.000000e-01 9.820660e-01 1.049996e-01 1.000000e-01 1.271786e+00 -0.191412 0.024465 0.049010 0.049206 0.049600 0.019129 0.191411 -0.024566 -0.049142 -0.049188 0.000000 
1.050000e-01 1.000000e-01 9.711334e-01 1.049996e-01 1.000000e-01 1.279200e+00 -0.203533 0.026007 0.052105 0.052325 0.052750 0.020345 0.203533 -0.026122 -0.052254 -0.052302 0.000000 
1.050000e-01 1.000000e-01 9.601521e-01 1.049995e-01 1.000000e-01 1.286590e+00 -0.215670 0.027549 0.055202 0.055449 0.055906 0.021563 0.215670 -0.027680 -0.055370 -0.055421 0.000000 
1.050000e-01 1.000000e-01 9.491225e-01 1.049994e-01 1.000000e-01 1.293954e+00 -0.227823 0.029091 0.058301 0.058578 0.059069 0.022783 0.227823 -0.029240 -0.058490 -0.058544 0.000000 
1.050000e-01 1.000000e-01 9.380452e-01 1.049994e-01 1.000000e-01 1.301293e+00 -0.239990 0.030633 0.061401 0.061712 0.062238 0.024006 0.239990 -0.030801 -0.061614 -0.061671 0.000000 
1.050000e-01 1.000000e-01 9.269204e-01 1.049993e-01 1.000000e-01 1.308606e+00 -0.252172 0.032173 0.064502 0.064851 0.065414 0.025231 0.252171 -0.032365 -0.064741 -0.064801 0.000000 
1.050000e-01 1.000000e-01 9.157486e-01 1.049992e-01 1.000000e-01 1.315893e+00 -0.264367 0.033712 0.067603 0.067996 0.068597 0.026458 0.264367 -0.033930 -0.067872 -0.067935 0.000000 
1.050000e-01 1.000000e-01 9.045303e-01 1.049990e-01 1.000000e-01 1.323154e+00 -0.276576 0.035248 0.070704 0.071147 0.071787 0.027688 0.276575 -0.035497 -0.071007 -0.071072 0.000000 
1.050000e-01 1.000000e-01 8.932658e-01 1.049989e-01 1.000000e-01 1.330388e+00 -0.288797 0.036783 0.073805 0.074304 0.074984 0.028920 0.288797 -0.037065 -0.074144 -0.074213 0.000000 
1.050000e-01 1.000000e-01 8.819556e-01 1.049987e-01 1.000000e-01 1.337594e+00 -0.301031 0.038313 0.076904 0.077469 0.078189 0.030155 0.301031 -0.038635 -0.077285 -0.077357 0.000000 
1.050000e-01 1.000000e-01 8.706000e-01 1.049986e-01 1.000000e-01 1.344774e+00 -0.313276 0.039839 0.080002 0.080642 0.081401 0.031391 0.313276 -0.040207 -0.080429 -0.080503 0.000000 
1.050000e-01 1.000000e-01 8.591995e-01 1.049983e-01 1.000000e-01 1.351925e+00 -0.325533 0.041359 0.083097 0.083824 0.084622 0.032630 0.325533 -0.041780 -0.083576 -0.083653 0.000000 
1.050000e-01 1.000000e-01 8.477544e-01 1.049981e-01 1.000000e-01 1.359049e+00 -0.337801 0.042873 0.086189 0.087017 0.087851 0.033870 0.337801 -0.043354 -0.086725 -0.086806 0.000000 
1.050000e-01 1.000000e-01 8.362652e-01 1.049979e-01 1.000000e-01 1.366143e+00 -0.350079 0.044379 0.089277 0.090222 0.091090 0.035111 0.350079 -0.044930 -0.089877 -0.089961 0.000000 
1.050000e-01 1.000000e-01 8.247321e-01 1.049976e-01 1.000000e-01 1.373209e+00 -0.362367 0.045874 0.092360 0.093441 0.094338 0.036353 0.362367 -0.046507 -0.093032 -0.093118 0.000000 
1.050000e-01 1.000000e-01 8.131557e-01 1.049972e-01 1.000000e-01 1.380246e+00 -0.374665 0.047359 0.095438 0.096677 0.097595 0.037594 0.374664 -0.048086 -0.096189 -0.096278 0.000000 
1.050000e-01 1.000000e-01 8.015363e-01 1.049968e-01 1.000000e-01 1.387253e+00 -0.386971 0.048827 0.098509 0.099935 0.100864 0.038835 0.386970 -0.049665 -0.099349 -0.099441 0.000000 
1.050000e-01 1.000000e-01 7.898742e-01 1.049964e-01 1.000000e-01 1.394231e+00 -0.399285 0.050280 0.101573 0.103216 0.104142 0.040073 0.399285 -0.051246 -0.102510 -0.102605 0.000000 
1.050000e-01 9.999999e-02 7.781699e-01 1.049959e-01 1.000000e-01 1.401178e+00 -0.411608 0.051711 0.104627 0.106529 0.107433 0.041308 0.411607 -0.052827 -0.105674 -0.105772 0.000000 
1.050000e-01 9.999999e-02 7.664237e-01 1.049954e-01 1.000000e-01 1.408094e+00 -0.423938 0.053117 0.107671 0.109878 0.110735 0.042536 0.423937 -0.054409 -0.108839 -0.108940 0.000000 
1.050000e-01 9.999999e-02 7.546359e-01 1.049947e-01 1.000000e-01 1.414979e+00 -0.436274 0.054496 0.110704 0.113268 0.114048 0.043757 0.436274 -0.055993 -0.112007 -0.112110 0.000000 
1.050000e-01 9.999999e-02 7.428070e-01 1.049940e-01 1.000000e-01 1.421832e+00 -0.448618 0.055835 0.113723 0.116720 0.117375 0.044964 0.448617 -0.057577 -0.115176 -0.115282 0.000000 
1.050000e-01 9.999999e-02 7.309372e-01 1.049932e-01 1.000000e-01 1.428654e+00 -0.460967 0.057134 0.116727 0.120234 0.120713 0.046157 0.460966 -0.059162 -0.118346 -0.118456 0.000000 
1.050000e-01 9.999999e-02 7.190270e-01 1.049923e-01 1.000000e-01 1.435443e+00 -0.473321 0.058383 0.119715 0.123829 0.124064 0.047329 0.473320 -0.060747 -0.121518 -0.121630 0.000000 
1.050000e-01 9.999998e-02 7.070767e-01 1.049913e-01 1.000000e-01 1.442199e+00 -0.485680 0.059567 0.122681 0.127532 0.127428 0.048471 0.485680 -0.062334 -0.124691 -0.124806 0.000000 
1.050000e-01 9.999998e-02 6.950865e-01 1.049902e-01 1.000000e-01 1.448923e+00 -0.498044 0.060683 0.125626 0.131351 0.130802 0.049580 0.498043 -0.063920 -0.127865 -0.127983 0.000000 
1.050000e-01 9.999998e-02 6.830570e-01 1.049889e-01 1.000000e-01 1.455612e+00 -0.510411 0.061712 0.128544 0.135323 0.134187 0.050644 0.510411 -0.065508 -0.131040 -0.131162 0.000000 
1.050000e-01 9.999997e-02 6.709884e-01 1.049874e-01 1.000000e-01 1.462268e+00 -0.522782 0.062632 0.131429 0.139494 0.137580 0.051646 0.522782 -0.067095 -0.134216 -0.134341 0.000000 
1.050000e-01 9.999997e-02 6.588810e-01 1.049858e-01 1.000000e-01 1.468888e+00 -0.535156 0.063436 0.134280 0.143882 0.140977 0.052581 0.535155 -0.068683 -0.137393 -0.137520 0.000000 
1.050000e-01 9.999996e-02 6.467352e-01 1.049840e-01 1.000000e-01 1.475474e+00 -0.547532 0.064094 0.137085 0.148551 0.144374 0.053426 0.547531 -0.070272 -0.140570 -0.140701 0.000000 
1.050000e-01 9.999995e-02 6.345512e-01 1.049820e-01 1.000000e-01 1.482025e+00 -0.559910 0.064567 0.139831 0.153597 0.147764 0.054150 0.559909 -0.071860 -0.143748 -0.143881 0.000000 
1.050000e-01 9.999994e-02 6.223295e-01 1.049798e-01 1.000000e-01 1.488540e+00 -0.572289 0.064846 0.142511 0.159053 0.151137 0.054742 0.572289 -0.073449 -0.146926 -0.147063 0.000000 
1.050000e-01 9.999993e-02 6.100704e-01 1.049773e-01 1.000000e-01 1.495018e+00 -0.584670 0.064898 0.145106 0.165009 0.154481 0.055174 0.584669 -0.075038 -0.150105 -0.150244 0.000000 
1.050000e-01 9.999992e-02 5.977741e-01 1.049745e-01 1.000000e-01 1.501459e+00 -0.597050 0.064631 0.147569 0.171711 0.157765 0.055373 0.597050 -0.076627 -0.153283 -0.153425 0.000000 
1.050000e-01 9.999990e-02 5.854410e-01 1.049715e-01 1.000000e-01 1.507861e+00 -0.609429 0.064049 0.149880 0.179201 0.160967 0.055331 0.609429 -0.078216 -0.156461 -0.156607 0.000000 
1.050000e-01 9.999988e-02 5.730713e-01 1.049682e-01 1.000000e-01 1.514223e+00 -0.621807 0.063105 0.151992 0.187659 0.164045 0.055004 0.621806 -0.079804 -0.159639 -0.159787 0.000000 
1.050000e-01 9.999986e-02 5.606654e-01 1.049646e-01 1.000000e-01 1.520546e+00 -0.634182 0.061713 0.153811 0.197419 0.166927 0.054312 0.634182 -0.081393 -0.162816 -0.162967 0.000000 
1.050000e-01 9.999983e-02 5.482236e-01 1.049606e-01 1.000000e-01 1.526827e+00 -0.646555 0.059791 0.155208 0.208879 0.169501 0.053175 0.646554 -0.082981 -0.165993 -0.166147 0.000000 
1.050000e-01 9.999979e-02 5.357462e-01 1.049563e-01 1.000000e-01 1.533067e+00 -0.658925 0.057327 0.156072 0.222299 0.171659 0.051567 0.658924 -0.084568 -0.169169 -0.169326 0.000000 
1.050000e-01 9.999975e-02 5.232335e-01 1.049516e-01 1.000000e-01 1.539266e+00 -0.671291 0.054261 0.156209 0.238180 0.173219 0.049422 0.671291 -0.086155 -0.172344 -0.172504 0.000000 
1.050000e-01 9.999970e-02 5.106858e-01 1.049462e-01 1.000000e-01 1.545423e+00 -0.683656 0.050491 0.155267 0.257415 0.173849 0.046632 0.683656 -0.087742 -0.175518 -0.175681 0.000000 
1.050000e-01 9.999963e-02 4.981033e-01 1.049397e-01 1.000000e-01 1.551539e+00 -0.696020 0.045924 0.152730 0.281244 0.173030 0.043091 0.696020 -0.089329 -0.178692 -0.178859 0.000000 
1.050000e-01 9.999955e-02 4.854864e-01 1.049311e-01 1.000000e-01 1.557614e+00 -0.708388 0.040585 0.148150 0.310596 0.170255 0.038801 0.708388 -0.090916 -0.181868 -0.182038 0.000000 
1.050000e-01 9.999946e-02 4.728353e-01 1.049182e-01 1.000000e-01 1.563652e+00 -0.720768 0.034430 0.140774 0.347195 0.164660 0.033707 0.720767 -0.092504 -0.185046 -0.185220 0.000000 
1.050000e-01 9.999934e-02 4.601503e-01 1.048971e-01 1.000000e-01 1.569660e+00 -0.733176 0.027418 0.129588 0.393422 0.154995 0.027752 0.733176 -0.094096 -0.188232 -0.188409 0.000000 
1.050000e-01 9.999920e-02 4.474317e-01 1.048601e-01 1.000000e-01 1.575651e+00 -0.745656 0.019388 0.112571 0.454252 0.138673 0.020770 0.745656 -0.095697 -0.191436 -0.191618 0.000000 
1.050000e-01 9.999903e-02 4.346798e-01 1.047953e-01 1.000000e-01 1.581652e+00 -0.758279 0.010240 0.087792 0.534778 0.112802 0.012665 0.758279 -0.097316 -0.194677 -0.194864 0.000000 
1.050000e-01 9.999882e-02 4.218948e-01 1.046924e-01 1.000000e-01 1.587707e+00 -0.771164 -0.000238 0.053065 0.641186 0.073900 0.003250 0.771164 -0.098968 -0.197985 -0.198179 0.000000 
1.050000e-01 9.999856e-02 4.090770e-01 1.045639e-01 1.000000e-01 1.593871e+00 -0.784475 -0.012404 0.005872 0.780618 0.018172 -0.007784 0.784475 -0.100673 -0.201402 -0.201605 0.000000 
1.050000e-01 9.999825e-02 3.962266e-01 1.045051e-01 1.000000e-01 1.597597e+00 -0.796093 -0.020102 -0.027714 0.881676 -0.022903 -0.014864 0.796093 -0.102160 -0.204386 -0.204600 0.000000 
1.050000e-01 9.999787e-02 3.833440e-01 1.045051e-01 1.000000e-01 1.597597e+00 -0.804605 -0.019010 -0.025529 0.883863 -0.020704 -0.014017 0.804604 -0.103246 -0.206571 -0.206800 0.000000 
1.050000e-01 9.999740e-02 3.704294e-01 1.045051e-01 1.000000e-01 1.597597e+00 -0.813137 -0.017915 -0.023338 0.886056 -0.018500 -0.013167 0.813137 -0.104331 -0.208763 -0.209013 0.000000 
1.050000e-01 9.999683e-02 3.574830e-01 1.045051e-01 1.000000e-01 1.597597e+00 -0.821691 -0.016817 -0.021142 0.888254 -0.016290 -0.012316 0.821690 -0.105413 -0.210960 -0.211242 0.000000 
1.050000e-01 9.999613e-02 3.445051e-01 1.045051e-01 1.000000e-01 1.597597e+00 -0.830265 -0.015716 -0.018941 0.890457 -0.014074 -0.011462 0.830264 -0.106490 -0.213163 -0.213492 0.000000 
1.050000e-01 9.999527e-02 3.314959e-01 1.045051e-01 1.000000e-01 1.597597e+00 -0.838860 -0.014613 -0.016734 0.892666 -0.011853 -0.010606 0.838859 -0.107557 -0.215373 -0.215772 0.000000 
1.050000e-01 9.999422e-02 3.184557e-01 1.045051e-01 1.000000e-01 1.597597e+00 -0.847475 -0.013508 -0.014522 0.894880 -0.009627 -0.009748 0.847475 -0.108609 -0.217589 -0.218094 0.000000 
1.050000e-01 9.999294e-02 3.053847e-01 1.045051e-01 1.000000e-01 1.597597e+00 -0.856111 -0.012399 -0.012305 0.897099 -0.007396 -0.008888 0.856111 -0.109634 -0.219813 -0.220478 0.000000 
1.050000e-01 9.999137e-02 2.922832e-01 1.045051e-01 1.000000e-01 1.597597e+00 -0.864767 -0.011288 -0.010083 0.899323 -0.005159 -0.008026 0.864767 -0.110618 -0.222045 -0.222957 0.000000 
1.050000e-01 9.998944e-02 2.791514e-01 1.045051e-01 1.000000e-01 1.597597e+00 -0.873443 -0.010175 -0.007856 0.901553 -0.002918 -0.007162 0.873443 -0.111539 -0.224287 -0.225572 0.000000 
1.050000e-01 9.998709e-02 2.659895e-01 1.045051e-01 1.000000e-01 1.597597e+00 -0.882139 -0.009059 -0.005623 0.903787 -0.000671 -0.006297 0.882139 -0.112361 -0.226541 -0.228400 0.000000 
1.050000e-01 9.998421e-02 2.527977e-01 1.045051e-01 1.000000e-01 1.597597e+00 -0.890855 -0.007940 -0.003385 0.906027 0.001581 -0.005429 0.890855 -0.113028 -0.228809 -0.231553 0.000000 
1.050000e-01 9.998071e-02 2.395762e-01 1.045051e-01 1.000000e-01 1.597597e+00 -0.899591 -0.006819 -0.001143 0.908272 0.003838 -0.004559 0.899590 -0.113466 -0.231094 -0.235191 0.000000 
1.050000e-01 9.997647e-02 2.263253e-01 1.045051e-01 1.000000e-01 1.597597e+00 -0.908346 -0.005695 0.001105 0.910522 0.006101 -0.003687 0.908346 -0.113539 -0.233392 -0.239608 0.000000 
1.050000e-01 9.997135e-02 2.130450e-01 1.045051e-01 1.000000e-01 1.597597e+00 -0.917121 -0.004569 0.003358 0.912777 0.008368 -0.002813 0.917121 -0.113068 -0.235693 -0.245218 0.000000 
1.050000e-01 9.996525e-02 1.997355e-01 1.045051e-01 1.000000e-01 1.597597e+00 -0.925917 -0.003440 0.005616 0.915037 0.010640 -0.001938 0.925916 -0.111795 -0.237956 -0.252663 0.000000 
1.050000e-01 9.995811e-02 1.863970e-01 1.045051e-01 1.000000e-01 1.597597e+00 -0.934732 -0.002309 0.007879 0.917302 0.012918 -0.001060 0.934732 -0.109274 -0.240058 -0.263160 0.000000 
1.050000e-01 9.994998e-02 1.730293e-01 1.045051e-01 1.000000e-01 1.597597e+00 -0.943568 -0.001175 0.010148 0.919573 0.015201 -0.000180 0.943568 -0.104974 -0.241681 -0.278505 0.000000 
1.050000e-01 9.994134e-02 1.596321e-01 1.045051e-01 1.000000e-01 1.597597e+00 -0.952427 -0.000038 0.012422 0.921849 0.017490 0.000702 0.952427 -0.098181 -0.242060 -0.301781 0.000000 
1.050000e-01 9.993412e-02 1.462036e-01 1.045051e-01 1.000000e-01 1.597597e+00 -0.961314 0.001103 0.014704 0.924133 0.019786 0.001587 0.961314 -0.087871 -0.239115 -0.339331 0.000000 
1.050000e-01 9.993658e-02 1.327345e-01 1.045051e-01 1.000000e-01 1.597597e+00 -0.970259 0.002251 0.017001 0.926432 0.022098 0.002478 0.970259 -0.073123 -0.227829 -0.402765 0.000000 
1.050000e-01 9.998376e-02 1.191789e-01 1.045051e-01 1.000000e-01 1.597597e+00 -0.979406 0.003425 0.019349 0.928782 0.024461 0.003389 0.979406 -0.053012 -0.196026 -0.516210 0.000000 
1.050000e-01 1.001735e-01 1.053557e-01 1.045051e-01 1.000000e-01 1.597597e+00 -0.989384 0.004706 0.021911 0.931346 0.027039 0.004382 0.989384 -0.025753 -0.113747 -0.734502 0.000000 
1.050000e-01 1.003095e-01 9.749960e-02 1.045051e-01 1.000000e-01 1.597597e+00 -0.995810 0.005530 0.023560 0.932998 0.028700 0.005022 0.995810 -0.006307 -0.029750 -0.930320 0.000000 
1.050000e-01 1.003095e-01 9.749960e-02 1.045051e-01 1.000000e-01 1.597597e+00 -0.995810 0.005530 0.023560 0.932998 0.028700 0.005022 0.995810 -0.006307 -0.029750 -0.930320 0.000000 
1.050000e-01 1.003095e-01 9.749960e-02 1.045051e-01 1.000000e-01 1.597597e+00 -0.995810 0.005530 0.023560 0.932998 0.028700 0.005022 0.995810 -0.006307 -0.029750 -0.930320 0.000000 
1.050000e-01 1.003095e-01 9.749960e-02 1.045051e-01 1.000000e-01 1.597597e+00 -0.995810 0.005530 0.023560 0.932998 0.028700 0.005022 0.995810 -0.006307 -0.029750 -0.930320 0.000000 
1.050000e-01 1.003095e-01 9.749960e-02 1.045051e-01 1.000000e-01 1.597597e+00 -0.995810 0.005530 0.023560 0.932998 0.028700 0.005022 0.995810 -0.006307 -0.029750 -0.930320 0.000000 
1.050000e-01 1.003095e-01 9.749960e-02 1.045051e-01 1.000000e-01 1.597597e+00 -0.995810 0.005530 0.023560 0.932998 0.028700 0.005022 0.995810 -0.006307 -0.029750 -0.930320 0.000000 
1.050000e-01 1.003095e-01 9.749960e-02 1.045051e-01 1.000000e-01 1.597597e+00 -0.995810 0.005530 0.023560 0.932998 0.028700 0.005022 0.995810 -0.006307 -0.029750 -0.930320 0.000000 
1.050000e-01 1.003095e-01 9.749960e-02 1.045051e-01 1.000000e-01 1.597597e+00 -0.995810 0.005530 0.023560 0.932998 0.028700 0.005022 0.995810 -0.006307 -0.029750 -0.930320 0.000000 
1.050000e-01 1.003095e-01 9.749960e-02 1.045051e-01 1.000000e-01 1.597597e+00 -0.995810 0.005530 0.023560 0.932998 0.028700 0.005022 0.995810 -0.006307 -0.029750 -0.930320 0.000000 
1.050000e-01 1.003095e-01 9.749960e-02 1.045051e-01 1.000000e-01 1.597597e+00 -0.995810 0.005530 0.023560 0.932998 0.028700 0.005022 0.995810 -0.006307 -0.029750 -0.930320 0.000000 
1.050000e-01 1.003095e-01 9.749960e-02 1.045051e-01 1.000000e-01 1.597597e+00 -0.995810 0.005530 0.023560 0.932998 0.028700 0.005022 0.995810 -0.006307 -0.029750 -0.930320 0.000000 
1.050000e-01 1.003095e-01 9.749960e-02 1.045051e-01 1.000000e-01 1.597597e+00 -0.995810 0.005530 0.023560 0.932998 0.028700 0.005022 0.995810 -0.006307 -0.029750 -0.930320 0.000000 
1.050000e-01 1.003095e-01 9.749960e-02 1.045051e-01 1.000000e-01 1.597597e+00 -0.995810 0.005530 0.023560 0.932998 0.028700 0.005022 0.995810 -0.006307 -0.029750 -0.930320 0.000000 
1.050000e-01 1.003095e-01 9.749960e-02 1.045051e-01 1.000000e-01 1.597597e+00 -0.995810 0.005530 0.023560 0.932998 0.028700 0.005022 0.995810 -0.006307 -0.029750 -0.930320 0.000000 
1.050000e-01 1.003095e-01 9.749960e-02 1.045051e-01 1.000000e-01 1.597597e+00 -0.995810 0.005530 0.023560 0.932998 0.028700 0.005022 0.995810 -0.006307 -0.029750 -0.930320 0.000000 
1.050000e-01 1.003095e-01 9.749960e-02 1.045051e-01 1.000000e-01 1.597597e+00 -0.995810 0.005530 0.023560 0.932998 0.028700 0.005022 0.995810 -0.006307 -0.029750 -0.930320 0.000000 
1.050000e-01 1.003095e-01 9.749960e-02 1.045051e-01 1.000000e-01 1.597597e+00 -0.995810 0.005530 0.023560 0.932998 0.028700 0.005022 0.995810 -0.006307 -0.029750 -0.930320 0.000000 
1.050000e-01 1.003095e-01 9.749960e-02 1.045051e-01 1.000000e-01 1.597597e+00 -0.995810 0.005530 0.023560 0.932998 0.028700 0.005022 0.995810 -0.006307 -0.029750 -0.930320 0.000000 
1.050000e-01 1.003095e-01 9.749960e-02 1.045051e-01 1.000000e-01 1.597597e+00 -0.995810 0.005530 0.023560 0.932998 0.028700 0.005022 0.995810 -0.006307 -0.029750 -0.930320 0.000000 
1.050000e-01 1.003095e-01 9.749960e-02 1.045051e-01 1.000000e-01 1.597597e+00 -0.995810 0.005530 0.023560 0.932998 0.028700 0.005022 0.995810 -0.006307 -0.029750 -0.930320 0.000000 
1.050000e-01 1.003095e-01 9.749960e-02 1.045051e-01 1.000000e-01 1.597597e+00 -0.995810 0.005530 0.023560 0.932998 0.028700 0.005022 0.995810 -0.006307 -0.029750 -0.930320 0.000000 
1.050000e-01 1.003095e-01 9.749960e-02 1.045051e-01 1.000000e-01 1.597597e+00 -0.995810 0.005530 0.023560 0.932998 0.028700 0.005022 0.995810 -0.006307 -0.029750 -0.930320 0.000000 
1.050000e-01 1.003095e-01 9.749960e-02 1.045051e-01 1.000000e-01 1.597597e+00 -0.995810 0.005530 0.023560 0.932998 0.028700 0.005022 0.995810 -0.006307 -0.029750 -0.930320 0.000000 
1.050000e-01 1.003095e-01 9.749960e-02 1.045051e-01 1.000000e-01 1.597597e+00 -0.995810 0.005530 0.023560 0.932998 0.028700 0.005022 0.995810 -0.006307 -0.029750 -0.930320 0.000000 
1.050000e-01 1.003095e-01 9.749960e-02 1.045051e-01 1.000000e-01 1.597597e+00 -0.995810 0.005530 0.023560 0.932998 0.028700 0.005022 0.995810 -0.006307 -0.029750 -0.930320 0.000000 
1.050000e-01 1.003095e-01 9.749960e-02 1.045051e-01 1.000000e-01 1.597597e+00 -0.995810 0.005530 0.023560 0.932998 0.028700 0.005022 0.995810 -0.006307 -0.029750 -0.930320 0.000000 
1.050000e-01 1.003095e-01 9.749960e-02 1.045051e-01 1.000000e-01 1.597597e+00 -0.995810 0.005530 0.023560 0.932998 0.028700 0.005022 0.995810 -0.006307 -0.029750 -0.930320 0.000000 
1.050000e-01 1.003095e-01 9.749960e-02 1.045051e-01 1.000000e-01 1.597597e+00 -0.995810 0.005530 0.023560 0.932998 0.028700 0.005022 0.995810 -0.006307 -0.029750 -0.930320 0.000000 
1.050000e-01 1.003095e-01 9.749960e-02 1.045051e-01 1.000000e-01 1.597597e+00 -0.995810 0.005530 0.023560 0.932998 0.028700 0.005022 0.995810 -0.006307 -0.029750 -0.930320 0.000000 
1.050000e-01 1.003095e-01 9.749960e-02 1.045051e-01 1.000000e-01 1.597597e+00 -0.995810 0.005530 0.023560 0.932998 0.028700 0.005022 0.995810 -0.006307 -0.029750 -0.930320 0.000000 
1.050000e-01 1.003095e-01 9.749960e-02 1.045051e-01 1.000000e-01 1.597597e+00 -0.995810 0.005530 0.023560 0.932998 0.028700 0.005022 0.995810 -0.006307 -0.029750 -0.930320 0.000000 
1.050000e-01 1.003095e-01 9.749960e-02 1.045051e-01 1.000000e-01 1.597597e+00 -0.995810 0.005530 0.023560 0.932998 0.028700 0.005022 0.995810 -0.006307 -0.029750 -0.930320 0.000000 
1.050000e-01 1.003095e-01 9.749960e-02 1.045051e-01 1.000000e-01 1.597597e+00 -0.995810 0.005530 0.023560 0.932998 0.028700 0.005022 0.995810 -0.006307 -0.029750 -0.930320 0.000000 
1.050000e-01 1.003095e-01 9.749960e-02 1.045051e-01 1.000000e-01 1.597597e+00 -0.995810 0.005530 0.023560 0.932998 0.028700 0.005022 0.995810 -0.006307 -0.029750 -0.930320 0.000000 
1.050000e-01 1.003095e-01 9.749960e-02 1.045051e-01 1.000000e-01 1.597597e+00 -0.995810 0.005530 0.023560 0.932998 0.028700 0.005022 0.995810 -0.006307 -0.029750 -0.930320 0.000000 
1.050000e-01 1.003095e-01 9.749960e-02 1.045051e-01 1.000000e-01 1.597597e+00 -0.995810 0.005530 0.023560 0.932998 0.028700 0.005022 0.995810 -0.006307 -0.029750 -0.930320 0.000000 
1.050000e-01 1.003095e-01 9.749960e-02 1.045051e-01 1.000000e-01 1.597597e+00 -0.995810 0.005530 0.023560 0.932998 0.028700 0.005022 0.995810 -0.006307 -0.029750 -0.930320 0.000000 
1.050000e-01 1.003095e-01 9.749960e-02 1.045051e-01 1.000000e-01 1.597597e+00 -0.995810 0.005530 0.023560 0.932998 0.028700 0.005022 0.995810 -0.006307 -0.029750 -0.930320 0.000000 
1.050000e-01 1.003095e-01 9.749960e-02 1.045051e-01 1.000000e-01 1.597597e+00 -0.995810 0.005530 0.023560 0.932998 0.028700 0.005022 0.995810 -0.006307 -0.029750 -0.930320 0.000000 
1.050000e-01 1.003095e-01 9.749960e-02 1.045051e-01 1.000000e-01 1.597597e+00 -0.995810 0.005530 0.023560 0.932998 0.028700 0.005022 0.995810 -0.006307 -0.029750 -0.930320 0.000000 
1.050000e-01 1.003095e-01 9.749960e-02 1.045051e-01 1.000000e-01 1.597597e+00 -0.995810 0.005530 0.023560 0.932998 0.028700 0.005022 0.995810 -0.006307 -0.029750 -0.930320 0.000000 
1.050000e-01 1.003095e-01 9.749960e-02 1.045051e-01 1.000000e-01 1.597597e+00 -0.995810 0.005530 0.023560 0.932998 0.028700 0.005022 0.995810 -0.006307 -0.029750 -0.930320 0.000000 
1.050000e-01 1.003095e-01 9.749960e-02 1.045051e-01 1.000000e-01 1.597597e+00 -0.995810 0.005530 0.023560 0.932998 0.028700 0.005022 0.995810 -0.006307 -0.029750 -0.930320 0.000000 
1.050000e-01 1.003095e-01 9.749960e-02 1.045051e-01 1.000000e-01 1.597597e+00 -0.995810 0.005530 0.023560 0.932998 0.028700 0.005022 0.995810 -0.006307 -0.029750 -0.930320 0.000000 
1.050000e-01 1.003095e-01 9.749960e-02 1.045051e-01 1.000000e-01 1.597597e+00 -0.995810 0.005530 0.023560 0.932998 0.028700 0.005022 0.995810 -0.006307 -0.029750 -0.930320 0.000000 
1.050000e-01 1.003095e-01 9.749960e-02 1.045051e-01 1.000000e-01 1.597597e+00 -0.995810 0.005530 0.023560 0.932998 0.028700 0.005022 0.995810 -0.006307 -0.029750 -0.930320 0.000000 
1.050000e-01 1.003095e-01 9.749960e-02 1.045051e-01 1.000000e-01 1.597597e+00 -0.995810 0.005530 0.023560 0.932998 0.028700 0.005022 0.995810 -0.006307 -0.029750 -0.930320 0.000000 
1.050000e-01 1.003095e-01 9.749960e-02 1.045051e-01 1.000000e-01 1.597597e+00 -0.995810 0.005530 0.023560 0.932998 0.028700 0.005022 0.995810 -0.006307 -0.029750 -0.930320 0.000000 
1.050000e-01 1.003095e-01 9.749960e-02 1.045051e-01 1.000000e-01 1.597597e+00 -0.995810 0.005530 0.023560 0.932998 0.028700 0.005022 0.995810 -0.006307 -0.029750 -0.930320 0.000000 
1.050000e-01 1.003095e-01 9.749960e-02 1.045051e-01 1.000000e-01 1.597597e+00 -0.995810 0.005530 0.023560 0.932998 0.028700 0.005022 0.995810 -0.006307 -0.029750 -0.930320 0.000000 
1.050000e-01 1.003095e-01 9.749960e-02 1.045051e-01 1.000000e-01 1.597597e+00 -0.995810 0.005530 0.023560 0.932998 0.028700 0.005022 0.995810 -0.006307 -0.029750 -0.930320 0.000000 
1.050000e-01 1.003095e-01 9.749960e-02 1.045051e-01 1.000000e-01 1.597597e+00 -0.995810 0.005530 0.023560 0.932998 0.028700 0.005022 0.995810 -0.006307 -0.029750 -0.930320 0.000000 
1.050000e-01 1.003095e-01 9.749960e-02 1.045051e-01 1.000000e-01 1.597597e+00 -0.995810 0.005530 0.023560 0.932998 0.028700 0.005022 0.995810 -0.006307 -0.029750 -0.930320 0.000000 
1.050000e-01 1.003095e-01 9.749960e-02 1.045051e-01 1.000000e-01 1.597597e+00 -0.995810 0.005530 0.023560 0.932998 0.028700 0.005022 0.995810 -0.006307 -0.029750 -0.930320 0.000000 
1.050000e-01 1.003095e-01 9.749960e-02 1.045051e-01 1.000000e-01 1.597597e+00 -0.995810 0.005530 0.023560 0.932998 0.028700 0.005022 0.995810 -0.006307 -0.029750 -0.930320 0.000000 
1.050000e-01 1.003095e-01 9.749960e-02 1.045051e-01 1.000000e-01 1.597597e+00 -0.995810 0.005530 0.023560 0.932998 0.028700 0.005022 0.995810 -0.006307 -0.029750 -0.930320 0.000000 
1.050000e-01 1.003095e-01 9.749960e-02 1.045051e-01 1.000000e-01 1.597597e+00 -0.995810 0.005530 0.023560 0.932998 0.028700 0.005022 0.995810 -0.006307 -0.029750 -0.930320 0.000000 
1.050000e-01 1.003095e-01 9.749960e-02 1.045051e-01 1.000000e-01 1.597597e+00 -0.995810 0.005530 0.023560 0.932998 0.028700 0.005022 0.995810 -0.006307 -0.029750 -0.930320 0.000000 
1.050000e-01 1.003095e-01 9.749960e-02 1.045051e-01 1.000000e-01 1.597597e+00 -0.995810 0.005530 0.023560 0.932998 0.028700 0.005022 0.995810 -0.006307 -0.029750 -0.930320 0.000000 
1.050000e-01 1.003095e-01 9.749960e-02 1.045051e-01 1.000000e-01 1.597597e+00 -0.995810 0.005530 0.023560 0.932998 0.028700 0.005022 0.995810 -0.006307 -0.029750 -0.930320 0.000000 
1.050000e-01 1.003095e-01 9.749960e-02 1.045051e-01 1.000000e-01 1.597597e+00 -0.995810 0.005530 0.023560 0.932998 0.028700 0.005022 0.995810 -0.006307 -0.029750 -0.930320 0.000000 
1.050000e-01 1.003095e-01 9.749960e-02 1.045051e-01 1.000000e-01 1.597597e+00 -0.995810 0.005530 0.023560 0.932998 0.028700 0.005022 0.995810 -0.006307 -0.029750 -0.930320 0.000000 
1.050000e-01 1.003095e-01 9.749960e-02 1.045051e-01 1.000000e-01 1.597597e+00 -0.995810 0.005530 0.023560 0.932998 0.028700 0.005022 0.995810 -0.006307 -0.029750 -0.930320 0.000000 
1.050000e-01 1.003095e-01 9.749960e-02 1.045051e-01 1.000000e-01 1.597597e+00 -0.995810 0.005530 0.023560 0.932998 0.028700 0.005022 0.995810 -0.006307 -0.029750 -0.930320 0.000000 
1.050000e-01 1.003095e-01 9.749960e-02 1.045051e-01 1.000000e-01 1.597597e+00 -0.995810 0.005530 0.023560 0.932998 0.028700 0.005022 0.995810 -0.006307 -0.029750 -0.930320 0.000000 
1.050000e-01 1.003095e-01 9.749960e-02 1.045051e-01 1.000000e-01 1.597597e+00 -0.995810 0.005530 0.023560 0.932998 0.028700 0.005022 0.995810 -0.006307 -0.029750 -0.930320 0.000000 
1.050000e-01 1.003095e-01 9.749960e-02 1.045051e-01 1.000000e-01 1.597597e+00 -0.995810 0.005530 0.023560 0.932998 0.028700 0.005022 0.995810 -0.006307 -0.029750 -0.930320 0.000000 
1.050000e-01 1.003095e-01 9.749960e-02 1.045051e-01 1.000000e-01 1.597597e+00 -0.995810 0.005530 0.023560 0.932998 0.028700 0.005022 0.995810 -0.006307 -0.029750 -0.930320 0.000000 
1.050000e-01 1.003095e-01 9.749960e-02 1.045051e-01 1.000000e-01 1.597597e+00 -0.995810 0.005530 0.023560 0.932998 0.028700 0.005022 0.995810 -0.006307 -0.029750 -0.930320 0.000000 
1.050000e-01 1.003095e-01 9.749960e-02 1.045051e-01 1.000000e-01 1.597597e+00 -0.995810 0.005530 0.023560 0.932998 0.028700 0.005022 0.995810 -0.006307 -0.029750 -0.930320 0.000000 
1.050000e-01 1.003095e-01 9.749960e-02 1.045051e-01 1.000000e-01 1.597597e+00 -0.995810 0.005530 0.023560 0.932998 0.028700 0.005022 0.995810 -0.006307 -0.029750 -0.930320 0.000000 
1.050000e-01 1.003095e-01 9.749960e-02 1.045051e-01 1.000000e-01 1.597597e+00 -0.995810 0.005530 0.023560 0.932998 0.028700 0.005022 0.995810 -0.006307 -0.029750 -0.930320 0.000000 
1.050000e-01 1.003095e-01 9.749960e-02 1.045051e-01 1.000000e-01 1.597597e+00 -0.995810 0.005530 0.023560 0.932998 0.028700 0.005022 0.995810 -0.006307 -0.029750 -0.930320 0.000000 
1.050000e-01 1.003095e-01 9.749960e-02 1.045051e-01 1.000000e-01 1.597597e+00 -0.995810 0.005530 0.023560 0.932998 0.028700 0.005022 0.995810 -0.006307 -0.029750 -0.930320 0.000000 
1.050000e-01 1.003095e-01 9.749960e-02 1.045051e-01 1.000000e-01 1.597597e+00 -0.995810 0.005530 0.023560 0.932998 0.028700 0.005022 0.995810 -0.006307 -0.029750 -0.930320 0.000000 
1.050000e-01 1.003095e-01 9.749960e-02 1.045051e-01 1.000000e-01 1.597597e+00 -0.995810 0.005530 0.023560 0.932998 0.028700 0.005022 0.995810 -0.006307 -0.029750 -0.930320 0.000000 
1.050000e-01 1.003095e-01 9.749960e-02 1.045051e-01 1.000000e-01 1.597597e+00 -0.995810 0.005530 0.023560 0.932998 0.028700 0.005022 0.995810 -0.006307 -0.029750 -0.930320 0.000000 
1.050000e-01 1.003095e-01 9.749960e-02 1.045051e-01 1.000000e-01 1.597597e+00 -0.995810 0.005530 0.023560 0.932998 0.028700 0.005022 0.995810 -0.006307 -0.029750 -0.930320 0.000000 
1.050000e-01 1.003095e-01 9.749960e-02 1.045051e-01 1.000000e-01 1.597597e+00 -0.995810 0.005530 0.023560 0.932998 0.028700 0.005022 0.995810 -0.006307 -0.029750 -0.930320 0.000000 
1.050000e-01 1.003095e-01 9.749960e-02 1.045051e-01 1.000000e-01 1.597597e+00 -0.995810 0.005530 0.023560 0.932998 0.028700 0.005022 0.995810 -0.006307 -0.029750 -0.930320 0.000000 
1.050000e-01 1.003095e-01 9.749960e-02 1.045051e-01 1.000000e-01 1.597597e+00 -0.995810 0.005530 0.023560 0.932998 0.028700 0.005022 0.995810 -0.006307 -0.029750 -0.930320 0.000000 
1.050000e-01 1.003095e-01 9.749960e-02 1.045051e-01 1.000000e-01 1.597597e+00 -0.995810 0.005530 0.023560 0.932998 0.028700 0.005022 0.995810 -0.006307 -0.029750 -0.930320 0.000000 
1.050000e-01 1.003095e-01 9.749960e-02 1.045051e-01 1.000000e-01 1.597597e+00 -0.995810 0.005530 0.023560 0.932998 0.028700 0.005022 0.995810 -0.006307 -0.029750 -0.930320 0.000000 
1.050000e-01 1.003095e-01 9.749960e-02 1.045051e-01 1.000000e-01 1.597597e+00 -0.995810 0.005530 0.023560 0.932998 0.028700 0.005022 0.995810 -0.006307 -0.029750 -0.930320 0.000000 
1.050000e-01 1.003095e-01 9.749960e-02 1.045051e-01 1.000000e-01 1.597597e+00 -0.995810 0.005530 0.023560 0.932998 0.028700 0.005022 0.995810 -0.006307 -0.029750 -0.930320 0.000000 
1.050000e-01 1.003095e-01 9.749960e-02 1.045051e-01 1.000000e-01 1.597597e+00 -0.995810 0.005530 0.023560 0.932998 0.028700 0.005022 0.995810 -0.006307 -0.029750 -0.930320 0.000000 
1.050000e-01 1.003095e-01 9.749960e-02 1.045051e-01 1.000000e-01 1.597597e+00 -0.995810 0.005530 0.023560 0.932998 0.028700 0.005022 0.995810 -0.006307 -0.029750 -0.930320 0.000000 
1.050000e-01 1.003095e-01 9.749960e-02 1.045051e-01 1.000000e-01 1.597597e+00 -0.995810 0.005530 0.023560 0.932998 0.028700 0.005022 0.995810 -0.006307 -0.029750 -0.930320 0.000000 
1.050000e-01 1.003095e-01 9.749960e-02 1.045051e-01 1.000000e-01 1.597597e+00 -0.995810 0.005530 0.023560 0.932998 0.028700 0.005022 0.995810 -0.006307 -0.029750 -0.930320 0.000000 
1.050000e-01 1.003095e-01 9.749960e-02 1.045051e-01 1.000000e-01 1.597597e+00 -0.995810 0.005530 0.023560 0.932998 0.028700 0.005022 0.995810 -0.006307 -0.029750 -0.930320 0.000000 
1.050000e-01 1.003095e-01 9.749960e-02 1.045051e-01 1.000000e-01 1.597597e+00 -0.995810 0.005530 0.023560 0.932998 0.028700 0.005022 0.995810 -0.006307 -0.029750 -0.930320 0.000000 
1.050000e-01 1.003095e-01 9.749960e-02 1.045051e-01 1.000000e-01 1.597597e+00 -0.995810 0.005530 0.023560 0.932998 0.028700 0.005022 0.995810 -0.006307 -0.029750 -0.930320 0.000000 
1.050000e-01 1.003095e-01 9.749960e-02 1.045051e-01 1.000000e-01 1.597597e+00 -0.995810 0.005530 0.023560 0.932998 0.028700 0.005022 0.995810 -0.006307 -0.029750 -0.930320 0.000000 
1.050000e-01 1.003095e-01 9.749960e-02 1.045051e-01 1.000000e-01 1.597597e+00 -0.995810 0.005530 0.023560 0.932998 0.028700 0.005022 0.995810 -0.006307 -0.029750 -0.930320 0.000000 
1.050000e-01 1.003095e-01 9.749960e-02 1.045051e-01 1.000000e-01 1.597597e+00 -0.995810 0.005530 0.023560 0.932998 0.028700 0.005022 0.995810 -0.006307 -0.029750 -0.930320 0.000000 
1.050000e-01 1.003095e-01 9.749960e-02 1.045051e-01 1.000000e-01 1.597597e+00 -0.995810 0.005530 0.023560 0.932998 0.028700 0.005022 0.995810 -0.006307 -0.029750 -0.930320 0.000000 
1.050000e-01 1.003095e-01 9.749960e-02 1.045051e-01 1.000000e-01 1.597597e+00 -0.995810 0.005530 0.023560 0.932998 0.028700 0.005022 0.995810 -0.006307 -0.029750 -0.930320 0.000000 
1.050000e-01 1.003095e-01 9.749960e-02 1.045051e-01 1.000000e-01 1.597597e+00 -0.995810 0.005530 0.023560 0.932998 0.028700 0.005022 0.995810 -0.006307 -0.029750 -0.930320 0.000000 
1.050000e-01 1.003095e-01 9.749960e-02 1.045051e-01 1.000000e-01 1.597597e+00 -0.995810 0.005530 0.023560 0.932998 0.028700 0.005022 0.995810 -0.006307 -0.029750 -0.930320 0.000000 
1.050000e-01 1.003095e-01 9.749960e-02 1.045051e-01 1.000000e-01 1.597597e+00 -0.995810 0.005530 0.023560 0.932998 0.028700 0.005022 0.995810 -0.006307 -0.029750 -0.930320 0.000000 
1.050000e-01 1.003095e-01 9.749960e-02 1.045051e-01 1.000000e-01 1.597597e+00 -0.995810 0.005530 0.023560 0.932998 0.028700 0.005022 0.995810 -0.006307 -0.029750 -0.930320 0.000000 
1.050000e-01 1.003095e-01 9.749960e-02 1.045051e-01 1.000000e-01 1.597597e+00 -0.995810 0.005530 0.023560 0.932998 0.028700 0.005022 0.995810 -0.006307 -0.029750 -0.930320 0.000000 
1.050000e-01 1.003095e-01 9.749960e-02 1.045051e-01 1.000000e-01 1.597597e+00 -0.995810 0.005530 0.023560 0.932998 0.028700 0.005022 0.995810 -0.006307 -0.029750 -0.930320 0.000000 
1.050000e-01 1.003095e-01 9.749960e-02 1.045051e-01 1.000000e-01 1.597597e+00 -0.995810 0.005530 0.023560 0.932998 0.028700 0.005022 0.995810 -0.006307 -0.029750 -0.930320 0.000000 
1.050000e-01 1.003095e-01 9.749960e-02 1.045051e-01 1.000000e-01 1.597597e+00 -0.995810 0.005530 0.023560 0.932998 0.028700 0.005022 0.995810 -0.006307 -0.029750 -0.930320 0.000000 
1.050000e-01 1.003095e-01 9.749960e-02 1.045051e-01 1.000000e-01 1.597597e+00 -0.995810 0.005530 0.023560 0.932998 0.028700 0.005022 0.995810 -0.006307 -0.029750 -0.930320 0.000000 
1.050000e-01 1.003095e-01 9.749960e-02 1.045051e-01 1.000000e-01 1.597597e+00 -0.995810 0.005530 0.023560 0.932998 0.028700 0.005022 0.995810 -0.006307 -0.029750 -0.930320 0.000000 
1.050000e-01 1.003095e-01 9.749960e-02 1.045051e-01 1.000000e-01 1.597597e+00 -0.995810 0.005530 0.023560 0.932998 0.028700 0.005022 0.995810 -0.006307 -0.029750 -0.930320 0.000000 
1.050000e-01 1.003095e-01 9.749960e-02 1.045051e-01 1.000000e-01 1.597597e+00 -0.995810 0.005530 0.023560 0.932998 0.028700 0.005022 0.995810 -0.006307 -0.029750 -0.930320 0.000000 
1.050000e-01 1.003095e-01 9.749960e-02 1.045051e-01 1.000000e-01 1.597597e+00 -0.995810 0.005530 0.023560 0.932998 0.028700 0.005022 0.995810 -0.006307 -0.029750 -0.930320 0.000000 
1.050000e-01 1.003095e-01 9.749960e-02 1.045051e-01 1.000000e-01 1.597597e+00 -0.995810 0.005530 0.023560 0.932998 0.028700 0.005022 0.995810 -0.006307 -0.029750 -0.930320 0.000000 
1.050000e-01 1.003095e-01 9.749960e-02 1.045051e-01 1.000000e-01 1.597597e+00 -0.995810 0.005530 0.023560 0.932998 0.028700 0.005022 0.995810 -0.006307 -0.029750 -0.930320 0.000000 
1.050000e-01 1.003095e-01 9.749960e-02 1.045051e-01 1.000000e-01 1.597597e+00 -0.995810 0.005530 0.023560 0.932998 0.028700 0.005022 0.995810 -0.006307 -0.029750 -0.930320 0.000000 
1.050000e-01 1.003095e-01 9.749960e-02 1.045051e-01 1.000000e-01 1.597597e+00 -0.995810 0.005530 0.023560 0.932998 0.028700 0.005022 0.995810 -0.006307 -0.029750 -0.930320 0.000000 
1.050000e-01 1.003095e-01 9.749960e-02 1.045051e-01 1.000000e-01 1.597597e+00 -0.995810 0.005530 0.023560 0.932998 0.028700 0.005022 0.995810 -0.006307 -0.029750 -0.930320 0.000000 
1.050000e-01 1.003095e-01 9.749960e-02 1.045051e-01 1.000000e-01 1.597597e+00 -0.995810 0.005530 0.023560 0.932998 0.028700 0.005022 0.995810 -0.006307 -0.029750 -0.930320 0.000000 
1.050000e-01 1.003095e-01 9.749960e-02 1.045051e-01 1.000000e-01 1.597597e+00 -0.995810 0.005530 0.023560 0.932998 0.028700 0.005022 0.995810 -0.006307 -0.029750 -0.930320 0.000000 
1.050000e-01 1.003095e-01 9.749960e-02 1.045051e-01 1.000000e-01 1.597597e+00 -0.995810 0.005530 0.023560 0.932998 0.028700 0.005022 0.995810 -0.006307 -0.029750 -0.930320 0.000000 
1.050000e-01 1.003095e-01 9.749960e-02 1.045051e-01 1.000000e-01 1.597597e+00 -0.995810 0.005530 0.023560 0.932998 0.028700 0.005022 0.995810 -0.006307 -0.029750 -0.930320 0.000000 
1.050000e-01 1.003095e-01 9.749960e-02 1.045051e-01 1.000000e-01 1.597597e+00 -0.995810 0.005530 0.023560 0.932998 0.028700 0.005022 0.995810 -0.006307 -0.029750 -0.930320 0.000000 
1.050000e-01 1.003095e-01 9.749960e-02 1.045051e-01 1.000000e-01 1.597597e+00 -0.995810 0.005530 0.023560 0.932998 0.028700 0.005022 0.995810 -0.006307 -0.029750 -0.930320 0.000000 
1.050000e-01 1.003095e-01 9.749960e-02 1.045051e-01 1.000000e-01 1.597597e+00 -0.995810 0.005530 0.023560 0.932998 0.028700 0.005022 0.995810 -0.006307 -0.029750 -0.930320 0.000000 
1.050000e-01 1.003095e-01 9.749960e-02 1.045051e-01 1.000000e-01 1.597597e+00 -0.995810 0.005530 0.023560 0.932998 0.028700 0.005022 0.995810 -0.006307 -0.029750 -0.930320 0.000000 
1.050000e-01 1.003095e-01 9.749960e-02 1.045051e-01 1.000000e-01 1.597597e+00 -0.995810 0.005530 0.023560 0.932998 0.028700 0.005022 0.995810 -0.006307 -0.029750 -0.930320 0.000000 
1.050000e-01 1.003095e-01 9.749960e-02 1.045051e-01 1.000000e-01 1.597597e+00 -0.995810 0.005530 0.023560 0.932998 0.028700 0.005022 0.995810 -0.006307 -0.029750 -0.930320 0.000000 
1.050000e-01 1.003095e-01 9.749960e-02 1.045051e-01 1.000000e-01 1.597597e+00 -0.995810 0.005530 0.023560 0.932998 0.028700 0.005022 0.995810 -0.006307 -0.029750 -0.930320 0.000000 
1.050000e-01 1.003095e-01 9.749960e-02 1.045051e-01 1.000000e-01 1.597597e+00 -0.995810 0.005530 0.023560 0.932998 0.028700 0.005022 0.995810 -0.006307 -0.029750 -0.930320 0.000000 
1.050000e-01 1.003095e-01 9.749960e-02 1.045051e-01 1.000000e-01 1.597597e+00 -0.995810 0.005530 0.023560 0.932998 0.028700 0.005022 0.995810 -0.006307 -0.029750 -0.930320 0.000000 
1.050000e-01 1.003095e-01 9.749960e-02 1.045051e-01 1.000000e-01 1.597597e+00 -0.995810 0.005530 0.023560 0.932998 0.028700 0.005022 0.995810 -0.006307 -0.029750 -0.930320 0.000000 
1.050000e-01 1.003095e-01 9.749960e-02 1.045051e-01 1.000000e-01 1.597597e+00 -0.995810 0.005530 0.023560 0.932998 0.028700 0.005022 0.995810 -0.006307 -0.029750 -0.930320 0.000000 
1.050000e-01 1.003095e-01 9.749960e-02 1.045051e-01 1.000000e-01 1.597597e+00 -0.995810 0.005530 0.023560 0.932998 0.028700 0.005022 0.995810 -0.006307 -0.029750 -0.930320 0.000000 
1.050000e-01 1.003095e-01 9.749960e-02 1.045051e-01 1.000000e-01 1.597597e+00 -0.995810 0.005530 0.023560 0.932998 0.028700 0.005022 0.995810 -0.006307 -0.029750 -0.930320 0.000000 
1.050000e-01 1.003095e-01 9.749960e-02 1.045051e-01 1.000000e-01 1.597597e+00 -0.995810 0.005530 0.023560 0.932998 0.028700 0.005022 0.995810 -0.006307 -0.029750 -0.930320 0.000000 
1.050000e-01 1.003095e-01 9.749960e-02 1.045051e-01 1.000000e-01 1.597597e+00 -0.995810 0.005530 0.023560 0.932998 0.028700 0.005022 0.995810 -0.006307 -0.029750 -0.930320 0.000000 
1.050000e-01 1.003095e-01 9.749960e-02 1.045051e-01 1.000000e-01 1.597597e+00 -0.995810 0.005530 0.023560 0.932998 0.028700 0.005022 0.995810 -0.006307 -0.029750 -0.930320 0.000000 
1.050000e-01 1.003095e-01 9.749960e-02 1.045051e-01 1.000000e-01 1.597597e+00 -0.995810 0.005530 0.023560 0.932998 0.028700 0.005022 0.995810 -0.006307 -0.029750 -0.930320 0.000000 
1.050000e-01 1.003095e-01 9.749960e-02 1.045051e-01 1.000000e-01 1.597597e+00 -0.995810 0.005530 0.023560 0.932998 0.028700 0.005022 0.995810 -0.006307 -0.029750 -0.930320 0.000000 
1.050000e-01 1.003095e-01 9.749960e-02 1.045051e-01 1.000000e-01 1.597597e+00 -0.995810 0.005530 0.023560 0.932998 0.028700 0.005022 0.995810 -0.006307 -0.029750 -0.930320 0.000000 
1.050000e-01 1.003095e-01 9.749960e-02 1.045051e-01 1.000000e-01 1.597597e+00 -0.995810 0.005530 0.023560 0.932998 0.028700 0.005022 0.995810 -0.006307 -0.029750 -0.930320 0.000000 
1.050000e-01 1.003095e-01 9.749960e-02 1.045051e-01 1.000000e-01 1.597597e+00 -0.995810 0.005530 0.023560 0.932998 0.028700 0.005022 0.995810 -0.006307 -0.029750 -0.930320 0.000000 
1.050000e-01 1.003095e-01 9.749960e-02 1.045051e-01 1.000000e-01 1.597597e+00 -0.995810 0.005530 0.023560 0.932998 0.028700 0.005022 0.995810 -0.006307 -0.029750 -0.930320 0.000000 
1.050000e-01 1.003095e-01 9.749960e-02 1.045051e-01 1.000000e-01 1.597597e+00 -0.995810 0.005530 0.023560 0.932998 0.028700 0.005022 0.995810 -0.006307 -0.029750 -0.930320 0.000000 
1.050000e-01 1.003095e-01 9.749960e-02 1.045051e-01 1.000000e-01 1.597597e+00 -0.995810 0.005530 0.023560 0.932998 0.028700 0.005022 0.995810 -0.006307 -0.029750 -0.930320 0.000000 
1.050000e-01 1.003095e-01 9.749960e-02 1.045051e-01 1.000000e-01 1.597597e+00 -0.995810 0.005530 0.023560 0.932998 0.028700 0.005022 0.995810 -0.006307 -0.029750 -0.930320 0.000000 
1.050000e-01 1.003095e-01 9.749960e-02 1.045051e-01 1.000000e-01 1.597597e+00 -0.995810 0.005530 0.023560 0.932998 0.028700 0.005022 0.995810 -0.006307 -0.029750 -0.930320 0.000000 
1.050000e-01 1.003095e-01 9.749960e-02 1.045051e-01 1.000000e-01 1.597597e+00 -0.995810 0.005530 0.023560 0.932998 0.028700 0.005022 0.995810 -0.006307 -0.029750 -0.930320 0.000000 
1.050000e-01 1.003095e-01 9.749960e-02 1.045051e-01 1.000000e-01 1.597597e+00 -0.995810 0.005530 0.023560 0.932998 0.028700 0.005022 0.995810 -0.006307 -0.029750 -0.930320 0.000000 
1.050000e-01 1.003095e-01 9.749960e-02 1.045051e-01 1.000000e-01 1.597597e+00 -0.995810 0.005530 0.023560 0.932998 0.028700 0.005022 0.995810 -0.006307 -0.029750 -0.930320 0.000000 
1.050000e-01 1.003095e-01 9.749960e-02 1.045051e-01 1.000000e-01 1.597597e+00 -0.995810 0.005530 0.023560 0.932998 0.028700 0.005022 0.995810 -0.006307 -0.029750 -0.930320 0.000000 
1.050000e-01 1.003095e-01 9.749960e-02 1.045051e-01 1.000000e-01 1.597597e+00 -0.995810 0.005530 0.023560 0.932998 0.028700 0.005022 0.995810 -0.006307 -0.029750 -0.930320 0.000000 
1.050000e-01 1.003095e-01 9.749960e-02 1.045051e-01 1.000000e-01 1.597597e+00 -0.995810 0.005530 0.023560 0.932998 0.028700 0.005022 0.995810 -0.006307 -0.029750 -0.930320 0.000000 
1.050000e-01 1.003095e-01 9.749960e-02 1.045051e-01 1.000000e-01 1.597597e+00 -0.995810 0.005530 0.023560 0.932998 0.028700 0.005022 0.995810 -0.006307 -0.029750 -0.930320 0.000000 
1.050000e-01 1.003095e-01 9.749960e-02 1.045051e-01 1.000000e-01 1.597597e+00 -0.995810 0.005530 0.023560 0.932998 0.028700 0.005022 0.995810 -0.006307 -0.029750 -0.930320 0.000000 
1.050000e-01 1.003095e-01 9.749960e-02 1.045051e-01 1.000000e-01 1.597597e+00 -0.995810 0.005530 0.023560 0.932998 0.028700 0.005022 0.995810 -0.006307 -0.029750 -0.930320 0.000000 
1.050000e-01 1.003095e-01 9.749960e-02 1.045051e-01 1.000000e-01 1.597597e+00 -0.995810 0.005530 0.023560 0.932998 0.028700 0.005022 0.995810 -0.006307 -0.029750 -0.930320 0.000000 
1.050000e-01 1.003095e-01 9.749960e-02 1.045051e-01 1.000000e-01 1.597597e+00 -0.995810 0.005530 0.023560 0.932998 0.028700 0.005022 0.995810 -0.006307 -0.029750 -0.930320 0.000000 
1.050000e-01 1.003095e-01 9.749960e-02 1.045051e-01 1.000000e-01 1.597597e+00 -0.995810 0.005530 0.023560 0.932998 0.028700 0.005022 0.995810 -0.006307 -0.029750 -0.930320 0.000000 
1.050000e-01 1.003095e-01 9.749960e-02 1.045051e-01 1.000000e-01 1.597597e+00 -0.995810 0.005530 0.023560 0.932998 0.028700 0.005022 0.995810 -0.006307 -0.029750 -0.930320 0.000000 
1.050000e-01 1.003095e-01 9.749960e-02 1.045051e-01 1.000000e-01 1.597597e+00 -0.995810 0.005530 0.023560 0.932998 0.028700 0.005022 0.995810 -0.006307 -0.029750 -0.930320 0.000000 
1.050000e-01 1.003095e-01 9.749960e-02 1.045051e-01 1.000000e-01 1.597597e+00 -0.995810 0.005530 0.023560 0.932998 0.028700 0.005022 0.995810 -0.006307 -0.029750 -0.930320 0.000000 
1.050000e-01 1.003095e-01 9.749960e-02 1.045051e-01 1.000000e-01 1.597597e+00 -0.995810 0.005530 0.023560 0.932998 0.028700 0.005022 0.995810 -0.006307 -0.029750 -0.930320 0.000000 
1.050000e-01 1.003095e-01 9.749960e-02 1.045051e-01 1.000000e-01 1.597597e+00 -0.995810 0.005530 0.023560 0.932998 0.028700 0.005022 0.995810 -0.006307 -0.029750 -0.930320 0.000000 
1.050000e-01 1.003095e-01 9.749960e-02 1.045051e-01 1.000000e-01 1.597597e+00 -0.995810 0.005530 0.023560 0.932998 0.028700 0.005022 0.995810 -0.006307 -0.029750 -0.930320 0.000000 
1.050000e-01 1.003095e-01 9.749960e-02 1.045051e-01 1.000000e-01 1.597597e+00 -0.995810 0.005530 0.023560 0.932998 0.028700 0.005022 0.995810 -0.006307 -0.029750 -0.930320 0.000000 
1.050000e-01 1.003095e-01 9.749960e-02 1.045051e-01 1.000000e-01 1.597597e+00 -0.995810 0.005530 0.023560 0.932998 0.028700 0.005022 0.995810 -0.006307 -0.029750 -0.930320 0.000000 
1.050000e-01 1.003095e-01 9.749960e-02 1.045051e-01 1.000000e-01 1.597597e+00 -0.995810 0.005530 0.023560 0.932998 0.028700 0.005022 0.995810 -0.006307 -0.029750 -0.930320 0.000000 
1.050000e-01 1.003095e-01 9.749960e-02 1.045051e-01 1.000000e-01 1.597597e+00 -0.995810 0.005530 0.023560 0.932998 0.028700 0.005022 0.995810 -0.006307 -0.029750 -0.930320 0.000000 
1.050000e-01 1.003095e-01 9.749960e-02 1.045051e-01 1.000000e-01 1.597597e+00 -0.995810 0.005530 0.023560 0.932998 0.028700 0.005022 0.995810 -0.006307 -0.029750 -0.930320 0.000000 
1.050000e-01 1.003095e-01 9.749960e-02 1.045051e-01 1.000000e-01 1.597597e+00 -0.995810 0.005530 0.023560 0.932998 0.028700 0.005022 0.995810 -0.006307 -0.029750 -0.930320 0.000000 
1.050000e-01 1.003095e-01 9.749960e-02 1.045051e-01 1.000000e-01 1.597597e+00 -0.995810 0.005530 0.023560 0.932998 0.028700 0.005022 0.995810 -0.006307 -0.029750 -0.930320 0.000000 
1.050000e-01 1.003095e-01 9.749960e-02 1.045051e-01 1.000000e-01 1.597597e+00 -0.995810 0.005530 0.023560 0.932998 0.028700 0.005022 0.995810 -0.006307 -0.029750 -0.930320 0.000000 
1.050000e-01 1.003095e-01 9.749960e-02 1.045051e-01 1.000000e-01 1.597597e+00 -0.995810 0.005530 0.023560 0.932998 0.028700 0.005022 0.995810 -0.006307 -0.029750 -0.930320 0.000000 
1.050000e-01 1.003095e-01 9.749960e-02 1.045051e-01 1.000000e-01 1.597597e+00 -0.995810 0.005530 0.023560 0.932998 0.028700 0.005022 0.995810 -0.006307 -0.029750 -0.930320 0.000000 
1.050000e-01 1.003095e-01 9.749960e-02 1.045051e-01 1.000000e-01 1.597597e+00 -0.995810 0.005530 0.023560 0.932998 0.028700 0.005022 0.995810 -0.006307 -0.029750 -0.930320 0.000000 
1.050000e-01 1.003095e-01 9.749960e-02 1.045051e-01 1.000000e-01 1.597597e+00 -0.995810 0.005530 0.023560 0.932998 0.028700 0.005022 0.995810 -0.006307 -0.029750 -0.930320 0.000000 
1.050000e-01 1.003095e-01 9.749960e-02 1.045051e-01 1.000000e-01 1.597597e+00 -0.995810 0.005530 0.023560 0.932998 0.028700 0.005022 0.995810 -0.006307 -0.029750 -0.930320 0.000000 
1.050000e-01 1.003095e-01 9.749960e-02 1.045051e-01 1.000000e-01 1.597597e+00 -0.995810 0.005530 0.023560 0.932998 0.028700 0.005022 0.995810 -0.006307 -0.029750 -0.930320 0.000000 
1.050000e-01 1.003095e-01 9.749960e-02 1.045051e-01 1.000000e-01 1.597597e+00 -0.995810 0.005530 0.023560 0.932998 0.028700 0.005022 0.995810 -0.006307 -0.029750 -0.930320 0.000000 
1.050000e-01 1.003095e-01 9.749960e-02 1.045051e-01 1.000000e-01 1.597597e+00 -0.995810 0.005530 0.023560 0.932998 0.028700 0.005022 0.995810 -0.006307 -0.029750 -0.930320 0.000000 
1.050000e-01 1.003095e-01 9.749960e-02 1.045051e-01 1.000000e-01 1.597597e+00 -0.995810 0.005530 0.023560 0.932998 0.028700 0.005022 0.995810 -0.006307 -0.029750 -0.930320 0.000000 
1.050000e-01 1.003095e-01 9.749960e-02 1.045051e-01 1.000000e-01 1.597597e+00 -0.995810 0.005530 0.023560 0.932998 0.028700 0.005022 0.995810 -0.006307 -0.029750 -0.930320 0.000000 
1.050000e-01 1.003095e-01 9.749960e-02 1.045051e-01 1.000000e-01 1.597597e+00 -0.995810 0.005530 0.023560 0.932998 0.028700 0.005022 0.995810 -0.006307 -0.029750 -0.930320 0.000000 
1.050000e-01 1.003095e-01 9.749960e-02 1.045051e-01 1.000000e-01 1.597597e+00 -0.995810 0.005530 0.023560 0.932998 0.028700 0.005022 0.995810 -0.006307 -0.029750 -0.930320 0.000000 
1.050000e-01 1.003095e-01 9.749960e-02 1.045051e-01 1.000000e-01 1.597597e+00 -0.995810 0.005530 0.023560 0.932998 0.028700 0.005022 0.995810 -0.006307 -0.029750 -0.930320 0.000000 
1.050000e-01 1.003095e-01 9.749960e-02 1.045051e-01 1.000000e-01 1.597597e+00 -0.995810 0.005530 0.023560 0.932998 0.028700 0.005022 0.995810 -0.006307 -0.029750 -0.930320 0.000000 
1.050000e-01 1.003095e-01 9.749960e-02 1.045051e-01 1.000000e-01 1.597597e+00 -0.995810 0.005530 0.023560 0.932998 0.028700 0.005022 0.995810 -0.006307 -0.029750 -0.930320 0.000000 
1.050000e-01 1.003095e-01 9.749960e-02 1.045051e-01 1.000000e-01 1.597597e+00 -0.995810 0.005530 0.023560 0.932998 0.028700 0.005022 0.995810 -0.006307 -0.029750 -0.930320 0.000000 
1.050000e-01 1.003095e-01 9.749960e-02 1.045051e-01 1.000000e-01 1.597597e+00 -0.995810 0.005530 0.023560 0.932998 0.028700 0.005022 0.995810 -0.006307 -0.029750 -0.930320 0.000000 
1.050000e-01 1.003095e-01 9.749960e-02 1.045051e-01 1.000000e-01 1.597597e+00 -0.995810 0.005530 0.023560 0.932998 0.028700 0.005022 0.995810 -0.006307 -0.029750 -0.930320 0.000000 
1.050000e-01 1.003095e-01 9.749960e-02 1.045051e-01 1.000000e-01 1.597597e+00 -0.995810 0.005530 0.023560 0.932998 0.028700 0.005022 0.995810 -0.006307 -0.029750 -0.930320 0.000000 
1.050000e-01 1.003095e-01 9.749960e-02 1.045051e-01 1.000000e-01 1.597597e+00 -0.995810 0.005530 0.023560 0.932998 0.028700 0.005022 0.995810 -0.006307 -0.029750 -0.930320 0.000000 
1.050000e-01 1.003095e-01 9.749960e-02 1.045051e-01 1.000000e-01 1.597597e+00 -0.995810 0.005530 0.023560 0.932998 0.028700 0.005022 0.995810 -0.006307 -0.029750 -0.930320 0.000000 
1.050000e-01 1.003095e-01 9.749960e-02 1.045051e-01 1.000000e-01 1.597597e+00 -0.995810 0.005530 0.023560 0.932998 0.028700 0.005022 0.995810 -0.006307 -0.029750 -0.930320 0.000000 
1.050000e-01 1.003095e-01 9.749960e-02 1.045051e-01 1.000000e-01 1.597597e+00 -0.995810 0.005530 0.023560 0.932998 0.028700 0.005022 0.995810 -0.006307 -0.029750 -0.930320 0.000000 
1.050000e-01 1.003095e-01 9.749960e-02 1.045051e-01 1.000000e-01 1.597597e+00 -0.995810 0.005530 0.023560 0.932998 0.028700 0.005022 0.995810 -0.006307 -0.029750 -0.930320 0.000000 
1.050000e-01 1.003095e-01 9.749960e-02 1.045051e-01 1.000000e-01 1.597597e+00 -0.995810 0.005530 0.023560 0.932998 0.028700 0.005022 0.995810 -0.006307 -0.029750 -0.930320 0.000000 
1.050000e-01 1.003095e-01 9.749960e-02 1.045051e-01 1.000000e-01 1.597597e+00 -0.995810 0.005530 0.023560 0.932998 0.028700 0.005022 0.995810 -0.006307 -0.029750 -0.930320 0.000000 
1.050000e-01 1.003095e-01 9.749960e-02 1.045051e-01 1.000000e-01 1.597597e+00 -0.995810 0.005530 0.023560 0.932998 0.028700 0.005022 0.995810 -0.006307 -0.029750 -0.930320 0.000000 
1.050000e-01 1.003095e-01 9.749960e-02 1.045051e-01 1.000000e-01 1.597597e+00 -0.995810 0.005530 0.023560 0.932998 0.028700 0.005022 0.995810 -0.006307 -0.029750 -0.930320 0.000000 
1.050000e-01 1.003095e-01 9.749960e-02 1.045051e-01 1.000000e-01 1.597597e+00 -0.995810 0.005530 0.023560 0.932998 0.028700 0.005022 0.995810 -0.006307 -0.029750 -0.930320 0.000000 
1.050000e-01 1.003095e-01 9.749960e-02 1.045051e-01 1.000000e-01 1.597597e+00 -0.995810 0.005530 0.023560 0.932998 0.028700 0.005022 0.995810 -0.006307 -0.029750 -0.930320 0.000000 
1.050000e-01 1.003095e-01 9.749960e-02 1.045051e-01 1.000000e-01 1.597597e+00 -0.995810 0.005530 0.023560 0.932998 0.028700 0.005022 0.995810 -0.006307 -0.029750 -0.930320 0.000000 
1.050000e-01 1.003095e-01 9.749960e-02 1.045051e-01 1.000000e-01 1.597597e+00 -0.995810 0.005530 0.023560 0.932998 0.028700 0.005022 0.995810 -0.006307 -0.029750 -0.930320 0.000000 
1.050000e-01 1.003095e-01 9.749960e-02 1.045051e-01 1.000000e-01 1.597597e+00 -0.995810 0.005530 0.023560 0.932998 0.028700 0.005022 0.995810 -0.006307 -0.029750 -0.930320 0.000000 
1.050000e-01 1.003095e-01 9.749960e-02 1.045051e-01 1.000000e-01 1.597597e+00 -0.995810 0.005530 0.023560 0.932998 0.028700 0.005022 0.995810 -0.006307 -0.029750 -0.930320 0.000000 
1.050000e-01 1.003095e-01 9.749960e-02 1.045051e-01 1.000000e-01 1.597597e+00 -0.995810 0.005530 0.023560 0.932998 0.028700 0.005022 0.995810 -0.006307 -0.029750 -0.930320 0.000000 
1.050000e-01 1.003095e-01 9.749960e-02 1.045051e-01 1.000000e-01 1.597597e+00 -0.995810 0.005530 0.023560 0.932998 0.028700 0.005022 0.995810 -0.006307 -0.029750 -0.930320 0.000000 
1.050000e-01 1.003095e-01 9.749960e-02 1.045051e-01 1.000000e-01 1.597597e+00 -0.995810 0.005530 0.023560 0.932998 0.028700 0.005022 0.995810 -0.006307 -0.029750 -0.930320 0.000000 
1.050000e-01 1.003095e-01 9.749960e-02 1.045051e-01 1.000000e-01 1.597597e+00 -0.995810 0.005530 0.023560 0.932998 0.028700 0.005022 0.995810 -0.006307 -0.029750 -0.930320 0.000000 
1.050000e-01 1.003095e-01 9.749960e-02 1.045051e-01 1.000000e-01 1.597597e+00 -0.995810 0.005530 0.023560 0.932998 0.028700 0.005022 0.995810 -0.006307 -0.029750 -0.930320 0.000000 
1.050000e-01 1.003095e-01 9.749960e-02 1.045051e-01 1.000000e-01 1.597597e+00 -0.995810 0.005530 0.023560 0.932998 0.028700 0.005022 0.995810 -0.006307 -0.029750 -0.930320 0.000000 
1.050000e-01 1.003095e-01 9.749960e-02 1.045051e-01 1.000000e-01 1.597597e+00 -0.995810 0.005530 0.023560 0.932998 0.028700 0.005022 0.995810 -0.006307 -0.029750 -0.930320 0.000000 
1.050000e-01 1.003095e-01 9.749960e-02 1.045051e-01 1.000000e-01 1.597597e+00 -0.995810 0.005530 0.023560 0.932998 0.028700 0.005022 0.995810 -0.006307 -0.029750 -0.930320 0.000000 
