# TeX TeY TeZ ThX ThY THZ P1 P2
8.000000e-02 1.000000e-01 1.700000e-01 8.000000e-02 1.000000e-01 1.700000e-01 0.000000 0.000000 0.000000 0.000000 0.000000 0.000000 0.000000 0.000000 0.000000 0.000000 0.000000 
8.000000e-02 9.999140e-02 1.565960e-01 7.999389e-02 1.000000e-01 1.791837e-01 -0.014935 0.001917 0.003834 0.003838 0.003859 0.001487 0.014935 0.011089 -0.000674 -0.038240 0.000000 
8.000000e-02 9.998509e-02 1.431597e-01 7.998819e-02 1.000000e-01 1.883598e-01 -0.029897 0.003837 0.007676 0.007683 0.007725 0.002977 0.029897 0.024819 0.002354 -0.089552 0.000000 
8.000000e-02 9.999238e-02 1.296773e-01 7.998300e-02 1.000000e-01 1.975283e-01 -0.044925 0.005766 0.011534 0.011544 0.011608 0.004473 0.044925 0.042347 0.015147 -0.167990 0.000000 
8.000000e-02 1.000601e-01 1.160858e-01 7.997834e-02 1.000000e-01 2.066892e-01 -0.060229 0.007730 0.015463 0.015477 0.015562 0.005997 0.060229 0.065045 0.053732 -0.305383 0.000000 
8.000000e-02 1.002816e-01 1.021531e-01 7.997418e-02 1.000000e-01 2.158424e-01 -0.076669 0.009840 0.019684 0.019702 0.019810 0.007634 0.076669 0.095141 0.153358 -0.565688 0.000000 
8.000000e-02 1.003535e-01 9.749352e-02 7.997051e-02 1.000000e-01 2.249879e-01 -0.086586 0.011113 0.022230 0.022250 0.022372 0.008622 0.086586 0.107232 0.203987 -0.690393 0.000000 
8.000000e-02 1.003535e-01 9.749352e-02 7.996727e-02 1.000000e-01 2.341257e-01 -0.092624 0.011888 0.023780 0.023802 0.023932 0.009223 0.092624 0.107254 0.202405 -0.693591 0.000000 
8.000000e-02 1.003535e-01 9.749352e-02 7.996443e-02 1.000000e-01 2.432556e-01 -0.098656 0.012662 0.025329 0.025352 0.025491 0.009823 0.098656 0.107080 0.200826 -0.696366 0.000000 
8.000000e-02 1.003535e-01 9.749352e-02 7.996195e-02 1.000000e-01 2.523778e-01 -0.104683 0.013435 0.026876 0.026901 0.027048 0.010424 0.104684 0.106756 0.199254 -0.698828 0.000000 
8.000000e-02 1.003535e-01 9.749352e-02 7.995978e-02 1.000000e-01 2.614921e-01 -0.110705 0.014208 0.028422 0.028448 0.028604 0.011023 0.110705 0.106320 0.197687 -0.701056 0.000000 
8.000000e-02 1.003535e-01 9.749352e-02 7.995789e-02 1.000000e-01 2.705984e-01 -0.116722 0.014981 0.029967 0.029994 0.030159 0.011622 0.116722 0.105800 0.196126 -0.703109 0.000000 
8.000000e-02 1.003535e-01 9.749352e-02 7.995624e-02 1.000000e-01 2.796968e-01 -0.122733 0.015752 0.031510 0.031539 0.031712 0.012221 0.122733 0.105216 0.194569 -0.705029 0.000000 
8.000000e-02 1.003535e-01 9.749352e-02 7.995480e-02 1.000000e-01 2.887872e-01 -0.128739 0.016523 0.033052 0.033082 0.033264 0.012819 0.128739 0.104585 0.193018 -0.706851 0.000000 
8.000000e-02 1.003535e-01 9.749352e-02 7.995356e-02 1.000000e-01 2.978694e-01 -0.134739 0.017293 0.034592 0.034624 0.034814 0.013416 0.134740 0.103919 0.191470 -0.708601 0.000000 
8.000000e-02 1.003535e-01 9.749352e-02 7.995247e-02 1.000000e-01 3.069435e-01 -0.140735 0.018062 0.036132 0.036165 0.036363 0.014013 0.140735 0.103228 0.189925 -0.710297 0.000000 
8.000000e-02 1.003535e-01 9.749352e-02 7.995153e-02 1.000000e-01 3.160094e-01 -0.146724 0.018831 0.037669 0.037704 0.037911 0.014610 0.146725 0.102517 0.188383 -0.711953 0.000000 
8.000000e-02 1.003535e-01 9.749352e-02 7.995071e-02 1.000000e-01 3.250670e-01 -0.152708 0.019599 0.039206 0.039242 0.039457 0.015206 0.152709 0.101793 0.186843 -0.713578 0.000000 
8.000000e-02 1.003535e-01 9.749352e-02 7.994999e-02 1.000000e-01 3.341162e-01 -0.158687 0.020367 0.040741 0.040778 0.041002 0.015801 0.158687 0.101058 0.185305 -0.715178 0.000000 
8.000000e-02 1.003535e-01 9.749352e-02 7.994937e-02 1.000000e-01 3.431571e-01 -0.164660 0.021133 0.042274 0.042313 0.042545 0.016396 0.164661 0.100316 0.183770 -0.716761 0.000000 
8.000000e-02 1.003535e-01 9.749352e-02 7.994883e-02 1.000000e-01 3.521895e-01 -0.170628 0.021899 0.043806 0.043847 0.044087 0.016990 0.170628 0.099568 0.182237 -0.718331 0.000000 
8.000000e-02 1.003535e-01 9.749352e-02 7.994837e-02 1.000000e-01 3.612133e-01 -0.176590 0.022664 0.045337 0.045379 0.045627 0.017583 0.176590 0.098816 0.180705 -0.719890 0.000000 
8.000000e-02 1.003535e-01 9.749352e-02 7.994796e-02 1.000000e-01 3.702286e-01 -0.182546 0.023429 0.046866 0.046909 0.047166 0.018176 0.182546 0.098062 0.179175 -0.721441 0.000000 
8.000000e-02 1.003535e-01 9.749352e-02 7.994760e-02 1.000000e-01 3.792352e-01 -0.188496 0.024192 0.048394 0.048439 0.048704 0.018769 0.188497 0.097306 0.177647 -0.722985 0.000000 
8.000000e-02 1.003535e-01 9.749352e-02 7.994730e-02 1.000000e-01 3.882331e-01 -0.194441 0.024955 0.049920 0.049966 0.050240 0.019361 0.194441 0.096549 0.176120 -0.724524 0.000000 
8.000000e-02 1.003535e-01 9.749352e-02 7.994703e-02 1.000000e-01 3.972222e-01 -0.200380 0.025718 0.051445 0.051492 0.051774 0.019952 0.200380 0.095791 0.174595 -0.726058 0.000000 
8.000000e-02 1.003535e-01 9.749352e-02 7.994679e-02 1.000000e-01 4.062024e-01 -0.206313 0.026479 0.052968 0.053017 0.053307 0.020543 0.206313 0.095033 0.173072 -0.727589 0.000000 
8.000000e-02 1.003535e-01 9.749352e-02 7.994659e-02 1.000000e-01 4.151737e-01 -0.212240 0.027240 0.054490 0.054540 0.054839 0.021133 0.212241 0.094274 0.171550 -0.729117 0.000000 
8.000000e-02 1.003535e-01 9.749352e-02 7.994641e-02 1.000000e-01 4.241360e-01 -0.218161 0.028000 0.056010 0.056062 0.056369 0.021723 0.218162 0.093516 0.170030 -0.730642 0.000000 
8.000000e-02 1.003535e-01 9.749352e-02 7.994626e-02 1.000000e-01 4.330892e-01 -0.224077 0.028759 0.057528 0.057582 0.057897 0.022312 0.224077 0.092758 0.168511 -0.732165 0.000000 
8.000000e-02 1.003535e-01 9.749352e-02 7.994613e-02 1.000000e-01 4.420333e-01 -0.229986 0.029517 0.059045 0.059100 0.059424 0.022900 0.229986 0.092001 0.166994 -0.733686 0.000000 
8.000000e-02 1.003535e-01 9.749352e-02 7.994601e-02 1.000000e-01 4.509681e-01 -0.235889 0.030275 0.060561 0.060617 0.060949 0.023488 0.235889 0.091244 0.165478 -0.735204 0.000000 
8.000000e-02 1.003535e-01 9.749352e-02 7.994591e-02 1.000000e-01 4.598937e-01 -0.241786 0.031032 0.062075 0.062132 0.062473 0.024075 0.241786 0.090488 0.163964 -0.736720 0.000000 
8.000000e-02 1.003535e-01 9.749352e-02 7.994582e-02 1.000000e-01 4.688099e-01 -0.247676 0.031788 0.063587 0.063646 0.063995 0.024662 0.247677 0.089732 0.162452 -0.738235 0.000000 
8.000000e-02 1.003535e-01 9.749352e-02 7.994574e-02 1.000000e-01 4.777166e-01 -0.253561 0.032543 0.065098 0.065158 0.065515 0.025248 0.253561 0.088977 0.160941 -0.739748 0.000000 
8.000000e-02 1.003535e-01 9.749352e-02 7.994568e-02 1.000000e-01 4.866139e-01 -0.259439 0.033297 0.066607 0.066669 0.067034 0.025833 0.259440 0.088223 0.159432 -0.741259 0.000000 
8.000000e-02 1.003535e-01 9.749352e-02 7.994562e-02 1.000000e-01 4.955015e-01 -0.265311 0.034051 0.068115 0.068178 0.068551 0.026418 0.265311 0.087470 0.157924 -0.742768 0.000000 
8.000000e-02 1.003535e-01 9.749352e-02 7.994557e-02 1.000000e-01 5.043794e-01 -0.271176 0.034804 0.069621 0.069685 0.070067 0.027002 0.271177 0.086717 0.156418 -0.744276 0.000000 
8.000000e-02 1.003535e-01 9.749352e-02 7.994552e-02 1.000000e-01 5.132477e-01 -0.277035 0.035556 0.071125 0.071191 0.071581 0.027585 0.277036 0.085965 0.154914 -0.745781 0.000000 
8.000000e-02 1.003535e-01 9.749352e-02 7.994548e-02 1.000000e-01 5.221060e-01 -0.282888 0.036307 0.072627 0.072695 0.073093 0.028168 0.282888 0.085214 0.153412 -0.747285 0.000000 
8.000000e-02 1.003535e-01 9.749352e-02 7.994545e-02 1.000000e-01 5.309545e-01 -0.288734 0.037057 0.074128 0.074197 0.074603 0.028750 0.288734 0.084464 0.151911 -0.748788 0.000000 
8.000000e-02 1.003535e-01 9.749352e-02 7.994542e-02 1.000000e-01 5.397929e-01 -0.294573 0.037807 0.075627 0.075697 0.076112 0.029331 0.294574 0.083714 0.150412 -0.750288 0.000000 
8.000000e-02 1.003535e-01 9.749352e-02 7.994539e-02 1.000000e-01 5.486213e-01 -0.300406 0.038555 0.077125 0.077196 0.077619 0.029912 0.300407 0.082966 0.148914 -0.751787 0.000000 
8.000000e-02 1.003535e-01 9.749352e-02 7.994537e-02 1.000000e-01 5.574395e-01 -0.306232 0.039303 0.078621 0.078693 0.079125 0.030492 0.306233 0.082218 0.147418 -0.753284 0.000000 
8.000000e-02 1.003535e-01 9.749352e-02 7.994535e-02 1.000000e-01 5.662475e-01 -0.312051 0.040050 0.080115 0.080189 0.080628 0.031072 0.312052 0.081471 0.145924 -0.754780 0.000000 
8.000000e-02 1.003535e-01 9.749352e-02 7.994534e-02 1.000000e-01 5.750452e-01 -0.317864 0.040796 0.081607 0.081682 0.082130 0.031650 0.317864 0.080725 0.144432 -0.756274 0.000000 
8.000000e-02 1.003535e-01 9.749352e-02 7.994532e-02 1.000000e-01 5.838324e-01 -0.323669 0.041541 0.083097 0.083174 0.083630 0.032228 0.323670 0.079980 0.142942 -0.757765 0.000000 
8.000000e-02 1.003535e-01 9.749352e-02 7.994531e-02 1.000000e-01 5.926091e-01 -0.329468 0.042285 0.084586 0.084664 0.085128 0.032806 0.329468 0.079236 0.141453 -0.759256 0.000000 
8.000000e-02 1.003535e-01 9.749352e-02 7.994530e-02 1.000000e-01 6.013752e-01 -0.335259 0.043028 0.086073 0.086153 0.086625 0.033382 0.335260 0.078493 0.139966 -0.760744 0.000000 
8.000000e-02 1.003535e-01 9.749352e-02 7.994529e-02 1.000000e-01 6.101306e-01 -0.341044 0.043771 0.087558 0.087639 0.088119 0.033958 0.341044 0.077750 0.138481 -0.762230 0.000000 
8.000000e-02 1.003535e-01 9.749352e-02 7.994528e-02 1.000000e-01 6.188752e-01 -0.346821 0.044512 0.089041 0.089124 0.089612 0.034534 0.346822 0.077009 0.136998 -0.763715 0.000000 
8.000000e-02 1.003535e-01 9.749352e-02 7.994527e-02 1.000000e-01 6.276090e-01 -0.352592 0.045253 0.090523 0.090607 0.091103 0.035108 0.352592 0.076268 0.135516 -0.765198 0.000000 
8.000000e-02 1.003535e-01 9.749352e-02 7.994526e-02 1.000000e-01 6.363318e-01 -0.358354 0.045993 0.092002 0.092087 0.092592 0.035682 0.358355 0.075529 0.134037 -0.766679 0.000000 
8.000000e-02 1.003535e-01 9.749352e-02 7.994526e-02 1.000000e-01 6.450435e-01 -0.364110 0.046731 0.093480 0.093566 0.094079 0.036255 0.364111 0.074790 0.132559 -0.768158 0.000000 
8.000000e-02 1.003535e-01 9.749352e-02 7.994525e-02 1.000000e-01 6.537441e-01 -0.369858 0.047469 0.094956 0.095044 0.095564 0.036828 0.369859 0.074052 0.131083 -0.769635 0.000000 
8.000000e-02 1.003535e-01 9.749352e-02 7.994525e-02 1.000000e-01 6.624334e-01 -0.375599 0.048206 0.096430 0.096519 0.097048 0.037399 0.375600 0.073315 0.129609 -0.771110 0.000000 
8.000000e-02 1.003535e-01 9.749352e-02 7.994524e-02 1.000000e-01 6.711113e-01 -0.381333 0.048942 0.097901 0.097992 0.098529 0.037970 0.381333 0.072580 0.128138 -0.772583 0.000000 
8.000000e-02 1.003535e-01 9.749352e-02 7.994524e-02 1.000000e-01 6.797778e-01 -0.387058 0.049676 0.099371 0.099464 0.100009 0.038540 0.387059 0.071845 0.126668 -0.774055 0.000000 
8.000000e-02 1.003535e-01 9.749352e-02 7.994524e-02 1.000000e-01 6.884327e-01 -0.392776 0.050410 0.100840 0.100933 0.101486 0.039109 0.392777 0.071111 0.125200 -0.775524 0.000000 
8.000000e-02 1.003535e-01 9.749352e-02 7.994523e-02 1.000000e-01 6.970760e-01 -0.398487 0.051143 0.102306 0.102400 0.102961 0.039678 0.398487 0.070378 0.123733 -0.776992 0.000000 
8.000000e-02 1.003535e-01 9.749352e-02 7.994523e-02 1.000000e-01 7.057075e-01 -0.404190 0.051875 0.103770 0.103866 0.104435 0.040246 0.404190 0.069646 0.122269 -0.778457 0.000000 
8.000000e-02 1.003535e-01 9.749352e-02 7.994523e-02 1.000000e-01 7.143272e-01 -0.409884 0.052606 0.105232 0.105329 0.105906 0.040813 0.409885 0.068915 0.120807 -0.779920 0.000000 
8.000000e-02 1.003535e-01 9.749352e-02 7.994523e-02 1.000000e-01 7.229348e-01 -0.415571 0.053336 0.106692 0.106791 0.107376 0.041379 0.415572 0.068185 0.119347 -0.781382 0.000000 
8.000000e-02 1.003535e-01 9.749352e-02 7.994523e-02 1.000000e-01 7.315304e-01 -0.421250 0.054065 0.108150 0.108250 0.108843 0.041945 0.421251 0.067457 0.117889 -0.782841 0.000000 
8.000000e-02 1.003535e-01 9.749352e-02 7.994523e-02 1.000000e-01 7.401138e-01 -0.426921 0.054793 0.109606 0.109707 0.110308 0.042509 0.426922 0.066729 0.116433 -0.784298 0.000000 
8.000000e-02 1.003535e-01 9.749352e-02 7.994523e-02 1.000000e-01 7.486848e-01 -0.432584 0.055519 0.111059 0.111162 0.111771 0.043073 0.432584 0.066002 0.114980 -0.785753 0.000000 
8.000000e-02 1.003535e-01 9.749352e-02 7.994523e-02 1.000000e-01 7.572435e-01 -0.438238 0.056245 0.112511 0.112615 0.113232 0.043636 0.438239 0.065276 0.113528 -0.787206 0.000000 
8.000000e-02 1.003535e-01 9.749352e-02 7.994523e-02 1.000000e-01 7.657896e-01 -0.443884 0.056970 0.113961 0.114066 0.114691 0.044198 0.443885 0.064552 0.112078 -0.788657 0.000000 
8.000000e-02 1.003535e-01 9.749352e-02 7.994523e-02 1.000000e-01 7.743231e-01 -0.449522 0.057693 0.115408 0.115515 0.116148 0.044760 0.449523 0.063828 0.110631 -0.790106 0.000000 
8.000000e-02 1.003535e-01 9.749352e-02 7.994523e-02 1.000000e-01 7.828438e-01 -0.455152 0.058416 0.116854 0.116962 0.117602 0.045320 0.455152 0.063106 0.109186 -0.791553 0.000000 
8.000000e-02 1.003535e-01 9.749352e-02 7.994523e-02 1.000000e-01 7.913516e-01 -0.460773 0.059137 0.118297 0.118406 0.119055 0.045880 0.460773 0.062384 0.107743 -0.792997 0.000000 
8.000000e-02 1.003535e-01 9.749352e-02 7.994523e-02 1.000000e-01 7.998464e-01 -0.466385 0.059858 0.119738 0.119848 0.120505 0.046439 0.466386 0.061664 0.106302 -0.794439 0.000000 
8.000000e-02 1.003535e-01 9.749352e-02 7.994523e-02 1.000000e-01 8.083281e-01 -0.471989 0.060577 0.121176 0.121288 0.121953 0.046997 0.471989 0.060945 0.104863 -0.795879 0.000000 
8.000000e-02 1.003535e-01 9.749352e-02 7.994523e-02 1.000000e-01 8.167965e-01 -0.477584 0.061295 0.122613 0.122726 0.123398 0.047554 0.477584 0.060227 0.103427 -0.797317 0.000000 
8.000000e-02 1.003535e-01 9.749352e-02 7.994523e-02 1.000000e-01 8.252515e-01 -0.483170 0.062012 0.124047 0.124161 0.124841 0.048110 0.483170 0.059510 0.101992 -0.798753 0.000000 
8.000000e-02 1.003535e-01 9.749352e-02 7.994523e-02 1.000000e-01 8.336931e-01 -0.488747 0.062728 0.125479 0.125595 0.126282 0.048665 0.488747 0.058794 0.100561 -0.800186 0.000000 
8.000000e-02 1.003535e-01 9.749352e-02 7.994523e-02 1.000000e-01 8.421210e-01 -0.494315 0.063442 0.126908 0.127025 0.127721 0.049220 0.494316 0.058079 0.099131 -0.801617 0.000000 
8.000000e-02 1.003535e-01 9.749352e-02 7.994523e-02 1.000000e-01 8.505351e-01 -0.499874 0.064156 0.128336 0.128454 0.129157 0.049773 0.499875 0.057366 0.097704 -0.803045 0.000000 
8.000000e-02 1.003535e-01 9.749352e-02 7.994523e-02 1.000000e-01 8.589354e-01 -0.505424 0.064868 0.129761 0.129880 0.130591 0.050326 0.505425 0.056653 0.096279 -0.804471 0.000000 
8.000000e-02 1.003535e-01 9.749352e-02 7.994523e-02 1.000000e-01 8.673216e-01 -0.510965 0.065579 0.131183 0.131304 0.132023 0.050877 0.510965 0.055942 0.094857 -0.805895 0.000000 
8.000000e-02 1.003535e-01 9.749352e-02 7.994523e-02 1.000000e-01 8.756937e-01 -0.516496 0.066289 0.132603 0.132725 0.133452 0.051428 0.516496 0.055232 0.093437 -0.807316 0.000000 
8.000000e-02 1.003535e-01 9.749352e-02 7.994523e-02 1.000000e-01 8.840514e-01 -0.522018 0.066998 0.134021 0.134144 0.134878 0.051978 0.522018 0.054524 0.092019 -0.808735 0.000000 
8.000000e-02 1.003535e-01 9.749352e-02 7.994523e-02 1.000000e-01 8.923947e-01 -0.527530 0.067706 0.135436 0.135561 0.136302 0.052526 0.527530 0.053816 0.090604 -0.810152 0.000000 
8.000000e-02 1.003535e-01 9.749352e-02 7.994523e-02 1.000000e-01 9.007234e-01 -0.533032 0.068412 0.136849 0.136975 0.137724 0.053074 0.533033 0.053110 0.089191 -0.811566 0.000000 
8.000000e-02 1.003535e-01 9.749352e-02 7.994523e-02 1.000000e-01 9.090374e-01 -0.538525 0.069117 0.138260 0.138386 0.139143 0.053621 0.538526 0.052405 0.087781 -0.812977 0.000000 
8.000000e-02 1.003535e-01 9.749352e-02 7.994523e-02 1.000000e-01 9.173365e-01 -0.544008 0.069821 0.139668 0.139795 0.140559 0.054167 0.544009 0.051701 0.086373 -0.814386 0.000000 
8.000000e-02 1.003535e-01 9.749352e-02 7.994523e-02 1.000000e-01 9.256206e-01 -0.549481 0.070524 0.141073 0.141202 0.141973 0.054712 0.549482 0.050999 0.084968 -0.815793 0.000000 
8.000000e-02 1.003535e-01 9.749352e-02 7.994523e-02 1.000000e-01 9.338895e-01 -0.554944 0.071225 0.142476 0.142605 0.143385 0.055255 0.554945 0.050298 0.083565 -0.817197 0.000000 
8.000000e-02 1.003535e-01 9.749352e-02 7.994523e-02 1.000000e-01 9.421430e-01 -0.560397 0.071925 0.143876 0.144007 0.144793 0.055798 0.560398 0.049598 0.082165 -0.818598 0.000000 
8.000000e-02 1.003535e-01 9.749352e-02 7.994523e-02 1.000000e-01 9.503811e-01 -0.565840 0.072624 0.145274 0.145405 0.146199 0.056340 0.565841 0.048899 0.080768 -0.819997 0.000000 
8.000000e-02 1.003535e-01 9.749352e-02 7.994523e-02 1.000000e-01 9.586035e-01 -0.571273 0.073321 0.146669 0.146801 0.147602 0.056881 0.571273 0.048202 0.079373 -0.821393 0.000000 
8.000000e-02 1.003535e-01 9.749352e-02 7.994523e-02 1.000000e-01 9.668102e-01 -0.576694 0.074018 0.148061 0.148195 0.149003 0.057420 0.576695 0.047506 0.077981 -0.822786 0.000000 
8.000000e-02 1.003535e-01 9.749352e-02 7.994523e-02 1.000000e-01 9.750009e-01 -0.582106 0.074713 0.149451 0.149585 0.150400 0.057959 0.582107 0.046812 0.076592 -0.824176 0.000000 
8.000000e-02 1.003535e-01 9.749352e-02 7.994523e-02 1.000000e-01 9.831754e-01 -0.587507 0.075406 0.150838 0.150973 0.151795 0.058496 0.587507 0.046119 0.075206 -0.825564 0.000000 
8.000000e-02 1.003535e-01 9.749352e-02 7.994522e-02 1.000000e-01 9.913337e-01 -0.592897 0.076098 0.152223 0.152358 0.153187 0.059032 0.592897 0.045427 0.073822 -0.826949 0.000000 
8.000000e-02 1.003535e-01 9.749352e-02 7.994522e-02 1.000000e-01 9.994755e-01 -0.598276 0.076789 0.153605 0.153740 0.154576 0.059568 0.598276 0.044737 0.072441 -0.828332 0.000000 
8.000000e-02 1.003535e-01 9.749352e-02 7.994522e-02 1.000000e-01 1.007601e+00 -0.603644 0.077479 0.154984 0.155120 0.155962 0.060102 0.603644 0.044048 0.071063 -0.829711 0.000000 
8.000000e-02 1.003535e-01 9.749352e-02 7.994522e-02 1.000000e-01 1.015709e+00 -0.609001 0.078167 0.156360 0.156496 0.157345 0.060634 0.609001 0.043360 0.069687 -0.831088 0.000000 
8.000000e-02 1.003535e-01 9.749352e-02 7.994522e-02 1.000000e-01 1.023800e+00 -0.614347 0.078854 0.157734 0.157870 0.158725 0.061166 0.614347 0.042674 0.068315 -0.832461 0.000000 
8.000000e-02 1.003535e-01 9.749352e-02 7.994522e-02 1.000000e-01 1.031875e+00 -0.619681 0.079540 0.159105 0.159240 0.160102 0.061696 0.619682 0.041989 0.066945 -0.833832 0.000000 
8.000000e-02 1.003535e-01 9.749352e-02 7.994522e-02 1.000000e-01 1.039931e+00 -0.625004 0.080224 0.160473 0.160608 0.161475 0.062226 0.625005 0.041306 0.065579 -0.835200 0.000000 
8.000000e-02 1.003535e-01 9.749352e-02 7.994522e-02 1.000000e-01 1.047971e+00 -0.630316 0.080907 0.161838 0.161973 0.162846 0.062753 0.630316 0.040625 0.064215 -0.836565 0.000000 
8.000000e-02 1.003535e-01 9.749352e-02 7.994522e-02 1.000000e-01 1.055992e+00 -0.635615 0.081589 0.163201 0.163335 0.164213 0.063280 0.635616 0.039944 0.062854 -0.837927 0.000000 
8.000000e-02 1.003535e-01 9.749352e-02 7.994522e-02 1.000000e-01 1.063996e+00 -0.640903 0.082269 0.164561 0.164693 0.165577 0.063805 0.640904 0.039266 0.061497 -0.839286 0.000000 
8.000000e-02 1.003535e-01 9.749352e-02 7.994522e-02 1.000000e-01 1.071982e+00 -0.646179 0.082948 0.165918 0.166049 0.166937 0.064329 0.646180 0.038589 0.060142 -0.840642 0.000000 
8.000000e-02 1.003535e-01 9.749352e-02 7.994521e-02 1.000000e-01 1.079949e+00 -0.651443 0.083625 0.167272 0.167402 0.168294 0.064852 0.651444 0.037913 0.058791 -0.841994 0.000000 
8.000000e-02 1.003535e-01 9.749352e-02 7.994521e-02 1.000000e-01 1.087898e+00 -0.656695 0.084302 0.168623 0.168751 0.169647 0.065373 0.656695 0.037239 0.057443 -0.843344 0.000000 
8.000000e-02 1.003535e-01 9.749352e-02 7.994521e-02 1.000000e-01 1.095828e+00 -0.661934 0.084977 0.169972 0.170097 0.170997 0.065892 0.661934 0.036567 0.056098 -0.844690 0.000000 
8.000000e-02 1.003535e-01 9.749352e-02 7.994521e-02 1.000000e-01 1.103739e+00 -0.667161 0.085651 0.171318 0.171440 0.172343 0.066410 0.667161 0.035896 0.054756 -0.846033 0.000000 
8.000000e-02 1.003535e-01 9.749352e-02 7.994520e-02 1.000000e-01 1.111631e+00 -0.672375 0.086323 0.172662 0.172779 0.173685 0.066927 0.672375 0.035226 0.053417 -0.847373 0.000000 
8.000000e-02 1.003535e-01 9.749352e-02 7.994520e-02 1.000000e-01 1.119504e+00 -0.677576 0.086995 0.174002 0.174116 0.175023 0.067442 0.677577 0.034559 0.052082 -0.848710 0.000000 
8.000000e-02 1.003535e-01 9.749352e-02 7.994520e-02 1.000000e-01 1.127357e+00 -0.682765 0.087665 0.175341 0.175449 0.176357 0.067955 0.682765 0.033893 0.050750 -0.850043 0.000000 
8.000000e-02 1.003535e-01 9.749352e-02 7.994519e-02 1.000000e-01 1.135191e+00 -0.687940 0.088334 0.176676 0.176778 0.177687 0.068466 0.687941 0.033229 0.049421 -0.851373 0.000000 
8.000000e-02 1.003535e-01 9.749352e-02 7.994519e-02 1.000000e-01 1.143005e+00 -0.693102 0.089003 0.178009 0.178104 0.179012 0.068976 0.693103 0.032566 0.048096 -0.852699 0.000000 
8.000000e-02 1.003535e-01 9.749352e-02 7.994518e-02 1.000000e-01 1.150798e+00 -0.698251 0.089670 0.179340 0.179427 0.180333 0.069483 0.698252 0.031905 0.046774 -0.854023 0.000000 
8.000000e-02 1.003535e-01 9.749352e-02 7.994517e-02 1.000000e-01 1.158571e+00 -0.703387 0.090336 0.180669 0.180746 0.181649 0.069989 0.703387 0.031246 0.045455 -0.855342 0.000000 
8.000000e-02 1.003535e-01 9.749352e-02 7.994517e-02 1.000000e-01 1.166323e+00 -0.708509 0.091001 0.181995 0.182062 0.182960 0.070493 0.708509 0.030589 0.044140 -0.856658 0.000000 
8.000000e-02 1.003535e-01 9.749352e-02 7.994516e-02 1.000000e-01 1.174054e+00 -0.713616 0.091666 0.183319 0.183373 0.184265 0.070994 0.713617 0.029933 0.042829 -0.857971 0.000000 
8.000000e-02 1.003535e-01 9.749352e-02 7.994515e-02 1.000000e-01 1.181765e+00 -0.718710 0.092330 0.184641 0.184682 0.185566 0.071493 0.718711 0.029280 0.041521 -0.859280 0.000000 
8.000000e-02 1.003535e-01 9.749352e-02 7.994514e-02 1.000000e-01 1.189454e+00 -0.723790 0.092994 0.185961 0.185986 0.186861 0.071990 0.723791 0.028628 0.040217 -0.860585 0.000000 
8.000000e-02 1.003535e-01 9.749352e-02 7.994512e-02 1.000000e-01 1.197121e+00 -0.728856 0.093657 0.187280 0.187287 0.188149 0.072483 0.728856 0.027978 0.038916 -0.861887 0.000000 
8.000000e-02 1.003535e-01 9.749352e-02 7.994511e-02 1.000000e-01 1.204766e+00 -0.733907 0.094320 0.188598 0.188584 0.189432 0.072975 0.733908 0.027329 0.037620 -0.863185 0.000000 
8.000000e-02 1.003535e-01 9.749352e-02 7.994509e-02 1.000000e-01 1.212389e+00 -0.738944 0.094983 0.189914 0.189877 0.190708 0.073463 0.738944 0.026683 0.036327 -0.864479 0.000000 
8.000000e-02 1.003535e-01 9.749352e-02 7.994507e-02 1.000000e-01 1.219990e+00 -0.743965 0.095647 0.191230 0.191166 0.191977 0.073948 0.743966 0.026038 0.035037 -0.865770 0.000000 
8.000000e-02 1.003535e-01 9.749352e-02 7.994505e-02 1.000000e-01 1.227568e+00 -0.748972 0.096310 0.192545 0.192451 0.193238 0.074429 0.748973 0.025396 0.033752 -0.867056 0.000000 
8.000000e-02 1.003535e-01 9.749352e-02 7.994503e-02 1.000000e-01 1.235124e+00 -0.753964 0.096975 0.193859 0.193733 0.194491 0.074907 0.753964 0.024755 0.032470 -0.868339 0.000000 
8.000000e-02 1.003535e-01 9.749352e-02 7.994500e-02 1.000000e-01 1.242656e+00 -0.758940 0.097640 0.195175 0.195010 0.195735 0.075381 0.758941 0.024116 0.031193 -0.869618 0.000000 
8.000000e-02 1.003535e-01 9.749352e-02 7.994496e-02 1.000000e-01 1.250165e+00 -0.763901 0.098307 0.196490 0.196283 0.196971 0.075851 0.763901 0.023480 0.029919 -0.870893 0.000000 
8.000000e-02 1.003535e-01 9.749352e-02 7.994493e-02 1.000000e-01 1.257649e+00 -0.768846 0.098975 0.197808 0.197552 0.198196 0.076316 0.768847 0.022845 0.028650 -0.872164 0.000000 
8.000000e-02 1.003535e-01 9.749352e-02 7.994488e-02 1.000000e-01 1.265110e+00 -0.773775 0.099646 0.199127 0.198817 0.199412 0.076776 0.773776 0.022212 0.027384 -0.873430 0.000000 
8.000000e-02 1.003535e-01 9.749352e-02 7.994484e-02 1.000000e-01 1.272547e+00 -0.778689 0.100319 0.200448 0.200078 0.200615 0.077230 0.778689 0.021582 0.026123 -0.874693 0.000000 
8.000000e-02 1.003535e-01 9.749352e-02 7.994478e-02 1.000000e-01 1.279959e+00 -0.783586 0.100994 0.201773 0.201334 0.201807 0.077679 0.783586 0.020953 0.024865 -0.875951 0.000000 
8.000000e-02 1.003535e-01 9.749352e-02 7.994472e-02 1.000000e-01 1.287346e+00 -0.788466 0.101674 0.203102 0.202587 0.202984 0.078120 0.788466 0.020327 0.023612 -0.877205 0.000000 
8.000000e-02 1.003535e-01 9.749352e-02 7.994465e-02 1.000000e-01 1.294708e+00 -0.793330 0.102358 0.204435 0.203835 0.204148 0.078555 0.793330 0.019703 0.022364 -0.878455 0.000000 
8.000000e-02 1.003535e-01 9.749352e-02 7.994457e-02 1.000000e-01 1.302044e+00 -0.798177 0.103046 0.205776 0.205080 0.205295 0.078982 0.798177 0.019081 0.021119 -0.879701 0.000000 
8.000000e-02 1.003535e-01 9.749352e-02 7.994448e-02 1.000000e-01 1.309355e+00 -0.803007 0.103740 0.207122 0.206320 0.206425 0.079400 0.803007 0.018461 0.019879 -0.880942 0.000000 
8.000000e-02 1.003535e-01 9.749352e-02 7.994438e-02 1.000000e-01 1.316639e+00 -0.807820 0.104440 0.208478 0.207558 0.207536 0.079808 0.807820 0.017843 0.018644 -0.882179 0.000000 
8.000000e-02 1.003535e-01 9.749352e-02 7.994426e-02 1.000000e-01 1.323897e+00 -0.812615 0.105148 0.209844 0.208791 0.208628 0.080206 0.812615 0.017228 0.017413 -0.883411 0.000000 
8.000000e-02 1.003535e-01 9.749352e-02 7.994413e-02 1.000000e-01 1.331128e+00 -0.817392 0.105863 0.211221 0.210022 0.209696 0.080591 0.817393 0.016614 0.016186 -0.884639 0.000000 
8.000000e-02 1.003535e-01 9.749352e-02 7.994398e-02 1.000000e-01 1.338332e+00 -0.822152 0.106588 0.212612 0.211250 0.210740 0.080964 0.822152 0.016004 0.014964 -0.885862 0.000000 
8.000000e-02 1.003535e-01 9.749352e-02 7.994381e-02 1.000000e-01 1.345508e+00 -0.826893 0.107321 0.214018 0.212476 0.211757 0.081322 0.826894 0.015395 0.013747 -0.887080 0.000000 
8.000000e-02 1.003535e-01 9.749352e-02 7.994361e-02 1.000000e-01 1.352657e+00 -0.831616 0.108068 0.215443 0.213701 0.212743 0.081663 0.831617 0.014789 0.012534 -0.888294 0.000000 
8.000000e-02 1.003535e-01 9.749352e-02 7.994340e-02 1.000000e-01 1.359777e+00 -0.836321 0.108824 0.216885 0.214925 0.213699 0.081988 0.836321 0.014185 0.011326 -0.889503 0.000000 
8.000000e-02 1.003535e-01 9.749352e-02 7.994315e-02 1.000000e-01 1.366869e+00 -0.841007 0.109596 0.218354 0.216151 0.214616 0.082290 0.841007 0.013584 0.010123 -0.890707 0.000000 
8.000000e-02 1.003535e-01 9.749352e-02 7.994288e-02 1.000000e-01 1.373932e+00 -0.845673 0.110382 0.219847 0.217379 0.215495 0.082571 0.845673 0.012985 0.008925 -0.891906 0.000000 
8.000000e-02 1.003535e-01 9.749352e-02 7.994256e-02 1.000000e-01 1.380966e+00 -0.850320 0.111183 0.221371 0.218612 0.216330 0.082826 0.850321 0.012388 0.007732 -0.893100 0.000000 
8.000000e-02 1.003535e-01 9.749352e-02 7.994221e-02 1.000000e-01 1.387970e+00 -0.854948 0.112002 0.222929 0.219852 0.217115 0.083051 0.854948 0.011794 0.006544 -0.894289 0.000000 
8.000000e-02 1.003535e-01 9.749352e-02 7.994182e-02 1.000000e-01 1.394945e+00 -0.859556 0.112836 0.224521 0.221101 0.217851 0.083247 0.859556 0.011203 0.005361 -0.895474 0.000000 
8.000000e-02 1.003535e-01 9.749352e-02 7.994137e-02 1.000000e-01 1.401889e+00 -0.864144 0.113692 0.226162 0.222367 0.218521 0.083402 0.864144 0.010614 0.004183 -0.896653 0.000000 
8.000000e-02 1.003535e-01 9.749352e-02 7.994088e-02 1.000000e-01 1.408802e+00 -0.868712 0.114565 0.227849 0.223651 0.219129 0.083519 0.868712 0.010028 0.003011 -0.897826 0.000000 
8.000000e-02 1.003535e-01 9.749352e-02 7.994032e-02 1.000000e-01 1.415683e+00 -0.873259 0.115458 0.229590 0.224960 0.219663 0.083589 0.873259 0.009444 0.001843 -0.898995 0.000000 
8.000000e-02 1.003535e-01 9.749352e-02 7.993969e-02 1.000000e-01 1.422534e+00 -0.877785 0.116370 0.231396 0.226304 0.220112 0.083604 0.877785 0.008863 0.000681 -0.900158 0.000000 
8.000000e-02 1.003535e-01 9.749352e-02 7.993900e-02 1.000000e-01 1.429352e+00 -0.882290 0.117299 0.233268 0.227686 0.220475 0.083563 0.882291 0.008285 -0.000476 -0.901316 0.000000 
8.000000e-02 1.003535e-01 9.749352e-02 7.993822e-02 1.000000e-01 1.436138e+00 -0.886774 0.118245 0.235223 0.229126 0.220731 0.083450 0.886774 0.007710 -0.001627 -0.902468 0.000000 
8.000000e-02 1.003535e-01 9.749352e-02 7.993735e-02 1.000000e-01 1.442891e+00 -0.891236 0.119203 0.237269 0.230634 0.220871 0.083260 0.891237 0.007137 -0.002772 -0.903615 0.000000 
8.000000e-02 1.003535e-01 9.749352e-02 7.993639e-02 1.000000e-01 1.449611e+00 -0.895677 0.120167 0.239410 0.232221 0.220891 0.082988 0.895677 0.006567 -0.003912 -0.904756 0.000000 
8.000000e-02 1.003535e-01 9.749352e-02 7.993532e-02 1.000000e-01 1.456297e+00 -0.900095 0.121132 0.241678 0.233924 0.220752 0.082609 0.900095 0.006000 -0.005047 -0.905891 0.000000 
8.000000e-02 1.003535e-01 9.749352e-02 7.993414e-02 1.000000e-01 1.462950e+00 -0.904491 0.122088 0.244077 0.235758 0.220450 0.082119 0.904491 0.005436 -0.006175 -0.907021 0.000000 
8.000000e-02 1.003535e-01 9.749352e-02 7.993284e-02 1.000000e-01 1.469567e+00 -0.908864 0.123021 0.246618 0.237746 0.219971 0.081509 0.908864 0.004875 -0.007298 -0.908144 0.000000 
8.000000e-02 1.003535e-01 9.749352e-02 7.993142e-02 1.000000e-01 1.476150e+00 -0.913214 0.123912 0.249350 0.239952 0.219258 0.080742 0.913214 0.004316 -0.008415 -0.909262 0.000000 
8.000000e-02 1.003535e-01 9.749352e-02 7.992986e-02 1.000000e-01 1.482697e+00 -0.917541 0.124737 0.252286 0.242409 0.218297 0.079812 0.917541 0.003761 -0.009526 -0.910374 0.000000 
8.000000e-02 1.003535e-01 9.749352e-02 7.992817e-02 1.000000e-01 1.489208e+00 -0.921844 0.125474 0.255445 0.245155 0.217064 0.078707 0.921844 0.003209 -0.010630 -0.911480 0.000000 
8.000000e-02 1.003535e-01 9.749352e-02 7.992633e-02 1.000000e-01 1.495683e+00 -0.926123 0.126073 0.258889 0.248289 0.215484 0.077389 0.926124 0.002660 -0.011729 -0.912580 0.000000 
8.000000e-02 1.003535e-01 9.749352e-02 7.992436e-02 1.000000e-01 1.502120e+00 -0.930378 0.126481 0.262673 0.251906 0.213491 0.075828 0.930379 0.002113 -0.012821 -0.913673 0.000000 
8.000000e-02 1.003535e-01 9.749352e-02 7.992225e-02 1.000000e-01 1.508518e+00 -0.934608 0.126653 0.266819 0.256060 0.211056 0.074020 0.934608 0.001571 -0.013907 -0.914760 0.000000 
8.000000e-02 1.003535e-01 9.749352e-02 7.992001e-02 1.000000e-01 1.514877e+00 -0.938811 0.126522 0.271387 0.260857 0.208102 0.071944 0.938811 0.001031 -0.014986 -0.915840 0.000000 
8.000000e-02 1.003535e-01 9.749352e-02 7.991768e-02 1.000000e-01 1.521195e+00 -0.942988 0.125927 0.276542 0.266576 0.204422 0.069520 0.942988 0.000495 -0.016059 -0.916913 0.000000 
8.000000e-02 1.003535e-01 9.749352e-02 7.991530e-02 1.000000e-01 1.527472e+00 -0.947137 0.124805 0.282305 0.273284 0.199977 0.066766 0.947137 -0.000037 -0.017124 -0.917979 0.000000 
8.000000e-02 1.003535e-01 9.749352e-02 7.991294e-02 1.000000e-01 1.533708e+00 -0.951259 0.123038 0.288760 0.281156 0.194641 0.063665 0.951260 -0.000566 -0.018182 -0.919039 0.000000 
8.000000e-02 1.003535e-01 9.749352e-02 7.991077e-02 1.000000e-01 1.539901e+00 -0.955353 0.120480 0.296010 0.290416 0.188251 0.060197 0.955353 -0.001092 -0.019233 -0.920091 0.000000 
8.000000e-02 1.003535e-01 9.749352e-02 7.990909e-02 1.000000e-01 1.546051e+00 -0.959417 0.116800 0.304306 0.301616 0.180408 0.056287 0.959417 -0.001613 -0.020277 -0.921135 0.000000 
8.000000e-02 1.003535e-01 9.749352e-02 7.990855e-02 1.000000e-01 1.552156e+00 -0.963447 0.111926 0.313613 0.314875 0.171049 0.051983 0.963447 -0.002131 -0.021311 -0.922171 0.000000 
8.000000e-02 1.003535e-01 9.749352e-02 7.991045e-02 1.000000e-01 1.558213e+00 -0.967440 0.105697 0.323939 0.330522 0.159983 0.047299 0.967440 -0.002643 -0.022336 -0.923197 0.000000 
8.000000e-02 1.003535e-01 9.749352e-02 7.991750e-02 1.000000e-01 1.564218e+00 -0.971383 0.097966 0.335182 0.348946 0.147032 0.042258 0.971383 -0.003149 -0.023349 -0.924210 0.000000 
8.000000e-02 1.003535e-01 9.749352e-02 7.993586e-02 1.000000e-01 1.570161e+00 -0.975256 0.088618 0.347000 0.370671 0.132059 0.036908 0.975256 -0.003646 -0.024343 -0.925205 0.000000 
8.000000e-02 1.003535e-01 9.749352e-02 7.997948e-02 1.000000e-01 1.576021e+00 -0.979003 0.077643 0.358389 0.396561 0.115061 0.031350 0.979003 -0.004127 -0.025305 -0.926168 0.000000 
8.000000e-02 1.003535e-01 9.749352e-02 8.008386e-02 1.000000e-01 1.581754e+00 -0.982534 0.065711 0.367109 0.426883 0.096992 0.025839 0.982534 -0.004580 -0.026212 -0.927076 0.000000 
8.000000e-02 1.003535e-01 9.749352e-02 8.034732e-02 1.000000e-01 1.587252e+00 -0.985672 0.053804 0.368387 0.463378 0.079349 0.020754 0.985672 -0.004983 -0.027017 -0.927882 0.000000 
8.000000e-02 1.003535e-01 9.749352e-02 8.109637e-02 1.000000e-01 1.592257e+00 -0.988186 0.043224 0.349749 0.514204 0.064406 0.016603 0.988186 -0.005306 -0.027663 -0.928528 0.000000 
8.000000e-02 1.003535e-01 9.749352e-02 8.326008e-02 1.000000e-01 1.596601e+00 -0.990832 0.030820 0.262119 0.637496 0.048184 0.012212 0.990832 -0.005645 -0.028342 -0.929208 0.000000 
8.000000e-02 1.003535e-01 9.749352e-02 8.400949e-02 1.000000e-01 1.597500e+00 -0.991734 0.026529 0.220891 0.691213 0.042413 0.010689 0.991734 -0.005761 -0.028574 -0.929440 0.000000 
8.000000e-02 1.003535e-01 9.749352e-02 8.400949e-02 1.000000e-01 1.597500e+00 -0.991734 0.026529 0.220891 0.691213 0.042413 0.010689 0.991734 -0.005761 -0.028574 -0.929440 0.000000 
8.000000e-02 1.003535e-01 9.749352e-02 8.400949e-02 1.000000e-01 1.597500e+00 -0.991734 0.026529 0.220891 0.691213 0.042413 0.010689 0.991734 -0.005761 -0.028574 -0.929440 0.000000 
8.000000e-02 1.003535e-01 9.749352e-02 8.400949e-02 1.000000e-01 1.597500e+00 -0.991734 0.026529 0.220891 0.691213 0.042413 0.010689 0.991734 -0.005761 -0.028574 -0.929440 0.000000 
8.000000e-02 1.003535e-01 9.749352e-02 8.400949e-02 1.000000e-01 1.597500e+00 -0.991734 0.026529 0.220891 0.691213 0.042413 0.010689 0.991734 -0.005761 -0.028574 -0.929440 0.000000 
8.000000e-02 1.003535e-01 9.749352e-02 8.400949e-02 1.000000e-01 1.597500e+00 -0.991734 0.026529 0.220891 0.691213 0.042413 0.010689 0.991734 -0.005761 -0.028574 -0.929440 0.000000 
8.000000e-02 1.003535e-01 9.749352e-02 8.400949e-02 1.000000e-01 1.597500e+00 -0.991734 0.026529 0.220891 0.691213 0.042413 0.010689 0.991734 -0.005761 -0.028574 -0.929440 0.000000 
8.000000e-02 1.003535e-01 9.749352e-02 8.400949e-02 1.000000e-01 1.597500e+00 -0.991734 0.026529 0.220891 0.691213 0.042413 0.010689 0.991734 -0.005761 -0.028574 -0.929440 0.000000 
8.000000e-02 1.003535e-01 9.749352e-02 8.400949e-02 1.000000e-01 1.597500e+00 -0.991734 0.026529 0.220891 0.691213 0.042413 0.010689 0.991734 -0.005761 -0.028574 -0.929440 0.000000 
8.000000e-02 1.003535e-01 9.749352e-02 8.400949e-02 1.000000e-01 1.597500e+00 -0.991734 0.026529 0.220891 0.691213 0.042413 0.010689 0.991734 -0.005761 -0.028574 -0.929440 0.000000 
8.000000e-02 1.003535e-01 9.749352e-02 8.400949e-02 1.000000e-01 1.597500e+00 -0.991734 0.026529 0.220891 0.691213 0.042413 0.010689 0.991734 -0.005761 -0.028574 -0.929440 0.000000 
8.000000e-02 1.003535e-01 9.749352e-02 8.400949e-02 1.000000e-01 1.597500e+00 -0.991734 0.026529 0.220891 0.691213 0.042413 0.010689 0.991734 -0.005761 -0.028574 -0.929440 0.000000 
8.000000e-02 1.003535e-01 9.749352e-02 8.400949e-02 1.000000e-01 1.597500e+00 -0.991734 0.026529 0.220891 0.691213 0.042413 0.010689 0.991734 -0.005761 -0.028574 -0.929440 0.000000 
8.000000e-02 1.003535e-01 9.749352e-02 8.400949e-02 1.000000e-01 1.597500e+00 -0.991734 0.026529 0.220891 0.691213 0.042413 0.010689 0.991734 -0.005761 -0.028574 -0.929440 0.000000 
8.000000e-02 1.003535e-01 9.749352e-02 8.400949e-02 1.000000e-01 1.597500e+00 -0.991734 0.026529 0.220891 0.691213 0.042413 0.010689 0.991734 -0.005761 -0.028574 -0.929440 0.000000 
8.000000e-02 1.003535e-01 9.749352e-02 8.400949e-02 1.000000e-01 1.597500e+00 -0.991734 0.026529 0.220891 0.691213 0.042413 0.010689 0.991734 -0.005761 -0.028574 -0.929440 0.000000 
8.000000e-02 1.003535e-01 9.749352e-02 8.400949e-02 1.000000e-01 1.597500e+00 -0.991734 0.026529 0.220891 0.691213 0.042413 0.010689 0.991734 -0.005761 -0.028574 -0.929440 0.000000 
8.000000e-02 1.003535e-01 9.749352e-02 8.400949e-02 1.000000e-01 1.597500e+00 -0.991734 0.026529 0.220891 0.691213 0.042413 0.010689 0.991734 -0.005761 -0.028574 -0.929440 0.000000 
8.000000e-02 1.003535e-01 9.749352e-02 8.400949e-02 1.000000e-01 1.597500e+00 -0.991734 0.026529 0.220891 0.691213 0.042413 0.010689 0.991734 -0.005761 -0.028574 -0.929440 0.000000 
8.000000e-02 1.003535e-01 9.749352e-02 8.400949e-02 1.000000e-01 1.597500e+00 -0.991734 0.026529 0.220891 0.691213 0.042413 0.010689 0.991734 -0.005761 -0.028574 -0.929440 0.000000 
8.000000e-02 1.003535e-01 9.749352e-02 8.400949e-02 1.000000e-01 1.597500e+00 -0.991734 0.026529 0.220891 0.691213 0.042413 0.010689 0.991734 -0.005761 -0.028574 -0.929440 0.000000 
8.000000e-02 1.003535e-01 9.749352e-02 8.400949e-02 1.000000e-01 1.597500e+00 -0.991734 0.026529 0.220891 0.691213 0.042413 0.010689 0.991734 -0.005761 -0.028574 -0.929440 0.000000 
8.000000e-02 1.003535e-01 9.749352e-02 8.400949e-02 1.000000e-01 1.597500e+00 -0.991734 0.026529 0.220891 0.691213 0.042413 0.010689 0.991734 -0.005761 -0.028574 -0.929440 0.000000 
8.000000e-02 1.003535e-01 9.749352e-02 8.400949e-02 1.000000e-01 1.597500e+00 -0.991734 0.026529 0.220891 0.691213 0.042413 0.010689 0.991734 -0.005761 -0.028574 -0.929440 0.000000 
8.000000e-02 1.003535e-01 9.749352e-02 8.400949e-02 1.000000e-01 1.597500e+00 -0.991734 0.026529 0.220891 0.691213 0.042413 0.010689 0.991734 -0.005761 -0.028574 -0.929440 0.000000 
8.000000e-02 1.003535e-01 9.749352e-02 8.400949e-02 1.000000e-01 1.597500e+00 -0.991734 0.026529 0.220891 0.691213 0.042413 0.010689 0.991734 -0.005761 -0.028574 -0.929440 0.000000 
8.000000e-02 1.003535e-01 9.749352e-02 8.400949e-02 1.000000e-01 1.597500e+00 -0.991734 0.026529 0.220891 0.691213 0.042413 0.010689 0.991734 -0.005761 -0.028574 -0.929440 0.000000 
8.000000e-02 1.003535e-01 9.749352e-02 8.400949e-02 1.000000e-01 1.597500e+00 -0.991734 0.026529 0.220891 0.691213 0.042413 0.010689 0.991734 -0.005761 -0.028574 -0.929440 0.000000 
8.000000e-02 1.003535e-01 9.749352e-02 8.400949e-02 1.000000e-01 1.597500e+00 -0.991734 0.026529 0.220891 0.691213 0.042413 0.010689 0.991734 -0.005761 -0.028574 -0.929440 0.000000 
8.000000e-02 1.003535e-01 9.749352e-02 8.400949e-02 1.000000e-01 1.597500e+00 -0.991734 0.026529 0.220891 0.691213 0.042413 0.010689 0.991734 -0.005761 -0.028574 -0.929440 0.000000 
8.000000e-02 1.003535e-01 9.749352e-02 8.400949e-02 1.000000e-01 1.597500e+00 -0.991734 0.026529 0.220891 0.691213 0.042413 0.010689 0.991734 -0.005761 -0.028574 -0.929440 0.000000 
8.000000e-02 1.003535e-01 9.749352e-02 8.400949e-02 1.000000e-01 1.597500e+00 -0.991734 0.026529 0.220891 0.691213 0.042413 0.010689 0.991734 -0.005761 -0.028574 -0.929440 0.000000 
8.000000e-02 1.003535e-01 9.749352e-02 8.400949e-02 1.000000e-01 1.597500e+00 -0.991734 0.026529 0.220891 0.691213 0.042413 0.010689 0.991734 -0.005761 -0.028574 -0.929440 0.000000 
8.000000e-02 1.003535e-01 9.749352e-02 8.400949e-02 1.000000e-01 1.597500e+00 -0.991734 0.026529 0.220891 0.691213 0.042413 0.010689 0.991734 -0.005761 -0.028574 -0.929440 0.000000 
8.000000e-02 1.003535e-01 9.749352e-02 8.400949e-02 1.000000e-01 1.597500e+00 -0.991734 0.026529 0.220891 0.691213 0.042413 0.010689 0.991734 -0.005761 -0.028574 -0.929440 0.000000 
8.000000e-02 1.003535e-01 9.749352e-02 8.400949e-02 1.000000e-01 1.597500e+00 -0.991734 0.026529 0.220891 0.691213 0.042413 0.010689 0.991734 -0.005761 -0.028574 -0.929440 0.000000 
8.000000e-02 1.003535e-01 9.749352e-02 8.400949e-02 1.000000e-01 1.597500e+00 -0.991734 0.026529 0.220891 0.691213 0.042413 0.010689 0.991734 -0.005761 -0.028574 -0.929440 0.000000 
8.000000e-02 1.003535e-01 9.749352e-02 8.400949e-02 1.000000e-01 1.597500e+00 -0.991734 0.026529 0.220891 0.691213 0.042413 0.010689 0.991734 -0.005761 -0.028574 -0.929440 0.000000 
8.000000e-02 1.003535e-01 9.749352e-02 8.400949e-02 1.000000e-01 1.597500e+00 -0.991734 0.026529 0.220891 0.691213 0.042413 0.010689 0.991734 -0.005761 -0.028574 -0.929440 0.000000 
8.000000e-02 1.003535e-01 9.749352e-02 8.400949e-02 1.000000e-01 1.597500e+00 -0.991734 0.026529 0.220891 0.691213 0.042413 0.010689 0.991734 -0.005761 -0.028574 -0.929440 0.000000 
8.000000e-02 1.003535e-01 9.749352e-02 8.400949e-02 1.000000e-01 1.597500e+00 -0.991734 0.026529 0.220891 0.691213 0.042413 0.010689 0.991734 -0.005761 -0.028574 -0.929440 0.000000 
8.000000e-02 1.003535e-01 9.749352e-02 8.400949e-02 1.000000e-01 1.597500e+00 -0.991734 0.026529 0.220891 0.691213 0.042413 0.010689 0.991734 -0.005761 -0.028574 -0.929440 0.000000 
8.000000e-02 1.003535e-01 9.749352e-02 8.400949e-02 1.000000e-01 1.597500e+00 -0.991734 0.026529 0.220891 0.691213 0.042413 0.010689 0.991734 -0.005761 -0.028574 -0.929440 0.000000 
8.000000e-02 1.003535e-01 9.749352e-02 8.400949e-02 1.000000e-01 1.597500e+00 -0.991734 0.026529 0.220891 0.691213 0.042413 0.010689 0.991734 -0.005761 -0.028574 -0.929440 0.000000 
8.000000e-02 1.003535e-01 9.749352e-02 8.400949e-02 1.000000e-01 1.597500e+00 -0.991734 0.026529 0.220891 0.691213 0.042413 0.010689 0.991734 -0.005761 -0.028574 -0.929440 0.000000 
8.000000e-02 1.003535e-01 9.749352e-02 8.400949e-02 1.000000e-01 1.597500e+00 -0.991734 0.026529 0.220891 0.691213 0.042413 0.010689 0.991734 -0.005761 -0.028574 -0.929440 0.000000 
8.000000e-02 1.003535e-01 9.749352e-02 8.400949e-02 1.000000e-01 1.597500e+00 -0.991734 0.026529 0.220891 0.691213 0.042413 0.010689 0.991734 -0.005761 -0.028574 -0.929440 0.000000 
8.000000e-02 1.003535e-01 9.749352e-02 8.400949e-02 1.000000e-01 1.597500e+00 -0.991734 0.026529 0.220891 0.691213 0.042413 0.010689 0.991734 -0.005761 -0.028574 -0.929440 0.000000 
8.000000e-02 1.003535e-01 9.749352e-02 8.400949e-02 1.000000e-01 1.597500e+00 -0.991734 0.026529 0.220891 0.691213 0.042413 0.010689 0.991734 -0.005761 -0.028574 -0.929440 0.000000 
8.000000e-02 1.003535e-01 9.749352e-02 8.400949e-02 1.000000e-01 1.597500e+00 -0.991734 0.026529 0.220891 0.691213 0.042413 0.010689 0.991734 -0.005761 -0.028574 -0.929440 0.000000 
8.000000e-02 1.003535e-01 9.749352e-02 8.400949e-02 1.000000e-01 1.597500e+00 -0.991734 0.026529 0.220891 0.691213 0.042413 0.010689 0.991734 -0.005761 -0.028574 -0.929440 0.000000 
8.000000e-02 1.003535e-01 9.749352e-02 8.400949e-02 1.000000e-01 1.597500e+00 -0.991734 0.026529 0.220891 0.691213 0.042413 0.010689 0.991734 -0.005761 -0.028574 -0.929440 0.000000 
8.000000e-02 1.003535e-01 9.749352e-02 8.400949e-02 1.000000e-01 1.597500e+00 -0.991734 0.026529 0.220891 0.691213 0.042413 0.010689 0.991734 -0.005761 -0.028574 -0.929440 0.000000 
8.000000e-02 1.003535e-01 9.749352e-02 8.400949e-02 1.000000e-01 1.597500e+00 -0.991734 0.026529 0.220891 0.691213 0.042413 0.010689 0.991734 -0.005761 -0.028574 -0.929440 0.000000 
8.000000e-02 1.003535e-01 9.749352e-02 8.400949e-02 1.000000e-01 1.597500e+00 -0.991734 0.026529 0.220891 0.691213 0.042413 0.010689 0.991734 -0.005761 -0.028574 -0.929440 0.000000 
8.000000e-02 1.003535e-01 9.749352e-02 8.400949e-02 1.000000e-01 1.597500e+00 -0.991734 0.026529 0.220891 0.691213 0.042413 0.010689 0.991734 -0.005761 -0.028574 -0.929440 0.000000 
8.000000e-02 1.003535e-01 9.749352e-02 8.400949e-02 1.000000e-01 1.597500e+00 -0.991734 0.026529 0.220891 0.691213 0.042413 0.010689 0.991734 -0.005761 -0.028574 -0.929440 0.000000 
8.000000e-02 1.003535e-01 9.749352e-02 8.400949e-02 1.000000e-01 1.597500e+00 -0.991734 0.026529 0.220891 0.691213 0.042413 0.010689 0.991734 -0.005761 -0.028574 -0.929440 0.000000 
8.000000e-02 1.003535e-01 9.749352e-02 8.400949e-02 1.000000e-01 1.597500e+00 -0.991734 0.026529 0.220891 0.691213 0.042413 0.010689 0.991734 -0.005761 -0.028574 -0.929440 0.000000 
8.000000e-02 1.003535e-01 9.749352e-02 8.400949e-02 1.000000e-01 1.597500e+00 -0.991734 0.026529 0.220891 0.691213 0.042413 0.010689 0.991734 -0.005761 -0.028574 -0.929440 0.000000 
8.000000e-02 1.003535e-01 9.749352e-02 8.400949e-02 1.000000e-01 1.597500e+00 -0.991734 0.026529 0.220891 0.691213 0.042413 0.010689 0.991734 -0.005761 -0.028574 -0.929440 0.000000 
8.000000e-02 1.003535e-01 9.749352e-02 8.400949e-02 1.000000e-01 1.597500e+00 -0.991734 0.026529 0.220891 0.691213 0.042413 0.010689 0.991734 -0.005761 -0.028574 -0.929440 0.000000 
8.000000e-02 1.003535e-01 9.749352e-02 8.400949e-02 1.000000e-01 1.597500e+00 -0.991734 0.026529 0.220891 0.691213 0.042413 0.010689 0.991734 -0.005761 -0.028574 -0.929440 0.000000 
8.000000e-02 1.003535e-01 9.749352e-02 8.400949e-02 1.000000e-01 1.597500e+00 -0.991734 0.026529 0.220891 0.691213 0.042413 0.010689 0.991734 -0.005761 -0.028574 -0.929440 0.000000 
8.000000e-02 1.003535e-01 9.749352e-02 8.400949e-02 1.000000e-01 1.597500e+00 -0.991734 0.026529 0.220891 0.691213 0.042413 0.010689 0.991734 -0.005761 -0.028574 -0.929440 0.000000 
8.000000e-02 1.003535e-01 9.749352e-02 8.400949e-02 1.000000e-01 1.597500e+00 -0.991734 0.026529 0.220891 0.691213 0.042413 0.010689 0.991734 -0.005761 -0.028574 -0.929440 0.000000 
8.000000e-02 1.003535e-01 9.749352e-02 8.400949e-02 1.000000e-01 1.597500e+00 -0.991734 0.026529 0.220891 0.691213 0.042413 0.010689 0.991734 -0.005761 -0.028574 -0.929440 0.000000 
8.000000e-02 1.003535e-01 9.749352e-02 8.400949e-02 1.000000e-01 1.597500e+00 -0.991734 0.026529 0.220891 0.691213 0.042413 0.010689 0.991734 -0.005761 -0.028574 -0.929440 0.000000 
8.000000e-02 1.003535e-01 9.749352e-02 8.400949e-02 1.000000e-01 1.597500e+00 -0.991734 0.026529 0.220891 0.691213 0.042413 0.010689 0.991734 -0.005761 -0.028574 -0.929440 0.000000 
8.000000e-02 1.003535e-01 9.749352e-02 8.400949e-02 1.000000e-01 1.597500e+00 -0.991734 0.026529 0.220891 0.691213 0.042413 0.010689 0.991734 -0.005761 -0.028574 -0.929440 0.000000 
8.000000e-02 1.003535e-01 9.749352e-02 8.400949e-02 1.000000e-01 1.597500e+00 -0.991734 0.026529 0.220891 0.691213 0.042413 0.010689 0.991734 -0.005761 -0.028574 -0.929440 0.000000 
8.000000e-02 1.003535e-01 9.749352e-02 8.400949e-02 1.000000e-01 1.597500e+00 -0.991734 0.026529 0.220891 0.691213 0.042413 0.010689 0.991734 -0.005761 -0.028574 -0.929440 0.000000 
8.000000e-02 1.003535e-01 9.749352e-02 8.400949e-02 1.000000e-01 1.597500e+00 -0.991734 0.026529 0.220891 0.691213 0.042413 0.010689 0.991734 -0.005761 -0.028574 -0.929440 0.000000 
8.000000e-02 1.003535e-01 9.749352e-02 8.400949e-02 1.000000e-01 1.597500e+00 -0.991734 0.026529 0.220891 0.691213 0.042413 0.010689 0.991734 -0.005761 -0.028574 -0.929440 0.000000 
8.000000e-02 1.003535e-01 9.749352e-02 8.400949e-02 1.000000e-01 1.597500e+00 -0.991734 0.026529 0.220891 0.691213 0.042413 0.010689 0.991734 -0.005761 -0.028574 -0.929440 0.000000 
8.000000e-02 1.003535e-01 9.749352e-02 8.400949e-02 1.000000e-01 1.597500e+00 -0.991734 0.026529 0.220891 0.691213 0.042413 0.010689 0.991734 -0.005761 -0.028574 -0.929440 0.000000 
8.000000e-02 1.003535e-01 9.749352e-02 8.400949e-02 1.000000e-01 1.597500e+00 -0.991734 0.026529 0.220891 0.691213 0.042413 0.010689 0.991734 -0.005761 -0.028574 -0.929440 0.000000 
8.000000e-02 1.003535e-01 9.749352e-02 8.400949e-02 1.000000e-01 1.597500e+00 -0.991734 0.026529 0.220891 0.691213 0.042413 0.010689 0.991734 -0.005761 -0.028574 -0.929440 0.000000 
8.000000e-02 1.003535e-01 9.749352e-02 8.400949e-02 1.000000e-01 1.597500e+00 -0.991734 0.026529 0.220891 0.691213 0.042413 0.010689 0.991734 -0.005761 -0.028574 -0.929440 0.000000 
8.000000e-02 1.003535e-01 9.749352e-02 8.400949e-02 1.000000e-01 1.597500e+00 -0.991734 0.026529 0.220891 0.691213 0.042413 0.010689 0.991734 -0.005761 -0.028574 -0.929440 0.000000 
8.000000e-02 1.003535e-01 9.749352e-02 8.400949e-02 1.000000e-01 1.597500e+00 -0.991734 0.026529 0.220891 0.691213 0.042413 0.010689 0.991734 -0.005761 -0.028574 -0.929440 0.000000 
8.000000e-02 1.003535e-01 9.749352e-02 8.400949e-02 1.000000e-01 1.597500e+00 -0.991734 0.026529 0.220891 0.691213 0.042413 0.010689 0.991734 -0.005761 -0.028574 -0.929440 0.000000 
8.000000e-02 1.003535e-01 9.749352e-02 8.400949e-02 1.000000e-01 1.597500e+00 -0.991734 0.026529 0.220891 0.691213 0.042413 0.010689 0.991734 -0.005761 -0.028574 -0.929440 0.000000 
8.000000e-02 1.003535e-01 9.749352e-02 8.400949e-02 1.000000e-01 1.597500e+00 -0.991734 0.026529 0.220891 0.691213 0.042413 0.010689 0.991734 -0.005761 -0.028574 -0.929440 0.000000 
8.000000e-02 1.003535e-01 9.749352e-02 8.400949e-02 1.000000e-01 1.597500e+00 -0.991734 0.026529 0.220891 0.691213 0.042413 0.010689 0.991734 -0.005761 -0.028574 -0.929440 0.000000 
8.000000e-02 1.003535e-01 9.749352e-02 8.400949e-02 1.000000e-01 1.597500e+00 -0.991734 0.026529 0.220891 0.691213 0.042413 0.010689 0.991734 -0.005761 -0.028574 -0.929440 0.000000 
8.000000e-02 1.003535e-01 9.749352e-02 8.400949e-02 1.000000e-01 1.597500e+00 -0.991734 0.026529 0.220891 0.691213 0.042413 0.010689 0.991734 -0.005761 -0.028574 -0.929440 0.000000 
8.000000e-02 1.003535e-01 9.749352e-02 8.400949e-02 1.000000e-01 1.597500e+00 -0.991734 0.026529 0.220891 0.691213 0.042413 0.010689 0.991734 -0.005761 -0.028574 -0.929440 0.000000 
8.000000e-02 1.003535e-01 9.749352e-02 8.400949e-02 1.000000e-01 1.597500e+00 -0.991734 0.026529 0.220891 0.691213 0.042413 0.010689 0.991734 -0.005761 -0.028574 -0.929440 0.000000 
8.000000e-02 1.003535e-01 9.749352e-02 8.400949e-02 1.000000e-01 1.597500e+00 -0.991734 0.026529 0.220891 0.691213 0.042413 0.010689 0.991734 -0.005761 -0.028574 -0.929440 0.000000 
8.000000e-02 1.003535e-01 9.749352e-02 8.400949e-02 1.000000e-01 1.597500e+00 -0.991734 0.026529 0.220891 0.691213 0.042413 0.010689 0.991734 -0.005761 -0.028574 -0.929440 0.000000 
8.000000e-02 1.003535e-01 9.749352e-02 8.400949e-02 1.000000e-01 1.597500e+00 -0.991734 0.026529 0.220891 0.691213 0.042413 0.010689 0.991734 -0.005761 -0.028574 -0.929440 0.000000 
8.000000e-02 1.003535e-01 9.749352e-02 8.400949e-02 1.000000e-01 1.597500e+00 -0.991734 0.026529 0.220891 0.691213 0.042413 0.010689 0.991734 -0.005761 -0.028574 -0.929440 0.000000 
8.000000e-02 1.003535e-01 9.749352e-02 8.400949e-02 1.000000e-01 1.597500e+00 -0.991734 0.026529 0.220891 0.691213 0.042413 0.010689 0.991734 -0.005761 -0.028574 -0.929440 0.000000 
8.000000e-02 1.003535e-01 9.749352e-02 8.400949e-02 1.000000e-01 1.597500e+00 -0.991734 0.026529 0.220891 0.691213 0.042413 0.010689 0.991734 -0.005761 -0.028574 -0.929440 0.000000 
8.000000e-02 1.003535e-01 9.749352e-02 8.400949e-02 1.000000e-01 1.597500e+00 -0.991734 0.026529 0.220891 0.691213 0.042413 0.010689 0.991734 -0.005761 -0.028574 -0.929440 0.000000 
8.000000e-02 1.003535e-01 9.749352e-02 8.400949e-02 1.000000e-01 1.597500e+00 -0.991734 0.026529 0.220891 0.691213 0.042413 0.010689 0.991734 -0.005761 -0.028574 -0.929440 0.000000 
8.000000e-02 1.003535e-01 9.749352e-02 8.400949e-02 1.000000e-01 1.597500e+00 -0.991734 0.026529 0.220891 0.691213 0.042413 0.010689 0.991734 -0.005761 -0.028574 -0.929440 0.000000 
8.000000e-02 1.003535e-01 9.749352e-02 8.400949e-02 1.000000e-01 1.597500e+00 -0.991734 0.026529 0.220891 0.691213 0.042413 0.010689 0.991734 -0.005761 -0.028574 -0.929440 0.000000 
8.000000e-02 1.003535e-01 9.749352e-02 8.400949e-02 1.000000e-01 1.597500e+00 -0.991734 0.026529 0.220891 0.691213 0.042413 0.010689 0.991734 -0.005761 -0.028574 -0.929440 0.000000 
8.000000e-02 1.003535e-01 9.749352e-02 8.400949e-02 1.000000e-01 1.597500e+00 -0.991734 0.026529 0.220891 0.691213 0.042413 0.010689 0.991734 -0.005761 -0.028574 -0.929440 0.000000 
8.000000e-02 1.003535e-01 9.749352e-02 8.400949e-02 1.000000e-01 1.597500e+00 -0.991734 0.026529 0.220891 0.691213 0.042413 0.010689 0.991734 -0.005761 -0.028574 -0.929440 0.000000 
8.000000e-02 1.003535e-01 9.749352e-02 8.400949e-02 1.000000e-01 1.597500e+00 -0.991734 0.026529 0.220891 0.691213 0.042413 0.010689 0.991734 -0.005761 -0.028574 -0.929440 0.000000 
8.000000e-02 1.003535e-01 9.749352e-02 8.400949e-02 1.000000e-01 1.597500e+00 -0.991734 0.026529 0.220891 0.691213 0.042413 0.010689 0.991734 -0.005761 -0.028574 -0.929440 0.000000 
8.000000e-02 1.003535e-01 9.749352e-02 8.400949e-02 1.000000e-01 1.597500e+00 -0.991734 0.026529 0.220891 0.691213 0.042413 0.010689 0.991734 -0.005761 -0.028574 -0.929440 0.000000 
8.000000e-02 1.003535e-01 9.749352e-02 8.400949e-02 1.000000e-01 1.597500e+00 -0.991734 0.026529 0.220891 0.691213 0.042413 0.010689 0.991734 -0.005761 -0.028574 -0.929440 0.000000 
8.000000e-02 1.003535e-01 9.749352e-02 8.400949e-02 1.000000e-01 1.597500e+00 -0.991734 0.026529 0.220891 0.691213 0.042413 0.010689 0.991734 -0.005761 -0.028574 -0.929440 0.000000 
8.000000e-02 1.003535e-01 9.749352e-02 8.400949e-02 1.000000e-01 1.597500e+00 -0.991734 0.026529 0.220891 0.691213 0.042413 0.010689 0.991734 -0.005761 -0.028574 -0.929440 0.000000 
8.000000e-02 1.003535e-01 9.749352e-02 8.400949e-02 1.000000e-01 1.597500e+00 -0.991734 0.026529 0.220891 0.691213 0.042413 0.010689 0.991734 -0.005761 -0.028574 -0.929440 0.000000 
8.000000e-02 1.003535e-01 9.749352e-02 8.400949e-02 1.000000e-01 1.597500e+00 -0.991734 0.026529 0.220891 0.691213 0.042413 0.010689 0.991734 -0.005761 -0.028574 -0.929440 0.000000 
8.000000e-02 1.003535e-01 9.749352e-02 8.400949e-02 1.000000e-01 1.597500e+00 -0.991734 0.026529 0.220891 0.691213 0.042413 0.010689 0.991734 -0.005761 -0.028574 -0.929440 0.000000 
8.000000e-02 1.003535e-01 9.749352e-02 8.400949e-02 1.000000e-01 1.597500e+00 -0.991734 0.026529 0.220891 0.691213 0.042413 0.010689 0.991734 -0.005761 -0.028574 -0.929440 0.000000 
8.000000e-02 1.003535e-01 9.749352e-02 8.400949e-02 1.000000e-01 1.597500e+00 -0.991734 0.026529 0.220891 0.691213 0.042413 0.010689 0.991734 -0.005761 -0.028574 -0.929440 0.000000 
8.000000e-02 1.003535e-01 9.749352e-02 8.400949e-02 1.000000e-01 1.597500e+00 -0.991734 0.026529 0.220891 0.691213 0.042413 0.010689 0.991734 -0.005761 -0.028574 -0.929440 0.000000 
8.000000e-02 1.003535e-01 9.749352e-02 8.400949e-02 1.000000e-01 1.597500e+00 -0.991734 0.026529 0.220891 0.691213 0.042413 0.010689 0.991734 -0.005761 -0.028574 -0.929440 0.000000 
8.000000e-02 1.003535e-01 9.749352e-02 8.400949e-02 1.000000e-01 1.597500e+00 -0.991734 0.026529 0.220891 0.691213 0.042413 0.010689 0.991734 -0.005761 -0.028574 -0.929440 0.000000 
8.000000e-02 1.003535e-01 9.749352e-02 8.400949e-02 1.000000e-01 1.597500e+00 -0.991734 0.026529 0.220891 0.691213 0.042413 0.010689 0.991734 -0.005761 -0.028574 -0.929440 0.000000 
8.000000e-02 1.003535e-01 9.749352e-02 8.400949e-02 1.000000e-01 1.597500e+00 -0.991734 0.026529 0.220891 0.691213 0.042413 0.010689 0.991734 -0.005761 -0.028574 -0.929440 0.000000 
8.000000e-02 1.003535e-01 9.749352e-02 8.400949e-02 1.000000e-01 1.597500e+00 -0.991734 0.026529 0.220891 0.691213 0.042413 0.010689 0.991734 -0.005761 -0.028574 -0.929440 0.000000 
8.000000e-02 1.003535e-01 9.749352e-02 8.400949e-02 1.000000e-01 1.597500e+00 -0.991734 0.026529 0.220891 0.691213 0.042413 0.010689 0.991734 -0.005761 -0.028574 -0.929440 0.000000 
8.000000e-02 1.003535e-01 9.749352e-02 8.400949e-02 1.000000e-01 1.597500e+00 -0.991734 0.026529 0.220891 0.691213 0.042413 0.010689 0.991734 -0.005761 -0.028574 -0.929440 0.000000 
