# TeX TeY TeZ ThX ThY THZ P1 P2
1.100000e-01 1.000000e-01 7.750000e-01 1.100000e-01 1.000000e-01 7.750000e-01 0.000000 0.000000 0.000000 0.000000 0.000000 0.000000 0.000000 0.000000 0.000000 0.000000 0.000000 
1.100000e-01 1.000000e-01 7.632425e-01 1.100000e-01 1.000000e-01 7.835197e-01 -0.013397 0.001719 0.003439 0.003443 0.003461 0.001334 0.013397 -0.001719 -0.003439 -0.003443 0.000000 
1.100000e-01 1.000000e-01 7.514436e-01 1.100000e-01 1.000000e-01 7.920265e-01 -0.026812 0.003441 0.006884 0.006890 0.006928 0.002670 0.026812 -0.003441 -0.006884 -0.006890 0.000000 
1.100000e-01 1.000000e-01 7.396036e-01 1.100000e-01 1.000000e-01 8.005202e-01 -0.040246 0.005165 0.010333 0.010342 0.010399 0.004007 0.040246 -0.005165 -0.010333 -0.010342 0.000000 
1.100000e-01 9.999999e-02 7.277229e-01 1.100000e-01 1.000000e-01 8.090009e-01 -0.053699 0.006892 0.013786 0.013799 0.013875 0.005347 0.053699 -0.006892 -0.013786 -0.013799 0.000000 
1.100000e-01 9.999999e-02 7.158018e-01 1.100000e-01 1.000000e-01 8.174682e-01 -0.067169 0.008621 0.017244 0.017261 0.017355 0.006688 0.067169 -0.008621 -0.017245 -0.017261 0.000000 
1.100000e-01 9.999999e-02 7.038407e-01 1.100000e-01 1.000000e-01 8.259222e-01 -0.080657 0.010352 0.020707 0.020727 0.020840 0.008031 0.080657 -0.010352 -0.020707 -0.020727 0.000000 
1.100000e-01 9.999999e-02 6.918399e-01 1.100000e-01 1.000000e-01 8.343627e-01 -0.094162 0.012085 0.024174 0.024197 0.024330 0.009376 0.094162 -0.012085 -0.024175 -0.024197 0.000000 
1.100000e-01 9.999998e-02 6.797997e-01 1.100000e-01 1.000000e-01 8.427895e-01 -0.107684 0.013820 0.027646 0.027672 0.027824 0.010722 0.107684 -0.013820 -0.027646 -0.027672 0.000000 
1.100000e-01 9.999998e-02 6.677206e-01 1.100000e-01 1.000000e-01 8.512026e-01 -0.121223 0.015558 0.031122 0.031151 0.031322 0.012070 0.121223 -0.015558 -0.031122 -0.031151 0.000000 
1.100000e-01 9.999997e-02 6.556028e-01 1.100000e-01 1.000000e-01 8.596017e-01 -0.134778 0.017298 0.034602 0.034634 0.034824 0.013420 0.134778 -0.017298 -0.034602 -0.034634 0.000000 
1.100000e-01 9.999997e-02 6.434466e-01 1.100000e-01 1.000000e-01 8.679868e-01 -0.148349 0.019039 0.038086 0.038122 0.038331 0.014772 0.148349 -0.019039 -0.038086 -0.038122 0.000000 
1.100000e-01 9.999996e-02 6.312525e-01 1.100000e-01 1.000000e-01 8.763577e-01 -0.161936 0.020783 0.041574 0.041613 0.041842 0.016124 0.161936 -0.020783 -0.041574 -0.041613 0.000000 
1.100000e-01 9.999995e-02 6.190206e-01 1.100000e-01 1.000000e-01 8.847143e-01 -0.175538 0.022529 0.045066 0.045108 0.045356 0.017479 0.175538 -0.022529 -0.045067 -0.045108 0.000000 
1.100000e-01 9.999994e-02 6.067514e-01 1.100000e-01 1.000000e-01 8.930565e-01 -0.189156 0.024276 0.048562 0.048608 0.048875 0.018835 0.189156 -0.024277 -0.048563 -0.048608 0.000000 
1.100000e-01 9.999992e-02 5.944451e-01 1.100000e-01 1.000000e-01 9.013840e-01 -0.202788 0.026026 0.052062 0.052111 0.052397 0.020192 0.202788 -0.026026 -0.052063 -0.052111 0.000000 
1.100000e-01 9.999990e-02 5.821021e-01 1.100000e-01 1.000000e-01 9.096968e-01 -0.216435 0.027777 0.055565 0.055618 0.055923 0.021551 0.216435 -0.027778 -0.055566 -0.055618 0.000000 
1.100000e-01 9.999988e-02 5.697226e-01 1.100000e-01 1.000000e-01 9.179947e-01 -0.230096 0.029531 0.059073 0.059128 0.059453 0.022911 0.230096 -0.029531 -0.059073 -0.059128 0.000000 
1.100000e-01 9.999986e-02 5.573070e-01 1.100000e-01 1.000000e-01 9.262776e-01 -0.243771 0.031286 0.062583 0.062642 0.062987 0.024273 0.243771 -0.031286 -0.062584 -0.062642 0.000000 
1.100000e-01 9.999983e-02 5.448556e-01 1.100000e-01 1.000000e-01 9.345453e-01 -0.257460 0.033042 0.066098 0.066160 0.066524 0.025636 0.257460 -0.033043 -0.066099 -0.066160 0.000000 
1.100000e-01 9.999979e-02 5.323686e-01 1.100000e-01 1.000000e-01 9.427976e-01 -0.271162 0.034801 0.069615 0.069681 0.070064 0.027001 0.271162 -0.034801 -0.069616 -0.069681 0.000000 
1.100000e-01 9.999974e-02 5.198464e-01 1.100000e-01 1.000000e-01 9.510345e-01 -0.284877 0.036561 0.073136 0.073206 0.073608 0.028366 0.284877 -0.036562 -0.073138 -0.073206 0.000000 
1.100000e-01 9.999969e-02 5.072892e-01 1.100000e-01 1.000000e-01 9.592557e-01 -0.298605 0.038323 0.076660 0.076733 0.077155 0.029733 0.298605 -0.038323 -0.076662 -0.076734 0.000000 
1.100000e-01 9.999962e-02 4.946974e-01 1.100000e-01 1.000000e-01 9.674610e-01 -0.312345 0.040086 0.080188 0.080264 0.080706 0.031102 0.312345 -0.040087 -0.080190 -0.080265 0.000000 
1.100000e-01 9.999954e-02 4.820712e-01 1.100000e-01 1.000000e-01 9.756504e-01 -0.326097 0.041851 0.083718 0.083798 0.084260 0.032471 0.326097 -0.041851 -0.083720 -0.083799 0.000000 
1.100000e-01 9.999944e-02 4.694109e-01 1.100000e-01 1.000000e-01 9.838237e-01 -0.339861 0.043617 0.087252 0.087335 0.087816 0.033842 0.339862 -0.043617 -0.087254 -0.087337 0.000000 
1.100000e-01 9.999931e-02 4.567168e-01 1.100000e-01 1.000000e-01 9.919807e-01 -0.353637 0.045385 0.090788 0.090875 0.091376 0.035214 0.353637 -0.045385 -0.090791 -0.090879 0.000000 
1.100000e-01 9.999916e-02 4.439892e-01 1.100000e-01 1.000000e-01 1.000121e+00 -0.367424 0.047154 0.094327 0.094418 0.094939 0.036587 0.367425 -0.047153 -0.094331 -0.094423 0.000000 
1.100000e-01 9.999898e-02 4.312283e-01 1.100000e-01 1.000000e-01 1.008245e+00 -0.381223 0.048924 0.097869 0.097964 0.098505 0.037961 0.381223 -0.048923 -0.097873 -0.097972 0.000000 
1.100000e-01 9.999876e-02 4.184344e-01 1.100000e-01 1.000000e-01 1.016352e+00 -0.395031 0.050696 0.101414 0.101512 0.102073 0.039336 0.395031 -0.050693 -0.101418 -0.101525 0.000000 
1.100000e-01 9.999849e-02 4.056078e-01 1.100000e-01 1.000000e-01 1.024442e+00 -0.408850 0.052469 0.104961 0.105064 0.105644 0.040713 0.408851 -0.052463 -0.104967 -0.105082 0.000000 
1.100000e-01 9.999816e-02 3.927487e-01 1.100000e-01 1.000000e-01 1.032515e+00 -0.422680 0.054244 0.108511 0.108617 0.109218 0.042090 0.422680 -0.054233 -0.108517 -0.108646 0.000000 
1.100000e-01 9.999776e-02 3.798574e-01 1.100000e-01 1.000000e-01 1.040570e+00 -0.436519 0.056019 0.112063 0.112174 0.112795 0.043468 0.436519 -0.056002 -0.112071 -0.112217 0.000000 
1.100000e-01 9.999726e-02 3.669342e-01 1.100000e-01 1.000000e-01 1.048608e+00 -0.450367 0.057796 0.115618 0.115732 0.116374 0.044848 0.450368 -0.057768 -0.115627 -0.115798 0.000000 
1.100000e-01 9.999666e-02 3.539792e-01 1.100000e-01 1.000000e-01 1.056628e+00 -0.464225 0.059574 0.119174 0.119294 0.119956 0.046228 0.464226 -0.059529 -0.119187 -0.119394 0.000000 
1.100000e-01 9.999592e-02 3.409929e-01 1.100000e-01 1.000000e-01 1.064631e+00 -0.478092 0.061353 0.122733 0.122857 0.123540 0.047610 0.478092 -0.061283 -0.122749 -0.123010 0.000000 
1.100000e-01 9.999502e-02 3.279753e-01 1.100000e-01 1.000000e-01 1.072615e+00 -0.491968 0.063133 0.126294 0.126423 0.127127 0.048992 0.491968 -0.063023 -0.126314 -0.126655 0.000000 
1.100000e-01 9.999391e-02 3.149267e-01 1.100000e-01 1.000000e-01 1.080581e+00 -0.505851 0.064914 0.129857 0.129991 0.130715 0.050375 0.505852 -0.064745 -0.129884 -0.130344 0.000000 
1.100000e-01 9.999255e-02 3.018475e-01 1.100000e-01 1.000000e-01 1.088528e+00 -0.519743 0.066695 0.133422 0.133561 0.134307 0.051759 0.519743 -0.066434 -0.133458 -0.134100 0.000000 
1.100000e-01 9.999089e-02 2.887378e-01 1.100000e-01 1.000000e-01 1.096457e+00 -0.533643 0.068478 0.136989 0.137132 0.137900 0.053144 0.533643 -0.068077 -0.137037 -0.137956 0.000000 
1.100000e-01 9.998886e-02 2.755978e-01 1.100000e-01 1.000000e-01 1.104367e+00 -0.547550 0.070261 0.140557 0.140706 0.141496 0.054530 0.547550 -0.069646 -0.140624 -0.141962 0.000000 
1.100000e-01 9.998637e-02 2.624278e-01 1.100000e-01 1.000000e-01 1.112257e+00 -0.561465 0.072045 0.144127 0.144282 0.145094 0.055917 0.561465 -0.071100 -0.144220 -0.146207 0.000000 
1.100000e-01 9.998334e-02 2.492280e-01 1.100000e-01 1.000000e-01 1.120128e+00 -0.575386 0.073830 0.147698 0.147860 0.148694 0.057305 0.575387 -0.072384 -0.147828 -0.150803 0.000000 
1.100000e-01 9.997965e-02 2.359985e-01 1.100000e-01 1.000000e-01 1.127980e+00 -0.589315 0.075615 0.151271 0.151439 0.152296 0.058694 0.589315 -0.073401 -0.151448 -0.155957 0.000000 
1.100000e-01 9.997518e-02 2.227396e-01 1.100000e-01 1.000000e-01 1.135812e+00 -0.603250 0.077401 0.154845 0.155021 0.155901 0.060083 0.603250 -0.074012 -0.155078 -0.161977 0.000000 
1.100000e-01 9.996981e-02 2.094515e-01 1.100000e-01 1.000000e-01 1.143624e+00 -0.617192 0.079188 0.158421 0.158604 0.159507 0.061474 0.617192 -0.074025 -0.158700 -0.169315 0.000000 
1.100000e-01 9.996343e-02 1.961341e-01 1.100000e-01 1.000000e-01 1.151416e+00 -0.631140 0.080975 0.161997 0.162188 0.163116 0.062865 0.631141 -0.073110 -0.162257 -0.178799 0.000000 
1.100000e-01 9.995600e-02 1.827877e-01 1.099999e-01 1.000000e-01 1.159187e+00 -0.645096 0.082762 0.165575 0.165775 0.166727 0.064258 0.645096 -0.070832 -0.165591 -0.191697 0.000000 
1.100000e-01 9.994766e-02 1.694121e-01 1.099999e-01 1.000000e-01 1.166938e+00 -0.659058 0.084550 0.169154 0.169363 0.170341 0.065651 0.659059 -0.066617 -0.168310 -0.210045 0.000000 
1.100000e-01 9.993910e-02 1.560068e-01 1.099999e-01 1.000000e-01 1.174667e+00 -0.673031 0.086338 0.172735 0.172954 0.173959 0.067046 0.673031 -0.059597 -0.169364 -0.237829 0.000000 
1.100000e-01 9.993316e-02 1.425689e-01 1.099999e-01 1.000000e-01 1.182376e+00 -0.687021 0.088129 0.176319 0.176550 0.177582 0.068443 0.687022 -0.048835 -0.166145 -0.282207 0.000000 
1.100000e-01 9.994207e-02 1.290838e-01 1.099999e-01 1.000000e-01 1.190063e+00 -0.701076 0.089926 0.179919 0.180162 0.181222 0.069847 0.701076 -0.033432 -0.152456 -0.356862 0.000000 
1.100000e-01 1.000162e-01 1.154836e-01 1.099999e-01 1.000000e-01 1.197729e+00 -0.715409 0.091759 0.183590 0.183846 0.184936 0.071280 0.715410 -0.012276 -0.112355 -0.492715 0.000000 
1.100000e-01 1.002480e-01 1.015281e-01 1.099999e-01 1.000000e-01 1.205372e+00 -0.730936 0.093744 0.187565 0.187837 0.188959 0.072831 0.730937 0.016984 -0.008485 -0.757353 0.000000 
1.100000e-01 1.003094e-01 9.749932e-02 1.099999e-01 1.000000e-01 1.212994e+00 -0.739338 0.094814 0.189711 0.189997 0.191143 0.073675 0.739338 0.026611 0.036099 -0.864421 0.000000 
1.100000e-01 1.003094e-01 9.749932e-02 1.099998e-01 1.000000e-01 1.220593e+00 -0.744358 0.095448 0.190986 0.191289 0.192455 0.074182 0.744359 0.025966 0.034810 -0.865712 0.000000 
1.100000e-01 1.003094e-01 9.749932e-02 1.099998e-01 1.000000e-01 1.228169e+00 -0.749364 0.096079 0.192256 0.192576 0.193765 0.074689 0.749364 0.025324 0.033525 -0.866998 0.000000 
1.100000e-01 1.003094e-01 9.749932e-02 1.099998e-01 1.000000e-01 1.235723e+00 -0.754354 0.096707 0.193520 0.193861 0.195072 0.075195 0.754355 0.024684 0.032244 -0.868280 0.000000 
1.100000e-01 1.003094e-01 9.749932e-02 1.099998e-01 1.000000e-01 1.243253e+00 -0.759329 0.097331 0.194778 0.195141 0.196379 0.075701 0.759330 0.024045 0.030967 -0.869559 0.000000 
1.100000e-01 1.003094e-01 9.749932e-02 1.099997e-01 1.000000e-01 1.250760e+00 -0.764289 0.097952 0.196030 0.196418 0.197684 0.076206 0.764289 0.023409 0.029694 -0.870833 0.000000 
1.100000e-01 1.003094e-01 9.749932e-02 1.099997e-01 1.000000e-01 1.258243e+00 -0.769233 0.098568 0.197275 0.197691 0.198987 0.076712 0.769233 0.022774 0.028424 -0.872104 0.000000 
1.100000e-01 1.003094e-01 9.749932e-02 1.099996e-01 1.000000e-01 1.265702e+00 -0.774161 0.099180 0.198513 0.198961 0.200290 0.077217 0.774161 0.022142 0.027159 -0.873370 0.000000 
1.100000e-01 1.003094e-01 9.749932e-02 1.099996e-01 1.000000e-01 1.273136e+00 -0.779073 0.099787 0.199744 0.200228 0.201592 0.077723 0.779073 0.021511 0.025898 -0.874632 0.000000 
1.100000e-01 1.003094e-01 9.749932e-02 1.099995e-01 1.000000e-01 1.280546e+00 -0.783968 0.100389 0.200967 0.201491 0.202894 0.078228 0.783969 0.020883 0.024641 -0.875890 0.000000 
1.100000e-01 1.003094e-01 9.749932e-02 1.099995e-01 1.000000e-01 1.287931e+00 -0.788847 0.100986 0.202181 0.202751 0.204197 0.078735 0.788848 0.020257 0.023389 -0.877144 0.000000 
1.100000e-01 1.003094e-01 9.749932e-02 1.099994e-01 1.000000e-01 1.295291e+00 -0.793710 0.101576 0.203386 0.204007 0.205500 0.079241 0.793710 0.019633 0.022140 -0.878394 0.000000 
1.100000e-01 1.003094e-01 9.749932e-02 1.099993e-01 1.000000e-01 1.302625e+00 -0.798555 0.102160 0.204582 0.205261 0.206805 0.079749 0.798556 0.019011 0.020896 -0.879639 0.000000 
1.100000e-01 1.003094e-01 9.749932e-02 1.099992e-01 1.000000e-01 1.309934e+00 -0.803384 0.102737 0.205767 0.206513 0.208110 0.080257 0.803384 0.018391 0.019657 -0.880879 0.000000 
1.100000e-01 1.003094e-01 9.749932e-02 1.099991e-01 1.000000e-01 1.317216e+00 -0.808195 0.103305 0.206941 0.207762 0.209420 0.080767 0.808195 0.017773 0.018421 -0.882116 0.000000 
1.100000e-01 1.003094e-01 9.749932e-02 1.099990e-01 1.000000e-01 1.324472e+00 -0.812989 0.103866 0.208104 0.209010 0.210731 0.081279 0.812989 0.017158 0.017191 -0.883348 0.000000 
1.100000e-01 1.003094e-01 9.749932e-02 1.099988e-01 1.000000e-01 1.331701e+00 -0.817765 0.104416 0.209254 0.210257 0.212047 0.081792 0.817765 0.016545 0.015964 -0.884575 0.000000 
1.100000e-01 1.003094e-01 9.749932e-02 1.099987e-01 1.000000e-01 1.338902e+00 -0.822523 0.104955 0.210391 0.211503 0.213368 0.082306 0.822523 0.015935 0.014743 -0.885798 0.000000 
1.100000e-01 1.003094e-01 9.749932e-02 1.099985e-01 1.000000e-01 1.346077e+00 -0.827262 0.105483 0.211513 0.212750 0.214694 0.082823 0.827263 0.015326 0.013526 -0.887016 0.000000 
1.100000e-01 1.003094e-01 9.749932e-02 1.099983e-01 1.000000e-01 1.353223e+00 -0.831984 0.105997 0.212619 0.214000 0.216028 0.083342 0.831984 0.014720 0.012314 -0.888229 0.000000 
1.100000e-01 1.003094e-01 9.749932e-02 1.099980e-01 1.000000e-01 1.360341e+00 -0.836687 0.106497 0.213708 0.215252 0.217369 0.083863 0.836687 0.014117 0.011107 -0.889437 0.000000 
1.100000e-01 1.003094e-01 9.749932e-02 1.099978e-01 1.000000e-01 1.367431e+00 -0.841371 0.106978 0.214778 0.216510 0.218720 0.084386 0.841371 0.013516 0.009904 -0.890641 0.000000 
1.100000e-01 1.003094e-01 9.749932e-02 1.099975e-01 1.000000e-01 1.374491e+00 -0.846035 0.107442 0.215828 0.217774 0.220081 0.084911 0.846036 0.012917 0.008706 -0.891840 0.000000 
1.100000e-01 1.003094e-01 9.749932e-02 1.099971e-01 1.000000e-01 1.381523e+00 -0.850681 0.107882 0.216856 0.219050 0.221455 0.085439 0.850681 0.012321 0.007514 -0.893034 0.000000 
1.100000e-01 1.003094e-01 9.749932e-02 1.099967e-01 1.000000e-01 1.388525e+00 -0.855307 0.108298 0.217860 0.220340 0.222842 0.085968 0.855307 0.011727 0.006326 -0.894222 0.000000 
1.100000e-01 1.003094e-01 9.749932e-02 1.099963e-01 1.000000e-01 1.395496e+00 -0.859913 0.108686 0.218840 0.221647 0.224244 0.086497 0.859913 0.011136 0.005144 -0.895406 0.000000 
1.100000e-01 1.003094e-01 9.749932e-02 1.099958e-01 1.000000e-01 1.402438e+00 -0.864499 0.109040 0.219789 0.222979 0.225665 0.087027 0.864499 0.010547 0.003966 -0.896584 0.000000 
1.100000e-01 1.003094e-01 9.749932e-02 1.099952e-01 1.000000e-01 1.409348e+00 -0.869064 0.109359 0.220709 0.224340 0.227104 0.087555 0.869065 0.009961 0.002794 -0.897758 0.000000 
1.100000e-01 1.003094e-01 9.749932e-02 1.099946e-01 1.000000e-01 1.416228e+00 -0.873609 0.109632 0.221593 0.225741 0.228565 0.088079 0.873609 0.009378 0.001627 -0.898926 0.000000 
1.100000e-01 1.003094e-01 9.749932e-02 1.099938e-01 1.000000e-01 1.423075e+00 -0.878133 0.109855 0.222440 0.227191 0.230050 0.088598 0.878134 0.008797 0.000466 -0.900088 0.000000 
1.100000e-01 1.003094e-01 9.749932e-02 1.099930e-01 1.000000e-01 1.429891e+00 -0.882636 0.110025 0.223249 0.228697 0.231559 0.089108 0.882636 0.008219 -0.000690 -0.901245 0.000000 
1.100000e-01 1.003094e-01 9.749932e-02 1.099921e-01 1.000000e-01 1.436674e+00 -0.887118 0.110119 0.224007 0.230288 0.233100 0.089603 0.887118 0.007644 -0.001841 -0.902397 0.000000 
1.100000e-01 1.003094e-01 9.749932e-02 1.099910e-01 1.000000e-01 1.443424e+00 -0.891578 0.110140 0.224717 0.231971 0.234670 0.090080 0.891578 0.007072 -0.002986 -0.903543 0.000000 
1.100000e-01 1.003094e-01 9.749932e-02 1.099898e-01 1.000000e-01 1.450141e+00 -0.896015 0.110075 0.225373 0.233764 0.236272 0.090532 0.896016 0.006502 -0.004125 -0.904683 0.000000 
1.100000e-01 1.003094e-01 9.749932e-02 1.099885e-01 1.000000e-01 1.456825e+00 -0.900431 0.109892 0.225958 0.235723 0.237914 0.090944 0.900431 0.005936 -0.005259 -0.905818 0.000000 
1.100000e-01 1.003094e-01 9.749932e-02 1.099870e-01 1.000000e-01 1.463474e+00 -0.904824 0.109593 0.226475 0.237853 0.239592 0.091311 0.904824 0.005372 -0.006387 -0.906947 0.000000 
1.100000e-01 1.003094e-01 9.749932e-02 1.099853e-01 1.000000e-01 1.470089e+00 -0.909194 0.109158 0.226912 0.240196 0.241308 0.091620 0.909194 0.004811 -0.007509 -0.908070 0.000000 
1.100000e-01 1.003094e-01 9.749932e-02 1.099834e-01 1.000000e-01 1.476668e+00 -0.913542 0.108537 0.227240 0.242853 0.243071 0.091841 0.913542 0.004253 -0.008625 -0.909187 0.000000 
1.100000e-01 1.003094e-01 9.749932e-02 1.099813e-01 1.000000e-01 1.483212e+00 -0.917865 0.107732 0.227459 0.245839 0.244872 0.091963 0.917865 0.003698 -0.009735 -0.910298 0.000000 
1.100000e-01 1.003094e-01 9.749932e-02 1.099789e-01 1.000000e-01 1.489720e+00 -0.922166 0.106716 0.227549 0.249226 0.246711 0.091964 0.922166 0.003146 -0.010839 -0.911403 0.000000 
1.100000e-01 1.003094e-01 9.749932e-02 1.099762e-01 1.000000e-01 1.496192e+00 -0.926442 0.105415 0.227455 0.253194 0.248590 0.091788 0.926442 0.002597 -0.011937 -0.912502 0.000000 
1.100000e-01 1.003094e-01 9.749932e-02 1.099732e-01 1.000000e-01 1.502626e+00 -0.930694 0.103820 0.227156 0.257813 0.250495 0.091410 0.930694 0.002052 -0.013028 -0.913595 0.000000 
1.100000e-01 1.003094e-01 9.749932e-02 1.099700e-01 1.000000e-01 1.509020e+00 -0.934920 0.101900 0.226610 0.263206 0.252409 0.090795 0.934920 0.001509 -0.014113 -0.914681 0.000000 
1.100000e-01 1.003094e-01 9.749932e-02 1.099663e-01 1.000000e-01 1.515375e+00 -0.939120 0.099593 0.225736 0.269607 0.254309 0.089874 0.939120 0.000970 -0.015192 -0.915760 0.000000 
1.100000e-01 1.003094e-01 9.749932e-02 1.099623e-01 1.000000e-01 1.521690e+00 -0.943294 0.096812 0.224402 0.277382 0.256144 0.088554 0.943294 0.000434 -0.016263 -0.916832 0.000000 
1.100000e-01 1.003094e-01 9.749932e-02 1.099578e-01 1.000000e-01 1.527964e+00 -0.947441 0.093560 0.222530 0.286696 0.257852 0.086804 0.947441 -0.000098 -0.017328 -0.917898 0.000000 
1.100000e-01 1.003094e-01 9.749932e-02 1.099527e-01 1.000000e-01 1.534196e+00 -0.951562 0.089788 0.219965 0.297927 0.259333 0.084550 0.951562 -0.000627 -0.018386 -0.918957 0.000000 
1.100000e-01 1.003094e-01 9.749932e-02 1.099466e-01 1.000000e-01 1.540387e+00 -0.955656 0.085415 0.216436 0.311724 0.260404 0.081677 0.955656 -0.001152 -0.019437 -0.920009 0.000000 
1.100000e-01 1.003094e-01 9.749932e-02 1.099388e-01 1.000000e-01 1.546536e+00 -0.959725 0.080355 0.211541 0.329037 0.260744 0.078048 0.959725 -0.001674 -0.020482 -0.921055 0.000000 
1.100000e-01 1.003094e-01 9.749932e-02 1.099278e-01 1.000000e-01 1.552643e+00 -0.963768 0.074639 0.205002 0.350487 0.259995 0.073647 0.963768 -0.002193 -0.021520 -0.922094 0.000000 
1.100000e-01 1.003094e-01 9.749932e-02 1.099103e-01 1.000000e-01 1.558709e+00 -0.967790 0.068239 0.196327 0.377283 0.257547 0.068394 0.967790 -0.002710 -0.022552 -0.923127 0.000000 
1.100000e-01 1.003094e-01 9.749932e-02 1.098795e-01 1.000000e-01 1.564735e+00 -0.971796 0.061135 0.184903 0.411078 0.252460 0.062221 0.971797 -0.003224 -0.023581 -0.924157 0.000000 
1.100000e-01 1.003094e-01 9.749932e-02 1.098223e-01 1.000000e-01 1.570727e+00 -0.975804 0.053225 0.169481 0.455506 0.242640 0.054952 0.975804 -0.003738 -0.024610 -0.925187 0.000000 
1.100000e-01 1.003094e-01 9.749932e-02 1.097125e-01 1.000000e-01 1.576697e+00 -0.979845 0.044525 0.149226 0.513999 0.225521 0.046574 0.979845 -0.004257 -0.025647 -0.926225 0.000000 
1.100000e-01 1.003094e-01 9.749932e-02 1.095092e-01 1.000000e-01 1.582667e+00 -0.983989 0.034951 0.123061 0.591847 0.197144 0.036985 0.983989 -0.004789 -0.026711 -0.927290 0.000000 
1.100000e-01 1.003094e-01 9.749932e-02 1.091699e-01 1.000000e-01 1.588688e+00 -0.988381 0.024207 0.089189 0.697763 0.151347 0.025874 0.988381 -0.005352 -0.027839 -0.928419 0.000000 
1.100000e-01 1.003094e-01 9.749932e-02 1.087356e-01 1.000000e-01 1.594854e+00 -0.993284 0.011677 0.044791 0.843696 0.080473 0.012646 0.993284 -0.005982 -0.029098 -0.929679 0.000000 
1.100000e-01 1.003094e-01 9.749932e-02 1.085983e-01 1.000000e-01 1.597543e+00 -0.995675 0.005453 0.021263 0.924937 0.038101 0.005922 0.995675 -0.006288 -0.029711 -0.930293 0.000000 
1.100000e-01 1.003094e-01 9.749932e-02 1.085983e-01 1.000000e-01 1.597543e+00 -0.995675 0.005453 0.021263 0.924937 0.038101 0.005922 0.995675 -0.006288 -0.029711 -0.930293 0.000000 
1.100000e-01 1.003094e-01 9.749932e-02 1.085983e-01 1.000000e-01 1.597543e+00 -0.995675 0.005453 0.021263 0.924937 0.038101 0.005922 0.995675 -0.006288 -0.029711 -0.930293 0.000000 
1.100000e-01 1.003094e-01 9.749932e-02 1.085983e-01 1.000000e-01 1.597543e+00 -0.995675 0.005453 0.021263 0.924937 0.038101 0.005922 0.995675 -0.006288 -0.029711 -0.930293 0.000000 
1.100000e-01 1.003094e-01 9.749932e-02 1.085983e-01 1.000000e-01 1.597543e+00 -0.995675 0.005453 0.021263 0.924937 0.038101 0.005922 0.995675 -0.006288 -0.029711 -0.930293 0.000000 
1.100000e-01 1.003094e-01 9.749932e-02 1.085983e-01 1.000000e-01 1.597543e+00 -0.995675 0.005453 0.021263 0.924937 0.038101 0.005922 0.995675 -0.006288 -0.029711 -0.930293 0.000000 
1.100000e-01 1.003094e-01 9.749932e-02 1.085983e-01 1.000000e-01 1.597543e+00 -0.995675 0.005453 0.021263 0.924937 0.038101 0.005922 0.995675 -0.006288 -0.029711 -0.930293 0.000000 
1.100000e-01 1.003094e-01 9.749932e-02 1.085983e-01 1.000000e-01 1.597543e+00 -0.995675 0.005453 0.021263 0.924937 0.038101 0.005922 0.995675 -0.006288 -0.029711 -0.930293 0.000000 
1.100000e-01 1.003094e-01 9.749932e-02 1.085983e-01 1.000000e-01 1.597543e+00 -0.995675 0.005453 0.021263 0.924937 0.038101 0.005922 0.995675 -0.006288 -0.029711 -0.930293 0.000000 
1.100000e-01 1.003094e-01 9.749932e-02 1.085983e-01 1.000000e-01 1.597543e+00 -0.995675 0.005453 0.021263 0.924937 0.038101 0.005922 0.995675 -0.006288 -0.029711 -0.930293 0.000000 
1.100000e-01 1.003094e-01 9.749932e-02 1.085983e-01 1.000000e-01 1.597543e+00 -0.995675 0.005453 0.021263 0.924937 0.038101 0.005922 0.995675 -0.006288 -0.029711 -0.930293 0.000000 
1.100000e-01 1.003094e-01 9.749932e-02 1.085983e-01 1.000000e-01 1.597543e+00 -0.995675 0.005453 0.021263 0.924937 0.038101 0.005922 0.995675 -0.006288 -0.029711 -0.930293 0.000000 
1.100000e-01 1.003094e-01 9.749932e-02 1.085983e-01 1.000000e-01 1.597543e+00 -0.995675 0.005453 0.021263 0.924937 0.038101 0.005922 0.995675 -0.006288 -0.029711 -0.930293 0.000000 
1.100000e-01 1.003094e-01 9.749932e-02 1.085983e-01 1.000000e-01 1.597543e+00 -0.995675 0.005453 0.021263 0.924937 0.038101 0.005922 0.995675 -0.006288 -0.029711 -0.930293 0.000000 
1.100000e-01 1.003094e-01 9.749932e-02 1.085983e-01 1.000000e-01 1.597543e+00 -0.995675 0.005453 0.021263 0.924937 0.038101 0.005922 0.995675 -0.006288 -0.029711 -0.930293 0.000000 
1.100000e-01 1.003094e-01 9.749932e-02 1.085983e-01 1.000000e-01 1.597543e+00 -0.995675 0.005453 0.021263 0.924937 0.038101 0.005922 0.995675 -0.006288 -0.029711 -0.930293 0.000000 
1.100000e-01 1.003094e-01 9.749932e-02 1.085983e-01 1.000000e-01 1.597543e+00 -0.995675 0.005453 0.021263 0.924937 0.038101 0.005922 0.995675 -0.006288 -0.029711 -0.930293 0.000000 
1.100000e-01 1.003094e-01 9.749932e-02 1.085983e-01 1.000000e-01 1.597543e+00 -0.995675 0.005453 0.021263 0.924937 0.038101 0.005922 0.995675 -0.006288 -0.029711 -0.930293 0.000000 
1.100000e-01 1.003094e-01 9.749932e-02 1.085983e-01 1.000000e-01 1.597543e+00 -0.995675 0.005453 0.021263 0.924937 0.038101 0.005922 0.995675 -0.006288 -0.029711 -0.930293 0.000000 
1.100000e-01 1.003094e-01 9.749932e-02 1.085983e-01 1.000000e-01 1.597543e+00 -0.995675 0.005453 0.021263 0.924937 0.038101 0.005922 0.995675 -0.006288 -0.029711 -0.930293 0.000000 
1.100000e-01 1.003094e-01 9.749932e-02 1.085983e-01 1.000000e-01 1.597543e+00 -0.995675 0.005453 0.021263 0.924937 0.038101 0.005922 0.995675 -0.006288 -0.029711 -0.930293 0.000000 
1.100000e-01 1.003094e-01 9.749932e-02 1.085983e-01 1.000000e-01 1.597543e+00 -0.995675 0.005453 0.021263 0.924937 0.038101 0.005922 0.995675 -0.006288 -0.029711 -0.930293 0.000000 
1.100000e-01 1.003094e-01 9.749932e-02 1.085983e-01 1.000000e-01 1.597543e+00 -0.995675 0.005453 0.021263 0.924937 0.038101 0.005922 0.995675 -0.006288 -0.029711 -0.930293 0.000000 
1.100000e-01 1.003094e-01 9.749932e-02 1.085983e-01 1.000000e-01 1.597543e+00 -0.995675 0.005453 0.021263 0.924937 0.038101 0.005922 0.995675 -0.006288 -0.029711 -0.930293 0.000000 
1.100000e-01 1.003094e-01 9.749932e-02 1.085983e-01 1.000000e-01 1.597543e+00 -0.995675 0.005453 0.021263 0.924937 0.038101 0.005922 0.995675 -0.006288 -0.029711 -0.930293 0.000000 
1.100000e-01 1.003094e-01 9.749932e-02 1.085983e-01 1.000000e-01 1.597543e+00 -0.995675 0.005453 0.021263 0.924937 0.038101 0.005922 0.995675 -0.006288 -0.029711 -0.930293 0.000000 
1.100000e-01 1.003094e-01 9.749932e-02 1.085983e-01 1.000000e-01 1.597543e+00 -0.995675 0.005453 0.021263 0.924937 0.038101 0.005922 0.995675 -0.006288 -0.029711 -0.930293 0.000000 
1.100000e-01 1.003094e-01 9.749932e-02 1.085983e-01 1.000000e-01 1.597543e+00 -0.995675 0.005453 0.021263 0.924937 0.038101 0.005922 0.995675 -0.006288 -0.029711 -0.930293 0.000000 
1.100000e-01 1.003094e-01 9.749932e-02 1.085983e-01 1.000000e-01 1.597543e+00 -0.995675 0.005453 0.021263 0.924937 0.038101 0.005922 0.995675 -0.006288 -0.029711 -0.930293 0.000000 
1.100000e-01 1.003094e-01 9.749932e-02 1.085983e-01 1.000000e-01 1.597543e+00 -0.995675 0.005453 0.021263 0.924937 0.038101 0.005922 0.995675 -0.006288 -0.029711 -0.930293 0.000000 
1.100000e-01 1.003094e-01 9.749932e-02 1.085983e-01 1.000000e-01 1.597543e+00 -0.995675 0.005453 0.021263 0.924937 0.038101 0.005922 0.995675 -0.006288 -0.029711 -0.930293 0.000000 
1.100000e-01 1.003094e-01 9.749932e-02 1.085983e-01 1.000000e-01 1.597543e+00 -0.995675 0.005453 0.021263 0.924937 0.038101 0.005922 0.995675 -0.006288 -0.029711 -0.930293 0.000000 
1.100000e-01 1.003094e-01 9.749932e-02 1.085983e-01 1.000000e-01 1.597543e+00 -0.995675 0.005453 0.021263 0.924937 0.038101 0.005922 0.995675 -0.006288 -0.029711 -0.930293 0.000000 
1.100000e-01 1.003094e-01 9.749932e-02 1.085983e-01 1.000000e-01 1.597543e+00 -0.995675 0.005453 0.021263 0.924937 0.038101 0.005922 0.995675 -0.006288 -0.029711 -0.930293 0.000000 
1.100000e-01 1.003094e-01 9.749932e-02 1.085983e-01 1.000000e-01 1.597543e+00 -0.995675 0.005453 0.021263 0.924937 0.038101 0.005922 0.995675 -0.006288 -0.029711 -0.930293 0.000000 
1.100000e-01 1.003094e-01 9.749932e-02 1.085983e-01 1.000000e-01 1.597543e+00 -0.995675 0.005453 0.021263 0.924937 0.038101 0.005922 0.995675 -0.006288 -0.029711 -0.930293 0.000000 
1.100000e-01 1.003094e-01 9.749932e-02 1.085983e-01 1.000000e-01 1.597543e+00 -0.995675 0.005453 0.021263 0.924937 0.038101 0.005922 0.995675 -0.006288 -0.029711 -0.930293 0.000000 
1.100000e-01 1.003094e-01 9.749932e-02 1.085983e-01 1.000000e-01 1.597543e+00 -0.995675 0.005453 0.021263 0.924937 0.038101 0.005922 0.995675 -0.006288 -0.029711 -0.930293 0.000000 
1.100000e-01 1.003094e-01 9.749932e-02 1.085983e-01 1.000000e-01 1.597543e+00 -0.995675 0.005453 0.021263 0.924937 0.038101 0.005922 0.995675 -0.006288 -0.029711 -0.930293 0.000000 
1.100000e-01 1.003094e-01 9.749932e-02 1.085983e-01 1.000000e-01 1.597543e+00 -0.995675 0.005453 0.021263 0.924937 0.038101 0.005922 0.995675 -0.006288 -0.029711 -0.930293 0.000000 
1.100000e-01 1.003094e-01 9.749932e-02 1.085983e-01 1.000000e-01 1.597543e+00 -0.995675 0.005453 0.021263 0.924937 0.038101 0.005922 0.995675 -0.006288 -0.029711 -0.930293 0.000000 
1.100000e-01 1.003094e-01 9.749932e-02 1.085983e-01 1.000000e-01 1.597543e+00 -0.995675 0.005453 0.021263 0.924937 0.038101 0.005922 0.995675 -0.006288 -0.029711 -0.930293 0.000000 
1.100000e-01 1.003094e-01 9.749932e-02 1.085983e-01 1.000000e-01 1.597543e+00 -0.995675 0.005453 0.021263 0.924937 0.038101 0.005922 0.995675 -0.006288 -0.029711 -0.930293 0.000000 
1.100000e-01 1.003094e-01 9.749932e-02 1.085983e-01 1.000000e-01 1.597543e+00 -0.995675 0.005453 0.021263 0.924937 0.038101 0.005922 0.995675 -0.006288 -0.029711 -0.930293 0.000000 
1.100000e-01 1.003094e-01 9.749932e-02 1.085983e-01 1.000000e-01 1.597543e+00 -0.995675 0.005453 0.021263 0.924937 0.038101 0.005922 0.995675 -0.006288 -0.029711 -0.930293 0.000000 
1.100000e-01 1.003094e-01 9.749932e-02 1.085983e-01 1.000000e-01 1.597543e+00 -0.995675 0.005453 0.021263 0.924937 0.038101 0.005922 0.995675 -0.006288 -0.029711 -0.930293 0.000000 
1.100000e-01 1.003094e-01 9.749932e-02 1.085983e-01 1.000000e-01 1.597543e+00 -0.995675 0.005453 0.021263 0.924937 0.038101 0.005922 0.995675 -0.006288 -0.029711 -0.930293 0.000000 
1.100000e-01 1.003094e-01 9.749932e-02 1.085983e-01 1.000000e-01 1.597543e+00 -0.995675 0.005453 0.021263 0.924937 0.038101 0.005922 0.995675 -0.006288 -0.029711 -0.930293 0.000000 
1.100000e-01 1.003094e-01 9.749932e-02 1.085983e-01 1.000000e-01 1.597543e+00 -0.995675 0.005453 0.021263 0.924937 0.038101 0.005922 0.995675 -0.006288 -0.029711 -0.930293 0.000000 
1.100000e-01 1.003094e-01 9.749932e-02 1.085983e-01 1.000000e-01 1.597543e+00 -0.995675 0.005453 0.021263 0.924937 0.038101 0.005922 0.995675 -0.006288 -0.029711 -0.930293 0.000000 
1.100000e-01 1.003094e-01 9.749932e-02 1.085983e-01 1.000000e-01 1.597543e+00 -0.995675 0.005453 0.021263 0.924937 0.038101 0.005922 0.995675 -0.006288 -0.029711 -0.930293 0.000000 
1.100000e-01 1.003094e-01 9.749932e-02 1.085983e-01 1.000000e-01 1.597543e+00 -0.995675 0.005453 0.021263 0.924937 0.038101 0.005922 0.995675 -0.006288 -0.029711 -0.930293 0.000000 
1.100000e-01 1.003094e-01 9.749932e-02 1.085983e-01 1.000000e-01 1.597543e+00 -0.995675 0.005453 0.021263 0.924937 0.038101 0.005922 0.995675 -0.006288 -0.029711 -0.930293 0.000000 
1.100000e-01 1.003094e-01 9.749932e-02 1.085983e-01 1.000000e-01 1.597543e+00 -0.995675 0.005453 0.021263 0.924937 0.038101 0.005922 0.995675 -0.006288 -0.029711 -0.930293 0.000000 
1.100000e-01 1.003094e-01 9.749932e-02 1.085983e-01 1.000000e-01 1.597543e+00 -0.995675 0.005453 0.021263 0.924937 0.038101 0.005922 0.995675 -0.006288 -0.029711 -0.930293 0.000000 
1.100000e-01 1.003094e-01 9.749932e-02 1.085983e-01 1.000000e-01 1.597543e+00 -0.995675 0.005453 0.021263 0.924937 0.038101 0.005922 0.995675 -0.006288 -0.029711 -0.930293 0.000000 
1.100000e-01 1.003094e-01 9.749932e-02 1.085983e-01 1.000000e-01 1.597543e+00 -0.995675 0.005453 0.021263 0.924937 0.038101 0.005922 0.995675 -0.006288 -0.029711 -0.930293 0.000000 
1.100000e-01 1.003094e-01 9.749932e-02 1.085983e-01 1.000000e-01 1.597543e+00 -0.995675 0.005453 0.021263 0.924937 0.038101 0.005922 0.995675 -0.006288 -0.029711 -0.930293 0.000000 
1.100000e-01 1.003094e-01 9.749932e-02 1.085983e-01 1.000000e-01 1.597543e+00 -0.995675 0.005453 0.021263 0.924937 0.038101 0.005922 0.995675 -0.006288 -0.029711 -0.930293 0.000000 
1.100000e-01 1.003094e-01 9.749932e-02 1.085983e-01 1.000000e-01 1.597543e+00 -0.995675 0.005453 0.021263 0.924937 0.038101 0.005922 0.995675 -0.006288 -0.029711 -0.930293 0.000000 
1.100000e-01 1.003094e-01 9.749932e-02 1.085983e-01 1.000000e-01 1.597543e+00 -0.995675 0.005453 0.021263 0.924937 0.038101 0.005922 0.995675 -0.006288 -0.029711 -0.930293 0.000000 
1.100000e-01 1.003094e-01 9.749932e-02 1.085983e-01 1.000000e-01 1.597543e+00 -0.995675 0.005453 0.021263 0.924937 0.038101 0.005922 0.995675 -0.006288 -0.029711 -0.930293 0.000000 
1.100000e-01 1.003094e-01 9.749932e-02 1.085983e-01 1.000000e-01 1.597543e+00 -0.995675 0.005453 0.021263 0.924937 0.038101 0.005922 0.995675 -0.006288 -0.029711 -0.930293 0.000000 
1.100000e-01 1.003094e-01 9.749932e-02 1.085983e-01 1.000000e-01 1.597543e+00 -0.995675 0.005453 0.021263 0.924937 0.038101 0.005922 0.995675 -0.006288 -0.029711 -0.930293 0.000000 
1.100000e-01 1.003094e-01 9.749932e-02 1.085983e-01 1.000000e-01 1.597543e+00 -0.995675 0.005453 0.021263 0.924937 0.038101 0.005922 0.995675 -0.006288 -0.029711 -0.930293 0.000000 
1.100000e-01 1.003094e-01 9.749932e-02 1.085983e-01 1.000000e-01 1.597543e+00 -0.995675 0.005453 0.021263 0.924937 0.038101 0.005922 0.995675 -0.006288 -0.029711 -0.930293 0.000000 
1.100000e-01 1.003094e-01 9.749932e-02 1.085983e-01 1.000000e-01 1.597543e+00 -0.995675 0.005453 0.021263 0.924937 0.038101 0.005922 0.995675 -0.006288 -0.029711 -0.930293 0.000000 
1.100000e-01 1.003094e-01 9.749932e-02 1.085983e-01 1.000000e-01 1.597543e+00 -0.995675 0.005453 0.021263 0.924937 0.038101 0.005922 0.995675 -0.006288 -0.029711 -0.930293 0.000000 
1.100000e-01 1.003094e-01 9.749932e-02 1.085983e-01 1.000000e-01 1.597543e+00 -0.995675 0.005453 0.021263 0.924937 0.038101 0.005922 0.995675 -0.006288 -0.029711 -0.930293 0.000000 
1.100000e-01 1.003094e-01 9.749932e-02 1.085983e-01 1.000000e-01 1.597543e+00 -0.995675 0.005453 0.021263 0.924937 0.038101 0.005922 0.995675 -0.006288 -0.029711 -0.930293 0.000000 
1.100000e-01 1.003094e-01 9.749932e-02 1.085983e-01 1.000000e-01 1.597543e+00 -0.995675 0.005453 0.021263 0.924937 0.038101 0.005922 0.995675 -0.006288 -0.029711 -0.930293 0.000000 
1.100000e-01 1.003094e-01 9.749932e-02 1.085983e-01 1.000000e-01 1.597543e+00 -0.995675 0.005453 0.021263 0.924937 0.038101 0.005922 0.995675 -0.006288 -0.029711 -0.930293 0.000000 
1.100000e-01 1.003094e-01 9.749932e-02 1.085983e-01 1.000000e-01 1.597543e+00 -0.995675 0.005453 0.021263 0.924937 0.038101 0.005922 0.995675 -0.006288 -0.029711 -0.930293 0.000000 
1.100000e-01 1.003094e-01 9.749932e-02 1.085983e-01 1.000000e-01 1.597543e+00 -0.995675 0.005453 0.021263 0.924937 0.038101 0.005922 0.995675 -0.006288 -0.029711 -0.930293 0.000000 
1.100000e-01 1.003094e-01 9.749932e-02 1.085983e-01 1.000000e-01 1.597543e+00 -0.995675 0.005453 0.021263 0.924937 0.038101 0.005922 0.995675 -0.006288 -0.029711 -0.930293 0.000000 
1.100000e-01 1.003094e-01 9.749932e-02 1.085983e-01 1.000000e-01 1.597543e+00 -0.995675 0.005453 0.021263 0.924937 0.038101 0.005922 0.995675 -0.006288 -0.029711 -0.930293 0.000000 
1.100000e-01 1.003094e-01 9.749932e-02 1.085983e-01 1.000000e-01 1.597543e+00 -0.995675 0.005453 0.021263 0.924937 0.038101 0.005922 0.995675 -0.006288 -0.029711 -0.930293 0.000000 
1.100000e-01 1.003094e-01 9.749932e-02 1.085983e-01 1.000000e-01 1.597543e+00 -0.995675 0.005453 0.021263 0.924937 0.038101 0.005922 0.995675 -0.006288 -0.029711 -0.930293 0.000000 
1.100000e-01 1.003094e-01 9.749932e-02 1.085983e-01 1.000000e-01 1.597543e+00 -0.995675 0.005453 0.021263 0.924937 0.038101 0.005922 0.995675 -0.006288 -0.029711 -0.930293 0.000000 
1.100000e-01 1.003094e-01 9.749932e-02 1.085983e-01 1.000000e-01 1.597543e+00 -0.995675 0.005453 0.021263 0.924937 0.038101 0.005922 0.995675 -0.006288 -0.029711 -0.930293 0.000000 
1.100000e-01 1.003094e-01 9.749932e-02 1.085983e-01 1.000000e-01 1.597543e+00 -0.995675 0.005453 0.021263 0.924937 0.038101 0.005922 0.995675 -0.006288 -0.029711 -0.930293 0.000000 
1.100000e-01 1.003094e-01 9.749932e-02 1.085983e-01 1.000000e-01 1.597543e+00 -0.995675 0.005453 0.021263 0.924937 0.038101 0.005922 0.995675 -0.006288 -0.029711 -0.930293 0.000000 
1.100000e-01 1.003094e-01 9.749932e-02 1.085983e-01 1.000000e-01 1.597543e+00 -0.995675 0.005453 0.021263 0.924937 0.038101 0.005922 0.995675 -0.006288 -0.029711 -0.930293 0.000000 
1.100000e-01 1.003094e-01 9.749932e-02 1.085983e-01 1.000000e-01 1.597543e+00 -0.995675 0.005453 0.021263 0.924937 0.038101 0.005922 0.995675 -0.006288 -0.029711 -0.930293 0.000000 
1.100000e-01 1.003094e-01 9.749932e-02 1.085983e-01 1.000000e-01 1.597543e+00 -0.995675 0.005453 0.021263 0.924937 0.038101 0.005922 0.995675 -0.006288 -0.029711 -0.930293 0.000000 
1.100000e-01 1.003094e-01 9.749932e-02 1.085983e-01 1.000000e-01 1.597543e+00 -0.995675 0.005453 0.021263 0.924937 0.038101 0.005922 0.995675 -0.006288 -0.029711 -0.930293 0.000000 
1.100000e-01 1.003094e-01 9.749932e-02 1.085983e-01 1.000000e-01 1.597543e+00 -0.995675 0.005453 0.021263 0.924937 0.038101 0.005922 0.995675 -0.006288 -0.029711 -0.930293 0.000000 
1.100000e-01 1.003094e-01 9.749932e-02 1.085983e-01 1.000000e-01 1.597543e+00 -0.995675 0.005453 0.021263 0.924937 0.038101 0.005922 0.995675 -0.006288 -0.029711 -0.930293 0.000000 
1.100000e-01 1.003094e-01 9.749932e-02 1.085983e-01 1.000000e-01 1.597543e+00 -0.995675 0.005453 0.021263 0.924937 0.038101 0.005922 0.995675 -0.006288 -0.029711 -0.930293 0.000000 
1.100000e-01 1.003094e-01 9.749932e-02 1.085983e-01 1.000000e-01 1.597543e+00 -0.995675 0.005453 0.021263 0.924937 0.038101 0.005922 0.995675 -0.006288 -0.029711 -0.930293 0.000000 
1.100000e-01 1.003094e-01 9.749932e-02 1.085983e-01 1.000000e-01 1.597543e+00 -0.995675 0.005453 0.021263 0.924937 0.038101 0.005922 0.995675 -0.006288 -0.029711 -0.930293 0.000000 
1.100000e-01 1.003094e-01 9.749932e-02 1.085983e-01 1.000000e-01 1.597543e+00 -0.995675 0.005453 0.021263 0.924937 0.038101 0.005922 0.995675 -0.006288 -0.029711 -0.930293 0.000000 
1.100000e-01 1.003094e-01 9.749932e-02 1.085983e-01 1.000000e-01 1.597543e+00 -0.995675 0.005453 0.021263 0.924937 0.038101 0.005922 0.995675 -0.006288 -0.029711 -0.930293 0.000000 
1.100000e-01 1.003094e-01 9.749932e-02 1.085983e-01 1.000000e-01 1.597543e+00 -0.995675 0.005453 0.021263 0.924937 0.038101 0.005922 0.995675 -0.006288 -0.029711 -0.930293 0.000000 
1.100000e-01 1.003094e-01 9.749932e-02 1.085983e-01 1.000000e-01 1.597543e+00 -0.995675 0.005453 0.021263 0.924937 0.038101 0.005922 0.995675 -0.006288 -0.029711 -0.930293 0.000000 
1.100000e-01 1.003094e-01 9.749932e-02 1.085983e-01 1.000000e-01 1.597543e+00 -0.995675 0.005453 0.021263 0.924937 0.038101 0.005922 0.995675 -0.006288 -0.029711 -0.930293 0.000000 
1.100000e-01 1.003094e-01 9.749932e-02 1.085983e-01 1.000000e-01 1.597543e+00 -0.995675 0.005453 0.021263 0.924937 0.038101 0.005922 0.995675 -0.006288 -0.029711 -0.930293 0.000000 
1.100000e-01 1.003094e-01 9.749932e-02 1.085983e-01 1.000000e-01 1.597543e+00 -0.995675 0.005453 0.021263 0.924937 0.038101 0.005922 0.995675 -0.006288 -0.029711 -0.930293 0.000000 
1.100000e-01 1.003094e-01 9.749932e-02 1.085983e-01 1.000000e-01 1.597543e+00 -0.995675 0.005453 0.021263 0.924937 0.038101 0.005922 0.995675 -0.006288 -0.029711 -0.930293 0.000000 
1.100000e-01 1.003094e-01 9.749932e-02 1.085983e-01 1.000000e-01 1.597543e+00 -0.995675 0.005453 0.021263 0.924937 0.038101 0.005922 0.995675 -0.006288 -0.029711 -0.930293 0.000000 
1.100000e-01 1.003094e-01 9.749932e-02 1.085983e-01 1.000000e-01 1.597543e+00 -0.995675 0.005453 0.021263 0.924937 0.038101 0.005922 0.995675 -0.006288 -0.029711 -0.930293 0.000000 
1.100000e-01 1.003094e-01 9.749932e-02 1.085983e-01 1.000000e-01 1.597543e+00 -0.995675 0.005453 0.021263 0.924937 0.038101 0.005922 0.995675 -0.006288 -0.029711 -0.930293 0.000000 
1.100000e-01 1.003094e-01 9.749932e-02 1.085983e-01 1.000000e-01 1.597543e+00 -0.995675 0.005453 0.021263 0.924937 0.038101 0.005922 0.995675 -0.006288 -0.029711 -0.930293 0.000000 
1.100000e-01 1.003094e-01 9.749932e-02 1.085983e-01 1.000000e-01 1.597543e+00 -0.995675 0.005453 0.021263 0.924937 0.038101 0.005922 0.995675 -0.006288 -0.029711 -0.930293 0.000000 
1.100000e-01 1.003094e-01 9.749932e-02 1.085983e-01 1.000000e-01 1.597543e+00 -0.995675 0.005453 0.021263 0.924937 0.038101 0.005922 0.995675 -0.006288 -0.029711 -0.930293 0.000000 
1.100000e-01 1.003094e-01 9.749932e-02 1.085983e-01 1.000000e-01 1.597543e+00 -0.995675 0.005453 0.021263 0.924937 0.038101 0.005922 0.995675 -0.006288 -0.029711 -0.930293 0.000000 
1.100000e-01 1.003094e-01 9.749932e-02 1.085983e-01 1.000000e-01 1.597543e+00 -0.995675 0.005453 0.021263 0.924937 0.038101 0.005922 0.995675 -0.006288 -0.029711 -0.930293 0.000000 
1.100000e-01 1.003094e-01 9.749932e-02 1.085983e-01 1.000000e-01 1.597543e+00 -0.995675 0.005453 0.021263 0.924937 0.038101 0.005922 0.995675 -0.006288 -0.029711 -0.930293 0.000000 
1.100000e-01 1.003094e-01 9.749932e-02 1.085983e-01 1.000000e-01 1.597543e+00 -0.995675 0.005453 0.021263 0.924937 0.038101 0.005922 0.995675 -0.006288 -0.029711 -0.930293 0.000000 
1.100000e-01 1.003094e-01 9.749932e-02 1.085983e-01 1.000000e-01 1.597543e+00 -0.995675 0.005453 0.021263 0.924937 0.038101 0.005922 0.995675 -0.006288 -0.029711 -0.930293 0.000000 
1.100000e-01 1.003094e-01 9.749932e-02 1.085983e-01 1.000000e-01 1.597543e+00 -0.995675 0.005453 0.021263 0.924937 0.038101 0.005922 0.995675 -0.006288 -0.029711 -0.930293 0.000000 
1.100000e-01 1.003094e-01 9.749932e-02 1.085983e-01 1.000000e-01 1.597543e+00 -0.995675 0.005453 0.021263 0.924937 0.038101 0.005922 0.995675 -0.006288 -0.029711 -0.930293 0.000000 
1.100000e-01 1.003094e-01 9.749932e-02 1.085983e-01 1.000000e-01 1.597543e+00 -0.995675 0.005453 0.021263 0.924937 0.038101 0.005922 0.995675 -0.006288 -0.029711 -0.930293 0.000000 
1.100000e-01 1.003094e-01 9.749932e-02 1.085983e-01 1.000000e-01 1.597543e+00 -0.995675 0.005453 0.021263 0.924937 0.038101 0.005922 0.995675 -0.006288 -0.029711 -0.930293 0.000000 
1.100000e-01 1.003094e-01 9.749932e-02 1.085983e-01 1.000000e-01 1.597543e+00 -0.995675 0.005453 0.021263 0.924937 0.038101 0.005922 0.995675 -0.006288 -0.029711 -0.930293 0.000000 
1.100000e-01 1.003094e-01 9.749932e-02 1.085983e-01 1.000000e-01 1.597543e+00 -0.995675 0.005453 0.021263 0.924937 0.038101 0.005922 0.995675 -0.006288 -0.029711 -0.930293 0.000000 
1.100000e-01 1.003094e-01 9.749932e-02 1.085983e-01 1.000000e-01 1.597543e+00 -0.995675 0.005453 0.021263 0.924937 0.038101 0.005922 0.995675 -0.006288 -0.029711 -0.930293 0.000000 
1.100000e-01 1.003094e-01 9.749932e-02 1.085983e-01 1.000000e-01 1.597543e+00 -0.995675 0.005453 0.021263 0.924937 0.038101 0.005922 0.995675 -0.006288 -0.029711 -0.930293 0.000000 
1.100000e-01 1.003094e-01 9.749932e-02 1.085983e-01 1.000000e-01 1.597543e+00 -0.995675 0.005453 0.021263 0.924937 0.038101 0.005922 0.995675 -0.006288 -0.029711 -0.930293 0.000000 
1.100000e-01 1.003094e-01 9.749932e-02 1.085983e-01 1.000000e-01 1.597543e+00 -0.995675 0.005453 0.021263 0.924937 0.038101 0.005922 0.995675 -0.006288 -0.029711 -0.930293 0.000000 
1.100000e-01 1.003094e-01 9.749932e-02 1.085983e-01 1.000000e-01 1.597543e+00 -0.995675 0.005453 0.021263 0.924937 0.038101 0.005922 0.995675 -0.006288 -0.029711 -0.930293 0.000000 
1.100000e-01 1.003094e-01 9.749932e-02 1.085983e-01 1.000000e-01 1.597543e+00 -0.995675 0.005453 0.021263 0.924937 0.038101 0.005922 0.995675 -0.006288 -0.029711 -0.930293 0.000000 
1.100000e-01 1.003094e-01 9.749932e-02 1.085983e-01 1.000000e-01 1.597543e+00 -0.995675 0.005453 0.021263 0.924937 0.038101 0.005922 0.995675 -0.006288 -0.029711 -0.930293 0.000000 
1.100000e-01 1.003094e-01 9.749932e-02 1.085983e-01 1.000000e-01 1.597543e+00 -0.995675 0.005453 0.021263 0.924937 0.038101 0.005922 0.995675 -0.006288 -0.029711 -0.930293 0.000000 
1.100000e-01 1.003094e-01 9.749932e-02 1.085983e-01 1.000000e-01 1.597543e+00 -0.995675 0.005453 0.021263 0.924937 0.038101 0.005922 0.995675 -0.006288 -0.029711 -0.930293 0.000000 
1.100000e-01 1.003094e-01 9.749932e-02 1.085983e-01 1.000000e-01 1.597543e+00 -0.995675 0.005453 0.021263 0.924937 0.038101 0.005922 0.995675 -0.006288 -0.029711 -0.930293 0.000000 
1.100000e-01 1.003094e-01 9.749932e-02 1.085983e-01 1.000000e-01 1.597543e+00 -0.995675 0.005453 0.021263 0.924937 0.038101 0.005922 0.995675 -0.006288 -0.029711 -0.930293 0.000000 
1.100000e-01 1.003094e-01 9.749932e-02 1.085983e-01 1.000000e-01 1.597543e+00 -0.995675 0.005453 0.021263 0.924937 0.038101 0.005922 0.995675 -0.006288 -0.029711 -0.930293 0.000000 
1.100000e-01 1.003094e-01 9.749932e-02 1.085983e-01 1.000000e-01 1.597543e+00 -0.995675 0.005453 0.021263 0.924937 0.038101 0.005922 0.995675 -0.006288 -0.029711 -0.930293 0.000000 
1.100000e-01 1.003094e-01 9.749932e-02 1.085983e-01 1.000000e-01 1.597543e+00 -0.995675 0.005453 0.021263 0.924937 0.038101 0.005922 0.995675 -0.006288 -0.029711 -0.930293 0.000000 
1.100000e-01 1.003094e-01 9.749932e-02 1.085983e-01 1.000000e-01 1.597543e+00 -0.995675 0.005453 0.021263 0.924937 0.038101 0.005922 0.995675 -0.006288 -0.029711 -0.930293 0.000000 
1.100000e-01 1.003094e-01 9.749932e-02 1.085983e-01 1.000000e-01 1.597543e+00 -0.995675 0.005453 0.021263 0.924937 0.038101 0.005922 0.995675 -0.006288 -0.029711 -0.930293 0.000000 
1.100000e-01 1.003094e-01 9.749932e-02 1.085983e-01 1.000000e-01 1.597543e+00 -0.995675 0.005453 0.021263 0.924937 0.038101 0.005922 0.995675 -0.006288 -0.029711 -0.930293 0.000000 
1.100000e-01 1.003094e-01 9.749932e-02 1.085983e-01 1.000000e-01 1.597543e+00 -0.995675 0.005453 0.021263 0.924937 0.038101 0.005922 0.995675 -0.006288 -0.029711 -0.930293 0.000000 
1.100000e-01 1.003094e-01 9.749932e-02 1.085983e-01 1.000000e-01 1.597543e+00 -0.995675 0.005453 0.021263 0.924937 0.038101 0.005922 0.995675 -0.006288 -0.029711 -0.930293 0.000000 
1.100000e-01 1.003094e-01 9.749932e-02 1.085983e-01 1.000000e-01 1.597543e+00 -0.995675 0.005453 0.021263 0.924937 0.038101 0.005922 0.995675 -0.006288 -0.029711 -0.930293 0.000000 
1.100000e-01 1.003094e-01 9.749932e-02 1.085983e-01 1.000000e-01 1.597543e+00 -0.995675 0.005453 0.021263 0.924937 0.038101 0.005922 0.995675 -0.006288 -0.029711 -0.930293 0.000000 
1.100000e-01 1.003094e-01 9.749932e-02 1.085983e-01 1.000000e-01 1.597543e+00 -0.995675 0.005453 0.021263 0.924937 0.038101 0.005922 0.995675 -0.006288 -0.029711 -0.930293 0.000000 
1.100000e-01 1.003094e-01 9.749932e-02 1.085983e-01 1.000000e-01 1.597543e+00 -0.995675 0.005453 0.021263 0.924937 0.038101 0.005922 0.995675 -0.006288 -0.029711 -0.930293 0.000000 
1.100000e-01 1.003094e-01 9.749932e-02 1.085983e-01 1.000000e-01 1.597543e+00 -0.995675 0.005453 0.021263 0.924937 0.038101 0.005922 0.995675 -0.006288 -0.029711 -0.930293 0.000000 
1.100000e-01 1.003094e-01 9.749932e-02 1.085983e-01 1.000000e-01 1.597543e+00 -0.995675 0.005453 0.021263 0.924937 0.038101 0.005922 0.995675 -0.006288 -0.029711 -0.930293 0.000000 
1.100000e-01 1.003094e-01 9.749932e-02 1.085983e-01 1.000000e-01 1.597543e+00 -0.995675 0.005453 0.021263 0.924937 0.038101 0.005922 0.995675 -0.006288 -0.029711 -0.930293 0.000000 
1.100000e-01 1.003094e-01 9.749932e-02 1.085983e-01 1.000000e-01 1.597543e+00 -0.995675 0.005453 0.021263 0.924937 0.038101 0.005922 0.995675 -0.006288 -0.029711 -0.930293 0.000000 
1.100000e-01 1.003094e-01 9.749932e-02 1.085983e-01 1.000000e-01 1.597543e+00 -0.995675 0.005453 0.021263 0.924937 0.038101 0.005922 0.995675 -0.006288 -0.029711 -0.930293 0.000000 
1.100000e-01 1.003094e-01 9.749932e-02 1.085983e-01 1.000000e-01 1.597543e+00 -0.995675 0.005453 0.021263 0.924937 0.038101 0.005922 0.995675 -0.006288 -0.029711 -0.930293 0.000000 
1.100000e-01 1.003094e-01 9.749932e-02 1.085983e-01 1.000000e-01 1.597543e+00 -0.995675 0.005453 0.021263 0.924937 0.038101 0.005922 0.995675 -0.006288 -0.029711 -0.930293 0.000000 
1.100000e-01 1.003094e-01 9.749932e-02 1.085983e-01 1.000000e-01 1.597543e+00 -0.995675 0.005453 0.021263 0.924937 0.038101 0.005922 0.995675 -0.006288 -0.029711 -0.930293 0.000000 
1.100000e-01 1.003094e-01 9.749932e-02 1.085983e-01 1.000000e-01 1.597543e+00 -0.995675 0.005453 0.021263 0.924937 0.038101 0.005922 0.995675 -0.006288 -0.029711 -0.930293 0.000000 
1.100000e-01 1.003094e-01 9.749932e-02 1.085983e-01 1.000000e-01 1.597543e+00 -0.995675 0.005453 0.021263 0.924937 0.038101 0.005922 0.995675 -0.006288 -0.029711 -0.930293 0.000000 
1.100000e-01 1.003094e-01 9.749932e-02 1.085983e-01 1.000000e-01 1.597543e+00 -0.995675 0.005453 0.021263 0.924937 0.038101 0.005922 0.995675 -0.006288 -0.029711 -0.930293 0.000000 
1.100000e-01 1.003094e-01 9.749932e-02 1.085983e-01 1.000000e-01 1.597543e+00 -0.995675 0.005453 0.021263 0.924937 0.038101 0.005922 0.995675 -0.006288 -0.029711 -0.930293 0.000000 
1.100000e-01 1.003094e-01 9.749932e-02 1.085983e-01 1.000000e-01 1.597543e+00 -0.995675 0.005453 0.021263 0.924937 0.038101 0.005922 0.995675 -0.006288 -0.029711 -0.930293 0.000000 
1.100000e-01 1.003094e-01 9.749932e-02 1.085983e-01 1.000000e-01 1.597543e+00 -0.995675 0.005453 0.021263 0.924937 0.038101 0.005922 0.995675 -0.006288 -0.029711 -0.930293 0.000000 
1.100000e-01 1.003094e-01 9.749932e-02 1.085983e-01 1.000000e-01 1.597543e+00 -0.995675 0.005453 0.021263 0.924937 0.038101 0.005922 0.995675 -0.006288 -0.029711 -0.930293 0.000000 
1.100000e-01 1.003094e-01 9.749932e-02 1.085983e-01 1.000000e-01 1.597543e+00 -0.995675 0.005453 0.021263 0.924937 0.038101 0.005922 0.995675 -0.006288 -0.029711 -0.930293 0.000000 
1.100000e-01 1.003094e-01 9.749932e-02 1.085983e-01 1.000000e-01 1.597543e+00 -0.995675 0.005453 0.021263 0.924937 0.038101 0.005922 0.995675 -0.006288 -0.029711 -0.930293 0.000000 
1.100000e-01 1.003094e-01 9.749932e-02 1.085983e-01 1.000000e-01 1.597543e+00 -0.995675 0.005453 0.021263 0.924937 0.038101 0.005922 0.995675 -0.006288 -0.029711 -0.930293 0.000000 
1.100000e-01 1.003094e-01 9.749932e-02 1.085983e-01 1.000000e-01 1.597543e+00 -0.995675 0.005453 0.021263 0.924937 0.038101 0.005922 0.995675 -0.006288 -0.029711 -0.930293 0.000000 
1.100000e-01 1.003094e-01 9.749932e-02 1.085983e-01 1.000000e-01 1.597543e+00 -0.995675 0.005453 0.021263 0.924937 0.038101 0.005922 0.995675 -0.006288 -0.029711 -0.930293 0.000000 
1.100000e-01 1.003094e-01 9.749932e-02 1.085983e-01 1.000000e-01 1.597543e+00 -0.995675 0.005453 0.021263 0.924937 0.038101 0.005922 0.995675 -0.006288 -0.029711 -0.930293 0.000000 
1.100000e-01 1.003094e-01 9.749932e-02 1.085983e-01 1.000000e-01 1.597543e+00 -0.995675 0.005453 0.021263 0.924937 0.038101 0.005922 0.995675 -0.006288 -0.029711 -0.930293 0.000000 
1.100000e-01 1.003094e-01 9.749932e-02 1.085983e-01 1.000000e-01 1.597543e+00 -0.995675 0.005453 0.021263 0.924937 0.038101 0.005922 0.995675 -0.006288 -0.029711 -0.930293 0.000000 
1.100000e-01 1.003094e-01 9.749932e-02 1.085983e-01 1.000000e-01 1.597543e+00 -0.995675 0.005453 0.021263 0.924937 0.038101 0.005922 0.995675 -0.006288 -0.029711 -0.930293 0.000000 
1.100000e-01 1.003094e-01 9.749932e-02 1.085983e-01 1.000000e-01 1.597543e+00 -0.995675 0.005453 0.021263 0.924937 0.038101 0.005922 0.995675 -0.006288 -0.029711 -0.930293 0.000000 
1.100000e-01 1.003094e-01 9.749932e-02 1.085983e-01 1.000000e-01 1.597543e+00 -0.995675 0.005453 0.021263 0.924937 0.038101 0.005922 0.995675 -0.006288 -0.029711 -0.930293 0.000000 
1.100000e-01 1.003094e-01 9.749932e-02 1.085983e-01 1.000000e-01 1.597543e+00 -0.995675 0.005453 0.021263 0.924937 0.038101 0.005922 0.995675 -0.006288 -0.029711 -0.930293 0.000000 
1.100000e-01 1.003094e-01 9.749932e-02 1.085983e-01 1.000000e-01 1.597543e+00 -0.995675 0.005453 0.021263 0.924937 0.038101 0.005922 0.995675 -0.006288 -0.029711 -0.930293 0.000000 
1.100000e-01 1.003094e-01 9.749932e-02 1.085983e-01 1.000000e-01 1.597543e+00 -0.995675 0.005453 0.021263 0.924937 0.038101 0.005922 0.995675 -0.006288 -0.029711 -0.930293 0.000000 
1.100000e-01 1.003094e-01 9.749932e-02 1.085983e-01 1.000000e-01 1.597543e+00 -0.995675 0.005453 0.021263 0.924937 0.038101 0.005922 0.995675 -0.006288 -0.029711 -0.930293 0.000000 
1.100000e-01 1.003094e-01 9.749932e-02 1.085983e-01 1.000000e-01 1.597543e+00 -0.995675 0.005453 0.021263 0.924937 0.038101 0.005922 0.995675 -0.006288 -0.029711 -0.930293 0.000000 
1.100000e-01 1.003094e-01 9.749932e-02 1.085983e-01 1.000000e-01 1.597543e+00 -0.995675 0.005453 0.021263 0.924937 0.038101 0.005922 0.995675 -0.006288 -0.029711 -0.930293 0.000000 
1.100000e-01 1.003094e-01 9.749932e-02 1.085983e-01 1.000000e-01 1.597543e+00 -0.995675 0.005453 0.021263 0.924937 0.038101 0.005922 0.995675 -0.006288 -0.029711 -0.930293 0.000000 
1.100000e-01 1.003094e-01 9.749932e-02 1.085983e-01 1.000000e-01 1.597543e+00 -0.995675 0.005453 0.021263 0.924937 0.038101 0.005922 0.995675 -0.006288 -0.029711 -0.930293 0.000000 
1.100000e-01 1.003094e-01 9.749932e-02 1.085983e-01 1.000000e-01 1.597543e+00 -0.995675 0.005453 0.021263 0.924937 0.038101 0.005922 0.995675 -0.006288 -0.029711 -0.930293 0.000000 
1.100000e-01 1.003094e-01 9.749932e-02 1.085983e-01 1.000000e-01 1.597543e+00 -0.995675 0.005453 0.021263 0.924937 0.038101 0.005922 0.995675 -0.006288 -0.029711 -0.930293 0.000000 
1.100000e-01 1.003094e-01 9.749932e-02 1.085983e-01 1.000000e-01 1.597543e+00 -0.995675 0.005453 0.021263 0.924937 0.038101 0.005922 0.995675 -0.006288 -0.029711 -0.930293 0.000000 
1.100000e-01 1.003094e-01 9.749932e-02 1.085983e-01 1.000000e-01 1.597543e+00 -0.995675 0.005453 0.021263 0.924937 0.038101 0.005922 0.995675 -0.006288 -0.029711 -0.930293 0.000000 
1.100000e-01 1.003094e-01 9.749932e-02 1.085983e-01 1.000000e-01 1.597543e+00 -0.995675 0.005453 0.021263 0.924937 0.038101 0.005922 0.995675 -0.006288 -0.029711 -0.930293 0.000000 
1.100000e-01 1.003094e-01 9.749932e-02 1.085983e-01 1.000000e-01 1.597543e+00 -0.995675 0.005453 0.021263 0.924937 0.038101 0.005922 0.995675 -0.006288 -0.029711 -0.930293 0.000000 
1.100000e-01 1.003094e-01 9.749932e-02 1.085983e-01 1.000000e-01 1.597543e+00 -0.995675 0.005453 0.021263 0.924937 0.038101 0.005922 0.995675 -0.006288 -0.029711 -0.930293 0.000000 
1.100000e-01 1.003094e-01 9.749932e-02 1.085983e-01 1.000000e-01 1.597543e+00 -0.995675 0.005453 0.021263 0.924937 0.038101 0.005922 0.995675 -0.006288 -0.029711 -0.930293 0.000000 
1.100000e-01 1.003094e-01 9.749932e-02 1.085983e-01 1.000000e-01 1.597543e+00 -0.995675 0.005453 0.021263 0.924937 0.038101 0.005922 0.995675 -0.006288 -0.029711 -0.930293 0.000000 
1.100000e-01 1.003094e-01 9.749932e-02 1.085983e-01 1.000000e-01 1.597543e+00 -0.995675 0.005453 0.021263 0.924937 0.038101 0.005922 0.995675 -0.006288 -0.029711 -0.930293 0.000000 
1.100000e-01 1.003094e-01 9.749932e-02 1.085983e-01 1.000000e-01 1.597543e+00 -0.995675 0.005453 0.021263 0.924937 0.038101 0.005922 0.995675 -0.006288 -0.029711 -0.930293 0.000000 
1.100000e-01 1.003094e-01 9.749932e-02 1.085983e-01 1.000000e-01 1.597543e+00 -0.995675 0.005453 0.021263 0.924937 0.038101 0.005922 0.995675 -0.006288 -0.029711 -0.930293 0.000000 
1.100000e-01 1.003094e-01 9.749932e-02 1.085983e-01 1.000000e-01 1.597543e+00 -0.995675 0.005453 0.021263 0.924937 0.038101 0.005922 0.995675 -0.006288 -0.029711 -0.930293 0.000000 
1.100000e-01 1.003094e-01 9.749932e-02 1.085983e-01 1.000000e-01 1.597543e+00 -0.995675 0.005453 0.021263 0.924937 0.038101 0.005922 0.995675 -0.006288 -0.029711 -0.930293 0.000000 
1.100000e-01 1.003094e-01 9.749932e-02 1.085983e-01 1.000000e-01 1.597543e+00 -0.995675 0.005453 0.021263 0.924937 0.038101 0.005922 0.995675 -0.006288 -0.029711 -0.930293 0.000000 
1.100000e-01 1.003094e-01 9.749932e-02 1.085983e-01 1.000000e-01 1.597543e+00 -0.995675 0.005453 0.021263 0.924937 0.038101 0.005922 0.995675 -0.006288 -0.029711 -0.930293 0.000000 
1.100000e-01 1.003094e-01 9.749932e-02 1.085983e-01 1.000000e-01 1.597543e+00 -0.995675 0.005453 0.021263 0.924937 0.038101 0.005922 0.995675 -0.006288 -0.029711 -0.930293 0.000000 
