# TeX TeY TeZ ThX ThY THZ P1 P2
1.300000e-01 1.000000e-01 5.600000e-01 1.300000e-01 1.000000e-01 5.600000e-01 0.000000 0.000000 0.000000 0.000000 0.000000 0.000000 0.000000 0.000000 0.000000 0.000000 0.000000 
1.300000e-01 9.999997e-02 5.475563e-01 1.300000e-01 1.000000e-01 5.688050e-01 -0.014039 0.001802 0.003604 0.003608 0.003627 0.001398 0.014039 -0.001802 -0.003604 -0.003608 0.000000 
1.300000e-01 9.999993e-02 5.350770e-01 1.300000e-01 1.000000e-01 5.775996e-01 -0.028094 0.003606 0.007213 0.007219 0.007259 0.002797 0.028094 -0.003606 -0.007213 -0.007220 0.000000 
1.300000e-01 9.999989e-02 5.225624e-01 1.300000e-01 1.000000e-01 5.863838e-01 -0.042165 0.005412 0.010825 0.010835 0.010895 0.004198 0.042165 -0.005411 -0.010825 -0.010836 0.000000 
1.300000e-01 9.999984e-02 5.100128e-01 1.299999e-01 1.000000e-01 5.951574e-01 -0.056253 0.007220 0.014442 0.014456 0.014535 0.005601 0.056253 -0.007219 -0.014442 -0.014456 0.000000 
1.300000e-01 9.999977e-02 4.974285e-01 1.299999e-01 1.000000e-01 6.039204e-01 -0.070357 0.009030 0.018063 0.018080 0.018179 0.007006 0.070357 -0.009029 -0.018063 -0.018081 0.000000 
1.300000e-01 9.999969e-02 4.848097e-01 1.299999e-01 1.000000e-01 6.126727e-01 -0.084476 0.010842 0.021688 0.021708 0.021827 0.008411 0.084476 -0.010841 -0.021688 -0.021709 0.000000 
1.300000e-01 9.999960e-02 4.721568e-01 1.299999e-01 1.000000e-01 6.214142e-01 -0.098611 0.012656 0.025317 0.025340 0.025479 0.009819 0.098611 -0.012655 -0.025317 -0.025343 0.000000 
1.300000e-01 9.999948e-02 4.594700e-01 1.299999e-01 1.000000e-01 6.301448e-01 -0.112761 0.014472 0.028950 0.028977 0.029135 0.011228 0.112761 -0.014470 -0.028950 -0.028980 0.000000 
1.300000e-01 9.999934e-02 4.467496e-01 1.299999e-01 1.000000e-01 6.388643e-01 -0.126926 0.016290 0.032586 0.032617 0.032795 0.012638 0.126926 -0.016287 -0.032586 -0.032621 0.000000 
1.300000e-01 9.999916e-02 4.339959e-01 1.299999e-01 1.000000e-01 6.475728e-01 -0.141106 0.018110 0.036227 0.036260 0.036459 0.014050 0.141106 -0.018106 -0.036227 -0.036268 0.000000 
1.300000e-01 9.999895e-02 4.212091e-01 1.299999e-01 1.000000e-01 6.562701e-01 -0.155300 0.019932 0.039871 0.039908 0.040127 0.015463 0.155300 -0.019926 -0.039871 -0.039919 0.000000 
1.300000e-01 9.999869e-02 4.083896e-01 1.299999e-01 1.000000e-01 6.649561e-01 -0.169508 0.021755 0.043519 0.043559 0.043798 0.016878 0.169508 -0.021746 -0.043519 -0.043576 0.000000 
1.300000e-01 9.999838e-02 3.955375e-01 1.299999e-01 1.000000e-01 6.736308e-01 -0.183730 0.023581 0.047170 0.047214 0.047472 0.018294 0.183730 -0.023567 -0.047171 -0.047240 0.000000 
1.300000e-01 9.999799e-02 3.826532e-01 1.299999e-01 1.000000e-01 6.822939e-01 -0.197966 0.025408 0.050825 0.050872 0.051151 0.019712 0.197966 -0.025387 -0.050826 -0.050912 0.000000 
1.300000e-01 9.999752e-02 3.697368e-01 1.299999e-01 1.000000e-01 6.909455e-01 -0.212216 0.027236 0.054483 0.054534 0.054833 0.021131 0.212216 -0.027206 -0.054485 -0.054594 0.000000 
1.300000e-01 9.999694e-02 3.567887e-01 1.299999e-01 1.000000e-01 6.995853e-01 -0.226478 0.029067 0.058145 0.058199 0.058518 0.022551 0.226479 -0.029020 -0.058148 -0.058291 0.000000 
1.300000e-01 9.999623e-02 3.438091e-01 1.299999e-01 1.000000e-01 7.082134e-01 -0.240754 0.030899 0.061810 0.061867 0.062206 0.023972 0.240754 -0.030829 -0.061815 -0.062007 0.000000 
1.300000e-01 9.999537e-02 3.307983e-01 1.299999e-01 1.000000e-01 7.168296e-01 -0.255043 0.032733 0.065478 0.065539 0.065898 0.025395 0.255043 -0.032626 -0.065487 -0.065752 0.000000 
1.300000e-01 9.999431e-02 3.177564e-01 1.299999e-01 1.000000e-01 7.254337e-01 -0.269344 0.034568 0.069150 0.069214 0.069593 0.026819 0.269344 -0.034406 -0.069163 -0.069538 0.000000 
1.300000e-01 9.999301e-02 3.046838e-01 1.299999e-01 1.000000e-01 7.340258e-01 -0.283657 0.036405 0.072825 0.072892 0.073292 0.028244 0.283657 -0.036158 -0.072844 -0.073384 0.000000 
1.300000e-01 9.999142e-02 2.915807e-01 1.299999e-01 1.000000e-01 7.426056e-01 -0.297983 0.038244 0.076502 0.076573 0.076993 0.029671 0.297983 -0.037867 -0.076532 -0.077326 0.000000 
1.300000e-01 9.998947e-02 2.784473e-01 1.299999e-01 1.000000e-01 7.511731e-01 -0.312320 0.040084 0.080183 0.080258 0.080698 0.031098 0.312321 -0.039510 -0.080228 -0.081406 0.000000 
1.300000e-01 9.998709e-02 2.652837e-01 1.299999e-01 1.000000e-01 7.597281e-01 -0.326669 0.041926 0.083867 0.083945 0.084405 0.032527 0.326670 -0.041052 -0.083934 -0.085697 0.000000 
1.300000e-01 9.998419e-02 2.520904e-01 1.299999e-01 1.000000e-01 7.682705e-01 -0.341030 0.043769 0.087554 0.087635 0.088116 0.033957 0.341031 -0.042432 -0.087652 -0.090324 0.000000 
1.300000e-01 9.998065e-02 2.388673e-01 1.299999e-01 1.000000e-01 7.768003e-01 -0.355402 0.045613 0.091244 0.091329 0.091829 0.035388 0.355403 -0.043575 -0.091384 -0.095448 0.000000 
1.300000e-01 9.997636e-02 2.256148e-01 1.299999e-01 1.000000e-01 7.853173e-01 -0.369786 0.047459 0.094937 0.095025 0.095546 0.036820 0.369786 -0.044352 -0.095128 -0.101350 0.000000 
1.300000e-01 9.997119e-02 2.123329e-01 1.299999e-01 1.000000e-01 7.938213e-01 -0.384181 0.049307 0.098632 0.098724 0.099265 0.038254 0.384181 -0.044563 -0.098871 -0.108493 0.000000 
1.300000e-01 9.996504e-02 1.990219e-01 1.299999e-01 1.000000e-01 8.023123e-01 -0.398587 0.051156 0.102331 0.102426 0.102988 0.039688 0.398587 -0.043947 -0.102569 -0.117527 0.000000 
1.300000e-01 9.995784e-02 1.856818e-01 1.299999e-01 1.000000e-01 8.107902e-01 -0.413004 0.053006 0.106032 0.106131 0.106713 0.041124 0.413005 -0.042085 -0.106097 -0.129617 0.000000 
1.300000e-01 9.994967e-02 1.723125e-01 1.299999e-01 1.000000e-01 8.192547e-01 -0.427434 0.054858 0.109737 0.109839 0.110441 0.042561 0.427435 -0.038375 -0.109111 -0.146766 0.000000 
1.300000e-01 9.994103e-02 1.589138e-01 1.299999e-01 1.000000e-01 8.277059e-01 -0.441878 0.056712 0.113445 0.113551 0.114173 0.043999 0.441878 -0.032116 -0.110793 -0.172138 0.000000 
1.300000e-01 9.993400e-02 1.454835e-01 1.299999e-01 1.000000e-01 8.361435e-01 -0.456341 0.058568 0.117158 0.117267 0.117911 0.045439 0.456342 -0.022361 -0.109077 -0.211868 0.000000 
1.300000e-01 9.993761e-02 1.320115e-01 1.299999e-01 1.000000e-01 8.445674e-01 -0.470857 0.060431 0.120885 0.120998 0.121661 0.046885 0.470858 -0.008036 -0.098489 -0.278768 0.000000 
1.300000e-01 9.998931e-02 1.184484e-01 1.299999e-01 1.000000e-01 8.529775e-01 -0.485585 0.062321 0.124666 0.124782 0.125467 0.048351 0.485585 0.011722 -0.066106 -0.398082 0.000000 
1.300000e-01 1.001883e-01 1.046003e-01 1.299999e-01 1.000000e-01 8.613737e-01 -0.501192 0.064324 0.128673 0.128793 0.129500 0.049905 0.501193 0.038720 0.018595 -0.625385 0.000000 
1.300000e-01 1.003091e-01 9.749976e-02 1.299999e-01 1.000000e-01 8.697558e-01 -0.512567 0.065784 0.131593 0.131716 0.132439 0.051038 0.512568 0.055714 0.094313 -0.806135 0.000000 
1.300000e-01 1.003091e-01 9.749976e-02 1.299999e-01 1.000000e-01 8.781237e-01 -0.518096 0.066493 0.133012 0.133137 0.133868 0.051588 0.518097 0.055004 0.092894 -0.807556 0.000000 
1.300000e-01 1.003091e-01 9.749976e-02 1.299999e-01 1.000000e-01 8.864773e-01 -0.523615 0.067201 0.134429 0.134555 0.135294 0.052138 0.523616 0.054296 0.091477 -0.808974 0.000000 
1.300000e-01 1.003091e-01 9.749976e-02 1.299999e-01 1.000000e-01 8.948163e-01 -0.529124 0.067908 0.135843 0.135971 0.136718 0.052687 0.529125 0.053589 0.090062 -0.810390 0.000000 
1.300000e-01 1.003091e-01 9.749976e-02 1.299999e-01 1.000000e-01 9.031408e-01 -0.534624 0.068614 0.137255 0.137384 0.138139 0.053235 0.534625 0.052883 0.088650 -0.811803 0.000000 
1.300000e-01 1.003091e-01 9.749976e-02 1.299999e-01 1.000000e-01 9.114505e-01 -0.540114 0.069318 0.138664 0.138795 0.139558 0.053781 0.540115 0.052179 0.087241 -0.813214 0.000000 
1.300000e-01 1.003091e-01 9.749976e-02 1.299999e-01 1.000000e-01 9.197452e-01 -0.545594 0.070021 0.140070 0.140203 0.140974 0.054327 0.545595 0.051475 0.085834 -0.814622 0.000000 
1.300000e-01 1.003091e-01 9.749976e-02 1.299999e-01 1.000000e-01 9.280249e-01 -0.551065 0.070723 0.141474 0.141609 0.142388 0.054872 0.551065 0.050773 0.084430 -0.816028 0.000000 
1.300000e-01 1.003091e-01 9.749976e-02 1.299999e-01 1.000000e-01 9.362893e-01 -0.556525 0.071424 0.142876 0.143012 0.143799 0.055416 0.556525 0.050072 0.083028 -0.817431 0.000000 
1.300000e-01 1.003091e-01 9.749976e-02 1.299999e-01 1.000000e-01 9.445384e-01 -0.561975 0.072123 0.144274 0.144412 0.145208 0.055959 0.561975 0.049373 0.081629 -0.818832 0.000000 
1.300000e-01 1.003091e-01 9.749976e-02 1.299999e-01 1.000000e-01 9.527720e-01 -0.567414 0.072821 0.145670 0.145810 0.146614 0.056501 0.567415 0.048675 0.080232 -0.820230 0.000000 
1.300000e-01 1.003091e-01 9.749976e-02 1.299999e-01 1.000000e-01 9.609898e-01 -0.572844 0.073517 0.147064 0.147206 0.148017 0.057042 0.572844 0.047978 0.078838 -0.821625 0.000000 
1.300000e-01 1.003091e-01 9.749976e-02 1.299999e-01 1.000000e-01 9.691919e-01 -0.578263 0.074212 0.148454 0.148598 0.149418 0.057582 0.578263 0.047282 0.077447 -0.823017 0.000000 
1.300000e-01 1.003091e-01 9.749976e-02 1.299999e-01 1.000000e-01 9.773779e-01 -0.583671 0.074905 0.149842 0.149988 0.150817 0.058121 0.583672 0.046588 0.076058 -0.824407 0.000000 
1.300000e-01 1.003091e-01 9.749976e-02 1.299999e-01 1.000000e-01 9.855477e-01 -0.589069 0.075597 0.151227 0.151375 0.152212 0.058659 0.589069 0.045896 0.074673 -0.825794 0.000000 
1.300000e-01 1.003091e-01 9.749976e-02 1.299999e-01 1.000000e-01 9.937012e-01 -0.594455 0.076288 0.152609 0.152759 0.153605 0.059196 0.594456 0.045204 0.073290 -0.827178 0.000000 
1.300000e-01 1.003091e-01 9.749976e-02 1.299999e-01 1.000000e-01 1.001838e+00 -0.599831 0.076977 0.153988 0.154141 0.154996 0.059732 0.599832 0.044514 0.071910 -0.828560 0.000000 
1.300000e-01 1.003091e-01 9.749976e-02 1.299999e-01 1.000000e-01 1.009958e+00 -0.605196 0.077665 0.155364 0.155520 0.156383 0.060267 0.605197 0.043826 0.070532 -0.829938 0.000000 
1.300000e-01 1.003091e-01 9.749976e-02 1.299999e-01 1.000000e-01 1.018062e+00 -0.610550 0.078351 0.156736 0.156895 0.157769 0.060801 0.610551 0.043139 0.069158 -0.831314 0.000000 
1.300000e-01 1.003091e-01 9.749976e-02 1.299999e-01 1.000000e-01 1.026148e+00 -0.615893 0.079035 0.158106 0.158268 0.159151 0.061334 0.615893 0.042453 0.067786 -0.832687 0.000000 
1.300000e-01 1.003091e-01 9.749976e-02 1.299999e-01 1.000000e-01 1.034217e+00 -0.621224 0.079718 0.159473 0.159639 0.160531 0.061866 0.621224 0.041769 0.066417 -0.834057 0.000000 
1.300000e-01 1.003091e-01 9.749976e-02 1.299999e-01 1.000000e-01 1.042269e+00 -0.626543 0.080399 0.160836 0.161006 0.161908 0.062397 0.626544 0.041086 0.065052 -0.835424 0.000000 
1.300000e-01 1.003091e-01 9.749976e-02 1.299999e-01 1.000000e-01 1.050303e+00 -0.631851 0.081078 0.162196 0.162370 0.163282 0.062927 0.631852 0.040405 0.063689 -0.836788 0.000000 
1.300000e-01 1.003091e-01 9.749976e-02 1.299999e-01 1.000000e-01 1.058320e+00 -0.637148 0.081756 0.163553 0.163731 0.164654 0.063456 0.637148 0.039725 0.062329 -0.838149 0.000000 
1.300000e-01 1.003091e-01 9.749976e-02 1.299999e-01 1.000000e-01 1.066318e+00 -0.642432 0.082431 0.164906 0.165089 0.166023 0.063984 0.642433 0.039047 0.060972 -0.839507 0.000000 
1.300000e-01 1.003091e-01 9.749976e-02 1.299998e-01 1.000000e-01 1.074299e+00 -0.647705 0.083105 0.166256 0.166444 0.167389 0.064511 0.647705 0.038370 0.059619 -0.840862 0.000000 
1.300000e-01 1.003091e-01 9.749976e-02 1.299998e-01 1.000000e-01 1.082261e+00 -0.652965 0.083777 0.167602 0.167796 0.168753 0.065037 0.652965 0.037695 0.058268 -0.842214 0.000000 
1.300000e-01 1.003091e-01 9.749976e-02 1.299998e-01 1.000000e-01 1.090204e+00 -0.658213 0.084447 0.168945 0.169145 0.170115 0.065563 0.658213 0.037021 0.056921 -0.843562 0.000000 
1.300000e-01 1.003091e-01 9.749976e-02 1.299998e-01 1.000000e-01 1.098129e+00 -0.663449 0.085115 0.170283 0.170491 0.171474 0.066087 0.663449 0.036349 0.055577 -0.844908 0.000000 
1.300000e-01 1.003091e-01 9.749976e-02 1.299998e-01 1.000000e-01 1.106034e+00 -0.668672 0.085781 0.171618 0.171834 0.172830 0.066611 0.668672 0.035679 0.054236 -0.846250 0.000000 
1.300000e-01 1.003091e-01 9.749976e-02 1.299998e-01 1.000000e-01 1.113921e+00 -0.673882 0.086444 0.172948 0.173173 0.174184 0.067134 0.673883 0.035010 0.052898 -0.847589 0.000000 
1.300000e-01 1.003091e-01 9.749976e-02 1.299998e-01 1.000000e-01 1.121788e+00 -0.679080 0.087106 0.174275 0.174509 0.175536 0.067656 0.679080 0.034343 0.051564 -0.848924 0.000000 
1.300000e-01 1.003091e-01 9.749976e-02 1.299998e-01 1.000000e-01 1.129636e+00 -0.684265 0.087764 0.175596 0.175842 0.176886 0.068177 0.684265 0.033678 0.050233 -0.850257 0.000000 
1.300000e-01 1.003091e-01 9.749976e-02 1.299998e-01 1.000000e-01 1.137463e+00 -0.689436 0.088420 0.176914 0.177172 0.178234 0.068698 0.689437 0.033014 0.048905 -0.851586 0.000000 
1.300000e-01 1.003091e-01 9.749976e-02 1.299998e-01 1.000000e-01 1.145271e+00 -0.694595 0.089074 0.178226 0.178498 0.179579 0.069219 0.694595 0.032352 0.047581 -0.852911 0.000000 
1.300000e-01 1.003091e-01 9.749976e-02 1.299998e-01 1.000000e-01 1.153059e+00 -0.699740 0.089725 0.179534 0.179821 0.180923 0.069738 0.699740 0.031692 0.046260 -0.854233 0.000000 
1.300000e-01 1.003091e-01 9.749976e-02 1.299998e-01 1.000000e-01 1.160826e+00 -0.704871 0.090372 0.180836 0.181141 0.182266 0.070258 0.704871 0.031033 0.044942 -0.855552 0.000000 
1.300000e-01 1.003091e-01 9.749976e-02 1.299998e-01 1.000000e-01 1.168572e+00 -0.709989 0.091017 0.182133 0.182457 0.183607 0.070777 0.709989 0.030376 0.043628 -0.856867 0.000000 
1.300000e-01 1.003091e-01 9.749976e-02 1.299998e-01 1.000000e-01 1.176297e+00 -0.715093 0.091658 0.183424 0.183770 0.184947 0.071296 0.715093 0.029721 0.042318 -0.858179 0.000000 
1.300000e-01 1.003091e-01 9.749976e-02 1.299998e-01 1.000000e-01 1.184001e+00 -0.720183 0.092295 0.184709 0.185079 0.186286 0.071815 0.720183 0.029068 0.041011 -0.859487 0.000000 
1.300000e-01 1.003091e-01 9.749976e-02 1.299998e-01 1.000000e-01 1.191684e+00 -0.725258 0.092929 0.185987 0.186385 0.187624 0.072335 0.725259 0.028417 0.039708 -0.860791 0.000000 
1.300000e-01 1.003091e-01 9.749976e-02 1.299998e-01 1.000000e-01 1.199345e+00 -0.730320 0.093558 0.187259 0.187687 0.188962 0.072854 0.730320 0.027767 0.038409 -0.862092 0.000000 
1.300000e-01 1.003091e-01 9.749976e-02 1.299997e-01 1.000000e-01 1.206984e+00 -0.735367 0.094183 0.188523 0.188986 0.190301 0.073375 0.735367 0.027119 0.037113 -0.863389 0.000000 
1.300000e-01 1.003091e-01 9.749976e-02 1.299997e-01 1.000000e-01 1.214600e+00 -0.740399 0.094803 0.189780 0.190282 0.191639 0.073896 0.740399 0.026473 0.035821 -0.864682 0.000000 
1.300000e-01 1.003091e-01 9.749976e-02 1.299997e-01 1.000000e-01 1.222195e+00 -0.745416 0.095418 0.191028 0.191574 0.192979 0.074418 0.745417 0.025829 0.034533 -0.865971 0.000000 
1.300000e-01 1.003091e-01 9.749976e-02 1.299997e-01 1.000000e-01 1.229766e+00 -0.750418 0.096028 0.192268 0.192862 0.194321 0.074941 0.750419 0.025187 0.033249 -0.867257 0.000000 
1.300000e-01 1.003091e-01 9.749976e-02 1.299997e-01 1.000000e-01 1.237315e+00 -0.755406 0.096631 0.193497 0.194148 0.195665 0.075466 0.755406 0.024547 0.031968 -0.868538 0.000000 
1.300000e-01 1.003091e-01 9.749976e-02 1.299996e-01 1.000000e-01 1.244840e+00 -0.760377 0.097228 0.194717 0.195429 0.197011 0.075993 0.760378 0.023909 0.030692 -0.869816 0.000000 
1.300000e-01 1.003091e-01 9.749976e-02 1.299996e-01 1.000000e-01 1.252342e+00 -0.765334 0.097817 0.195925 0.196708 0.198362 0.076523 0.765334 0.023273 0.029419 -0.871089 0.000000 
1.300000e-01 1.003091e-01 9.749976e-02 1.299996e-01 1.000000e-01 1.259820e+00 -0.770274 0.098399 0.197122 0.197982 0.199717 0.077055 0.770275 0.022639 0.028151 -0.872359 0.000000 
1.300000e-01 1.003091e-01 9.749976e-02 1.299995e-01 1.000000e-01 1.267274e+00 -0.775199 0.098972 0.198305 0.199254 0.201078 0.077591 0.775199 0.022007 0.026887 -0.873624 0.000000 
1.300000e-01 1.003091e-01 9.749976e-02 1.299995e-01 1.000000e-01 1.274703e+00 -0.780107 0.099536 0.199475 0.200522 0.202445 0.078130 0.780107 0.021377 0.025627 -0.874886 0.000000 
1.300000e-01 1.003091e-01 9.749976e-02 1.299994e-01 1.000000e-01 1.282108e+00 -0.784999 0.100089 0.200629 0.201788 0.203821 0.078674 0.785000 0.020749 0.024371 -0.876143 0.000000 
1.300000e-01 1.003091e-01 9.749976e-02 1.299994e-01 1.000000e-01 1.289488e+00 -0.789875 0.100631 0.201766 0.203050 0.205205 0.079224 0.789875 0.020123 0.023119 -0.877396 0.000000 
1.300000e-01 1.003091e-01 9.749976e-02 1.299993e-01 1.000000e-01 1.296842e+00 -0.794734 0.101160 0.202885 0.204309 0.206601 0.079779 0.794734 0.019500 0.021871 -0.878644 0.000000 
1.300000e-01 1.003091e-01 9.749976e-02 1.299992e-01 1.000000e-01 1.304171e+00 -0.799576 0.101676 0.203984 0.205566 0.208009 0.080341 0.799576 0.018878 0.020628 -0.879889 0.000000 
1.300000e-01 1.003091e-01 9.749976e-02 1.299991e-01 1.000000e-01 1.311474e+00 -0.804400 0.102176 0.205061 0.206821 0.209432 0.080912 0.804401 0.018259 0.019390 -0.881128 0.000000 
1.300000e-01 1.003091e-01 9.749976e-02 1.299990e-01 1.000000e-01 1.318750e+00 -0.809208 0.102659 0.206115 0.208073 0.210872 0.081490 0.809208 0.017642 0.018155 -0.882364 0.000000 
1.300000e-01 1.003091e-01 9.749976e-02 1.299989e-01 1.000000e-01 1.326000e+00 -0.813998 0.103124 0.207142 0.209324 0.212330 0.082079 0.813998 0.017027 0.016926 -0.883595 0.000000 
1.300000e-01 1.003091e-01 9.749976e-02 1.299988e-01 1.000000e-01 1.333224e+00 -0.818770 0.103568 0.208140 0.210573 0.213811 0.082679 0.818770 0.016415 0.015701 -0.884821 0.000000 
1.300000e-01 1.003091e-01 9.749976e-02 1.299986e-01 1.000000e-01 1.340420e+00 -0.823524 0.103989 0.209107 0.211822 0.215315 0.083291 0.823524 0.015805 0.014480 -0.886043 0.000000 
1.300000e-01 1.003091e-01 9.749976e-02 1.299984e-01 1.000000e-01 1.347588e+00 -0.828260 0.104384 0.210038 0.213071 0.216849 0.083918 0.828260 0.015197 0.013264 -0.887260 0.000000 
1.300000e-01 1.003091e-01 9.749976e-02 1.299982e-01 1.000000e-01 1.354728e+00 -0.832977 0.104753 0.210934 0.214321 0.218411 0.084559 0.832977 0.014592 0.012053 -0.888472 0.000000 
1.300000e-01 1.003091e-01 9.749976e-02 1.299980e-01 1.000000e-01 1.361840e+00 -0.837676 0.105087 0.211784 0.215574 0.220013 0.085219 0.837676 0.013989 0.010847 -0.889679 0.000000 
1.300000e-01 1.003091e-01 9.749976e-02 1.299978e-01 1.000000e-01 1.368924e+00 -0.842356 0.105389 0.212590 0.216829 0.221652 0.085897 0.842356 0.013388 0.009645 -0.890882 0.000000 
1.300000e-01 1.003091e-01 9.749976e-02 1.299975e-01 1.000000e-01 1.375979e+00 -0.847016 0.105651 0.213344 0.218090 0.223336 0.086596 0.847016 0.012790 0.008449 -0.892080 0.000000 
1.300000e-01 1.003091e-01 9.749976e-02 1.299971e-01 1.000000e-01 1.383004e+00 -0.851657 0.105868 0.214042 0.219359 0.225071 0.087318 0.851657 0.012194 0.007257 -0.893272 0.000000 
1.300000e-01 1.003091e-01 9.749976e-02 1.299968e-01 1.000000e-01 1.389999e+00 -0.856279 0.106042 0.214682 0.220635 0.226857 0.088064 0.856279 0.011601 0.006071 -0.894460 0.000000 
1.300000e-01 1.003091e-01 9.749976e-02 1.299963e-01 1.000000e-01 1.396964e+00 -0.860880 0.106155 0.215245 0.221927 0.228714 0.088840 0.860880 0.011010 0.004889 -0.895642 0.000000 
1.300000e-01 1.003091e-01 9.749976e-02 1.299959e-01 1.000000e-01 1.403899e+00 -0.865462 0.106212 0.215739 0.223233 0.230636 0.089643 0.865462 0.010422 0.003713 -0.896819 0.000000 
1.300000e-01 1.003091e-01 9.749976e-02 1.299953e-01 1.000000e-01 1.410803e+00 -0.870022 0.106201 0.216148 0.224560 0.232635 0.090478 0.870023 0.009837 0.002542 -0.897992 0.000000 
1.300000e-01 1.003091e-01 9.749976e-02 1.299947e-01 1.000000e-01 1.417676e+00 -0.874563 0.106112 0.216461 0.225915 0.234726 0.091348 0.874563 0.009254 0.001377 -0.899158 0.000000 
1.300000e-01 1.003091e-01 9.749976e-02 1.299939e-01 1.000000e-01 1.424517e+00 -0.879082 0.105946 0.216680 0.227300 0.236905 0.092251 0.879082 0.008674 0.000216 -0.900320 0.000000 
1.300000e-01 1.003091e-01 9.749976e-02 1.299931e-01 1.000000e-01 1.431325e+00 -0.883580 0.105679 0.216776 0.228731 0.239201 0.093194 0.883580 0.008097 -0.000938 -0.901475 0.000000 
1.300000e-01 1.003091e-01 9.749976e-02 1.299922e-01 1.000000e-01 1.438101e+00 -0.888056 0.105308 0.216748 0.230211 0.241615 0.094175 0.888056 0.007523 -0.002088 -0.902626 0.000000 
1.300000e-01 1.003091e-01 9.749976e-02 1.299911e-01 1.000000e-01 1.444845e+00 -0.892511 0.104829 0.216589 0.231751 0.244152 0.095190 0.892511 0.006951 -0.003231 -0.903770 0.000000 
1.300000e-01 1.003091e-01 9.749976e-02 1.299899e-01 1.000000e-01 1.451554e+00 -0.896943 0.104205 0.216256 0.233378 0.246857 0.096248 0.896943 0.006382 -0.004369 -0.904909 0.000000 
1.300000e-01 1.003091e-01 9.749976e-02 1.299885e-01 1.000000e-01 1.458230e+00 -0.901353 0.103440 0.215755 0.235098 0.249722 0.097339 0.901354 0.005816 -0.005502 -0.906043 0.000000 
1.300000e-01 1.003091e-01 9.749976e-02 1.299869e-01 1.000000e-01 1.464872e+00 -0.905741 0.102524 0.215069 0.236927 0.252761 0.098459 0.905741 0.005253 -0.006628 -0.907170 0.000000 
1.300000e-01 1.003091e-01 9.749976e-02 1.299850e-01 1.000000e-01 1.471479e+00 -0.910105 0.101406 0.214136 0.238920 0.256038 0.099606 0.910105 0.004693 -0.007748 -0.908292 0.000000 
1.300000e-01 1.003091e-01 9.749976e-02 1.299830e-01 1.000000e-01 1.478051e+00 -0.914446 0.100095 0.212959 0.241083 0.259545 0.100765 0.914447 0.004136 -0.008863 -0.909407 0.000000 
1.300000e-01 1.003091e-01 9.749976e-02 1.299806e-01 1.000000e-01 1.484587e+00 -0.918764 0.098574 0.211512 0.243449 0.263307 0.101923 0.918764 0.003581 -0.009972 -0.910517 0.000000 
1.300000e-01 1.003091e-01 9.749976e-02 1.299778e-01 1.000000e-01 1.491087e+00 -0.923058 0.096788 0.209710 0.246098 0.267407 0.103056 0.923058 0.003030 -0.011074 -0.911620 0.000000 
1.300000e-01 1.003091e-01 9.749976e-02 1.299747e-01 1.000000e-01 1.497550e+00 -0.927328 0.094730 0.207528 0.249067 0.271867 0.104136 0.927328 0.002482 -0.012170 -0.912717 0.000000 
1.300000e-01 1.003091e-01 9.749976e-02 1.299712e-01 1.000000e-01 1.503975e+00 -0.931573 0.092391 0.204931 0.252401 0.276722 0.105128 0.931573 0.001937 -0.013260 -0.913808 0.000000 
1.300000e-01 1.003091e-01 9.749976e-02 1.299671e-01 1.000000e-01 1.510361e+00 -0.935791 0.089733 0.201830 0.256191 0.282060 0.105978 0.935792 0.001396 -0.014343 -0.914892 0.000000 
1.300000e-01 1.003091e-01 9.749976e-02 1.299626e-01 1.000000e-01 1.516707e+00 -0.939984 0.086697 0.198086 0.260580 0.288025 0.106597 0.939984 0.000858 -0.015419 -0.915970 0.000000 
1.300000e-01 1.003091e-01 9.749976e-02 1.299574e-01 1.000000e-01 1.523013e+00 -0.944150 0.083305 0.193674 0.265600 0.294648 0.106924 0.944150 0.000323 -0.016489 -0.917040 0.000000 
1.300000e-01 1.003091e-01 9.749976e-02 1.299517e-01 1.000000e-01 1.529277e+00 -0.948289 0.079535 0.188486 0.271357 0.302054 0.106857 0.948290 -0.000208 -0.017552 -0.918104 0.000000 
1.300000e-01 1.003091e-01 9.749976e-02 1.299455e-01 1.000000e-01 1.535500e+00 -0.952401 0.075340 0.182325 0.278036 0.310474 0.106226 0.952401 -0.000736 -0.018607 -0.919161 0.000000 
1.300000e-01 1.003091e-01 9.749976e-02 1.299390e-01 1.000000e-01 1.541680e+00 -0.956485 0.070693 0.174987 0.285810 0.320169 0.104826 0.956485 -0.001260 -0.019656 -0.920210 0.000000 
1.300000e-01 1.003091e-01 9.749976e-02 1.299325e-01 1.000000e-01 1.547816e+00 -0.960538 0.065630 0.166407 0.294702 0.331279 0.102522 0.960538 -0.001780 -0.020696 -0.921252 0.000000 
1.300000e-01 1.003091e-01 9.749976e-02 1.299268e-01 1.000000e-01 1.553908e+00 -0.964558 0.060154 0.156420 0.304793 0.344087 0.099104 0.964558 -0.002296 -0.021729 -0.922285 0.000000 
1.300000e-01 1.003091e-01 9.749976e-02 1.299237e-01 1.000000e-01 1.559951e+00 -0.968540 0.054284 0.144878 0.316096 0.358929 0.094353 0.968540 -0.002807 -0.022751 -0.923308 0.000000 
1.300000e-01 1.003091e-01 9.749976e-02 1.299268e-01 1.000000e-01 1.565941e+00 -0.972466 0.048013 0.131430 0.328598 0.376601 0.087825 0.972466 -0.003311 -0.023759 -0.924317 0.000000 
1.300000e-01 1.003091e-01 9.749976e-02 1.299442e-01 1.000000e-01 1.571864e+00 -0.976311 0.041483 0.116347 0.341582 0.397285 0.079614 0.976311 -0.003804 -0.024746 -0.925305 0.000000 
1.300000e-01 1.003091e-01 9.749976e-02 1.299943e-01 1.000000e-01 1.577696e+00 -0.980015 0.034855 0.099950 0.353788 0.421571 0.069851 0.980015 -0.004280 -0.025697 -0.926257 0.000000 
1.300000e-01 1.003091e-01 9.749976e-02 1.301237e-01 1.000000e-01 1.583380e+00 -0.983469 0.028409 0.083020 0.362525 0.450426 0.059089 0.983469 -0.004723 -0.026583 -0.927144 0.000000 
1.300000e-01 1.003091e-01 9.749976e-02 1.304690e-01 1.000000e-01 1.588777e+00 -0.986469 0.022612 0.066995 0.361522 0.486839 0.048502 0.986469 -0.005108 -0.027354 -0.927915 0.000000 
1.300000e-01 1.003091e-01 9.749976e-02 1.314949e-01 1.000000e-01 1.593574e+00 -0.988815 0.017911 0.053356 0.333225 0.544626 0.039698 0.988815 -0.005409 -0.027956 -0.928518 0.000000 
1.300000e-01 1.003091e-01 9.749976e-02 1.339872e-01 1.000000e-01 1.597513e+00 -0.991712 0.011933 0.035338 0.219018 0.697220 0.028203 0.991712 -0.005781 -0.028700 -0.929262 0.000000 
1.300000e-01 1.003091e-01 9.749976e-02 1.339872e-01 1.000000e-01 1.597513e+00 -0.991712 0.011933 0.035338 0.219018 0.697220 0.028203 0.991712 -0.005781 -0.028700 -0.929262 0.000000 
1.300000e-01 1.003091e-01 9.749976e-02 1.339872e-01 1.000000e-01 1.597513e+00 -0.991712 0.011933 0.035338 0.219018 0.697220 0.028203 0.991712 -0.005781 -0.028700 -0.929262 0.000000 
1.300000e-01 1.003091e-01 9.749976e-02 1.339872e-01 1.000000e-01 1.597513e+00 -0.991712 0.011933 0.035338 0.219018 0.697220 0.028203 0.991712 -0.005781 -0.028700 -0.929262 0.000000 
1.300000e-01 1.003091e-01 9.749976e-02 1.339872e-01 1.000000e-01 1.597513e+00 -0.991712 0.011933 0.035338 0.219018 0.697220 0.028203 0.991712 -0.005781 -0.028700 -0.929262 0.000000 
1.300000e-01 1.003091e-01 9.749976e-02 1.339872e-01 1.000000e-01 1.597513e+00 -0.991712 0.011933 0.035338 0.219018 0.697220 0.028203 0.991712 -0.005781 -0.028700 -0.929262 0.000000 
1.300000e-01 1.003091e-01 9.749976e-02 1.339872e-01 1.000000e-01 1.597513e+00 -0.991712 0.011933 0.035338 0.219018 0.697220 0.028203 0.991712 -0.005781 -0.028700 -0.929262 0.000000 
1.300000e-01 1.003091e-01 9.749976e-02 1.339872e-01 1.000000e-01 1.597513e+00 -0.991712 0.011933 0.035338 0.219018 0.697220 0.028203 0.991712 -0.005781 -0.028700 -0.929262 0.000000 
1.300000e-01 1.003091e-01 9.749976e-02 1.339872e-01 1.000000e-01 1.597513e+00 -0.991712 0.011933 0.035338 0.219018 0.697220 0.028203 0.991712 -0.005781 -0.028700 -0.929262 0.000000 
1.300000e-01 1.003091e-01 9.749976e-02 1.339872e-01 1.000000e-01 1.597513e+00 -0.991712 0.011933 0.035338 0.219018 0.697220 0.028203 0.991712 -0.005781 -0.028700 -0.929262 0.000000 
1.300000e-01 1.003091e-01 9.749976e-02 1.339872e-01 1.000000e-01 1.597513e+00 -0.991712 0.011933 0.035338 0.219018 0.697220 0.028203 0.991712 -0.005781 -0.028700 -0.929262 0.000000 
1.300000e-01 1.003091e-01 9.749976e-02 1.339872e-01 1.000000e-01 1.597513e+00 -0.991712 0.011933 0.035338 0.219018 0.697220 0.028203 0.991712 -0.005781 -0.028700 -0.929262 0.000000 
1.300000e-01 1.003091e-01 9.749976e-02 1.339872e-01 1.000000e-01 1.597513e+00 -0.991712 0.011933 0.035338 0.219018 0.697220 0.028203 0.991712 -0.005781 -0.028700 -0.929262 0.000000 
1.300000e-01 1.003091e-01 9.749976e-02 1.339872e-01 1.000000e-01 1.597513e+00 -0.991712 0.011933 0.035338 0.219018 0.697220 0.028203 0.991712 -0.005781 -0.028700 -0.929262 0.000000 
1.300000e-01 1.003091e-01 9.749976e-02 1.339872e-01 1.000000e-01 1.597513e+00 -0.991712 0.011933 0.035338 0.219018 0.697220 0.028203 0.991712 -0.005781 -0.028700 -0.929262 0.000000 
1.300000e-01 1.003091e-01 9.749976e-02 1.339872e-01 1.000000e-01 1.597513e+00 -0.991712 0.011933 0.035338 0.219018 0.697220 0.028203 0.991712 -0.005781 -0.028700 -0.929262 0.000000 
1.300000e-01 1.003091e-01 9.749976e-02 1.339872e-01 1.000000e-01 1.597513e+00 -0.991712 0.011933 0.035338 0.219018 0.697220 0.028203 0.991712 -0.005781 -0.028700 -0.929262 0.000000 
1.300000e-01 1.003091e-01 9.749976e-02 1.339872e-01 1.000000e-01 1.597513e+00 -0.991712 0.011933 0.035338 0.219018 0.697220 0.028203 0.991712 -0.005781 -0.028700 -0.929262 0.000000 
1.300000e-01 1.003091e-01 9.749976e-02 1.339872e-01 1.000000e-01 1.597513e+00 -0.991712 0.011933 0.035338 0.219018 0.697220 0.028203 0.991712 -0.005781 -0.028700 -0.929262 0.000000 
1.300000e-01 1.003091e-01 9.749976e-02 1.339872e-01 1.000000e-01 1.597513e+00 -0.991712 0.011933 0.035338 0.219018 0.697220 0.028203 0.991712 -0.005781 -0.028700 -0.929262 0.000000 
1.300000e-01 1.003091e-01 9.749976e-02 1.339872e-01 1.000000e-01 1.597513e+00 -0.991712 0.011933 0.035338 0.219018 0.697220 0.028203 0.991712 -0.005781 -0.028700 -0.929262 0.000000 
1.300000e-01 1.003091e-01 9.749976e-02 1.339872e-01 1.000000e-01 1.597513e+00 -0.991712 0.011933 0.035338 0.219018 0.697220 0.028203 0.991712 -0.005781 -0.028700 -0.929262 0.000000 
1.300000e-01 1.003091e-01 9.749976e-02 1.339872e-01 1.000000e-01 1.597513e+00 -0.991712 0.011933 0.035338 0.219018 0.697220 0.028203 0.991712 -0.005781 -0.028700 -0.929262 0.000000 
1.300000e-01 1.003091e-01 9.749976e-02 1.339872e-01 1.000000e-01 1.597513e+00 -0.991712 0.011933 0.035338 0.219018 0.697220 0.028203 0.991712 -0.005781 -0.028700 -0.929262 0.000000 
1.300000e-01 1.003091e-01 9.749976e-02 1.339872e-01 1.000000e-01 1.597513e+00 -0.991712 0.011933 0.035338 0.219018 0.697220 0.028203 0.991712 -0.005781 -0.028700 -0.929262 0.000000 
1.300000e-01 1.003091e-01 9.749976e-02 1.339872e-01 1.000000e-01 1.597513e+00 -0.991712 0.011933 0.035338 0.219018 0.697220 0.028203 0.991712 -0.005781 -0.028700 -0.929262 0.000000 
1.300000e-01 1.003091e-01 9.749976e-02 1.339872e-01 1.000000e-01 1.597513e+00 -0.991712 0.011933 0.035338 0.219018 0.697220 0.028203 0.991712 -0.005781 -0.028700 -0.929262 0.000000 
1.300000e-01 1.003091e-01 9.749976e-02 1.339872e-01 1.000000e-01 1.597513e+00 -0.991712 0.011933 0.035338 0.219018 0.697220 0.028203 0.991712 -0.005781 -0.028700 -0.929262 0.000000 
1.300000e-01 1.003091e-01 9.749976e-02 1.339872e-01 1.000000e-01 1.597513e+00 -0.991712 0.011933 0.035338 0.219018 0.697220 0.028203 0.991712 -0.005781 -0.028700 -0.929262 0.000000 
1.300000e-01 1.003091e-01 9.749976e-02 1.339872e-01 1.000000e-01 1.597513e+00 -0.991712 0.011933 0.035338 0.219018 0.697220 0.028203 0.991712 -0.005781 -0.028700 -0.929262 0.000000 
1.300000e-01 1.003091e-01 9.749976e-02 1.339872e-01 1.000000e-01 1.597513e+00 -0.991712 0.011933 0.035338 0.219018 0.697220 0.028203 0.991712 -0.005781 -0.028700 -0.929262 0.000000 
1.300000e-01 1.003091e-01 9.749976e-02 1.339872e-01 1.000000e-01 1.597513e+00 -0.991712 0.011933 0.035338 0.219018 0.697220 0.028203 0.991712 -0.005781 -0.028700 -0.929262 0.000000 
1.300000e-01 1.003091e-01 9.749976e-02 1.339872e-01 1.000000e-01 1.597513e+00 -0.991712 0.011933 0.035338 0.219018 0.697220 0.028203 0.991712 -0.005781 -0.028700 -0.929262 0.000000 
1.300000e-01 1.003091e-01 9.749976e-02 1.339872e-01 1.000000e-01 1.597513e+00 -0.991712 0.011933 0.035338 0.219018 0.697220 0.028203 0.991712 -0.005781 -0.028700 -0.929262 0.000000 
1.300000e-01 1.003091e-01 9.749976e-02 1.339872e-01 1.000000e-01 1.597513e+00 -0.991712 0.011933 0.035338 0.219018 0.697220 0.028203 0.991712 -0.005781 -0.028700 -0.929262 0.000000 
1.300000e-01 1.003091e-01 9.749976e-02 1.339872e-01 1.000000e-01 1.597513e+00 -0.991712 0.011933 0.035338 0.219018 0.697220 0.028203 0.991712 -0.005781 -0.028700 -0.929262 0.000000 
1.300000e-01 1.003091e-01 9.749976e-02 1.339872e-01 1.000000e-01 1.597513e+00 -0.991712 0.011933 0.035338 0.219018 0.697220 0.028203 0.991712 -0.005781 -0.028700 -0.929262 0.000000 
1.300000e-01 1.003091e-01 9.749976e-02 1.339872e-01 1.000000e-01 1.597513e+00 -0.991712 0.011933 0.035338 0.219018 0.697220 0.028203 0.991712 -0.005781 -0.028700 -0.929262 0.000000 
1.300000e-01 1.003091e-01 9.749976e-02 1.339872e-01 1.000000e-01 1.597513e+00 -0.991712 0.011933 0.035338 0.219018 0.697220 0.028203 0.991712 -0.005781 -0.028700 -0.929262 0.000000 
1.300000e-01 1.003091e-01 9.749976e-02 1.339872e-01 1.000000e-01 1.597513e+00 -0.991712 0.011933 0.035338 0.219018 0.697220 0.028203 0.991712 -0.005781 -0.028700 -0.929262 0.000000 
1.300000e-01 1.003091e-01 9.749976e-02 1.339872e-01 1.000000e-01 1.597513e+00 -0.991712 0.011933 0.035338 0.219018 0.697220 0.028203 0.991712 -0.005781 -0.028700 -0.929262 0.000000 
1.300000e-01 1.003091e-01 9.749976e-02 1.339872e-01 1.000000e-01 1.597513e+00 -0.991712 0.011933 0.035338 0.219018 0.697220 0.028203 0.991712 -0.005781 -0.028700 -0.929262 0.000000 
1.300000e-01 1.003091e-01 9.749976e-02 1.339872e-01 1.000000e-01 1.597513e+00 -0.991712 0.011933 0.035338 0.219018 0.697220 0.028203 0.991712 -0.005781 -0.028700 -0.929262 0.000000 
1.300000e-01 1.003091e-01 9.749976e-02 1.339872e-01 1.000000e-01 1.597513e+00 -0.991712 0.011933 0.035338 0.219018 0.697220 0.028203 0.991712 -0.005781 -0.028700 -0.929262 0.000000 
1.300000e-01 1.003091e-01 9.749976e-02 1.339872e-01 1.000000e-01 1.597513e+00 -0.991712 0.011933 0.035338 0.219018 0.697220 0.028203 0.991712 -0.005781 -0.028700 -0.929262 0.000000 
1.300000e-01 1.003091e-01 9.749976e-02 1.339872e-01 1.000000e-01 1.597513e+00 -0.991712 0.011933 0.035338 0.219018 0.697220 0.028203 0.991712 -0.005781 -0.028700 -0.929262 0.000000 
1.300000e-01 1.003091e-01 9.749976e-02 1.339872e-01 1.000000e-01 1.597513e+00 -0.991712 0.011933 0.035338 0.219018 0.697220 0.028203 0.991712 -0.005781 -0.028700 -0.929262 0.000000 
1.300000e-01 1.003091e-01 9.749976e-02 1.339872e-01 1.000000e-01 1.597513e+00 -0.991712 0.011933 0.035338 0.219018 0.697220 0.028203 0.991712 -0.005781 -0.028700 -0.929262 0.000000 
1.300000e-01 1.003091e-01 9.749976e-02 1.339872e-01 1.000000e-01 1.597513e+00 -0.991712 0.011933 0.035338 0.219018 0.697220 0.028203 0.991712 -0.005781 -0.028700 -0.929262 0.000000 
1.300000e-01 1.003091e-01 9.749976e-02 1.339872e-01 1.000000e-01 1.597513e+00 -0.991712 0.011933 0.035338 0.219018 0.697220 0.028203 0.991712 -0.005781 -0.028700 -0.929262 0.000000 
1.300000e-01 1.003091e-01 9.749976e-02 1.339872e-01 1.000000e-01 1.597513e+00 -0.991712 0.011933 0.035338 0.219018 0.697220 0.028203 0.991712 -0.005781 -0.028700 -0.929262 0.000000 
1.300000e-01 1.003091e-01 9.749976e-02 1.339872e-01 1.000000e-01 1.597513e+00 -0.991712 0.011933 0.035338 0.219018 0.697220 0.028203 0.991712 -0.005781 -0.028700 -0.929262 0.000000 
1.300000e-01 1.003091e-01 9.749976e-02 1.339872e-01 1.000000e-01 1.597513e+00 -0.991712 0.011933 0.035338 0.219018 0.697220 0.028203 0.991712 -0.005781 -0.028700 -0.929262 0.000000 
1.300000e-01 1.003091e-01 9.749976e-02 1.339872e-01 1.000000e-01 1.597513e+00 -0.991712 0.011933 0.035338 0.219018 0.697220 0.028203 0.991712 -0.005781 -0.028700 -0.929262 0.000000 
1.300000e-01 1.003091e-01 9.749976e-02 1.339872e-01 1.000000e-01 1.597513e+00 -0.991712 0.011933 0.035338 0.219018 0.697220 0.028203 0.991712 -0.005781 -0.028700 -0.929262 0.000000 
1.300000e-01 1.003091e-01 9.749976e-02 1.339872e-01 1.000000e-01 1.597513e+00 -0.991712 0.011933 0.035338 0.219018 0.697220 0.028203 0.991712 -0.005781 -0.028700 -0.929262 0.000000 
1.300000e-01 1.003091e-01 9.749976e-02 1.339872e-01 1.000000e-01 1.597513e+00 -0.991712 0.011933 0.035338 0.219018 0.697220 0.028203 0.991712 -0.005781 -0.028700 -0.929262 0.000000 
1.300000e-01 1.003091e-01 9.749976e-02 1.339872e-01 1.000000e-01 1.597513e+00 -0.991712 0.011933 0.035338 0.219018 0.697220 0.028203 0.991712 -0.005781 -0.028700 -0.929262 0.000000 
1.300000e-01 1.003091e-01 9.749976e-02 1.339872e-01 1.000000e-01 1.597513e+00 -0.991712 0.011933 0.035338 0.219018 0.697220 0.028203 0.991712 -0.005781 -0.028700 -0.929262 0.000000 
1.300000e-01 1.003091e-01 9.749976e-02 1.339872e-01 1.000000e-01 1.597513e+00 -0.991712 0.011933 0.035338 0.219018 0.697220 0.028203 0.991712 -0.005781 -0.028700 -0.929262 0.000000 
1.300000e-01 1.003091e-01 9.749976e-02 1.339872e-01 1.000000e-01 1.597513e+00 -0.991712 0.011933 0.035338 0.219018 0.697220 0.028203 0.991712 -0.005781 -0.028700 -0.929262 0.000000 
1.300000e-01 1.003091e-01 9.749976e-02 1.339872e-01 1.000000e-01 1.597513e+00 -0.991712 0.011933 0.035338 0.219018 0.697220 0.028203 0.991712 -0.005781 -0.028700 -0.929262 0.000000 
1.300000e-01 1.003091e-01 9.749976e-02 1.339872e-01 1.000000e-01 1.597513e+00 -0.991712 0.011933 0.035338 0.219018 0.697220 0.028203 0.991712 -0.005781 -0.028700 -0.929262 0.000000 
1.300000e-01 1.003091e-01 9.749976e-02 1.339872e-01 1.000000e-01 1.597513e+00 -0.991712 0.011933 0.035338 0.219018 0.697220 0.028203 0.991712 -0.005781 -0.028700 -0.929262 0.000000 
1.300000e-01 1.003091e-01 9.749976e-02 1.339872e-01 1.000000e-01 1.597513e+00 -0.991712 0.011933 0.035338 0.219018 0.697220 0.028203 0.991712 -0.005781 -0.028700 -0.929262 0.000000 
1.300000e-01 1.003091e-01 9.749976e-02 1.339872e-01 1.000000e-01 1.597513e+00 -0.991712 0.011933 0.035338 0.219018 0.697220 0.028203 0.991712 -0.005781 -0.028700 -0.929262 0.000000 
1.300000e-01 1.003091e-01 9.749976e-02 1.339872e-01 1.000000e-01 1.597513e+00 -0.991712 0.011933 0.035338 0.219018 0.697220 0.028203 0.991712 -0.005781 -0.028700 -0.929262 0.000000 
1.300000e-01 1.003091e-01 9.749976e-02 1.339872e-01 1.000000e-01 1.597513e+00 -0.991712 0.011933 0.035338 0.219018 0.697220 0.028203 0.991712 -0.005781 -0.028700 -0.929262 0.000000 
1.300000e-01 1.003091e-01 9.749976e-02 1.339872e-01 1.000000e-01 1.597513e+00 -0.991712 0.011933 0.035338 0.219018 0.697220 0.028203 0.991712 -0.005781 -0.028700 -0.929262 0.000000 
1.300000e-01 1.003091e-01 9.749976e-02 1.339872e-01 1.000000e-01 1.597513e+00 -0.991712 0.011933 0.035338 0.219018 0.697220 0.028203 0.991712 -0.005781 -0.028700 -0.929262 0.000000 
1.300000e-01 1.003091e-01 9.749976e-02 1.339872e-01 1.000000e-01 1.597513e+00 -0.991712 0.011933 0.035338 0.219018 0.697220 0.028203 0.991712 -0.005781 -0.028700 -0.929262 0.000000 
1.300000e-01 1.003091e-01 9.749976e-02 1.339872e-01 1.000000e-01 1.597513e+00 -0.991712 0.011933 0.035338 0.219018 0.697220 0.028203 0.991712 -0.005781 -0.028700 -0.929262 0.000000 
1.300000e-01 1.003091e-01 9.749976e-02 1.339872e-01 1.000000e-01 1.597513e+00 -0.991712 0.011933 0.035338 0.219018 0.697220 0.028203 0.991712 -0.005781 -0.028700 -0.929262 0.000000 
1.300000e-01 1.003091e-01 9.749976e-02 1.339872e-01 1.000000e-01 1.597513e+00 -0.991712 0.011933 0.035338 0.219018 0.697220 0.028203 0.991712 -0.005781 -0.028700 -0.929262 0.000000 
1.300000e-01 1.003091e-01 9.749976e-02 1.339872e-01 1.000000e-01 1.597513e+00 -0.991712 0.011933 0.035338 0.219018 0.697220 0.028203 0.991712 -0.005781 -0.028700 -0.929262 0.000000 
1.300000e-01 1.003091e-01 9.749976e-02 1.339872e-01 1.000000e-01 1.597513e+00 -0.991712 0.011933 0.035338 0.219018 0.697220 0.028203 0.991712 -0.005781 -0.028700 -0.929262 0.000000 
1.300000e-01 1.003091e-01 9.749976e-02 1.339872e-01 1.000000e-01 1.597513e+00 -0.991712 0.011933 0.035338 0.219018 0.697220 0.028203 0.991712 -0.005781 -0.028700 -0.929262 0.000000 
1.300000e-01 1.003091e-01 9.749976e-02 1.339872e-01 1.000000e-01 1.597513e+00 -0.991712 0.011933 0.035338 0.219018 0.697220 0.028203 0.991712 -0.005781 -0.028700 -0.929262 0.000000 
1.300000e-01 1.003091e-01 9.749976e-02 1.339872e-01 1.000000e-01 1.597513e+00 -0.991712 0.011933 0.035338 0.219018 0.697220 0.028203 0.991712 -0.005781 -0.028700 -0.929262 0.000000 
1.300000e-01 1.003091e-01 9.749976e-02 1.339872e-01 1.000000e-01 1.597513e+00 -0.991712 0.011933 0.035338 0.219018 0.697220 0.028203 0.991712 -0.005781 -0.028700 -0.929262 0.000000 
1.300000e-01 1.003091e-01 9.749976e-02 1.339872e-01 1.000000e-01 1.597513e+00 -0.991712 0.011933 0.035338 0.219018 0.697220 0.028203 0.991712 -0.005781 -0.028700 -0.929262 0.000000 
1.300000e-01 1.003091e-01 9.749976e-02 1.339872e-01 1.000000e-01 1.597513e+00 -0.991712 0.011933 0.035338 0.219018 0.697220 0.028203 0.991712 -0.005781 -0.028700 -0.929262 0.000000 
1.300000e-01 1.003091e-01 9.749976e-02 1.339872e-01 1.000000e-01 1.597513e+00 -0.991712 0.011933 0.035338 0.219018 0.697220 0.028203 0.991712 -0.005781 -0.028700 -0.929262 0.000000 
1.300000e-01 1.003091e-01 9.749976e-02 1.339872e-01 1.000000e-01 1.597513e+00 -0.991712 0.011933 0.035338 0.219018 0.697220 0.028203 0.991712 -0.005781 -0.028700 -0.929262 0.000000 
1.300000e-01 1.003091e-01 9.749976e-02 1.339872e-01 1.000000e-01 1.597513e+00 -0.991712 0.011933 0.035338 0.219018 0.697220 0.028203 0.991712 -0.005781 -0.028700 -0.929262 0.000000 
1.300000e-01 1.003091e-01 9.749976e-02 1.339872e-01 1.000000e-01 1.597513e+00 -0.991712 0.011933 0.035338 0.219018 0.697220 0.028203 0.991712 -0.005781 -0.028700 -0.929262 0.000000 
1.300000e-01 1.003091e-01 9.749976e-02 1.339872e-01 1.000000e-01 1.597513e+00 -0.991712 0.011933 0.035338 0.219018 0.697220 0.028203 0.991712 -0.005781 -0.028700 -0.929262 0.000000 
1.300000e-01 1.003091e-01 9.749976e-02 1.339872e-01 1.000000e-01 1.597513e+00 -0.991712 0.011933 0.035338 0.219018 0.697220 0.028203 0.991712 -0.005781 -0.028700 -0.929262 0.000000 
1.300000e-01 1.003091e-01 9.749976e-02 1.339872e-01 1.000000e-01 1.597513e+00 -0.991712 0.011933 0.035338 0.219018 0.697220 0.028203 0.991712 -0.005781 -0.028700 -0.929262 0.000000 
1.300000e-01 1.003091e-01 9.749976e-02 1.339872e-01 1.000000e-01 1.597513e+00 -0.991712 0.011933 0.035338 0.219018 0.697220 0.028203 0.991712 -0.005781 -0.028700 -0.929262 0.000000 
1.300000e-01 1.003091e-01 9.749976e-02 1.339872e-01 1.000000e-01 1.597513e+00 -0.991712 0.011933 0.035338 0.219018 0.697220 0.028203 0.991712 -0.005781 -0.028700 -0.929262 0.000000 
1.300000e-01 1.003091e-01 9.749976e-02 1.339872e-01 1.000000e-01 1.597513e+00 -0.991712 0.011933 0.035338 0.219018 0.697220 0.028203 0.991712 -0.005781 -0.028700 -0.929262 0.000000 
1.300000e-01 1.003091e-01 9.749976e-02 1.339872e-01 1.000000e-01 1.597513e+00 -0.991712 0.011933 0.035338 0.219018 0.697220 0.028203 0.991712 -0.005781 -0.028700 -0.929262 0.000000 
1.300000e-01 1.003091e-01 9.749976e-02 1.339872e-01 1.000000e-01 1.597513e+00 -0.991712 0.011933 0.035338 0.219018 0.697220 0.028203 0.991712 -0.005781 -0.028700 -0.929262 0.000000 
1.300000e-01 1.003091e-01 9.749976e-02 1.339872e-01 1.000000e-01 1.597513e+00 -0.991712 0.011933 0.035338 0.219018 0.697220 0.028203 0.991712 -0.005781 -0.028700 -0.929262 0.000000 
1.300000e-01 1.003091e-01 9.749976e-02 1.339872e-01 1.000000e-01 1.597513e+00 -0.991712 0.011933 0.035338 0.219018 0.697220 0.028203 0.991712 -0.005781 -0.028700 -0.929262 0.000000 
1.300000e-01 1.003091e-01 9.749976e-02 1.339872e-01 1.000000e-01 1.597513e+00 -0.991712 0.011933 0.035338 0.219018 0.697220 0.028203 0.991712 -0.005781 -0.028700 -0.929262 0.000000 
1.300000e-01 1.003091e-01 9.749976e-02 1.339872e-01 1.000000e-01 1.597513e+00 -0.991712 0.011933 0.035338 0.219018 0.697220 0.028203 0.991712 -0.005781 -0.028700 -0.929262 0.000000 
1.300000e-01 1.003091e-01 9.749976e-02 1.339872e-01 1.000000e-01 1.597513e+00 -0.991712 0.011933 0.035338 0.219018 0.697220 0.028203 0.991712 -0.005781 -0.028700 -0.929262 0.000000 
1.300000e-01 1.003091e-01 9.749976e-02 1.339872e-01 1.000000e-01 1.597513e+00 -0.991712 0.011933 0.035338 0.219018 0.697220 0.028203 0.991712 -0.005781 -0.028700 -0.929262 0.000000 
1.300000e-01 1.003091e-01 9.749976e-02 1.339872e-01 1.000000e-01 1.597513e+00 -0.991712 0.011933 0.035338 0.219018 0.697220 0.028203 0.991712 -0.005781 -0.028700 -0.929262 0.000000 
1.300000e-01 1.003091e-01 9.749976e-02 1.339872e-01 1.000000e-01 1.597513e+00 -0.991712 0.011933 0.035338 0.219018 0.697220 0.028203 0.991712 -0.005781 -0.028700 -0.929262 0.000000 
1.300000e-01 1.003091e-01 9.749976e-02 1.339872e-01 1.000000e-01 1.597513e+00 -0.991712 0.011933 0.035338 0.219018 0.697220 0.028203 0.991712 -0.005781 -0.028700 -0.929262 0.000000 
1.300000e-01 1.003091e-01 9.749976e-02 1.339872e-01 1.000000e-01 1.597513e+00 -0.991712 0.011933 0.035338 0.219018 0.697220 0.028203 0.991712 -0.005781 -0.028700 -0.929262 0.000000 
1.300000e-01 1.003091e-01 9.749976e-02 1.339872e-01 1.000000e-01 1.597513e+00 -0.991712 0.011933 0.035338 0.219018 0.697220 0.028203 0.991712 -0.005781 -0.028700 -0.929262 0.000000 
1.300000e-01 1.003091e-01 9.749976e-02 1.339872e-01 1.000000e-01 1.597513e+00 -0.991712 0.011933 0.035338 0.219018 0.697220 0.028203 0.991712 -0.005781 -0.028700 -0.929262 0.000000 
1.300000e-01 1.003091e-01 9.749976e-02 1.339872e-01 1.000000e-01 1.597513e+00 -0.991712 0.011933 0.035338 0.219018 0.697220 0.028203 0.991712 -0.005781 -0.028700 -0.929262 0.000000 
1.300000e-01 1.003091e-01 9.749976e-02 1.339872e-01 1.000000e-01 1.597513e+00 -0.991712 0.011933 0.035338 0.219018 0.697220 0.028203 0.991712 -0.005781 -0.028700 -0.929262 0.000000 
1.300000e-01 1.003091e-01 9.749976e-02 1.339872e-01 1.000000e-01 1.597513e+00 -0.991712 0.011933 0.035338 0.219018 0.697220 0.028203 0.991712 -0.005781 -0.028700 -0.929262 0.000000 
1.300000e-01 1.003091e-01 9.749976e-02 1.339872e-01 1.000000e-01 1.597513e+00 -0.991712 0.011933 0.035338 0.219018 0.697220 0.028203 0.991712 -0.005781 -0.028700 -0.929262 0.000000 
1.300000e-01 1.003091e-01 9.749976e-02 1.339872e-01 1.000000e-01 1.597513e+00 -0.991712 0.011933 0.035338 0.219018 0.697220 0.028203 0.991712 -0.005781 -0.028700 -0.929262 0.000000 
1.300000e-01 1.003091e-01 9.749976e-02 1.339872e-01 1.000000e-01 1.597513e+00 -0.991712 0.011933 0.035338 0.219018 0.697220 0.028203 0.991712 -0.005781 -0.028700 -0.929262 0.000000 
1.300000e-01 1.003091e-01 9.749976e-02 1.339872e-01 1.000000e-01 1.597513e+00 -0.991712 0.011933 0.035338 0.219018 0.697220 0.028203 0.991712 -0.005781 -0.028700 -0.929262 0.000000 
1.300000e-01 1.003091e-01 9.749976e-02 1.339872e-01 1.000000e-01 1.597513e+00 -0.991712 0.011933 0.035338 0.219018 0.697220 0.028203 0.991712 -0.005781 -0.028700 -0.929262 0.000000 
1.300000e-01 1.003091e-01 9.749976e-02 1.339872e-01 1.000000e-01 1.597513e+00 -0.991712 0.011933 0.035338 0.219018 0.697220 0.028203 0.991712 -0.005781 -0.028700 -0.929262 0.000000 
1.300000e-01 1.003091e-01 9.749976e-02 1.339872e-01 1.000000e-01 1.597513e+00 -0.991712 0.011933 0.035338 0.219018 0.697220 0.028203 0.991712 -0.005781 -0.028700 -0.929262 0.000000 
1.300000e-01 1.003091e-01 9.749976e-02 1.339872e-01 1.000000e-01 1.597513e+00 -0.991712 0.011933 0.035338 0.219018 0.697220 0.028203 0.991712 -0.005781 -0.028700 -0.929262 0.000000 
1.300000e-01 1.003091e-01 9.749976e-02 1.339872e-01 1.000000e-01 1.597513e+00 -0.991712 0.011933 0.035338 0.219018 0.697220 0.028203 0.991712 -0.005781 -0.028700 -0.929262 0.000000 
1.300000e-01 1.003091e-01 9.749976e-02 1.339872e-01 1.000000e-01 1.597513e+00 -0.991712 0.011933 0.035338 0.219018 0.697220 0.028203 0.991712 -0.005781 -0.028700 -0.929262 0.000000 
1.300000e-01 1.003091e-01 9.749976e-02 1.339872e-01 1.000000e-01 1.597513e+00 -0.991712 0.011933 0.035338 0.219018 0.697220 0.028203 0.991712 -0.005781 -0.028700 -0.929262 0.000000 
1.300000e-01 1.003091e-01 9.749976e-02 1.339872e-01 1.000000e-01 1.597513e+00 -0.991712 0.011933 0.035338 0.219018 0.697220 0.028203 0.991712 -0.005781 -0.028700 -0.929262 0.000000 
1.300000e-01 1.003091e-01 9.749976e-02 1.339872e-01 1.000000e-01 1.597513e+00 -0.991712 0.011933 0.035338 0.219018 0.697220 0.028203 0.991712 -0.005781 -0.028700 -0.929262 0.000000 
1.300000e-01 1.003091e-01 9.749976e-02 1.339872e-01 1.000000e-01 1.597513e+00 -0.991712 0.011933 0.035338 0.219018 0.697220 0.028203 0.991712 -0.005781 -0.028700 -0.929262 0.000000 
1.300000e-01 1.003091e-01 9.749976e-02 1.339872e-01 1.000000e-01 1.597513e+00 -0.991712 0.011933 0.035338 0.219018 0.697220 0.028203 0.991712 -0.005781 -0.028700 -0.929262 0.000000 
1.300000e-01 1.003091e-01 9.749976e-02 1.339872e-01 1.000000e-01 1.597513e+00 -0.991712 0.011933 0.035338 0.219018 0.697220 0.028203 0.991712 -0.005781 -0.028700 -0.929262 0.000000 
1.300000e-01 1.003091e-01 9.749976e-02 1.339872e-01 1.000000e-01 1.597513e+00 -0.991712 0.011933 0.035338 0.219018 0.697220 0.028203 0.991712 -0.005781 -0.028700 -0.929262 0.000000 
1.300000e-01 1.003091e-01 9.749976e-02 1.339872e-01 1.000000e-01 1.597513e+00 -0.991712 0.011933 0.035338 0.219018 0.697220 0.028203 0.991712 -0.005781 -0.028700 -0.929262 0.000000 
1.300000e-01 1.003091e-01 9.749976e-02 1.339872e-01 1.000000e-01 1.597513e+00 -0.991712 0.011933 0.035338 0.219018 0.697220 0.028203 0.991712 -0.005781 -0.028700 -0.929262 0.000000 
1.300000e-01 1.003091e-01 9.749976e-02 1.339872e-01 1.000000e-01 1.597513e+00 -0.991712 0.011933 0.035338 0.219018 0.697220 0.028203 0.991712 -0.005781 -0.028700 -0.929262 0.000000 
1.300000e-01 1.003091e-01 9.749976e-02 1.339872e-01 1.000000e-01 1.597513e+00 -0.991712 0.011933 0.035338 0.219018 0.697220 0.028203 0.991712 -0.005781 -0.028700 -0.929262 0.000000 
1.300000e-01 1.003091e-01 9.749976e-02 1.339872e-01 1.000000e-01 1.597513e+00 -0.991712 0.011933 0.035338 0.219018 0.697220 0.028203 0.991712 -0.005781 -0.028700 -0.929262 0.000000 
1.300000e-01 1.003091e-01 9.749976e-02 1.339872e-01 1.000000e-01 1.597513e+00 -0.991712 0.011933 0.035338 0.219018 0.697220 0.028203 0.991712 -0.005781 -0.028700 -0.929262 0.000000 
1.300000e-01 1.003091e-01 9.749976e-02 1.339872e-01 1.000000e-01 1.597513e+00 -0.991712 0.011933 0.035338 0.219018 0.697220 0.028203 0.991712 -0.005781 -0.028700 -0.929262 0.000000 
1.300000e-01 1.003091e-01 9.749976e-02 1.339872e-01 1.000000e-01 1.597513e+00 -0.991712 0.011933 0.035338 0.219018 0.697220 0.028203 0.991712 -0.005781 -0.028700 -0.929262 0.000000 
1.300000e-01 1.003091e-01 9.749976e-02 1.339872e-01 1.000000e-01 1.597513e+00 -0.991712 0.011933 0.035338 0.219018 0.697220 0.028203 0.991712 -0.005781 -0.028700 -0.929262 0.000000 
1.300000e-01 1.003091e-01 9.749976e-02 1.339872e-01 1.000000e-01 1.597513e+00 -0.991712 0.011933 0.035338 0.219018 0.697220 0.028203 0.991712 -0.005781 -0.028700 -0.929262 0.000000 
1.300000e-01 1.003091e-01 9.749976e-02 1.339872e-01 1.000000e-01 1.597513e+00 -0.991712 0.011933 0.035338 0.219018 0.697220 0.028203 0.991712 -0.005781 -0.028700 -0.929262 0.000000 
1.300000e-01 1.003091e-01 9.749976e-02 1.339872e-01 1.000000e-01 1.597513e+00 -0.991712 0.011933 0.035338 0.219018 0.697220 0.028203 0.991712 -0.005781 -0.028700 -0.929262 0.000000 
1.300000e-01 1.003091e-01 9.749976e-02 1.339872e-01 1.000000e-01 1.597513e+00 -0.991712 0.011933 0.035338 0.219018 0.697220 0.028203 0.991712 -0.005781 -0.028700 -0.929262 0.000000 
1.300000e-01 1.003091e-01 9.749976e-02 1.339872e-01 1.000000e-01 1.597513e+00 -0.991712 0.011933 0.035338 0.219018 0.697220 0.028203 0.991712 -0.005781 -0.028700 -0.929262 0.000000 
1.300000e-01 1.003091e-01 9.749976e-02 1.339872e-01 1.000000e-01 1.597513e+00 -0.991712 0.011933 0.035338 0.219018 0.697220 0.028203 0.991712 -0.005781 -0.028700 -0.929262 0.000000 
1.300000e-01 1.003091e-01 9.749976e-02 1.339872e-01 1.000000e-01 1.597513e+00 -0.991712 0.011933 0.035338 0.219018 0.697220 0.028203 0.991712 -0.005781 -0.028700 -0.929262 0.000000 
1.300000e-01 1.003091e-01 9.749976e-02 1.339872e-01 1.000000e-01 1.597513e+00 -0.991712 0.011933 0.035338 0.219018 0.697220 0.028203 0.991712 -0.005781 -0.028700 -0.929262 0.000000 
1.300000e-01 1.003091e-01 9.749976e-02 1.339872e-01 1.000000e-01 1.597513e+00 -0.991712 0.011933 0.035338 0.219018 0.697220 0.028203 0.991712 -0.005781 -0.028700 -0.929262 0.000000 
1.300000e-01 1.003091e-01 9.749976e-02 1.339872e-01 1.000000e-01 1.597513e+00 -0.991712 0.011933 0.035338 0.219018 0.697220 0.028203 0.991712 -0.005781 -0.028700 -0.929262 0.000000 
1.300000e-01 1.003091e-01 9.749976e-02 1.339872e-01 1.000000e-01 1.597513e+00 -0.991712 0.011933 0.035338 0.219018 0.697220 0.028203 0.991712 -0.005781 -0.028700 -0.929262 0.000000 
1.300000e-01 1.003091e-01 9.749976e-02 1.339872e-01 1.000000e-01 1.597513e+00 -0.991712 0.011933 0.035338 0.219018 0.697220 0.028203 0.991712 -0.005781 -0.028700 -0.929262 0.000000 
1.300000e-01 1.003091e-01 9.749976e-02 1.339872e-01 1.000000e-01 1.597513e+00 -0.991712 0.011933 0.035338 0.219018 0.697220 0.028203 0.991712 -0.005781 -0.028700 -0.929262 0.000000 
1.300000e-01 1.003091e-01 9.749976e-02 1.339872e-01 1.000000e-01 1.597513e+00 -0.991712 0.011933 0.035338 0.219018 0.697220 0.028203 0.991712 -0.005781 -0.028700 -0.929262 0.000000 
1.300000e-01 1.003091e-01 9.749976e-02 1.339872e-01 1.000000e-01 1.597513e+00 -0.991712 0.011933 0.035338 0.219018 0.697220 0.028203 0.991712 -0.005781 -0.028700 -0.929262 0.000000 
1.300000e-01 1.003091e-01 9.749976e-02 1.339872e-01 1.000000e-01 1.597513e+00 -0.991712 0.011933 0.035338 0.219018 0.697220 0.028203 0.991712 -0.005781 -0.028700 -0.929262 0.000000 
1.300000e-01 1.003091e-01 9.749976e-02 1.339872e-01 1.000000e-01 1.597513e+00 -0.991712 0.011933 0.035338 0.219018 0.697220 0.028203 0.991712 -0.005781 -0.028700 -0.929262 0.000000 
1.300000e-01 1.003091e-01 9.749976e-02 1.339872e-01 1.000000e-01 1.597513e+00 -0.991712 0.011933 0.035338 0.219018 0.697220 0.028203 0.991712 -0.005781 -0.028700 -0.929262 0.000000 
1.300000e-01 1.003091e-01 9.749976e-02 1.339872e-01 1.000000e-01 1.597513e+00 -0.991712 0.011933 0.035338 0.219018 0.697220 0.028203 0.991712 -0.005781 -0.028700 -0.929262 0.000000 
1.300000e-01 1.003091e-01 9.749976e-02 1.339872e-01 1.000000e-01 1.597513e+00 -0.991712 0.011933 0.035338 0.219018 0.697220 0.028203 0.991712 -0.005781 -0.028700 -0.929262 0.000000 
1.300000e-01 1.003091e-01 9.749976e-02 1.339872e-01 1.000000e-01 1.597513e+00 -0.991712 0.011933 0.035338 0.219018 0.697220 0.028203 0.991712 -0.005781 -0.028700 -0.929262 0.000000 
1.300000e-01 1.003091e-01 9.749976e-02 1.339872e-01 1.000000e-01 1.597513e+00 -0.991712 0.011933 0.035338 0.219018 0.697220 0.028203 0.991712 -0.005781 -0.028700 -0.929262 0.000000 
1.300000e-01 1.003091e-01 9.749976e-02 1.339872e-01 1.000000e-01 1.597513e+00 -0.991712 0.011933 0.035338 0.219018 0.697220 0.028203 0.991712 -0.005781 -0.028700 -0.929262 0.000000 
1.300000e-01 1.003091e-01 9.749976e-02 1.339872e-01 1.000000e-01 1.597513e+00 -0.991712 0.011933 0.035338 0.219018 0.697220 0.028203 0.991712 -0.005781 -0.028700 -0.929262 0.000000 
1.300000e-01 1.003091e-01 9.749976e-02 1.339872e-01 1.000000e-01 1.597513e+00 -0.991712 0.011933 0.035338 0.219018 0.697220 0.028203 0.991712 -0.005781 -0.028700 -0.929262 0.000000 
1.300000e-01 1.003091e-01 9.749976e-02 1.339872e-01 1.000000e-01 1.597513e+00 -0.991712 0.011933 0.035338 0.219018 0.697220 0.028203 0.991712 -0.005781 -0.028700 -0.929262 0.000000 
1.300000e-01 1.003091e-01 9.749976e-02 1.339872e-01 1.000000e-01 1.597513e+00 -0.991712 0.011933 0.035338 0.219018 0.697220 0.028203 0.991712 -0.005781 -0.028700 -0.929262 0.000000 
1.300000e-01 1.003091e-01 9.749976e-02 1.339872e-01 1.000000e-01 1.597513e+00 -0.991712 0.011933 0.035338 0.219018 0.697220 0.028203 0.991712 -0.005781 -0.028700 -0.929262 0.000000 
1.300000e-01 1.003091e-01 9.749976e-02 1.339872e-01 1.000000e-01 1.597513e+00 -0.991712 0.011933 0.035338 0.219018 0.697220 0.028203 0.991712 -0.005781 -0.028700 -0.929262 0.000000 
1.300000e-01 1.003091e-01 9.749976e-02 1.339872e-01 1.000000e-01 1.597513e+00 -0.991712 0.011933 0.035338 0.219018 0.697220 0.028203 0.991712 -0.005781 -0.028700 -0.929262 0.000000 
