# TeX TeY TeZ ThX ThY THZ P1 P2
1.100000e-01 1.000000e-01 2.500000e-01 1.100000e-01 1.000000e-01 2.500000e-01 0.000000 0.000000 0.000000 0.000000 0.000000 0.000000 0.000000 0.000000 0.000000 0.000000 0.000000 
1.100000e-01 9.999635e-02 2.367723e-01 1.099978e-01 1.000000e-01 2.591163e-01 -0.014763 0.001895 0.003790 0.003794 0.003815 0.001470 0.014763 -0.000778 -0.003854 -0.006065 0.000000 
1.100000e-01 9.999193e-02 2.235151e-01 1.099958e-01 1.000000e-01 2.682248e-01 -0.029541 0.003791 0.007584 0.007591 0.007633 0.002941 0.029541 -0.001258 -0.007715 -0.012777 0.000000 
1.100000e-01 9.998661e-02 2.102286e-01 1.099941e-01 1.000000e-01 2.773252e-01 -0.044333 0.005690 0.011382 0.011392 0.011455 0.004414 0.044333 -0.001220 -0.011568 -0.020638 0.000000 
1.100000e-01 9.998029e-02 1.969130e-01 1.099926e-01 1.000000e-01 2.864177e-01 -0.059140 0.007590 0.015183 0.015197 0.015281 0.005889 0.059140 -0.000317 -0.015358 -0.030516 0.000000 
1.100000e-01 9.997293e-02 1.835683e-01 1.099913e-01 1.000000e-01 2.955020e-01 -0.073961 0.009492 0.018989 0.019006 0.019110 0.007364 0.073962 0.001859 -0.018940 -0.043589 0.000000 
1.100000e-01 9.996463e-02 1.701944e-01 1.099902e-01 1.000000e-01 3.045783e-01 -0.088799 0.011397 0.022798 0.022819 0.022944 0.008842 0.088799 0.005906 -0.021944 -0.061895 0.000000 
1.100000e-01 9.995603e-02 1.567909e-01 1.099892e-01 1.000000e-01 3.136463e-01 -0.103654 0.013303 0.026612 0.026636 0.026782 0.010321 0.103654 0.012720 -0.023338 -0.089456 0.000000 
1.100000e-01 9.994969e-02 1.433550e-01 1.099883e-01 1.000000e-01 3.227060e-01 -0.118535 0.015213 0.030432 0.030460 0.030627 0.011803 0.118535 0.023144 -0.020738 -0.132781 0.000000 
1.100000e-01 9.995685e-02 1.298737e-01 1.099876e-01 1.000000e-01 3.317575e-01 -0.133481 0.017131 0.034269 0.034301 0.034489 0.013291 0.133481 0.038127 -0.008375 -0.204900 0.000000 
1.100000e-01 1.000242e-01 1.162848e-01 1.099870e-01 1.000000e-01 3.408005e-01 -0.148700 0.019085 0.038177 0.038212 0.038421 0.014806 0.148700 0.058905 0.029777 -0.337327 0.000000 
1.100000e-01 1.002468e-01 1.023599e-01 1.099864e-01 1.000000e-01 3.498351e-01 -0.165032 0.021181 0.042370 0.042409 0.042641 0.016433 0.165032 0.087464 0.128229 -0.592072 0.000000 
1.100000e-01 1.003237e-01 9.749953e-02 1.099859e-01 1.000000e-01 3.588612e-01 -0.175031 0.022464 0.044937 0.044978 0.045225 0.017428 0.175031 0.098993 0.180995 -0.719318 0.000000 
1.100000e-01 1.003237e-01 9.749953e-02 1.099855e-01 1.000000e-01 3.678788e-01 -0.180988 0.023229 0.046466 0.046509 0.046764 0.018021 0.180989 0.098239 0.179464 -0.720871 0.000000 
1.100000e-01 1.003237e-01 9.749953e-02 1.099851e-01 1.000000e-01 3.768876e-01 -0.186940 0.023993 0.047994 0.048039 0.048302 0.018614 0.186941 0.097484 0.177936 -0.722416 0.000000 
1.100000e-01 1.003237e-01 9.749953e-02 1.099848e-01 1.000000e-01 3.858878e-01 -0.192886 0.024756 0.049521 0.049567 0.049838 0.019206 0.192887 0.096727 0.176408 -0.723957 0.000000 
1.100000e-01 1.003237e-01 9.749953e-02 1.099845e-01 1.000000e-01 3.948792e-01 -0.198827 0.025518 0.051046 0.051093 0.051373 0.019798 0.198827 0.095969 0.174883 -0.725492 0.000000 
1.100000e-01 1.003237e-01 9.749953e-02 1.099843e-01 1.000000e-01 4.038617e-01 -0.204761 0.026280 0.052569 0.052618 0.052907 0.020389 0.204762 0.095211 0.173359 -0.727024 0.000000 
1.100000e-01 1.003237e-01 9.749953e-02 1.099841e-01 1.000000e-01 4.128354e-01 -0.210690 0.027041 0.054092 0.054142 0.054438 0.020979 0.210690 0.094452 0.171837 -0.728553 0.000000 
1.100000e-01 1.003237e-01 9.749953e-02 1.099839e-01 1.000000e-01 4.218000e-01 -0.216613 0.027801 0.055612 0.055664 0.055969 0.021569 0.216613 0.093694 0.170316 -0.730078 0.000000 
1.100000e-01 1.003237e-01 9.749953e-02 1.099837e-01 1.000000e-01 4.307556e-01 -0.222530 0.028560 0.057131 0.057184 0.057497 0.022158 0.222530 0.092936 0.168797 -0.731602 0.000000 
1.100000e-01 1.003237e-01 9.749953e-02 1.099836e-01 1.000000e-01 4.397020e-01 -0.228440 0.029319 0.058649 0.058703 0.059025 0.022746 0.228441 0.092179 0.167279 -0.733123 0.000000 
1.100000e-01 1.003237e-01 9.749953e-02 1.099835e-01 1.000000e-01 4.486393e-01 -0.234345 0.030077 0.060165 0.060220 0.060550 0.023334 0.234345 0.091422 0.165763 -0.734642 0.000000 
1.100000e-01 1.003237e-01 9.749953e-02 1.099834e-01 1.000000e-01 4.575673e-01 -0.240244 0.030834 0.061679 0.061736 0.062074 0.023922 0.240244 0.090665 0.164249 -0.736159 0.000000 
1.100000e-01 1.003237e-01 9.749953e-02 1.099833e-01 1.000000e-01 4.664859e-01 -0.246136 0.031590 0.063192 0.063250 0.063597 0.024508 0.246136 0.089909 0.162736 -0.737674 0.000000 
1.100000e-01 1.003237e-01 9.749953e-02 1.099832e-01 1.000000e-01 4.753952e-01 -0.252022 0.032345 0.064703 0.064763 0.065118 0.025094 0.252022 0.089154 0.161225 -0.739187 0.000000 
1.100000e-01 1.003237e-01 9.749953e-02 1.099831e-01 1.000000e-01 4.842949e-01 -0.257902 0.033100 0.066212 0.066274 0.066637 0.025680 0.257902 0.088400 0.159715 -0.740698 0.000000 
1.100000e-01 1.003237e-01 9.749953e-02 1.099831e-01 1.000000e-01 4.931850e-01 -0.263775 0.033854 0.067720 0.067783 0.068155 0.026265 0.263776 0.087646 0.158208 -0.742208 0.000000 
1.100000e-01 1.003237e-01 9.749953e-02 1.099830e-01 1.000000e-01 5.020655e-01 -0.269643 0.034607 0.069227 0.069291 0.069671 0.026849 0.269643 0.086894 0.156701 -0.743716 0.000000 
1.100000e-01 1.003237e-01 9.749953e-02 1.099830e-01 1.000000e-01 5.109363e-01 -0.275503 0.035359 0.070731 0.070797 0.071185 0.027432 0.275504 0.086141 0.155197 -0.745222 0.000000 
1.100000e-01 1.003237e-01 9.749953e-02 1.099829e-01 1.000000e-01 5.197972e-01 -0.281357 0.036110 0.072234 0.072301 0.072697 0.028015 0.281358 0.085390 0.153694 -0.746727 0.000000 
1.100000e-01 1.003237e-01 9.749953e-02 1.099829e-01 1.000000e-01 5.286483e-01 -0.287205 0.036861 0.073736 0.073804 0.074208 0.028598 0.287206 0.084640 0.152192 -0.748230 0.000000 
1.100000e-01 1.003237e-01 9.749953e-02 1.099829e-01 1.000000e-01 5.374893e-01 -0.293046 0.037611 0.075235 0.075305 0.075718 0.029179 0.293047 0.083890 0.150693 -0.749731 0.000000 
1.100000e-01 1.003237e-01 9.749953e-02 1.099828e-01 1.000000e-01 5.463203e-01 -0.298881 0.038359 0.076733 0.076804 0.077225 0.029760 0.298881 0.083141 0.149195 -0.751230 0.000000 
1.100000e-01 1.003237e-01 9.749953e-02 1.099828e-01 1.000000e-01 5.551412e-01 -0.304708 0.039107 0.078229 0.078302 0.078731 0.030340 0.304709 0.082393 0.147699 -0.752728 0.000000 
1.100000e-01 1.003237e-01 9.749953e-02 1.099828e-01 1.000000e-01 5.639519e-01 -0.310529 0.039854 0.079724 0.079798 0.080235 0.030920 0.310530 0.081646 0.146204 -0.754224 0.000000 
1.100000e-01 1.003237e-01 9.749953e-02 1.099828e-01 1.000000e-01 5.727522e-01 -0.316344 0.040601 0.081217 0.081292 0.081737 0.031499 0.316344 0.080900 0.144711 -0.755718 0.000000 
1.100000e-01 1.003237e-01 9.749953e-02 1.099828e-01 1.000000e-01 5.815422e-01 -0.322151 0.041346 0.082707 0.082784 0.083238 0.032077 0.322152 0.080155 0.143220 -0.757210 0.000000 
1.100000e-01 1.003237e-01 9.749953e-02 1.099827e-01 1.000000e-01 5.903216e-01 -0.327951 0.042090 0.084197 0.084275 0.084736 0.032655 0.327952 0.079410 0.141731 -0.758701 0.000000 
1.100000e-01 1.003237e-01 9.749953e-02 1.099827e-01 1.000000e-01 5.990905e-01 -0.333745 0.042834 0.085684 0.085763 0.086233 0.033232 0.333745 0.078667 0.140244 -0.760189 0.000000 
1.100000e-01 1.003237e-01 9.749953e-02 1.099827e-01 1.000000e-01 6.078487e-01 -0.339531 0.043577 0.087170 0.087250 0.087728 0.033808 0.339532 0.077924 0.138758 -0.761676 0.000000 
1.100000e-01 1.003237e-01 9.749953e-02 1.099827e-01 1.000000e-01 6.165961e-01 -0.345310 0.044318 0.088653 0.088735 0.089222 0.034383 0.345311 0.077183 0.137275 -0.763161 0.000000 
1.100000e-01 1.003237e-01 9.749953e-02 1.099827e-01 1.000000e-01 6.253327e-01 -0.351083 0.045059 0.090135 0.090219 0.090713 0.034958 0.351083 0.076442 0.135793 -0.764645 0.000000 
1.100000e-01 1.003237e-01 9.749953e-02 1.099827e-01 1.000000e-01 6.340584e-01 -0.356847 0.045799 0.091615 0.091700 0.092203 0.035532 0.356848 0.075702 0.134313 -0.766126 0.000000 
1.100000e-01 1.003237e-01 9.749953e-02 1.099827e-01 1.000000e-01 6.427730e-01 -0.362605 0.046538 0.093093 0.093180 0.093690 0.036105 0.362606 0.074963 0.132835 -0.767606 0.000000 
1.100000e-01 1.003237e-01 9.749953e-02 1.099827e-01 1.000000e-01 6.514765e-01 -0.368355 0.047276 0.094570 0.094657 0.095176 0.036678 0.368356 0.074225 0.131358 -0.769083 0.000000 
1.100000e-01 1.003237e-01 9.749953e-02 1.099827e-01 1.000000e-01 6.601688e-01 -0.374098 0.048013 0.096044 0.096133 0.096660 0.037250 0.374099 0.073488 0.129884 -0.770559 0.000000 
1.100000e-01 1.003237e-01 9.749953e-02 1.099827e-01 1.000000e-01 6.688497e-01 -0.379833 0.048749 0.097516 0.097607 0.098142 0.037821 0.379834 0.072752 0.128411 -0.772033 0.000000 
1.100000e-01 1.003237e-01 9.749953e-02 1.099827e-01 1.000000e-01 6.775192e-01 -0.385561 0.049484 0.098987 0.099079 0.099622 0.038391 0.385562 0.072017 0.126941 -0.773505 0.000000 
1.100000e-01 1.003237e-01 9.749953e-02 1.099827e-01 1.000000e-01 6.861771e-01 -0.391281 0.050218 0.100456 0.100549 0.101100 0.038961 0.391282 0.071283 0.125472 -0.774975 0.000000 
1.100000e-01 1.003237e-01 9.749953e-02 1.099827e-01 1.000000e-01 6.948234e-01 -0.396994 0.050952 0.101922 0.102017 0.102576 0.039529 0.396994 0.070549 0.124006 -0.776443 0.000000 
1.100000e-01 1.003237e-01 9.749953e-02 1.099827e-01 1.000000e-01 7.034580e-01 -0.402698 0.051684 0.103387 0.103483 0.104050 0.040097 0.402699 0.069817 0.122541 -0.777908 0.000000 
1.100000e-01 1.003237e-01 9.749953e-02 1.099827e-01 1.000000e-01 7.120808e-01 -0.408395 0.052415 0.104849 0.104946 0.105522 0.040665 0.408396 0.069086 0.121079 -0.779372 0.000000 
1.100000e-01 1.003237e-01 9.749953e-02 1.099827e-01 1.000000e-01 7.206916e-01 -0.414084 0.053145 0.106310 0.106408 0.106992 0.041231 0.414085 0.068356 0.119618 -0.780834 0.000000 
1.100000e-01 1.003237e-01 9.749953e-02 1.099827e-01 1.000000e-01 7.292903e-01 -0.419765 0.053874 0.107768 0.107868 0.108459 0.041797 0.419766 0.067627 0.118160 -0.782294 0.000000 
1.100000e-01 1.003237e-01 9.749953e-02 1.099827e-01 1.000000e-01 7.378769e-01 -0.425438 0.054602 0.109225 0.109326 0.109925 0.042362 0.425439 0.066899 0.116703 -0.783752 0.000000 
1.100000e-01 1.003237e-01 9.749953e-02 1.099827e-01 1.000000e-01 7.464512e-01 -0.431103 0.055329 0.110679 0.110782 0.111389 0.042926 0.431103 0.066172 0.115249 -0.785208 0.000000 
1.100000e-01 1.003237e-01 9.749953e-02 1.099827e-01 1.000000e-01 7.550131e-01 -0.436760 0.056055 0.112131 0.112235 0.112850 0.043489 0.436760 0.065446 0.113797 -0.786661 0.000000 
1.100000e-01 1.003237e-01 9.749953e-02 1.099827e-01 1.000000e-01 7.635625e-01 -0.442408 0.056780 0.113582 0.113687 0.114310 0.044051 0.442409 0.064721 0.112346 -0.788113 0.000000 
1.100000e-01 1.003237e-01 9.749953e-02 1.099827e-01 1.000000e-01 7.720992e-01 -0.448048 0.057504 0.115029 0.115136 0.115767 0.044613 0.448049 0.063997 0.110898 -0.789562 0.000000 
1.100000e-01 1.003237e-01 9.749953e-02 1.099827e-01 1.000000e-01 7.806233e-01 -0.453680 0.058227 0.116475 0.116583 0.117222 0.045174 0.453680 0.063274 0.109453 -0.791009 0.000000 
1.100000e-01 1.003237e-01 9.749953e-02 1.099827e-01 1.000000e-01 7.891345e-01 -0.459303 0.058948 0.117919 0.118028 0.118675 0.045734 0.459303 0.062553 0.108009 -0.792454 0.000000 
1.100000e-01 1.003237e-01 9.749953e-02 1.099827e-01 1.000000e-01 7.976327e-01 -0.464917 0.059669 0.119360 0.119471 0.120126 0.046293 0.464918 0.061832 0.106568 -0.793897 0.000000 
1.100000e-01 1.003237e-01 9.749953e-02 1.099827e-01 1.000000e-01 8.061178e-01 -0.470523 0.060388 0.120800 0.120912 0.121574 0.046851 0.470524 0.061112 0.105128 -0.795338 0.000000 
1.100000e-01 1.003237e-01 9.749953e-02 1.099827e-01 1.000000e-01 8.145897e-01 -0.476120 0.061107 0.122237 0.122350 0.123021 0.047408 0.476121 0.060394 0.103691 -0.796776 0.000000 
1.100000e-01 1.003237e-01 9.749953e-02 1.099827e-01 1.000000e-01 8.230482e-01 -0.481709 0.061824 0.123671 0.123786 0.124465 0.047965 0.481710 0.059677 0.102257 -0.798212 0.000000 
1.100000e-01 1.003237e-01 9.749953e-02 1.099827e-01 1.000000e-01 8.314933e-01 -0.487288 0.062540 0.125104 0.125220 0.125906 0.048520 0.487289 0.058961 0.100824 -0.799646 0.000000 
1.100000e-01 1.003237e-01 9.749953e-02 1.099827e-01 1.000000e-01 8.399248e-01 -0.492859 0.063255 0.126534 0.126651 0.127346 0.049075 0.492859 0.058246 0.099394 -0.801077 0.000000 
1.100000e-01 1.003237e-01 9.749953e-02 1.099827e-01 1.000000e-01 8.483425e-01 -0.498420 0.063969 0.127962 0.128080 0.128783 0.049629 0.498421 0.057532 0.097966 -0.802506 0.000000 
1.100000e-01 1.003237e-01 9.749953e-02 1.099827e-01 1.000000e-01 8.567464e-01 -0.503973 0.064681 0.129387 0.129507 0.130217 0.050182 0.503973 0.056819 0.096541 -0.803933 0.000000 
1.100000e-01 1.003237e-01 9.749953e-02 1.099827e-01 1.000000e-01 8.651363e-01 -0.509516 0.065393 0.130810 0.130932 0.131650 0.050734 0.509516 0.056108 0.095118 -0.805358 0.000000 
1.100000e-01 1.003237e-01 9.749953e-02 1.099827e-01 1.000000e-01 8.735121e-01 -0.515049 0.066103 0.132231 0.132354 0.133079 0.051285 0.515050 0.055398 0.093697 -0.806780 0.000000 
1.100000e-01 1.003237e-01 9.749953e-02 1.099827e-01 1.000000e-01 8.818736e-01 -0.520574 0.066812 0.133649 0.133773 0.134507 0.051835 0.520574 0.054689 0.092279 -0.808199 0.000000 
1.100000e-01 1.003237e-01 9.749953e-02 1.099827e-01 1.000000e-01 8.902206e-01 -0.526088 0.067520 0.135065 0.135190 0.135932 0.052384 0.526089 0.053981 0.090863 -0.809616 0.000000 
1.100000e-01 1.003237e-01 9.749953e-02 1.099827e-01 1.000000e-01 8.985532e-01 -0.531593 0.068226 0.136478 0.136605 0.137354 0.052932 0.531594 0.053275 0.089450 -0.811031 0.000000 
1.100000e-01 1.003237e-01 9.749953e-02 1.099827e-01 1.000000e-01 9.068710e-01 -0.537089 0.068931 0.137889 0.138017 0.138774 0.053479 0.537089 0.052569 0.088039 -0.812443 0.000000 
1.100000e-01 1.003237e-01 9.749953e-02 1.099827e-01 1.000000e-01 9.151740e-01 -0.542574 0.069635 0.139297 0.139427 0.140192 0.054026 0.542575 0.051865 0.086630 -0.813853 0.000000 
1.100000e-01 1.003237e-01 9.749953e-02 1.099827e-01 1.000000e-01 9.234620e-01 -0.548050 0.070338 0.140703 0.140834 0.141607 0.054571 0.548051 0.051162 0.085224 -0.815260 0.000000 
1.100000e-01 1.003237e-01 9.749953e-02 1.099827e-01 1.000000e-01 9.317349e-01 -0.553516 0.071039 0.142106 0.142239 0.143019 0.055115 0.553516 0.050461 0.083821 -0.816664 0.000000 
1.100000e-01 1.003237e-01 9.749953e-02 1.099827e-01 1.000000e-01 9.399924e-01 -0.558971 0.071739 0.143506 0.143640 0.144429 0.055658 0.558972 0.049761 0.082421 -0.818066 0.000000 
1.100000e-01 1.003237e-01 9.749953e-02 1.099827e-01 1.000000e-01 9.482346e-01 -0.564417 0.072438 0.144904 0.145040 0.145836 0.056201 0.564417 0.049062 0.081023 -0.819466 0.000000 
1.100000e-01 1.003237e-01 9.749953e-02 1.099827e-01 1.000000e-01 9.564611e-01 -0.569852 0.073135 0.146299 0.146437 0.147241 0.056742 0.569853 0.048364 0.079627 -0.820862 0.000000 
1.100000e-01 1.003237e-01 9.749953e-02 1.099827e-01 1.000000e-01 9.646719e-01 -0.575277 0.073832 0.147692 0.147831 0.148642 0.057282 0.575277 0.047668 0.078235 -0.822256 0.000000 
1.100000e-01 1.003237e-01 9.749953e-02 1.099827e-01 1.000000e-01 9.728667e-01 -0.580691 0.074526 0.149081 0.149222 0.150042 0.057822 0.580691 0.046973 0.076845 -0.823648 0.000000 
1.100000e-01 1.003237e-01 9.749953e-02 1.099827e-01 1.000000e-01 9.810455e-01 -0.586094 0.075219 0.150468 0.150610 0.151438 0.058360 0.586095 0.046280 0.075457 -0.825036 0.000000 
1.100000e-01 1.003237e-01 9.749953e-02 1.099827e-01 1.000000e-01 9.892080e-01 -0.591487 0.075911 0.151852 0.151996 0.152832 0.058897 0.591488 0.045588 0.074073 -0.826422 0.000000 
1.100000e-01 1.003237e-01 9.749953e-02 1.099827e-01 1.000000e-01 9.973541e-01 -0.596869 0.076602 0.153234 0.153379 0.154223 0.059433 0.596870 0.044897 0.072691 -0.827805 0.000000 
1.100000e-01 1.003237e-01 9.749953e-02 1.099827e-01 1.000000e-01 1.005484e+00 -0.602240 0.077291 0.154612 0.154759 0.155611 0.059968 0.602241 0.044208 0.071312 -0.829185 0.000000 
1.100000e-01 1.003237e-01 9.749953e-02 1.099827e-01 1.000000e-01 1.013596e+00 -0.607600 0.077978 0.155988 0.156137 0.156997 0.060502 0.607601 0.043520 0.069936 -0.830563 0.000000 
1.100000e-01 1.003237e-01 9.749953e-02 1.099827e-01 1.000000e-01 1.021692e+00 -0.612949 0.078664 0.157360 0.157511 0.158379 0.061035 0.612949 0.042833 0.068563 -0.831937 0.000000 
1.100000e-01 1.003237e-01 9.749953e-02 1.099827e-01 1.000000e-01 1.029771e+00 -0.618286 0.079349 0.158730 0.158883 0.159759 0.061567 0.618287 0.042148 0.067192 -0.833309 0.000000 
1.100000e-01 1.003237e-01 9.749953e-02 1.099827e-01 1.000000e-01 1.037832e+00 -0.623612 0.080032 0.160097 0.160252 0.161136 0.062098 0.623613 0.041465 0.065825 -0.834677 0.000000 
1.100000e-01 1.003237e-01 9.749953e-02 1.099827e-01 1.000000e-01 1.045876e+00 -0.628927 0.080713 0.161460 0.161617 0.162510 0.062627 0.628927 0.040783 0.064461 -0.836043 0.000000 
1.100000e-01 1.003237e-01 9.749953e-02 1.099827e-01 1.000000e-01 1.053903e+00 -0.634229 0.081393 0.162821 0.162980 0.163881 0.063156 0.634230 0.040102 0.063099 -0.837406 0.000000 
1.100000e-01 1.003237e-01 9.749953e-02 1.099827e-01 1.000000e-01 1.061911e+00 -0.639520 0.082072 0.164178 0.164340 0.165250 0.063683 0.639521 0.039423 0.061741 -0.838765 0.000000 
1.100000e-01 1.003237e-01 9.749953e-02 1.099827e-01 1.000000e-01 1.069901e+00 -0.644799 0.082748 0.165532 0.165696 0.166615 0.064210 0.644800 0.038745 0.060386 -0.840122 0.000000 
1.100000e-01 1.003237e-01 9.749953e-02 1.099827e-01 1.000000e-01 1.077873e+00 -0.650066 0.083423 0.166883 0.167050 0.167977 0.064735 0.650067 0.038069 0.059033 -0.841475 0.000000 
1.100000e-01 1.003237e-01 9.749953e-02 1.099827e-01 1.000000e-01 1.085827e+00 -0.655321 0.084096 0.168230 0.168400 0.169337 0.065259 0.655322 0.037395 0.057684 -0.842826 0.000000 
1.100000e-01 1.003237e-01 9.749953e-02 1.099826e-01 1.000000e-01 1.093762e+00 -0.660564 0.084768 0.169575 0.169748 0.170693 0.065782 0.660564 0.036722 0.056338 -0.844173 0.000000 
1.100000e-01 1.003237e-01 9.749953e-02 1.099826e-01 1.000000e-01 1.101678e+00 -0.665794 0.085438 0.170915 0.171092 0.172047 0.066304 0.665794 0.036051 0.054996 -0.845517 0.000000 
1.100000e-01 1.003237e-01 9.749953e-02 1.099826e-01 1.000000e-01 1.109575e+00 -0.671011 0.086106 0.172252 0.172433 0.173398 0.066825 0.671012 0.035381 0.053656 -0.846857 0.000000 
1.100000e-01 1.003237e-01 9.749953e-02 1.099826e-01 1.000000e-01 1.117453e+00 -0.676216 0.086772 0.173586 0.173770 0.174745 0.067344 0.676217 0.034713 0.052320 -0.848195 0.000000 
1.100000e-01 1.003237e-01 9.749953e-02 1.099826e-01 1.000000e-01 1.125312e+00 -0.681408 0.087436 0.174916 0.175105 0.176090 0.067863 0.681408 0.034047 0.050987 -0.849529 0.000000 
1.100000e-01 1.003237e-01 9.749953e-02 1.099826e-01 1.000000e-01 1.133150e+00 -0.686587 0.088098 0.176242 0.176436 0.177432 0.068381 0.686587 0.033382 0.049657 -0.850860 0.000000 
1.100000e-01 1.003237e-01 9.749953e-02 1.099826e-01 1.000000e-01 1.140969e+00 -0.691752 0.088758 0.177565 0.177764 0.178771 0.068897 0.691753 0.032719 0.048331 -0.852187 0.000000 
1.100000e-01 1.003237e-01 9.749953e-02 1.099826e-01 1.000000e-01 1.148768e+00 -0.696905 0.089416 0.178883 0.179088 0.180107 0.069412 0.696905 0.032058 0.047008 -0.853511 0.000000 
1.100000e-01 1.003237e-01 9.749953e-02 1.099826e-01 1.000000e-01 1.156546e+00 -0.702044 0.090072 0.180197 0.180409 0.181440 0.069927 0.702044 0.031398 0.045689 -0.854832 0.000000 
1.100000e-01 1.003237e-01 9.749953e-02 1.099826e-01 1.000000e-01 1.164304e+00 -0.707169 0.090726 0.181508 0.181726 0.182770 0.070440 0.707170 0.030741 0.044373 -0.856149 0.000000 
1.100000e-01 1.003237e-01 9.749953e-02 1.099826e-01 1.000000e-01 1.172041e+00 -0.712281 0.091378 0.182814 0.183040 0.184098 0.070953 0.712281 0.030085 0.043061 -0.857463 0.000000 
1.100000e-01 1.003237e-01 9.749953e-02 1.099826e-01 1.000000e-01 1.179756e+00 -0.717378 0.092027 0.184116 0.184351 0.185422 0.071464 0.717379 0.029430 0.041752 -0.858773 0.000000 
1.100000e-01 1.003237e-01 9.749953e-02 1.099826e-01 1.000000e-01 1.187451e+00 -0.722462 0.092673 0.185413 0.185658 0.186745 0.071975 0.722462 0.028778 0.040447 -0.860079 0.000000 
1.100000e-01 1.003237e-01 9.749953e-02 1.099826e-01 1.000000e-01 1.195124e+00 -0.727531 0.093317 0.186705 0.186961 0.188064 0.072485 0.727532 0.028127 0.039146 -0.861382 0.000000 
1.100000e-01 1.003237e-01 9.749953e-02 1.099825e-01 1.000000e-01 1.202775e+00 -0.732586 0.093959 0.187993 0.188261 0.189381 0.072994 0.732587 0.027479 0.037848 -0.862681 0.000000 
1.100000e-01 1.003237e-01 9.749953e-02 1.099825e-01 1.000000e-01 1.210404e+00 -0.737626 0.094597 0.189276 0.189557 0.190696 0.073502 0.737627 0.026832 0.036554 -0.863976 0.000000 
1.100000e-01 1.003237e-01 9.749953e-02 1.099825e-01 1.000000e-01 1.218011e+00 -0.742652 0.095233 0.190553 0.190850 0.192009 0.074009 0.742653 0.026187 0.035263 -0.865267 0.000000 
1.100000e-01 1.003237e-01 9.749953e-02 1.099825e-01 1.000000e-01 1.225595e+00 -0.747663 0.095865 0.191825 0.192139 0.193319 0.074516 0.747663 0.025544 0.033977 -0.866555 0.000000 
1.100000e-01 1.003237e-01 9.749953e-02 1.099825e-01 1.000000e-01 1.233156e+00 -0.752658 0.096494 0.193091 0.193424 0.194627 0.075023 0.752659 0.024902 0.032695 -0.867839 0.000000 
1.100000e-01 1.003237e-01 9.749953e-02 1.099824e-01 1.000000e-01 1.240694e+00 -0.757639 0.097120 0.194352 0.194706 0.195934 0.075529 0.757639 0.024263 0.031416 -0.869118 0.000000 
1.100000e-01 1.003237e-01 9.749953e-02 1.099824e-01 1.000000e-01 1.248209e+00 -0.762603 0.097741 0.195605 0.195984 0.197240 0.076034 0.762604 0.023626 0.030141 -0.870394 0.000000 
1.100000e-01 1.003237e-01 9.749953e-02 1.099824e-01 1.000000e-01 1.255700e+00 -0.767553 0.098359 0.196853 0.197259 0.198543 0.076540 0.767553 0.022991 0.028871 -0.871666 0.000000 
1.100000e-01 1.003237e-01 9.749953e-02 1.099823e-01 1.000000e-01 1.263167e+00 -0.772486 0.098973 0.198093 0.198530 0.199847 0.077045 0.772486 0.022358 0.027604 -0.872934 0.000000 
1.100000e-01 1.003237e-01 9.749953e-02 1.099823e-01 1.000000e-01 1.270610e+00 -0.777403 0.099582 0.199327 0.199797 0.201149 0.077550 0.777404 0.021727 0.026342 -0.874197 0.000000 
1.100000e-01 1.003237e-01 9.749953e-02 1.099822e-01 1.000000e-01 1.278028e+00 -0.782305 0.100185 0.200552 0.201061 0.202451 0.078056 0.782305 0.021098 0.025083 -0.875457 0.000000 
1.100000e-01 1.003237e-01 9.749953e-02 1.099822e-01 1.000000e-01 1.285422e+00 -0.787189 0.100784 0.201769 0.202322 0.203753 0.078562 0.787190 0.020471 0.023829 -0.876712 0.000000 
1.100000e-01 1.003237e-01 9.749953e-02 1.099821e-01 1.000000e-01 1.292790e+00 -0.792058 0.101376 0.202978 0.203580 0.205056 0.079069 0.792058 0.019846 0.022579 -0.877963 0.000000 
1.100000e-01 1.003237e-01 9.749953e-02 1.099820e-01 1.000000e-01 1.300133e+00 -0.796909 0.101963 0.204177 0.204835 0.206360 0.079576 0.796909 0.019223 0.021334 -0.879210 0.000000 
1.100000e-01 1.003237e-01 9.749953e-02 1.099819e-01 1.000000e-01 1.307451e+00 -0.801743 0.102542 0.205366 0.206087 0.207665 0.080084 0.801744 0.018603 0.020093 -0.880452 0.000000 
1.100000e-01 1.003237e-01 9.749953e-02 1.099818e-01 1.000000e-01 1.314742e+00 -0.806560 0.103114 0.206544 0.207337 0.208973 0.080593 0.806561 0.017984 0.018856 -0.881690 0.000000 
1.100000e-01 1.003237e-01 9.749953e-02 1.099817e-01 1.000000e-01 1.322007e+00 -0.811360 0.103677 0.207711 0.208586 0.210284 0.081104 0.811360 0.017368 0.017624 -0.882923 0.000000 
1.100000e-01 1.003237e-01 9.749953e-02 1.099815e-01 1.000000e-01 1.329245e+00 -0.816142 0.104231 0.208866 0.209833 0.211598 0.081616 0.816142 0.016755 0.016396 -0.884152 0.000000 
1.100000e-01 1.003237e-01 9.749953e-02 1.099814e-01 1.000000e-01 1.336456e+00 -0.820906 0.104774 0.210007 0.211079 0.212917 0.082130 0.820906 0.016143 0.015173 -0.885376 0.000000 
1.100000e-01 1.003237e-01 9.749953e-02 1.099812e-01 1.000000e-01 1.343639e+00 -0.825652 0.105306 0.211134 0.212326 0.214241 0.082646 0.825652 0.015534 0.013954 -0.886596 0.000000 
1.100000e-01 1.003237e-01 9.749953e-02 1.099810e-01 1.000000e-01 1.350795e+00 -0.830380 0.105825 0.212246 0.213574 0.215571 0.083164 0.830380 0.014927 0.012741 -0.887811 0.000000 
1.100000e-01 1.003237e-01 9.749953e-02 1.099808e-01 1.000000e-01 1.357923e+00 -0.835089 0.106329 0.213341 0.214825 0.216910 0.083684 0.835089 0.014323 0.011532 -0.889021 0.000000 
1.100000e-01 1.003237e-01 9.749953e-02 1.099805e-01 1.000000e-01 1.365023e+00 -0.839779 0.106818 0.214419 0.216080 0.218256 0.084206 0.839780 0.013721 0.010328 -0.890226 0.000000 
1.100000e-01 1.003237e-01 9.749953e-02 1.099802e-01 1.000000e-01 1.372093e+00 -0.844451 0.107287 0.215475 0.217343 0.219614 0.084731 0.844451 0.013121 0.009128 -0.891427 0.000000 
1.100000e-01 1.003237e-01 9.749953e-02 1.099799e-01 1.000000e-01 1.379135e+00 -0.849103 0.107737 0.216512 0.218615 0.220983 0.085258 0.849103 0.012524 0.007934 -0.892622 0.000000 
1.100000e-01 1.003237e-01 9.749953e-02 1.099795e-01 1.000000e-01 1.386146e+00 -0.853735 0.108162 0.217525 0.219899 0.222365 0.085786 0.853736 0.011930 0.006745 -0.893813 0.000000 
1.100000e-01 1.003237e-01 9.749953e-02 1.099791e-01 1.000000e-01 1.393128e+00 -0.858348 0.108559 0.218512 0.221200 0.223762 0.086315 0.858348 0.011338 0.005560 -0.894998 0.000000 
1.100000e-01 1.003237e-01 9.749953e-02 1.099786e-01 1.000000e-01 1.400080e+00 -0.862941 0.108928 0.219474 0.222521 0.225174 0.086845 0.862941 0.010748 0.004381 -0.896178 0.000000 
1.100000e-01 1.003237e-01 9.749953e-02 1.099781e-01 1.000000e-01 1.407001e+00 -0.867514 0.109257 0.220403 0.223874 0.226608 0.087373 0.867514 0.010162 0.003207 -0.897353 0.000000 
1.100000e-01 1.003237e-01 9.749953e-02 1.099775e-01 1.000000e-01 1.413891e+00 -0.872066 0.109547 0.221301 0.225259 0.228060 0.087899 0.872066 0.009577 0.002039 -0.898523 0.000000 
1.100000e-01 1.003237e-01 9.749953e-02 1.099768e-01 1.000000e-01 1.420750e+00 -0.876597 0.109790 0.222162 0.226690 0.229536 0.088420 0.876597 0.008996 0.000875 -0.899687 0.000000 
1.100000e-01 1.003237e-01 9.749953e-02 1.099760e-01 1.000000e-01 1.427576e+00 -0.881107 0.109975 0.222982 0.228180 0.231038 0.088932 0.881107 0.008417 -0.000283 -0.900846 0.000000 
1.100000e-01 1.003237e-01 9.749953e-02 1.099751e-01 1.000000e-01 1.434371e+00 -0.885596 0.110101 0.223761 0.229735 0.232565 0.089434 0.885596 0.007841 -0.001435 -0.902000 0.000000 
1.100000e-01 1.003237e-01 9.749953e-02 1.099741e-01 1.000000e-01 1.441132e+00 -0.890063 0.110148 0.224489 0.231385 0.234124 0.089917 0.890063 0.007267 -0.002582 -0.903148 0.000000 
1.100000e-01 1.003237e-01 9.749953e-02 1.099729e-01 1.000000e-01 1.447861e+00 -0.894508 0.110109 0.225162 0.233146 0.235716 0.090376 0.894508 0.006697 -0.003723 -0.904290 0.000000 
1.100000e-01 1.003237e-01 9.749953e-02 1.099716e-01 1.000000e-01 1.454555e+00 -0.898931 0.109976 0.225778 0.235033 0.237341 0.090805 0.898932 0.006129 -0.004859 -0.905427 0.000000 
1.100000e-01 1.003237e-01 9.749953e-02 1.099702e-01 1.000000e-01 1.461216e+00 -0.903332 0.109717 0.226318 0.237104 0.239006 0.091187 0.903332 0.005564 -0.005989 -0.906558 0.000000 
1.100000e-01 1.003237e-01 9.749953e-02 1.099686e-01 1.000000e-01 1.467843e+00 -0.907710 0.109323 0.226780 0.239384 0.240710 0.091514 0.907710 0.005003 -0.007113 -0.907683 0.000000 
1.100000e-01 1.003237e-01 9.749953e-02 1.099667e-01 1.000000e-01 1.474434e+00 -0.912065 0.108780 0.227155 0.241908 0.242452 0.091771 0.912065 0.004444 -0.008231 -0.908802 0.000000 
1.100000e-01 1.003237e-01 9.749953e-02 1.099647e-01 1.000000e-01 1.480990e+00 -0.916397 0.108042 0.227415 0.244773 0.244238 0.091929 0.916397 0.003888 -0.009343 -0.909915 0.000000 
1.100000e-01 1.003237e-01 9.749953e-02 1.099624e-01 1.000000e-01 1.487510e+00 -0.920705 0.107087 0.227544 0.248043 0.246066 0.091965 0.920706 0.003335 -0.010449 -0.911022 0.000000 
1.100000e-01 1.003237e-01 9.749953e-02 1.099598e-01 1.000000e-01 1.493994e+00 -0.924990 0.105898 0.227525 0.251779 0.247929 0.091859 0.924990 0.002785 -0.011549 -0.912123 0.000000 
1.100000e-01 1.003237e-01 9.749953e-02 1.099570e-01 1.000000e-01 1.500441e+00 -0.929250 0.104425 0.227315 0.256125 0.249822 0.091564 0.929250 0.002238 -0.012643 -0.913218 0.000000 
1.100000e-01 1.003237e-01 9.749953e-02 1.099538e-01 1.000000e-01 1.506850e+00 -0.933485 0.102600 0.226846 0.261287 0.251733 0.091019 0.933485 0.001695 -0.013730 -0.914306 0.000000 
1.100000e-01 1.003237e-01 9.749953e-02 1.099503e-01 1.000000e-01 1.513218e+00 -0.937694 0.100420 0.226085 0.267352 0.253638 0.090199 0.937694 0.001154 -0.014811 -0.915388 0.000000 
1.100000e-01 1.003237e-01 9.749953e-02 1.099464e-01 1.000000e-01 1.519547e+00 -0.941877 0.097839 0.224956 0.274529 0.255503 0.089049 0.941877 0.000618 -0.015884 -0.916462 0.000000 
1.100000e-01 1.003237e-01 9.749953e-02 1.099421e-01 1.000000e-01 1.525835e+00 -0.946033 0.094755 0.223289 0.283274 0.257260 0.087454 0.946033 0.000084 -0.016951 -0.917531 0.000000 
1.100000e-01 1.003237e-01 9.749953e-02 1.099372e-01 1.000000e-01 1.532081e+00 -0.950163 0.091135 0.220943 0.293922 0.258813 0.085351 0.950163 -0.000446 -0.018012 -0.918592 0.000000 
1.100000e-01 1.003237e-01 9.749953e-02 1.099315e-01 1.000000e-01 1.538286e+00 -0.954266 0.086959 0.217752 0.306842 0.260031 0.082684 0.954266 -0.000973 -0.019065 -0.919646 0.000000 
1.100000e-01 1.003237e-01 9.749953e-02 1.099244e-01 1.000000e-01 1.544449e+00 -0.958343 0.082183 0.213462 0.322624 0.260704 0.079371 0.958343 -0.001496 -0.020112 -0.920694 0.000000 
1.100000e-01 1.003237e-01 9.749953e-02 1.099148e-01 1.000000e-01 1.550570e+00 -0.962395 0.076711 0.207588 0.342426 0.260410 0.075261 0.962395 -0.002016 -0.021152 -0.921735 0.000000 
1.100000e-01 1.003237e-01 9.749953e-02 1.099000e-01 1.000000e-01 1.556650e+00 -0.966424 0.070509 0.199598 0.367522 0.258534 0.070263 0.966424 -0.002533 -0.022187 -0.922771 0.000000 
1.100000e-01 1.003237e-01 9.749953e-02 1.098748e-01 1.000000e-01 1.562689e+00 -0.970436 0.063606 0.189024 0.399147 0.254297 0.064361 0.970436 -0.003048 -0.023216 -0.923801 0.000000 
1.100000e-01 1.003237e-01 9.749953e-02 1.098285e-01 1.000000e-01 1.568692e+00 -0.974440 0.055988 0.175141 0.439433 0.246385 0.057493 0.974440 -0.003562 -0.024245 -0.924830 0.000000 
1.100000e-01 1.003237e-01 9.749953e-02 1.097407e-01 1.000000e-01 1.574668e+00 -0.978460 0.047628 0.157076 0.491430 0.232735 0.049591 0.978460 -0.004078 -0.025277 -0.925863 0.000000 
1.100000e-01 1.003237e-01 9.749953e-02 1.095756e-01 1.000000e-01 1.580635e+00 -0.982556 0.038372 0.133117 0.561713 0.208911 0.040443 0.982556 -0.004603 -0.026328 -0.926916 0.000000 
1.100000e-01 1.003237e-01 9.749953e-02 1.092858e-01 1.000000e-01 1.586631e+00 -0.986849 0.028024 0.101765 0.658104 0.169121 0.029836 0.986849 -0.005154 -0.027430 -0.928019 0.000000 
1.100000e-01 1.003237e-01 9.749953e-02 1.088687e-01 1.000000e-01 1.592734e+00 -0.991570 0.016102 0.060813 0.791171 0.106190 0.017294 0.991570 -0.005760 -0.028642 -0.929232 0.000000 
1.100000e-01 1.003237e-01 9.749953e-02 1.085840e-01 1.000000e-01 1.597514e+00 -0.995649 0.005523 0.021535 0.924063 0.038535 0.005993 0.995649 -0.006284 -0.029690 -0.930280 0.000000 
1.100000e-01 1.003237e-01 9.749953e-02 1.085840e-01 1.000000e-01 1.597514e+00 -0.995649 0.005523 0.021535 0.924063 0.038535 0.005993 0.995649 -0.006284 -0.029690 -0.930280 0.000000 
1.100000e-01 1.003237e-01 9.749953e-02 1.085840e-01 1.000000e-01 1.597514e+00 -0.995649 0.005523 0.021535 0.924063 0.038535 0.005993 0.995649 -0.006284 -0.029690 -0.930280 0.000000 
1.100000e-01 1.003237e-01 9.749953e-02 1.085840e-01 1.000000e-01 1.597514e+00 -0.995649 0.005523 0.021535 0.924063 0.038535 0.005993 0.995649 -0.006284 -0.029690 -0.930280 0.000000 
1.100000e-01 1.003237e-01 9.749953e-02 1.085840e-01 1.000000e-01 1.597514e+00 -0.995649 0.005523 0.021535 0.924063 0.038535 0.005993 0.995649 -0.006284 -0.029690 -0.930280 0.000000 
1.100000e-01 1.003237e-01 9.749953e-02 1.085840e-01 1.000000e-01 1.597514e+00 -0.995649 0.005523 0.021535 0.924063 0.038535 0.005993 0.995649 -0.006284 -0.029690 -0.930280 0.000000 
1.100000e-01 1.003237e-01 9.749953e-02 1.085840e-01 1.000000e-01 1.597514e+00 -0.995649 0.005523 0.021535 0.924063 0.038535 0.005993 0.995649 -0.006284 -0.029690 -0.930280 0.000000 
1.100000e-01 1.003237e-01 9.749953e-02 1.085840e-01 1.000000e-01 1.597514e+00 -0.995649 0.005523 0.021535 0.924063 0.038535 0.005993 0.995649 -0.006284 -0.029690 -0.930280 0.000000 
1.100000e-01 1.003237e-01 9.749953e-02 1.085840e-01 1.000000e-01 1.597514e+00 -0.995649 0.005523 0.021535 0.924063 0.038535 0.005993 0.995649 -0.006284 -0.029690 -0.930280 0.000000 
1.100000e-01 1.003237e-01 9.749953e-02 1.085840e-01 1.000000e-01 1.597514e+00 -0.995649 0.005523 0.021535 0.924063 0.038535 0.005993 0.995649 -0.006284 -0.029690 -0.930280 0.000000 
1.100000e-01 1.003237e-01 9.749953e-02 1.085840e-01 1.000000e-01 1.597514e+00 -0.995649 0.005523 0.021535 0.924063 0.038535 0.005993 0.995649 -0.006284 -0.029690 -0.930280 0.000000 
1.100000e-01 1.003237e-01 9.749953e-02 1.085840e-01 1.000000e-01 1.597514e+00 -0.995649 0.005523 0.021535 0.924063 0.038535 0.005993 0.995649 -0.006284 -0.029690 -0.930280 0.000000 
1.100000e-01 1.003237e-01 9.749953e-02 1.085840e-01 1.000000e-01 1.597514e+00 -0.995649 0.005523 0.021535 0.924063 0.038535 0.005993 0.995649 -0.006284 -0.029690 -0.930280 0.000000 
1.100000e-01 1.003237e-01 9.749953e-02 1.085840e-01 1.000000e-01 1.597514e+00 -0.995649 0.005523 0.021535 0.924063 0.038535 0.005993 0.995649 -0.006284 -0.029690 -0.930280 0.000000 
1.100000e-01 1.003237e-01 9.749953e-02 1.085840e-01 1.000000e-01 1.597514e+00 -0.995649 0.005523 0.021535 0.924063 0.038535 0.005993 0.995649 -0.006284 -0.029690 -0.930280 0.000000 
1.100000e-01 1.003237e-01 9.749953e-02 1.085840e-01 1.000000e-01 1.597514e+00 -0.995649 0.005523 0.021535 0.924063 0.038535 0.005993 0.995649 -0.006284 -0.029690 -0.930280 0.000000 
1.100000e-01 1.003237e-01 9.749953e-02 1.085840e-01 1.000000e-01 1.597514e+00 -0.995649 0.005523 0.021535 0.924063 0.038535 0.005993 0.995649 -0.006284 -0.029690 -0.930280 0.000000 
1.100000e-01 1.003237e-01 9.749953e-02 1.085840e-01 1.000000e-01 1.597514e+00 -0.995649 0.005523 0.021535 0.924063 0.038535 0.005993 0.995649 -0.006284 -0.029690 -0.930280 0.000000 
1.100000e-01 1.003237e-01 9.749953e-02 1.085840e-01 1.000000e-01 1.597514e+00 -0.995649 0.005523 0.021535 0.924063 0.038535 0.005993 0.995649 -0.006284 -0.029690 -0.930280 0.000000 
1.100000e-01 1.003237e-01 9.749953e-02 1.085840e-01 1.000000e-01 1.597514e+00 -0.995649 0.005523 0.021535 0.924063 0.038535 0.005993 0.995649 -0.006284 -0.029690 -0.930280 0.000000 
1.100000e-01 1.003237e-01 9.749953e-02 1.085840e-01 1.000000e-01 1.597514e+00 -0.995649 0.005523 0.021535 0.924063 0.038535 0.005993 0.995649 -0.006284 -0.029690 -0.930280 0.000000 
1.100000e-01 1.003237e-01 9.749953e-02 1.085840e-01 1.000000e-01 1.597514e+00 -0.995649 0.005523 0.021535 0.924063 0.038535 0.005993 0.995649 -0.006284 -0.029690 -0.930280 0.000000 
1.100000e-01 1.003237e-01 9.749953e-02 1.085840e-01 1.000000e-01 1.597514e+00 -0.995649 0.005523 0.021535 0.924063 0.038535 0.005993 0.995649 -0.006284 -0.029690 -0.930280 0.000000 
1.100000e-01 1.003237e-01 9.749953e-02 1.085840e-01 1.000000e-01 1.597514e+00 -0.995649 0.005523 0.021535 0.924063 0.038535 0.005993 0.995649 -0.006284 -0.029690 -0.930280 0.000000 
1.100000e-01 1.003237e-01 9.749953e-02 1.085840e-01 1.000000e-01 1.597514e+00 -0.995649 0.005523 0.021535 0.924063 0.038535 0.005993 0.995649 -0.006284 -0.029690 -0.930280 0.000000 
1.100000e-01 1.003237e-01 9.749953e-02 1.085840e-01 1.000000e-01 1.597514e+00 -0.995649 0.005523 0.021535 0.924063 0.038535 0.005993 0.995649 -0.006284 -0.029690 -0.930280 0.000000 
1.100000e-01 1.003237e-01 9.749953e-02 1.085840e-01 1.000000e-01 1.597514e+00 -0.995649 0.005523 0.021535 0.924063 0.038535 0.005993 0.995649 -0.006284 -0.029690 -0.930280 0.000000 
1.100000e-01 1.003237e-01 9.749953e-02 1.085840e-01 1.000000e-01 1.597514e+00 -0.995649 0.005523 0.021535 0.924063 0.038535 0.005993 0.995649 -0.006284 -0.029690 -0.930280 0.000000 
1.100000e-01 1.003237e-01 9.749953e-02 1.085840e-01 1.000000e-01 1.597514e+00 -0.995649 0.005523 0.021535 0.924063 0.038535 0.005993 0.995649 -0.006284 -0.029690 -0.930280 0.000000 
1.100000e-01 1.003237e-01 9.749953e-02 1.085840e-01 1.000000e-01 1.597514e+00 -0.995649 0.005523 0.021535 0.924063 0.038535 0.005993 0.995649 -0.006284 -0.029690 -0.930280 0.000000 
1.100000e-01 1.003237e-01 9.749953e-02 1.085840e-01 1.000000e-01 1.597514e+00 -0.995649 0.005523 0.021535 0.924063 0.038535 0.005993 0.995649 -0.006284 -0.029690 -0.930280 0.000000 
1.100000e-01 1.003237e-01 9.749953e-02 1.085840e-01 1.000000e-01 1.597514e+00 -0.995649 0.005523 0.021535 0.924063 0.038535 0.005993 0.995649 -0.006284 -0.029690 -0.930280 0.000000 
1.100000e-01 1.003237e-01 9.749953e-02 1.085840e-01 1.000000e-01 1.597514e+00 -0.995649 0.005523 0.021535 0.924063 0.038535 0.005993 0.995649 -0.006284 -0.029690 -0.930280 0.000000 
1.100000e-01 1.003237e-01 9.749953e-02 1.085840e-01 1.000000e-01 1.597514e+00 -0.995649 0.005523 0.021535 0.924063 0.038535 0.005993 0.995649 -0.006284 -0.029690 -0.930280 0.000000 
1.100000e-01 1.003237e-01 9.749953e-02 1.085840e-01 1.000000e-01 1.597514e+00 -0.995649 0.005523 0.021535 0.924063 0.038535 0.005993 0.995649 -0.006284 -0.029690 -0.930280 0.000000 
1.100000e-01 1.003237e-01 9.749953e-02 1.085840e-01 1.000000e-01 1.597514e+00 -0.995649 0.005523 0.021535 0.924063 0.038535 0.005993 0.995649 -0.006284 -0.029690 -0.930280 0.000000 
1.100000e-01 1.003237e-01 9.749953e-02 1.085840e-01 1.000000e-01 1.597514e+00 -0.995649 0.005523 0.021535 0.924063 0.038535 0.005993 0.995649 -0.006284 -0.029690 -0.930280 0.000000 
1.100000e-01 1.003237e-01 9.749953e-02 1.085840e-01 1.000000e-01 1.597514e+00 -0.995649 0.005523 0.021535 0.924063 0.038535 0.005993 0.995649 -0.006284 -0.029690 -0.930280 0.000000 
1.100000e-01 1.003237e-01 9.749953e-02 1.085840e-01 1.000000e-01 1.597514e+00 -0.995649 0.005523 0.021535 0.924063 0.038535 0.005993 0.995649 -0.006284 -0.029690 -0.930280 0.000000 
1.100000e-01 1.003237e-01 9.749953e-02 1.085840e-01 1.000000e-01 1.597514e+00 -0.995649 0.005523 0.021535 0.924063 0.038535 0.005993 0.995649 -0.006284 -0.029690 -0.930280 0.000000 
1.100000e-01 1.003237e-01 9.749953e-02 1.085840e-01 1.000000e-01 1.597514e+00 -0.995649 0.005523 0.021535 0.924063 0.038535 0.005993 0.995649 -0.006284 -0.029690 -0.930280 0.000000 
1.100000e-01 1.003237e-01 9.749953e-02 1.085840e-01 1.000000e-01 1.597514e+00 -0.995649 0.005523 0.021535 0.924063 0.038535 0.005993 0.995649 -0.006284 -0.029690 -0.930280 0.000000 
1.100000e-01 1.003237e-01 9.749953e-02 1.085840e-01 1.000000e-01 1.597514e+00 -0.995649 0.005523 0.021535 0.924063 0.038535 0.005993 0.995649 -0.006284 -0.029690 -0.930280 0.000000 
1.100000e-01 1.003237e-01 9.749953e-02 1.085840e-01 1.000000e-01 1.597514e+00 -0.995649 0.005523 0.021535 0.924063 0.038535 0.005993 0.995649 -0.006284 -0.029690 -0.930280 0.000000 
1.100000e-01 1.003237e-01 9.749953e-02 1.085840e-01 1.000000e-01 1.597514e+00 -0.995649 0.005523 0.021535 0.924063 0.038535 0.005993 0.995649 -0.006284 -0.029690 -0.930280 0.000000 
1.100000e-01 1.003237e-01 9.749953e-02 1.085840e-01 1.000000e-01 1.597514e+00 -0.995649 0.005523 0.021535 0.924063 0.038535 0.005993 0.995649 -0.006284 -0.029690 -0.930280 0.000000 
1.100000e-01 1.003237e-01 9.749953e-02 1.085840e-01 1.000000e-01 1.597514e+00 -0.995649 0.005523 0.021535 0.924063 0.038535 0.005993 0.995649 -0.006284 -0.029690 -0.930280 0.000000 
1.100000e-01 1.003237e-01 9.749953e-02 1.085840e-01 1.000000e-01 1.597514e+00 -0.995649 0.005523 0.021535 0.924063 0.038535 0.005993 0.995649 -0.006284 -0.029690 -0.930280 0.000000 
1.100000e-01 1.003237e-01 9.749953e-02 1.085840e-01 1.000000e-01 1.597514e+00 -0.995649 0.005523 0.021535 0.924063 0.038535 0.005993 0.995649 -0.006284 -0.029690 -0.930280 0.000000 
1.100000e-01 1.003237e-01 9.749953e-02 1.085840e-01 1.000000e-01 1.597514e+00 -0.995649 0.005523 0.021535 0.924063 0.038535 0.005993 0.995649 -0.006284 -0.029690 -0.930280 0.000000 
1.100000e-01 1.003237e-01 9.749953e-02 1.085840e-01 1.000000e-01 1.597514e+00 -0.995649 0.005523 0.021535 0.924063 0.038535 0.005993 0.995649 -0.006284 -0.029690 -0.930280 0.000000 
1.100000e-01 1.003237e-01 9.749953e-02 1.085840e-01 1.000000e-01 1.597514e+00 -0.995649 0.005523 0.021535 0.924063 0.038535 0.005993 0.995649 -0.006284 -0.029690 -0.930280 0.000000 
1.100000e-01 1.003237e-01 9.749953e-02 1.085840e-01 1.000000e-01 1.597514e+00 -0.995649 0.005523 0.021535 0.924063 0.038535 0.005993 0.995649 -0.006284 -0.029690 -0.930280 0.000000 
1.100000e-01 1.003237e-01 9.749953e-02 1.085840e-01 1.000000e-01 1.597514e+00 -0.995649 0.005523 0.021535 0.924063 0.038535 0.005993 0.995649 -0.006284 -0.029690 -0.930280 0.000000 
1.100000e-01 1.003237e-01 9.749953e-02 1.085840e-01 1.000000e-01 1.597514e+00 -0.995649 0.005523 0.021535 0.924063 0.038535 0.005993 0.995649 -0.006284 -0.029690 -0.930280 0.000000 
1.100000e-01 1.003237e-01 9.749953e-02 1.085840e-01 1.000000e-01 1.597514e+00 -0.995649 0.005523 0.021535 0.924063 0.038535 0.005993 0.995649 -0.006284 -0.029690 -0.930280 0.000000 
1.100000e-01 1.003237e-01 9.749953e-02 1.085840e-01 1.000000e-01 1.597514e+00 -0.995649 0.005523 0.021535 0.924063 0.038535 0.005993 0.995649 -0.006284 -0.029690 -0.930280 0.000000 
1.100000e-01 1.003237e-01 9.749953e-02 1.085840e-01 1.000000e-01 1.597514e+00 -0.995649 0.005523 0.021535 0.924063 0.038535 0.005993 0.995649 -0.006284 -0.029690 -0.930280 0.000000 
1.100000e-01 1.003237e-01 9.749953e-02 1.085840e-01 1.000000e-01 1.597514e+00 -0.995649 0.005523 0.021535 0.924063 0.038535 0.005993 0.995649 -0.006284 -0.029690 -0.930280 0.000000 
1.100000e-01 1.003237e-01 9.749953e-02 1.085840e-01 1.000000e-01 1.597514e+00 -0.995649 0.005523 0.021535 0.924063 0.038535 0.005993 0.995649 -0.006284 -0.029690 -0.930280 0.000000 
1.100000e-01 1.003237e-01 9.749953e-02 1.085840e-01 1.000000e-01 1.597514e+00 -0.995649 0.005523 0.021535 0.924063 0.038535 0.005993 0.995649 -0.006284 -0.029690 -0.930280 0.000000 
1.100000e-01 1.003237e-01 9.749953e-02 1.085840e-01 1.000000e-01 1.597514e+00 -0.995649 0.005523 0.021535 0.924063 0.038535 0.005993 0.995649 -0.006284 -0.029690 -0.930280 0.000000 
1.100000e-01 1.003237e-01 9.749953e-02 1.085840e-01 1.000000e-01 1.597514e+00 -0.995649 0.005523 0.021535 0.924063 0.038535 0.005993 0.995649 -0.006284 -0.029690 -0.930280 0.000000 
1.100000e-01 1.003237e-01 9.749953e-02 1.085840e-01 1.000000e-01 1.597514e+00 -0.995649 0.005523 0.021535 0.924063 0.038535 0.005993 0.995649 -0.006284 -0.029690 -0.930280 0.000000 
1.100000e-01 1.003237e-01 9.749953e-02 1.085840e-01 1.000000e-01 1.597514e+00 -0.995649 0.005523 0.021535 0.924063 0.038535 0.005993 0.995649 -0.006284 -0.029690 -0.930280 0.000000 
1.100000e-01 1.003237e-01 9.749953e-02 1.085840e-01 1.000000e-01 1.597514e+00 -0.995649 0.005523 0.021535 0.924063 0.038535 0.005993 0.995649 -0.006284 -0.029690 -0.930280 0.000000 
1.100000e-01 1.003237e-01 9.749953e-02 1.085840e-01 1.000000e-01 1.597514e+00 -0.995649 0.005523 0.021535 0.924063 0.038535 0.005993 0.995649 -0.006284 -0.029690 -0.930280 0.000000 
1.100000e-01 1.003237e-01 9.749953e-02 1.085840e-01 1.000000e-01 1.597514e+00 -0.995649 0.005523 0.021535 0.924063 0.038535 0.005993 0.995649 -0.006284 -0.029690 -0.930280 0.000000 
1.100000e-01 1.003237e-01 9.749953e-02 1.085840e-01 1.000000e-01 1.597514e+00 -0.995649 0.005523 0.021535 0.924063 0.038535 0.005993 0.995649 -0.006284 -0.029690 -0.930280 0.000000 
1.100000e-01 1.003237e-01 9.749953e-02 1.085840e-01 1.000000e-01 1.597514e+00 -0.995649 0.005523 0.021535 0.924063 0.038535 0.005993 0.995649 -0.006284 -0.029690 -0.930280 0.000000 
1.100000e-01 1.003237e-01 9.749953e-02 1.085840e-01 1.000000e-01 1.597514e+00 -0.995649 0.005523 0.021535 0.924063 0.038535 0.005993 0.995649 -0.006284 -0.029690 -0.930280 0.000000 
1.100000e-01 1.003237e-01 9.749953e-02 1.085840e-01 1.000000e-01 1.597514e+00 -0.995649 0.005523 0.021535 0.924063 0.038535 0.005993 0.995649 -0.006284 -0.029690 -0.930280 0.000000 
1.100000e-01 1.003237e-01 9.749953e-02 1.085840e-01 1.000000e-01 1.597514e+00 -0.995649 0.005523 0.021535 0.924063 0.038535 0.005993 0.995649 -0.006284 -0.029690 -0.930280 0.000000 
1.100000e-01 1.003237e-01 9.749953e-02 1.085840e-01 1.000000e-01 1.597514e+00 -0.995649 0.005523 0.021535 0.924063 0.038535 0.005993 0.995649 -0.006284 -0.029690 -0.930280 0.000000 
1.100000e-01 1.003237e-01 9.749953e-02 1.085840e-01 1.000000e-01 1.597514e+00 -0.995649 0.005523 0.021535 0.924063 0.038535 0.005993 0.995649 -0.006284 -0.029690 -0.930280 0.000000 
1.100000e-01 1.003237e-01 9.749953e-02 1.085840e-01 1.000000e-01 1.597514e+00 -0.995649 0.005523 0.021535 0.924063 0.038535 0.005993 0.995649 -0.006284 -0.029690 -0.930280 0.000000 
1.100000e-01 1.003237e-01 9.749953e-02 1.085840e-01 1.000000e-01 1.597514e+00 -0.995649 0.005523 0.021535 0.924063 0.038535 0.005993 0.995649 -0.006284 -0.029690 -0.930280 0.000000 
1.100000e-01 1.003237e-01 9.749953e-02 1.085840e-01 1.000000e-01 1.597514e+00 -0.995649 0.005523 0.021535 0.924063 0.038535 0.005993 0.995649 -0.006284 -0.029690 -0.930280 0.000000 
1.100000e-01 1.003237e-01 9.749953e-02 1.085840e-01 1.000000e-01 1.597514e+00 -0.995649 0.005523 0.021535 0.924063 0.038535 0.005993 0.995649 -0.006284 -0.029690 -0.930280 0.000000 
1.100000e-01 1.003237e-01 9.749953e-02 1.085840e-01 1.000000e-01 1.597514e+00 -0.995649 0.005523 0.021535 0.924063 0.038535 0.005993 0.995649 -0.006284 -0.029690 -0.930280 0.000000 
1.100000e-01 1.003237e-01 9.749953e-02 1.085840e-01 1.000000e-01 1.597514e+00 -0.995649 0.005523 0.021535 0.924063 0.038535 0.005993 0.995649 -0.006284 -0.029690 -0.930280 0.000000 
1.100000e-01 1.003237e-01 9.749953e-02 1.085840e-01 1.000000e-01 1.597514e+00 -0.995649 0.005523 0.021535 0.924063 0.038535 0.005993 0.995649 -0.006284 -0.029690 -0.930280 0.000000 
1.100000e-01 1.003237e-01 9.749953e-02 1.085840e-01 1.000000e-01 1.597514e+00 -0.995649 0.005523 0.021535 0.924063 0.038535 0.005993 0.995649 -0.006284 -0.029690 -0.930280 0.000000 
1.100000e-01 1.003237e-01 9.749953e-02 1.085840e-01 1.000000e-01 1.597514e+00 -0.995649 0.005523 0.021535 0.924063 0.038535 0.005993 0.995649 -0.006284 -0.029690 -0.930280 0.000000 
1.100000e-01 1.003237e-01 9.749953e-02 1.085840e-01 1.000000e-01 1.597514e+00 -0.995649 0.005523 0.021535 0.924063 0.038535 0.005993 0.995649 -0.006284 -0.029690 -0.930280 0.000000 
1.100000e-01 1.003237e-01 9.749953e-02 1.085840e-01 1.000000e-01 1.597514e+00 -0.995649 0.005523 0.021535 0.924063 0.038535 0.005993 0.995649 -0.006284 -0.029690 -0.930280 0.000000 
1.100000e-01 1.003237e-01 9.749953e-02 1.085840e-01 1.000000e-01 1.597514e+00 -0.995649 0.005523 0.021535 0.924063 0.038535 0.005993 0.995649 -0.006284 -0.029690 -0.930280 0.000000 
1.100000e-01 1.003237e-01 9.749953e-02 1.085840e-01 1.000000e-01 1.597514e+00 -0.995649 0.005523 0.021535 0.924063 0.038535 0.005993 0.995649 -0.006284 -0.029690 -0.930280 0.000000 
1.100000e-01 1.003237e-01 9.749953e-02 1.085840e-01 1.000000e-01 1.597514e+00 -0.995649 0.005523 0.021535 0.924063 0.038535 0.005993 0.995649 -0.006284 -0.029690 -0.930280 0.000000 
1.100000e-01 1.003237e-01 9.749953e-02 1.085840e-01 1.000000e-01 1.597514e+00 -0.995649 0.005523 0.021535 0.924063 0.038535 0.005993 0.995649 -0.006284 -0.029690 -0.930280 0.000000 
1.100000e-01 1.003237e-01 9.749953e-02 1.085840e-01 1.000000e-01 1.597514e+00 -0.995649 0.005523 0.021535 0.924063 0.038535 0.005993 0.995649 -0.006284 -0.029690 -0.930280 0.000000 
1.100000e-01 1.003237e-01 9.749953e-02 1.085840e-01 1.000000e-01 1.597514e+00 -0.995649 0.005523 0.021535 0.924063 0.038535 0.005993 0.995649 -0.006284 -0.029690 -0.930280 0.000000 
1.100000e-01 1.003237e-01 9.749953e-02 1.085840e-01 1.000000e-01 1.597514e+00 -0.995649 0.005523 0.021535 0.924063 0.038535 0.005993 0.995649 -0.006284 -0.029690 -0.930280 0.000000 
1.100000e-01 1.003237e-01 9.749953e-02 1.085840e-01 1.000000e-01 1.597514e+00 -0.995649 0.005523 0.021535 0.924063 0.038535 0.005993 0.995649 -0.006284 -0.029690 -0.930280 0.000000 
1.100000e-01 1.003237e-01 9.749953e-02 1.085840e-01 1.000000e-01 1.597514e+00 -0.995649 0.005523 0.021535 0.924063 0.038535 0.005993 0.995649 -0.006284 -0.029690 -0.930280 0.000000 
1.100000e-01 1.003237e-01 9.749953e-02 1.085840e-01 1.000000e-01 1.597514e+00 -0.995649 0.005523 0.021535 0.924063 0.038535 0.005993 0.995649 -0.006284 -0.029690 -0.930280 0.000000 
1.100000e-01 1.003237e-01 9.749953e-02 1.085840e-01 1.000000e-01 1.597514e+00 -0.995649 0.005523 0.021535 0.924063 0.038535 0.005993 0.995649 -0.006284 -0.029690 -0.930280 0.000000 
1.100000e-01 1.003237e-01 9.749953e-02 1.085840e-01 1.000000e-01 1.597514e+00 -0.995649 0.005523 0.021535 0.924063 0.038535 0.005993 0.995649 -0.006284 -0.029690 -0.930280 0.000000 
1.100000e-01 1.003237e-01 9.749953e-02 1.085840e-01 1.000000e-01 1.597514e+00 -0.995649 0.005523 0.021535 0.924063 0.038535 0.005993 0.995649 -0.006284 -0.029690 -0.930280 0.000000 
1.100000e-01 1.003237e-01 9.749953e-02 1.085840e-01 1.000000e-01 1.597514e+00 -0.995649 0.005523 0.021535 0.924063 0.038535 0.005993 0.995649 -0.006284 -0.029690 -0.930280 0.000000 
1.100000e-01 1.003237e-01 9.749953e-02 1.085840e-01 1.000000e-01 1.597514e+00 -0.995649 0.005523 0.021535 0.924063 0.038535 0.005993 0.995649 -0.006284 -0.029690 -0.930280 0.000000 
1.100000e-01 1.003237e-01 9.749953e-02 1.085840e-01 1.000000e-01 1.597514e+00 -0.995649 0.005523 0.021535 0.924063 0.038535 0.005993 0.995649 -0.006284 -0.029690 -0.930280 0.000000 
1.100000e-01 1.003237e-01 9.749953e-02 1.085840e-01 1.000000e-01 1.597514e+00 -0.995649 0.005523 0.021535 0.924063 0.038535 0.005993 0.995649 -0.006284 -0.029690 -0.930280 0.000000 
1.100000e-01 1.003237e-01 9.749953e-02 1.085840e-01 1.000000e-01 1.597514e+00 -0.995649 0.005523 0.021535 0.924063 0.038535 0.005993 0.995649 -0.006284 -0.029690 -0.930280 0.000000 
1.100000e-01 1.003237e-01 9.749953e-02 1.085840e-01 1.000000e-01 1.597514e+00 -0.995649 0.005523 0.021535 0.924063 0.038535 0.005993 0.995649 -0.006284 -0.029690 -0.930280 0.000000 
1.100000e-01 1.003237e-01 9.749953e-02 1.085840e-01 1.000000e-01 1.597514e+00 -0.995649 0.005523 0.021535 0.924063 0.038535 0.005993 0.995649 -0.006284 -0.029690 -0.930280 0.000000 
1.100000e-01 1.003237e-01 9.749953e-02 1.085840e-01 1.000000e-01 1.597514e+00 -0.995649 0.005523 0.021535 0.924063 0.038535 0.005993 0.995649 -0.006284 -0.029690 -0.930280 0.000000 
1.100000e-01 1.003237e-01 9.749953e-02 1.085840e-01 1.000000e-01 1.597514e+00 -0.995649 0.005523 0.021535 0.924063 0.038535 0.005993 0.995649 -0.006284 -0.029690 -0.930280 0.000000 
1.100000e-01 1.003237e-01 9.749953e-02 1.085840e-01 1.000000e-01 1.597514e+00 -0.995649 0.005523 0.021535 0.924063 0.038535 0.005993 0.995649 -0.006284 -0.029690 -0.930280 0.000000 
1.100000e-01 1.003237e-01 9.749953e-02 1.085840e-01 1.000000e-01 1.597514e+00 -0.995649 0.005523 0.021535 0.924063 0.038535 0.005993 0.995649 -0.006284 -0.029690 -0.930280 0.000000 
1.100000e-01 1.003237e-01 9.749953e-02 1.085840e-01 1.000000e-01 1.597514e+00 -0.995649 0.005523 0.021535 0.924063 0.038535 0.005993 0.995649 -0.006284 -0.029690 -0.930280 0.000000 
1.100000e-01 1.003237e-01 9.749953e-02 1.085840e-01 1.000000e-01 1.597514e+00 -0.995649 0.005523 0.021535 0.924063 0.038535 0.005993 0.995649 -0.006284 -0.029690 -0.930280 0.000000 
1.100000e-01 1.003237e-01 9.749953e-02 1.085840e-01 1.000000e-01 1.597514e+00 -0.995649 0.005523 0.021535 0.924063 0.038535 0.005993 0.995649 -0.006284 -0.029690 -0.930280 0.000000 
1.100000e-01 1.003237e-01 9.749953e-02 1.085840e-01 1.000000e-01 1.597514e+00 -0.995649 0.005523 0.021535 0.924063 0.038535 0.005993 0.995649 -0.006284 -0.029690 -0.930280 0.000000 
1.100000e-01 1.003237e-01 9.749953e-02 1.085840e-01 1.000000e-01 1.597514e+00 -0.995649 0.005523 0.021535 0.924063 0.038535 0.005993 0.995649 -0.006284 -0.029690 -0.930280 0.000000 
1.100000e-01 1.003237e-01 9.749953e-02 1.085840e-01 1.000000e-01 1.597514e+00 -0.995649 0.005523 0.021535 0.924063 0.038535 0.005993 0.995649 -0.006284 -0.029690 -0.930280 0.000000 
1.100000e-01 1.003237e-01 9.749953e-02 1.085840e-01 1.000000e-01 1.597514e+00 -0.995649 0.005523 0.021535 0.924063 0.038535 0.005993 0.995649 -0.006284 -0.029690 -0.930280 0.000000 
1.100000e-01 1.003237e-01 9.749953e-02 1.085840e-01 1.000000e-01 1.597514e+00 -0.995649 0.005523 0.021535 0.924063 0.038535 0.005993 0.995649 -0.006284 -0.029690 -0.930280 0.000000 
1.100000e-01 1.003237e-01 9.749953e-02 1.085840e-01 1.000000e-01 1.597514e+00 -0.995649 0.005523 0.021535 0.924063 0.038535 0.005993 0.995649 -0.006284 -0.029690 -0.930280 0.000000 
1.100000e-01 1.003237e-01 9.749953e-02 1.085840e-01 1.000000e-01 1.597514e+00 -0.995649 0.005523 0.021535 0.924063 0.038535 0.005993 0.995649 -0.006284 -0.029690 -0.930280 0.000000 
1.100000e-01 1.003237e-01 9.749953e-02 1.085840e-01 1.000000e-01 1.597514e+00 -0.995649 0.005523 0.021535 0.924063 0.038535 0.005993 0.995649 -0.006284 -0.029690 -0.930280 0.000000 
1.100000e-01 1.003237e-01 9.749953e-02 1.085840e-01 1.000000e-01 1.597514e+00 -0.995649 0.005523 0.021535 0.924063 0.038535 0.005993 0.995649 -0.006284 -0.029690 -0.930280 0.000000 
1.100000e-01 1.003237e-01 9.749953e-02 1.085840e-01 1.000000e-01 1.597514e+00 -0.995649 0.005523 0.021535 0.924063 0.038535 0.005993 0.995649 -0.006284 -0.029690 -0.930280 0.000000 
1.100000e-01 1.003237e-01 9.749953e-02 1.085840e-01 1.000000e-01 1.597514e+00 -0.995649 0.005523 0.021535 0.924063 0.038535 0.005993 0.995649 -0.006284 -0.029690 -0.930280 0.000000 
1.100000e-01 1.003237e-01 9.749953e-02 1.085840e-01 1.000000e-01 1.597514e+00 -0.995649 0.005523 0.021535 0.924063 0.038535 0.005993 0.995649 -0.006284 -0.029690 -0.930280 0.000000 
1.100000e-01 1.003237e-01 9.749953e-02 1.085840e-01 1.000000e-01 1.597514e+00 -0.995649 0.005523 0.021535 0.924063 0.038535 0.005993 0.995649 -0.006284 -0.029690 -0.930280 0.000000 
1.100000e-01 1.003237e-01 9.749953e-02 1.085840e-01 1.000000e-01 1.597514e+00 -0.995649 0.005523 0.021535 0.924063 0.038535 0.005993 0.995649 -0.006284 -0.029690 -0.930280 0.000000 
1.100000e-01 1.003237e-01 9.749953e-02 1.085840e-01 1.000000e-01 1.597514e+00 -0.995649 0.005523 0.021535 0.924063 0.038535 0.005993 0.995649 -0.006284 -0.029690 -0.930280 0.000000 
1.100000e-01 1.003237e-01 9.749953e-02 1.085840e-01 1.000000e-01 1.597514e+00 -0.995649 0.005523 0.021535 0.924063 0.038535 0.005993 0.995649 -0.006284 -0.029690 -0.930280 0.000000 
1.100000e-01 1.003237e-01 9.749953e-02 1.085840e-01 1.000000e-01 1.597514e+00 -0.995649 0.005523 0.021535 0.924063 0.038535 0.005993 0.995649 -0.006284 -0.029690 -0.930280 0.000000 
1.100000e-01 1.003237e-01 9.749953e-02 1.085840e-01 1.000000e-01 1.597514e+00 -0.995649 0.005523 0.021535 0.924063 0.038535 0.005993 0.995649 -0.006284 -0.029690 -0.930280 0.000000 
