# TeX TeY TeZ ThX ThY THZ P1 P2
1.000000e-01 1.000000e-01 2.450000e-01 1.000000e-01 1.000000e-01 2.450000e-01 0.000000 0.000000 0.000000 0.000000 0.000000 0.000000 0.000000 0.000000 0.000000 0.000000 0.000000 
1.000000e-01 9.999607e-02 2.317611e-01 9.999758e-02 1.000000e-01 2.541207e-01 -0.014774 0.001896 0.003793 0.003796 0.003817 0.001471 0.014774 -0.000586 -0.003863 -0.006471 0.000000 
1.000000e-01 9.999133e-02 2.184928e-01 9.999547e-02 1.000000e-01 2.632334e-01 -0.029562 0.003794 0.007589 0.007597 0.007638 0.002944 0.029562 -0.000822 -0.007729 -0.013708 0.000000 
1.000000e-01 9.998564e-02 2.051953e-01 9.999362e-02 1.000000e-01 2.723383e-01 -0.044364 0.005694 0.011390 0.011400 0.011463 0.004417 0.044364 -0.000456 -0.011572 -0.022309 0.000000 
1.000000e-01 9.997893e-02 1.918687e-01 9.999202e-02 1.000000e-01 2.814351e-01 -0.059181 0.007596 0.015194 0.015208 0.015291 0.005893 0.059182 0.000917 -0.015312 -0.033316 0.000000 
1.000000e-01 9.997118e-02 1.785130e-01 9.999062e-02 1.000000e-01 2.905239e-01 -0.074014 0.009499 0.019002 0.019020 0.019124 0.007370 0.074014 0.003762 -0.018738 -0.048162 0.000000 
1.000000e-01 9.996264e-02 1.651280e-01 9.998941e-02 1.000000e-01 2.996046e-01 -0.088863 0.011405 0.022814 0.022835 0.022960 0.008848 0.088863 0.008742 -0.021326 -0.069340 0.000000 
1.000000e-01 9.995439e-02 1.517128e-01 9.998835e-02 1.000000e-01 3.086771e-01 -0.103731 0.013313 0.026631 0.026656 0.026802 0.010329 0.103731 0.016842 -0.021610 -0.101911 0.000000 
1.000000e-01 9.995086e-02 1.382625e-01 9.998743e-02 1.000000e-01 3.177414e-01 -0.118634 0.015226 0.030457 0.030486 0.030653 0.011813 0.118634 0.028919 -0.016224 -0.154283 0.000000 
1.000000e-01 9.997161e-02 1.247530e-01 9.998663e-02 1.000000e-01 3.267974e-01 -0.133644 0.017152 0.034311 0.034343 0.034531 0.013307 0.133645 0.045918 0.003047 -0.243825 0.000000 
1.000000e-01 1.000889e-01 1.110774e-01 9.998594e-02 1.000000e-01 3.358451e-01 -0.149127 0.019140 0.038286 0.038322 0.038532 0.014849 0.149127 0.069251 0.058451 -0.412579 0.000000 
1.000000e-01 1.003246e-01 9.749978e-02 9.998533e-02 1.000000e-01 3.448843e-01 -0.165796 0.021279 0.042566 0.042605 0.042839 0.016509 0.165796 0.100153 0.183365 -0.716889 0.000000 
1.000000e-01 1.003246e-01 9.749978e-02 9.998481e-02 1.000000e-01 3.539151e-01 -0.171763 0.022045 0.044098 0.044138 0.044380 0.017103 0.171763 0.099405 0.181832 -0.718456 0.000000 
1.000000e-01 1.003246e-01 9.749978e-02 9.998435e-02 1.000000e-01 3.629373e-01 -0.177723 0.022810 0.045628 0.045670 0.045920 0.017696 0.177724 0.098652 0.180301 -0.720014 0.000000 
1.000000e-01 1.003246e-01 9.749978e-02 9.998396e-02 1.000000e-01 3.719509e-01 -0.183678 0.023574 0.047157 0.047200 0.047459 0.018289 0.183679 0.097898 0.178771 -0.721563 0.000000 
1.000000e-01 1.003246e-01 9.749978e-02 9.998361e-02 1.000000e-01 3.809559e-01 -0.189628 0.024338 0.048684 0.048729 0.048996 0.018882 0.189628 0.097141 0.177243 -0.723106 0.000000 
1.000000e-01 1.003246e-01 9.749978e-02 9.998331e-02 1.000000e-01 3.899521e-01 -0.195571 0.025100 0.050210 0.050257 0.050532 0.019473 0.195572 0.096384 0.175717 -0.724644 0.000000 
1.000000e-01 1.003246e-01 9.749978e-02 9.998305e-02 1.000000e-01 3.989395e-01 -0.201509 0.025862 0.051735 0.051782 0.052066 0.020065 0.201510 0.095626 0.174192 -0.726178 0.000000 
1.000000e-01 1.003246e-01 9.749978e-02 9.998282e-02 1.000000e-01 4.079180e-01 -0.207441 0.026624 0.053257 0.053307 0.053599 0.020655 0.207441 0.094867 0.172669 -0.727708 0.000000 
1.000000e-01 1.003246e-01 9.749978e-02 9.998263e-02 1.000000e-01 4.168876e-01 -0.213367 0.027384 0.054779 0.054830 0.055130 0.021245 0.213368 0.094109 0.171148 -0.729236 0.000000 
1.000000e-01 1.003246e-01 9.749978e-02 9.998245e-02 1.000000e-01 4.258482e-01 -0.219287 0.028144 0.056299 0.056351 0.056660 0.021835 0.219288 0.093351 0.169628 -0.730760 0.000000 
1.000000e-01 1.003246e-01 9.749978e-02 9.998230e-02 1.000000e-01 4.347996e-01 -0.225201 0.028903 0.057817 0.057871 0.058188 0.022424 0.225202 0.092593 0.168109 -0.732282 0.000000 
1.000000e-01 1.003246e-01 9.749978e-02 9.998217e-02 1.000000e-01 4.437419e-01 -0.231109 0.029661 0.059334 0.059389 0.059714 0.023012 0.231110 0.091836 0.166592 -0.733802 0.000000 
1.000000e-01 1.003246e-01 9.749978e-02 9.998206e-02 1.000000e-01 4.526750e-01 -0.237011 0.030419 0.060849 0.060905 0.061239 0.023600 0.237012 0.091079 0.165077 -0.735320 0.000000 
1.000000e-01 1.003246e-01 9.749978e-02 9.998196e-02 1.000000e-01 4.615988e-01 -0.242907 0.031176 0.062363 0.062421 0.062763 0.024187 0.242907 0.090323 0.163563 -0.736837 0.000000 
1.000000e-01 1.003246e-01 9.749978e-02 9.998187e-02 1.000000e-01 4.705132e-01 -0.248796 0.031931 0.063875 0.063934 0.064284 0.024773 0.248797 0.089568 0.162051 -0.738351 0.000000 
1.000000e-01 1.003246e-01 9.749978e-02 9.998180e-02 1.000000e-01 4.794181e-01 -0.254680 0.032687 0.065385 0.065446 0.065804 0.025359 0.254680 0.088813 0.160541 -0.739863 0.000000 
1.000000e-01 1.003246e-01 9.749978e-02 9.998173e-02 1.000000e-01 4.883135e-01 -0.260557 0.033441 0.066894 0.066956 0.067323 0.025944 0.260557 0.088059 0.159032 -0.741374 0.000000 
1.000000e-01 1.003246e-01 9.749978e-02 9.998168e-02 1.000000e-01 4.971993e-01 -0.266427 0.034194 0.068401 0.068465 0.068840 0.026529 0.266428 0.087306 0.157525 -0.742883 0.000000 
1.000000e-01 1.003246e-01 9.749978e-02 9.998163e-02 1.000000e-01 5.060754e-01 -0.272292 0.034947 0.069907 0.069972 0.070355 0.027113 0.272292 0.086553 0.156019 -0.744390 0.000000 
1.000000e-01 1.003246e-01 9.749978e-02 9.998158e-02 1.000000e-01 5.149417e-01 -0.278149 0.035699 0.071411 0.071477 0.071869 0.027696 0.278150 0.085801 0.154515 -0.745896 0.000000 
1.000000e-01 1.003246e-01 9.749978e-02 9.998155e-02 1.000000e-01 5.237982e-01 -0.284001 0.036450 0.072913 0.072981 0.073380 0.028279 0.284001 0.085050 0.153013 -0.747399 0.000000 
1.000000e-01 1.003246e-01 9.749978e-02 9.998151e-02 1.000000e-01 5.326448e-01 -0.289845 0.037200 0.074414 0.074482 0.074891 0.028861 0.289846 0.084300 0.151512 -0.748901 0.000000 
1.000000e-01 1.003246e-01 9.749978e-02 9.998148e-02 1.000000e-01 5.414813e-01 -0.295683 0.037949 0.075912 0.075983 0.076399 0.029442 0.295684 0.083551 0.150014 -0.750402 0.000000 
1.000000e-01 1.003246e-01 9.749978e-02 9.998146e-02 1.000000e-01 5.503078e-01 -0.301515 0.038698 0.077409 0.077481 0.077906 0.030022 0.301515 0.082803 0.148517 -0.751900 0.000000 
1.000000e-01 1.003246e-01 9.749978e-02 9.998144e-02 1.000000e-01 5.591240e-01 -0.307340 0.039445 0.078905 0.078978 0.079411 0.030602 0.307340 0.082055 0.147021 -0.753397 0.000000 
1.000000e-01 1.003246e-01 9.749978e-02 9.998142e-02 1.000000e-01 5.679300e-01 -0.313158 0.040192 0.080399 0.080473 0.080914 0.031182 0.313158 0.081309 0.145527 -0.754892 0.000000 
1.000000e-01 1.003246e-01 9.749978e-02 9.998140e-02 1.000000e-01 5.767257e-01 -0.318969 0.040938 0.081890 0.081966 0.082416 0.031760 0.318969 0.080563 0.144036 -0.756385 0.000000 
1.000000e-01 1.003246e-01 9.749978e-02 9.998139e-02 1.000000e-01 5.855109e-01 -0.324773 0.041683 0.083381 0.083458 0.083915 0.032338 0.324773 0.079818 0.142545 -0.757877 0.000000 
1.000000e-01 1.003246e-01 9.749978e-02 9.998137e-02 1.000000e-01 5.942856e-01 -0.330570 0.042427 0.084869 0.084948 0.085413 0.032916 0.330571 0.079074 0.141057 -0.759367 0.000000 
1.000000e-01 1.003246e-01 9.749978e-02 9.998136e-02 1.000000e-01 6.030497e-01 -0.336360 0.043170 0.086356 0.086436 0.086909 0.033492 0.336361 0.078331 0.139571 -0.760855 0.000000 
1.000000e-01 1.003246e-01 9.749978e-02 9.998135e-02 1.000000e-01 6.118030e-01 -0.342143 0.043912 0.087840 0.087922 0.088403 0.034068 0.342144 0.077588 0.138086 -0.762341 0.000000 
1.000000e-01 1.003246e-01 9.749978e-02 9.998135e-02 1.000000e-01 6.205456e-01 -0.347920 0.044653 0.089323 0.089406 0.089896 0.034643 0.347920 0.076847 0.136603 -0.763825 0.000000 
1.000000e-01 1.003246e-01 9.749978e-02 9.998134e-02 1.000000e-01 6.292772e-01 -0.353688 0.045394 0.090804 0.090888 0.091386 0.035217 0.353689 0.076107 0.135122 -0.765307 0.000000 
1.000000e-01 1.003246e-01 9.749978e-02 9.998133e-02 1.000000e-01 6.379979e-01 -0.359450 0.046133 0.092283 0.092369 0.092875 0.035791 0.359450 0.075367 0.133643 -0.766788 0.000000 
1.000000e-01 1.003246e-01 9.749978e-02 9.998133e-02 1.000000e-01 6.467075e-01 -0.365204 0.046872 0.093761 0.093848 0.094362 0.036364 0.365205 0.074629 0.132165 -0.768267 0.000000 
1.000000e-01 1.003246e-01 9.749978e-02 9.998132e-02 1.000000e-01 6.554059e-01 -0.370951 0.047609 0.095236 0.095324 0.095847 0.036936 0.370952 0.073891 0.130690 -0.769743 0.000000 
1.000000e-01 1.003246e-01 9.749978e-02 9.998132e-02 1.000000e-01 6.640931e-01 -0.376690 0.048346 0.096710 0.096799 0.097330 0.037508 0.376691 0.073155 0.129216 -0.771218 0.000000 
1.000000e-01 1.003246e-01 9.749978e-02 9.998131e-02 1.000000e-01 6.727689e-01 -0.382422 0.049081 0.098181 0.098272 0.098811 0.038079 0.382423 0.072419 0.127745 -0.772691 0.000000 
1.000000e-01 1.003246e-01 9.749978e-02 9.998131e-02 1.000000e-01 6.814331e-01 -0.388147 0.049816 0.099651 0.099743 0.100290 0.038649 0.388147 0.071684 0.126275 -0.774162 0.000000 
1.000000e-01 1.003246e-01 9.749978e-02 9.998131e-02 1.000000e-01 6.900859e-01 -0.393863 0.050550 0.101119 0.101212 0.101767 0.039218 0.393864 0.070951 0.124808 -0.775631 0.000000 
1.000000e-01 1.003246e-01 9.749978e-02 9.998130e-02 1.000000e-01 6.987269e-01 -0.399572 0.051282 0.102584 0.102679 0.103242 0.039786 0.399573 0.070218 0.123342 -0.777098 0.000000 
1.000000e-01 1.003246e-01 9.749978e-02 9.998130e-02 1.000000e-01 7.073561e-01 -0.405273 0.052014 0.104048 0.104144 0.104715 0.040354 0.405274 0.069486 0.121878 -0.778563 0.000000 
1.000000e-01 1.003246e-01 9.749978e-02 9.998130e-02 1.000000e-01 7.159735e-01 -0.410967 0.052745 0.105510 0.105607 0.106186 0.040921 0.410967 0.068756 0.120417 -0.780026 0.000000 
1.000000e-01 1.003246e-01 9.749978e-02 9.998130e-02 1.000000e-01 7.245788e-01 -0.416652 0.053475 0.106969 0.107068 0.107655 0.041487 0.416653 0.068026 0.118957 -0.781487 0.000000 
1.000000e-01 1.003246e-01 9.749978e-02 9.998130e-02 1.000000e-01 7.331721e-01 -0.422329 0.054203 0.108427 0.108527 0.109122 0.042052 0.422330 0.067297 0.117499 -0.782946 0.000000 
1.000000e-01 1.003246e-01 9.749978e-02 9.998130e-02 1.000000e-01 7.417531e-01 -0.427999 0.054931 0.109882 0.109984 0.110587 0.042617 0.427999 0.066570 0.116044 -0.784403 0.000000 
1.000000e-01 1.003246e-01 9.749978e-02 9.998130e-02 1.000000e-01 7.503218e-01 -0.433660 0.055657 0.111336 0.111439 0.112049 0.043180 0.433661 0.065843 0.114590 -0.785858 0.000000 
1.000000e-01 1.003246e-01 9.749978e-02 9.998130e-02 1.000000e-01 7.588781e-01 -0.439313 0.056383 0.112787 0.112892 0.113510 0.043743 0.439313 0.065118 0.113139 -0.787311 0.000000 
1.000000e-01 1.003246e-01 9.749978e-02 9.998130e-02 1.000000e-01 7.674218e-01 -0.444957 0.057107 0.114236 0.114342 0.114969 0.044305 0.444958 0.064393 0.111690 -0.788761 0.000000 
1.000000e-01 1.003246e-01 9.749978e-02 9.998130e-02 1.000000e-01 7.759528e-01 -0.450594 0.057831 0.115683 0.115790 0.116425 0.044866 0.450594 0.063670 0.110243 -0.790209 0.000000 
1.000000e-01 1.003246e-01 9.749978e-02 9.998130e-02 1.000000e-01 7.844711e-01 -0.456222 0.058553 0.117128 0.117237 0.117879 0.045427 0.456222 0.062947 0.108798 -0.791656 0.000000 
1.000000e-01 1.003246e-01 9.749978e-02 9.998130e-02 1.000000e-01 7.929764e-01 -0.461841 0.059274 0.118571 0.118681 0.119331 0.045986 0.461841 0.062226 0.107355 -0.793100 0.000000 
1.000000e-01 1.003246e-01 9.749978e-02 9.998130e-02 1.000000e-01 8.014687e-01 -0.467452 0.059994 0.120011 0.120122 0.120781 0.046545 0.467452 0.061506 0.105915 -0.794541 0.000000 
1.000000e-01 1.003246e-01 9.749978e-02 9.998130e-02 1.000000e-01 8.099479e-01 -0.473054 0.060713 0.121449 0.121562 0.122228 0.047103 0.473054 0.060787 0.104477 -0.795981 0.000000 
1.000000e-01 1.003246e-01 9.749978e-02 9.998130e-02 1.000000e-01 8.184138e-01 -0.478647 0.061431 0.122885 0.122999 0.123673 0.047660 0.478647 0.060069 0.103041 -0.797418 0.000000 
1.000000e-01 1.003246e-01 9.749978e-02 9.998130e-02 1.000000e-01 8.268662e-01 -0.484231 0.062148 0.124319 0.124434 0.125116 0.048216 0.484232 0.059353 0.101607 -0.798853 0.000000 
1.000000e-01 1.003246e-01 9.749978e-02 9.998130e-02 1.000000e-01 8.353052e-01 -0.489807 0.062863 0.125750 0.125867 0.126557 0.048771 0.489807 0.058637 0.100176 -0.800286 0.000000 
1.000000e-01 1.003246e-01 9.749978e-02 9.998130e-02 1.000000e-01 8.437305e-01 -0.495373 0.063578 0.127180 0.127297 0.127995 0.049325 0.495374 0.057923 0.098747 -0.801716 0.000000 
1.000000e-01 1.003246e-01 9.749978e-02 9.998130e-02 1.000000e-01 8.521420e-01 -0.500930 0.064291 0.128606 0.128725 0.129431 0.049879 0.500931 0.057209 0.097320 -0.803145 0.000000 
1.000000e-01 1.003246e-01 9.749978e-02 9.998130e-02 1.000000e-01 8.605396e-01 -0.506478 0.065003 0.130031 0.130151 0.130864 0.050431 0.506479 0.056497 0.095895 -0.804570 0.000000 
1.000000e-01 1.003246e-01 9.749978e-02 9.998130e-02 1.000000e-01 8.689231e-01 -0.512017 0.065714 0.131453 0.131575 0.132295 0.050982 0.512018 0.055786 0.094473 -0.805994 0.000000 
1.000000e-01 1.003246e-01 9.749978e-02 9.998130e-02 1.000000e-01 8.772924e-01 -0.517547 0.066424 0.132872 0.132995 0.133724 0.051533 0.517547 0.055077 0.093054 -0.807414 0.000000 
1.000000e-01 1.003246e-01 9.749978e-02 9.998130e-02 1.000000e-01 8.856474e-01 -0.523067 0.067132 0.134289 0.134414 0.135150 0.052083 0.523067 0.054368 0.091637 -0.808833 0.000000 
1.000000e-01 1.003246e-01 9.749978e-02 9.998130e-02 1.000000e-01 8.939879e-01 -0.528577 0.067839 0.135704 0.135830 0.136574 0.052631 0.528578 0.053661 0.090222 -0.810249 0.000000 
1.000000e-01 1.003246e-01 9.749978e-02 9.998130e-02 1.000000e-01 9.023138e-01 -0.534078 0.068545 0.137116 0.137243 0.137995 0.053179 0.534078 0.052955 0.088810 -0.811662 0.000000 
1.000000e-01 1.003246e-01 9.749978e-02 9.998130e-02 1.000000e-01 9.106250e-01 -0.539569 0.069250 0.138526 0.138654 0.139414 0.053726 0.539569 0.052250 0.087400 -0.813074 0.000000 
1.000000e-01 1.003246e-01 9.749978e-02 9.998130e-02 1.000000e-01 9.189212e-01 -0.545050 0.069953 0.139933 0.140063 0.140830 0.054272 0.545051 0.051547 0.085993 -0.814482 0.000000 
1.000000e-01 1.003246e-01 9.749978e-02 9.998130e-02 1.000000e-01 9.272024e-01 -0.550521 0.070656 0.141338 0.141469 0.142244 0.054816 0.550522 0.050845 0.084588 -0.815888 0.000000 
1.000000e-01 1.003246e-01 9.749978e-02 9.998130e-02 1.000000e-01 9.354684e-01 -0.555982 0.071357 0.142740 0.142872 0.143655 0.055360 0.555983 0.050144 0.083186 -0.817291 0.000000 
1.000000e-01 1.003246e-01 9.749978e-02 9.998130e-02 1.000000e-01 9.437190e-01 -0.561433 0.072056 0.144139 0.144273 0.145064 0.055903 0.561434 0.049444 0.081787 -0.818692 0.000000 
1.000000e-01 1.003246e-01 9.749978e-02 9.998130e-02 1.000000e-01 9.519541e-01 -0.566874 0.072754 0.145536 0.145671 0.146469 0.056445 0.566875 0.048746 0.080390 -0.820090 0.000000 
1.000000e-01 1.003246e-01 9.749978e-02 9.998130e-02 1.000000e-01 9.601735e-01 -0.572304 0.073451 0.146930 0.147067 0.147872 0.056985 0.572305 0.048049 0.078996 -0.821486 0.000000 
1.000000e-01 1.003246e-01 9.749978e-02 9.998130e-02 1.000000e-01 9.683771e-01 -0.577724 0.074147 0.148322 0.148459 0.149273 0.057525 0.577725 0.047353 0.077604 -0.822878 0.000000 
1.000000e-01 1.003246e-01 9.749978e-02 9.998130e-02 1.000000e-01 9.765647e-01 -0.583134 0.074841 0.149711 0.149849 0.150671 0.058064 0.583134 0.046659 0.076215 -0.824269 0.000000 
1.000000e-01 1.003246e-01 9.749978e-02 9.998130e-02 1.000000e-01 9.847362e-01 -0.588532 0.075534 0.151097 0.151237 0.152065 0.058601 0.588533 0.045966 0.074829 -0.825656 0.000000 
1.000000e-01 1.003246e-01 9.749978e-02 9.998130e-02 1.000000e-01 9.928913e-01 -0.593920 0.076226 0.152480 0.152621 0.153458 0.059138 0.593921 0.045275 0.073446 -0.827040 0.000000 
1.000000e-01 1.003246e-01 9.749978e-02 9.998129e-02 1.000000e-01 1.001030e+00 -0.599297 0.076916 0.153860 0.154003 0.154847 0.059673 0.599298 0.044585 0.072066 -0.828422 0.000000 
1.000000e-01 1.003246e-01 9.749978e-02 9.998129e-02 1.000000e-01 1.009152e+00 -0.604663 0.077604 0.155238 0.155382 0.156233 0.060207 0.604664 0.043896 0.070688 -0.829801 0.000000 
1.000000e-01 1.003246e-01 9.749978e-02 9.998129e-02 1.000000e-01 1.017257e+00 -0.610018 0.078292 0.156613 0.156758 0.157617 0.060741 0.610019 0.043209 0.069313 -0.831177 0.000000 
1.000000e-01 1.003246e-01 9.749978e-02 9.998129e-02 1.000000e-01 1.025345e+00 -0.615362 0.078978 0.157985 0.158131 0.158998 0.061273 0.615363 0.042523 0.067941 -0.832550 0.000000 
1.000000e-01 1.003246e-01 9.749978e-02 9.998129e-02 1.000000e-01 1.033416e+00 -0.620694 0.079662 0.159354 0.159501 0.160375 0.061804 0.620695 0.041839 0.066572 -0.833921 0.000000 
1.000000e-01 1.003246e-01 9.749978e-02 9.998129e-02 1.000000e-01 1.041470e+00 -0.626015 0.080345 0.160720 0.160869 0.161750 0.062333 0.626016 0.041156 0.065206 -0.835288 0.000000 
1.000000e-01 1.003246e-01 9.749978e-02 9.998129e-02 1.000000e-01 1.049506e+00 -0.631324 0.081026 0.162083 0.162233 0.163122 0.062862 0.631325 0.040474 0.063843 -0.836652 0.000000 
1.000000e-01 1.003246e-01 9.749978e-02 9.998129e-02 1.000000e-01 1.057524e+00 -0.636622 0.081706 0.163443 0.163594 0.164491 0.063389 0.636622 0.039794 0.062483 -0.838013 0.000000 
1.000000e-01 1.003246e-01 9.749978e-02 9.998129e-02 1.000000e-01 1.065524e+00 -0.641907 0.082384 0.164800 0.164953 0.165856 0.063916 0.641908 0.039116 0.061126 -0.839372 0.000000 
1.000000e-01 1.003246e-01 9.749978e-02 9.998129e-02 1.000000e-01 1.073506e+00 -0.647181 0.083061 0.166154 0.166308 0.167219 0.064441 0.647181 0.038439 0.059772 -0.840727 0.000000 
1.000000e-01 1.003246e-01 9.749978e-02 9.998128e-02 1.000000e-01 1.081470e+00 -0.652442 0.083737 0.167505 0.167660 0.168578 0.064965 0.652443 0.037764 0.058421 -0.842079 0.000000 
1.000000e-01 1.003246e-01 9.749978e-02 9.998128e-02 1.000000e-01 1.089415e+00 -0.657692 0.084410 0.168852 0.169009 0.169935 0.065487 0.657692 0.037090 0.057074 -0.843428 0.000000 
1.000000e-01 1.003246e-01 9.749978e-02 9.998128e-02 1.000000e-01 1.097342e+00 -0.662929 0.085082 0.170197 0.170354 0.171288 0.066009 0.662929 0.036418 0.055729 -0.844774 0.000000 
1.000000e-01 1.003246e-01 9.749978e-02 9.998128e-02 1.000000e-01 1.105249e+00 -0.668153 0.085753 0.171538 0.171697 0.172638 0.066529 0.668154 0.035748 0.054388 -0.846116 0.000000 
1.000000e-01 1.003246e-01 9.749978e-02 9.998127e-02 1.000000e-01 1.113138e+00 -0.673365 0.086422 0.172876 0.173036 0.173984 0.067048 0.673365 0.035079 0.053050 -0.847455 0.000000 
1.000000e-01 1.003246e-01 9.749978e-02 9.998127e-02 1.000000e-01 1.121007e+00 -0.678564 0.087089 0.174211 0.174372 0.175328 0.067566 0.678564 0.034411 0.051715 -0.848791 0.000000 
1.000000e-01 1.003246e-01 9.749978e-02 9.998126e-02 1.000000e-01 1.128856e+00 -0.683750 0.087755 0.175542 0.175705 0.176668 0.068082 0.683750 0.033746 0.050384 -0.850124 0.000000 
1.000000e-01 1.003246e-01 9.749978e-02 9.998126e-02 1.000000e-01 1.136686e+00 -0.688923 0.088418 0.176870 0.177034 0.178004 0.068597 0.688923 0.033082 0.049056 -0.851453 0.000000 
1.000000e-01 1.003246e-01 9.749978e-02 9.998125e-02 1.000000e-01 1.144496e+00 -0.694082 0.089081 0.178195 0.178360 0.179337 0.069111 0.694083 0.032420 0.047731 -0.852779 0.000000 
1.000000e-01 1.003246e-01 9.749978e-02 9.998125e-02 1.000000e-01 1.152285e+00 -0.699229 0.089741 0.179516 0.179683 0.180667 0.069623 0.699229 0.031759 0.046410 -0.854102 0.000000 
1.000000e-01 1.003246e-01 9.749978e-02 9.998124e-02 1.000000e-01 1.160054e+00 -0.704361 0.090400 0.180834 0.181002 0.181993 0.070134 0.704362 0.031100 0.045092 -0.855421 0.000000 
1.000000e-01 1.003246e-01 9.749978e-02 9.998123e-02 1.000000e-01 1.167803e+00 -0.709481 0.091057 0.182148 0.182317 0.183316 0.070644 0.709481 0.030443 0.043778 -0.856736 0.000000 
1.000000e-01 1.003246e-01 9.749978e-02 9.998122e-02 1.000000e-01 1.175530e+00 -0.714586 0.091712 0.183459 0.183629 0.184635 0.071152 0.714586 0.029788 0.042467 -0.858048 0.000000 
1.000000e-01 1.003246e-01 9.749978e-02 9.998121e-02 1.000000e-01 1.183236e+00 -0.719677 0.092365 0.184766 0.184938 0.185950 0.071659 0.719678 0.029135 0.041160 -0.859356 0.000000 
1.000000e-01 1.003246e-01 9.749978e-02 9.998120e-02 1.000000e-01 1.190921e+00 -0.724754 0.093017 0.186070 0.186243 0.187262 0.072164 0.724755 0.028483 0.039856 -0.860661 0.000000 
1.000000e-01 1.003246e-01 9.749978e-02 9.998119e-02 1.000000e-01 1.198584e+00 -0.729817 0.093667 0.187369 0.187544 0.188570 0.072668 0.729818 0.027833 0.038557 -0.861962 0.000000 
1.000000e-01 1.003246e-01 9.749978e-02 9.998117e-02 1.000000e-01 1.206225e+00 -0.734866 0.094314 0.188666 0.188841 0.189875 0.073171 0.734866 0.027185 0.037261 -0.863259 0.000000 
1.000000e-01 1.003246e-01 9.749978e-02 9.998115e-02 1.000000e-01 1.213844e+00 -0.739899 0.094960 0.189958 0.190135 0.191175 0.073672 0.739900 0.026539 0.035968 -0.864553 0.000000 
1.000000e-01 1.003246e-01 9.749978e-02 9.998113e-02 1.000000e-01 1.221441e+00 -0.744918 0.095604 0.191246 0.191426 0.192472 0.074172 0.744919 0.025895 0.034680 -0.865843 0.000000 
1.000000e-01 1.003246e-01 9.749978e-02 9.998111e-02 1.000000e-01 1.229014e+00 -0.749922 0.096246 0.192531 0.192712 0.193765 0.074670 0.749922 0.025253 0.033395 -0.867128 0.000000 
1.000000e-01 1.003246e-01 9.749978e-02 9.998108e-02 1.000000e-01 1.236565e+00 -0.754911 0.096886 0.193812 0.193995 0.195053 0.075166 0.754911 0.024613 0.032114 -0.868410 0.000000 
1.000000e-01 1.003246e-01 9.749978e-02 9.998105e-02 1.000000e-01 1.244093e+00 -0.759884 0.097524 0.195089 0.195274 0.196338 0.075661 0.759884 0.023974 0.030837 -0.869688 0.000000 
1.000000e-01 1.003246e-01 9.749978e-02 9.998101e-02 1.000000e-01 1.251597e+00 -0.764842 0.098159 0.196362 0.196549 0.197619 0.076154 0.764842 0.023338 0.029565 -0.870962 0.000000 
1.000000e-01 1.003246e-01 9.749978e-02 9.998097e-02 1.000000e-01 1.259077e+00 -0.769784 0.098793 0.197631 0.197820 0.198896 0.076645 0.769784 0.022704 0.028296 -0.872232 0.000000 
1.000000e-01 1.003246e-01 9.749978e-02 9.998093e-02 1.000000e-01 1.266534e+00 -0.774710 0.099424 0.198896 0.199088 0.200168 0.077135 0.774711 0.022072 0.027031 -0.873498 0.000000 
1.000000e-01 1.003246e-01 9.749978e-02 9.998087e-02 1.000000e-01 1.273966e+00 -0.779620 0.100053 0.200156 0.200353 0.201437 0.077623 0.779621 0.021441 0.025771 -0.874760 0.000000 
1.000000e-01 1.003246e-01 9.749978e-02 9.998081e-02 1.000000e-01 1.281373e+00 -0.784514 0.100680 0.201413 0.201613 0.202701 0.078109 0.784514 0.020813 0.024514 -0.876018 0.000000 
1.000000e-01 1.003246e-01 9.749978e-02 9.998075e-02 1.000000e-01 1.288755e+00 -0.789391 0.101304 0.202665 0.202871 0.203960 0.078593 0.789392 0.020187 0.023262 -0.877271 0.000000 
1.000000e-01 1.003246e-01 9.749978e-02 9.998067e-02 1.000000e-01 1.296112e+00 -0.794252 0.101925 0.203913 0.204125 0.205215 0.079075 0.794252 0.019564 0.022014 -0.878520 0.000000 
1.000000e-01 1.003246e-01 9.749978e-02 9.998058e-02 1.000000e-01 1.303443e+00 -0.799096 0.102544 0.205157 0.205376 0.206466 0.079554 0.799096 0.018942 0.020771 -0.879765 0.000000 
1.000000e-01 1.003246e-01 9.749978e-02 9.998048e-02 1.000000e-01 1.310749e+00 -0.803922 0.103159 0.206397 0.206624 0.207712 0.080032 0.803923 0.018322 0.019531 -0.881005 0.000000 
1.000000e-01 1.003246e-01 9.749978e-02 9.998037e-02 1.000000e-01 1.318028e+00 -0.808732 0.103771 0.207632 0.207870 0.208953 0.080506 0.808732 0.017705 0.018297 -0.882241 0.000000 
1.000000e-01 1.003246e-01 9.749978e-02 9.998024e-02 1.000000e-01 1.325281e+00 -0.813523 0.104380 0.208863 0.209114 0.210189 0.080978 0.813524 0.017090 0.017066 -0.883472 0.000000 
1.000000e-01 1.003246e-01 9.749978e-02 9.998010e-02 1.000000e-01 1.332507e+00 -0.818297 0.104985 0.210089 0.210357 0.211420 0.081447 0.818298 0.016478 0.015841 -0.884699 0.000000 
1.000000e-01 1.003246e-01 9.749978e-02 9.997993e-02 1.000000e-01 1.339706e+00 -0.823053 0.105585 0.211311 0.211599 0.212646 0.081912 0.823054 0.015867 0.014620 -0.885921 0.000000 
1.000000e-01 1.003246e-01 9.749978e-02 9.997974e-02 1.000000e-01 1.346877e+00 -0.827791 0.106181 0.212529 0.212841 0.213867 0.082374 0.827792 0.015259 0.013403 -0.887139 0.000000 
1.000000e-01 1.003246e-01 9.749978e-02 9.997953e-02 1.000000e-01 1.354020e+00 -0.832511 0.106771 0.213742 0.214085 0.215082 0.082831 0.832511 0.014653 0.012192 -0.888352 0.000000 
1.000000e-01 1.003246e-01 9.749978e-02 9.997929e-02 1.000000e-01 1.361135e+00 -0.837211 0.107355 0.214951 0.215333 0.216291 0.083283 0.837212 0.014050 0.010985 -0.889559 0.000000 
1.000000e-01 1.003246e-01 9.749978e-02 9.997902e-02 1.000000e-01 1.368221e+00 -0.841893 0.107931 0.216155 0.216586 0.217494 0.083729 0.841894 0.013449 0.009783 -0.890763 0.000000 
1.000000e-01 1.003246e-01 9.749978e-02 9.997871e-02 1.000000e-01 1.375279e+00 -0.846556 0.108499 0.217355 0.217845 0.218691 0.084168 0.846556 0.012851 0.008586 -0.891961 0.000000 
1.000000e-01 1.003246e-01 9.749978e-02 9.997836e-02 1.000000e-01 1.382307e+00 -0.851199 0.109056 0.218550 0.219116 0.219880 0.084599 0.851200 0.012255 0.007394 -0.893154 0.000000 
1.000000e-01 1.003246e-01 9.749978e-02 9.997797e-02 1.000000e-01 1.389306e+00 -0.855823 0.109602 0.219741 0.220400 0.221061 0.085020 0.855823 0.011661 0.006207 -0.894342 0.000000 
1.000000e-01 1.003246e-01 9.749978e-02 9.997752e-02 1.000000e-01 1.396274e+00 -0.860427 0.110132 0.220928 0.221703 0.222234 0.085430 0.860427 0.011070 0.005025 -0.895525 0.000000 
1.000000e-01 1.003246e-01 9.749978e-02 9.997702e-02 1.000000e-01 1.403212e+00 -0.865011 0.110646 0.222111 0.223031 0.223398 0.085825 0.865011 0.010482 0.003848 -0.896703 0.000000 
1.000000e-01 1.003246e-01 9.749978e-02 9.997645e-02 1.000000e-01 1.410119e+00 -0.869574 0.111140 0.223290 0.224388 0.224552 0.086205 0.869575 0.009896 0.002676 -0.897876 0.000000 
1.000000e-01 1.003246e-01 9.749978e-02 9.997581e-02 1.000000e-01 1.416995e+00 -0.874117 0.111607 0.224465 0.225789 0.225694 0.086563 0.874117 0.009313 0.001510 -0.899043 0.000000 
1.000000e-01 1.003246e-01 9.749978e-02 9.997509e-02 1.000000e-01 1.423839e+00 -0.878639 0.112045 0.225637 0.227237 0.226823 0.086898 0.878639 0.008733 0.000349 -0.900205 0.000000 
1.000000e-01 1.003246e-01 9.749978e-02 9.997427e-02 1.000000e-01 1.430651e+00 -0.883140 0.112447 0.226806 0.228749 0.227936 0.087203 0.883140 0.008155 -0.000807 -0.901362 0.000000 
1.000000e-01 1.003246e-01 9.749978e-02 9.997336e-02 1.000000e-01 1.437431e+00 -0.887619 0.112801 0.227971 0.230346 0.229032 0.087470 0.887619 0.007581 -0.001957 -0.902513 0.000000 
1.000000e-01 1.003246e-01 9.749978e-02 9.997233e-02 1.000000e-01 1.444177e+00 -0.892077 0.113105 0.229134 0.232035 0.230107 0.087697 0.892077 0.007008 -0.003101 -0.903658 0.000000 
1.000000e-01 1.003246e-01 9.749978e-02 9.997118e-02 1.000000e-01 1.450891e+00 -0.896513 0.113341 0.230293 0.233854 0.231156 0.087868 0.896513 0.006439 -0.004240 -0.904798 0.000000 
1.000000e-01 1.003246e-01 9.749978e-02 9.996989e-02 1.000000e-01 1.457570e+00 -0.900926 0.113495 0.231450 0.235832 0.232175 0.087974 0.900926 0.005873 -0.005373 -0.905932 0.000000 
1.000000e-01 1.003246e-01 9.749978e-02 9.996845e-02 1.000000e-01 1.464216e+00 -0.905317 0.113559 0.232603 0.237990 0.233159 0.088007 0.905317 0.005309 -0.006500 -0.907061 0.000000 
1.000000e-01 1.003246e-01 9.749978e-02 9.996684e-02 1.000000e-01 1.470827e+00 -0.909685 0.113501 0.233751 0.240395 0.234095 0.087942 0.909685 0.004749 -0.007622 -0.908183 0.000000 
1.000000e-01 1.003246e-01 9.749978e-02 9.996505e-02 1.000000e-01 1.477402e+00 -0.914030 0.113298 0.234891 0.243107 0.234973 0.087761 0.914030 0.004191 -0.008737 -0.909300 0.000000 
1.000000e-01 1.003246e-01 9.749978e-02 9.996306e-02 1.000000e-01 1.483942e+00 -0.918352 0.112934 0.236021 0.246163 0.235783 0.087450 0.918352 0.003636 -0.009847 -0.910410 0.000000 
1.000000e-01 1.003246e-01 9.749978e-02 9.996086e-02 1.000000e-01 1.490446e+00 -0.922650 0.112367 0.237132 0.249671 0.236502 0.086977 0.922650 0.003085 -0.010950 -0.911515 0.000000 
1.000000e-01 1.003246e-01 9.749978e-02 9.995844e-02 1.000000e-01 1.496914e+00 -0.926924 0.111538 0.238212 0.253785 0.237095 0.086294 0.926924 0.002536 -0.012047 -0.912613 0.000000 
1.000000e-01 1.003246e-01 9.749978e-02 9.995579e-02 1.000000e-01 1.503344e+00 -0.931173 0.110432 0.239246 0.258566 0.237539 0.085391 0.931173 0.001991 -0.013138 -0.913705 0.000000 
1.000000e-01 1.003246e-01 9.749978e-02 9.995290e-02 1.000000e-01 1.509734e+00 -0.935397 0.109001 0.240211 0.264163 0.237792 0.084230 0.935397 0.001449 -0.014223 -0.914790 0.000000 
1.000000e-01 1.003246e-01 9.749978e-02 9.994978e-02 1.000000e-01 1.516085e+00 -0.939595 0.107130 0.241048 0.270945 0.237751 0.082721 0.939595 0.000910 -0.015300 -0.915869 0.000000 
1.000000e-01 1.003246e-01 9.749978e-02 9.994646e-02 1.000000e-01 1.522395e+00 -0.943766 0.104791 0.241702 0.279084 0.237347 0.080842 0.943766 0.000374 -0.016371 -0.916941 0.000000 
1.000000e-01 1.003246e-01 9.749978e-02 9.994297e-02 1.000000e-01 1.528665e+00 -0.947911 0.101931 0.242089 0.288863 0.236473 0.078556 0.947911 -0.000158 -0.017436 -0.918006 0.000000 
1.000000e-01 1.003246e-01 9.749978e-02 9.993942e-02 1.000000e-01 1.534893e+00 -0.952030 0.098480 0.242081 0.300690 0.234971 0.075808 0.952030 -0.000686 -0.018493 -0.919065 0.000000 
1.000000e-01 1.003246e-01 9.749978e-02 9.993601e-02 1.000000e-01 1.541079e+00 -0.956122 0.094251 0.241367 0.315585 0.232461 0.072458 0.956122 -0.001211 -0.019544 -0.920116 0.000000 
1.000000e-01 1.003246e-01 9.749978e-02 9.993311e-02 1.000000e-01 1.547224e+00 -0.960190 0.089255 0.239693 0.334019 0.228705 0.068519 0.960190 -0.001733 -0.020588 -0.921162 0.000000 
1.000000e-01 1.003246e-01 9.749978e-02 9.993150e-02 1.000000e-01 1.553328e+00 -0.964235 0.083433 0.236623 0.356952 0.223277 0.063950 0.964235 -0.002253 -0.021626 -0.922201 0.000000 
1.000000e-01 1.003246e-01 9.749978e-02 9.993266e-02 1.000000e-01 1.559392e+00 -0.968261 0.076721 0.231517 0.385731 0.215585 0.058708 0.968261 -0.002769 -0.022660 -0.923236 0.000000 
1.000000e-01 1.003246e-01 9.749978e-02 9.993955e-02 1.000000e-01 1.565420e+00 -0.972282 0.068996 0.223178 0.422828 0.204574 0.052706 0.972282 -0.003285 -0.023692 -0.924269 0.000000 
1.000000e-01 1.003246e-01 9.749978e-02 9.995787e-02 1.000000e-01 1.571420e+00 -0.976322 0.060160 0.209803 0.471674 0.188810 0.045876 0.976322 -0.003804 -0.024730 -0.925307 0.000000 
1.000000e-01 1.003246e-01 9.749978e-02 9.999729e-02 1.000000e-01 1.577411e+00 -0.980425 0.050194 0.189447 0.535562 0.167013 0.038211 0.980425 -0.004331 -0.025783 -0.926362 0.000000 
1.000000e-01 1.003246e-01 9.749978e-02 1.000714e-01 1.000000e-01 1.583421e+00 -0.984671 0.038927 0.159092 0.619835 0.137230 0.029588 0.984671 -0.004875 -0.026873 -0.927453 0.000000 
1.000000e-01 1.003246e-01 9.749978e-02 1.001886e-01 1.000000e-01 1.589503e+00 -0.989195 0.026041 0.114754 0.731738 0.096899 0.019763 0.989195 -0.005456 -0.028035 -0.928615 0.000000 
1.000000e-01 1.003246e-01 9.749978e-02 1.003206e-01 1.000000e-01 1.595701e+00 -0.994190 0.011022 0.051497 0.880525 0.042792 0.008354 0.994190 -0.006097 -0.029317 -0.929899 0.000000 
1.000000e-01 1.003246e-01 9.749978e-02 1.003463e-01 1.000000e-01 1.597622e+00 -0.995831 0.005973 0.028216 0.933654 0.023459 0.004530 0.995831 -0.006308 -0.029738 -0.930320 0.000000 
1.000000e-01 1.003246e-01 9.749978e-02 1.003463e-01 1.000000e-01 1.597622e+00 -0.995831 0.005973 0.028216 0.933654 0.023459 0.004530 0.995831 -0.006308 -0.029738 -0.930320 0.000000 
1.000000e-01 1.003246e-01 9.749978e-02 1.003463e-01 1.000000e-01 1.597622e+00 -0.995831 0.005973 0.028216 0.933654 0.023459 0.004530 0.995831 -0.006308 -0.029738 -0.930320 0.000000 
1.000000e-01 1.003246e-01 9.749978e-02 1.003463e-01 1.000000e-01 1.597622e+00 -0.995831 0.005973 0.028216 0.933654 0.023459 0.004530 0.995831 -0.006308 -0.029738 -0.930320 0.000000 
1.000000e-01 1.003246e-01 9.749978e-02 1.003463e-01 1.000000e-01 1.597622e+00 -0.995831 0.005973 0.028216 0.933654 0.023459 0.004530 0.995831 -0.006308 -0.029738 -0.930320 0.000000 
1.000000e-01 1.003246e-01 9.749978e-02 1.003463e-01 1.000000e-01 1.597622e+00 -0.995831 0.005973 0.028216 0.933654 0.023459 0.004530 0.995831 -0.006308 -0.029738 -0.930320 0.000000 
1.000000e-01 1.003246e-01 9.749978e-02 1.003463e-01 1.000000e-01 1.597622e+00 -0.995831 0.005973 0.028216 0.933654 0.023459 0.004530 0.995831 -0.006308 -0.029738 -0.930320 0.000000 
1.000000e-01 1.003246e-01 9.749978e-02 1.003463e-01 1.000000e-01 1.597622e+00 -0.995831 0.005973 0.028216 0.933654 0.023459 0.004530 0.995831 -0.006308 -0.029738 -0.930320 0.000000 
1.000000e-01 1.003246e-01 9.749978e-02 1.003463e-01 1.000000e-01 1.597622e+00 -0.995831 0.005973 0.028216 0.933654 0.023459 0.004530 0.995831 -0.006308 -0.029738 -0.930320 0.000000 
1.000000e-01 1.003246e-01 9.749978e-02 1.003463e-01 1.000000e-01 1.597622e+00 -0.995831 0.005973 0.028216 0.933654 0.023459 0.004530 0.995831 -0.006308 -0.029738 -0.930320 0.000000 
1.000000e-01 1.003246e-01 9.749978e-02 1.003463e-01 1.000000e-01 1.597622e+00 -0.995831 0.005973 0.028216 0.933654 0.023459 0.004530 0.995831 -0.006308 -0.029738 -0.930320 0.000000 
1.000000e-01 1.003246e-01 9.749978e-02 1.003463e-01 1.000000e-01 1.597622e+00 -0.995831 0.005973 0.028216 0.933654 0.023459 0.004530 0.995831 -0.006308 -0.029738 -0.930320 0.000000 
1.000000e-01 1.003246e-01 9.749978e-02 1.003463e-01 1.000000e-01 1.597622e+00 -0.995831 0.005973 0.028216 0.933654 0.023459 0.004530 0.995831 -0.006308 -0.029738 -0.930320 0.000000 
1.000000e-01 1.003246e-01 9.749978e-02 1.003463e-01 1.000000e-01 1.597622e+00 -0.995831 0.005973 0.028216 0.933654 0.023459 0.004530 0.995831 -0.006308 -0.029738 -0.930320 0.000000 
1.000000e-01 1.003246e-01 9.749978e-02 1.003463e-01 1.000000e-01 1.597622e+00 -0.995831 0.005973 0.028216 0.933654 0.023459 0.004530 0.995831 -0.006308 -0.029738 -0.930320 0.000000 
1.000000e-01 1.003246e-01 9.749978e-02 1.003463e-01 1.000000e-01 1.597622e+00 -0.995831 0.005973 0.028216 0.933654 0.023459 0.004530 0.995831 -0.006308 -0.029738 -0.930320 0.000000 
1.000000e-01 1.003246e-01 9.749978e-02 1.003463e-01 1.000000e-01 1.597622e+00 -0.995831 0.005973 0.028216 0.933654 0.023459 0.004530 0.995831 -0.006308 -0.029738 -0.930320 0.000000 
1.000000e-01 1.003246e-01 9.749978e-02 1.003463e-01 1.000000e-01 1.597622e+00 -0.995831 0.005973 0.028216 0.933654 0.023459 0.004530 0.995831 -0.006308 -0.029738 -0.930320 0.000000 
1.000000e-01 1.003246e-01 9.749978e-02 1.003463e-01 1.000000e-01 1.597622e+00 -0.995831 0.005973 0.028216 0.933654 0.023459 0.004530 0.995831 -0.006308 -0.029738 -0.930320 0.000000 
1.000000e-01 1.003246e-01 9.749978e-02 1.003463e-01 1.000000e-01 1.597622e+00 -0.995831 0.005973 0.028216 0.933654 0.023459 0.004530 0.995831 -0.006308 -0.029738 -0.930320 0.000000 
1.000000e-01 1.003246e-01 9.749978e-02 1.003463e-01 1.000000e-01 1.597622e+00 -0.995831 0.005973 0.028216 0.933654 0.023459 0.004530 0.995831 -0.006308 -0.029738 -0.930320 0.000000 
1.000000e-01 1.003246e-01 9.749978e-02 1.003463e-01 1.000000e-01 1.597622e+00 -0.995831 0.005973 0.028216 0.933654 0.023459 0.004530 0.995831 -0.006308 -0.029738 -0.930320 0.000000 
1.000000e-01 1.003246e-01 9.749978e-02 1.003463e-01 1.000000e-01 1.597622e+00 -0.995831 0.005973 0.028216 0.933654 0.023459 0.004530 0.995831 -0.006308 -0.029738 -0.930320 0.000000 
1.000000e-01 1.003246e-01 9.749978e-02 1.003463e-01 1.000000e-01 1.597622e+00 -0.995831 0.005973 0.028216 0.933654 0.023459 0.004530 0.995831 -0.006308 -0.029738 -0.930320 0.000000 
1.000000e-01 1.003246e-01 9.749978e-02 1.003463e-01 1.000000e-01 1.597622e+00 -0.995831 0.005973 0.028216 0.933654 0.023459 0.004530 0.995831 -0.006308 -0.029738 -0.930320 0.000000 
1.000000e-01 1.003246e-01 9.749978e-02 1.003463e-01 1.000000e-01 1.597622e+00 -0.995831 0.005973 0.028216 0.933654 0.023459 0.004530 0.995831 -0.006308 -0.029738 -0.930320 0.000000 
1.000000e-01 1.003246e-01 9.749978e-02 1.003463e-01 1.000000e-01 1.597622e+00 -0.995831 0.005973 0.028216 0.933654 0.023459 0.004530 0.995831 -0.006308 -0.029738 -0.930320 0.000000 
1.000000e-01 1.003246e-01 9.749978e-02 1.003463e-01 1.000000e-01 1.597622e+00 -0.995831 0.005973 0.028216 0.933654 0.023459 0.004530 0.995831 -0.006308 -0.029738 -0.930320 0.000000 
1.000000e-01 1.003246e-01 9.749978e-02 1.003463e-01 1.000000e-01 1.597622e+00 -0.995831 0.005973 0.028216 0.933654 0.023459 0.004530 0.995831 -0.006308 -0.029738 -0.930320 0.000000 
1.000000e-01 1.003246e-01 9.749978e-02 1.003463e-01 1.000000e-01 1.597622e+00 -0.995831 0.005973 0.028216 0.933654 0.023459 0.004530 0.995831 -0.006308 -0.029738 -0.930320 0.000000 
1.000000e-01 1.003246e-01 9.749978e-02 1.003463e-01 1.000000e-01 1.597622e+00 -0.995831 0.005973 0.028216 0.933654 0.023459 0.004530 0.995831 -0.006308 -0.029738 -0.930320 0.000000 
1.000000e-01 1.003246e-01 9.749978e-02 1.003463e-01 1.000000e-01 1.597622e+00 -0.995831 0.005973 0.028216 0.933654 0.023459 0.004530 0.995831 -0.006308 -0.029738 -0.930320 0.000000 
1.000000e-01 1.003246e-01 9.749978e-02 1.003463e-01 1.000000e-01 1.597622e+00 -0.995831 0.005973 0.028216 0.933654 0.023459 0.004530 0.995831 -0.006308 -0.029738 -0.930320 0.000000 
1.000000e-01 1.003246e-01 9.749978e-02 1.003463e-01 1.000000e-01 1.597622e+00 -0.995831 0.005973 0.028216 0.933654 0.023459 0.004530 0.995831 -0.006308 -0.029738 -0.930320 0.000000 
1.000000e-01 1.003246e-01 9.749978e-02 1.003463e-01 1.000000e-01 1.597622e+00 -0.995831 0.005973 0.028216 0.933654 0.023459 0.004530 0.995831 -0.006308 -0.029738 -0.930320 0.000000 
1.000000e-01 1.003246e-01 9.749978e-02 1.003463e-01 1.000000e-01 1.597622e+00 -0.995831 0.005973 0.028216 0.933654 0.023459 0.004530 0.995831 -0.006308 -0.029738 -0.930320 0.000000 
1.000000e-01 1.003246e-01 9.749978e-02 1.003463e-01 1.000000e-01 1.597622e+00 -0.995831 0.005973 0.028216 0.933654 0.023459 0.004530 0.995831 -0.006308 -0.029738 -0.930320 0.000000 
1.000000e-01 1.003246e-01 9.749978e-02 1.003463e-01 1.000000e-01 1.597622e+00 -0.995831 0.005973 0.028216 0.933654 0.023459 0.004530 0.995831 -0.006308 -0.029738 -0.930320 0.000000 
1.000000e-01 1.003246e-01 9.749978e-02 1.003463e-01 1.000000e-01 1.597622e+00 -0.995831 0.005973 0.028216 0.933654 0.023459 0.004530 0.995831 -0.006308 -0.029738 -0.930320 0.000000 
1.000000e-01 1.003246e-01 9.749978e-02 1.003463e-01 1.000000e-01 1.597622e+00 -0.995831 0.005973 0.028216 0.933654 0.023459 0.004530 0.995831 -0.006308 -0.029738 -0.930320 0.000000 
1.000000e-01 1.003246e-01 9.749978e-02 1.003463e-01 1.000000e-01 1.597622e+00 -0.995831 0.005973 0.028216 0.933654 0.023459 0.004530 0.995831 -0.006308 -0.029738 -0.930320 0.000000 
1.000000e-01 1.003246e-01 9.749978e-02 1.003463e-01 1.000000e-01 1.597622e+00 -0.995831 0.005973 0.028216 0.933654 0.023459 0.004530 0.995831 -0.006308 -0.029738 -0.930320 0.000000 
1.000000e-01 1.003246e-01 9.749978e-02 1.003463e-01 1.000000e-01 1.597622e+00 -0.995831 0.005973 0.028216 0.933654 0.023459 0.004530 0.995831 -0.006308 -0.029738 -0.930320 0.000000 
1.000000e-01 1.003246e-01 9.749978e-02 1.003463e-01 1.000000e-01 1.597622e+00 -0.995831 0.005973 0.028216 0.933654 0.023459 0.004530 0.995831 -0.006308 -0.029738 -0.930320 0.000000 
1.000000e-01 1.003246e-01 9.749978e-02 1.003463e-01 1.000000e-01 1.597622e+00 -0.995831 0.005973 0.028216 0.933654 0.023459 0.004530 0.995831 -0.006308 -0.029738 -0.930320 0.000000 
1.000000e-01 1.003246e-01 9.749978e-02 1.003463e-01 1.000000e-01 1.597622e+00 -0.995831 0.005973 0.028216 0.933654 0.023459 0.004530 0.995831 -0.006308 -0.029738 -0.930320 0.000000 
1.000000e-01 1.003246e-01 9.749978e-02 1.003463e-01 1.000000e-01 1.597622e+00 -0.995831 0.005973 0.028216 0.933654 0.023459 0.004530 0.995831 -0.006308 -0.029738 -0.930320 0.000000 
1.000000e-01 1.003246e-01 9.749978e-02 1.003463e-01 1.000000e-01 1.597622e+00 -0.995831 0.005973 0.028216 0.933654 0.023459 0.004530 0.995831 -0.006308 -0.029738 -0.930320 0.000000 
1.000000e-01 1.003246e-01 9.749978e-02 1.003463e-01 1.000000e-01 1.597622e+00 -0.995831 0.005973 0.028216 0.933654 0.023459 0.004530 0.995831 -0.006308 -0.029738 -0.930320 0.000000 
1.000000e-01 1.003246e-01 9.749978e-02 1.003463e-01 1.000000e-01 1.597622e+00 -0.995831 0.005973 0.028216 0.933654 0.023459 0.004530 0.995831 -0.006308 -0.029738 -0.930320 0.000000 
1.000000e-01 1.003246e-01 9.749978e-02 1.003463e-01 1.000000e-01 1.597622e+00 -0.995831 0.005973 0.028216 0.933654 0.023459 0.004530 0.995831 -0.006308 -0.029738 -0.930320 0.000000 
1.000000e-01 1.003246e-01 9.749978e-02 1.003463e-01 1.000000e-01 1.597622e+00 -0.995831 0.005973 0.028216 0.933654 0.023459 0.004530 0.995831 -0.006308 -0.029738 -0.930320 0.000000 
1.000000e-01 1.003246e-01 9.749978e-02 1.003463e-01 1.000000e-01 1.597622e+00 -0.995831 0.005973 0.028216 0.933654 0.023459 0.004530 0.995831 -0.006308 -0.029738 -0.930320 0.000000 
1.000000e-01 1.003246e-01 9.749978e-02 1.003463e-01 1.000000e-01 1.597622e+00 -0.995831 0.005973 0.028216 0.933654 0.023459 0.004530 0.995831 -0.006308 -0.029738 -0.930320 0.000000 
1.000000e-01 1.003246e-01 9.749978e-02 1.003463e-01 1.000000e-01 1.597622e+00 -0.995831 0.005973 0.028216 0.933654 0.023459 0.004530 0.995831 -0.006308 -0.029738 -0.930320 0.000000 
1.000000e-01 1.003246e-01 9.749978e-02 1.003463e-01 1.000000e-01 1.597622e+00 -0.995831 0.005973 0.028216 0.933654 0.023459 0.004530 0.995831 -0.006308 -0.029738 -0.930320 0.000000 
1.000000e-01 1.003246e-01 9.749978e-02 1.003463e-01 1.000000e-01 1.597622e+00 -0.995831 0.005973 0.028216 0.933654 0.023459 0.004530 0.995831 -0.006308 -0.029738 -0.930320 0.000000 
1.000000e-01 1.003246e-01 9.749978e-02 1.003463e-01 1.000000e-01 1.597622e+00 -0.995831 0.005973 0.028216 0.933654 0.023459 0.004530 0.995831 -0.006308 -0.029738 -0.930320 0.000000 
1.000000e-01 1.003246e-01 9.749978e-02 1.003463e-01 1.000000e-01 1.597622e+00 -0.995831 0.005973 0.028216 0.933654 0.023459 0.004530 0.995831 -0.006308 -0.029738 -0.930320 0.000000 
1.000000e-01 1.003246e-01 9.749978e-02 1.003463e-01 1.000000e-01 1.597622e+00 -0.995831 0.005973 0.028216 0.933654 0.023459 0.004530 0.995831 -0.006308 -0.029738 -0.930320 0.000000 
1.000000e-01 1.003246e-01 9.749978e-02 1.003463e-01 1.000000e-01 1.597622e+00 -0.995831 0.005973 0.028216 0.933654 0.023459 0.004530 0.995831 -0.006308 -0.029738 -0.930320 0.000000 
1.000000e-01 1.003246e-01 9.749978e-02 1.003463e-01 1.000000e-01 1.597622e+00 -0.995831 0.005973 0.028216 0.933654 0.023459 0.004530 0.995831 -0.006308 -0.029738 -0.930320 0.000000 
1.000000e-01 1.003246e-01 9.749978e-02 1.003463e-01 1.000000e-01 1.597622e+00 -0.995831 0.005973 0.028216 0.933654 0.023459 0.004530 0.995831 -0.006308 -0.029738 -0.930320 0.000000 
1.000000e-01 1.003246e-01 9.749978e-02 1.003463e-01 1.000000e-01 1.597622e+00 -0.995831 0.005973 0.028216 0.933654 0.023459 0.004530 0.995831 -0.006308 -0.029738 -0.930320 0.000000 
1.000000e-01 1.003246e-01 9.749978e-02 1.003463e-01 1.000000e-01 1.597622e+00 -0.995831 0.005973 0.028216 0.933654 0.023459 0.004530 0.995831 -0.006308 -0.029738 -0.930320 0.000000 
1.000000e-01 1.003246e-01 9.749978e-02 1.003463e-01 1.000000e-01 1.597622e+00 -0.995831 0.005973 0.028216 0.933654 0.023459 0.004530 0.995831 -0.006308 -0.029738 -0.930320 0.000000 
1.000000e-01 1.003246e-01 9.749978e-02 1.003463e-01 1.000000e-01 1.597622e+00 -0.995831 0.005973 0.028216 0.933654 0.023459 0.004530 0.995831 -0.006308 -0.029738 -0.930320 0.000000 
1.000000e-01 1.003246e-01 9.749978e-02 1.003463e-01 1.000000e-01 1.597622e+00 -0.995831 0.005973 0.028216 0.933654 0.023459 0.004530 0.995831 -0.006308 -0.029738 -0.930320 0.000000 
1.000000e-01 1.003246e-01 9.749978e-02 1.003463e-01 1.000000e-01 1.597622e+00 -0.995831 0.005973 0.028216 0.933654 0.023459 0.004530 0.995831 -0.006308 -0.029738 -0.930320 0.000000 
1.000000e-01 1.003246e-01 9.749978e-02 1.003463e-01 1.000000e-01 1.597622e+00 -0.995831 0.005973 0.028216 0.933654 0.023459 0.004530 0.995831 -0.006308 -0.029738 -0.930320 0.000000 
1.000000e-01 1.003246e-01 9.749978e-02 1.003463e-01 1.000000e-01 1.597622e+00 -0.995831 0.005973 0.028216 0.933654 0.023459 0.004530 0.995831 -0.006308 -0.029738 -0.930320 0.000000 
1.000000e-01 1.003246e-01 9.749978e-02 1.003463e-01 1.000000e-01 1.597622e+00 -0.995831 0.005973 0.028216 0.933654 0.023459 0.004530 0.995831 -0.006308 -0.029738 -0.930320 0.000000 
1.000000e-01 1.003246e-01 9.749978e-02 1.003463e-01 1.000000e-01 1.597622e+00 -0.995831 0.005973 0.028216 0.933654 0.023459 0.004530 0.995831 -0.006308 -0.029738 -0.930320 0.000000 
1.000000e-01 1.003246e-01 9.749978e-02 1.003463e-01 1.000000e-01 1.597622e+00 -0.995831 0.005973 0.028216 0.933654 0.023459 0.004530 0.995831 -0.006308 -0.029738 -0.930320 0.000000 
1.000000e-01 1.003246e-01 9.749978e-02 1.003463e-01 1.000000e-01 1.597622e+00 -0.995831 0.005973 0.028216 0.933654 0.023459 0.004530 0.995831 -0.006308 -0.029738 -0.930320 0.000000 
1.000000e-01 1.003246e-01 9.749978e-02 1.003463e-01 1.000000e-01 1.597622e+00 -0.995831 0.005973 0.028216 0.933654 0.023459 0.004530 0.995831 -0.006308 -0.029738 -0.930320 0.000000 
1.000000e-01 1.003246e-01 9.749978e-02 1.003463e-01 1.000000e-01 1.597622e+00 -0.995831 0.005973 0.028216 0.933654 0.023459 0.004530 0.995831 -0.006308 -0.029738 -0.930320 0.000000 
1.000000e-01 1.003246e-01 9.749978e-02 1.003463e-01 1.000000e-01 1.597622e+00 -0.995831 0.005973 0.028216 0.933654 0.023459 0.004530 0.995831 -0.006308 -0.029738 -0.930320 0.000000 
1.000000e-01 1.003246e-01 9.749978e-02 1.003463e-01 1.000000e-01 1.597622e+00 -0.995831 0.005973 0.028216 0.933654 0.023459 0.004530 0.995831 -0.006308 -0.029738 -0.930320 0.000000 
1.000000e-01 1.003246e-01 9.749978e-02 1.003463e-01 1.000000e-01 1.597622e+00 -0.995831 0.005973 0.028216 0.933654 0.023459 0.004530 0.995831 -0.006308 -0.029738 -0.930320 0.000000 
1.000000e-01 1.003246e-01 9.749978e-02 1.003463e-01 1.000000e-01 1.597622e+00 -0.995831 0.005973 0.028216 0.933654 0.023459 0.004530 0.995831 -0.006308 -0.029738 -0.930320 0.000000 
1.000000e-01 1.003246e-01 9.749978e-02 1.003463e-01 1.000000e-01 1.597622e+00 -0.995831 0.005973 0.028216 0.933654 0.023459 0.004530 0.995831 -0.006308 -0.029738 -0.930320 0.000000 
1.000000e-01 1.003246e-01 9.749978e-02 1.003463e-01 1.000000e-01 1.597622e+00 -0.995831 0.005973 0.028216 0.933654 0.023459 0.004530 0.995831 -0.006308 -0.029738 -0.930320 0.000000 
1.000000e-01 1.003246e-01 9.749978e-02 1.003463e-01 1.000000e-01 1.597622e+00 -0.995831 0.005973 0.028216 0.933654 0.023459 0.004530 0.995831 -0.006308 -0.029738 -0.930320 0.000000 
1.000000e-01 1.003246e-01 9.749978e-02 1.003463e-01 1.000000e-01 1.597622e+00 -0.995831 0.005973 0.028216 0.933654 0.023459 0.004530 0.995831 -0.006308 -0.029738 -0.930320 0.000000 
1.000000e-01 1.003246e-01 9.749978e-02 1.003463e-01 1.000000e-01 1.597622e+00 -0.995831 0.005973 0.028216 0.933654 0.023459 0.004530 0.995831 -0.006308 -0.029738 -0.930320 0.000000 
1.000000e-01 1.003246e-01 9.749978e-02 1.003463e-01 1.000000e-01 1.597622e+00 -0.995831 0.005973 0.028216 0.933654 0.023459 0.004530 0.995831 -0.006308 -0.029738 -0.930320 0.000000 
1.000000e-01 1.003246e-01 9.749978e-02 1.003463e-01 1.000000e-01 1.597622e+00 -0.995831 0.005973 0.028216 0.933654 0.023459 0.004530 0.995831 -0.006308 -0.029738 -0.930320 0.000000 
1.000000e-01 1.003246e-01 9.749978e-02 1.003463e-01 1.000000e-01 1.597622e+00 -0.995831 0.005973 0.028216 0.933654 0.023459 0.004530 0.995831 -0.006308 -0.029738 -0.930320 0.000000 
1.000000e-01 1.003246e-01 9.749978e-02 1.003463e-01 1.000000e-01 1.597622e+00 -0.995831 0.005973 0.028216 0.933654 0.023459 0.004530 0.995831 -0.006308 -0.029738 -0.930320 0.000000 
1.000000e-01 1.003246e-01 9.749978e-02 1.003463e-01 1.000000e-01 1.597622e+00 -0.995831 0.005973 0.028216 0.933654 0.023459 0.004530 0.995831 -0.006308 -0.029738 -0.930320 0.000000 
1.000000e-01 1.003246e-01 9.749978e-02 1.003463e-01 1.000000e-01 1.597622e+00 -0.995831 0.005973 0.028216 0.933654 0.023459 0.004530 0.995831 -0.006308 -0.029738 -0.930320 0.000000 
1.000000e-01 1.003246e-01 9.749978e-02 1.003463e-01 1.000000e-01 1.597622e+00 -0.995831 0.005973 0.028216 0.933654 0.023459 0.004530 0.995831 -0.006308 -0.029738 -0.930320 0.000000 
1.000000e-01 1.003246e-01 9.749978e-02 1.003463e-01 1.000000e-01 1.597622e+00 -0.995831 0.005973 0.028216 0.933654 0.023459 0.004530 0.995831 -0.006308 -0.029738 -0.930320 0.000000 
1.000000e-01 1.003246e-01 9.749978e-02 1.003463e-01 1.000000e-01 1.597622e+00 -0.995831 0.005973 0.028216 0.933654 0.023459 0.004530 0.995831 -0.006308 -0.029738 -0.930320 0.000000 
1.000000e-01 1.003246e-01 9.749978e-02 1.003463e-01 1.000000e-01 1.597622e+00 -0.995831 0.005973 0.028216 0.933654 0.023459 0.004530 0.995831 -0.006308 -0.029738 -0.930320 0.000000 
1.000000e-01 1.003246e-01 9.749978e-02 1.003463e-01 1.000000e-01 1.597622e+00 -0.995831 0.005973 0.028216 0.933654 0.023459 0.004530 0.995831 -0.006308 -0.029738 -0.930320 0.000000 
1.000000e-01 1.003246e-01 9.749978e-02 1.003463e-01 1.000000e-01 1.597622e+00 -0.995831 0.005973 0.028216 0.933654 0.023459 0.004530 0.995831 -0.006308 -0.029738 -0.930320 0.000000 
1.000000e-01 1.003246e-01 9.749978e-02 1.003463e-01 1.000000e-01 1.597622e+00 -0.995831 0.005973 0.028216 0.933654 0.023459 0.004530 0.995831 -0.006308 -0.029738 -0.930320 0.000000 
1.000000e-01 1.003246e-01 9.749978e-02 1.003463e-01 1.000000e-01 1.597622e+00 -0.995831 0.005973 0.028216 0.933654 0.023459 0.004530 0.995831 -0.006308 -0.029738 -0.930320 0.000000 
1.000000e-01 1.003246e-01 9.749978e-02 1.003463e-01 1.000000e-01 1.597622e+00 -0.995831 0.005973 0.028216 0.933654 0.023459 0.004530 0.995831 -0.006308 -0.029738 -0.930320 0.000000 
1.000000e-01 1.003246e-01 9.749978e-02 1.003463e-01 1.000000e-01 1.597622e+00 -0.995831 0.005973 0.028216 0.933654 0.023459 0.004530 0.995831 -0.006308 -0.029738 -0.930320 0.000000 
1.000000e-01 1.003246e-01 9.749978e-02 1.003463e-01 1.000000e-01 1.597622e+00 -0.995831 0.005973 0.028216 0.933654 0.023459 0.004530 0.995831 -0.006308 -0.029738 -0.930320 0.000000 
1.000000e-01 1.003246e-01 9.749978e-02 1.003463e-01 1.000000e-01 1.597622e+00 -0.995831 0.005973 0.028216 0.933654 0.023459 0.004530 0.995831 -0.006308 -0.029738 -0.930320 0.000000 
1.000000e-01 1.003246e-01 9.749978e-02 1.003463e-01 1.000000e-01 1.597622e+00 -0.995831 0.005973 0.028216 0.933654 0.023459 0.004530 0.995831 -0.006308 -0.029738 -0.930320 0.000000 
1.000000e-01 1.003246e-01 9.749978e-02 1.003463e-01 1.000000e-01 1.597622e+00 -0.995831 0.005973 0.028216 0.933654 0.023459 0.004530 0.995831 -0.006308 -0.029738 -0.930320 0.000000 
1.000000e-01 1.003246e-01 9.749978e-02 1.003463e-01 1.000000e-01 1.597622e+00 -0.995831 0.005973 0.028216 0.933654 0.023459 0.004530 0.995831 -0.006308 -0.029738 -0.930320 0.000000 
1.000000e-01 1.003246e-01 9.749978e-02 1.003463e-01 1.000000e-01 1.597622e+00 -0.995831 0.005973 0.028216 0.933654 0.023459 0.004530 0.995831 -0.006308 -0.029738 -0.930320 0.000000 
1.000000e-01 1.003246e-01 9.749978e-02 1.003463e-01 1.000000e-01 1.597622e+00 -0.995831 0.005973 0.028216 0.933654 0.023459 0.004530 0.995831 -0.006308 -0.029738 -0.930320 0.000000 
1.000000e-01 1.003246e-01 9.749978e-02 1.003463e-01 1.000000e-01 1.597622e+00 -0.995831 0.005973 0.028216 0.933654 0.023459 0.004530 0.995831 -0.006308 -0.029738 -0.930320 0.000000 
1.000000e-01 1.003246e-01 9.749978e-02 1.003463e-01 1.000000e-01 1.597622e+00 -0.995831 0.005973 0.028216 0.933654 0.023459 0.004530 0.995831 -0.006308 -0.029738 -0.930320 0.000000 
1.000000e-01 1.003246e-01 9.749978e-02 1.003463e-01 1.000000e-01 1.597622e+00 -0.995831 0.005973 0.028216 0.933654 0.023459 0.004530 0.995831 -0.006308 -0.029738 -0.930320 0.000000 
1.000000e-01 1.003246e-01 9.749978e-02 1.003463e-01 1.000000e-01 1.597622e+00 -0.995831 0.005973 0.028216 0.933654 0.023459 0.004530 0.995831 -0.006308 -0.029738 -0.930320 0.000000 
1.000000e-01 1.003246e-01 9.749978e-02 1.003463e-01 1.000000e-01 1.597622e+00 -0.995831 0.005973 0.028216 0.933654 0.023459 0.004530 0.995831 -0.006308 -0.029738 -0.930320 0.000000 
1.000000e-01 1.003246e-01 9.749978e-02 1.003463e-01 1.000000e-01 1.597622e+00 -0.995831 0.005973 0.028216 0.933654 0.023459 0.004530 0.995831 -0.006308 -0.029738 -0.930320 0.000000 
1.000000e-01 1.003246e-01 9.749978e-02 1.003463e-01 1.000000e-01 1.597622e+00 -0.995831 0.005973 0.028216 0.933654 0.023459 0.004530 0.995831 -0.006308 -0.029738 -0.930320 0.000000 
1.000000e-01 1.003246e-01 9.749978e-02 1.003463e-01 1.000000e-01 1.597622e+00 -0.995831 0.005973 0.028216 0.933654 0.023459 0.004530 0.995831 -0.006308 -0.029738 -0.930320 0.000000 
1.000000e-01 1.003246e-01 9.749978e-02 1.003463e-01 1.000000e-01 1.597622e+00 -0.995831 0.005973 0.028216 0.933654 0.023459 0.004530 0.995831 -0.006308 -0.029738 -0.930320 0.000000 
1.000000e-01 1.003246e-01 9.749978e-02 1.003463e-01 1.000000e-01 1.597622e+00 -0.995831 0.005973 0.028216 0.933654 0.023459 0.004530 0.995831 -0.006308 -0.029738 -0.930320 0.000000 
1.000000e-01 1.003246e-01 9.749978e-02 1.003463e-01 1.000000e-01 1.597622e+00 -0.995831 0.005973 0.028216 0.933654 0.023459 0.004530 0.995831 -0.006308 -0.029738 -0.930320 0.000000 
1.000000e-01 1.003246e-01 9.749978e-02 1.003463e-01 1.000000e-01 1.597622e+00 -0.995831 0.005973 0.028216 0.933654 0.023459 0.004530 0.995831 -0.006308 -0.029738 -0.930320 0.000000 
1.000000e-01 1.003246e-01 9.749978e-02 1.003463e-01 1.000000e-01 1.597622e+00 -0.995831 0.005973 0.028216 0.933654 0.023459 0.004530 0.995831 -0.006308 -0.029738 -0.930320 0.000000 
1.000000e-01 1.003246e-01 9.749978e-02 1.003463e-01 1.000000e-01 1.597622e+00 -0.995831 0.005973 0.028216 0.933654 0.023459 0.004530 0.995831 -0.006308 -0.029738 -0.930320 0.000000 
1.000000e-01 1.003246e-01 9.749978e-02 1.003463e-01 1.000000e-01 1.597622e+00 -0.995831 0.005973 0.028216 0.933654 0.023459 0.004530 0.995831 -0.006308 -0.029738 -0.930320 0.000000 
1.000000e-01 1.003246e-01 9.749978e-02 1.003463e-01 1.000000e-01 1.597622e+00 -0.995831 0.005973 0.028216 0.933654 0.023459 0.004530 0.995831 -0.006308 -0.029738 -0.930320 0.000000 
1.000000e-01 1.003246e-01 9.749978e-02 1.003463e-01 1.000000e-01 1.597622e+00 -0.995831 0.005973 0.028216 0.933654 0.023459 0.004530 0.995831 -0.006308 -0.029738 -0.930320 0.000000 
1.000000e-01 1.003246e-01 9.749978e-02 1.003463e-01 1.000000e-01 1.597622e+00 -0.995831 0.005973 0.028216 0.933654 0.023459 0.004530 0.995831 -0.006308 -0.029738 -0.930320 0.000000 
1.000000e-01 1.003246e-01 9.749978e-02 1.003463e-01 1.000000e-01 1.597622e+00 -0.995831 0.005973 0.028216 0.933654 0.023459 0.004530 0.995831 -0.006308 -0.029738 -0.930320 0.000000 
1.000000e-01 1.003246e-01 9.749978e-02 1.003463e-01 1.000000e-01 1.597622e+00 -0.995831 0.005973 0.028216 0.933654 0.023459 0.004530 0.995831 -0.006308 -0.029738 -0.930320 0.000000 
1.000000e-01 1.003246e-01 9.749978e-02 1.003463e-01 1.000000e-01 1.597622e+00 -0.995831 0.005973 0.028216 0.933654 0.023459 0.004530 0.995831 -0.006308 -0.029738 -0.930320 0.000000 
