# TeX TeY TeZ ThX ThY THZ P1 P2
1.300000e-01 1.000000e-01 1.130000e+00 1.300000e-01 1.000000e-01 1.130000e+00 0.000000 0.000000 0.000000 0.000000 0.000000 0.000000 0.000000 0.000000 0.000000 0.000000 0.000000 
1.300000e-01 1.000000e-01 1.119798e+00 1.300000e-01 1.000000e-01 1.137827e+00 -0.011911 0.001513 0.003036 0.003062 0.003102 0.001199 0.011911 -0.001529 -0.003058 -0.003061 0.000000 
1.300000e-01 1.000000e-01 1.109540e+00 1.300000e-01 1.000000e-01 1.145634e+00 -0.023846 0.003028 0.006078 0.006131 0.006210 0.002400 0.023846 -0.003060 -0.006122 -0.006128 0.000000 
1.300000e-01 1.000000e-01 1.099228e+00 1.300000e-01 1.000000e-01 1.153420e+00 -0.035803 0.004547 0.009125 0.009205 0.009324 0.003603 0.035803 -0.004595 -0.009192 -0.009200 0.000000 
1.300000e-01 1.000000e-01 1.088862e+00 1.300000e-01 1.000000e-01 1.161186e+00 -0.047783 0.006068 0.012178 0.012285 0.012444 0.004808 0.047783 -0.006133 -0.012268 -0.012279 0.000000 
1.300000e-01 1.000000e-01 1.078442e+00 1.300000e-01 1.000000e-01 1.168931e+00 -0.059784 0.007591 0.015236 0.015370 0.015570 0.006016 0.059784 -0.007673 -0.015349 -0.015363 0.000000 
1.300000e-01 1.000000e-01 1.067969e+00 1.300000e-01 1.000000e-01 1.176656e+00 -0.071807 0.009117 0.018298 0.018461 0.018704 0.007228 0.071807 -0.009216 -0.018435 -0.018452 0.000000 
1.300000e-01 1.000000e-01 1.057443e+00 1.300000e-01 1.000000e-01 1.184359e+00 -0.083851 0.010643 0.021364 0.021558 0.021844 0.008442 0.083850 -0.010762 -0.021527 -0.021547 0.000000 
1.300000e-01 1.000000e-01 1.046865e+00 1.299999e-01 1.000000e-01 1.192040e+00 -0.095914 0.012171 0.024432 0.024660 0.024993 0.009659 0.095914 -0.012310 -0.024625 -0.024647 0.000000 
1.300000e-01 1.000000e-01 1.036235e+00 1.299999e-01 1.000000e-01 1.199700e+00 -0.107998 0.013699 0.027503 0.027767 0.028149 0.010880 0.107998 -0.013861 -0.027727 -0.027753 0.000000 
1.300000e-01 1.000000e-01 1.025553e+00 1.299999e-01 1.000000e-01 1.207338e+00 -0.120101 0.015227 0.030576 0.030879 0.031314 0.012104 0.120101 -0.015414 -0.030834 -0.030863 0.000000 
1.300000e-01 1.000000e-01 1.014821e+00 1.299999e-01 1.000000e-01 1.214954e+00 -0.132223 0.016756 0.033651 0.033997 0.034487 0.013333 0.132223 -0.016970 -0.033946 -0.033978 0.000000 
1.300000e-01 1.000000e-01 1.004038e+00 1.299999e-01 1.000000e-01 1.222547e+00 -0.144364 0.018283 0.036725 0.037119 0.037670 0.014565 0.144364 -0.018528 -0.037063 -0.037098 0.000000 
1.300000e-01 1.000000e-01 9.932055e-01 1.299999e-01 1.000000e-01 1.230118e+00 -0.156523 0.019810 0.039800 0.040247 0.040862 0.015802 0.156522 -0.020089 -0.040185 -0.040222 0.000000 
1.300000e-01 1.000000e-01 9.823232e-01 1.299998e-01 1.000000e-01 1.237665e+00 -0.168699 0.021335 0.042874 0.043380 0.044066 0.017044 0.168699 -0.021651 -0.043311 -0.043351 0.000000 
1.300000e-01 1.000000e-01 9.713917e-01 1.299998e-01 1.000000e-01 1.245189e+00 -0.180892 0.022857 0.045946 0.046517 0.047280 0.018291 0.180892 -0.023216 -0.046441 -0.046484 0.000000 
1.300000e-01 1.000000e-01 9.604116e-01 1.299998e-01 1.000000e-01 1.252690e+00 -0.193102 0.024377 0.049016 0.049659 0.050506 0.019543 0.193102 -0.024783 -0.049576 -0.049622 0.000000 
1.300000e-01 1.000000e-01 9.493832e-01 1.299997e-01 1.000000e-01 1.260167e+00 -0.205328 0.025893 0.052082 0.052807 0.053745 0.020802 0.205328 -0.026352 -0.052715 -0.052764 0.000000 
1.300000e-01 1.000000e-01 9.383069e-01 1.299997e-01 1.000000e-01 1.267619e+00 -0.217570 0.027404 0.055142 0.055959 0.056998 0.022067 0.217569 -0.027924 -0.055858 -0.055909 0.000000 
1.300000e-01 1.000000e-01 9.271833e-01 1.299996e-01 1.000000e-01 1.275048e+00 -0.229826 0.028910 0.058198 0.059115 0.060264 0.023338 0.229826 -0.029497 -0.059004 -0.059059 0.000000 
1.300000e-01 1.000000e-01 9.160126e-01 1.299996e-01 1.000000e-01 1.282451e+00 -0.242098 0.030409 0.061244 0.062277 0.063548 0.024618 0.242098 -0.031072 -0.062155 -0.062212 0.000000 
1.300000e-01 1.000000e-01 9.047954e-01 1.299995e-01 1.000000e-01 1.289830e+00 -0.254384 0.031902 0.064284 0.065443 0.066848 0.025906 0.254383 -0.032648 -0.065309 -0.065370 0.000000 
1.300000e-01 1.000000e-01 8.935320e-01 1.299995e-01 1.000000e-01 1.297183e+00 -0.266683 0.033385 0.067311 0.068615 0.070168 0.027203 0.266683 -0.034227 -0.068467 -0.068530 0.000000 
1.300000e-01 1.000000e-01 8.822228e-01 1.299994e-01 1.000000e-01 1.304511e+00 -0.278996 0.034859 0.070328 0.071792 0.073507 0.028509 0.278996 -0.035807 -0.071628 -0.071694 0.000000 
1.300000e-01 1.000000e-01 8.708683e-01 1.299993e-01 1.000000e-01 1.311812e+00 -0.291322 0.036320 0.073329 0.074974 0.076870 0.029827 0.291322 -0.037389 -0.074792 -0.074862 0.000000 
1.300000e-01 1.000000e-01 8.594688e-01 1.299992e-01 1.000000e-01 1.319088e+00 -0.303660 0.037770 0.076315 0.078162 0.080256 0.031156 0.303660 -0.038973 -0.077960 -0.078032 0.000000 
1.300000e-01 1.000000e-01 8.480248e-01 1.299991e-01 1.000000e-01 1.326337e+00 -0.316010 0.039204 0.079281 0.081355 0.083670 0.032499 0.316009 -0.040558 -0.081131 -0.081206 0.000000 
1.300000e-01 1.000000e-01 8.365366e-01 1.299989e-01 1.000000e-01 1.333559e+00 -0.328371 0.040620 0.082227 0.084555 0.087113 0.033855 0.328371 -0.042144 -0.084304 -0.084382 0.000000 
1.300000e-01 1.000000e-01 8.250046e-01 1.299988e-01 1.000000e-01 1.340753e+00 -0.340743 0.042019 0.085148 0.087762 0.090587 0.035227 0.340743 -0.043732 -0.087480 -0.087562 0.000000 
1.300000e-01 1.000000e-01 8.134292e-01 1.299986e-01 1.000000e-01 1.347920e+00 -0.353126 0.043394 0.088041 0.090976 0.094098 0.036616 0.353125 -0.045321 -0.090660 -0.090744 0.000000 
1.300000e-01 1.000000e-01 8.018108e-01 1.299984e-01 1.000000e-01 1.355060e+00 -0.365518 0.044746 0.090906 0.094199 0.097645 0.038021 0.365518 -0.046912 -0.093841 -0.093928 0.000000 
1.300000e-01 1.000000e-01 7.901497e-01 1.299982e-01 1.000000e-01 1.362170e+00 -0.377920 0.046068 0.093731 0.097431 0.101240 0.039450 0.377920 -0.048503 -0.097025 -0.097115 0.000000 
1.300000e-01 9.999999e-02 7.784464e-01 1.299979e-01 1.000000e-01 1.369253e+00 -0.390331 0.047360 0.096521 0.100674 0.104877 0.040898 0.390331 -0.050096 -0.100211 -0.100304 0.000000 
1.300000e-01 9.999999e-02 7.667011e-01 1.299976e-01 1.000000e-01 1.376306e+00 -0.402751 0.048615 0.099264 0.103929 0.108570 0.042371 0.402751 -0.051690 -0.103400 -0.103496 0.000000 
1.300000e-01 9.999999e-02 7.549144e-01 1.299973e-01 1.000000e-01 1.383330e+00 -0.415178 0.049831 0.101958 0.107199 0.112319 0.043870 0.415178 -0.053285 -0.106591 -0.106689 0.000000 
1.300000e-01 9.999999e-02 7.430864e-01 1.299969e-01 1.000000e-01 1.390324e+00 -0.427613 0.051004 0.104600 0.110485 0.116128 0.045395 0.427613 -0.054881 -0.109783 -0.109885 0.000000 
1.300000e-01 9.999999e-02 7.312176e-01 1.299965e-01 1.000000e-01 1.397287e+00 -0.440055 0.052121 0.107175 0.113792 0.120014 0.046953 0.440055 -0.056478 -0.112977 -0.113082 0.000000 
1.300000e-01 9.999999e-02 7.193083e-01 1.299960e-01 1.000000e-01 1.404221e+00 -0.452504 0.053186 0.109685 0.117120 0.123971 0.048541 0.452504 -0.058076 -0.116173 -0.116281 0.000000 
1.300000e-01 9.999998e-02 7.073589e-01 1.299954e-01 1.000000e-01 1.411123e+00 -0.464959 0.054184 0.112116 0.120478 0.128016 0.050164 0.464958 -0.059674 -0.119371 -0.119482 0.000000 
1.300000e-01 9.999998e-02 6.953698e-01 1.299948e-01 1.000000e-01 1.417994e+00 -0.477419 0.055109 0.114459 0.123870 0.132156 0.051824 0.477419 -0.061273 -0.122570 -0.122683 0.000000 
1.300000e-01 9.999998e-02 6.833411e-01 1.299941e-01 1.000000e-01 1.424834e+00 -0.489884 0.055959 0.116714 0.127298 0.136392 0.053520 0.489884 -0.062873 -0.125770 -0.125887 0.000000 
1.300000e-01 9.999997e-02 6.712734e-01 1.299932e-01 1.000000e-01 1.431641e+00 -0.502354 0.056709 0.118849 0.130780 0.140756 0.055259 0.502354 -0.064474 -0.128972 -0.129091 0.000000 
1.300000e-01 9.999997e-02 6.591669e-01 1.299923e-01 1.000000e-01 1.438416e+00 -0.514828 0.057361 0.120870 0.134318 0.145240 0.057037 0.514828 -0.066075 -0.132174 -0.132297 0.000000 
1.300000e-01 9.999996e-02 6.470220e-01 1.299912e-01 1.000000e-01 1.445157e+00 -0.527305 0.057905 0.122764 0.137923 0.149858 0.058854 0.527305 -0.067676 -0.135377 -0.135503 0.000000 
1.300000e-01 9.999995e-02 6.348390e-01 1.299900e-01 1.000000e-01 1.451865e+00 -0.539786 0.058307 0.124489 0.141623 0.154651 0.060715 0.539785 -0.069278 -0.138582 -0.138710 0.000000 
1.300000e-01 9.999995e-02 6.226182e-01 1.299886e-01 1.000000e-01 1.458540e+00 -0.552269 0.058573 0.126054 0.145422 0.159608 0.062611 0.552269 -0.070880 -0.141786 -0.141918 0.000000 
1.300000e-01 9.999993e-02 6.103599e-01 1.299870e-01 1.000000e-01 1.465180e+00 -0.564754 0.058687 0.127436 0.149340 0.164752 0.064539 0.564754 -0.072482 -0.144992 -0.145126 0.000000 
1.300000e-01 9.999992e-02 5.980645e-01 1.299851e-01 1.000000e-01 1.471785e+00 -0.577241 0.058602 0.128575 0.153428 0.170139 0.066496 0.577240 -0.074085 -0.148198 -0.148335 0.000000 
1.300000e-01 9.999990e-02 5.857322e-01 1.299830e-01 1.000000e-01 1.478355e+00 -0.589729 0.058329 0.129481 0.157692 0.175760 0.068466 0.589728 -0.075687 -0.151404 -0.151544 0.000000 
1.300000e-01 9.999988e-02 5.733634e-01 1.299806e-01 1.000000e-01 1.484890e+00 -0.602217 0.057849 0.130121 0.162166 0.181643 0.070437 0.602217 -0.077290 -0.154610 -0.154753 0.000000 
1.300000e-01 9.999986e-02 5.609584e-01 1.299779e-01 1.000000e-01 1.491388e+00 -0.614705 0.057095 0.130398 0.166942 0.187885 0.072384 0.614705 -0.078893 -0.157816 -0.157962 0.000000 
1.300000e-01 9.999983e-02 5.485175e-01 1.299747e-01 1.000000e-01 1.497850e+00 -0.627194 0.056082 0.130312 0.172036 0.194483 0.074280 0.627193 -0.080496 -0.161022 -0.161172 0.000000 
1.300000e-01 9.999979e-02 5.360409e-01 1.299711e-01 1.000000e-01 1.504273e+00 -0.639680 0.054791 0.129815 0.177502 0.201483 0.076088 0.639680 -0.082098 -0.164228 -0.164380 0.000000 
1.300000e-01 9.999975e-02 5.235290e-01 1.299671e-01 1.000000e-01 1.510657e+00 -0.652164 0.053168 0.128795 0.183454 0.208997 0.077749 0.652164 -0.083700 -0.167433 -0.167589 0.000000 
1.300000e-01 9.999970e-02 5.109821e-01 1.299625e-01 1.000000e-01 1.517001e+00 -0.664645 0.051183 0.127154 0.189996 0.217127 0.079183 0.664645 -0.085302 -0.170637 -0.170796 0.000000 
1.300000e-01 9.999963e-02 4.984004e-01 1.299574e-01 1.000000e-01 1.523305e+00 -0.677122 0.048843 0.124849 0.197178 0.225926 0.080325 0.677122 -0.086903 -0.173841 -0.174003 0.000000 
1.300000e-01 9.999956e-02 4.857843e-01 1.299516e-01 1.000000e-01 1.529567e+00 -0.689595 0.046129 0.121770 0.205107 0.235517 0.081071 0.689595 -0.088504 -0.177043 -0.177208 0.000000 
1.300000e-01 9.999946e-02 4.731340e-01 1.299454e-01 1.000000e-01 1.535788e+00 -0.702064 0.042975 0.117677 0.214007 0.246180 0.081225 0.702063 -0.090104 -0.180244 -0.180413 0.000000 
1.300000e-01 9.999935e-02 4.604498e-01 1.299389e-01 1.000000e-01 1.541966e+00 -0.714526 0.039387 0.112444 0.223976 0.258092 0.080626 0.714526 -0.091703 -0.183443 -0.183617 0.000000 
1.300000e-01 9.999921e-02 4.477320e-01 1.299324e-01 1.000000e-01 1.548101e+00 -0.726980 0.035386 0.105969 0.235073 0.271433 0.079119 0.726980 -0.093300 -0.186641 -0.186819 0.000000 
1.300000e-01 9.999903e-02 4.349809e-01 1.299268e-01 1.000000e-01 1.554190e+00 -0.739424 0.030976 0.098088 0.247377 0.286489 0.076493 0.739423 -0.094896 -0.189836 -0.190019 0.000000 
1.300000e-01 9.999883e-02 4.221966e-01 1.299239e-01 1.000000e-01 1.560231e+00 -0.751849 0.026162 0.088594 0.260936 0.303682 0.072475 0.751848 -0.096489 -0.193026 -0.193216 0.000000 
1.300000e-01 9.999857e-02 4.093796e-01 1.299274e-01 1.000000e-01 1.566218e+00 -0.764240 0.020963 0.077241 0.275649 0.323673 0.066712 0.764240 -0.098076 -0.196207 -0.196405 0.000000 
1.300000e-01 9.999826e-02 3.965300e-01 1.299458e-01 1.000000e-01 1.572138e+00 -0.776569 0.015516 0.064278 0.290808 0.346686 0.059280 0.776569 -0.099654 -0.199373 -0.199582 0.000000 
1.300000e-01 9.999788e-02 3.836482e-01 1.299983e-01 1.000000e-01 1.577965e+00 -0.788777 0.009982 0.050025 0.305121 0.373338 0.050310 0.788776 -0.101214 -0.202508 -0.202733 0.000000 
1.300000e-01 9.999741e-02 3.707343e-01 1.301331e-01 1.000000e-01 1.583638e+00 -0.800748 0.004647 0.035288 0.315813 0.404625 0.040374 0.800748 -0.102741 -0.205582 -0.205829 0.000000 
1.300000e-01 9.999684e-02 3.577886e-01 1.304952e-01 1.000000e-01 1.589016e+00 -0.812278 -0.000017 0.021523 0.316338 0.443761 0.030672 0.812277 -0.104205 -0.208543 -0.208822 0.000000 
1.300000e-01 9.999615e-02 3.448115e-01 1.315737e-01 1.000000e-01 1.593779e+00 -0.823175 -0.003583 0.010148 0.288187 0.505641 0.022783 0.823175 -0.105581 -0.211343 -0.211669 0.000000 
1.300000e-01 9.999530e-02 3.318030e-01 1.339761e-01 1.000000e-01 1.597501e+00 -0.834544 -0.008208 -0.004925 0.179250 0.655816 0.012611 0.834544 -0.107004 -0.214265 -0.214661 0.000000 
1.300000e-01 9.999425e-02 3.187636e-01 1.339761e-01 1.000000e-01 1.597501e+00 -0.843159 -0.007103 -0.002713 0.181463 0.658042 0.013469 0.843159 -0.108056 -0.216481 -0.216982 0.000000 
1.300000e-01 9.999297e-02 3.056933e-01 1.339761e-01 1.000000e-01 1.597501e+00 -0.851795 -0.005994 -0.000496 0.183683 0.660273 0.014329 0.851794 -0.109083 -0.218704 -0.219365 0.000000 
1.300000e-01 9.999141e-02 2.925925e-01 1.339761e-01 1.000000e-01 1.597501e+00 -0.860450 -0.004884 0.001726 0.185907 0.662510 0.015191 0.860450 -0.110068 -0.220936 -0.221840 0.000000 
1.300000e-01 9.998949e-02 2.794614e-01 1.339761e-01 1.000000e-01 1.597501e+00 -0.869126 -0.003770 0.003953 0.188136 0.664751 0.016055 0.869126 -0.110991 -0.223178 -0.224451 0.000000 
1.300000e-01 9.998715e-02 2.663002e-01 1.339761e-01 1.000000e-01 1.597501e+00 -0.877821 -0.002654 0.006186 0.190371 0.666998 0.016920 0.877821 -0.111815 -0.225432 -0.227274 0.000000 
1.300000e-01 9.998429e-02 2.531091e-01 1.339761e-01 1.000000e-01 1.597501e+00 -0.886537 -0.001536 0.008423 0.192610 0.669250 0.017788 0.886537 -0.112487 -0.227700 -0.230417 0.000000 
1.300000e-01 9.998080e-02 2.398884e-01 1.339761e-01 1.000000e-01 1.597501e+00 -0.895272 -0.000414 0.010666 0.194855 0.671507 0.018658 0.895272 -0.112933 -0.229984 -0.234037 0.000000 
1.300000e-01 9.997658e-02 2.266381e-01 1.339761e-01 1.000000e-01 1.597501e+00 -0.904027 0.000709 0.012913 0.197105 0.673769 0.019530 0.904027 -0.113014 -0.232282 -0.238437 0.000000 
1.300000e-01 9.997148e-02 2.133585e-01 1.339761e-01 1.000000e-01 1.597501e+00 -0.912802 0.001835 0.015166 0.199360 0.676037 0.020403 0.912802 -0.112560 -0.234583 -0.244009 0.000000 
1.300000e-01 9.996541e-02 2.000497e-01 1.339761e-01 1.000000e-01 1.597501e+00 -0.921597 0.002964 0.017424 0.201620 0.678309 0.021279 0.921596 -0.111313 -0.236849 -0.251393 0.000000 
1.300000e-01 9.995829e-02 1.867118e-01 1.339761e-01 1.000000e-01 1.597501e+00 -0.930412 0.004095 0.019687 0.203885 0.680587 0.022157 0.930411 -0.108821 -0.238955 -0.261818 0.000000 
1.300000e-01 9.995018e-02 1.733448e-01 1.339761e-01 1.000000e-01 1.597501e+00 -0.939247 0.005230 0.021956 0.206155 0.682870 0.023037 0.939247 -0.104576 -0.240598 -0.277002 0.000000 
1.300000e-01 9.994154e-02 1.599484e-01 1.339761e-01 1.000000e-01 1.597501e+00 -0.948105 0.006366 0.024230 0.208432 0.685158 0.023919 0.948105 -0.097865 -0.241035 -0.299986 0.000000 
1.300000e-01 9.993424e-02 1.465207e-01 1.339761e-01 1.000000e-01 1.597501e+00 -0.956992 0.007507 0.026511 0.210715 0.687454 0.024804 0.956992 -0.087624 -0.238179 -0.337207 0.000000 
1.300000e-01 9.993620e-02 1.330528e-01 1.339761e-01 1.000000e-01 1.597501e+00 -0.965935 0.008655 0.028807 0.213013 0.689765 0.025694 0.965935 -0.073004 -0.227214 -0.399746 0.000000 
1.300000e-01 9.998137e-02 1.195004e-01 1.339761e-01 1.000000e-01 1.597501e+00 -0.975071 0.009827 0.031153 0.215361 0.692126 0.026604 0.975071 -0.053052 -0.196295 -0.511235 0.000000 
1.300000e-01 1.001667e-01 1.056885e-01 1.339761e-01 1.000000e-01 1.597501e+00 -0.985021 0.011104 0.033707 0.217918 0.694697 0.027594 0.985021 -0.025949 -0.115292 -0.726975 0.000000 
1.300000e-01 1.003093e-01 9.749760e-02 1.339761e-01 1.000000e-01 1.597501e+00 -0.991700 0.011961 0.035422 0.219634 0.696422 0.028260 0.991700 -0.005774 -0.028670 -0.929319 0.000000 
1.300000e-01 1.003093e-01 9.749760e-02 1.339761e-01 1.000000e-01 1.597501e+00 -0.991700 0.011961 0.035422 0.219634 0.696422 0.028260 0.991700 -0.005774 -0.028670 -0.929319 0.000000 
1.300000e-01 1.003093e-01 9.749760e-02 1.339761e-01 1.000000e-01 1.597501e+00 -0.991700 0.011961 0.035422 0.219634 0.696422 0.028260 0.991700 -0.005774 -0.028670 -0.929319 0.000000 
1.300000e-01 1.003093e-01 9.749760e-02 1.339761e-01 1.000000e-01 1.597501e+00 -0.991700 0.011961 0.035422 0.219634 0.696422 0.028260 0.991700 -0.005774 -0.028670 -0.929319 0.000000 
1.300000e-01 1.003093e-01 9.749760e-02 1.339761e-01 1.000000e-01 1.597501e+00 -0.991700 0.011961 0.035422 0.219634 0.696422 0.028260 0.991700 -0.005774 -0.028670 -0.929319 0.000000 
1.300000e-01 1.003093e-01 9.749760e-02 1.339761e-01 1.000000e-01 1.597501e+00 -0.991700 0.011961 0.035422 0.219634 0.696422 0.028260 0.991700 -0.005774 -0.028670 -0.929319 0.000000 
1.300000e-01 1.003093e-01 9.749760e-02 1.339761e-01 1.000000e-01 1.597501e+00 -0.991700 0.011961 0.035422 0.219634 0.696422 0.028260 0.991700 -0.005774 -0.028670 -0.929319 0.000000 
1.300000e-01 1.003093e-01 9.749760e-02 1.339761e-01 1.000000e-01 1.597501e+00 -0.991700 0.011961 0.035422 0.219634 0.696422 0.028260 0.991700 -0.005774 -0.028670 -0.929319 0.000000 
1.300000e-01 1.003093e-01 9.749760e-02 1.339761e-01 1.000000e-01 1.597501e+00 -0.991700 0.011961 0.035422 0.219634 0.696422 0.028260 0.991700 -0.005774 -0.028670 -0.929319 0.000000 
1.300000e-01 1.003093e-01 9.749760e-02 1.339761e-01 1.000000e-01 1.597501e+00 -0.991700 0.011961 0.035422 0.219634 0.696422 0.028260 0.991700 -0.005774 -0.028670 -0.929319 0.000000 
1.300000e-01 1.003093e-01 9.749760e-02 1.339761e-01 1.000000e-01 1.597501e+00 -0.991700 0.011961 0.035422 0.219634 0.696422 0.028260 0.991700 -0.005774 -0.028670 -0.929319 0.000000 
1.300000e-01 1.003093e-01 9.749760e-02 1.339761e-01 1.000000e-01 1.597501e+00 -0.991700 0.011961 0.035422 0.219634 0.696422 0.028260 0.991700 -0.005774 -0.028670 -0.929319 0.000000 
1.300000e-01 1.003093e-01 9.749760e-02 1.339761e-01 1.000000e-01 1.597501e+00 -0.991700 0.011961 0.035422 0.219634 0.696422 0.028260 0.991700 -0.005774 -0.028670 -0.929319 0.000000 
1.300000e-01 1.003093e-01 9.749760e-02 1.339761e-01 1.000000e-01 1.597501e+00 -0.991700 0.011961 0.035422 0.219634 0.696422 0.028260 0.991700 -0.005774 -0.028670 -0.929319 0.000000 
1.300000e-01 1.003093e-01 9.749760e-02 1.339761e-01 1.000000e-01 1.597501e+00 -0.991700 0.011961 0.035422 0.219634 0.696422 0.028260 0.991700 -0.005774 -0.028670 -0.929319 0.000000 
1.300000e-01 1.003093e-01 9.749760e-02 1.339761e-01 1.000000e-01 1.597501e+00 -0.991700 0.011961 0.035422 0.219634 0.696422 0.028260 0.991700 -0.005774 -0.028670 -0.929319 0.000000 
1.300000e-01 1.003093e-01 9.749760e-02 1.339761e-01 1.000000e-01 1.597501e+00 -0.991700 0.011961 0.035422 0.219634 0.696422 0.028260 0.991700 -0.005774 -0.028670 -0.929319 0.000000 
1.300000e-01 1.003093e-01 9.749760e-02 1.339761e-01 1.000000e-01 1.597501e+00 -0.991700 0.011961 0.035422 0.219634 0.696422 0.028260 0.991700 -0.005774 -0.028670 -0.929319 0.000000 
1.300000e-01 1.003093e-01 9.749760e-02 1.339761e-01 1.000000e-01 1.597501e+00 -0.991700 0.011961 0.035422 0.219634 0.696422 0.028260 0.991700 -0.005774 -0.028670 -0.929319 0.000000 
1.300000e-01 1.003093e-01 9.749760e-02 1.339761e-01 1.000000e-01 1.597501e+00 -0.991700 0.011961 0.035422 0.219634 0.696422 0.028260 0.991700 -0.005774 -0.028670 -0.929319 0.000000 
1.300000e-01 1.003093e-01 9.749760e-02 1.339761e-01 1.000000e-01 1.597501e+00 -0.991700 0.011961 0.035422 0.219634 0.696422 0.028260 0.991700 -0.005774 -0.028670 -0.929319 0.000000 
1.300000e-01 1.003093e-01 9.749760e-02 1.339761e-01 1.000000e-01 1.597501e+00 -0.991700 0.011961 0.035422 0.219634 0.696422 0.028260 0.991700 -0.005774 -0.028670 -0.929319 0.000000 
1.300000e-01 1.003093e-01 9.749760e-02 1.339761e-01 1.000000e-01 1.597501e+00 -0.991700 0.011961 0.035422 0.219634 0.696422 0.028260 0.991700 -0.005774 -0.028670 -0.929319 0.000000 
1.300000e-01 1.003093e-01 9.749760e-02 1.339761e-01 1.000000e-01 1.597501e+00 -0.991700 0.011961 0.035422 0.219634 0.696422 0.028260 0.991700 -0.005774 -0.028670 -0.929319 0.000000 
1.300000e-01 1.003093e-01 9.749760e-02 1.339761e-01 1.000000e-01 1.597501e+00 -0.991700 0.011961 0.035422 0.219634 0.696422 0.028260 0.991700 -0.005774 -0.028670 -0.929319 0.000000 
1.300000e-01 1.003093e-01 9.749760e-02 1.339761e-01 1.000000e-01 1.597501e+00 -0.991700 0.011961 0.035422 0.219634 0.696422 0.028260 0.991700 -0.005774 -0.028670 -0.929319 0.000000 
1.300000e-01 1.003093e-01 9.749760e-02 1.339761e-01 1.000000e-01 1.597501e+00 -0.991700 0.011961 0.035422 0.219634 0.696422 0.028260 0.991700 -0.005774 -0.028670 -0.929319 0.000000 
1.300000e-01 1.003093e-01 9.749760e-02 1.339761e-01 1.000000e-01 1.597501e+00 -0.991700 0.011961 0.035422 0.219634 0.696422 0.028260 0.991700 -0.005774 -0.028670 -0.929319 0.000000 
1.300000e-01 1.003093e-01 9.749760e-02 1.339761e-01 1.000000e-01 1.597501e+00 -0.991700 0.011961 0.035422 0.219634 0.696422 0.028260 0.991700 -0.005774 -0.028670 -0.929319 0.000000 
1.300000e-01 1.003093e-01 9.749760e-02 1.339761e-01 1.000000e-01 1.597501e+00 -0.991700 0.011961 0.035422 0.219634 0.696422 0.028260 0.991700 -0.005774 -0.028670 -0.929319 0.000000 
1.300000e-01 1.003093e-01 9.749760e-02 1.339761e-01 1.000000e-01 1.597501e+00 -0.991700 0.011961 0.035422 0.219634 0.696422 0.028260 0.991700 -0.005774 -0.028670 -0.929319 0.000000 
1.300000e-01 1.003093e-01 9.749760e-02 1.339761e-01 1.000000e-01 1.597501e+00 -0.991700 0.011961 0.035422 0.219634 0.696422 0.028260 0.991700 -0.005774 -0.028670 -0.929319 0.000000 
1.300000e-01 1.003093e-01 9.749760e-02 1.339761e-01 1.000000e-01 1.597501e+00 -0.991700 0.011961 0.035422 0.219634 0.696422 0.028260 0.991700 -0.005774 -0.028670 -0.929319 0.000000 
1.300000e-01 1.003093e-01 9.749760e-02 1.339761e-01 1.000000e-01 1.597501e+00 -0.991700 0.011961 0.035422 0.219634 0.696422 0.028260 0.991700 -0.005774 -0.028670 -0.929319 0.000000 
1.300000e-01 1.003093e-01 9.749760e-02 1.339761e-01 1.000000e-01 1.597501e+00 -0.991700 0.011961 0.035422 0.219634 0.696422 0.028260 0.991700 -0.005774 -0.028670 -0.929319 0.000000 
1.300000e-01 1.003093e-01 9.749760e-02 1.339761e-01 1.000000e-01 1.597501e+00 -0.991700 0.011961 0.035422 0.219634 0.696422 0.028260 0.991700 -0.005774 -0.028670 -0.929319 0.000000 
1.300000e-01 1.003093e-01 9.749760e-02 1.339761e-01 1.000000e-01 1.597501e+00 -0.991700 0.011961 0.035422 0.219634 0.696422 0.028260 0.991700 -0.005774 -0.028670 -0.929319 0.000000 
1.300000e-01 1.003093e-01 9.749760e-02 1.339761e-01 1.000000e-01 1.597501e+00 -0.991700 0.011961 0.035422 0.219634 0.696422 0.028260 0.991700 -0.005774 -0.028670 -0.929319 0.000000 
1.300000e-01 1.003093e-01 9.749760e-02 1.339761e-01 1.000000e-01 1.597501e+00 -0.991700 0.011961 0.035422 0.219634 0.696422 0.028260 0.991700 -0.005774 -0.028670 -0.929319 0.000000 
1.300000e-01 1.003093e-01 9.749760e-02 1.339761e-01 1.000000e-01 1.597501e+00 -0.991700 0.011961 0.035422 0.219634 0.696422 0.028260 0.991700 -0.005774 -0.028670 -0.929319 0.000000 
1.300000e-01 1.003093e-01 9.749760e-02 1.339761e-01 1.000000e-01 1.597501e+00 -0.991700 0.011961 0.035422 0.219634 0.696422 0.028260 0.991700 -0.005774 -0.028670 -0.929319 0.000000 
1.300000e-01 1.003093e-01 9.749760e-02 1.339761e-01 1.000000e-01 1.597501e+00 -0.991700 0.011961 0.035422 0.219634 0.696422 0.028260 0.991700 -0.005774 -0.028670 -0.929319 0.000000 
1.300000e-01 1.003093e-01 9.749760e-02 1.339761e-01 1.000000e-01 1.597501e+00 -0.991700 0.011961 0.035422 0.219634 0.696422 0.028260 0.991700 -0.005774 -0.028670 -0.929319 0.000000 
1.300000e-01 1.003093e-01 9.749760e-02 1.339761e-01 1.000000e-01 1.597501e+00 -0.991700 0.011961 0.035422 0.219634 0.696422 0.028260 0.991700 -0.005774 -0.028670 -0.929319 0.000000 
1.300000e-01 1.003093e-01 9.749760e-02 1.339761e-01 1.000000e-01 1.597501e+00 -0.991700 0.011961 0.035422 0.219634 0.696422 0.028260 0.991700 -0.005774 -0.028670 -0.929319 0.000000 
1.300000e-01 1.003093e-01 9.749760e-02 1.339761e-01 1.000000e-01 1.597501e+00 -0.991700 0.011961 0.035422 0.219634 0.696422 0.028260 0.991700 -0.005774 -0.028670 -0.929319 0.000000 
1.300000e-01 1.003093e-01 9.749760e-02 1.339761e-01 1.000000e-01 1.597501e+00 -0.991700 0.011961 0.035422 0.219634 0.696422 0.028260 0.991700 -0.005774 -0.028670 -0.929319 0.000000 
1.300000e-01 1.003093e-01 9.749760e-02 1.339761e-01 1.000000e-01 1.597501e+00 -0.991700 0.011961 0.035422 0.219634 0.696422 0.028260 0.991700 -0.005774 -0.028670 -0.929319 0.000000 
1.300000e-01 1.003093e-01 9.749760e-02 1.339761e-01 1.000000e-01 1.597501e+00 -0.991700 0.011961 0.035422 0.219634 0.696422 0.028260 0.991700 -0.005774 -0.028670 -0.929319 0.000000 
1.300000e-01 1.003093e-01 9.749760e-02 1.339761e-01 1.000000e-01 1.597501e+00 -0.991700 0.011961 0.035422 0.219634 0.696422 0.028260 0.991700 -0.005774 -0.028670 -0.929319 0.000000 
1.300000e-01 1.003093e-01 9.749760e-02 1.339761e-01 1.000000e-01 1.597501e+00 -0.991700 0.011961 0.035422 0.219634 0.696422 0.028260 0.991700 -0.005774 -0.028670 -0.929319 0.000000 
1.300000e-01 1.003093e-01 9.749760e-02 1.339761e-01 1.000000e-01 1.597501e+00 -0.991700 0.011961 0.035422 0.219634 0.696422 0.028260 0.991700 -0.005774 -0.028670 -0.929319 0.000000 
1.300000e-01 1.003093e-01 9.749760e-02 1.339761e-01 1.000000e-01 1.597501e+00 -0.991700 0.011961 0.035422 0.219634 0.696422 0.028260 0.991700 -0.005774 -0.028670 -0.929319 0.000000 
1.300000e-01 1.003093e-01 9.749760e-02 1.339761e-01 1.000000e-01 1.597501e+00 -0.991700 0.011961 0.035422 0.219634 0.696422 0.028260 0.991700 -0.005774 -0.028670 -0.929319 0.000000 
1.300000e-01 1.003093e-01 9.749760e-02 1.339761e-01 1.000000e-01 1.597501e+00 -0.991700 0.011961 0.035422 0.219634 0.696422 0.028260 0.991700 -0.005774 -0.028670 -0.929319 0.000000 
1.300000e-01 1.003093e-01 9.749760e-02 1.339761e-01 1.000000e-01 1.597501e+00 -0.991700 0.011961 0.035422 0.219634 0.696422 0.028260 0.991700 -0.005774 -0.028670 -0.929319 0.000000 
1.300000e-01 1.003093e-01 9.749760e-02 1.339761e-01 1.000000e-01 1.597501e+00 -0.991700 0.011961 0.035422 0.219634 0.696422 0.028260 0.991700 -0.005774 -0.028670 -0.929319 0.000000 
1.300000e-01 1.003093e-01 9.749760e-02 1.339761e-01 1.000000e-01 1.597501e+00 -0.991700 0.011961 0.035422 0.219634 0.696422 0.028260 0.991700 -0.005774 -0.028670 -0.929319 0.000000 
1.300000e-01 1.003093e-01 9.749760e-02 1.339761e-01 1.000000e-01 1.597501e+00 -0.991700 0.011961 0.035422 0.219634 0.696422 0.028260 0.991700 -0.005774 -0.028670 -0.929319 0.000000 
1.300000e-01 1.003093e-01 9.749760e-02 1.339761e-01 1.000000e-01 1.597501e+00 -0.991700 0.011961 0.035422 0.219634 0.696422 0.028260 0.991700 -0.005774 -0.028670 -0.929319 0.000000 
1.300000e-01 1.003093e-01 9.749760e-02 1.339761e-01 1.000000e-01 1.597501e+00 -0.991700 0.011961 0.035422 0.219634 0.696422 0.028260 0.991700 -0.005774 -0.028670 -0.929319 0.000000 
1.300000e-01 1.003093e-01 9.749760e-02 1.339761e-01 1.000000e-01 1.597501e+00 -0.991700 0.011961 0.035422 0.219634 0.696422 0.028260 0.991700 -0.005774 -0.028670 -0.929319 0.000000 
1.300000e-01 1.003093e-01 9.749760e-02 1.339761e-01 1.000000e-01 1.597501e+00 -0.991700 0.011961 0.035422 0.219634 0.696422 0.028260 0.991700 -0.005774 -0.028670 -0.929319 0.000000 
1.300000e-01 1.003093e-01 9.749760e-02 1.339761e-01 1.000000e-01 1.597501e+00 -0.991700 0.011961 0.035422 0.219634 0.696422 0.028260 0.991700 -0.005774 -0.028670 -0.929319 0.000000 
1.300000e-01 1.003093e-01 9.749760e-02 1.339761e-01 1.000000e-01 1.597501e+00 -0.991700 0.011961 0.035422 0.219634 0.696422 0.028260 0.991700 -0.005774 -0.028670 -0.929319 0.000000 
1.300000e-01 1.003093e-01 9.749760e-02 1.339761e-01 1.000000e-01 1.597501e+00 -0.991700 0.011961 0.035422 0.219634 0.696422 0.028260 0.991700 -0.005774 -0.028670 -0.929319 0.000000 
1.300000e-01 1.003093e-01 9.749760e-02 1.339761e-01 1.000000e-01 1.597501e+00 -0.991700 0.011961 0.035422 0.219634 0.696422 0.028260 0.991700 -0.005774 -0.028670 -0.929319 0.000000 
1.300000e-01 1.003093e-01 9.749760e-02 1.339761e-01 1.000000e-01 1.597501e+00 -0.991700 0.011961 0.035422 0.219634 0.696422 0.028260 0.991700 -0.005774 -0.028670 -0.929319 0.000000 
1.300000e-01 1.003093e-01 9.749760e-02 1.339761e-01 1.000000e-01 1.597501e+00 -0.991700 0.011961 0.035422 0.219634 0.696422 0.028260 0.991700 -0.005774 -0.028670 -0.929319 0.000000 
1.300000e-01 1.003093e-01 9.749760e-02 1.339761e-01 1.000000e-01 1.597501e+00 -0.991700 0.011961 0.035422 0.219634 0.696422 0.028260 0.991700 -0.005774 -0.028670 -0.929319 0.000000 
1.300000e-01 1.003093e-01 9.749760e-02 1.339761e-01 1.000000e-01 1.597501e+00 -0.991700 0.011961 0.035422 0.219634 0.696422 0.028260 0.991700 -0.005774 -0.028670 -0.929319 0.000000 
1.300000e-01 1.003093e-01 9.749760e-02 1.339761e-01 1.000000e-01 1.597501e+00 -0.991700 0.011961 0.035422 0.219634 0.696422 0.028260 0.991700 -0.005774 -0.028670 -0.929319 0.000000 
1.300000e-01 1.003093e-01 9.749760e-02 1.339761e-01 1.000000e-01 1.597501e+00 -0.991700 0.011961 0.035422 0.219634 0.696422 0.028260 0.991700 -0.005774 -0.028670 -0.929319 0.000000 
1.300000e-01 1.003093e-01 9.749760e-02 1.339761e-01 1.000000e-01 1.597501e+00 -0.991700 0.011961 0.035422 0.219634 0.696422 0.028260 0.991700 -0.005774 -0.028670 -0.929319 0.000000 
1.300000e-01 1.003093e-01 9.749760e-02 1.339761e-01 1.000000e-01 1.597501e+00 -0.991700 0.011961 0.035422 0.219634 0.696422 0.028260 0.991700 -0.005774 -0.028670 -0.929319 0.000000 
1.300000e-01 1.003093e-01 9.749760e-02 1.339761e-01 1.000000e-01 1.597501e+00 -0.991700 0.011961 0.035422 0.219634 0.696422 0.028260 0.991700 -0.005774 -0.028670 -0.929319 0.000000 
1.300000e-01 1.003093e-01 9.749760e-02 1.339761e-01 1.000000e-01 1.597501e+00 -0.991700 0.011961 0.035422 0.219634 0.696422 0.028260 0.991700 -0.005774 -0.028670 -0.929319 0.000000 
1.300000e-01 1.003093e-01 9.749760e-02 1.339761e-01 1.000000e-01 1.597501e+00 -0.991700 0.011961 0.035422 0.219634 0.696422 0.028260 0.991700 -0.005774 -0.028670 -0.929319 0.000000 
1.300000e-01 1.003093e-01 9.749760e-02 1.339761e-01 1.000000e-01 1.597501e+00 -0.991700 0.011961 0.035422 0.219634 0.696422 0.028260 0.991700 -0.005774 -0.028670 -0.929319 0.000000 
1.300000e-01 1.003093e-01 9.749760e-02 1.339761e-01 1.000000e-01 1.597501e+00 -0.991700 0.011961 0.035422 0.219634 0.696422 0.028260 0.991700 -0.005774 -0.028670 -0.929319 0.000000 
1.300000e-01 1.003093e-01 9.749760e-02 1.339761e-01 1.000000e-01 1.597501e+00 -0.991700 0.011961 0.035422 0.219634 0.696422 0.028260 0.991700 -0.005774 -0.028670 -0.929319 0.000000 
1.300000e-01 1.003093e-01 9.749760e-02 1.339761e-01 1.000000e-01 1.597501e+00 -0.991700 0.011961 0.035422 0.219634 0.696422 0.028260 0.991700 -0.005774 -0.028670 -0.929319 0.000000 
1.300000e-01 1.003093e-01 9.749760e-02 1.339761e-01 1.000000e-01 1.597501e+00 -0.991700 0.011961 0.035422 0.219634 0.696422 0.028260 0.991700 -0.005774 -0.028670 -0.929319 0.000000 
1.300000e-01 1.003093e-01 9.749760e-02 1.339761e-01 1.000000e-01 1.597501e+00 -0.991700 0.011961 0.035422 0.219634 0.696422 0.028260 0.991700 -0.005774 -0.028670 -0.929319 0.000000 
1.300000e-01 1.003093e-01 9.749760e-02 1.339761e-01 1.000000e-01 1.597501e+00 -0.991700 0.011961 0.035422 0.219634 0.696422 0.028260 0.991700 -0.005774 -0.028670 -0.929319 0.000000 
1.300000e-01 1.003093e-01 9.749760e-02 1.339761e-01 1.000000e-01 1.597501e+00 -0.991700 0.011961 0.035422 0.219634 0.696422 0.028260 0.991700 -0.005774 -0.028670 -0.929319 0.000000 
1.300000e-01 1.003093e-01 9.749760e-02 1.339761e-01 1.000000e-01 1.597501e+00 -0.991700 0.011961 0.035422 0.219634 0.696422 0.028260 0.991700 -0.005774 -0.028670 -0.929319 0.000000 
1.300000e-01 1.003093e-01 9.749760e-02 1.339761e-01 1.000000e-01 1.597501e+00 -0.991700 0.011961 0.035422 0.219634 0.696422 0.028260 0.991700 -0.005774 -0.028670 -0.929319 0.000000 
1.300000e-01 1.003093e-01 9.749760e-02 1.339761e-01 1.000000e-01 1.597501e+00 -0.991700 0.011961 0.035422 0.219634 0.696422 0.028260 0.991700 -0.005774 -0.028670 -0.929319 0.000000 
1.300000e-01 1.003093e-01 9.749760e-02 1.339761e-01 1.000000e-01 1.597501e+00 -0.991700 0.011961 0.035422 0.219634 0.696422 0.028260 0.991700 -0.005774 -0.028670 -0.929319 0.000000 
1.300000e-01 1.003093e-01 9.749760e-02 1.339761e-01 1.000000e-01 1.597501e+00 -0.991700 0.011961 0.035422 0.219634 0.696422 0.028260 0.991700 -0.005774 -0.028670 -0.929319 0.000000 
1.300000e-01 1.003093e-01 9.749760e-02 1.339761e-01 1.000000e-01 1.597501e+00 -0.991700 0.011961 0.035422 0.219634 0.696422 0.028260 0.991700 -0.005774 -0.028670 -0.929319 0.000000 
1.300000e-01 1.003093e-01 9.749760e-02 1.339761e-01 1.000000e-01 1.597501e+00 -0.991700 0.011961 0.035422 0.219634 0.696422 0.028260 0.991700 -0.005774 -0.028670 -0.929319 0.000000 
1.300000e-01 1.003093e-01 9.749760e-02 1.339761e-01 1.000000e-01 1.597501e+00 -0.991700 0.011961 0.035422 0.219634 0.696422 0.028260 0.991700 -0.005774 -0.028670 -0.929319 0.000000 
1.300000e-01 1.003093e-01 9.749760e-02 1.339761e-01 1.000000e-01 1.597501e+00 -0.991700 0.011961 0.035422 0.219634 0.696422 0.028260 0.991700 -0.005774 -0.028670 -0.929319 0.000000 
1.300000e-01 1.003093e-01 9.749760e-02 1.339761e-01 1.000000e-01 1.597501e+00 -0.991700 0.011961 0.035422 0.219634 0.696422 0.028260 0.991700 -0.005774 -0.028670 -0.929319 0.000000 
1.300000e-01 1.003093e-01 9.749760e-02 1.339761e-01 1.000000e-01 1.597501e+00 -0.991700 0.011961 0.035422 0.219634 0.696422 0.028260 0.991700 -0.005774 -0.028670 -0.929319 0.000000 
1.300000e-01 1.003093e-01 9.749760e-02 1.339761e-01 1.000000e-01 1.597501e+00 -0.991700 0.011961 0.035422 0.219634 0.696422 0.028260 0.991700 -0.005774 -0.028670 -0.929319 0.000000 
1.300000e-01 1.003093e-01 9.749760e-02 1.339761e-01 1.000000e-01 1.597501e+00 -0.991700 0.011961 0.035422 0.219634 0.696422 0.028260 0.991700 -0.005774 -0.028670 -0.929319 0.000000 
1.300000e-01 1.003093e-01 9.749760e-02 1.339761e-01 1.000000e-01 1.597501e+00 -0.991700 0.011961 0.035422 0.219634 0.696422 0.028260 0.991700 -0.005774 -0.028670 -0.929319 0.000000 
1.300000e-01 1.003093e-01 9.749760e-02 1.339761e-01 1.000000e-01 1.597501e+00 -0.991700 0.011961 0.035422 0.219634 0.696422 0.028260 0.991700 -0.005774 -0.028670 -0.929319 0.000000 
1.300000e-01 1.003093e-01 9.749760e-02 1.339761e-01 1.000000e-01 1.597501e+00 -0.991700 0.011961 0.035422 0.219634 0.696422 0.028260 0.991700 -0.005774 -0.028670 -0.929319 0.000000 
1.300000e-01 1.003093e-01 9.749760e-02 1.339761e-01 1.000000e-01 1.597501e+00 -0.991700 0.011961 0.035422 0.219634 0.696422 0.028260 0.991700 -0.005774 -0.028670 -0.929319 0.000000 
1.300000e-01 1.003093e-01 9.749760e-02 1.339761e-01 1.000000e-01 1.597501e+00 -0.991700 0.011961 0.035422 0.219634 0.696422 0.028260 0.991700 -0.005774 -0.028670 -0.929319 0.000000 
1.300000e-01 1.003093e-01 9.749760e-02 1.339761e-01 1.000000e-01 1.597501e+00 -0.991700 0.011961 0.035422 0.219634 0.696422 0.028260 0.991700 -0.005774 -0.028670 -0.929319 0.000000 
1.300000e-01 1.003093e-01 9.749760e-02 1.339761e-01 1.000000e-01 1.597501e+00 -0.991700 0.011961 0.035422 0.219634 0.696422 0.028260 0.991700 -0.005774 -0.028670 -0.929319 0.000000 
1.300000e-01 1.003093e-01 9.749760e-02 1.339761e-01 1.000000e-01 1.597501e+00 -0.991700 0.011961 0.035422 0.219634 0.696422 0.028260 0.991700 -0.005774 -0.028670 -0.929319 0.000000 
1.300000e-01 1.003093e-01 9.749760e-02 1.339761e-01 1.000000e-01 1.597501e+00 -0.991700 0.011961 0.035422 0.219634 0.696422 0.028260 0.991700 -0.005774 -0.028670 -0.929319 0.000000 
1.300000e-01 1.003093e-01 9.749760e-02 1.339761e-01 1.000000e-01 1.597501e+00 -0.991700 0.011961 0.035422 0.219634 0.696422 0.028260 0.991700 -0.005774 -0.028670 -0.929319 0.000000 
1.300000e-01 1.003093e-01 9.749760e-02 1.339761e-01 1.000000e-01 1.597501e+00 -0.991700 0.011961 0.035422 0.219634 0.696422 0.028260 0.991700 -0.005774 -0.028670 -0.929319 0.000000 
1.300000e-01 1.003093e-01 9.749760e-02 1.339761e-01 1.000000e-01 1.597501e+00 -0.991700 0.011961 0.035422 0.219634 0.696422 0.028260 0.991700 -0.005774 -0.028670 -0.929319 0.000000 
1.300000e-01 1.003093e-01 9.749760e-02 1.339761e-01 1.000000e-01 1.597501e+00 -0.991700 0.011961 0.035422 0.219634 0.696422 0.028260 0.991700 -0.005774 -0.028670 -0.929319 0.000000 
1.300000e-01 1.003093e-01 9.749760e-02 1.339761e-01 1.000000e-01 1.597501e+00 -0.991700 0.011961 0.035422 0.219634 0.696422 0.028260 0.991700 -0.005774 -0.028670 -0.929319 0.000000 
1.300000e-01 1.003093e-01 9.749760e-02 1.339761e-01 1.000000e-01 1.597501e+00 -0.991700 0.011961 0.035422 0.219634 0.696422 0.028260 0.991700 -0.005774 -0.028670 -0.929319 0.000000 
1.300000e-01 1.003093e-01 9.749760e-02 1.339761e-01 1.000000e-01 1.597501e+00 -0.991700 0.011961 0.035422 0.219634 0.696422 0.028260 0.991700 -0.005774 -0.028670 -0.929319 0.000000 
1.300000e-01 1.003093e-01 9.749760e-02 1.339761e-01 1.000000e-01 1.597501e+00 -0.991700 0.011961 0.035422 0.219634 0.696422 0.028260 0.991700 -0.005774 -0.028670 -0.929319 0.000000 
1.300000e-01 1.003093e-01 9.749760e-02 1.339761e-01 1.000000e-01 1.597501e+00 -0.991700 0.011961 0.035422 0.219634 0.696422 0.028260 0.991700 -0.005774 -0.028670 -0.929319 0.000000 
1.300000e-01 1.003093e-01 9.749760e-02 1.339761e-01 1.000000e-01 1.597501e+00 -0.991700 0.011961 0.035422 0.219634 0.696422 0.028260 0.991700 -0.005774 -0.028670 -0.929319 0.000000 
1.300000e-01 1.003093e-01 9.749760e-02 1.339761e-01 1.000000e-01 1.597501e+00 -0.991700 0.011961 0.035422 0.219634 0.696422 0.028260 0.991700 -0.005774 -0.028670 -0.929319 0.000000 
1.300000e-01 1.003093e-01 9.749760e-02 1.339761e-01 1.000000e-01 1.597501e+00 -0.991700 0.011961 0.035422 0.219634 0.696422 0.028260 0.991700 -0.005774 -0.028670 -0.929319 0.000000 
1.300000e-01 1.003093e-01 9.749760e-02 1.339761e-01 1.000000e-01 1.597501e+00 -0.991700 0.011961 0.035422 0.219634 0.696422 0.028260 0.991700 -0.005774 -0.028670 -0.929319 0.000000 
1.300000e-01 1.003093e-01 9.749760e-02 1.339761e-01 1.000000e-01 1.597501e+00 -0.991700 0.011961 0.035422 0.219634 0.696422 0.028260 0.991700 -0.005774 -0.028670 -0.929319 0.000000 
1.300000e-01 1.003093e-01 9.749760e-02 1.339761e-01 1.000000e-01 1.597501e+00 -0.991700 0.011961 0.035422 0.219634 0.696422 0.028260 0.991700 -0.005774 -0.028670 -0.929319 0.000000 
1.300000e-01 1.003093e-01 9.749760e-02 1.339761e-01 1.000000e-01 1.597501e+00 -0.991700 0.011961 0.035422 0.219634 0.696422 0.028260 0.991700 -0.005774 -0.028670 -0.929319 0.000000 
1.300000e-01 1.003093e-01 9.749760e-02 1.339761e-01 1.000000e-01 1.597501e+00 -0.991700 0.011961 0.035422 0.219634 0.696422 0.028260 0.991700 -0.005774 -0.028670 -0.929319 0.000000 
1.300000e-01 1.003093e-01 9.749760e-02 1.339761e-01 1.000000e-01 1.597501e+00 -0.991700 0.011961 0.035422 0.219634 0.696422 0.028260 0.991700 -0.005774 -0.028670 -0.929319 0.000000 
1.300000e-01 1.003093e-01 9.749760e-02 1.339761e-01 1.000000e-01 1.597501e+00 -0.991700 0.011961 0.035422 0.219634 0.696422 0.028260 0.991700 -0.005774 -0.028670 -0.929319 0.000000 
1.300000e-01 1.003093e-01 9.749760e-02 1.339761e-01 1.000000e-01 1.597501e+00 -0.991700 0.011961 0.035422 0.219634 0.696422 0.028260 0.991700 -0.005774 -0.028670 -0.929319 0.000000 
1.300000e-01 1.003093e-01 9.749760e-02 1.339761e-01 1.000000e-01 1.597501e+00 -0.991700 0.011961 0.035422 0.219634 0.696422 0.028260 0.991700 -0.005774 -0.028670 -0.929319 0.000000 
1.300000e-01 1.003093e-01 9.749760e-02 1.339761e-01 1.000000e-01 1.597501e+00 -0.991700 0.011961 0.035422 0.219634 0.696422 0.028260 0.991700 -0.005774 -0.028670 -0.929319 0.000000 
1.300000e-01 1.003093e-01 9.749760e-02 1.339761e-01 1.000000e-01 1.597501e+00 -0.991700 0.011961 0.035422 0.219634 0.696422 0.028260 0.991700 -0.005774 -0.028670 -0.929319 0.000000 
1.300000e-01 1.003093e-01 9.749760e-02 1.339761e-01 1.000000e-01 1.597501e+00 -0.991700 0.011961 0.035422 0.219634 0.696422 0.028260 0.991700 -0.005774 -0.028670 -0.929319 0.000000 
1.300000e-01 1.003093e-01 9.749760e-02 1.339761e-01 1.000000e-01 1.597501e+00 -0.991700 0.011961 0.035422 0.219634 0.696422 0.028260 0.991700 -0.005774 -0.028670 -0.929319 0.000000 
1.300000e-01 1.003093e-01 9.749760e-02 1.339761e-01 1.000000e-01 1.597501e+00 -0.991700 0.011961 0.035422 0.219634 0.696422 0.028260 0.991700 -0.005774 -0.028670 -0.929319 0.000000 
1.300000e-01 1.003093e-01 9.749760e-02 1.339761e-01 1.000000e-01 1.597501e+00 -0.991700 0.011961 0.035422 0.219634 0.696422 0.028260 0.991700 -0.005774 -0.028670 -0.929319 0.000000 
1.300000e-01 1.003093e-01 9.749760e-02 1.339761e-01 1.000000e-01 1.597501e+00 -0.991700 0.011961 0.035422 0.219634 0.696422 0.028260 0.991700 -0.005774 -0.028670 -0.929319 0.000000 
1.300000e-01 1.003093e-01 9.749760e-02 1.339761e-01 1.000000e-01 1.597501e+00 -0.991700 0.011961 0.035422 0.219634 0.696422 0.028260 0.991700 -0.005774 -0.028670 -0.929319 0.000000 
1.300000e-01 1.003093e-01 9.749760e-02 1.339761e-01 1.000000e-01 1.597501e+00 -0.991700 0.011961 0.035422 0.219634 0.696422 0.028260 0.991700 -0.005774 -0.028670 -0.929319 0.000000 
1.300000e-01 1.003093e-01 9.749760e-02 1.339761e-01 1.000000e-01 1.597501e+00 -0.991700 0.011961 0.035422 0.219634 0.696422 0.028260 0.991700 -0.005774 -0.028670 -0.929319 0.000000 
1.300000e-01 1.003093e-01 9.749760e-02 1.339761e-01 1.000000e-01 1.597501e+00 -0.991700 0.011961 0.035422 0.219634 0.696422 0.028260 0.991700 -0.005774 -0.028670 -0.929319 0.000000 
1.300000e-01 1.003093e-01 9.749760e-02 1.339761e-01 1.000000e-01 1.597501e+00 -0.991700 0.011961 0.035422 0.219634 0.696422 0.028260 0.991700 -0.005774 -0.028670 -0.929319 0.000000 
1.300000e-01 1.003093e-01 9.749760e-02 1.339761e-01 1.000000e-01 1.597501e+00 -0.991700 0.011961 0.035422 0.219634 0.696422 0.028260 0.991700 -0.005774 -0.028670 -0.929319 0.000000 
1.300000e-01 1.003093e-01 9.749760e-02 1.339761e-01 1.000000e-01 1.597501e+00 -0.991700 0.011961 0.035422 0.219634 0.696422 0.028260 0.991700 -0.005774 -0.028670 -0.929319 0.000000 
1.300000e-01 1.003093e-01 9.749760e-02 1.339761e-01 1.000000e-01 1.597501e+00 -0.991700 0.011961 0.035422 0.219634 0.696422 0.028260 0.991700 -0.005774 -0.028670 -0.929319 0.000000 
1.300000e-01 1.003093e-01 9.749760e-02 1.339761e-01 1.000000e-01 1.597501e+00 -0.991700 0.011961 0.035422 0.219634 0.696422 0.028260 0.991700 -0.005774 -0.028670 -0.929319 0.000000 
1.300000e-01 1.003093e-01 9.749760e-02 1.339761e-01 1.000000e-01 1.597501e+00 -0.991700 0.011961 0.035422 0.219634 0.696422 0.028260 0.991700 -0.005774 -0.028670 -0.929319 0.000000 
1.300000e-01 1.003093e-01 9.749760e-02 1.339761e-01 1.000000e-01 1.597501e+00 -0.991700 0.011961 0.035422 0.219634 0.696422 0.028260 0.991700 -0.005774 -0.028670 -0.929319 0.000000 
1.300000e-01 1.003093e-01 9.749760e-02 1.339761e-01 1.000000e-01 1.597501e+00 -0.991700 0.011961 0.035422 0.219634 0.696422 0.028260 0.991700 -0.005774 -0.028670 -0.929319 0.000000 
1.300000e-01 1.003093e-01 9.749760e-02 1.339761e-01 1.000000e-01 1.597501e+00 -0.991700 0.011961 0.035422 0.219634 0.696422 0.028260 0.991700 -0.005774 -0.028670 -0.929319 0.000000 
1.300000e-01 1.003093e-01 9.749760e-02 1.339761e-01 1.000000e-01 1.597501e+00 -0.991700 0.011961 0.035422 0.219634 0.696422 0.028260 0.991700 -0.005774 -0.028670 -0.929319 0.000000 
1.300000e-01 1.003093e-01 9.749760e-02 1.339761e-01 1.000000e-01 1.597501e+00 -0.991700 0.011961 0.035422 0.219634 0.696422 0.028260 0.991700 -0.005774 -0.028670 -0.929319 0.000000 
1.300000e-01 1.003093e-01 9.749760e-02 1.339761e-01 1.000000e-01 1.597501e+00 -0.991700 0.011961 0.035422 0.219634 0.696422 0.028260 0.991700 -0.005774 -0.028670 -0.929319 0.000000 
1.300000e-01 1.003093e-01 9.749760e-02 1.339761e-01 1.000000e-01 1.597501e+00 -0.991700 0.011961 0.035422 0.219634 0.696422 0.028260 0.991700 -0.005774 -0.028670 -0.929319 0.000000 
1.300000e-01 1.003093e-01 9.749760e-02 1.339761e-01 1.000000e-01 1.597501e+00 -0.991700 0.011961 0.035422 0.219634 0.696422 0.028260 0.991700 -0.005774 -0.028670 -0.929319 0.000000 
1.300000e-01 1.003093e-01 9.749760e-02 1.339761e-01 1.000000e-01 1.597501e+00 -0.991700 0.011961 0.035422 0.219634 0.696422 0.028260 0.991700 -0.005774 -0.028670 -0.929319 0.000000 
1.300000e-01 1.003093e-01 9.749760e-02 1.339761e-01 1.000000e-01 1.597501e+00 -0.991700 0.011961 0.035422 0.219634 0.696422 0.028260 0.991700 -0.005774 -0.028670 -0.929319 0.000000 
1.300000e-01 1.003093e-01 9.749760e-02 1.339761e-01 1.000000e-01 1.597501e+00 -0.991700 0.011961 0.035422 0.219634 0.696422 0.028260 0.991700 -0.005774 -0.028670 -0.929319 0.000000 
1.300000e-01 1.003093e-01 9.749760e-02 1.339761e-01 1.000000e-01 1.597501e+00 -0.991700 0.011961 0.035422 0.219634 0.696422 0.028260 0.991700 -0.005774 -0.028670 -0.929319 0.000000 
1.300000e-01 1.003093e-01 9.749760e-02 1.339761e-01 1.000000e-01 1.597501e+00 -0.991700 0.011961 0.035422 0.219634 0.696422 0.028260 0.991700 -0.005774 -0.028670 -0.929319 0.000000 
1.300000e-01 1.003093e-01 9.749760e-02 1.339761e-01 1.000000e-01 1.597501e+00 -0.991700 0.011961 0.035422 0.219634 0.696422 0.028260 0.991700 -0.005774 -0.028670 -0.929319 0.000000 
1.300000e-01 1.003093e-01 9.749760e-02 1.339761e-01 1.000000e-01 1.597501e+00 -0.991700 0.011961 0.035422 0.219634 0.696422 0.028260 0.991700 -0.005774 -0.028670 -0.929319 0.000000 
1.300000e-01 1.003093e-01 9.749760e-02 1.339761e-01 1.000000e-01 1.597501e+00 -0.991700 0.011961 0.035422 0.219634 0.696422 0.028260 0.991700 -0.005774 -0.028670 -0.929319 0.000000 
1.300000e-01 1.003093e-01 9.749760e-02 1.339761e-01 1.000000e-01 1.597501e+00 -0.991700 0.011961 0.035422 0.219634 0.696422 0.028260 0.991700 -0.005774 -0.028670 -0.929319 0.000000 
1.300000e-01 1.003093e-01 9.749760e-02 1.339761e-01 1.000000e-01 1.597501e+00 -0.991700 0.011961 0.035422 0.219634 0.696422 0.028260 0.991700 -0.005774 -0.028670 -0.929319 0.000000 
1.300000e-01 1.003093e-01 9.749760e-02 1.339761e-01 1.000000e-01 1.597501e+00 -0.991700 0.011961 0.035422 0.219634 0.696422 0.028260 0.991700 -0.005774 -0.028670 -0.929319 0.000000 
1.300000e-01 1.003093e-01 9.749760e-02 1.339761e-01 1.000000e-01 1.597501e+00 -0.991700 0.011961 0.035422 0.219634 0.696422 0.028260 0.991700 -0.005774 -0.028670 -0.929319 0.000000 
1.300000e-01 1.003093e-01 9.749760e-02 1.339761e-01 1.000000e-01 1.597501e+00 -0.991700 0.011961 0.035422 0.219634 0.696422 0.028260 0.991700 -0.005774 -0.028670 -0.929319 0.000000 
1.300000e-01 1.003093e-01 9.749760e-02 1.339761e-01 1.000000e-01 1.597501e+00 -0.991700 0.011961 0.035422 0.219634 0.696422 0.028260 0.991700 -0.005774 -0.028670 -0.929319 0.000000 
1.300000e-01 1.003093e-01 9.749760e-02 1.339761e-01 1.000000e-01 1.597501e+00 -0.991700 0.011961 0.035422 0.219634 0.696422 0.028260 0.991700 -0.005774 -0.028670 -0.929319 0.000000 
1.300000e-01 1.003093e-01 9.749760e-02 1.339761e-01 1.000000e-01 1.597501e+00 -0.991700 0.011961 0.035422 0.219634 0.696422 0.028260 0.991700 -0.005774 -0.028670 -0.929319 0.000000 
1.300000e-01 1.003093e-01 9.749760e-02 1.339761e-01 1.000000e-01 1.597501e+00 -0.991700 0.011961 0.035422 0.219634 0.696422 0.028260 0.991700 -0.005774 -0.028670 -0.929319 0.000000 
1.300000e-01 1.003093e-01 9.749760e-02 1.339761e-01 1.000000e-01 1.597501e+00 -0.991700 0.011961 0.035422 0.219634 0.696422 0.028260 0.991700 -0.005774 -0.028670 -0.929319 0.000000 
1.300000e-01 1.003093e-01 9.749760e-02 1.339761e-01 1.000000e-01 1.597501e+00 -0.991700 0.011961 0.035422 0.219634 0.696422 0.028260 0.991700 -0.005774 -0.028670 -0.929319 0.000000 
1.300000e-01 1.003093e-01 9.749760e-02 1.339761e-01 1.000000e-01 1.597501e+00 -0.991700 0.011961 0.035422 0.219634 0.696422 0.028260 0.991700 -0.005774 -0.028670 -0.929319 0.000000 
1.300000e-01 1.003093e-01 9.749760e-02 1.339761e-01 1.000000e-01 1.597501e+00 -0.991700 0.011961 0.035422 0.219634 0.696422 0.028260 0.991700 -0.005774 -0.028670 -0.929319 0.000000 
1.300000e-01 1.003093e-01 9.749760e-02 1.339761e-01 1.000000e-01 1.597501e+00 -0.991700 0.011961 0.035422 0.219634 0.696422 0.028260 0.991700 -0.005774 -0.028670 -0.929319 0.000000 
1.300000e-01 1.003093e-01 9.749760e-02 1.339761e-01 1.000000e-01 1.597501e+00 -0.991700 0.011961 0.035422 0.219634 0.696422 0.028260 0.991700 -0.005774 -0.028670 -0.929319 0.000000 
1.300000e-01 1.003093e-01 9.749760e-02 1.339761e-01 1.000000e-01 1.597501e+00 -0.991700 0.011961 0.035422 0.219634 0.696422 0.028260 0.991700 -0.005774 -0.028670 -0.929319 0.000000 
1.300000e-01 1.003093e-01 9.749760e-02 1.339761e-01 1.000000e-01 1.597501e+00 -0.991700 0.011961 0.035422 0.219634 0.696422 0.028260 0.991700 -0.005774 -0.028670 -0.929319 0.000000 
1.300000e-01 1.003093e-01 9.749760e-02 1.339761e-01 1.000000e-01 1.597501e+00 -0.991700 0.011961 0.035422 0.219634 0.696422 0.028260 0.991700 -0.005774 -0.028670 -0.929319 0.000000 
1.300000e-01 1.003093e-01 9.749760e-02 1.339761e-01 1.000000e-01 1.597501e+00 -0.991700 0.011961 0.035422 0.219634 0.696422 0.028260 0.991700 -0.005774 -0.028670 -0.929319 0.000000 
1.300000e-01 1.003093e-01 9.749760e-02 1.339761e-01 1.000000e-01 1.597501e+00 -0.991700 0.011961 0.035422 0.219634 0.696422 0.028260 0.991700 -0.005774 -0.028670 -0.929319 0.000000 
1.300000e-01 1.003093e-01 9.749760e-02 1.339761e-01 1.000000e-01 1.597501e+00 -0.991700 0.011961 0.035422 0.219634 0.696422 0.028260 0.991700 -0.005774 -0.028670 -0.929319 0.000000 
1.300000e-01 1.003093e-01 9.749760e-02 1.339761e-01 1.000000e-01 1.597501e+00 -0.991700 0.011961 0.035422 0.219634 0.696422 0.028260 0.991700 -0.005774 -0.028670 -0.929319 0.000000 
1.300000e-01 1.003093e-01 9.749760e-02 1.339761e-01 1.000000e-01 1.597501e+00 -0.991700 0.011961 0.035422 0.219634 0.696422 0.028260 0.991700 -0.005774 -0.028670 -0.929319 0.000000 
1.300000e-01 1.003093e-01 9.749760e-02 1.339761e-01 1.000000e-01 1.597501e+00 -0.991700 0.011961 0.035422 0.219634 0.696422 0.028260 0.991700 -0.005774 -0.028670 -0.929319 0.000000 
1.300000e-01 1.003093e-01 9.749760e-02 1.339761e-01 1.000000e-01 1.597501e+00 -0.991700 0.011961 0.035422 0.219634 0.696422 0.028260 0.991700 -0.005774 -0.028670 -0.929319 0.000000 
1.300000e-01 1.003093e-01 9.749760e-02 1.339761e-01 1.000000e-01 1.597501e+00 -0.991700 0.011961 0.035422 0.219634 0.696422 0.028260 0.991700 -0.005774 -0.028670 -0.929319 0.000000 
1.300000e-01 1.003093e-01 9.749760e-02 1.339761e-01 1.000000e-01 1.597501e+00 -0.991700 0.011961 0.035422 0.219634 0.696422 0.028260 0.991700 -0.005774 -0.028670 -0.929319 0.000000 
1.300000e-01 1.003093e-01 9.749760e-02 1.339761e-01 1.000000e-01 1.597501e+00 -0.991700 0.011961 0.035422 0.219634 0.696422 0.028260 0.991700 -0.005774 -0.028670 -0.929319 0.000000 
1.300000e-01 1.003093e-01 9.749760e-02 1.339761e-01 1.000000e-01 1.597501e+00 -0.991700 0.011961 0.035422 0.219634 0.696422 0.028260 0.991700 -0.005774 -0.028670 -0.929319 0.000000 
1.300000e-01 1.003093e-01 9.749760e-02 1.339761e-01 1.000000e-01 1.597501e+00 -0.991700 0.011961 0.035422 0.219634 0.696422 0.028260 0.991700 -0.005774 -0.028670 -0.929319 0.000000 
1.300000e-01 1.003093e-01 9.749760e-02 1.339761e-01 1.000000e-01 1.597501e+00 -0.991700 0.011961 0.035422 0.219634 0.696422 0.028260 0.991700 -0.005774 -0.028670 -0.929319 0.000000 
1.300000e-01 1.003093e-01 9.749760e-02 1.339761e-01 1.000000e-01 1.597501e+00 -0.991700 0.011961 0.035422 0.219634 0.696422 0.028260 0.991700 -0.005774 -0.028670 -0.929319 0.000000 
1.300000e-01 1.003093e-01 9.749760e-02 1.339761e-01 1.000000e-01 1.597501e+00 -0.991700 0.011961 0.035422 0.219634 0.696422 0.028260 0.991700 -0.005774 -0.028670 -0.929319 0.000000 
1.300000e-01 1.003093e-01 9.749760e-02 1.339761e-01 1.000000e-01 1.597501e+00 -0.991700 0.011961 0.035422 0.219634 0.696422 0.028260 0.991700 -0.005774 -0.028670 -0.929319 0.000000 
1.300000e-01 1.003093e-01 9.749760e-02 1.339761e-01 1.000000e-01 1.597501e+00 -0.991700 0.011961 0.035422 0.219634 0.696422 0.028260 0.991700 -0.005774 -0.028670 -0.929319 0.000000 
1.300000e-01 1.003093e-01 9.749760e-02 1.339761e-01 1.000000e-01 1.597501e+00 -0.991700 0.011961 0.035422 0.219634 0.696422 0.028260 0.991700 -0.005774 -0.028670 -0.929319 0.000000 
1.300000e-01 1.003093e-01 9.749760e-02 1.339761e-01 1.000000e-01 1.597501e+00 -0.991700 0.011961 0.035422 0.219634 0.696422 0.028260 0.991700 -0.005774 -0.028670 -0.929319 0.000000 
1.300000e-01 1.003093e-01 9.749760e-02 1.339761e-01 1.000000e-01 1.597501e+00 -0.991700 0.011961 0.035422 0.219634 0.696422 0.028260 0.991700 -0.005774 -0.028670 -0.929319 0.000000 
1.300000e-01 1.003093e-01 9.749760e-02 1.339761e-01 1.000000e-01 1.597501e+00 -0.991700 0.011961 0.035422 0.219634 0.696422 0.028260 0.991700 -0.005774 -0.028670 -0.929319 0.000000 
1.300000e-01 1.003093e-01 9.749760e-02 1.339761e-01 1.000000e-01 1.597501e+00 -0.991700 0.011961 0.035422 0.219634 0.696422 0.028260 0.991700 -0.005774 -0.028670 -0.929319 0.000000 
1.300000e-01 1.003093e-01 9.749760e-02 1.339761e-01 1.000000e-01 1.597501e+00 -0.991700 0.011961 0.035422 0.219634 0.696422 0.028260 0.991700 -0.005774 -0.028670 -0.929319 0.000000 
1.300000e-01 1.003093e-01 9.749760e-02 1.339761e-01 1.000000e-01 1.597501e+00 -0.991700 0.011961 0.035422 0.219634 0.696422 0.028260 0.991700 -0.005774 -0.028670 -0.929319 0.000000 
1.300000e-01 1.003093e-01 9.749760e-02 1.339761e-01 1.000000e-01 1.597501e+00 -0.991700 0.011961 0.035422 0.219634 0.696422 0.028260 0.991700 -0.005774 -0.028670 -0.929319 0.000000 
1.300000e-01 1.003093e-01 9.749760e-02 1.339761e-01 1.000000e-01 1.597501e+00 -0.991700 0.011961 0.035422 0.219634 0.696422 0.028260 0.991700 -0.005774 -0.028670 -0.929319 0.000000 
1.300000e-01 1.003093e-01 9.749760e-02 1.339761e-01 1.000000e-01 1.597501e+00 -0.991700 0.011961 0.035422 0.219634 0.696422 0.028260 0.991700 -0.005774 -0.028670 -0.929319 0.000000 
1.300000e-01 1.003093e-01 9.749760e-02 1.339761e-01 1.000000e-01 1.597501e+00 -0.991700 0.011961 0.035422 0.219634 0.696422 0.028260 0.991700 -0.005774 -0.028670 -0.929319 0.000000 
1.300000e-01 1.003093e-01 9.749760e-02 1.339761e-01 1.000000e-01 1.597501e+00 -0.991700 0.011961 0.035422 0.219634 0.696422 0.028260 0.991700 -0.005774 -0.028670 -0.929319 0.000000 
1.300000e-01 1.003093e-01 9.749760e-02 1.339761e-01 1.000000e-01 1.597501e+00 -0.991700 0.011961 0.035422 0.219634 0.696422 0.028260 0.991700 -0.005774 -0.028670 -0.929319 0.000000 
1.300000e-01 1.003093e-01 9.749760e-02 1.339761e-01 1.000000e-01 1.597501e+00 -0.991700 0.011961 0.035422 0.219634 0.696422 0.028260 0.991700 -0.005774 -0.028670 -0.929319 0.000000 
1.300000e-01 1.003093e-01 9.749760e-02 1.339761e-01 1.000000e-01 1.597501e+00 -0.991700 0.011961 0.035422 0.219634 0.696422 0.028260 0.991700 -0.005774 -0.028670 -0.929319 0.000000 
1.300000e-01 1.003093e-01 9.749760e-02 1.339761e-01 1.000000e-01 1.597501e+00 -0.991700 0.011961 0.035422 0.219634 0.696422 0.028260 0.991700 -0.005774 -0.028670 -0.929319 0.000000 
1.300000e-01 1.003093e-01 9.749760e-02 1.339761e-01 1.000000e-01 1.597501e+00 -0.991700 0.011961 0.035422 0.219634 0.696422 0.028260 0.991700 -0.005774 -0.028670 -0.929319 0.000000 
1.300000e-01 1.003093e-01 9.749760e-02 1.339761e-01 1.000000e-01 1.597501e+00 -0.991700 0.011961 0.035422 0.219634 0.696422 0.028260 0.991700 -0.005774 -0.028670 -0.929319 0.000000 
