# TeX TeY TeZ ThX ThY THZ P1 P2
1.300000e-01 1.000000e-01 1.950000e-01 1.300000e-01 1.000000e-01 1.950000e-01 0.000000 0.000000 0.000000 0.000000 0.000000 0.000000 0.000000 0.000000 0.000000 0.000000 0.000000 
1.300000e-01 9.999248e-02 1.816511e-01 1.299952e-01 1.000000e-01 2.041630e-01 -0.014878 0.001910 0.003820 0.003823 0.003844 0.001481 0.014878 0.004353 -0.003479 -0.017998 0.000000 
1.300000e-01 9.998407e-02 1.682730e-01 1.299909e-01 1.000000e-01 2.133183e-01 -0.029772 0.003821 0.007644 0.007651 0.007693 0.002964 0.029772 0.010223 -0.006322 -0.040588 0.000000 
1.300000e-01 9.997554e-02 1.548651e-01 1.299871e-01 1.000000e-01 2.224659e-01 -0.044684 0.005735 0.011472 0.011483 0.011546 0.004449 0.044684 0.018507 -0.007440 -0.071890 0.000000 
1.300000e-01 9.997008e-02 1.414241e-01 1.299837e-01 1.000000e-01 2.316058e-01 -0.059625 0.007653 0.015308 0.015322 0.015406 0.005937 0.059625 0.030403 -0.003887 -0.120282 0.000000 
1.300000e-01 9.998142e-02 1.279334e-01 1.299808e-01 1.000000e-01 2.407379e-01 -0.074648 0.009581 0.019165 0.019183 0.019288 0.007433 0.074648 0.046829 0.011203 -0.200708 0.000000 
1.300000e-01 1.000643e-01 1.143150e-01 1.299782e-01 1.000000e-01 2.498623e-01 -0.089999 0.011551 0.023106 0.023127 0.023254 0.008961 0.090000 0.068878 0.054621 -0.345355 0.000000 
1.300000e-01 1.003021e-01 1.003128e-01 1.299760e-01 1.000000e-01 2.589787e-01 -0.106651 0.013688 0.027381 0.027406 0.027557 0.010619 0.106651 0.099102 0.164531 -0.623629 0.000000 
1.300000e-01 1.003407e-01 9.749920e-02 1.299740e-01 1.000000e-01 2.680873e-01 -0.115058 0.014767 0.029539 0.029567 0.029729 0.011457 0.115058 0.105933 0.196471 -0.702398 0.000000 
1.300000e-01 1.003407e-01 9.749920e-02 1.299723e-01 1.000000e-01 2.771879e-01 -0.121071 0.015539 0.031083 0.031112 0.031282 0.012055 0.121071 0.105365 0.194914 -0.704351 0.000000 
1.300000e-01 1.003407e-01 9.749920e-02 1.299708e-01 1.000000e-01 2.862804e-01 -0.127078 0.016310 0.032625 0.032656 0.032835 0.012653 0.127078 0.104746 0.193361 -0.706199 0.000000 
1.300000e-01 1.003407e-01 9.749920e-02 1.299695e-01 1.000000e-01 2.953649e-01 -0.133080 0.017080 0.034166 0.034198 0.034385 0.013251 0.133080 0.104090 0.191812 -0.707969 0.000000 
1.300000e-01 1.003407e-01 9.749920e-02 1.299684e-01 1.000000e-01 3.044413e-01 -0.139077 0.017850 0.035706 0.035739 0.035935 0.013848 0.139077 0.103404 0.190266 -0.709678 0.000000 
1.300000e-01 1.003407e-01 9.749920e-02 1.299674e-01 1.000000e-01 3.135094e-01 -0.145068 0.018619 0.037244 0.037279 0.037483 0.014445 0.145068 0.102698 0.188723 -0.711342 0.000000 
1.300000e-01 1.003407e-01 9.749920e-02 1.299665e-01 1.000000e-01 3.225693e-01 -0.151053 0.019387 0.038781 0.038817 0.039029 0.015041 0.151054 0.101977 0.187183 -0.712974 0.000000 
1.300000e-01 1.003407e-01 9.749920e-02 1.299658e-01 1.000000e-01 3.316208e-01 -0.157034 0.020154 0.040316 0.040353 0.040575 0.015636 0.157034 0.101245 0.185645 -0.714581 0.000000 
1.300000e-01 1.003407e-01 9.749920e-02 1.299652e-01 1.000000e-01 3.406640e-01 -0.163008 0.020921 0.041850 0.041889 0.042118 0.016231 0.163009 0.100505 0.184109 -0.716169 0.000000 
1.300000e-01 1.003407e-01 9.749920e-02 1.299646e-01 1.000000e-01 3.496988e-01 -0.168977 0.021687 0.043382 0.043423 0.043661 0.016825 0.168978 0.099758 0.182575 -0.717742 0.000000 
1.300000e-01 1.003407e-01 9.749920e-02 1.299641e-01 1.000000e-01 3.587250e-01 -0.174941 0.022453 0.044913 0.044955 0.045201 0.017419 0.174941 0.099008 0.181043 -0.719304 0.000000 
1.300000e-01 1.003407e-01 9.749920e-02 1.299637e-01 1.000000e-01 3.677426e-01 -0.180899 0.023217 0.046443 0.046486 0.046741 0.018012 0.180899 0.098254 0.179512 -0.720857 0.000000 
1.300000e-01 1.003407e-01 9.749920e-02 1.299633e-01 1.000000e-01 3.767516e-01 -0.186851 0.023981 0.047971 0.048016 0.048279 0.018605 0.186851 0.097498 0.177984 -0.722402 0.000000 
1.300000e-01 1.003407e-01 9.749920e-02 1.299630e-01 1.000000e-01 3.857519e-01 -0.192797 0.024744 0.049498 0.049544 0.049815 0.019197 0.192797 0.096741 0.176457 -0.723943 0.000000 
1.300000e-01 1.003407e-01 9.749920e-02 1.299627e-01 1.000000e-01 3.947435e-01 -0.198737 0.025507 0.051023 0.051070 0.051350 0.019789 0.198738 0.095983 0.174931 -0.725478 0.000000 
1.300000e-01 1.003407e-01 9.749920e-02 1.299625e-01 1.000000e-01 4.037261e-01 -0.204672 0.026268 0.052547 0.052595 0.052883 0.020380 0.204673 0.095225 0.173407 -0.727010 0.000000 
1.300000e-01 1.003407e-01 9.749920e-02 1.299623e-01 1.000000e-01 4.126999e-01 -0.210601 0.027029 0.054069 0.054119 0.054415 0.020970 0.210601 0.094467 0.171885 -0.728539 0.000000 
1.300000e-01 1.003407e-01 9.749920e-02 1.299621e-01 1.000000e-01 4.216647e-01 -0.216524 0.027789 0.055589 0.055641 0.055946 0.021560 0.216524 0.093709 0.170364 -0.730065 0.000000 
1.300000e-01 1.003407e-01 9.749920e-02 1.299619e-01 1.000000e-01 4.306204e-01 -0.222441 0.028549 0.057108 0.057161 0.057474 0.022149 0.222441 0.092951 0.168845 -0.731588 0.000000 
1.300000e-01 1.003407e-01 9.749920e-02 1.299618e-01 1.000000e-01 4.395670e-01 -0.228351 0.029307 0.058626 0.058680 0.059002 0.022737 0.228352 0.092193 0.167327 -0.733109 0.000000 
1.300000e-01 1.003407e-01 9.749920e-02 1.299617e-01 1.000000e-01 4.485044e-01 -0.234256 0.030065 0.060142 0.060198 0.060527 0.023325 0.234257 0.091436 0.165811 -0.734628 0.000000 
1.300000e-01 1.003407e-01 9.749920e-02 1.299616e-01 1.000000e-01 4.574325e-01 -0.240155 0.030822 0.061656 0.061713 0.062052 0.023913 0.240155 0.090680 0.164297 -0.736145 0.000000 
1.300000e-01 1.003407e-01 9.749920e-02 1.299615e-01 1.000000e-01 4.663513e-01 -0.246047 0.031579 0.063169 0.063228 0.063574 0.024499 0.246048 0.089924 0.162784 -0.737660 0.000000 
1.300000e-01 1.003407e-01 9.749920e-02 1.299614e-01 1.000000e-01 4.752607e-01 -0.251933 0.032334 0.064680 0.064740 0.065095 0.025086 0.251934 0.089169 0.161273 -0.739173 0.000000 
1.300000e-01 1.003407e-01 9.749920e-02 1.299613e-01 1.000000e-01 4.841605e-01 -0.257813 0.033089 0.066190 0.066251 0.066614 0.025671 0.257814 0.088414 0.159763 -0.740685 0.000000 
1.300000e-01 1.003407e-01 9.749920e-02 1.299612e-01 1.000000e-01 4.930508e-01 -0.263687 0.033843 0.067698 0.067760 0.068132 0.026256 0.263687 0.087661 0.158255 -0.742195 0.000000 
1.300000e-01 1.003407e-01 9.749920e-02 1.299612e-01 1.000000e-01 5.019315e-01 -0.269554 0.034596 0.069204 0.069268 0.069648 0.026840 0.269555 0.086908 0.156749 -0.743703 0.000000 
1.300000e-01 1.003407e-01 9.749920e-02 1.299611e-01 1.000000e-01 5.108024e-01 -0.275415 0.035348 0.070709 0.070774 0.071162 0.027424 0.275416 0.086156 0.155244 -0.745209 0.000000 
1.300000e-01 1.003407e-01 9.749920e-02 1.299611e-01 1.000000e-01 5.196635e-01 -0.281269 0.036099 0.072212 0.072279 0.072675 0.028007 0.281270 0.085405 0.153741 -0.746713 0.000000 
1.300000e-01 1.003407e-01 9.749920e-02 1.299611e-01 1.000000e-01 5.285147e-01 -0.287117 0.036850 0.073713 0.073781 0.074186 0.028589 0.287118 0.084654 0.152240 -0.748216 0.000000 
1.300000e-01 1.003407e-01 9.749920e-02 1.299610e-01 1.000000e-01 5.373559e-01 -0.292958 0.037599 0.075213 0.075282 0.075695 0.029170 0.292959 0.083904 0.150740 -0.749717 0.000000 
1.300000e-01 1.003407e-01 9.749920e-02 1.299610e-01 1.000000e-01 5.461871e-01 -0.298793 0.038348 0.076711 0.076782 0.077202 0.029751 0.298793 0.083156 0.149242 -0.751217 0.000000 
1.300000e-01 1.003407e-01 9.749920e-02 1.299610e-01 1.000000e-01 5.550081e-01 -0.304621 0.039096 0.078207 0.078279 0.078708 0.030332 0.304621 0.082408 0.147746 -0.752714 0.000000 
1.300000e-01 1.003407e-01 9.749920e-02 1.299610e-01 1.000000e-01 5.638189e-01 -0.310442 0.039843 0.079701 0.079775 0.080212 0.030911 0.310442 0.081661 0.146252 -0.754210 0.000000 
1.300000e-01 1.003407e-01 9.749920e-02 1.299610e-01 1.000000e-01 5.726194e-01 -0.316256 0.040589 0.081194 0.081269 0.081715 0.031490 0.316257 0.080914 0.144759 -0.755704 0.000000 
1.300000e-01 1.003407e-01 9.749920e-02 1.299609e-01 1.000000e-01 5.814095e-01 -0.322064 0.041335 0.082685 0.082762 0.083215 0.032069 0.322064 0.080169 0.143268 -0.757197 0.000000 
1.300000e-01 1.003407e-01 9.749920e-02 1.299609e-01 1.000000e-01 5.901891e-01 -0.327864 0.042079 0.084174 0.084252 0.084714 0.032646 0.327865 0.079425 0.141779 -0.758687 0.000000 
1.300000e-01 1.003407e-01 9.749920e-02 1.299609e-01 1.000000e-01 5.989581e-01 -0.333658 0.042823 0.085662 0.085741 0.086211 0.033223 0.333658 0.078681 0.140291 -0.760176 0.000000 
1.300000e-01 1.003407e-01 9.749920e-02 1.299609e-01 1.000000e-01 6.077165e-01 -0.339444 0.043565 0.087147 0.087228 0.087706 0.033799 0.339445 0.077939 0.138806 -0.761663 0.000000 
1.300000e-01 1.003407e-01 9.749920e-02 1.299609e-01 1.000000e-01 6.164641e-01 -0.345223 0.044307 0.088631 0.088713 0.089199 0.034375 0.345224 0.077197 0.137322 -0.763148 0.000000 
1.300000e-01 1.003407e-01 9.749920e-02 1.299609e-01 1.000000e-01 6.252009e-01 -0.350996 0.045048 0.090113 0.090196 0.090691 0.034949 0.350996 0.076456 0.135840 -0.764632 0.000000 
1.300000e-01 1.003407e-01 9.749920e-02 1.299609e-01 1.000000e-01 6.339267e-01 -0.356761 0.045788 0.091593 0.091678 0.092180 0.035523 0.356761 0.075716 0.134360 -0.766113 0.000000 
1.300000e-01 1.003407e-01 9.749920e-02 1.299609e-01 1.000000e-01 6.426415e-01 -0.362518 0.046527 0.093071 0.093157 0.093668 0.036097 0.362519 0.074977 0.132882 -0.767593 0.000000 
1.300000e-01 1.003407e-01 9.749920e-02 1.299609e-01 1.000000e-01 6.513452e-01 -0.368269 0.047265 0.094547 0.094635 0.095154 0.036669 0.368269 0.074239 0.131406 -0.769070 0.000000 
1.300000e-01 1.003407e-01 9.749920e-02 1.299609e-01 1.000000e-01 6.600376e-01 -0.374012 0.048002 0.096022 0.096111 0.096638 0.037241 0.374012 0.073502 0.129931 -0.770546 0.000000 
1.300000e-01 1.003407e-01 9.749920e-02 1.299609e-01 1.000000e-01 6.687187e-01 -0.379747 0.048738 0.097494 0.097585 0.098119 0.037812 0.379748 0.072766 0.128459 -0.772020 0.000000 
1.300000e-01 1.003407e-01 9.749920e-02 1.299609e-01 1.000000e-01 6.773883e-01 -0.385475 0.049473 0.098965 0.099057 0.099599 0.038383 0.385475 0.072031 0.126988 -0.773492 0.000000 
1.300000e-01 1.003407e-01 9.749920e-02 1.299609e-01 1.000000e-01 6.860465e-01 -0.391195 0.050207 0.100433 0.100527 0.101077 0.038952 0.391196 0.071297 0.125520 -0.774962 0.000000 
1.300000e-01 1.003407e-01 9.749920e-02 1.299609e-01 1.000000e-01 6.946930e-01 -0.396908 0.050940 0.101900 0.101995 0.102553 0.039521 0.396908 0.070564 0.124053 -0.776430 0.000000 
1.300000e-01 1.003407e-01 9.749920e-02 1.299608e-01 1.000000e-01 7.033277e-01 -0.402612 0.051673 0.103365 0.103461 0.104028 0.040089 0.402613 0.069831 0.122588 -0.777896 0.000000 
1.300000e-01 1.003407e-01 9.749920e-02 1.299608e-01 1.000000e-01 7.119507e-01 -0.408309 0.052404 0.104827 0.104924 0.105500 0.040656 0.408310 0.069100 0.121126 -0.779360 0.000000 
1.300000e-01 1.003407e-01 9.749920e-02 1.299608e-01 1.000000e-01 7.205616e-01 -0.413998 0.053134 0.106288 0.106386 0.106969 0.041223 0.413999 0.068370 0.119665 -0.780822 0.000000 
1.300000e-01 1.003407e-01 9.749920e-02 1.299608e-01 1.000000e-01 7.291605e-01 -0.419680 0.053863 0.107746 0.107846 0.108437 0.041788 0.419680 0.067641 0.118207 -0.782281 0.000000 
1.300000e-01 1.003407e-01 9.749920e-02 1.299608e-01 1.000000e-01 7.377473e-01 -0.425353 0.054591 0.109203 0.109304 0.109903 0.042353 0.425353 0.066913 0.116750 -0.783739 0.000000 
1.300000e-01 1.003407e-01 9.749920e-02 1.299608e-01 1.000000e-01 7.463218e-01 -0.431018 0.055318 0.110657 0.110760 0.111367 0.042917 0.431018 0.066186 0.115296 -0.785195 0.000000 
1.300000e-01 1.003407e-01 9.749920e-02 1.299608e-01 1.000000e-01 7.548839e-01 -0.436674 0.056044 0.112109 0.112214 0.112829 0.043481 0.436675 0.065460 0.113844 -0.786649 0.000000 
1.300000e-01 1.003407e-01 9.749920e-02 1.299608e-01 1.000000e-01 7.634334e-01 -0.442323 0.056769 0.113560 0.113665 0.114288 0.044043 0.442324 0.064735 0.112393 -0.788100 0.000000 
1.300000e-01 1.003407e-01 9.749920e-02 1.299608e-01 1.000000e-01 7.719704e-01 -0.447963 0.057493 0.115008 0.115114 0.115745 0.044605 0.447964 0.064011 0.110945 -0.789550 0.000000 
1.300000e-01 1.003407e-01 9.749920e-02 1.299608e-01 1.000000e-01 7.804946e-01 -0.453595 0.058216 0.116453 0.116562 0.117201 0.045165 0.453596 0.063288 0.109500 -0.790997 0.000000 
1.300000e-01 1.003407e-01 9.749920e-02 1.299608e-01 1.000000e-01 7.890060e-01 -0.459218 0.058937 0.117897 0.118007 0.118654 0.045725 0.459219 0.062566 0.108056 -0.792442 0.000000 
1.300000e-01 1.003407e-01 9.749920e-02 1.299608e-01 1.000000e-01 7.975044e-01 -0.464833 0.059658 0.119338 0.119449 0.120104 0.046284 0.464834 0.061846 0.106614 -0.793885 0.000000 
1.300000e-01 1.003407e-01 9.749920e-02 1.299608e-01 1.000000e-01 8.059897e-01 -0.470439 0.060377 0.120778 0.120890 0.121553 0.046843 0.470440 0.061126 0.105175 -0.795325 0.000000 
1.300000e-01 1.003407e-01 9.749920e-02 1.299608e-01 1.000000e-01 8.144618e-01 -0.476036 0.061096 0.122215 0.122328 0.122999 0.047400 0.476037 0.060408 0.103738 -0.796764 0.000000 
1.300000e-01 1.003407e-01 9.749920e-02 1.299608e-01 1.000000e-01 8.229206e-01 -0.481625 0.061813 0.123649 0.123765 0.124443 0.047957 0.481625 0.059691 0.102303 -0.798200 0.000000 
1.300000e-01 1.003407e-01 9.749920e-02 1.299608e-01 1.000000e-01 8.313659e-01 -0.487204 0.062529 0.125082 0.125198 0.125885 0.048512 0.487205 0.058975 0.100871 -0.799633 0.000000 
1.300000e-01 1.003407e-01 9.749920e-02 1.299608e-01 1.000000e-01 8.397976e-01 -0.492775 0.063244 0.126512 0.126630 0.127324 0.049067 0.492776 0.058260 0.099441 -0.801065 0.000000 
1.300000e-01 1.003407e-01 9.749920e-02 1.299608e-01 1.000000e-01 8.482155e-01 -0.498337 0.063958 0.127940 0.128059 0.128762 0.049621 0.498337 0.057546 0.098013 -0.802494 0.000000 
1.300000e-01 1.003407e-01 9.749920e-02 1.299608e-01 1.000000e-01 8.566196e-01 -0.503889 0.064670 0.129365 0.129486 0.130196 0.050174 0.503890 0.056833 0.096587 -0.803921 0.000000 
1.300000e-01 1.003407e-01 9.749920e-02 1.299608e-01 1.000000e-01 8.650097e-01 -0.509432 0.065381 0.130788 0.130910 0.131629 0.050726 0.509433 0.056122 0.095164 -0.805345 0.000000 
1.300000e-01 1.003407e-01 9.749920e-02 1.299608e-01 1.000000e-01 8.733857e-01 -0.514966 0.066092 0.132208 0.132332 0.133059 0.051277 0.514967 0.055412 0.093743 -0.806767 0.000000 
1.300000e-01 1.003407e-01 9.749920e-02 1.299608e-01 1.000000e-01 8.817474e-01 -0.520490 0.066800 0.133627 0.133752 0.134486 0.051827 0.520491 0.054703 0.092325 -0.808187 0.000000 
1.300000e-01 1.003407e-01 9.749920e-02 1.299608e-01 1.000000e-01 8.900947e-01 -0.526005 0.067508 0.135042 0.135169 0.135912 0.052376 0.526006 0.053995 0.090909 -0.809604 0.000000 
1.300000e-01 1.003407e-01 9.749920e-02 1.299608e-01 1.000000e-01 8.984274e-01 -0.531511 0.068214 0.136455 0.136584 0.137334 0.052925 0.531511 0.053288 0.089496 -0.811019 0.000000 
1.300000e-01 1.003407e-01 9.749920e-02 1.299608e-01 1.000000e-01 9.067455e-01 -0.537006 0.068920 0.137866 0.137996 0.138754 0.053472 0.537007 0.052583 0.088085 -0.812431 0.000000 
1.300000e-01 1.003407e-01 9.749920e-02 1.299608e-01 1.000000e-01 9.150487e-01 -0.542492 0.069623 0.139274 0.139406 0.140172 0.054018 0.542493 0.051879 0.086677 -0.813841 0.000000 
1.300000e-01 1.003407e-01 9.749920e-02 1.299608e-01 1.000000e-01 9.233369e-01 -0.547968 0.070326 0.140680 0.140813 0.141587 0.054564 0.547968 0.051176 0.085271 -0.815248 0.000000 
1.300000e-01 1.003407e-01 9.749920e-02 1.299608e-01 1.000000e-01 9.316100e-01 -0.553434 0.071027 0.142082 0.142218 0.143000 0.055108 0.553434 0.050475 0.083868 -0.816653 0.000000 
1.300000e-01 1.003407e-01 9.749920e-02 1.299608e-01 1.000000e-01 9.398678e-01 -0.558889 0.071727 0.143483 0.143620 0.144410 0.055652 0.558890 0.049774 0.082467 -0.818054 0.000000 
1.300000e-01 1.003407e-01 9.749920e-02 1.299608e-01 1.000000e-01 9.481102e-01 -0.564335 0.072426 0.144880 0.145019 0.145818 0.056194 0.564336 0.049075 0.081069 -0.819454 0.000000 
1.300000e-01 1.003407e-01 9.749920e-02 1.299608e-01 1.000000e-01 9.563370e-01 -0.569770 0.073123 0.146275 0.146416 0.147223 0.056736 0.569771 0.048378 0.079673 -0.820851 0.000000 
1.300000e-01 1.003407e-01 9.749920e-02 1.299608e-01 1.000000e-01 9.645480e-01 -0.575195 0.073818 0.147667 0.147810 0.148625 0.057276 0.575196 0.047682 0.078281 -0.822245 0.000000 
1.300000e-01 1.003407e-01 9.749920e-02 1.299608e-01 1.000000e-01 9.727431e-01 -0.580609 0.074513 0.149056 0.149201 0.150025 0.057816 0.580610 0.046987 0.076891 -0.823636 0.000000 
1.300000e-01 1.003407e-01 9.749920e-02 1.299608e-01 1.000000e-01 9.809221e-01 -0.586013 0.075206 0.150443 0.150590 0.151422 0.058354 0.586014 0.046293 0.075503 -0.825025 0.000000 
1.300000e-01 1.003407e-01 9.749920e-02 1.299608e-01 1.000000e-01 9.890849e-01 -0.591406 0.075897 0.151826 0.151976 0.152817 0.058892 0.591407 0.045601 0.074119 -0.826410 0.000000 
1.300000e-01 1.003407e-01 9.749920e-02 1.299608e-01 1.000000e-01 9.972312e-01 -0.596788 0.076587 0.153207 0.153359 0.154209 0.059428 0.596789 0.044910 0.072737 -0.827793 0.000000 
1.300000e-01 1.003407e-01 9.749920e-02 1.299608e-01 1.000000e-01 1.005361e+00 -0.602159 0.077275 0.154585 0.154739 0.155598 0.059964 0.602160 0.044221 0.071358 -0.829174 0.000000 
1.300000e-01 1.003407e-01 9.749920e-02 1.299608e-01 1.000000e-01 1.013474e+00 -0.607519 0.077962 0.155959 0.156117 0.156984 0.060499 0.607520 0.043533 0.069982 -0.830551 0.000000 
1.300000e-01 1.003407e-01 9.749920e-02 1.299608e-01 1.000000e-01 1.021570e+00 -0.612868 0.078648 0.157331 0.157491 0.158368 0.061032 0.612869 0.042847 0.068609 -0.831926 0.000000 
1.300000e-01 1.003407e-01 9.749920e-02 1.299608e-01 1.000000e-01 1.029649e+00 -0.618206 0.079331 0.158699 0.158863 0.159750 0.061565 0.618207 0.042162 0.067238 -0.833297 0.000000 
1.300000e-01 1.003407e-01 9.749920e-02 1.299608e-01 1.000000e-01 1.037711e+00 -0.623532 0.080013 0.160065 0.160232 0.161128 0.062096 0.623533 0.041478 0.065871 -0.834666 0.000000 
1.300000e-01 1.003407e-01 9.749920e-02 1.299608e-01 1.000000e-01 1.045755e+00 -0.628847 0.080694 0.161427 0.161598 0.162504 0.062627 0.628847 0.040796 0.064506 -0.836032 0.000000 
1.300000e-01 1.003407e-01 9.749920e-02 1.299608e-01 1.000000e-01 1.053781e+00 -0.634150 0.081372 0.162785 0.162961 0.163877 0.063156 0.634150 0.040115 0.063145 -0.837394 0.000000 
1.300000e-01 1.003407e-01 9.749920e-02 1.299608e-01 1.000000e-01 1.061790e+00 -0.639441 0.082049 0.164141 0.164320 0.165248 0.063685 0.639441 0.039436 0.061787 -0.838754 0.000000 
1.300000e-01 1.003407e-01 9.749920e-02 1.299608e-01 1.000000e-01 1.069781e+00 -0.644720 0.082724 0.165492 0.165677 0.166616 0.064213 0.644721 0.038759 0.060431 -0.840111 0.000000 
1.300000e-01 1.003407e-01 9.749920e-02 1.299608e-01 1.000000e-01 1.077753e+00 -0.649987 0.083397 0.166840 0.167031 0.167981 0.064739 0.649988 0.038083 0.059079 -0.841464 0.000000 
1.300000e-01 1.003407e-01 9.749920e-02 1.299608e-01 1.000000e-01 1.085707e+00 -0.655242 0.084068 0.168185 0.168382 0.169344 0.065265 0.655243 0.037408 0.057730 -0.842815 0.000000 
1.300000e-01 1.003407e-01 9.749920e-02 1.299608e-01 1.000000e-01 1.093642e+00 -0.660485 0.084737 0.169526 0.169729 0.170704 0.065790 0.660486 0.036735 0.056384 -0.844162 0.000000 
1.300000e-01 1.003407e-01 9.749920e-02 1.299608e-01 1.000000e-01 1.101559e+00 -0.665715 0.085404 0.170863 0.171074 0.172062 0.066314 0.665716 0.036064 0.055041 -0.845506 0.000000 
1.300000e-01 1.003407e-01 9.749920e-02 1.299608e-01 1.000000e-01 1.109456e+00 -0.670933 0.086069 0.172195 0.172415 0.173418 0.066838 0.670933 0.035394 0.053701 -0.846847 0.000000 
1.300000e-01 1.003407e-01 9.749920e-02 1.299608e-01 1.000000e-01 1.117334e+00 -0.676138 0.086731 0.173524 0.173753 0.174771 0.067360 0.676138 0.034726 0.052365 -0.848184 0.000000 
1.300000e-01 1.003407e-01 9.749920e-02 1.299608e-01 1.000000e-01 1.125193e+00 -0.681330 0.087392 0.174848 0.175088 0.176122 0.067882 0.681330 0.034060 0.051032 -0.849518 0.000000 
1.300000e-01 1.003407e-01 9.749920e-02 1.299608e-01 1.000000e-01 1.133032e+00 -0.686509 0.088049 0.176168 0.176419 0.177471 0.068403 0.686509 0.033395 0.049703 -0.850849 0.000000 
1.300000e-01 1.003407e-01 9.749920e-02 1.299608e-01 1.000000e-01 1.140851e+00 -0.691675 0.088704 0.177484 0.177747 0.178817 0.068924 0.691675 0.032732 0.048376 -0.852177 0.000000 
1.300000e-01 1.003407e-01 9.749920e-02 1.299608e-01 1.000000e-01 1.148650e+00 -0.696827 0.089357 0.178794 0.179072 0.180162 0.069444 0.696828 0.032071 0.047053 -0.853501 0.000000 
1.300000e-01 1.003407e-01 9.749920e-02 1.299608e-01 1.000000e-01 1.156429e+00 -0.701967 0.090006 0.180099 0.180394 0.181506 0.069964 0.701967 0.031411 0.045734 -0.854821 0.000000 
1.300000e-01 1.003407e-01 9.749920e-02 1.299608e-01 1.000000e-01 1.164187e+00 -0.707092 0.090652 0.181399 0.181712 0.182847 0.070483 0.707093 0.030754 0.044418 -0.856138 0.000000 
1.300000e-01 1.003407e-01 9.749920e-02 1.299608e-01 1.000000e-01 1.171924e+00 -0.712204 0.091295 0.182693 0.183026 0.184188 0.071002 0.712204 0.030098 0.043106 -0.857452 0.000000 
1.300000e-01 1.003407e-01 9.749920e-02 1.299608e-01 1.000000e-01 1.179640e+00 -0.717302 0.091935 0.183982 0.184338 0.185527 0.071521 0.717302 0.029443 0.041797 -0.858762 0.000000 
1.300000e-01 1.003407e-01 9.749920e-02 1.299608e-01 1.000000e-01 1.187335e+00 -0.722385 0.092571 0.185264 0.185646 0.186866 0.072041 0.722386 0.028791 0.040492 -0.860068 0.000000 
1.300000e-01 1.003407e-01 9.749920e-02 1.299607e-01 1.000000e-01 1.195008e+00 -0.727455 0.093202 0.186540 0.186950 0.188204 0.072560 0.727455 0.028140 0.039190 -0.861371 0.000000 
1.300000e-01 1.003407e-01 9.749920e-02 1.299607e-01 1.000000e-01 1.202659e+00 -0.732510 0.093830 0.187808 0.188251 0.189542 0.073080 0.732511 0.027491 0.037892 -0.862670 0.000000 
1.300000e-01 1.003407e-01 9.749920e-02 1.299607e-01 1.000000e-01 1.210289e+00 -0.737551 0.094453 0.189070 0.189549 0.190881 0.073600 0.737551 0.026844 0.036598 -0.863965 0.000000 
1.300000e-01 1.003407e-01 9.749920e-02 1.299607e-01 1.000000e-01 1.217896e+00 -0.742576 0.095071 0.190323 0.190843 0.192220 0.074122 0.742577 0.026199 0.035308 -0.865257 0.000000 
1.300000e-01 1.003407e-01 9.749920e-02 1.299607e-01 1.000000e-01 1.225480e+00 -0.747587 0.095684 0.191567 0.192133 0.193560 0.074644 0.747588 0.025556 0.034022 -0.866545 0.000000 
1.300000e-01 1.003407e-01 9.749920e-02 1.299607e-01 1.000000e-01 1.233042e+00 -0.752583 0.096291 0.192803 0.193420 0.194903 0.075168 0.752584 0.024915 0.032739 -0.867828 0.000000 
1.300000e-01 1.003407e-01 9.749920e-02 1.299606e-01 1.000000e-01 1.240580e+00 -0.757564 0.096891 0.194028 0.194704 0.196248 0.075694 0.757564 0.024276 0.031460 -0.869108 0.000000 
1.300000e-01 1.003407e-01 9.749920e-02 1.299606e-01 1.000000e-01 1.248096e+00 -0.762529 0.097485 0.195243 0.195984 0.197596 0.076222 0.762529 0.023639 0.030186 -0.870384 0.000000 
1.300000e-01 1.003407e-01 9.749920e-02 1.299606e-01 1.000000e-01 1.255587e+00 -0.767478 0.098071 0.196447 0.197261 0.198948 0.076753 0.767479 0.023003 0.028915 -0.871656 0.000000 
1.300000e-01 1.003407e-01 9.749920e-02 1.299605e-01 1.000000e-01 1.263055e+00 -0.772412 0.098649 0.197638 0.198534 0.200306 0.077286 0.772412 0.022370 0.027648 -0.872924 0.000000 
1.300000e-01 1.003407e-01 9.749920e-02 1.299605e-01 1.000000e-01 1.270498e+00 -0.777329 0.099219 0.198816 0.199804 0.201669 0.077823 0.777330 0.021739 0.026386 -0.874188 0.000000 
1.300000e-01 1.003407e-01 9.749920e-02 1.299604e-01 1.000000e-01 1.277917e+00 -0.782231 0.099778 0.199978 0.201071 0.203040 0.078365 0.782231 0.021110 0.025127 -0.875447 0.000000 
1.300000e-01 1.003407e-01 9.749920e-02 1.299604e-01 1.000000e-01 1.285311e+00 -0.787116 0.100327 0.201126 0.202335 0.204418 0.078911 0.787116 0.020483 0.023873 -0.876702 0.000000 
1.300000e-01 1.003407e-01 9.749920e-02 1.299603e-01 1.000000e-01 1.292679e+00 -0.791984 0.100863 0.202255 0.203596 0.205808 0.079463 0.791984 0.019858 0.022623 -0.877953 0.000000 
1.300000e-01 1.003407e-01 9.749920e-02 1.299602e-01 1.000000e-01 1.300023e+00 -0.796836 0.101387 0.203366 0.204854 0.207208 0.080021 0.796836 0.019236 0.021378 -0.879200 0.000000 
1.300000e-01 1.003407e-01 9.749920e-02 1.299602e-01 1.000000e-01 1.307340e+00 -0.801670 0.101896 0.204455 0.206110 0.208623 0.080587 0.801670 0.018615 0.020137 -0.880442 0.000000 
1.300000e-01 1.003407e-01 9.749920e-02 1.299601e-01 1.000000e-01 1.314632e+00 -0.806487 0.102389 0.205524 0.207364 0.210052 0.081160 0.806488 0.017997 0.018900 -0.881680 0.000000 
1.300000e-01 1.003407e-01 9.749920e-02 1.299600e-01 1.000000e-01 1.321897e+00 -0.811287 0.102864 0.206565 0.208615 0.211500 0.081743 0.811288 0.017381 0.017668 -0.882914 0.000000 
1.300000e-01 1.003407e-01 9.749920e-02 1.299598e-01 1.000000e-01 1.329136e+00 -0.816069 0.103321 0.207581 0.209865 0.212967 0.082336 0.816070 0.016767 0.016440 -0.884143 0.000000 
1.300000e-01 1.003407e-01 9.749920e-02 1.299597e-01 1.000000e-01 1.336347e+00 -0.820834 0.103755 0.208566 0.211115 0.214457 0.082942 0.820834 0.016156 0.015217 -0.885367 0.000000 
1.300000e-01 1.003407e-01 9.749920e-02 1.299595e-01 1.000000e-01 1.343531e+00 -0.825580 0.104166 0.209518 0.212364 0.215974 0.083560 0.825580 0.015546 0.013998 -0.886587 0.000000 
1.300000e-01 1.003407e-01 9.749920e-02 1.299593e-01 1.000000e-01 1.350687e+00 -0.830308 0.104550 0.210435 0.213613 0.217518 0.084192 0.830308 0.014940 0.012784 -0.887802 0.000000 
1.300000e-01 1.003407e-01 9.749920e-02 1.299591e-01 1.000000e-01 1.357815e+00 -0.835017 0.104904 0.211310 0.214864 0.219098 0.084842 0.835017 0.014335 0.011575 -0.889012 0.000000 
1.300000e-01 1.003407e-01 9.749920e-02 1.299589e-01 1.000000e-01 1.364915e+00 -0.839708 0.105227 0.212146 0.216117 0.220711 0.085507 0.839708 0.013733 0.010371 -0.890217 0.000000 
1.300000e-01 1.003407e-01 9.749920e-02 1.299586e-01 1.000000e-01 1.371986e+00 -0.844379 0.105510 0.212927 0.217376 0.222372 0.086195 0.844379 0.013134 0.009172 -0.891417 0.000000 
1.300000e-01 1.003407e-01 9.749920e-02 1.299583e-01 1.000000e-01 1.379028e+00 -0.849031 0.105755 0.213660 0.218639 0.224075 0.086903 0.849032 0.012537 0.007977 -0.892613 0.000000 
1.300000e-01 1.003407e-01 9.749920e-02 1.299580e-01 1.000000e-01 1.386040e+00 -0.853664 0.105953 0.214333 0.219911 0.225833 0.087635 0.853664 0.011942 0.006788 -0.893803 0.000000 
1.300000e-01 1.003407e-01 9.749920e-02 1.299576e-01 1.000000e-01 1.393023e+00 -0.858277 0.106100 0.214939 0.221194 0.227650 0.088394 0.858277 0.011350 0.005604 -0.894989 0.000000 
1.300000e-01 1.003407e-01 9.749920e-02 1.299571e-01 1.000000e-01 1.399975e+00 -0.862870 0.106196 0.215481 0.222490 0.229526 0.089178 0.862870 0.010761 0.004425 -0.896169 0.000000 
1.300000e-01 1.003407e-01 9.749920e-02 1.299566e-01 1.000000e-01 1.406896e+00 -0.867442 0.106220 0.215934 0.223807 0.231486 0.089997 0.867442 0.010174 0.003251 -0.897344 0.000000 
1.300000e-01 1.003407e-01 9.749920e-02 1.299560e-01 1.000000e-01 1.413787e+00 -0.871994 0.106179 0.216305 0.225145 0.233520 0.090846 0.871994 0.009590 0.002082 -0.898514 0.000000 
1.300000e-01 1.003407e-01 9.749920e-02 1.299553e-01 1.000000e-01 1.420646e+00 -0.876525 0.106059 0.216581 0.226512 0.235645 0.091728 0.876525 0.009008 0.000919 -0.899678 0.000000 
1.300000e-01 1.003407e-01 9.749920e-02 1.299546e-01 1.000000e-01 1.427473e+00 -0.881035 0.105847 0.216744 0.227917 0.237878 0.092650 0.881035 0.008429 -0.000239 -0.900837 0.000000 
1.300000e-01 1.003407e-01 9.749920e-02 1.299537e-01 1.000000e-01 1.434267e+00 -0.885524 0.105543 0.216797 0.229365 0.240214 0.093606 0.885524 0.007853 -0.001391 -0.901991 0.000000 
1.300000e-01 1.003407e-01 9.749920e-02 1.299527e-01 1.000000e-01 1.441029e+00 -0.889991 0.105124 0.216711 0.230873 0.242683 0.094601 0.889991 0.007280 -0.002538 -0.903138 0.000000 
1.300000e-01 1.003407e-01 9.749920e-02 1.299516e-01 1.000000e-01 1.447758e+00 -0.894436 0.104580 0.216476 0.232451 0.245294 0.095636 0.894436 0.006709 -0.003680 -0.904281 0.000000 
1.300000e-01 1.003407e-01 9.749920e-02 1.299503e-01 1.000000e-01 1.454453e+00 -0.898859 0.103909 0.216087 0.234109 0.248051 0.096704 0.898859 0.006142 -0.004815 -0.905417 0.000000 
1.300000e-01 1.003407e-01 9.749920e-02 1.299488e-01 1.000000e-01 1.461114e+00 -0.903259 0.103074 0.215501 0.235881 0.250995 0.097808 0.903259 0.005577 -0.005945 -0.906548 0.000000 
1.300000e-01 1.003407e-01 9.749920e-02 1.299471e-01 1.000000e-01 1.467741e+00 -0.907636 0.102068 0.214707 0.237783 0.254139 0.098940 0.907637 0.005015 -0.007069 -0.907673 0.000000 
1.300000e-01 1.003407e-01 9.749920e-02 1.299451e-01 1.000000e-01 1.474333e+00 -0.911991 0.100885 0.213692 0.239833 0.257491 0.100091 0.911991 0.004456 -0.008186 -0.908792 0.000000 
1.300000e-01 1.003407e-01 9.749920e-02 1.299429e-01 1.000000e-01 1.480889e+00 -0.916322 0.099480 0.212398 0.242087 0.261108 0.101249 0.916322 0.003900 -0.009298 -0.909905 0.000000 
1.300000e-01 1.003407e-01 9.749920e-02 1.299404e-01 1.000000e-01 1.487409e+00 -0.920629 0.097837 0.210791 0.244583 0.265022 0.102396 0.920629 0.003348 -0.010404 -0.911012 0.000000 
1.300000e-01 1.003407e-01 9.749920e-02 1.299375e-01 1.000000e-01 1.493894e+00 -0.924913 0.095951 0.208853 0.247350 0.269248 0.103510 0.924913 0.002798 -0.011504 -0.912112 0.000000 
1.300000e-01 1.003407e-01 9.749920e-02 1.299342e-01 1.000000e-01 1.500341e+00 -0.929172 0.093787 0.206518 0.250458 0.273852 0.104557 0.929172 0.002251 -0.012597 -0.913207 0.000000 
1.300000e-01 1.003407e-01 9.749920e-02 1.299305e-01 1.000000e-01 1.506749e+00 -0.933405 0.091287 0.203676 0.254020 0.278941 0.105481 0.933406 0.001708 -0.013684 -0.914295 0.000000 
1.300000e-01 1.003407e-01 9.749920e-02 1.299262e-01 1.000000e-01 1.513118e+00 -0.937613 0.088470 0.200313 0.258062 0.284530 0.106238 0.937613 0.001168 -0.014765 -0.915376 0.000000 
1.300000e-01 1.003407e-01 9.749920e-02 1.299214e-01 1.000000e-01 1.519446e+00 -0.941794 0.085312 0.196349 0.262669 0.290705 0.106760 0.941794 0.000631 -0.015838 -0.916451 0.000000 
1.300000e-01 1.003407e-01 9.749920e-02 1.299160e-01 1.000000e-01 1.525734e+00 -0.945949 0.081750 0.191603 0.268019 0.297659 0.106918 0.945949 0.000098 -0.016905 -0.917518 0.000000 
1.300000e-01 1.003407e-01 9.749920e-02 1.299101e-01 1.000000e-01 1.531980e+00 -0.950076 0.077771 0.185955 0.274229 0.305534 0.106587 0.950076 -0.000432 -0.017964 -0.918579 0.000000 
1.300000e-01 1.003407e-01 9.749920e-02 1.299037e-01 1.000000e-01 1.538185e+00 -0.954176 0.073389 0.179326 0.281365 0.314445 0.105651 0.954176 -0.000958 -0.019017 -0.919632 0.000000 
1.300000e-01 1.003407e-01 9.749920e-02 1.298971e-01 1.000000e-01 1.544346e+00 -0.958247 0.068592 0.171564 0.289549 0.324599 0.103942 0.958247 -0.001480 -0.020062 -0.920678 0.000000 
1.300000e-01 1.003407e-01 9.749920e-02 1.298908e-01 1.000000e-01 1.550463e+00 -0.962286 0.063350 0.162406 0.298973 0.336370 0.101187 0.962286 -0.001999 -0.021099 -0.921716 0.000000 
1.300000e-01 1.003407e-01 9.749920e-02 1.298859e-01 1.000000e-01 1.556534e+00 -0.966290 0.057662 0.151627 0.309738 0.350164 0.097100 0.966290 -0.002513 -0.022127 -0.922745 0.000000 
1.300000e-01 1.003407e-01 9.749920e-02 1.298848e-01 1.000000e-01 1.562555e+00 -0.970249 0.051600 0.139223 0.321671 0.366197 0.091559 0.970249 -0.003021 -0.023143 -0.923763 0.000000 
1.300000e-01 1.003407e-01 9.749920e-02 1.298925e-01 1.000000e-01 1.568518e+00 -0.974147 0.045220 0.125145 0.334492 0.384890 0.084399 0.974147 -0.003521 -0.024144 -0.924764 0.000000 
1.300000e-01 1.003407e-01 9.749920e-02 1.299200e-01 1.000000e-01 1.574406e+00 -0.977946 0.038629 0.109508 0.347482 0.406748 0.075579 0.977946 -0.004009 -0.025119 -0.925740 0.000000 
1.300000e-01 1.003407e-01 9.749920e-02 1.299939e-01 1.000000e-01 1.580183e+00 -0.981566 0.032023 0.092729 0.358917 0.432604 0.065294 0.981566 -0.004473 -0.026049 -0.926671 0.000000 
1.300000e-01 1.003407e-01 9.749920e-02 1.301853e-01 1.000000e-01 1.585763e+00 -0.984840 0.025801 0.075955 0.364707 0.464000 0.054378 0.984840 -0.004893 -0.026889 -0.927512 0.000000 
1.300000e-01 1.003407e-01 9.749920e-02 1.307194e-01 1.000000e-01 1.590946e+00 -0.987546 0.020492 0.060968 0.355802 0.505818 0.044465 0.987546 -0.005241 -0.027584 -0.928207 0.000000 
1.300000e-01 1.003407e-01 9.749920e-02 1.323105e-01 1.000000e-01 1.595454e+00 -0.989869 0.015757 0.046943 0.303159 0.588397 0.035613 0.989869 -0.005539 -0.028181 -0.928804 0.000000 
1.300000e-01 1.003407e-01 9.749920e-02 1.339186e-01 1.000000e-01 1.597500e+00 -0.991667 0.012031 0.035640 0.221732 0.693898 0.028366 0.991667 -0.005770 -0.028642 -0.929266 0.000000 
1.300000e-01 1.003407e-01 9.749920e-02 1.339186e-01 1.000000e-01 1.597500e+00 -0.991667 0.012031 0.035640 0.221732 0.693898 0.028366 0.991667 -0.005770 -0.028642 -0.929266 0.000000 
1.300000e-01 1.003407e-01 9.749920e-02 1.339186e-01 1.000000e-01 1.597500e+00 -0.991667 0.012031 0.035640 0.221732 0.693898 0.028366 0.991667 -0.005770 -0.028642 -0.929266 0.000000 
1.300000e-01 1.003407e-01 9.749920e-02 1.339186e-01 1.000000e-01 1.597500e+00 -0.991667 0.012031 0.035640 0.221732 0.693898 0.028366 0.991667 -0.005770 -0.028642 -0.929266 0.000000 
1.300000e-01 1.003407e-01 9.749920e-02 1.339186e-01 1.000000e-01 1.597500e+00 -0.991667 0.012031 0.035640 0.221732 0.693898 0.028366 0.991667 -0.005770 -0.028642 -0.929266 0.000000 
1.300000e-01 1.003407e-01 9.749920e-02 1.339186e-01 1.000000e-01 1.597500e+00 -0.991667 0.012031 0.035640 0.221732 0.693898 0.028366 0.991667 -0.005770 -0.028642 -0.929266 0.000000 
1.300000e-01 1.003407e-01 9.749920e-02 1.339186e-01 1.000000e-01 1.597500e+00 -0.991667 0.012031 0.035640 0.221732 0.693898 0.028366 0.991667 -0.005770 -0.028642 -0.929266 0.000000 
1.300000e-01 1.003407e-01 9.749920e-02 1.339186e-01 1.000000e-01 1.597500e+00 -0.991667 0.012031 0.035640 0.221732 0.693898 0.028366 0.991667 -0.005770 -0.028642 -0.929266 0.000000 
1.300000e-01 1.003407e-01 9.749920e-02 1.339186e-01 1.000000e-01 1.597500e+00 -0.991667 0.012031 0.035640 0.221732 0.693898 0.028366 0.991667 -0.005770 -0.028642 -0.929266 0.000000 
1.300000e-01 1.003407e-01 9.749920e-02 1.339186e-01 1.000000e-01 1.597500e+00 -0.991667 0.012031 0.035640 0.221732 0.693898 0.028366 0.991667 -0.005770 -0.028642 -0.929266 0.000000 
1.300000e-01 1.003407e-01 9.749920e-02 1.339186e-01 1.000000e-01 1.597500e+00 -0.991667 0.012031 0.035640 0.221732 0.693898 0.028366 0.991667 -0.005770 -0.028642 -0.929266 0.000000 
1.300000e-01 1.003407e-01 9.749920e-02 1.339186e-01 1.000000e-01 1.597500e+00 -0.991667 0.012031 0.035640 0.221732 0.693898 0.028366 0.991667 -0.005770 -0.028642 -0.929266 0.000000 
1.300000e-01 1.003407e-01 9.749920e-02 1.339186e-01 1.000000e-01 1.597500e+00 -0.991667 0.012031 0.035640 0.221732 0.693898 0.028366 0.991667 -0.005770 -0.028642 -0.929266 0.000000 
1.300000e-01 1.003407e-01 9.749920e-02 1.339186e-01 1.000000e-01 1.597500e+00 -0.991667 0.012031 0.035640 0.221732 0.693898 0.028366 0.991667 -0.005770 -0.028642 -0.929266 0.000000 
1.300000e-01 1.003407e-01 9.749920e-02 1.339186e-01 1.000000e-01 1.597500e+00 -0.991667 0.012031 0.035640 0.221732 0.693898 0.028366 0.991667 -0.005770 -0.028642 -0.929266 0.000000 
1.300000e-01 1.003407e-01 9.749920e-02 1.339186e-01 1.000000e-01 1.597500e+00 -0.991667 0.012031 0.035640 0.221732 0.693898 0.028366 0.991667 -0.005770 -0.028642 -0.929266 0.000000 
1.300000e-01 1.003407e-01 9.749920e-02 1.339186e-01 1.000000e-01 1.597500e+00 -0.991667 0.012031 0.035640 0.221732 0.693898 0.028366 0.991667 -0.005770 -0.028642 -0.929266 0.000000 
1.300000e-01 1.003407e-01 9.749920e-02 1.339186e-01 1.000000e-01 1.597500e+00 -0.991667 0.012031 0.035640 0.221732 0.693898 0.028366 0.991667 -0.005770 -0.028642 -0.929266 0.000000 
1.300000e-01 1.003407e-01 9.749920e-02 1.339186e-01 1.000000e-01 1.597500e+00 -0.991667 0.012031 0.035640 0.221732 0.693898 0.028366 0.991667 -0.005770 -0.028642 -0.929266 0.000000 
1.300000e-01 1.003407e-01 9.749920e-02 1.339186e-01 1.000000e-01 1.597500e+00 -0.991667 0.012031 0.035640 0.221732 0.693898 0.028366 0.991667 -0.005770 -0.028642 -0.929266 0.000000 
1.300000e-01 1.003407e-01 9.749920e-02 1.339186e-01 1.000000e-01 1.597500e+00 -0.991667 0.012031 0.035640 0.221732 0.693898 0.028366 0.991667 -0.005770 -0.028642 -0.929266 0.000000 
1.300000e-01 1.003407e-01 9.749920e-02 1.339186e-01 1.000000e-01 1.597500e+00 -0.991667 0.012031 0.035640 0.221732 0.693898 0.028366 0.991667 -0.005770 -0.028642 -0.929266 0.000000 
1.300000e-01 1.003407e-01 9.749920e-02 1.339186e-01 1.000000e-01 1.597500e+00 -0.991667 0.012031 0.035640 0.221732 0.693898 0.028366 0.991667 -0.005770 -0.028642 -0.929266 0.000000 
1.300000e-01 1.003407e-01 9.749920e-02 1.339186e-01 1.000000e-01 1.597500e+00 -0.991667 0.012031 0.035640 0.221732 0.693898 0.028366 0.991667 -0.005770 -0.028642 -0.929266 0.000000 
1.300000e-01 1.003407e-01 9.749920e-02 1.339186e-01 1.000000e-01 1.597500e+00 -0.991667 0.012031 0.035640 0.221732 0.693898 0.028366 0.991667 -0.005770 -0.028642 -0.929266 0.000000 
1.300000e-01 1.003407e-01 9.749920e-02 1.339186e-01 1.000000e-01 1.597500e+00 -0.991667 0.012031 0.035640 0.221732 0.693898 0.028366 0.991667 -0.005770 -0.028642 -0.929266 0.000000 
1.300000e-01 1.003407e-01 9.749920e-02 1.339186e-01 1.000000e-01 1.597500e+00 -0.991667 0.012031 0.035640 0.221732 0.693898 0.028366 0.991667 -0.005770 -0.028642 -0.929266 0.000000 
1.300000e-01 1.003407e-01 9.749920e-02 1.339186e-01 1.000000e-01 1.597500e+00 -0.991667 0.012031 0.035640 0.221732 0.693898 0.028366 0.991667 -0.005770 -0.028642 -0.929266 0.000000 
1.300000e-01 1.003407e-01 9.749920e-02 1.339186e-01 1.000000e-01 1.597500e+00 -0.991667 0.012031 0.035640 0.221732 0.693898 0.028366 0.991667 -0.005770 -0.028642 -0.929266 0.000000 
1.300000e-01 1.003407e-01 9.749920e-02 1.339186e-01 1.000000e-01 1.597500e+00 -0.991667 0.012031 0.035640 0.221732 0.693898 0.028366 0.991667 -0.005770 -0.028642 -0.929266 0.000000 
1.300000e-01 1.003407e-01 9.749920e-02 1.339186e-01 1.000000e-01 1.597500e+00 -0.991667 0.012031 0.035640 0.221732 0.693898 0.028366 0.991667 -0.005770 -0.028642 -0.929266 0.000000 
1.300000e-01 1.003407e-01 9.749920e-02 1.339186e-01 1.000000e-01 1.597500e+00 -0.991667 0.012031 0.035640 0.221732 0.693898 0.028366 0.991667 -0.005770 -0.028642 -0.929266 0.000000 
1.300000e-01 1.003407e-01 9.749920e-02 1.339186e-01 1.000000e-01 1.597500e+00 -0.991667 0.012031 0.035640 0.221732 0.693898 0.028366 0.991667 -0.005770 -0.028642 -0.929266 0.000000 
1.300000e-01 1.003407e-01 9.749920e-02 1.339186e-01 1.000000e-01 1.597500e+00 -0.991667 0.012031 0.035640 0.221732 0.693898 0.028366 0.991667 -0.005770 -0.028642 -0.929266 0.000000 
1.300000e-01 1.003407e-01 9.749920e-02 1.339186e-01 1.000000e-01 1.597500e+00 -0.991667 0.012031 0.035640 0.221732 0.693898 0.028366 0.991667 -0.005770 -0.028642 -0.929266 0.000000 
1.300000e-01 1.003407e-01 9.749920e-02 1.339186e-01 1.000000e-01 1.597500e+00 -0.991667 0.012031 0.035640 0.221732 0.693898 0.028366 0.991667 -0.005770 -0.028642 -0.929266 0.000000 
1.300000e-01 1.003407e-01 9.749920e-02 1.339186e-01 1.000000e-01 1.597500e+00 -0.991667 0.012031 0.035640 0.221732 0.693898 0.028366 0.991667 -0.005770 -0.028642 -0.929266 0.000000 
1.300000e-01 1.003407e-01 9.749920e-02 1.339186e-01 1.000000e-01 1.597500e+00 -0.991667 0.012031 0.035640 0.221732 0.693898 0.028366 0.991667 -0.005770 -0.028642 -0.929266 0.000000 
1.300000e-01 1.003407e-01 9.749920e-02 1.339186e-01 1.000000e-01 1.597500e+00 -0.991667 0.012031 0.035640 0.221732 0.693898 0.028366 0.991667 -0.005770 -0.028642 -0.929266 0.000000 
1.300000e-01 1.003407e-01 9.749920e-02 1.339186e-01 1.000000e-01 1.597500e+00 -0.991667 0.012031 0.035640 0.221732 0.693898 0.028366 0.991667 -0.005770 -0.028642 -0.929266 0.000000 
1.300000e-01 1.003407e-01 9.749920e-02 1.339186e-01 1.000000e-01 1.597500e+00 -0.991667 0.012031 0.035640 0.221732 0.693898 0.028366 0.991667 -0.005770 -0.028642 -0.929266 0.000000 
1.300000e-01 1.003407e-01 9.749920e-02 1.339186e-01 1.000000e-01 1.597500e+00 -0.991667 0.012031 0.035640 0.221732 0.693898 0.028366 0.991667 -0.005770 -0.028642 -0.929266 0.000000 
1.300000e-01 1.003407e-01 9.749920e-02 1.339186e-01 1.000000e-01 1.597500e+00 -0.991667 0.012031 0.035640 0.221732 0.693898 0.028366 0.991667 -0.005770 -0.028642 -0.929266 0.000000 
1.300000e-01 1.003407e-01 9.749920e-02 1.339186e-01 1.000000e-01 1.597500e+00 -0.991667 0.012031 0.035640 0.221732 0.693898 0.028366 0.991667 -0.005770 -0.028642 -0.929266 0.000000 
1.300000e-01 1.003407e-01 9.749920e-02 1.339186e-01 1.000000e-01 1.597500e+00 -0.991667 0.012031 0.035640 0.221732 0.693898 0.028366 0.991667 -0.005770 -0.028642 -0.929266 0.000000 
1.300000e-01 1.003407e-01 9.749920e-02 1.339186e-01 1.000000e-01 1.597500e+00 -0.991667 0.012031 0.035640 0.221732 0.693898 0.028366 0.991667 -0.005770 -0.028642 -0.929266 0.000000 
1.300000e-01 1.003407e-01 9.749920e-02 1.339186e-01 1.000000e-01 1.597500e+00 -0.991667 0.012031 0.035640 0.221732 0.693898 0.028366 0.991667 -0.005770 -0.028642 -0.929266 0.000000 
1.300000e-01 1.003407e-01 9.749920e-02 1.339186e-01 1.000000e-01 1.597500e+00 -0.991667 0.012031 0.035640 0.221732 0.693898 0.028366 0.991667 -0.005770 -0.028642 -0.929266 0.000000 
1.300000e-01 1.003407e-01 9.749920e-02 1.339186e-01 1.000000e-01 1.597500e+00 -0.991667 0.012031 0.035640 0.221732 0.693898 0.028366 0.991667 -0.005770 -0.028642 -0.929266 0.000000 
1.300000e-01 1.003407e-01 9.749920e-02 1.339186e-01 1.000000e-01 1.597500e+00 -0.991667 0.012031 0.035640 0.221732 0.693898 0.028366 0.991667 -0.005770 -0.028642 -0.929266 0.000000 
1.300000e-01 1.003407e-01 9.749920e-02 1.339186e-01 1.000000e-01 1.597500e+00 -0.991667 0.012031 0.035640 0.221732 0.693898 0.028366 0.991667 -0.005770 -0.028642 -0.929266 0.000000 
1.300000e-01 1.003407e-01 9.749920e-02 1.339186e-01 1.000000e-01 1.597500e+00 -0.991667 0.012031 0.035640 0.221732 0.693898 0.028366 0.991667 -0.005770 -0.028642 -0.929266 0.000000 
1.300000e-01 1.003407e-01 9.749920e-02 1.339186e-01 1.000000e-01 1.597500e+00 -0.991667 0.012031 0.035640 0.221732 0.693898 0.028366 0.991667 -0.005770 -0.028642 -0.929266 0.000000 
1.300000e-01 1.003407e-01 9.749920e-02 1.339186e-01 1.000000e-01 1.597500e+00 -0.991667 0.012031 0.035640 0.221732 0.693898 0.028366 0.991667 -0.005770 -0.028642 -0.929266 0.000000 
1.300000e-01 1.003407e-01 9.749920e-02 1.339186e-01 1.000000e-01 1.597500e+00 -0.991667 0.012031 0.035640 0.221732 0.693898 0.028366 0.991667 -0.005770 -0.028642 -0.929266 0.000000 
1.300000e-01 1.003407e-01 9.749920e-02 1.339186e-01 1.000000e-01 1.597500e+00 -0.991667 0.012031 0.035640 0.221732 0.693898 0.028366 0.991667 -0.005770 -0.028642 -0.929266 0.000000 
1.300000e-01 1.003407e-01 9.749920e-02 1.339186e-01 1.000000e-01 1.597500e+00 -0.991667 0.012031 0.035640 0.221732 0.693898 0.028366 0.991667 -0.005770 -0.028642 -0.929266 0.000000 
1.300000e-01 1.003407e-01 9.749920e-02 1.339186e-01 1.000000e-01 1.597500e+00 -0.991667 0.012031 0.035640 0.221732 0.693898 0.028366 0.991667 -0.005770 -0.028642 -0.929266 0.000000 
1.300000e-01 1.003407e-01 9.749920e-02 1.339186e-01 1.000000e-01 1.597500e+00 -0.991667 0.012031 0.035640 0.221732 0.693898 0.028366 0.991667 -0.005770 -0.028642 -0.929266 0.000000 
1.300000e-01 1.003407e-01 9.749920e-02 1.339186e-01 1.000000e-01 1.597500e+00 -0.991667 0.012031 0.035640 0.221732 0.693898 0.028366 0.991667 -0.005770 -0.028642 -0.929266 0.000000 
1.300000e-01 1.003407e-01 9.749920e-02 1.339186e-01 1.000000e-01 1.597500e+00 -0.991667 0.012031 0.035640 0.221732 0.693898 0.028366 0.991667 -0.005770 -0.028642 -0.929266 0.000000 
1.300000e-01 1.003407e-01 9.749920e-02 1.339186e-01 1.000000e-01 1.597500e+00 -0.991667 0.012031 0.035640 0.221732 0.693898 0.028366 0.991667 -0.005770 -0.028642 -0.929266 0.000000 
1.300000e-01 1.003407e-01 9.749920e-02 1.339186e-01 1.000000e-01 1.597500e+00 -0.991667 0.012031 0.035640 0.221732 0.693898 0.028366 0.991667 -0.005770 -0.028642 -0.929266 0.000000 
1.300000e-01 1.003407e-01 9.749920e-02 1.339186e-01 1.000000e-01 1.597500e+00 -0.991667 0.012031 0.035640 0.221732 0.693898 0.028366 0.991667 -0.005770 -0.028642 -0.929266 0.000000 
1.300000e-01 1.003407e-01 9.749920e-02 1.339186e-01 1.000000e-01 1.597500e+00 -0.991667 0.012031 0.035640 0.221732 0.693898 0.028366 0.991667 -0.005770 -0.028642 -0.929266 0.000000 
1.300000e-01 1.003407e-01 9.749920e-02 1.339186e-01 1.000000e-01 1.597500e+00 -0.991667 0.012031 0.035640 0.221732 0.693898 0.028366 0.991667 -0.005770 -0.028642 -0.929266 0.000000 
1.300000e-01 1.003407e-01 9.749920e-02 1.339186e-01 1.000000e-01 1.597500e+00 -0.991667 0.012031 0.035640 0.221732 0.693898 0.028366 0.991667 -0.005770 -0.028642 -0.929266 0.000000 
1.300000e-01 1.003407e-01 9.749920e-02 1.339186e-01 1.000000e-01 1.597500e+00 -0.991667 0.012031 0.035640 0.221732 0.693898 0.028366 0.991667 -0.005770 -0.028642 -0.929266 0.000000 
1.300000e-01 1.003407e-01 9.749920e-02 1.339186e-01 1.000000e-01 1.597500e+00 -0.991667 0.012031 0.035640 0.221732 0.693898 0.028366 0.991667 -0.005770 -0.028642 -0.929266 0.000000 
1.300000e-01 1.003407e-01 9.749920e-02 1.339186e-01 1.000000e-01 1.597500e+00 -0.991667 0.012031 0.035640 0.221732 0.693898 0.028366 0.991667 -0.005770 -0.028642 -0.929266 0.000000 
1.300000e-01 1.003407e-01 9.749920e-02 1.339186e-01 1.000000e-01 1.597500e+00 -0.991667 0.012031 0.035640 0.221732 0.693898 0.028366 0.991667 -0.005770 -0.028642 -0.929266 0.000000 
1.300000e-01 1.003407e-01 9.749920e-02 1.339186e-01 1.000000e-01 1.597500e+00 -0.991667 0.012031 0.035640 0.221732 0.693898 0.028366 0.991667 -0.005770 -0.028642 -0.929266 0.000000 
1.300000e-01 1.003407e-01 9.749920e-02 1.339186e-01 1.000000e-01 1.597500e+00 -0.991667 0.012031 0.035640 0.221732 0.693898 0.028366 0.991667 -0.005770 -0.028642 -0.929266 0.000000 
1.300000e-01 1.003407e-01 9.749920e-02 1.339186e-01 1.000000e-01 1.597500e+00 -0.991667 0.012031 0.035640 0.221732 0.693898 0.028366 0.991667 -0.005770 -0.028642 -0.929266 0.000000 
1.300000e-01 1.003407e-01 9.749920e-02 1.339186e-01 1.000000e-01 1.597500e+00 -0.991667 0.012031 0.035640 0.221732 0.693898 0.028366 0.991667 -0.005770 -0.028642 -0.929266 0.000000 
1.300000e-01 1.003407e-01 9.749920e-02 1.339186e-01 1.000000e-01 1.597500e+00 -0.991667 0.012031 0.035640 0.221732 0.693898 0.028366 0.991667 -0.005770 -0.028642 -0.929266 0.000000 
1.300000e-01 1.003407e-01 9.749920e-02 1.339186e-01 1.000000e-01 1.597500e+00 -0.991667 0.012031 0.035640 0.221732 0.693898 0.028366 0.991667 -0.005770 -0.028642 -0.929266 0.000000 
1.300000e-01 1.003407e-01 9.749920e-02 1.339186e-01 1.000000e-01 1.597500e+00 -0.991667 0.012031 0.035640 0.221732 0.693898 0.028366 0.991667 -0.005770 -0.028642 -0.929266 0.000000 
1.300000e-01 1.003407e-01 9.749920e-02 1.339186e-01 1.000000e-01 1.597500e+00 -0.991667 0.012031 0.035640 0.221732 0.693898 0.028366 0.991667 -0.005770 -0.028642 -0.929266 0.000000 
1.300000e-01 1.003407e-01 9.749920e-02 1.339186e-01 1.000000e-01 1.597500e+00 -0.991667 0.012031 0.035640 0.221732 0.693898 0.028366 0.991667 -0.005770 -0.028642 -0.929266 0.000000 
1.300000e-01 1.003407e-01 9.749920e-02 1.339186e-01 1.000000e-01 1.597500e+00 -0.991667 0.012031 0.035640 0.221732 0.693898 0.028366 0.991667 -0.005770 -0.028642 -0.929266 0.000000 
1.300000e-01 1.003407e-01 9.749920e-02 1.339186e-01 1.000000e-01 1.597500e+00 -0.991667 0.012031 0.035640 0.221732 0.693898 0.028366 0.991667 -0.005770 -0.028642 -0.929266 0.000000 
1.300000e-01 1.003407e-01 9.749920e-02 1.339186e-01 1.000000e-01 1.597500e+00 -0.991667 0.012031 0.035640 0.221732 0.693898 0.028366 0.991667 -0.005770 -0.028642 -0.929266 0.000000 
1.300000e-01 1.003407e-01 9.749920e-02 1.339186e-01 1.000000e-01 1.597500e+00 -0.991667 0.012031 0.035640 0.221732 0.693898 0.028366 0.991667 -0.005770 -0.028642 -0.929266 0.000000 
1.300000e-01 1.003407e-01 9.749920e-02 1.339186e-01 1.000000e-01 1.597500e+00 -0.991667 0.012031 0.035640 0.221732 0.693898 0.028366 0.991667 -0.005770 -0.028642 -0.929266 0.000000 
1.300000e-01 1.003407e-01 9.749920e-02 1.339186e-01 1.000000e-01 1.597500e+00 -0.991667 0.012031 0.035640 0.221732 0.693898 0.028366 0.991667 -0.005770 -0.028642 -0.929266 0.000000 
1.300000e-01 1.003407e-01 9.749920e-02 1.339186e-01 1.000000e-01 1.597500e+00 -0.991667 0.012031 0.035640 0.221732 0.693898 0.028366 0.991667 -0.005770 -0.028642 -0.929266 0.000000 
1.300000e-01 1.003407e-01 9.749920e-02 1.339186e-01 1.000000e-01 1.597500e+00 -0.991667 0.012031 0.035640 0.221732 0.693898 0.028366 0.991667 -0.005770 -0.028642 -0.929266 0.000000 
1.300000e-01 1.003407e-01 9.749920e-02 1.339186e-01 1.000000e-01 1.597500e+00 -0.991667 0.012031 0.035640 0.221732 0.693898 0.028366 0.991667 -0.005770 -0.028642 -0.929266 0.000000 
1.300000e-01 1.003407e-01 9.749920e-02 1.339186e-01 1.000000e-01 1.597500e+00 -0.991667 0.012031 0.035640 0.221732 0.693898 0.028366 0.991667 -0.005770 -0.028642 -0.929266 0.000000 
1.300000e-01 1.003407e-01 9.749920e-02 1.339186e-01 1.000000e-01 1.597500e+00 -0.991667 0.012031 0.035640 0.221732 0.693898 0.028366 0.991667 -0.005770 -0.028642 -0.929266 0.000000 
1.300000e-01 1.003407e-01 9.749920e-02 1.339186e-01 1.000000e-01 1.597500e+00 -0.991667 0.012031 0.035640 0.221732 0.693898 0.028366 0.991667 -0.005770 -0.028642 -0.929266 0.000000 
1.300000e-01 1.003407e-01 9.749920e-02 1.339186e-01 1.000000e-01 1.597500e+00 -0.991667 0.012031 0.035640 0.221732 0.693898 0.028366 0.991667 -0.005770 -0.028642 -0.929266 0.000000 
1.300000e-01 1.003407e-01 9.749920e-02 1.339186e-01 1.000000e-01 1.597500e+00 -0.991667 0.012031 0.035640 0.221732 0.693898 0.028366 0.991667 -0.005770 -0.028642 -0.929266 0.000000 
1.300000e-01 1.003407e-01 9.749920e-02 1.339186e-01 1.000000e-01 1.597500e+00 -0.991667 0.012031 0.035640 0.221732 0.693898 0.028366 0.991667 -0.005770 -0.028642 -0.929266 0.000000 
1.300000e-01 1.003407e-01 9.749920e-02 1.339186e-01 1.000000e-01 1.597500e+00 -0.991667 0.012031 0.035640 0.221732 0.693898 0.028366 0.991667 -0.005770 -0.028642 -0.929266 0.000000 
1.300000e-01 1.003407e-01 9.749920e-02 1.339186e-01 1.000000e-01 1.597500e+00 -0.991667 0.012031 0.035640 0.221732 0.693898 0.028366 0.991667 -0.005770 -0.028642 -0.929266 0.000000 
1.300000e-01 1.003407e-01 9.749920e-02 1.339186e-01 1.000000e-01 1.597500e+00 -0.991667 0.012031 0.035640 0.221732 0.693898 0.028366 0.991667 -0.005770 -0.028642 -0.929266 0.000000 
1.300000e-01 1.003407e-01 9.749920e-02 1.339186e-01 1.000000e-01 1.597500e+00 -0.991667 0.012031 0.035640 0.221732 0.693898 0.028366 0.991667 -0.005770 -0.028642 -0.929266 0.000000 
1.300000e-01 1.003407e-01 9.749920e-02 1.339186e-01 1.000000e-01 1.597500e+00 -0.991667 0.012031 0.035640 0.221732 0.693898 0.028366 0.991667 -0.005770 -0.028642 -0.929266 0.000000 
1.300000e-01 1.003407e-01 9.749920e-02 1.339186e-01 1.000000e-01 1.597500e+00 -0.991667 0.012031 0.035640 0.221732 0.693898 0.028366 0.991667 -0.005770 -0.028642 -0.929266 0.000000 
1.300000e-01 1.003407e-01 9.749920e-02 1.339186e-01 1.000000e-01 1.597500e+00 -0.991667 0.012031 0.035640 0.221732 0.693898 0.028366 0.991667 -0.005770 -0.028642 -0.929266 0.000000 
1.300000e-01 1.003407e-01 9.749920e-02 1.339186e-01 1.000000e-01 1.597500e+00 -0.991667 0.012031 0.035640 0.221732 0.693898 0.028366 0.991667 -0.005770 -0.028642 -0.929266 0.000000 
1.300000e-01 1.003407e-01 9.749920e-02 1.339186e-01 1.000000e-01 1.597500e+00 -0.991667 0.012031 0.035640 0.221732 0.693898 0.028366 0.991667 -0.005770 -0.028642 -0.929266 0.000000 
1.300000e-01 1.003407e-01 9.749920e-02 1.339186e-01 1.000000e-01 1.597500e+00 -0.991667 0.012031 0.035640 0.221732 0.693898 0.028366 0.991667 -0.005770 -0.028642 -0.929266 0.000000 
1.300000e-01 1.003407e-01 9.749920e-02 1.339186e-01 1.000000e-01 1.597500e+00 -0.991667 0.012031 0.035640 0.221732 0.693898 0.028366 0.991667 -0.005770 -0.028642 -0.929266 0.000000 
1.300000e-01 1.003407e-01 9.749920e-02 1.339186e-01 1.000000e-01 1.597500e+00 -0.991667 0.012031 0.035640 0.221732 0.693898 0.028366 0.991667 -0.005770 -0.028642 -0.929266 0.000000 
1.300000e-01 1.003407e-01 9.749920e-02 1.339186e-01 1.000000e-01 1.597500e+00 -0.991667 0.012031 0.035640 0.221732 0.693898 0.028366 0.991667 -0.005770 -0.028642 -0.929266 0.000000 
1.300000e-01 1.003407e-01 9.749920e-02 1.339186e-01 1.000000e-01 1.597500e+00 -0.991667 0.012031 0.035640 0.221732 0.693898 0.028366 0.991667 -0.005770 -0.028642 -0.929266 0.000000 
1.300000e-01 1.003407e-01 9.749920e-02 1.339186e-01 1.000000e-01 1.597500e+00 -0.991667 0.012031 0.035640 0.221732 0.693898 0.028366 0.991667 -0.005770 -0.028642 -0.929266 0.000000 
1.300000e-01 1.003407e-01 9.749920e-02 1.339186e-01 1.000000e-01 1.597500e+00 -0.991667 0.012031 0.035640 0.221732 0.693898 0.028366 0.991667 -0.005770 -0.028642 -0.929266 0.000000 
1.300000e-01 1.003407e-01 9.749920e-02 1.339186e-01 1.000000e-01 1.597500e+00 -0.991667 0.012031 0.035640 0.221732 0.693898 0.028366 0.991667 -0.005770 -0.028642 -0.929266 0.000000 
1.300000e-01 1.003407e-01 9.749920e-02 1.339186e-01 1.000000e-01 1.597500e+00 -0.991667 0.012031 0.035640 0.221732 0.693898 0.028366 0.991667 -0.005770 -0.028642 -0.929266 0.000000 
1.300000e-01 1.003407e-01 9.749920e-02 1.339186e-01 1.000000e-01 1.597500e+00 -0.991667 0.012031 0.035640 0.221732 0.693898 0.028366 0.991667 -0.005770 -0.028642 -0.929266 0.000000 
1.300000e-01 1.003407e-01 9.749920e-02 1.339186e-01 1.000000e-01 1.597500e+00 -0.991667 0.012031 0.035640 0.221732 0.693898 0.028366 0.991667 -0.005770 -0.028642 -0.929266 0.000000 
1.300000e-01 1.003407e-01 9.749920e-02 1.339186e-01 1.000000e-01 1.597500e+00 -0.991667 0.012031 0.035640 0.221732 0.693898 0.028366 0.991667 -0.005770 -0.028642 -0.929266 0.000000 
1.300000e-01 1.003407e-01 9.749920e-02 1.339186e-01 1.000000e-01 1.597500e+00 -0.991667 0.012031 0.035640 0.221732 0.693898 0.028366 0.991667 -0.005770 -0.028642 -0.929266 0.000000 
1.300000e-01 1.003407e-01 9.749920e-02 1.339186e-01 1.000000e-01 1.597500e+00 -0.991667 0.012031 0.035640 0.221732 0.693898 0.028366 0.991667 -0.005770 -0.028642 -0.929266 0.000000 
1.300000e-01 1.003407e-01 9.749920e-02 1.339186e-01 1.000000e-01 1.597500e+00 -0.991667 0.012031 0.035640 0.221732 0.693898 0.028366 0.991667 -0.005770 -0.028642 -0.929266 0.000000 
1.300000e-01 1.003407e-01 9.749920e-02 1.339186e-01 1.000000e-01 1.597500e+00 -0.991667 0.012031 0.035640 0.221732 0.693898 0.028366 0.991667 -0.005770 -0.028642 -0.929266 0.000000 
1.300000e-01 1.003407e-01 9.749920e-02 1.339186e-01 1.000000e-01 1.597500e+00 -0.991667 0.012031 0.035640 0.221732 0.693898 0.028366 0.991667 -0.005770 -0.028642 -0.929266 0.000000 
1.300000e-01 1.003407e-01 9.749920e-02 1.339186e-01 1.000000e-01 1.597500e+00 -0.991667 0.012031 0.035640 0.221732 0.693898 0.028366 0.991667 -0.005770 -0.028642 -0.929266 0.000000 
1.300000e-01 1.003407e-01 9.749920e-02 1.339186e-01 1.000000e-01 1.597500e+00 -0.991667 0.012031 0.035640 0.221732 0.693898 0.028366 0.991667 -0.005770 -0.028642 -0.929266 0.000000 
1.300000e-01 1.003407e-01 9.749920e-02 1.339186e-01 1.000000e-01 1.597500e+00 -0.991667 0.012031 0.035640 0.221732 0.693898 0.028366 0.991667 -0.005770 -0.028642 -0.929266 0.000000 
