# TeX TeY TeZ ThX ThY THZ P1 P2
9.000000e-02 1.000000e-01 7.650000e-01 9.000000e-02 1.000000e-01 7.650000e-01 0.000000 0.000000 0.000000 0.000000 0.000000 0.000000 0.000000 0.000000 0.000000 0.000000 0.000000 
9.000000e-02 1.000000e-01 7.532072e-01 9.000000e-02 1.000000e-01 7.735346e-01 -0.013430 0.001724 0.003448 0.003451 0.003470 0.001337 0.013430 -0.001724 -0.003448 -0.003451 0.000000 
9.000000e-02 1.000000e-01 7.413733e-01 9.000000e-02 1.000000e-01 7.820565e-01 -0.026879 0.003450 0.006901 0.006907 0.006945 0.002676 0.026879 -0.003450 -0.006901 -0.006907 0.000000 
9.000000e-02 1.000000e-01 7.294987e-01 9.000000e-02 1.000000e-01 7.905655e-01 -0.040346 0.005178 0.010358 0.010368 0.010424 0.004017 0.040346 -0.005178 -0.010358 -0.010368 0.000000 
9.000000e-02 9.999999e-02 7.175836e-01 9.000000e-02 1.000000e-01 7.990616e-01 -0.053831 0.006909 0.013820 0.013833 0.013909 0.005360 0.053831 -0.006909 -0.013820 -0.013833 0.000000 
9.000000e-02 9.999999e-02 7.056284e-01 9.000000e-02 1.000000e-01 8.075444e-01 -0.067334 0.008642 0.017287 0.017303 0.017398 0.006704 0.067334 -0.008642 -0.017287 -0.017303 0.000000 
9.000000e-02 9.999999e-02 6.936335e-01 9.000000e-02 1.000000e-01 8.160141e-01 -0.080854 0.010377 0.020758 0.020777 0.020891 0.008051 0.080854 -0.010377 -0.020758 -0.020777 0.000000 
9.000000e-02 9.999998e-02 6.815992e-01 9.000000e-02 1.000000e-01 8.244704e-01 -0.094392 0.012115 0.024234 0.024256 0.024389 0.009399 0.094392 -0.012114 -0.024234 -0.024256 0.000000 
9.000000e-02 9.999998e-02 6.695259e-01 9.000000e-02 1.000000e-01 8.329132e-01 -0.107946 0.013854 0.027714 0.027739 0.027891 0.010748 0.107947 -0.013854 -0.027714 -0.027739 0.000000 
9.000000e-02 9.999997e-02 6.574138e-01 9.000000e-02 1.000000e-01 8.413424e-01 -0.121518 0.015596 0.031198 0.031227 0.031398 0.012100 0.121518 -0.015596 -0.031198 -0.031227 0.000000 
9.000000e-02 9.999997e-02 6.452634e-01 9.000000e-02 1.000000e-01 8.497578e-01 -0.135105 0.017340 0.034686 0.034718 0.034908 0.013452 0.135105 -0.017340 -0.034686 -0.034718 0.000000 
9.000000e-02 9.999996e-02 6.330749e-01 9.000000e-02 1.000000e-01 8.581593e-01 -0.148708 0.019086 0.038179 0.038214 0.038423 0.014807 0.148709 -0.019086 -0.038179 -0.038214 0.000000 
9.000000e-02 9.999995e-02 6.208486e-01 9.000000e-02 1.000000e-01 8.665469e-01 -0.162328 0.020834 0.041675 0.041714 0.041942 0.016163 0.162328 -0.020834 -0.041675 -0.041714 0.000000 
9.000000e-02 9.999994e-02 6.085850e-01 9.000000e-02 1.000000e-01 8.749202e-01 -0.175962 0.022584 0.045176 0.045217 0.045465 0.017521 0.175962 -0.022583 -0.045175 -0.045217 0.000000 
9.000000e-02 9.999992e-02 5.962842e-01 9.000000e-02 1.000000e-01 8.832793e-01 -0.189612 0.024336 0.048680 0.048725 0.048991 0.018880 0.189612 -0.024335 -0.048680 -0.048725 0.000000 
9.000000e-02 9.999991e-02 5.839466e-01 9.000000e-02 1.000000e-01 8.916239e-01 -0.203276 0.026089 0.052188 0.052236 0.052522 0.020240 0.203276 -0.026089 -0.052188 -0.052236 0.000000 
9.000000e-02 9.999989e-02 5.715726e-01 9.000000e-02 1.000000e-01 8.999540e-01 -0.216955 0.027845 0.055700 0.055751 0.056056 0.021602 0.216955 -0.027844 -0.055700 -0.055751 0.000000 
9.000000e-02 9.999986e-02 5.591623e-01 9.000000e-02 1.000000e-01 9.082693e-01 -0.230648 0.029603 0.059216 0.059270 0.059594 0.022965 0.230648 -0.029602 -0.059215 -0.059270 0.000000 
9.000000e-02 9.999983e-02 5.467162e-01 9.000000e-02 1.000000e-01 9.165698e-01 -0.244354 0.031362 0.062735 0.062792 0.063135 0.024330 0.244354 -0.031361 -0.062734 -0.062792 0.000000 
9.000000e-02 9.999979e-02 5.342346e-01 9.000000e-02 1.000000e-01 9.248553e-01 -0.258075 0.033123 0.066258 0.066318 0.066680 0.025696 0.258075 -0.033122 -0.066257 -0.066318 0.000000 
9.000000e-02 9.999975e-02 5.217176e-01 9.000000e-02 1.000000e-01 9.331256e-01 -0.271808 0.034886 0.069784 0.069847 0.070229 0.027064 0.271809 -0.034884 -0.069782 -0.069848 0.000000 
9.000000e-02 9.999970e-02 5.091656e-01 9.000000e-02 1.000000e-01 9.413806e-01 -0.285555 0.036650 0.073313 0.073380 0.073780 0.028432 0.285555 -0.036649 -0.073312 -0.073380 0.000000 
9.000000e-02 9.999963e-02 4.965790e-01 9.000000e-02 1.000000e-01 9.496201e-01 -0.299315 0.038416 0.076846 0.076915 0.077335 0.029802 0.299315 -0.038414 -0.076844 -0.076916 0.000000 
9.000000e-02 9.999955e-02 4.839579e-01 9.000000e-02 1.000000e-01 9.578440e-01 -0.313086 0.040184 0.080382 0.080454 0.080894 0.031173 0.313087 -0.040181 -0.080380 -0.080456 0.000000 
9.000000e-02 9.999945e-02 4.713027e-01 9.000000e-02 1.000000e-01 9.660521e-01 -0.326870 0.041953 0.083921 0.083997 0.084455 0.032546 0.326870 -0.041950 -0.083919 -0.083999 0.000000 
9.000000e-02 9.999933e-02 4.586136e-01 9.000000e-02 1.000000e-01 9.742443e-01 -0.340666 0.043724 0.087463 0.087542 0.088019 0.033919 0.340666 -0.043720 -0.087461 -0.087545 0.000000 
9.000000e-02 9.999919e-02 4.458910e-01 9.000000e-02 1.000000e-01 9.824203e-01 -0.354473 0.045496 0.091008 0.091090 0.091586 0.035294 0.354474 -0.045491 -0.091006 -0.091095 0.000000 
9.000000e-02 9.999901e-02 4.331350e-01 9.000000e-02 1.000000e-01 9.905801e-01 -0.368292 0.047270 0.094556 0.094641 0.095156 0.036670 0.368292 -0.047264 -0.094553 -0.094649 0.000000 
9.000000e-02 9.999880e-02 4.203460e-01 9.000000e-02 1.000000e-01 9.987234e-01 -0.382122 0.049045 0.098107 0.098194 0.098729 0.038047 0.382122 -0.049036 -0.098104 -0.098206 0.000000 
9.000000e-02 9.999854e-02 4.075243e-01 9.000000e-02 1.000000e-01 1.006850e+00 -0.395962 0.050822 0.101661 0.101751 0.102305 0.039424 0.395962 -0.050810 -0.101658 -0.101769 0.000000 
9.000000e-02 9.999822e-02 3.946700e-01 9.000000e-02 1.000000e-01 1.014960e+00 -0.409812 0.052600 0.105217 0.105310 0.105883 0.040803 0.409813 -0.052583 -0.105214 -0.105337 0.000000 
9.000000e-02 9.999782e-02 3.817835e-01 8.999999e-02 1.000000e-01 1.023053e+00 -0.423673 0.054379 0.108776 0.108872 0.109464 0.042183 0.423673 -0.054354 -0.108773 -0.108913 0.000000 
9.000000e-02 9.999734e-02 3.688650e-01 8.999999e-02 1.000000e-01 1.031129e+00 -0.437543 0.056160 0.112338 0.112436 0.113047 0.043564 0.437544 -0.056124 -0.112335 -0.112499 0.000000 
9.000000e-02 9.999676e-02 3.559148e-01 8.999999e-02 1.000000e-01 1.039187e+00 -0.451423 0.057942 0.115902 0.116003 0.116632 0.044945 0.451424 -0.057889 -0.115900 -0.116098 0.000000 
9.000000e-02 9.999604e-02 3.429331e-01 8.999999e-02 1.000000e-01 1.047228e+00 -0.465313 0.059725 0.119469 0.119572 0.120220 0.046328 0.465313 -0.059647 -0.119468 -0.119717 0.000000 
9.000000e-02 9.999516e-02 3.299202e-01 8.999999e-02 1.000000e-01 1.055252e+00 -0.479211 0.061509 0.123038 0.123143 0.123810 0.047711 0.479211 -0.061393 -0.123039 -0.123362 0.000000 
9.000000e-02 9.999409e-02 3.168762e-01 8.999999e-02 1.000000e-01 1.063257e+00 -0.493118 0.063295 0.126610 0.126717 0.127402 0.049095 0.493118 -0.063121 -0.126614 -0.127051 0.000000 
9.000000e-02 9.999277e-02 3.038016e-01 8.999999e-02 1.000000e-01 1.071244e+00 -0.507033 0.065082 0.130183 0.130293 0.130996 0.050480 0.507033 -0.064820 -0.130193 -0.130801 0.000000 
9.000000e-02 9.999116e-02 2.906964e-01 8.999999e-02 1.000000e-01 1.079213e+00 -0.520956 0.066870 0.133759 0.133871 0.134592 0.051866 0.520957 -0.066474 -0.133778 -0.134644 0.000000 
9.000000e-02 9.998919e-02 2.775609e-01 8.999998e-02 1.000000e-01 1.087164e+00 -0.534888 0.068659 0.137338 0.137451 0.138190 0.053252 0.534888 -0.068058 -0.137370 -0.138633 0.000000 
9.000000e-02 9.998678e-02 2.643954e-01 8.999998e-02 1.000000e-01 1.095096e+00 -0.548827 0.070449 0.140918 0.141032 0.141789 0.054639 0.548827 -0.069538 -0.140971 -0.142837 0.000000 
9.000000e-02 9.998383e-02 2.512000e-01 8.999998e-02 1.000000e-01 1.103009e+00 -0.562773 0.072241 0.144501 0.144616 0.145390 0.056026 0.562773 -0.070853 -0.144584 -0.147381 0.000000 
9.000000e-02 9.998025e-02 2.379749e-01 8.999998e-02 1.000000e-01 1.110903e+00 -0.576726 0.074033 0.148085 0.148202 0.148993 0.057414 0.576727 -0.071919 -0.148209 -0.152446 0.000000 
9.000000e-02 9.997590e-02 2.247204e-01 8.999997e-02 1.000000e-01 1.118777e+00 -0.590687 0.075827 0.151672 0.151789 0.152597 0.058803 0.590687 -0.072616 -0.151845 -0.158298 0.000000 
9.000000e-02 9.997067e-02 2.114366e-01 8.999997e-02 1.000000e-01 1.126632e+00 -0.604654 0.077622 0.155261 0.155378 0.156203 0.060192 0.604654 -0.072725 -0.155476 -0.165432 0.000000 
9.000000e-02 9.996445e-02 1.981236e-01 8.999996e-02 1.000000e-01 1.134468e+00 -0.618628 0.079418 0.158852 0.158969 0.159810 0.061581 0.618629 -0.071975 -0.159056 -0.174542 0.000000 
9.000000e-02 9.995718e-02 1.847815e-01 8.999996e-02 1.000000e-01 1.142283e+00 -0.632610 0.081215 0.162446 0.162561 0.163418 0.062971 0.632610 -0.069970 -0.162455 -0.186743 0.000000 
9.000000e-02 9.994895e-02 1.714103e-01 8.999995e-02 1.000000e-01 1.150078e+00 -0.646599 0.083013 0.166042 0.166156 0.167028 0.064362 0.646599 -0.066055 -0.165303 -0.204209 0.000000 
9.000000e-02 9.994033e-02 1.580095e-01 8.999995e-02 1.000000e-01 1.157853e+00 -0.660597 0.084813 0.169640 0.169753 0.170639 0.065752 0.660597 -0.059507 -0.166705 -0.230300 0.000000 
9.000000e-02 9.993358e-02 1.445769e-01 8.999994e-02 1.000000e-01 1.165607e+00 -0.674611 0.086616 0.173244 0.173354 0.174254 0.067145 0.674612 -0.049442 -0.164521 -0.271158 0.000000 
9.000000e-02 9.993865e-02 1.311012e-01 8.999993e-02 1.000000e-01 1.173341e+00 -0.688678 0.088426 0.176862 0.176968 0.177881 0.068542 0.688678 -0.034744 -0.152994 -0.340200 0.000000 
9.000000e-02 9.999712e-02 1.175279e-01 8.999992e-02 1.000000e-01 1.181053e+00 -0.702975 0.090266 0.180540 0.180642 0.181568 0.069961 0.702976 -0.014471 -0.117955 -0.465002 0.000000 
9.000000e-02 1.002077e-01 1.036488e-01 8.999991e-02 1.000000e-01 1.188744e+00 -0.718244 0.092232 0.184468 0.184565 0.185504 0.071477 0.718245 0.013265 -0.027233 -0.703751 0.000000 
9.000000e-02 1.003096e-01 9.749980e-02 8.999989e-02 1.000000e-01 1.196413e+00 -0.728383 0.093539 0.187080 0.187170 0.188114 0.072481 0.728383 0.028016 0.038906 -0.861593 0.000000 
9.000000e-02 1.003096e-01 9.749980e-02 8.999988e-02 1.000000e-01 1.204060e+00 -0.733435 0.094195 0.188387 0.188468 0.189408 0.072978 0.733436 0.027367 0.037609 -0.862891 0.000000 
9.000000e-02 1.003096e-01 9.749980e-02 8.999986e-02 1.000000e-01 1.211686e+00 -0.738473 0.094850 0.189692 0.189763 0.190697 0.073473 0.738474 0.026720 0.036316 -0.864186 0.000000 
9.000000e-02 1.003096e-01 9.749980e-02 8.999984e-02 1.000000e-01 1.219288e+00 -0.743496 0.095504 0.190995 0.191053 0.191980 0.073966 0.743497 0.026076 0.035026 -0.865477 0.000000 
9.000000e-02 1.003096e-01 9.749980e-02 8.999982e-02 1.000000e-01 1.226869e+00 -0.748504 0.096157 0.192296 0.192340 0.193258 0.074456 0.748505 0.025433 0.033740 -0.866764 0.000000 
9.000000e-02 1.003096e-01 9.749980e-02 8.999979e-02 1.000000e-01 1.234426e+00 -0.753497 0.096810 0.193594 0.193622 0.194530 0.074943 0.753498 0.024792 0.032458 -0.868047 0.000000 
9.000000e-02 1.003096e-01 9.749980e-02 8.999976e-02 1.000000e-01 1.241960e+00 -0.758475 0.097462 0.194891 0.194901 0.195795 0.075428 0.758476 0.024153 0.031180 -0.869326 0.000000 
9.000000e-02 1.003096e-01 9.749980e-02 8.999973e-02 1.000000e-01 1.249471e+00 -0.763437 0.098113 0.196186 0.196176 0.197054 0.075910 0.763438 0.023516 0.029906 -0.870601 0.000000 
9.000000e-02 1.003096e-01 9.749980e-02 8.999969e-02 1.000000e-01 1.256958e+00 -0.768384 0.098764 0.197480 0.197447 0.198306 0.076388 0.768384 0.022882 0.028637 -0.871872 0.000000 
9.000000e-02 1.003096e-01 9.749980e-02 8.999965e-02 1.000000e-01 1.264421e+00 -0.773315 0.099416 0.198772 0.198714 0.199551 0.076863 0.773315 0.022249 0.027371 -0.873139 0.000000 
9.000000e-02 1.003096e-01 9.749980e-02 8.999960e-02 1.000000e-01 1.271860e+00 -0.778230 0.100067 0.200064 0.199977 0.200787 0.077335 0.778230 0.021618 0.026109 -0.874402 0.000000 
9.000000e-02 1.003096e-01 9.749980e-02 8.999954e-02 1.000000e-01 1.279275e+00 -0.783128 0.100719 0.201356 0.201237 0.202016 0.077802 0.783128 0.020989 0.024851 -0.875661 0.000000 
9.000000e-02 1.003096e-01 9.749980e-02 8.999948e-02 1.000000e-01 1.286664e+00 -0.788010 0.101371 0.202647 0.202493 0.203235 0.078265 0.788010 0.020363 0.023598 -0.876916 0.000000 
9.000000e-02 1.003096e-01 9.749980e-02 8.999940e-02 1.000000e-01 1.294028e+00 -0.792875 0.102023 0.203939 0.203745 0.204445 0.078724 0.792876 0.019738 0.022349 -0.878166 0.000000 
9.000000e-02 1.003096e-01 9.749980e-02 8.999932e-02 1.000000e-01 1.301367e+00 -0.797724 0.102677 0.205232 0.204993 0.205645 0.079177 0.797724 0.019116 0.021104 -0.879412 0.000000 
9.000000e-02 1.003096e-01 9.749980e-02 8.999923e-02 1.000000e-01 1.308680e+00 -0.802555 0.103332 0.206526 0.206239 0.206834 0.079625 0.802556 0.018496 0.019864 -0.880653 0.000000 
9.000000e-02 1.003096e-01 9.749980e-02 8.999912e-02 1.000000e-01 1.315966e+00 -0.807370 0.103989 0.207822 0.207481 0.208011 0.080067 0.807370 0.017878 0.018628 -0.881891 0.000000 
9.000000e-02 1.003096e-01 9.749980e-02 8.999900e-02 1.000000e-01 1.323227e+00 -0.812166 0.104647 0.209121 0.208721 0.209176 0.080502 0.812167 0.017262 0.017396 -0.883123 0.000000 
9.000000e-02 1.003096e-01 9.749980e-02 8.999886e-02 1.000000e-01 1.330460e+00 -0.816946 0.105308 0.210423 0.209959 0.210327 0.080930 0.816946 0.016649 0.016169 -0.884351 0.000000 
9.000000e-02 1.003096e-01 9.749980e-02 8.999871e-02 1.000000e-01 1.337667e+00 -0.821707 0.105970 0.211731 0.211195 0.211462 0.081349 0.821707 0.016038 0.014947 -0.885575 0.000000 
9.000000e-02 1.003096e-01 9.749980e-02 8.999853e-02 1.000000e-01 1.344846e+00 -0.826450 0.106635 0.213043 0.212430 0.212583 0.081760 0.826450 0.015429 0.013729 -0.886794 0.000000 
9.000000e-02 1.003096e-01 9.749980e-02 8.999833e-02 1.000000e-01 1.351997e+00 -0.831175 0.107304 0.214363 0.213666 0.213684 0.082159 0.831175 0.014823 0.012516 -0.888008 0.000000 
9.000000e-02 1.003096e-01 9.749980e-02 8.999810e-02 1.000000e-01 1.359120e+00 -0.835881 0.107975 0.215690 0.214903 0.214767 0.082547 0.835881 0.014219 0.011308 -0.889217 0.000000 
9.000000e-02 1.003096e-01 9.749980e-02 8.999785e-02 1.000000e-01 1.366215e+00 -0.840568 0.108648 0.217027 0.216143 0.215829 0.082922 0.840568 0.013617 0.010104 -0.890422 0.000000 
9.000000e-02 1.003096e-01 9.749980e-02 8.999756e-02 1.000000e-01 1.373280e+00 -0.845236 0.109325 0.218375 0.217389 0.216867 0.083282 0.845237 0.013018 0.008906 -0.891621 0.000000 
9.000000e-02 1.003096e-01 9.749980e-02 8.999723e-02 1.000000e-01 1.380317e+00 -0.849885 0.110004 0.219734 0.218641 0.217881 0.083626 0.849886 0.012421 0.007712 -0.892816 0.000000 
9.000000e-02 1.003096e-01 9.749980e-02 8.999686e-02 1.000000e-01 1.387324e+00 -0.854515 0.110686 0.221110 0.219906 0.218864 0.083949 0.854515 0.011827 0.006524 -0.894006 0.000000 
9.000000e-02 1.003096e-01 9.749980e-02 8.999645e-02 1.000000e-01 1.394301e+00 -0.859125 0.111370 0.222502 0.221184 0.219819 0.084251 0.859125 0.011236 0.005340 -0.895190 0.000000 
9.000000e-02 1.003096e-01 9.749980e-02 8.999598e-02 1.000000e-01 1.401248e+00 -0.863714 0.112053 0.223914 0.222483 0.220737 0.084527 0.863714 0.010647 0.004162 -0.896370 0.000000 
9.000000e-02 1.003096e-01 9.749980e-02 8.999545e-02 1.000000e-01 1.408163e+00 -0.868284 0.112736 0.225348 0.223808 0.221618 0.084774 0.868284 0.010060 0.002989 -0.897544 0.000000 
9.000000e-02 1.003096e-01 9.749980e-02 8.999486e-02 1.000000e-01 1.415048e+00 -0.872832 0.113416 0.226806 0.225162 0.222459 0.084990 0.872833 0.009476 0.001821 -0.898713 0.000000 
9.000000e-02 1.003096e-01 9.749980e-02 8.999419e-02 1.000000e-01 1.421901e+00 -0.877361 0.114089 0.228298 0.226565 0.223246 0.085163 0.877361 0.008895 0.000658 -0.899876 0.000000 
9.000000e-02 1.003096e-01 9.749980e-02 8.999345e-02 1.000000e-01 1.428723e+00 -0.881868 0.114753 0.229821 0.228017 0.223984 0.085294 0.881868 0.008317 -0.000499 -0.901034 0.000000 
9.000000e-02 1.003096e-01 9.749980e-02 8.999261e-02 1.000000e-01 1.435512e+00 -0.886353 0.115402 0.231381 0.229536 0.224661 0.085374 0.886353 0.007741 -0.001650 -0.902187 0.000000 
9.000000e-02 1.003096e-01 9.749980e-02 8.999168e-02 1.000000e-01 1.442268e+00 -0.890817 0.116028 0.232989 0.231147 0.225266 0.085388 0.890817 0.007168 -0.002796 -0.903334 0.000000 
9.000000e-02 1.003096e-01 9.749980e-02 8.999063e-02 1.000000e-01 1.448991e+00 -0.895259 0.116625 0.234643 0.232857 0.225797 0.085337 0.895260 0.006598 -0.003937 -0.904476 0.000000 
9.000000e-02 1.003096e-01 9.749980e-02 8.998947e-02 1.000000e-01 1.455680e+00 -0.899679 0.117181 0.236355 0.234701 0.226239 0.085203 0.899680 0.006031 -0.005072 -0.905612 0.000000 
9.000000e-02 1.003096e-01 9.749980e-02 8.998818e-02 1.000000e-01 1.462335e+00 -0.904077 0.117680 0.238137 0.236720 0.226572 0.084969 0.904077 0.005466 -0.006201 -0.906742 0.000000 
9.000000e-02 1.003096e-01 9.749980e-02 8.998674e-02 1.000000e-01 1.468956e+00 -0.908452 0.118111 0.239988 0.238930 0.226793 0.084630 0.908452 0.004905 -0.007324 -0.907866 0.000000 
9.000000e-02 1.003096e-01 9.749980e-02 8.998516e-02 1.000000e-01 1.475542e+00 -0.912804 0.118449 0.241925 0.241395 0.226874 0.084161 0.912804 0.004346 -0.008441 -0.908984 0.000000 
9.000000e-02 1.003096e-01 9.749980e-02 8.998341e-02 1.000000e-01 1.482092e+00 -0.917133 0.118659 0.243966 0.244194 0.226780 0.083533 0.917133 0.003791 -0.009552 -0.910097 0.000000 
9.000000e-02 1.003096e-01 9.749980e-02 8.998150e-02 1.000000e-01 1.488607e+00 -0.921438 0.118724 0.246111 0.247361 0.226501 0.082740 0.921438 0.003238 -0.010658 -0.911203 0.000000 
9.000000e-02 1.003096e-01 9.749980e-02 8.997941e-02 1.000000e-01 1.495085e+00 -0.925719 0.118607 0.248373 0.250982 0.226000 0.081757 0.925719 0.002689 -0.011757 -0.912303 0.000000 
9.000000e-02 1.003096e-01 9.749980e-02 8.997715e-02 1.000000e-01 1.501526e+00 -0.929976 0.118220 0.250791 0.255266 0.225182 0.080517 0.929976 0.002142 -0.012850 -0.913397 0.000000 
9.000000e-02 1.003096e-01 9.749980e-02 8.997472e-02 1.000000e-01 1.507927e+00 -0.934207 0.117545 0.253352 0.260254 0.224032 0.079024 0.934207 0.001599 -0.013936 -0.914484 0.000000 
9.000000e-02 1.003096e-01 9.749980e-02 8.997213e-02 1.000000e-01 1.514290e+00 -0.938413 0.116521 0.256064 0.266101 0.222478 0.077249 0.938413 0.001060 -0.015016 -0.915565 0.000000 
9.000000e-02 1.003096e-01 9.749980e-02 8.996945e-02 1.000000e-01 1.520611e+00 -0.942592 0.115034 0.258945 0.273108 0.220379 0.075126 0.942592 0.000523 -0.016089 -0.916639 0.000000 
9.000000e-02 1.003096e-01 9.749980e-02 8.996677e-02 1.000000e-01 1.526892e+00 -0.946744 0.112977 0.261982 0.281591 0.217585 0.072610 0.946744 -0.000010 -0.017155 -0.917706 0.000000 
9.000000e-02 1.003096e-01 9.749980e-02 8.996431e-02 1.000000e-01 1.533132e+00 -0.950870 0.110295 0.265124 0.291767 0.213988 0.069696 0.950870 -0.000539 -0.018214 -0.918766 0.000000 
9.000000e-02 1.003096e-01 9.749980e-02 8.996249e-02 1.000000e-01 1.539330e+00 -0.954968 0.106883 0.268300 0.304043 0.209392 0.066350 0.954968 -0.001065 -0.019266 -0.919819 0.000000 
9.000000e-02 1.003096e-01 9.749980e-02 8.996219e-02 1.000000e-01 1.545485e+00 -0.959039 0.102564 0.271357 0.319167 0.203444 0.062507 0.959039 -0.001588 -0.020311 -0.920865 0.000000 
9.000000e-02 1.003096e-01 9.749980e-02 8.996533e-02 1.000000e-01 1.551597e+00 -0.963081 0.097179 0.273985 0.338056 0.195735 0.058126 0.963081 -0.002106 -0.021349 -0.921904 0.000000 
9.000000e-02 1.003096e-01 9.749980e-02 8.997577e-02 1.000000e-01 1.557666e+00 -0.967095 0.090704 0.275730 0.361418 0.186004 0.053240 0.967095 -0.002622 -0.022380 -0.922936 0.000000 
9.000000e-02 1.003096e-01 9.749980e-02 9.000154e-02 1.000000e-01 1.563690e+00 -0.971081 0.083048 0.275807 0.390570 0.173811 0.047844 0.971081 -0.003133 -0.023403 -0.923960 0.000000 
9.000000e-02 1.003096e-01 9.749980e-02 9.005917e-02 1.000000e-01 1.569670e+00 -0.975040 0.074156 0.272912 0.427305 0.158712 0.041955 0.975040 -0.003641 -0.024419 -0.924977 0.000000 
9.000000e-02 1.003096e-01 9.749980e-02 9.018275e-02 1.000000e-01 1.575606e+00 -0.978979 0.063875 0.264069 0.475631 0.139862 0.035543 0.978979 -0.004147 -0.025431 -0.925990 0.000000 
9.000000e-02 1.003096e-01 9.749980e-02 9.044155e-02 1.000000e-01 1.581504e+00 -0.982930 0.052203 0.244547 0.540661 0.116883 0.028635 0.982930 -0.004654 -0.026445 -0.927005 0.000000 
9.000000e-02 1.003096e-01 9.749980e-02 9.095497e-02 1.000000e-01 1.587386e+00 -0.987004 0.038907 0.206182 0.631734 0.089071 0.021110 0.987004 -0.005177 -0.027491 -0.928052 0.000000 
9.000000e-02 1.003096e-01 9.749980e-02 9.181837e-02 1.000000e-01 1.593356e+00 -0.991576 0.022820 0.134228 0.768888 0.053355 0.012286 0.991576 -0.005764 -0.028664 -0.929226 0.000000 
9.000000e-02 1.003096e-01 9.749980e-02 9.237327e-02 1.000000e-01 1.597511e+00 -0.995417 0.008732 0.053463 0.907728 0.020811 0.004683 0.995417 -0.006257 -0.029651 -0.930214 0.000000 
9.000000e-02 1.003096e-01 9.749980e-02 9.237327e-02 1.000000e-01 1.597511e+00 -0.995417 0.008732 0.053463 0.907728 0.020811 0.004683 0.995417 -0.006257 -0.029651 -0.930214 0.000000 
9.000000e-02 1.003096e-01 9.749980e-02 9.237327e-02 1.000000e-01 1.597511e+00 -0.995417 0.008732 0.053463 0.907728 0.020811 0.004683 0.995417 -0.006257 -0.029651 -0.930214 0.000000 
9.000000e-02 1.003096e-01 9.749980e-02 9.237327e-02 1.000000e-01 1.597511e+00 -0.995417 0.008732 0.053463 0.907728 0.020811 0.004683 0.995417 -0.006257 -0.029651 -0.930214 0.000000 
9.000000e-02 1.003096e-01 9.749980e-02 9.237327e-02 1.000000e-01 1.597511e+00 -0.995417 0.008732 0.053463 0.907728 0.020811 0.004683 0.995417 -0.006257 -0.029651 -0.930214 0.000000 
9.000000e-02 1.003096e-01 9.749980e-02 9.237327e-02 1.000000e-01 1.597511e+00 -0.995417 0.008732 0.053463 0.907728 0.020811 0.004683 0.995417 -0.006257 -0.029651 -0.930214 0.000000 
9.000000e-02 1.003096e-01 9.749980e-02 9.237327e-02 1.000000e-01 1.597511e+00 -0.995417 0.008732 0.053463 0.907728 0.020811 0.004683 0.995417 -0.006257 -0.029651 -0.930214 0.000000 
9.000000e-02 1.003096e-01 9.749980e-02 9.237327e-02 1.000000e-01 1.597511e+00 -0.995417 0.008732 0.053463 0.907728 0.020811 0.004683 0.995417 -0.006257 -0.029651 -0.930214 0.000000 
9.000000e-02 1.003096e-01 9.749980e-02 9.237327e-02 1.000000e-01 1.597511e+00 -0.995417 0.008732 0.053463 0.907728 0.020811 0.004683 0.995417 -0.006257 -0.029651 -0.930214 0.000000 
9.000000e-02 1.003096e-01 9.749980e-02 9.237327e-02 1.000000e-01 1.597511e+00 -0.995417 0.008732 0.053463 0.907728 0.020811 0.004683 0.995417 -0.006257 -0.029651 -0.930214 0.000000 
9.000000e-02 1.003096e-01 9.749980e-02 9.237327e-02 1.000000e-01 1.597511e+00 -0.995417 0.008732 0.053463 0.907728 0.020811 0.004683 0.995417 -0.006257 -0.029651 -0.930214 0.000000 
9.000000e-02 1.003096e-01 9.749980e-02 9.237327e-02 1.000000e-01 1.597511e+00 -0.995417 0.008732 0.053463 0.907728 0.020811 0.004683 0.995417 -0.006257 -0.029651 -0.930214 0.000000 
9.000000e-02 1.003096e-01 9.749980e-02 9.237327e-02 1.000000e-01 1.597511e+00 -0.995417 0.008732 0.053463 0.907728 0.020811 0.004683 0.995417 -0.006257 -0.029651 -0.930214 0.000000 
9.000000e-02 1.003096e-01 9.749980e-02 9.237327e-02 1.000000e-01 1.597511e+00 -0.995417 0.008732 0.053463 0.907728 0.020811 0.004683 0.995417 -0.006257 -0.029651 -0.930214 0.000000 
9.000000e-02 1.003096e-01 9.749980e-02 9.237327e-02 1.000000e-01 1.597511e+00 -0.995417 0.008732 0.053463 0.907728 0.020811 0.004683 0.995417 -0.006257 -0.029651 -0.930214 0.000000 
9.000000e-02 1.003096e-01 9.749980e-02 9.237327e-02 1.000000e-01 1.597511e+00 -0.995417 0.008732 0.053463 0.907728 0.020811 0.004683 0.995417 -0.006257 -0.029651 -0.930214 0.000000 
9.000000e-02 1.003096e-01 9.749980e-02 9.237327e-02 1.000000e-01 1.597511e+00 -0.995417 0.008732 0.053463 0.907728 0.020811 0.004683 0.995417 -0.006257 -0.029651 -0.930214 0.000000 
9.000000e-02 1.003096e-01 9.749980e-02 9.237327e-02 1.000000e-01 1.597511e+00 -0.995417 0.008732 0.053463 0.907728 0.020811 0.004683 0.995417 -0.006257 -0.029651 -0.930214 0.000000 
9.000000e-02 1.003096e-01 9.749980e-02 9.237327e-02 1.000000e-01 1.597511e+00 -0.995417 0.008732 0.053463 0.907728 0.020811 0.004683 0.995417 -0.006257 -0.029651 -0.930214 0.000000 
9.000000e-02 1.003096e-01 9.749980e-02 9.237327e-02 1.000000e-01 1.597511e+00 -0.995417 0.008732 0.053463 0.907728 0.020811 0.004683 0.995417 -0.006257 -0.029651 -0.930214 0.000000 
9.000000e-02 1.003096e-01 9.749980e-02 9.237327e-02 1.000000e-01 1.597511e+00 -0.995417 0.008732 0.053463 0.907728 0.020811 0.004683 0.995417 -0.006257 -0.029651 -0.930214 0.000000 
9.000000e-02 1.003096e-01 9.749980e-02 9.237327e-02 1.000000e-01 1.597511e+00 -0.995417 0.008732 0.053463 0.907728 0.020811 0.004683 0.995417 -0.006257 -0.029651 -0.930214 0.000000 
9.000000e-02 1.003096e-01 9.749980e-02 9.237327e-02 1.000000e-01 1.597511e+00 -0.995417 0.008732 0.053463 0.907728 0.020811 0.004683 0.995417 -0.006257 -0.029651 -0.930214 0.000000 
9.000000e-02 1.003096e-01 9.749980e-02 9.237327e-02 1.000000e-01 1.597511e+00 -0.995417 0.008732 0.053463 0.907728 0.020811 0.004683 0.995417 -0.006257 -0.029651 -0.930214 0.000000 
9.000000e-02 1.003096e-01 9.749980e-02 9.237327e-02 1.000000e-01 1.597511e+00 -0.995417 0.008732 0.053463 0.907728 0.020811 0.004683 0.995417 -0.006257 -0.029651 -0.930214 0.000000 
9.000000e-02 1.003096e-01 9.749980e-02 9.237327e-02 1.000000e-01 1.597511e+00 -0.995417 0.008732 0.053463 0.907728 0.020811 0.004683 0.995417 -0.006257 -0.029651 -0.930214 0.000000 
9.000000e-02 1.003096e-01 9.749980e-02 9.237327e-02 1.000000e-01 1.597511e+00 -0.995417 0.008732 0.053463 0.907728 0.020811 0.004683 0.995417 -0.006257 -0.029651 -0.930214 0.000000 
9.000000e-02 1.003096e-01 9.749980e-02 9.237327e-02 1.000000e-01 1.597511e+00 -0.995417 0.008732 0.053463 0.907728 0.020811 0.004683 0.995417 -0.006257 -0.029651 -0.930214 0.000000 
9.000000e-02 1.003096e-01 9.749980e-02 9.237327e-02 1.000000e-01 1.597511e+00 -0.995417 0.008732 0.053463 0.907728 0.020811 0.004683 0.995417 -0.006257 -0.029651 -0.930214 0.000000 
9.000000e-02 1.003096e-01 9.749980e-02 9.237327e-02 1.000000e-01 1.597511e+00 -0.995417 0.008732 0.053463 0.907728 0.020811 0.004683 0.995417 -0.006257 -0.029651 -0.930214 0.000000 
9.000000e-02 1.003096e-01 9.749980e-02 9.237327e-02 1.000000e-01 1.597511e+00 -0.995417 0.008732 0.053463 0.907728 0.020811 0.004683 0.995417 -0.006257 -0.029651 -0.930214 0.000000 
9.000000e-02 1.003096e-01 9.749980e-02 9.237327e-02 1.000000e-01 1.597511e+00 -0.995417 0.008732 0.053463 0.907728 0.020811 0.004683 0.995417 -0.006257 -0.029651 -0.930214 0.000000 
9.000000e-02 1.003096e-01 9.749980e-02 9.237327e-02 1.000000e-01 1.597511e+00 -0.995417 0.008732 0.053463 0.907728 0.020811 0.004683 0.995417 -0.006257 -0.029651 -0.930214 0.000000 
9.000000e-02 1.003096e-01 9.749980e-02 9.237327e-02 1.000000e-01 1.597511e+00 -0.995417 0.008732 0.053463 0.907728 0.020811 0.004683 0.995417 -0.006257 -0.029651 -0.930214 0.000000 
9.000000e-02 1.003096e-01 9.749980e-02 9.237327e-02 1.000000e-01 1.597511e+00 -0.995417 0.008732 0.053463 0.907728 0.020811 0.004683 0.995417 -0.006257 -0.029651 -0.930214 0.000000 
9.000000e-02 1.003096e-01 9.749980e-02 9.237327e-02 1.000000e-01 1.597511e+00 -0.995417 0.008732 0.053463 0.907728 0.020811 0.004683 0.995417 -0.006257 -0.029651 -0.930214 0.000000 
9.000000e-02 1.003096e-01 9.749980e-02 9.237327e-02 1.000000e-01 1.597511e+00 -0.995417 0.008732 0.053463 0.907728 0.020811 0.004683 0.995417 -0.006257 -0.029651 -0.930214 0.000000 
9.000000e-02 1.003096e-01 9.749980e-02 9.237327e-02 1.000000e-01 1.597511e+00 -0.995417 0.008732 0.053463 0.907728 0.020811 0.004683 0.995417 -0.006257 -0.029651 -0.930214 0.000000 
9.000000e-02 1.003096e-01 9.749980e-02 9.237327e-02 1.000000e-01 1.597511e+00 -0.995417 0.008732 0.053463 0.907728 0.020811 0.004683 0.995417 -0.006257 -0.029651 -0.930214 0.000000 
9.000000e-02 1.003096e-01 9.749980e-02 9.237327e-02 1.000000e-01 1.597511e+00 -0.995417 0.008732 0.053463 0.907728 0.020811 0.004683 0.995417 -0.006257 -0.029651 -0.930214 0.000000 
9.000000e-02 1.003096e-01 9.749980e-02 9.237327e-02 1.000000e-01 1.597511e+00 -0.995417 0.008732 0.053463 0.907728 0.020811 0.004683 0.995417 -0.006257 -0.029651 -0.930214 0.000000 
9.000000e-02 1.003096e-01 9.749980e-02 9.237327e-02 1.000000e-01 1.597511e+00 -0.995417 0.008732 0.053463 0.907728 0.020811 0.004683 0.995417 -0.006257 -0.029651 -0.930214 0.000000 
9.000000e-02 1.003096e-01 9.749980e-02 9.237327e-02 1.000000e-01 1.597511e+00 -0.995417 0.008732 0.053463 0.907728 0.020811 0.004683 0.995417 -0.006257 -0.029651 -0.930214 0.000000 
9.000000e-02 1.003096e-01 9.749980e-02 9.237327e-02 1.000000e-01 1.597511e+00 -0.995417 0.008732 0.053463 0.907728 0.020811 0.004683 0.995417 -0.006257 -0.029651 -0.930214 0.000000 
9.000000e-02 1.003096e-01 9.749980e-02 9.237327e-02 1.000000e-01 1.597511e+00 -0.995417 0.008732 0.053463 0.907728 0.020811 0.004683 0.995417 -0.006257 -0.029651 -0.930214 0.000000 
9.000000e-02 1.003096e-01 9.749980e-02 9.237327e-02 1.000000e-01 1.597511e+00 -0.995417 0.008732 0.053463 0.907728 0.020811 0.004683 0.995417 -0.006257 -0.029651 -0.930214 0.000000 
9.000000e-02 1.003096e-01 9.749980e-02 9.237327e-02 1.000000e-01 1.597511e+00 -0.995417 0.008732 0.053463 0.907728 0.020811 0.004683 0.995417 -0.006257 -0.029651 -0.930214 0.000000 
9.000000e-02 1.003096e-01 9.749980e-02 9.237327e-02 1.000000e-01 1.597511e+00 -0.995417 0.008732 0.053463 0.907728 0.020811 0.004683 0.995417 -0.006257 -0.029651 -0.930214 0.000000 
9.000000e-02 1.003096e-01 9.749980e-02 9.237327e-02 1.000000e-01 1.597511e+00 -0.995417 0.008732 0.053463 0.907728 0.020811 0.004683 0.995417 -0.006257 -0.029651 -0.930214 0.000000 
9.000000e-02 1.003096e-01 9.749980e-02 9.237327e-02 1.000000e-01 1.597511e+00 -0.995417 0.008732 0.053463 0.907728 0.020811 0.004683 0.995417 -0.006257 -0.029651 -0.930214 0.000000 
9.000000e-02 1.003096e-01 9.749980e-02 9.237327e-02 1.000000e-01 1.597511e+00 -0.995417 0.008732 0.053463 0.907728 0.020811 0.004683 0.995417 -0.006257 -0.029651 -0.930214 0.000000 
9.000000e-02 1.003096e-01 9.749980e-02 9.237327e-02 1.000000e-01 1.597511e+00 -0.995417 0.008732 0.053463 0.907728 0.020811 0.004683 0.995417 -0.006257 -0.029651 -0.930214 0.000000 
9.000000e-02 1.003096e-01 9.749980e-02 9.237327e-02 1.000000e-01 1.597511e+00 -0.995417 0.008732 0.053463 0.907728 0.020811 0.004683 0.995417 -0.006257 -0.029651 -0.930214 0.000000 
9.000000e-02 1.003096e-01 9.749980e-02 9.237327e-02 1.000000e-01 1.597511e+00 -0.995417 0.008732 0.053463 0.907728 0.020811 0.004683 0.995417 -0.006257 -0.029651 -0.930214 0.000000 
9.000000e-02 1.003096e-01 9.749980e-02 9.237327e-02 1.000000e-01 1.597511e+00 -0.995417 0.008732 0.053463 0.907728 0.020811 0.004683 0.995417 -0.006257 -0.029651 -0.930214 0.000000 
9.000000e-02 1.003096e-01 9.749980e-02 9.237327e-02 1.000000e-01 1.597511e+00 -0.995417 0.008732 0.053463 0.907728 0.020811 0.004683 0.995417 -0.006257 -0.029651 -0.930214 0.000000 
9.000000e-02 1.003096e-01 9.749980e-02 9.237327e-02 1.000000e-01 1.597511e+00 -0.995417 0.008732 0.053463 0.907728 0.020811 0.004683 0.995417 -0.006257 -0.029651 -0.930214 0.000000 
9.000000e-02 1.003096e-01 9.749980e-02 9.237327e-02 1.000000e-01 1.597511e+00 -0.995417 0.008732 0.053463 0.907728 0.020811 0.004683 0.995417 -0.006257 -0.029651 -0.930214 0.000000 
9.000000e-02 1.003096e-01 9.749980e-02 9.237327e-02 1.000000e-01 1.597511e+00 -0.995417 0.008732 0.053463 0.907728 0.020811 0.004683 0.995417 -0.006257 -0.029651 -0.930214 0.000000 
9.000000e-02 1.003096e-01 9.749980e-02 9.237327e-02 1.000000e-01 1.597511e+00 -0.995417 0.008732 0.053463 0.907728 0.020811 0.004683 0.995417 -0.006257 -0.029651 -0.930214 0.000000 
9.000000e-02 1.003096e-01 9.749980e-02 9.237327e-02 1.000000e-01 1.597511e+00 -0.995417 0.008732 0.053463 0.907728 0.020811 0.004683 0.995417 -0.006257 -0.029651 -0.930214 0.000000 
9.000000e-02 1.003096e-01 9.749980e-02 9.237327e-02 1.000000e-01 1.597511e+00 -0.995417 0.008732 0.053463 0.907728 0.020811 0.004683 0.995417 -0.006257 -0.029651 -0.930214 0.000000 
9.000000e-02 1.003096e-01 9.749980e-02 9.237327e-02 1.000000e-01 1.597511e+00 -0.995417 0.008732 0.053463 0.907728 0.020811 0.004683 0.995417 -0.006257 -0.029651 -0.930214 0.000000 
9.000000e-02 1.003096e-01 9.749980e-02 9.237327e-02 1.000000e-01 1.597511e+00 -0.995417 0.008732 0.053463 0.907728 0.020811 0.004683 0.995417 -0.006257 -0.029651 -0.930214 0.000000 
9.000000e-02 1.003096e-01 9.749980e-02 9.237327e-02 1.000000e-01 1.597511e+00 -0.995417 0.008732 0.053463 0.907728 0.020811 0.004683 0.995417 -0.006257 -0.029651 -0.930214 0.000000 
9.000000e-02 1.003096e-01 9.749980e-02 9.237327e-02 1.000000e-01 1.597511e+00 -0.995417 0.008732 0.053463 0.907728 0.020811 0.004683 0.995417 -0.006257 -0.029651 -0.930214 0.000000 
9.000000e-02 1.003096e-01 9.749980e-02 9.237327e-02 1.000000e-01 1.597511e+00 -0.995417 0.008732 0.053463 0.907728 0.020811 0.004683 0.995417 -0.006257 -0.029651 -0.930214 0.000000 
9.000000e-02 1.003096e-01 9.749980e-02 9.237327e-02 1.000000e-01 1.597511e+00 -0.995417 0.008732 0.053463 0.907728 0.020811 0.004683 0.995417 -0.006257 -0.029651 -0.930214 0.000000 
9.000000e-02 1.003096e-01 9.749980e-02 9.237327e-02 1.000000e-01 1.597511e+00 -0.995417 0.008732 0.053463 0.907728 0.020811 0.004683 0.995417 -0.006257 -0.029651 -0.930214 0.000000 
9.000000e-02 1.003096e-01 9.749980e-02 9.237327e-02 1.000000e-01 1.597511e+00 -0.995417 0.008732 0.053463 0.907728 0.020811 0.004683 0.995417 -0.006257 -0.029651 -0.930214 0.000000 
9.000000e-02 1.003096e-01 9.749980e-02 9.237327e-02 1.000000e-01 1.597511e+00 -0.995417 0.008732 0.053463 0.907728 0.020811 0.004683 0.995417 -0.006257 -0.029651 -0.930214 0.000000 
9.000000e-02 1.003096e-01 9.749980e-02 9.237327e-02 1.000000e-01 1.597511e+00 -0.995417 0.008732 0.053463 0.907728 0.020811 0.004683 0.995417 -0.006257 -0.029651 -0.930214 0.000000 
9.000000e-02 1.003096e-01 9.749980e-02 9.237327e-02 1.000000e-01 1.597511e+00 -0.995417 0.008732 0.053463 0.907728 0.020811 0.004683 0.995417 -0.006257 -0.029651 -0.930214 0.000000 
9.000000e-02 1.003096e-01 9.749980e-02 9.237327e-02 1.000000e-01 1.597511e+00 -0.995417 0.008732 0.053463 0.907728 0.020811 0.004683 0.995417 -0.006257 -0.029651 -0.930214 0.000000 
9.000000e-02 1.003096e-01 9.749980e-02 9.237327e-02 1.000000e-01 1.597511e+00 -0.995417 0.008732 0.053463 0.907728 0.020811 0.004683 0.995417 -0.006257 -0.029651 -0.930214 0.000000 
9.000000e-02 1.003096e-01 9.749980e-02 9.237327e-02 1.000000e-01 1.597511e+00 -0.995417 0.008732 0.053463 0.907728 0.020811 0.004683 0.995417 -0.006257 -0.029651 -0.930214 0.000000 
9.000000e-02 1.003096e-01 9.749980e-02 9.237327e-02 1.000000e-01 1.597511e+00 -0.995417 0.008732 0.053463 0.907728 0.020811 0.004683 0.995417 -0.006257 -0.029651 -0.930214 0.000000 
9.000000e-02 1.003096e-01 9.749980e-02 9.237327e-02 1.000000e-01 1.597511e+00 -0.995417 0.008732 0.053463 0.907728 0.020811 0.004683 0.995417 -0.006257 -0.029651 -0.930214 0.000000 
9.000000e-02 1.003096e-01 9.749980e-02 9.237327e-02 1.000000e-01 1.597511e+00 -0.995417 0.008732 0.053463 0.907728 0.020811 0.004683 0.995417 -0.006257 -0.029651 -0.930214 0.000000 
9.000000e-02 1.003096e-01 9.749980e-02 9.237327e-02 1.000000e-01 1.597511e+00 -0.995417 0.008732 0.053463 0.907728 0.020811 0.004683 0.995417 -0.006257 -0.029651 -0.930214 0.000000 
9.000000e-02 1.003096e-01 9.749980e-02 9.237327e-02 1.000000e-01 1.597511e+00 -0.995417 0.008732 0.053463 0.907728 0.020811 0.004683 0.995417 -0.006257 -0.029651 -0.930214 0.000000 
9.000000e-02 1.003096e-01 9.749980e-02 9.237327e-02 1.000000e-01 1.597511e+00 -0.995417 0.008732 0.053463 0.907728 0.020811 0.004683 0.995417 -0.006257 -0.029651 -0.930214 0.000000 
9.000000e-02 1.003096e-01 9.749980e-02 9.237327e-02 1.000000e-01 1.597511e+00 -0.995417 0.008732 0.053463 0.907728 0.020811 0.004683 0.995417 -0.006257 -0.029651 -0.930214 0.000000 
9.000000e-02 1.003096e-01 9.749980e-02 9.237327e-02 1.000000e-01 1.597511e+00 -0.995417 0.008732 0.053463 0.907728 0.020811 0.004683 0.995417 -0.006257 -0.029651 -0.930214 0.000000 
9.000000e-02 1.003096e-01 9.749980e-02 9.237327e-02 1.000000e-01 1.597511e+00 -0.995417 0.008732 0.053463 0.907728 0.020811 0.004683 0.995417 -0.006257 -0.029651 -0.930214 0.000000 
9.000000e-02 1.003096e-01 9.749980e-02 9.237327e-02 1.000000e-01 1.597511e+00 -0.995417 0.008732 0.053463 0.907728 0.020811 0.004683 0.995417 -0.006257 -0.029651 -0.930214 0.000000 
9.000000e-02 1.003096e-01 9.749980e-02 9.237327e-02 1.000000e-01 1.597511e+00 -0.995417 0.008732 0.053463 0.907728 0.020811 0.004683 0.995417 -0.006257 -0.029651 -0.930214 0.000000 
9.000000e-02 1.003096e-01 9.749980e-02 9.237327e-02 1.000000e-01 1.597511e+00 -0.995417 0.008732 0.053463 0.907728 0.020811 0.004683 0.995417 -0.006257 -0.029651 -0.930214 0.000000 
9.000000e-02 1.003096e-01 9.749980e-02 9.237327e-02 1.000000e-01 1.597511e+00 -0.995417 0.008732 0.053463 0.907728 0.020811 0.004683 0.995417 -0.006257 -0.029651 -0.930214 0.000000 
9.000000e-02 1.003096e-01 9.749980e-02 9.237327e-02 1.000000e-01 1.597511e+00 -0.995417 0.008732 0.053463 0.907728 0.020811 0.004683 0.995417 -0.006257 -0.029651 -0.930214 0.000000 
9.000000e-02 1.003096e-01 9.749980e-02 9.237327e-02 1.000000e-01 1.597511e+00 -0.995417 0.008732 0.053463 0.907728 0.020811 0.004683 0.995417 -0.006257 -0.029651 -0.930214 0.000000 
9.000000e-02 1.003096e-01 9.749980e-02 9.237327e-02 1.000000e-01 1.597511e+00 -0.995417 0.008732 0.053463 0.907728 0.020811 0.004683 0.995417 -0.006257 -0.029651 -0.930214 0.000000 
9.000000e-02 1.003096e-01 9.749980e-02 9.237327e-02 1.000000e-01 1.597511e+00 -0.995417 0.008732 0.053463 0.907728 0.020811 0.004683 0.995417 -0.006257 -0.029651 -0.930214 0.000000 
9.000000e-02 1.003096e-01 9.749980e-02 9.237327e-02 1.000000e-01 1.597511e+00 -0.995417 0.008732 0.053463 0.907728 0.020811 0.004683 0.995417 -0.006257 -0.029651 -0.930214 0.000000 
9.000000e-02 1.003096e-01 9.749980e-02 9.237327e-02 1.000000e-01 1.597511e+00 -0.995417 0.008732 0.053463 0.907728 0.020811 0.004683 0.995417 -0.006257 -0.029651 -0.930214 0.000000 
9.000000e-02 1.003096e-01 9.749980e-02 9.237327e-02 1.000000e-01 1.597511e+00 -0.995417 0.008732 0.053463 0.907728 0.020811 0.004683 0.995417 -0.006257 -0.029651 -0.930214 0.000000 
9.000000e-02 1.003096e-01 9.749980e-02 9.237327e-02 1.000000e-01 1.597511e+00 -0.995417 0.008732 0.053463 0.907728 0.020811 0.004683 0.995417 -0.006257 -0.029651 -0.930214 0.000000 
9.000000e-02 1.003096e-01 9.749980e-02 9.237327e-02 1.000000e-01 1.597511e+00 -0.995417 0.008732 0.053463 0.907728 0.020811 0.004683 0.995417 -0.006257 -0.029651 -0.930214 0.000000 
9.000000e-02 1.003096e-01 9.749980e-02 9.237327e-02 1.000000e-01 1.597511e+00 -0.995417 0.008732 0.053463 0.907728 0.020811 0.004683 0.995417 -0.006257 -0.029651 -0.930214 0.000000 
9.000000e-02 1.003096e-01 9.749980e-02 9.237327e-02 1.000000e-01 1.597511e+00 -0.995417 0.008732 0.053463 0.907728 0.020811 0.004683 0.995417 -0.006257 -0.029651 -0.930214 0.000000 
9.000000e-02 1.003096e-01 9.749980e-02 9.237327e-02 1.000000e-01 1.597511e+00 -0.995417 0.008732 0.053463 0.907728 0.020811 0.004683 0.995417 -0.006257 -0.029651 -0.930214 0.000000 
9.000000e-02 1.003096e-01 9.749980e-02 9.237327e-02 1.000000e-01 1.597511e+00 -0.995417 0.008732 0.053463 0.907728 0.020811 0.004683 0.995417 -0.006257 -0.029651 -0.930214 0.000000 
9.000000e-02 1.003096e-01 9.749980e-02 9.237327e-02 1.000000e-01 1.597511e+00 -0.995417 0.008732 0.053463 0.907728 0.020811 0.004683 0.995417 -0.006257 -0.029651 -0.930214 0.000000 
9.000000e-02 1.003096e-01 9.749980e-02 9.237327e-02 1.000000e-01 1.597511e+00 -0.995417 0.008732 0.053463 0.907728 0.020811 0.004683 0.995417 -0.006257 -0.029651 -0.930214 0.000000 
9.000000e-02 1.003096e-01 9.749980e-02 9.237327e-02 1.000000e-01 1.597511e+00 -0.995417 0.008732 0.053463 0.907728 0.020811 0.004683 0.995417 -0.006257 -0.029651 -0.930214 0.000000 
9.000000e-02 1.003096e-01 9.749980e-02 9.237327e-02 1.000000e-01 1.597511e+00 -0.995417 0.008732 0.053463 0.907728 0.020811 0.004683 0.995417 -0.006257 -0.029651 -0.930214 0.000000 
9.000000e-02 1.003096e-01 9.749980e-02 9.237327e-02 1.000000e-01 1.597511e+00 -0.995417 0.008732 0.053463 0.907728 0.020811 0.004683 0.995417 -0.006257 -0.029651 -0.930214 0.000000 
9.000000e-02 1.003096e-01 9.749980e-02 9.237327e-02 1.000000e-01 1.597511e+00 -0.995417 0.008732 0.053463 0.907728 0.020811 0.004683 0.995417 -0.006257 -0.029651 -0.930214 0.000000 
9.000000e-02 1.003096e-01 9.749980e-02 9.237327e-02 1.000000e-01 1.597511e+00 -0.995417 0.008732 0.053463 0.907728 0.020811 0.004683 0.995417 -0.006257 -0.029651 -0.930214 0.000000 
9.000000e-02 1.003096e-01 9.749980e-02 9.237327e-02 1.000000e-01 1.597511e+00 -0.995417 0.008732 0.053463 0.907728 0.020811 0.004683 0.995417 -0.006257 -0.029651 -0.930214 0.000000 
9.000000e-02 1.003096e-01 9.749980e-02 9.237327e-02 1.000000e-01 1.597511e+00 -0.995417 0.008732 0.053463 0.907728 0.020811 0.004683 0.995417 -0.006257 -0.029651 -0.930214 0.000000 
9.000000e-02 1.003096e-01 9.749980e-02 9.237327e-02 1.000000e-01 1.597511e+00 -0.995417 0.008732 0.053463 0.907728 0.020811 0.004683 0.995417 -0.006257 -0.029651 -0.930214 0.000000 
9.000000e-02 1.003096e-01 9.749980e-02 9.237327e-02 1.000000e-01 1.597511e+00 -0.995417 0.008732 0.053463 0.907728 0.020811 0.004683 0.995417 -0.006257 -0.029651 -0.930214 0.000000 
9.000000e-02 1.003096e-01 9.749980e-02 9.237327e-02 1.000000e-01 1.597511e+00 -0.995417 0.008732 0.053463 0.907728 0.020811 0.004683 0.995417 -0.006257 -0.029651 -0.930214 0.000000 
9.000000e-02 1.003096e-01 9.749980e-02 9.237327e-02 1.000000e-01 1.597511e+00 -0.995417 0.008732 0.053463 0.907728 0.020811 0.004683 0.995417 -0.006257 -0.029651 -0.930214 0.000000 
9.000000e-02 1.003096e-01 9.749980e-02 9.237327e-02 1.000000e-01 1.597511e+00 -0.995417 0.008732 0.053463 0.907728 0.020811 0.004683 0.995417 -0.006257 -0.029651 -0.930214 0.000000 
9.000000e-02 1.003096e-01 9.749980e-02 9.237327e-02 1.000000e-01 1.597511e+00 -0.995417 0.008732 0.053463 0.907728 0.020811 0.004683 0.995417 -0.006257 -0.029651 -0.930214 0.000000 
9.000000e-02 1.003096e-01 9.749980e-02 9.237327e-02 1.000000e-01 1.597511e+00 -0.995417 0.008732 0.053463 0.907728 0.020811 0.004683 0.995417 -0.006257 -0.029651 -0.930214 0.000000 
9.000000e-02 1.003096e-01 9.749980e-02 9.237327e-02 1.000000e-01 1.597511e+00 -0.995417 0.008732 0.053463 0.907728 0.020811 0.004683 0.995417 -0.006257 -0.029651 -0.930214 0.000000 
9.000000e-02 1.003096e-01 9.749980e-02 9.237327e-02 1.000000e-01 1.597511e+00 -0.995417 0.008732 0.053463 0.907728 0.020811 0.004683 0.995417 -0.006257 -0.029651 -0.930214 0.000000 
9.000000e-02 1.003096e-01 9.749980e-02 9.237327e-02 1.000000e-01 1.597511e+00 -0.995417 0.008732 0.053463 0.907728 0.020811 0.004683 0.995417 -0.006257 -0.029651 -0.930214 0.000000 
9.000000e-02 1.003096e-01 9.749980e-02 9.237327e-02 1.000000e-01 1.597511e+00 -0.995417 0.008732 0.053463 0.907728 0.020811 0.004683 0.995417 -0.006257 -0.029651 -0.930214 0.000000 
9.000000e-02 1.003096e-01 9.749980e-02 9.237327e-02 1.000000e-01 1.597511e+00 -0.995417 0.008732 0.053463 0.907728 0.020811 0.004683 0.995417 -0.006257 -0.029651 -0.930214 0.000000 
9.000000e-02 1.003096e-01 9.749980e-02 9.237327e-02 1.000000e-01 1.597511e+00 -0.995417 0.008732 0.053463 0.907728 0.020811 0.004683 0.995417 -0.006257 -0.029651 -0.930214 0.000000 
9.000000e-02 1.003096e-01 9.749980e-02 9.237327e-02 1.000000e-01 1.597511e+00 -0.995417 0.008732 0.053463 0.907728 0.020811 0.004683 0.995417 -0.006257 -0.029651 -0.930214 0.000000 
9.000000e-02 1.003096e-01 9.749980e-02 9.237327e-02 1.000000e-01 1.597511e+00 -0.995417 0.008732 0.053463 0.907728 0.020811 0.004683 0.995417 -0.006257 -0.029651 -0.930214 0.000000 
9.000000e-02 1.003096e-01 9.749980e-02 9.237327e-02 1.000000e-01 1.597511e+00 -0.995417 0.008732 0.053463 0.907728 0.020811 0.004683 0.995417 -0.006257 -0.029651 -0.930214 0.000000 
9.000000e-02 1.003096e-01 9.749980e-02 9.237327e-02 1.000000e-01 1.597511e+00 -0.995417 0.008732 0.053463 0.907728 0.020811 0.004683 0.995417 -0.006257 -0.029651 -0.930214 0.000000 
9.000000e-02 1.003096e-01 9.749980e-02 9.237327e-02 1.000000e-01 1.597511e+00 -0.995417 0.008732 0.053463 0.907728 0.020811 0.004683 0.995417 -0.006257 -0.029651 -0.930214 0.000000 
9.000000e-02 1.003096e-01 9.749980e-02 9.237327e-02 1.000000e-01 1.597511e+00 -0.995417 0.008732 0.053463 0.907728 0.020811 0.004683 0.995417 -0.006257 -0.029651 -0.930214 0.000000 
9.000000e-02 1.003096e-01 9.749980e-02 9.237327e-02 1.000000e-01 1.597511e+00 -0.995417 0.008732 0.053463 0.907728 0.020811 0.004683 0.995417 -0.006257 -0.029651 -0.930214 0.000000 
9.000000e-02 1.003096e-01 9.749980e-02 9.237327e-02 1.000000e-01 1.597511e+00 -0.995417 0.008732 0.053463 0.907728 0.020811 0.004683 0.995417 -0.006257 -0.029651 -0.930214 0.000000 
9.000000e-02 1.003096e-01 9.749980e-02 9.237327e-02 1.000000e-01 1.597511e+00 -0.995417 0.008732 0.053463 0.907728 0.020811 0.004683 0.995417 -0.006257 -0.029651 -0.930214 0.000000 
9.000000e-02 1.003096e-01 9.749980e-02 9.237327e-02 1.000000e-01 1.597511e+00 -0.995417 0.008732 0.053463 0.907728 0.020811 0.004683 0.995417 -0.006257 -0.029651 -0.930214 0.000000 
9.000000e-02 1.003096e-01 9.749980e-02 9.237327e-02 1.000000e-01 1.597511e+00 -0.995417 0.008732 0.053463 0.907728 0.020811 0.004683 0.995417 -0.006257 -0.029651 -0.930214 0.000000 
9.000000e-02 1.003096e-01 9.749980e-02 9.237327e-02 1.000000e-01 1.597511e+00 -0.995417 0.008732 0.053463 0.907728 0.020811 0.004683 0.995417 -0.006257 -0.029651 -0.930214 0.000000 
9.000000e-02 1.003096e-01 9.749980e-02 9.237327e-02 1.000000e-01 1.597511e+00 -0.995417 0.008732 0.053463 0.907728 0.020811 0.004683 0.995417 -0.006257 -0.029651 -0.930214 0.000000 
9.000000e-02 1.003096e-01 9.749980e-02 9.237327e-02 1.000000e-01 1.597511e+00 -0.995417 0.008732 0.053463 0.907728 0.020811 0.004683 0.995417 -0.006257 -0.029651 -0.930214 0.000000 
9.000000e-02 1.003096e-01 9.749980e-02 9.237327e-02 1.000000e-01 1.597511e+00 -0.995417 0.008732 0.053463 0.907728 0.020811 0.004683 0.995417 -0.006257 -0.029651 -0.930214 0.000000 
9.000000e-02 1.003096e-01 9.749980e-02 9.237327e-02 1.000000e-01 1.597511e+00 -0.995417 0.008732 0.053463 0.907728 0.020811 0.004683 0.995417 -0.006257 -0.029651 -0.930214 0.000000 
9.000000e-02 1.003096e-01 9.749980e-02 9.237327e-02 1.000000e-01 1.597511e+00 -0.995417 0.008732 0.053463 0.907728 0.020811 0.004683 0.995417 -0.006257 -0.029651 -0.930214 0.000000 
9.000000e-02 1.003096e-01 9.749980e-02 9.237327e-02 1.000000e-01 1.597511e+00 -0.995417 0.008732 0.053463 0.907728 0.020811 0.004683 0.995417 -0.006257 -0.029651 -0.930214 0.000000 
9.000000e-02 1.003096e-01 9.749980e-02 9.237327e-02 1.000000e-01 1.597511e+00 -0.995417 0.008732 0.053463 0.907728 0.020811 0.004683 0.995417 -0.006257 -0.029651 -0.930214 0.000000 
9.000000e-02 1.003096e-01 9.749980e-02 9.237327e-02 1.000000e-01 1.597511e+00 -0.995417 0.008732 0.053463 0.907728 0.020811 0.004683 0.995417 -0.006257 -0.029651 -0.930214 0.000000 
9.000000e-02 1.003096e-01 9.749980e-02 9.237327e-02 1.000000e-01 1.597511e+00 -0.995417 0.008732 0.053463 0.907728 0.020811 0.004683 0.995417 -0.006257 -0.029651 -0.930214 0.000000 
9.000000e-02 1.003096e-01 9.749980e-02 9.237327e-02 1.000000e-01 1.597511e+00 -0.995417 0.008732 0.053463 0.907728 0.020811 0.004683 0.995417 -0.006257 -0.029651 -0.930214 0.000000 
9.000000e-02 1.003096e-01 9.749980e-02 9.237327e-02 1.000000e-01 1.597511e+00 -0.995417 0.008732 0.053463 0.907728 0.020811 0.004683 0.995417 -0.006257 -0.029651 -0.930214 0.000000 
9.000000e-02 1.003096e-01 9.749980e-02 9.237327e-02 1.000000e-01 1.597511e+00 -0.995417 0.008732 0.053463 0.907728 0.020811 0.004683 0.995417 -0.006257 -0.029651 -0.930214 0.000000 
9.000000e-02 1.003096e-01 9.749980e-02 9.237327e-02 1.000000e-01 1.597511e+00 -0.995417 0.008732 0.053463 0.907728 0.020811 0.004683 0.995417 -0.006257 -0.029651 -0.930214 0.000000 
9.000000e-02 1.003096e-01 9.749980e-02 9.237327e-02 1.000000e-01 1.597511e+00 -0.995417 0.008732 0.053463 0.907728 0.020811 0.004683 0.995417 -0.006257 -0.029651 -0.930214 0.000000 
9.000000e-02 1.003096e-01 9.749980e-02 9.237327e-02 1.000000e-01 1.597511e+00 -0.995417 0.008732 0.053463 0.907728 0.020811 0.004683 0.995417 -0.006257 -0.029651 -0.930214 0.000000 
9.000000e-02 1.003096e-01 9.749980e-02 9.237327e-02 1.000000e-01 1.597511e+00 -0.995417 0.008732 0.053463 0.907728 0.020811 0.004683 0.995417 -0.006257 -0.029651 -0.930214 0.000000 
9.000000e-02 1.003096e-01 9.749980e-02 9.237327e-02 1.000000e-01 1.597511e+00 -0.995417 0.008732 0.053463 0.907728 0.020811 0.004683 0.995417 -0.006257 -0.029651 -0.930214 0.000000 
9.000000e-02 1.003096e-01 9.749980e-02 9.237327e-02 1.000000e-01 1.597511e+00 -0.995417 0.008732 0.053463 0.907728 0.020811 0.004683 0.995417 -0.006257 -0.029651 -0.930214 0.000000 
9.000000e-02 1.003096e-01 9.749980e-02 9.237327e-02 1.000000e-01 1.597511e+00 -0.995417 0.008732 0.053463 0.907728 0.020811 0.004683 0.995417 -0.006257 -0.029651 -0.930214 0.000000 
9.000000e-02 1.003096e-01 9.749980e-02 9.237327e-02 1.000000e-01 1.597511e+00 -0.995417 0.008732 0.053463 0.907728 0.020811 0.004683 0.995417 -0.006257 -0.029651 -0.930214 0.000000 
9.000000e-02 1.003096e-01 9.749980e-02 9.237327e-02 1.000000e-01 1.597511e+00 -0.995417 0.008732 0.053463 0.907728 0.020811 0.004683 0.995417 -0.006257 -0.029651 -0.930214 0.000000 
9.000000e-02 1.003096e-01 9.749980e-02 9.237327e-02 1.000000e-01 1.597511e+00 -0.995417 0.008732 0.053463 0.907728 0.020811 0.004683 0.995417 -0.006257 -0.029651 -0.930214 0.000000 
9.000000e-02 1.003096e-01 9.749980e-02 9.237327e-02 1.000000e-01 1.597511e+00 -0.995417 0.008732 0.053463 0.907728 0.020811 0.004683 0.995417 -0.006257 -0.029651 -0.930214 0.000000 
9.000000e-02 1.003096e-01 9.749980e-02 9.237327e-02 1.000000e-01 1.597511e+00 -0.995417 0.008732 0.053463 0.907728 0.020811 0.004683 0.995417 -0.006257 -0.029651 -0.930214 0.000000 
9.000000e-02 1.003096e-01 9.749980e-02 9.237327e-02 1.000000e-01 1.597511e+00 -0.995417 0.008732 0.053463 0.907728 0.020811 0.004683 0.995417 -0.006257 -0.029651 -0.930214 0.000000 
9.000000e-02 1.003096e-01 9.749980e-02 9.237327e-02 1.000000e-01 1.597511e+00 -0.995417 0.008732 0.053463 0.907728 0.020811 0.004683 0.995417 -0.006257 -0.029651 -0.930214 0.000000 
9.000000e-02 1.003096e-01 9.749980e-02 9.237327e-02 1.000000e-01 1.597511e+00 -0.995417 0.008732 0.053463 0.907728 0.020811 0.004683 0.995417 -0.006257 -0.029651 -0.930214 0.000000 
9.000000e-02 1.003096e-01 9.749980e-02 9.237327e-02 1.000000e-01 1.597511e+00 -0.995417 0.008732 0.053463 0.907728 0.020811 0.004683 0.995417 -0.006257 -0.029651 -0.930214 0.000000 
9.000000e-02 1.003096e-01 9.749980e-02 9.237327e-02 1.000000e-01 1.597511e+00 -0.995417 0.008732 0.053463 0.907728 0.020811 0.004683 0.995417 -0.006257 -0.029651 -0.930214 0.000000 
9.000000e-02 1.003096e-01 9.749980e-02 9.237327e-02 1.000000e-01 1.597511e+00 -0.995417 0.008732 0.053463 0.907728 0.020811 0.004683 0.995417 -0.006257 -0.029651 -0.930214 0.000000 
9.000000e-02 1.003096e-01 9.749980e-02 9.237327e-02 1.000000e-01 1.597511e+00 -0.995417 0.008732 0.053463 0.907728 0.020811 0.004683 0.995417 -0.006257 -0.029651 -0.930214 0.000000 
9.000000e-02 1.003096e-01 9.749980e-02 9.237327e-02 1.000000e-01 1.597511e+00 -0.995417 0.008732 0.053463 0.907728 0.020811 0.004683 0.995417 -0.006257 -0.029651 -0.930214 0.000000 
9.000000e-02 1.003096e-01 9.749980e-02 9.237327e-02 1.000000e-01 1.597511e+00 -0.995417 0.008732 0.053463 0.907728 0.020811 0.004683 0.995417 -0.006257 -0.029651 -0.930214 0.000000 
9.000000e-02 1.003096e-01 9.749980e-02 9.237327e-02 1.000000e-01 1.597511e+00 -0.995417 0.008732 0.053463 0.907728 0.020811 0.004683 0.995417 -0.006257 -0.029651 -0.930214 0.000000 
9.000000e-02 1.003096e-01 9.749980e-02 9.237327e-02 1.000000e-01 1.597511e+00 -0.995417 0.008732 0.053463 0.907728 0.020811 0.004683 0.995417 -0.006257 -0.029651 -0.930214 0.000000 
9.000000e-02 1.003096e-01 9.749980e-02 9.237327e-02 1.000000e-01 1.597511e+00 -0.995417 0.008732 0.053463 0.907728 0.020811 0.004683 0.995417 -0.006257 -0.029651 -0.930214 0.000000 
9.000000e-02 1.003096e-01 9.749980e-02 9.237327e-02 1.000000e-01 1.597511e+00 -0.995417 0.008732 0.053463 0.907728 0.020811 0.004683 0.995417 -0.006257 -0.029651 -0.930214 0.000000 
9.000000e-02 1.003096e-01 9.749980e-02 9.237327e-02 1.000000e-01 1.597511e+00 -0.995417 0.008732 0.053463 0.907728 0.020811 0.004683 0.995417 -0.006257 -0.029651 -0.930214 0.000000 
9.000000e-02 1.003096e-01 9.749980e-02 9.237327e-02 1.000000e-01 1.597511e+00 -0.995417 0.008732 0.053463 0.907728 0.020811 0.004683 0.995417 -0.006257 -0.029651 -0.930214 0.000000 
9.000000e-02 1.003096e-01 9.749980e-02 9.237327e-02 1.000000e-01 1.597511e+00 -0.995417 0.008732 0.053463 0.907728 0.020811 0.004683 0.995417 -0.006257 -0.029651 -0.930214 0.000000 
9.000000e-02 1.003096e-01 9.749980e-02 9.237327e-02 1.000000e-01 1.597511e+00 -0.995417 0.008732 0.053463 0.907728 0.020811 0.004683 0.995417 -0.006257 -0.029651 -0.930214 0.000000 
9.000000e-02 1.003096e-01 9.749980e-02 9.237327e-02 1.000000e-01 1.597511e+00 -0.995417 0.008732 0.053463 0.907728 0.020811 0.004683 0.995417 -0.006257 -0.029651 -0.930214 0.000000 
9.000000e-02 1.003096e-01 9.749980e-02 9.237327e-02 1.000000e-01 1.597511e+00 -0.995417 0.008732 0.053463 0.907728 0.020811 0.004683 0.995417 -0.006257 -0.029651 -0.930214 0.000000 
9.000000e-02 1.003096e-01 9.749980e-02 9.237327e-02 1.000000e-01 1.597511e+00 -0.995417 0.008732 0.053463 0.907728 0.020811 0.004683 0.995417 -0.006257 -0.029651 -0.930214 0.000000 
9.000000e-02 1.003096e-01 9.749980e-02 9.237327e-02 1.000000e-01 1.597511e+00 -0.995417 0.008732 0.053463 0.907728 0.020811 0.004683 0.995417 -0.006257 -0.029651 -0.930214 0.000000 
9.000000e-02 1.003096e-01 9.749980e-02 9.237327e-02 1.000000e-01 1.597511e+00 -0.995417 0.008732 0.053463 0.907728 0.020811 0.004683 0.995417 -0.006257 -0.029651 -0.930214 0.000000 
9.000000e-02 1.003096e-01 9.749980e-02 9.237327e-02 1.000000e-01 1.597511e+00 -0.995417 0.008732 0.053463 0.907728 0.020811 0.004683 0.995417 -0.006257 -0.029651 -0.930214 0.000000 
9.000000e-02 1.003096e-01 9.749980e-02 9.237327e-02 1.000000e-01 1.597511e+00 -0.995417 0.008732 0.053463 0.907728 0.020811 0.004683 0.995417 -0.006257 -0.029651 -0.930214 0.000000 
9.000000e-02 1.003096e-01 9.749980e-02 9.237327e-02 1.000000e-01 1.597511e+00 -0.995417 0.008732 0.053463 0.907728 0.020811 0.004683 0.995417 -0.006257 -0.029651 -0.930214 0.000000 
9.000000e-02 1.003096e-01 9.749980e-02 9.237327e-02 1.000000e-01 1.597511e+00 -0.995417 0.008732 0.053463 0.907728 0.020811 0.004683 0.995417 -0.006257 -0.029651 -0.930214 0.000000 
9.000000e-02 1.003096e-01 9.749980e-02 9.237327e-02 1.000000e-01 1.597511e+00 -0.995417 0.008732 0.053463 0.907728 0.020811 0.004683 0.995417 -0.006257 -0.029651 -0.930214 0.000000 
9.000000e-02 1.003096e-01 9.749980e-02 9.237327e-02 1.000000e-01 1.597511e+00 -0.995417 0.008732 0.053463 0.907728 0.020811 0.004683 0.995417 -0.006257 -0.029651 -0.930214 0.000000 
9.000000e-02 1.003096e-01 9.749980e-02 9.237327e-02 1.000000e-01 1.597511e+00 -0.995417 0.008732 0.053463 0.907728 0.020811 0.004683 0.995417 -0.006257 -0.029651 -0.930214 0.000000 
