# TeX TeY TeZ ThX ThY THZ P1 P2
1.000000e-01 1.000000e-01 1.490000e+00 1.000000e-01 1.000000e-01 1.490000e+00 0.000000 0.000000 0.000000 0.000000 0.000000 0.000000 0.000000 0.000000 0.000000 0.000000 0.000000 
1.000024e-01 1.000000e-01 1.482451e+00 9.999759e-02 1.000000e-01 1.496470e+00 -0.009265 -0.001429 0.002366 0.008041 0.001465 -0.001178 0.009265 -0.001189 -0.002379 -0.002381 0.000000 
1.000046e-01 1.000000e-01 1.474825e+00 9.999496e-02 1.000000e-01 1.502903e+00 -0.018554 -0.002899 0.004713 0.016235 0.002892 -0.002387 0.018554 -0.002381 -0.004764 -0.004768 0.000000 
1.000065e-01 1.000000e-01 1.467125e+00 9.999209e-02 1.000000e-01 1.509296e+00 -0.027868 -0.004455 0.007008 0.024747 0.004232 -0.003664 0.027868 -0.003577 -0.007155 -0.007161 0.000000 
1.000082e-01 1.000000e-01 1.459351e+00 9.998898e-02 1.000000e-01 1.515649e+00 -0.037204 -0.006264 0.009200 0.034041 0.005366 -0.005139 0.037204 -0.004775 -0.009552 -0.009561 0.000000 
1.000097e-01 1.000000e-01 1.451502e+00 9.998567e-02 1.000000e-01 1.521962e+00 -0.046564 -0.008411 0.011215 0.044450 0.006189 -0.006879 0.046564 -0.005976 -0.011955 -0.011966 0.000000 
1.000110e-01 1.000000e-01 1.443579e+00 9.998218e-02 1.000000e-01 1.528235e+00 -0.055945 -0.010966 0.012976 0.056277 0.006594 -0.008936 0.055945 -0.007180 -0.014363 -0.014376 0.000000 
1.000121e-01 1.000000e-01 1.435583e+00 9.997863e-02 1.000000e-01 1.534466e+00 -0.065349 -0.014017 0.014357 0.069968 0.006420 -0.011379 0.065349 -0.008387 -0.016777 -0.016793 0.000000 
1.000132e-01 1.000000e-01 1.427514e+00 9.997518e-02 1.000000e-01 1.540655e+00 -0.074774 -0.017720 0.015097 0.086373 0.005350 -0.014326 0.074774 -0.009597 -0.019197 -0.019215 0.000000 
1.000140e-01 1.000000e-01 1.419374e+00 9.997221e-02 1.000000e-01 1.546803e+00 -0.084222 -0.022171 0.014867 0.106342 0.003029 -0.017846 0.084222 -0.010809 -0.021623 -0.021643 0.000000 
1.000148e-01 1.000000e-01 1.411161e+00 9.997044e-02 1.000000e-01 1.552909e+00 -0.093694 -0.027393 0.013277 0.130676 -0.000912 -0.021954 0.093694 -0.012025 -0.024055 -0.024077 0.000000 
1.000154e-01 1.000000e-01 1.402877e+00 9.997126e-02 1.000000e-01 1.558976e+00 -0.103195 -0.033463 0.009694 0.160729 -0.007063 -0.026703 0.103195 -0.013244 -0.026494 -0.026518 0.000000 
1.000160e-01 1.000000e-01 1.394522e+00 9.997748e-02 1.000000e-01 1.565006e+00 -0.112735 -0.040448 0.003199 0.198339 -0.016218 -0.032139 0.112735 -0.014469 -0.028943 -0.028970 0.000000 
1.000165e-01 1.000000e-01 1.386097e+00 9.999436e-02 1.000000e-01 1.571008e+00 -0.122339 -0.048572 -0.008406 0.247975 -0.030234 -0.038425 0.122339 -0.015701 -0.031409 -0.031438 0.000000 
1.000169e-01 1.000000e-01 1.377603e+00 1.000313e-01 1.000000e-01 1.576998e+00 -0.132048 -0.057789 -0.026792 0.312292 -0.050144 -0.045520 0.132048 -0.016948 -0.033901 -0.033933 0.000000 
1.000173e-01 1.000000e-01 1.369039e+00 1.001016e-01 1.000000e-01 1.583007e+00 -0.141941 -0.068279 -0.054990 0.396708 -0.077945 -0.053554 0.141941 -0.018217 -0.036441 -0.036475 0.000000 
1.000176e-01 1.000000e-01 1.360406e+00 1.002142e-01 1.000000e-01 1.589082e+00 -0.152147 -0.080352 -0.096919 0.508338 -0.116159 -0.062762 0.152147 -0.019527 -0.039061 -0.039098 0.000000 
1.000179e-01 1.000000e-01 1.351705e+00 1.003457e-01 1.000000e-01 1.595273e+00 -0.162843 -0.094435 -0.156719 0.654989 -0.167521 -0.073472 0.162842 -0.020900 -0.041807 -0.041846 0.000000 
1.000181e-01 1.000000e-01 1.342937e+00 1.003779e-01 1.000000e-01 1.597521e+00 -0.170557 -0.099620 -0.182467 0.718722 -0.188690 -0.077389 0.170557 -0.021890 -0.043788 -0.043829 0.000000 
1.000184e-01 1.000000e-01 1.334101e+00 1.003779e-01 1.000000e-01 1.597521e+00 -0.176395 -0.098884 -0.180968 0.720249 -0.187185 -0.076819 0.176394 -0.022639 -0.045287 -0.045329 0.000000 
1.000185e-01 1.000000e-01 1.325199e+00 1.003779e-01 1.000000e-01 1.597521e+00 -0.182276 -0.098140 -0.179457 0.721781 -0.185668 -0.076241 0.182276 -0.023394 -0.046797 -0.046840 0.000000 
1.000187e-01 1.000000e-01 1.316231e+00 1.003779e-01 1.000000e-01 1.597521e+00 -0.188201 -0.097387 -0.177935 0.723318 -0.184139 -0.075657 0.188201 -0.024154 -0.048318 -0.048363 0.000000 
1.000188e-01 1.000000e-01 1.307197e+00 1.003779e-01 1.000000e-01 1.597521e+00 -0.194170 -0.096627 -0.176403 0.724864 -0.182598 -0.075068 0.194169 -0.024920 -0.049850 -0.049896 0.000000 
1.000189e-01 1.000000e-01 1.298099e+00 1.003779e-01 1.000000e-01 1.597521e+00 -0.200181 -0.095860 -0.174859 0.726417 -0.181046 -0.074472 0.200181 -0.025692 -0.051393 -0.051441 0.000000 
1.000190e-01 1.000000e-01 1.288935e+00 1.003779e-01 1.000000e-01 1.597521e+00 -0.206235 -0.095086 -0.173305 0.727979 -0.179482 -0.073872 0.206235 -0.026469 -0.052948 -0.052997 0.000000 
1.000191e-01 1.000000e-01 1.279708e+00 1.003779e-01 1.000000e-01 1.597521e+00 -0.212331 -0.094306 -0.171740 0.729551 -0.177908 -0.073267 0.212331 -0.027251 -0.054513 -0.054563 0.000000 
1.000192e-01 1.000000e-01 1.270417e+00 1.003779e-01 1.000000e-01 1.597521e+00 -0.218470 -0.093520 -0.170164 0.731132 -0.176322 -0.072657 0.218469 -0.028039 -0.056089 -0.056141 0.000000 
1.000192e-01 1.000000e-01 1.261064e+00 1.003779e-01 1.000000e-01 1.597521e+00 -0.224649 -0.092728 -0.168577 0.732722 -0.174726 -0.072043 0.224649 -0.028832 -0.057675 -0.057729 0.000000 
1.000193e-01 1.000000e-01 1.251648e+00 1.003779e-01 1.000000e-01 1.597521e+00 -0.230870 -0.091931 -0.166980 0.734323 -0.173118 -0.071424 0.230870 -0.029631 -0.059272 -0.059327 0.000000 
1.000193e-01 1.000000e-01 1.242170e+00 1.003779e-01 1.000000e-01 1.597521e+00 -0.237132 -0.091128 -0.165372 0.735934 -0.171501 -0.070802 0.237132 -0.030434 -0.060880 -0.060936 0.000000 
1.000193e-01 1.000000e-01 1.232631e+00 1.003779e-01 1.000000e-01 1.597521e+00 -0.243434 -0.090320 -0.163754 0.737554 -0.169872 -0.070174 0.243434 -0.031243 -0.062498 -0.062556 0.000000 
1.000194e-01 1.000000e-01 1.223031e+00 1.003779e-01 1.000000e-01 1.597521e+00 -0.249777 -0.089506 -0.162126 0.739185 -0.168234 -0.069543 0.249777 -0.032057 -0.064126 -0.064186 0.000000 
1.000194e-01 1.000000e-01 1.213370e+00 1.003779e-01 1.000000e-01 1.597521e+00 -0.256159 -0.088688 -0.160487 0.740826 -0.166584 -0.068908 0.256159 -0.032876 -0.065765 -0.065826 0.000000 
1.000194e-01 1.000000e-01 1.203650e+00 1.003779e-01 1.000000e-01 1.597521e+00 -0.262581 -0.087864 -0.158839 0.742476 -0.164925 -0.068269 0.262581 -0.033701 -0.067414 -0.067476 0.000000 
1.000194e-01 1.000000e-01 1.193870e+00 1.003779e-01 1.000000e-01 1.597521e+00 -0.269043 -0.087035 -0.157180 0.744137 -0.163256 -0.067625 0.269042 -0.034530 -0.069073 -0.069137 0.000000 
1.000195e-01 1.000000e-01 1.184032e+00 1.003779e-01 1.000000e-01 1.597521e+00 -0.275543 -0.086201 -0.155511 0.745807 -0.161576 -0.066978 0.275542 -0.035364 -0.070741 -0.070807 0.000000 
1.000195e-01 1.000000e-01 1.174135e+00 1.003779e-01 1.000000e-01 1.597521e+00 -0.282081 -0.085361 -0.153832 0.747488 -0.159887 -0.066327 0.282081 -0.036203 -0.072420 -0.072487 0.000000 
1.000195e-01 1.000000e-01 1.164181e+00 1.003779e-01 1.000000e-01 1.597521e+00 -0.288658 -0.084517 -0.152144 0.749178 -0.158188 -0.065673 0.288657 -0.037047 -0.074108 -0.074177 0.000000 
1.000195e-01 1.000000e-01 1.154169e+00 1.003779e-01 1.000000e-01 1.597521e+00 -0.295272 -0.083669 -0.150446 0.750878 -0.156479 -0.065014 0.295272 -0.037896 -0.075807 -0.075877 0.000000 
1.000195e-01 1.000000e-01 1.144101e+00 1.003779e-01 1.000000e-01 1.597521e+00 -0.301924 -0.082815 -0.148738 0.752587 -0.154760 -0.064352 0.301924 -0.038750 -0.077514 -0.077586 0.000000 
1.000195e-01 1.000000e-01 1.133976e+00 1.003779e-01 1.000000e-01 1.597521e+00 -0.308614 -0.081956 -0.147021 0.754306 -0.153031 -0.063686 0.308613 -0.039609 -0.079232 -0.079305 0.000000 
1.000195e-01 1.000000e-01 1.123795e+00 1.003779e-01 1.000000e-01 1.597521e+00 -0.315340 -0.081093 -0.145294 0.756035 -0.151294 -0.063016 0.315339 -0.040472 -0.080959 -0.081034 0.000000 
1.000195e-01 1.000000e-01 1.113559e+00 1.003779e-01 1.000000e-01 1.597521e+00 -0.322102 -0.080225 -0.143558 0.757773 -0.149546 -0.062343 0.322102 -0.041340 -0.082695 -0.082772 0.000000 
1.000195e-01 1.000000e-01 1.103269e+00 1.003779e-01 1.000000e-01 1.597521e+00 -0.328901 -0.079353 -0.141812 0.759520 -0.147790 -0.061666 0.328901 -0.042212 -0.084440 -0.084519 0.000000 
1.000195e-01 1.000000e-01 1.092923e+00 1.003779e-01 1.000000e-01 1.597521e+00 -0.335736 -0.078476 -0.140057 0.761276 -0.146024 -0.060985 0.335736 -0.043089 -0.086195 -0.086275 0.000000 
1.000195e-01 1.000000e-01 1.082524e+00 1.003779e-01 1.000000e-01 1.597521e+00 -0.342607 -0.077594 -0.138294 0.763042 -0.144248 -0.060301 0.342606 -0.043971 -0.087959 -0.088041 0.000000 
1.000195e-01 1.000000e-01 1.072072e+00 1.003779e-01 1.000000e-01 1.597521e+00 -0.349512 -0.076708 -0.136521 0.764816 -0.142464 -0.059613 0.349512 -0.044858 -0.089732 -0.089815 0.000000 
1.000195e-01 1.000000e-01 1.061567e+00 1.003779e-01 1.000000e-01 1.597521e+00 -0.356453 -0.075817 -0.134739 0.766600 -0.140671 -0.058922 0.356452 -0.045748 -0.091514 -0.091599 0.000000 
1.000195e-01 1.000000e-01 1.051009e+00 1.003779e-01 1.000000e-01 1.597521e+00 -0.363428 -0.074922 -0.132948 0.768392 -0.138868 -0.058228 0.363428 -0.046644 -0.093305 -0.093391 0.000000 
1.000195e-01 1.000000e-01 1.040399e+00 1.003779e-01 1.000000e-01 1.597521e+00 -0.370438 -0.074022 -0.131148 0.770194 -0.137057 -0.057530 0.370437 -0.047543 -0.095104 -0.095192 0.000000 
1.000195e-01 1.000000e-01 1.029738e+00 1.003779e-01 1.000000e-01 1.597521e+00 -0.377482 -0.073118 -0.129340 0.772004 -0.135237 -0.056828 0.377481 -0.048447 -0.096913 -0.097002 0.000000 
1.000195e-01 1.000000e-01 1.019025e+00 1.003779e-01 1.000000e-01 1.597521e+00 -0.384559 -0.072210 -0.127523 0.773822 -0.133409 -0.056124 0.384558 -0.049356 -0.098730 -0.098821 0.000000 
1.000195e-01 1.000000e-01 1.008262e+00 1.003779e-01 1.000000e-01 1.597521e+00 -0.391670 -0.071297 -0.125697 0.775650 -0.131571 -0.055416 0.391669 -0.050268 -0.100555 -0.100648 0.000000 
1.000195e-01 1.000000e-01 9.974490e-01 1.003779e-01 1.000000e-01 1.597521e+00 -0.398814 -0.070380 -0.123863 0.777485 -0.129725 -0.054704 0.398813 -0.051185 -0.102389 -0.102484 0.000000 
1.000195e-01 1.000000e-01 9.865860e-01 1.003779e-01 1.000000e-01 1.597521e+00 -0.405991 -0.069459 -0.122021 0.779330 -0.127871 -0.053990 0.405990 -0.052106 -0.104232 -0.104329 0.000000 
1.000195e-01 1.000000e-01 9.756737e-01 1.003779e-01 1.000000e-01 1.597521e+00 -0.413201 -0.068534 -0.120170 0.781182 -0.126008 -0.053272 0.413200 -0.053032 -0.106083 -0.106181 0.000000 
1.000195e-01 1.000000e-01 9.647126e-01 1.003779e-01 1.000000e-01 1.597521e+00 -0.420442 -0.067604 -0.118311 0.783043 -0.124137 -0.052551 0.420442 -0.053961 -0.107942 -0.108042 0.000000 
1.000195e-01 1.000000e-01 9.537030e-01 1.003779e-01 1.000000e-01 1.597521e+00 -0.427716 -0.066671 -0.116443 0.784912 -0.122258 -0.051827 0.427715 -0.054894 -0.109810 -0.109911 0.000000 
1.000195e-01 1.000000e-01 9.426454e-01 1.003779e-01 1.000000e-01 1.597521e+00 -0.435022 -0.065733 -0.114568 0.786790 -0.120370 -0.051099 0.435021 -0.055832 -0.111685 -0.111789 0.000000 
1.000195e-01 1.000000e-01 9.315403e-01 1.003779e-01 1.000000e-01 1.597521e+00 -0.442359 -0.064791 -0.112684 0.788675 -0.118474 -0.050369 0.442358 -0.056774 -0.113569 -0.113674 0.000000 
1.000195e-01 1.000000e-01 9.203880e-01 1.003779e-01 1.000000e-01 1.597521e+00 -0.449727 -0.063846 -0.110792 0.790568 -0.116571 -0.049635 0.449726 -0.057719 -0.115460 -0.115567 0.000000 
1.000195e-01 1.000000e-01 9.091889e-01 1.003779e-01 1.000000e-01 1.597521e+00 -0.457126 -0.062896 -0.108893 0.792470 -0.114659 -0.048898 0.457125 -0.058669 -0.117360 -0.117469 0.000000 
1.000195e-01 1.000000e-01 8.979435e-01 1.003779e-01 1.000000e-01 1.597521e+00 -0.464555 -0.061943 -0.106985 0.794379 -0.112739 -0.048158 0.464555 -0.059623 -0.119267 -0.119378 0.000000 
1.000195e-01 1.000000e-01 8.866522e-01 1.003779e-01 1.000000e-01 1.597521e+00 -0.472015 -0.060985 -0.105070 0.796296 -0.110812 -0.047416 0.472015 -0.060580 -0.121183 -0.121295 0.000000 
1.000195e-01 1.000000e-01 8.753154e-01 1.003779e-01 1.000000e-01 1.597521e+00 -0.479505 -0.060024 -0.103147 0.798221 -0.108877 -0.046670 0.479505 -0.061541 -0.123106 -0.123220 0.000000 
1.000195e-01 1.000000e-01 8.639334e-01 1.003779e-01 1.000000e-01 1.597521e+00 -0.487025 -0.059059 -0.101217 0.800153 -0.106934 -0.045921 0.487024 -0.062506 -0.125036 -0.125152 0.000000 
1.000195e-01 1.000000e-01 8.525068e-01 1.003779e-01 1.000000e-01 1.597521e+00 -0.494574 -0.058090 -0.099278 0.802093 -0.104983 -0.045169 0.494574 -0.063475 -0.126974 -0.127092 0.000000 
1.000195e-01 1.000000e-01 8.410358e-01 1.003779e-01 1.000000e-01 1.597521e+00 -0.502153 -0.057117 -0.097333 0.804041 -0.103025 -0.044415 0.502152 -0.064448 -0.128920 -0.129039 0.000000 
1.000195e-01 1.000000e-01 8.295209e-01 1.003779e-01 1.000000e-01 1.597521e+00 -0.509761 -0.056141 -0.095380 0.805996 -0.101059 -0.043657 0.509760 -0.065424 -0.130873 -0.130994 0.000000 
1.000195e-01 1.000000e-01 8.179624e-01 1.003779e-01 1.000000e-01 1.597521e+00 -0.517397 -0.055161 -0.093419 0.807958 -0.099086 -0.042897 0.517396 -0.066404 -0.132834 -0.132957 0.000000 
1.000195e-01 1.000000e-01 8.063608e-01 1.003779e-01 1.000000e-01 1.597521e+00 -0.525062 -0.054177 -0.091451 0.809928 -0.097106 -0.042134 0.525061 -0.067388 -0.134802 -0.134926 0.000000 
1.000195e-01 1.000000e-01 7.947164e-01 1.003779e-01 1.000000e-01 1.597521e+00 -0.532755 -0.053190 -0.089476 0.811905 -0.095118 -0.041368 0.532755 -0.068375 -0.136777 -0.136903 0.000000 
1.000195e-01 1.000000e-01 7.830295e-01 1.003779e-01 1.000000e-01 1.597521e+00 -0.540476 -0.052199 -0.087494 0.813889 -0.093123 -0.040599 0.540476 -0.069366 -0.138759 -0.138888 0.000000 
1.000195e-01 9.999999e-02 7.713006e-01 1.003779e-01 1.000000e-01 1.597521e+00 -0.548225 -0.051204 -0.085504 0.815880 -0.091121 -0.039827 0.548225 -0.070361 -0.140748 -0.140879 0.000000 
1.000195e-01 9.999999e-02 7.595301e-01 1.003779e-01 1.000000e-01 1.597521e+00 -0.556002 -0.050206 -0.083508 0.817878 -0.089111 -0.039053 0.556001 -0.071359 -0.142745 -0.142877 0.000000 
1.000195e-01 9.999999e-02 7.477182e-01 1.003779e-01 1.000000e-01 1.597521e+00 -0.563806 -0.049205 -0.081504 0.819884 -0.087095 -0.038276 0.563805 -0.072361 -0.144748 -0.144883 0.000000 
1.000195e-01 9.999999e-02 7.358653e-01 1.003779e-01 1.000000e-01 1.597521e+00 -0.571637 -0.048200 -0.079494 0.821896 -0.085072 -0.037496 0.571636 -0.073366 -0.146759 -0.146895 0.000000 
1.000195e-01 9.999999e-02 7.239718e-01 1.003779e-01 1.000000e-01 1.597521e+00 -0.579495 -0.047191 -0.077476 0.823915 -0.083041 -0.036714 0.579494 -0.074374 -0.148776 -0.148914 0.000000 
1.000195e-01 9.999999e-02 7.120381e-01 1.003779e-01 1.000000e-01 1.597521e+00 -0.587379 -0.046179 -0.075452 0.825941 -0.081004 -0.035929 0.587378 -0.075386 -0.150800 -0.150940 0.000000 
1.000195e-01 9.999998e-02 7.000644e-01 1.003779e-01 1.000000e-01 1.597521e+00 -0.595290 -0.045164 -0.073421 0.827974 -0.078960 -0.035141 0.595289 -0.076401 -0.152831 -0.152973 0.000000 
1.000195e-01 9.999998e-02 6.880512e-01 1.003779e-01 1.000000e-01 1.597521e+00 -0.603227 -0.044145 -0.071384 0.830014 -0.076909 -0.034351 0.603226 -0.077420 -0.154869 -0.155013 0.000000 
1.000195e-01 9.999998e-02 6.759987e-01 1.003779e-01 1.000000e-01 1.597521e+00 -0.611189 -0.043123 -0.069339 0.832060 -0.074852 -0.033558 0.611189 -0.078442 -0.156913 -0.157059 0.000000 
1.000195e-01 9.999997e-02 6.639074e-01 1.003779e-01 1.000000e-01 1.597521e+00 -0.619178 -0.042098 -0.067288 0.834113 -0.072788 -0.032762 0.619177 -0.079467 -0.158964 -0.159112 0.000000 
1.000195e-01 9.999996e-02 6.517775e-01 1.003779e-01 1.000000e-01 1.597521e+00 -0.627192 -0.041069 -0.065231 0.836172 -0.070717 -0.031965 0.627191 -0.080496 -0.161022 -0.161171 0.000000 
1.000195e-01 9.999996e-02 6.396093e-01 1.003779e-01 1.000000e-01 1.597521e+00 -0.635231 -0.040038 -0.063167 0.838238 -0.068640 -0.031164 0.635231 -0.081527 -0.163086 -0.163237 0.000000 
1.000195e-01 9.999995e-02 6.274032e-01 1.003779e-01 1.000000e-01 1.597521e+00 -0.643295 -0.039003 -0.061097 0.840310 -0.066556 -0.030361 0.643295 -0.082562 -0.165156 -0.165309 0.000000 
1.000195e-01 9.999994e-02 6.151596e-01 1.003779e-01 1.000000e-01 1.597521e+00 -0.651385 -0.037964 -0.059020 0.842389 -0.064466 -0.029556 0.651384 -0.083601 -0.167233 -0.167388 0.000000 
1.000195e-01 9.999993e-02 6.028786e-01 1.003779e-01 1.000000e-01 1.597521e+00 -0.659498 -0.036923 -0.056937 0.844474 -0.062370 -0.028748 0.659498 -0.084642 -0.169316 -0.169473 0.000000 
1.000195e-01 9.999991e-02 5.905607e-01 1.003779e-01 1.000000e-01 1.597521e+00 -0.667636 -0.035879 -0.054847 0.846565 -0.060267 -0.027937 0.667636 -0.085686 -0.171405 -0.171564 0.000000 
1.000195e-01 9.999989e-02 5.782062e-01 1.003779e-01 1.000000e-01 1.597521e+00 -0.675799 -0.034831 -0.052752 0.848663 -0.058158 -0.027125 0.675798 -0.086734 -0.173501 -0.173662 0.000000 
1.000195e-01 9.999987e-02 5.658153e-01 1.003779e-01 1.000000e-01 1.597521e+00 -0.683985 -0.033780 -0.050650 0.850766 -0.056043 -0.026310 0.683985 -0.087785 -0.175603 -0.175765 0.000000 
1.000195e-01 9.999984e-02 5.533884e-01 1.003779e-01 1.000000e-01 1.597521e+00 -0.692195 -0.032727 -0.048542 0.852876 -0.053922 -0.025492 0.692195 -0.088838 -0.177710 -0.177875 0.000000 
1.000195e-01 9.999981e-02 5.409257e-01 1.003779e-01 1.000000e-01 1.597521e+00 -0.700429 -0.031670 -0.046428 0.854992 -0.051794 -0.024672 0.700429 -0.089895 -0.179824 -0.179991 0.000000 
1.000195e-01 9.999977e-02 5.284276e-01 1.003779e-01 1.000000e-01 1.597521e+00 -0.708686 -0.030610 -0.044308 0.857114 -0.049661 -0.023850 0.708686 -0.090955 -0.181944 -0.182113 0.000000 
1.000195e-01 9.999972e-02 5.158944e-01 1.003779e-01 1.000000e-01 1.597521e+00 -0.716967 -0.029547 -0.042183 0.859242 -0.047521 -0.023025 0.716966 -0.092017 -0.184070 -0.184241 0.000000 
1.000195e-01 9.999966e-02 5.033263e-01 1.003779e-01 1.000000e-01 1.597521e+00 -0.725270 -0.028482 -0.040051 0.861376 -0.045376 -0.022199 0.725270 -0.093083 -0.186202 -0.186375 0.000000 
1.000195e-01 9.999959e-02 4.907236e-01 1.003779e-01 1.000000e-01 1.597521e+00 -0.733597 -0.027413 -0.037913 0.863515 -0.043224 -0.021370 0.733596 -0.094151 -0.188339 -0.188515 0.000000 
1.000195e-01 9.999950e-02 4.780866e-01 1.003779e-01 1.000000e-01 1.597521e+00 -0.741946 -0.026342 -0.035770 0.865661 -0.041067 -0.020538 0.741945 -0.095223 -0.190483 -0.190661 0.000000 
1.000195e-01 9.999939e-02 4.654157e-01 1.003779e-01 1.000000e-01 1.597521e+00 -0.750317 -0.025267 -0.033620 0.867812 -0.038904 -0.019705 0.750317 -0.096296 -0.192632 -0.192813 0.000000 
1.000195e-01 9.999926e-02 4.527110e-01 1.003779e-01 1.000000e-01 1.597521e+00 -0.758711 -0.024190 -0.031465 0.869969 -0.036735 -0.018869 0.758710 -0.097373 -0.194787 -0.194972 0.000000 
1.000195e-01 9.999911e-02 4.399728e-01 1.003779e-01 1.000000e-01 1.597521e+00 -0.767127 -0.023110 -0.029305 0.872132 -0.034561 -0.018031 0.767126 -0.098452 -0.196948 -0.197137 0.000000 
1.000195e-01 9.999891e-02 4.272015e-01 1.003779e-01 1.000000e-01 1.597521e+00 -0.775564 -0.022027 -0.027139 0.874300 -0.032381 -0.017191 0.775564 -0.099533 -0.199114 -0.199308 0.000000 
1.000195e-01 9.999868e-02 4.143973e-01 1.003779e-01 1.000000e-01 1.597521e+00 -0.784024 -0.020941 -0.024967 0.876474 -0.030195 -0.016348 0.784023 -0.100617 -0.201286 -0.201487 0.000000 
1.000195e-01 9.999839e-02 4.015604e-01 1.003779e-01 1.000000e-01 1.597521e+00 -0.792505 -0.019853 -0.022789 0.878653 -0.028003 -0.015504 0.792504 -0.101701 -0.203464 -0.203674 0.000000 
1.000195e-01 9.999804e-02 3.886912e-01 1.003779e-01 1.000000e-01 1.597521e+00 -0.801007 -0.018761 -0.020606 0.880838 -0.025807 -0.014657 0.801007 -0.102787 -0.205647 -0.205870 0.000000 
1.000195e-01 9.999761e-02 3.757898e-01 1.003779e-01 1.000000e-01 1.597521e+00 -0.809531 -0.017667 -0.018418 0.883028 -0.023604 -0.013809 0.809531 -0.103872 -0.207836 -0.208077 0.000000 
1.000195e-01 9.999708e-02 3.628565e-01 1.003779e-01 1.000000e-01 1.597521e+00 -0.818076 -0.016571 -0.016224 0.885224 -0.021396 -0.012958 0.818075 -0.104956 -0.210031 -0.210299 0.000000 
1.000195e-01 9.999644e-02 3.498916e-01 1.003779e-01 1.000000e-01 1.597521e+00 -0.826641 -0.015471 -0.014025 0.887425 -0.019183 -0.012105 0.826641 -0.106036 -0.212232 -0.212539 0.000000 
1.000195e-01 9.999565e-02 3.368954e-01 1.003779e-01 1.000000e-01 1.597521e+00 -0.835228 -0.014369 -0.011821 0.889632 -0.016965 -0.011250 0.835227 -0.107108 -0.214439 -0.214805 0.000000 
1.000195e-01 9.999469e-02 3.238680e-01 1.003779e-01 1.000000e-01 1.597521e+00 -0.843835 -0.013265 -0.009611 0.891843 -0.014741 -0.010393 0.843834 -0.108167 -0.216652 -0.217108 0.000000 
1.000195e-01 9.999351e-02 3.108098e-01 1.003779e-01 1.000000e-01 1.597521e+00 -0.852462 -0.012157 -0.007396 0.894060 -0.012512 -0.009534 0.852462 -0.109205 -0.218873 -0.219464 0.000000 
1.000195e-01 9.999206e-02 2.977209e-01 1.003779e-01 1.000000e-01 1.597521e+00 -0.861110 -0.011048 -0.005176 0.896283 -0.010277 -0.008673 0.861109 -0.110208 -0.221101 -0.221899 0.000000 
1.000195e-01 9.999029e-02 2.846017e-01 1.003779e-01 1.000000e-01 1.597521e+00 -0.869777 -0.009935 -0.002951 0.898510 -0.008038 -0.007810 0.869777 -0.111159 -0.223339 -0.224449 0.000000 
1.000195e-01 9.998812e-02 2.714522e-01 1.003779e-01 1.000000e-01 1.597521e+00 -0.878465 -0.008820 -0.000720 0.900743 -0.005793 -0.006945 0.878465 -0.112026 -0.225588 -0.227180 0.000000 
1.000195e-01 9.998548e-02 2.582728e-01 1.003779e-01 1.000000e-01 1.597521e+00 -0.887173 -0.007703 0.001515 0.902980 -0.003543 -0.006078 0.887173 -0.112766 -0.227850 -0.230180 0.000000 
1.000195e-01 9.998225e-02 2.450636e-01 1.003779e-01 1.000000e-01 1.597521e+00 -0.895900 -0.006582 0.003756 0.905223 -0.001288 -0.005209 0.895900 -0.113314 -0.230128 -0.233585 0.000000 
1.000195e-01 9.997833e-02 2.318249e-01 1.003779e-01 1.000000e-01 1.597521e+00 -0.904648 -0.005460 0.006002 0.907471 0.000972 -0.004338 0.904647 -0.113552 -0.232421 -0.237648 0.000000 
1.000195e-01 9.997359e-02 2.185567e-01 1.003779e-01 1.000000e-01 1.597521e+00 -0.913415 -0.004335 0.008252 0.909724 0.003237 -0.003465 0.913414 -0.113337 -0.234724 -0.242692 0.000000 
1.000195e-01 9.996791e-02 2.052594e-01 1.003779e-01 1.000000e-01 1.597521e+00 -0.922202 -0.003207 0.010508 0.911982 0.005508 -0.002590 0.922201 -0.112441 -0.237011 -0.249262 0.000000 
1.000195e-01 9.996120e-02 1.919329e-01 1.003779e-01 1.000000e-01 1.597521e+00 -0.931009 -0.002077 0.012769 0.914245 0.007783 -0.001713 0.931008 -0.110483 -0.239201 -0.258353 0.000000 
1.000195e-01 9.995345e-02 1.785773e-01 1.003779e-01 1.000000e-01 1.597521e+00 -0.939836 -0.000944 0.015036 0.916513 0.010064 -0.000834 0.939836 -0.107013 -0.241085 -0.271361 0.000000 
1.000195e-01 9.994492e-02 1.651924e-01 1.003779e-01 1.000000e-01 1.597521e+00 -0.948685 0.000192 0.017308 0.918787 0.012351 0.000047 0.948685 -0.101374 -0.242139 -0.290768 0.000000 
1.000195e-01 9.993668e-02 1.517774e-01 1.003779e-01 1.000000e-01 1.597521e+00 -0.957559 0.001331 0.019586 0.921068 0.014643 0.000931 0.957559 -0.092598 -0.240910 -0.321576 0.000000 
1.000195e-01 9.993314e-02 1.383273e-01 1.003779e-01 1.000000e-01 1.597521e+00 -0.966473 0.002475 0.021874 0.923358 0.016947 0.001818 0.966473 -0.079831 -0.234048 -0.372148 0.000000 
1.000195e-01 9.995388e-02 1.248183e-01 1.003779e-01 1.000000e-01 1.597521e+00 -0.975499 0.003634 0.024192 0.925678 0.019279 0.002717 0.975499 -0.062134 -0.213393 -0.459748 0.000000 
1.000195e-01 1.000712e-01 1.111443e-01 1.003779e-01 1.000000e-01 1.597521e+00 -0.985001 0.004853 0.026631 0.928119 0.021734 0.003663 0.985001 -0.038084 -0.156632 -0.626535 0.000000 
1.000195e-01 1.003097e-01 9.749821e-02 1.003779e-01 1.000000e-01 1.597521e+00 -0.995747 0.006232 0.029390 0.930881 0.024511 0.004733 0.995747 -0.006295 -0.029716 -0.930342 0.000000 
1.000195e-01 1.003097e-01 9.749821e-02 1.003779e-01 1.000000e-01 1.597521e+00 -0.995747 0.006232 0.029390 0.930881 0.024511 0.004733 0.995747 -0.006295 -0.029716 -0.930342 0.000000 
1.000195e-01 1.003097e-01 9.749821e-02 1.003779e-01 1.000000e-01 1.597521e+00 -0.995747 0.006232 0.029390 0.930881 0.024511 0.004733 0.995747 -0.006295 -0.029716 -0.930342 0.000000 
1.000195e-01 1.003097e-01 9.749821e-02 1.003779e-01 1.000000e-01 1.597521e+00 -0.995747 0.006232 0.029390 0.930881 0.024511 0.004733 0.995747 -0.006295 -0.029716 -0.930342 0.000000 
1.000195e-01 1.003097e-01 9.749821e-02 1.003779e-01 1.000000e-01 1.597521e+00 -0.995747 0.006232 0.029390 0.930881 0.024511 0.004733 0.995747 -0.006295 -0.029716 -0.930342 0.000000 
1.000195e-01 1.003097e-01 9.749821e-02 1.003779e-01 1.000000e-01 1.597521e+00 -0.995747 0.006232 0.029390 0.930881 0.024511 0.004733 0.995747 -0.006295 -0.029716 -0.930342 0.000000 
1.000195e-01 1.003097e-01 9.749821e-02 1.003779e-01 1.000000e-01 1.597521e+00 -0.995747 0.006232 0.029390 0.930881 0.024511 0.004733 0.995747 -0.006295 -0.029716 -0.930342 0.000000 
1.000195e-01 1.003097e-01 9.749821e-02 1.003779e-01 1.000000e-01 1.597521e+00 -0.995747 0.006232 0.029390 0.930881 0.024511 0.004733 0.995747 -0.006295 -0.029716 -0.930342 0.000000 
1.000195e-01 1.003097e-01 9.749821e-02 1.003779e-01 1.000000e-01 1.597521e+00 -0.995747 0.006232 0.029390 0.930881 0.024511 0.004733 0.995747 -0.006295 -0.029716 -0.930342 0.000000 
1.000195e-01 1.003097e-01 9.749821e-02 1.003779e-01 1.000000e-01 1.597521e+00 -0.995747 0.006232 0.029390 0.930881 0.024511 0.004733 0.995747 -0.006295 -0.029716 -0.930342 0.000000 
1.000195e-01 1.003097e-01 9.749821e-02 1.003779e-01 1.000000e-01 1.597521e+00 -0.995747 0.006232 0.029390 0.930881 0.024511 0.004733 0.995747 -0.006295 -0.029716 -0.930342 0.000000 
1.000195e-01 1.003097e-01 9.749821e-02 1.003779e-01 1.000000e-01 1.597521e+00 -0.995747 0.006232 0.029390 0.930881 0.024511 0.004733 0.995747 -0.006295 -0.029716 -0.930342 0.000000 
1.000195e-01 1.003097e-01 9.749821e-02 1.003779e-01 1.000000e-01 1.597521e+00 -0.995747 0.006232 0.029390 0.930881 0.024511 0.004733 0.995747 -0.006295 -0.029716 -0.930342 0.000000 
1.000195e-01 1.003097e-01 9.749821e-02 1.003779e-01 1.000000e-01 1.597521e+00 -0.995747 0.006232 0.029390 0.930881 0.024511 0.004733 0.995747 -0.006295 -0.029716 -0.930342 0.000000 
1.000195e-01 1.003097e-01 9.749821e-02 1.003779e-01 1.000000e-01 1.597521e+00 -0.995747 0.006232 0.029390 0.930881 0.024511 0.004733 0.995747 -0.006295 -0.029716 -0.930342 0.000000 
1.000195e-01 1.003097e-01 9.749821e-02 1.003779e-01 1.000000e-01 1.597521e+00 -0.995747 0.006232 0.029390 0.930881 0.024511 0.004733 0.995747 -0.006295 -0.029716 -0.930342 0.000000 
1.000195e-01 1.003097e-01 9.749821e-02 1.003779e-01 1.000000e-01 1.597521e+00 -0.995747 0.006232 0.029390 0.930881 0.024511 0.004733 0.995747 -0.006295 -0.029716 -0.930342 0.000000 
1.000195e-01 1.003097e-01 9.749821e-02 1.003779e-01 1.000000e-01 1.597521e+00 -0.995747 0.006232 0.029390 0.930881 0.024511 0.004733 0.995747 -0.006295 -0.029716 -0.930342 0.000000 
1.000195e-01 1.003097e-01 9.749821e-02 1.003779e-01 1.000000e-01 1.597521e+00 -0.995747 0.006232 0.029390 0.930881 0.024511 0.004733 0.995747 -0.006295 -0.029716 -0.930342 0.000000 
1.000195e-01 1.003097e-01 9.749821e-02 1.003779e-01 1.000000e-01 1.597521e+00 -0.995747 0.006232 0.029390 0.930881 0.024511 0.004733 0.995747 -0.006295 -0.029716 -0.930342 0.000000 
1.000195e-01 1.003097e-01 9.749821e-02 1.003779e-01 1.000000e-01 1.597521e+00 -0.995747 0.006232 0.029390 0.930881 0.024511 0.004733 0.995747 -0.006295 -0.029716 -0.930342 0.000000 
1.000195e-01 1.003097e-01 9.749821e-02 1.003779e-01 1.000000e-01 1.597521e+00 -0.995747 0.006232 0.029390 0.930881 0.024511 0.004733 0.995747 -0.006295 -0.029716 -0.930342 0.000000 
1.000195e-01 1.003097e-01 9.749821e-02 1.003779e-01 1.000000e-01 1.597521e+00 -0.995747 0.006232 0.029390 0.930881 0.024511 0.004733 0.995747 -0.006295 -0.029716 -0.930342 0.000000 
1.000195e-01 1.003097e-01 9.749821e-02 1.003779e-01 1.000000e-01 1.597521e+00 -0.995747 0.006232 0.029390 0.930881 0.024511 0.004733 0.995747 -0.006295 -0.029716 -0.930342 0.000000 
1.000195e-01 1.003097e-01 9.749821e-02 1.003779e-01 1.000000e-01 1.597521e+00 -0.995747 0.006232 0.029390 0.930881 0.024511 0.004733 0.995747 -0.006295 -0.029716 -0.930342 0.000000 
1.000195e-01 1.003097e-01 9.749821e-02 1.003779e-01 1.000000e-01 1.597521e+00 -0.995747 0.006232 0.029390 0.930881 0.024511 0.004733 0.995747 -0.006295 -0.029716 -0.930342 0.000000 
1.000195e-01 1.003097e-01 9.749821e-02 1.003779e-01 1.000000e-01 1.597521e+00 -0.995747 0.006232 0.029390 0.930881 0.024511 0.004733 0.995747 -0.006295 -0.029716 -0.930342 0.000000 
1.000195e-01 1.003097e-01 9.749821e-02 1.003779e-01 1.000000e-01 1.597521e+00 -0.995747 0.006232 0.029390 0.930881 0.024511 0.004733 0.995747 -0.006295 -0.029716 -0.930342 0.000000 
1.000195e-01 1.003097e-01 9.749821e-02 1.003779e-01 1.000000e-01 1.597521e+00 -0.995747 0.006232 0.029390 0.930881 0.024511 0.004733 0.995747 -0.006295 -0.029716 -0.930342 0.000000 
1.000195e-01 1.003097e-01 9.749821e-02 1.003779e-01 1.000000e-01 1.597521e+00 -0.995747 0.006232 0.029390 0.930881 0.024511 0.004733 0.995747 -0.006295 -0.029716 -0.930342 0.000000 
1.000195e-01 1.003097e-01 9.749821e-02 1.003779e-01 1.000000e-01 1.597521e+00 -0.995747 0.006232 0.029390 0.930881 0.024511 0.004733 0.995747 -0.006295 -0.029716 -0.930342 0.000000 
1.000195e-01 1.003097e-01 9.749821e-02 1.003779e-01 1.000000e-01 1.597521e+00 -0.995747 0.006232 0.029390 0.930881 0.024511 0.004733 0.995747 -0.006295 -0.029716 -0.930342 0.000000 
1.000195e-01 1.003097e-01 9.749821e-02 1.003779e-01 1.000000e-01 1.597521e+00 -0.995747 0.006232 0.029390 0.930881 0.024511 0.004733 0.995747 -0.006295 -0.029716 -0.930342 0.000000 
1.000195e-01 1.003097e-01 9.749821e-02 1.003779e-01 1.000000e-01 1.597521e+00 -0.995747 0.006232 0.029390 0.930881 0.024511 0.004733 0.995747 -0.006295 -0.029716 -0.930342 0.000000 
1.000195e-01 1.003097e-01 9.749821e-02 1.003779e-01 1.000000e-01 1.597521e+00 -0.995747 0.006232 0.029390 0.930881 0.024511 0.004733 0.995747 -0.006295 -0.029716 -0.930342 0.000000 
1.000195e-01 1.003097e-01 9.749821e-02 1.003779e-01 1.000000e-01 1.597521e+00 -0.995747 0.006232 0.029390 0.930881 0.024511 0.004733 0.995747 -0.006295 -0.029716 -0.930342 0.000000 
1.000195e-01 1.003097e-01 9.749821e-02 1.003779e-01 1.000000e-01 1.597521e+00 -0.995747 0.006232 0.029390 0.930881 0.024511 0.004733 0.995747 -0.006295 -0.029716 -0.930342 0.000000 
1.000195e-01 1.003097e-01 9.749821e-02 1.003779e-01 1.000000e-01 1.597521e+00 -0.995747 0.006232 0.029390 0.930881 0.024511 0.004733 0.995747 -0.006295 -0.029716 -0.930342 0.000000 
1.000195e-01 1.003097e-01 9.749821e-02 1.003779e-01 1.000000e-01 1.597521e+00 -0.995747 0.006232 0.029390 0.930881 0.024511 0.004733 0.995747 -0.006295 -0.029716 -0.930342 0.000000 
1.000195e-01 1.003097e-01 9.749821e-02 1.003779e-01 1.000000e-01 1.597521e+00 -0.995747 0.006232 0.029390 0.930881 0.024511 0.004733 0.995747 -0.006295 -0.029716 -0.930342 0.000000 
1.000195e-01 1.003097e-01 9.749821e-02 1.003779e-01 1.000000e-01 1.597521e+00 -0.995747 0.006232 0.029390 0.930881 0.024511 0.004733 0.995747 -0.006295 -0.029716 -0.930342 0.000000 
1.000195e-01 1.003097e-01 9.749821e-02 1.003779e-01 1.000000e-01 1.597521e+00 -0.995747 0.006232 0.029390 0.930881 0.024511 0.004733 0.995747 -0.006295 -0.029716 -0.930342 0.000000 
1.000195e-01 1.003097e-01 9.749821e-02 1.003779e-01 1.000000e-01 1.597521e+00 -0.995747 0.006232 0.029390 0.930881 0.024511 0.004733 0.995747 -0.006295 -0.029716 -0.930342 0.000000 
1.000195e-01 1.003097e-01 9.749821e-02 1.003779e-01 1.000000e-01 1.597521e+00 -0.995747 0.006232 0.029390 0.930881 0.024511 0.004733 0.995747 -0.006295 -0.029716 -0.930342 0.000000 
1.000195e-01 1.003097e-01 9.749821e-02 1.003779e-01 1.000000e-01 1.597521e+00 -0.995747 0.006232 0.029390 0.930881 0.024511 0.004733 0.995747 -0.006295 -0.029716 -0.930342 0.000000 
1.000195e-01 1.003097e-01 9.749821e-02 1.003779e-01 1.000000e-01 1.597521e+00 -0.995747 0.006232 0.029390 0.930881 0.024511 0.004733 0.995747 -0.006295 -0.029716 -0.930342 0.000000 
1.000195e-01 1.003097e-01 9.749821e-02 1.003779e-01 1.000000e-01 1.597521e+00 -0.995747 0.006232 0.029390 0.930881 0.024511 0.004733 0.995747 -0.006295 -0.029716 -0.930342 0.000000 
1.000195e-01 1.003097e-01 9.749821e-02 1.003779e-01 1.000000e-01 1.597521e+00 -0.995747 0.006232 0.029390 0.930881 0.024511 0.004733 0.995747 -0.006295 -0.029716 -0.930342 0.000000 
1.000195e-01 1.003097e-01 9.749821e-02 1.003779e-01 1.000000e-01 1.597521e+00 -0.995747 0.006232 0.029390 0.930881 0.024511 0.004733 0.995747 -0.006295 -0.029716 -0.930342 0.000000 
1.000195e-01 1.003097e-01 9.749821e-02 1.003779e-01 1.000000e-01 1.597521e+00 -0.995747 0.006232 0.029390 0.930881 0.024511 0.004733 0.995747 -0.006295 -0.029716 -0.930342 0.000000 
1.000195e-01 1.003097e-01 9.749821e-02 1.003779e-01 1.000000e-01 1.597521e+00 -0.995747 0.006232 0.029390 0.930881 0.024511 0.004733 0.995747 -0.006295 -0.029716 -0.930342 0.000000 
1.000195e-01 1.003097e-01 9.749821e-02 1.003779e-01 1.000000e-01 1.597521e+00 -0.995747 0.006232 0.029390 0.930881 0.024511 0.004733 0.995747 -0.006295 -0.029716 -0.930342 0.000000 
1.000195e-01 1.003097e-01 9.749821e-02 1.003779e-01 1.000000e-01 1.597521e+00 -0.995747 0.006232 0.029390 0.930881 0.024511 0.004733 0.995747 -0.006295 -0.029716 -0.930342 0.000000 
1.000195e-01 1.003097e-01 9.749821e-02 1.003779e-01 1.000000e-01 1.597521e+00 -0.995747 0.006232 0.029390 0.930881 0.024511 0.004733 0.995747 -0.006295 -0.029716 -0.930342 0.000000 
1.000195e-01 1.003097e-01 9.749821e-02 1.003779e-01 1.000000e-01 1.597521e+00 -0.995747 0.006232 0.029390 0.930881 0.024511 0.004733 0.995747 -0.006295 -0.029716 -0.930342 0.000000 
1.000195e-01 1.003097e-01 9.749821e-02 1.003779e-01 1.000000e-01 1.597521e+00 -0.995747 0.006232 0.029390 0.930881 0.024511 0.004733 0.995747 -0.006295 -0.029716 -0.930342 0.000000 
1.000195e-01 1.003097e-01 9.749821e-02 1.003779e-01 1.000000e-01 1.597521e+00 -0.995747 0.006232 0.029390 0.930881 0.024511 0.004733 0.995747 -0.006295 -0.029716 -0.930342 0.000000 
1.000195e-01 1.003097e-01 9.749821e-02 1.003779e-01 1.000000e-01 1.597521e+00 -0.995747 0.006232 0.029390 0.930881 0.024511 0.004733 0.995747 -0.006295 -0.029716 -0.930342 0.000000 
1.000195e-01 1.003097e-01 9.749821e-02 1.003779e-01 1.000000e-01 1.597521e+00 -0.995747 0.006232 0.029390 0.930881 0.024511 0.004733 0.995747 -0.006295 -0.029716 -0.930342 0.000000 
1.000195e-01 1.003097e-01 9.749821e-02 1.003779e-01 1.000000e-01 1.597521e+00 -0.995747 0.006232 0.029390 0.930881 0.024511 0.004733 0.995747 -0.006295 -0.029716 -0.930342 0.000000 
1.000195e-01 1.003097e-01 9.749821e-02 1.003779e-01 1.000000e-01 1.597521e+00 -0.995747 0.006232 0.029390 0.930881 0.024511 0.004733 0.995747 -0.006295 -0.029716 -0.930342 0.000000 
1.000195e-01 1.003097e-01 9.749821e-02 1.003779e-01 1.000000e-01 1.597521e+00 -0.995747 0.006232 0.029390 0.930881 0.024511 0.004733 0.995747 -0.006295 -0.029716 -0.930342 0.000000 
1.000195e-01 1.003097e-01 9.749821e-02 1.003779e-01 1.000000e-01 1.597521e+00 -0.995747 0.006232 0.029390 0.930881 0.024511 0.004733 0.995747 -0.006295 -0.029716 -0.930342 0.000000 
1.000195e-01 1.003097e-01 9.749821e-02 1.003779e-01 1.000000e-01 1.597521e+00 -0.995747 0.006232 0.029390 0.930881 0.024511 0.004733 0.995747 -0.006295 -0.029716 -0.930342 0.000000 
1.000195e-01 1.003097e-01 9.749821e-02 1.003779e-01 1.000000e-01 1.597521e+00 -0.995747 0.006232 0.029390 0.930881 0.024511 0.004733 0.995747 -0.006295 -0.029716 -0.930342 0.000000 
1.000195e-01 1.003097e-01 9.749821e-02 1.003779e-01 1.000000e-01 1.597521e+00 -0.995747 0.006232 0.029390 0.930881 0.024511 0.004733 0.995747 -0.006295 -0.029716 -0.930342 0.000000 
1.000195e-01 1.003097e-01 9.749821e-02 1.003779e-01 1.000000e-01 1.597521e+00 -0.995747 0.006232 0.029390 0.930881 0.024511 0.004733 0.995747 -0.006295 -0.029716 -0.930342 0.000000 
1.000195e-01 1.003097e-01 9.749821e-02 1.003779e-01 1.000000e-01 1.597521e+00 -0.995747 0.006232 0.029390 0.930881 0.024511 0.004733 0.995747 -0.006295 -0.029716 -0.930342 0.000000 
1.000195e-01 1.003097e-01 9.749821e-02 1.003779e-01 1.000000e-01 1.597521e+00 -0.995747 0.006232 0.029390 0.930881 0.024511 0.004733 0.995747 -0.006295 -0.029716 -0.930342 0.000000 
1.000195e-01 1.003097e-01 9.749821e-02 1.003779e-01 1.000000e-01 1.597521e+00 -0.995747 0.006232 0.029390 0.930881 0.024511 0.004733 0.995747 -0.006295 -0.029716 -0.930342 0.000000 
1.000195e-01 1.003097e-01 9.749821e-02 1.003779e-01 1.000000e-01 1.597521e+00 -0.995747 0.006232 0.029390 0.930881 0.024511 0.004733 0.995747 -0.006295 -0.029716 -0.930342 0.000000 
1.000195e-01 1.003097e-01 9.749821e-02 1.003779e-01 1.000000e-01 1.597521e+00 -0.995747 0.006232 0.029390 0.930881 0.024511 0.004733 0.995747 -0.006295 -0.029716 -0.930342 0.000000 
1.000195e-01 1.003097e-01 9.749821e-02 1.003779e-01 1.000000e-01 1.597521e+00 -0.995747 0.006232 0.029390 0.930881 0.024511 0.004733 0.995747 -0.006295 -0.029716 -0.930342 0.000000 
1.000195e-01 1.003097e-01 9.749821e-02 1.003779e-01 1.000000e-01 1.597521e+00 -0.995747 0.006232 0.029390 0.930881 0.024511 0.004733 0.995747 -0.006295 -0.029716 -0.930342 0.000000 
1.000195e-01 1.003097e-01 9.749821e-02 1.003779e-01 1.000000e-01 1.597521e+00 -0.995747 0.006232 0.029390 0.930881 0.024511 0.004733 0.995747 -0.006295 -0.029716 -0.930342 0.000000 
1.000195e-01 1.003097e-01 9.749821e-02 1.003779e-01 1.000000e-01 1.597521e+00 -0.995747 0.006232 0.029390 0.930881 0.024511 0.004733 0.995747 -0.006295 -0.029716 -0.930342 0.000000 
1.000195e-01 1.003097e-01 9.749821e-02 1.003779e-01 1.000000e-01 1.597521e+00 -0.995747 0.006232 0.029390 0.930881 0.024511 0.004733 0.995747 -0.006295 -0.029716 -0.930342 0.000000 
1.000195e-01 1.003097e-01 9.749821e-02 1.003779e-01 1.000000e-01 1.597521e+00 -0.995747 0.006232 0.029390 0.930881 0.024511 0.004733 0.995747 -0.006295 -0.029716 -0.930342 0.000000 
1.000195e-01 1.003097e-01 9.749821e-02 1.003779e-01 1.000000e-01 1.597521e+00 -0.995747 0.006232 0.029390 0.930881 0.024511 0.004733 0.995747 -0.006295 -0.029716 -0.930342 0.000000 
1.000195e-01 1.003097e-01 9.749821e-02 1.003779e-01 1.000000e-01 1.597521e+00 -0.995747 0.006232 0.029390 0.930881 0.024511 0.004733 0.995747 -0.006295 -0.029716 -0.930342 0.000000 
1.000195e-01 1.003097e-01 9.749821e-02 1.003779e-01 1.000000e-01 1.597521e+00 -0.995747 0.006232 0.029390 0.930881 0.024511 0.004733 0.995747 -0.006295 -0.029716 -0.930342 0.000000 
1.000195e-01 1.003097e-01 9.749821e-02 1.003779e-01 1.000000e-01 1.597521e+00 -0.995747 0.006232 0.029390 0.930881 0.024511 0.004733 0.995747 -0.006295 -0.029716 -0.930342 0.000000 
1.000195e-01 1.003097e-01 9.749821e-02 1.003779e-01 1.000000e-01 1.597521e+00 -0.995747 0.006232 0.029390 0.930881 0.024511 0.004733 0.995747 -0.006295 -0.029716 -0.930342 0.000000 
1.000195e-01 1.003097e-01 9.749821e-02 1.003779e-01 1.000000e-01 1.597521e+00 -0.995747 0.006232 0.029390 0.930881 0.024511 0.004733 0.995747 -0.006295 -0.029716 -0.930342 0.000000 
1.000195e-01 1.003097e-01 9.749821e-02 1.003779e-01 1.000000e-01 1.597521e+00 -0.995747 0.006232 0.029390 0.930881 0.024511 0.004733 0.995747 -0.006295 -0.029716 -0.930342 0.000000 
1.000195e-01 1.003097e-01 9.749821e-02 1.003779e-01 1.000000e-01 1.597521e+00 -0.995747 0.006232 0.029390 0.930881 0.024511 0.004733 0.995747 -0.006295 -0.029716 -0.930342 0.000000 
1.000195e-01 1.003097e-01 9.749821e-02 1.003779e-01 1.000000e-01 1.597521e+00 -0.995747 0.006232 0.029390 0.930881 0.024511 0.004733 0.995747 -0.006295 -0.029716 -0.930342 0.000000 
1.000195e-01 1.003097e-01 9.749821e-02 1.003779e-01 1.000000e-01 1.597521e+00 -0.995747 0.006232 0.029390 0.930881 0.024511 0.004733 0.995747 -0.006295 -0.029716 -0.930342 0.000000 
1.000195e-01 1.003097e-01 9.749821e-02 1.003779e-01 1.000000e-01 1.597521e+00 -0.995747 0.006232 0.029390 0.930881 0.024511 0.004733 0.995747 -0.006295 -0.029716 -0.930342 0.000000 
1.000195e-01 1.003097e-01 9.749821e-02 1.003779e-01 1.000000e-01 1.597521e+00 -0.995747 0.006232 0.029390 0.930881 0.024511 0.004733 0.995747 -0.006295 -0.029716 -0.930342 0.000000 
1.000195e-01 1.003097e-01 9.749821e-02 1.003779e-01 1.000000e-01 1.597521e+00 -0.995747 0.006232 0.029390 0.930881 0.024511 0.004733 0.995747 -0.006295 -0.029716 -0.930342 0.000000 
1.000195e-01 1.003097e-01 9.749821e-02 1.003779e-01 1.000000e-01 1.597521e+00 -0.995747 0.006232 0.029390 0.930881 0.024511 0.004733 0.995747 -0.006295 -0.029716 -0.930342 0.000000 
1.000195e-01 1.003097e-01 9.749821e-02 1.003779e-01 1.000000e-01 1.597521e+00 -0.995747 0.006232 0.029390 0.930881 0.024511 0.004733 0.995747 -0.006295 -0.029716 -0.930342 0.000000 
1.000195e-01 1.003097e-01 9.749821e-02 1.003779e-01 1.000000e-01 1.597521e+00 -0.995747 0.006232 0.029390 0.930881 0.024511 0.004733 0.995747 -0.006295 -0.029716 -0.930342 0.000000 
1.000195e-01 1.003097e-01 9.749821e-02 1.003779e-01 1.000000e-01 1.597521e+00 -0.995747 0.006232 0.029390 0.930881 0.024511 0.004733 0.995747 -0.006295 -0.029716 -0.930342 0.000000 
1.000195e-01 1.003097e-01 9.749821e-02 1.003779e-01 1.000000e-01 1.597521e+00 -0.995747 0.006232 0.029390 0.930881 0.024511 0.004733 0.995747 -0.006295 -0.029716 -0.930342 0.000000 
1.000195e-01 1.003097e-01 9.749821e-02 1.003779e-01 1.000000e-01 1.597521e+00 -0.995747 0.006232 0.029390 0.930881 0.024511 0.004733 0.995747 -0.006295 -0.029716 -0.930342 0.000000 
1.000195e-01 1.003097e-01 9.749821e-02 1.003779e-01 1.000000e-01 1.597521e+00 -0.995747 0.006232 0.029390 0.930881 0.024511 0.004733 0.995747 -0.006295 -0.029716 -0.930342 0.000000 
1.000195e-01 1.003097e-01 9.749821e-02 1.003779e-01 1.000000e-01 1.597521e+00 -0.995747 0.006232 0.029390 0.930881 0.024511 0.004733 0.995747 -0.006295 -0.029716 -0.930342 0.000000 
1.000195e-01 1.003097e-01 9.749821e-02 1.003779e-01 1.000000e-01 1.597521e+00 -0.995747 0.006232 0.029390 0.930881 0.024511 0.004733 0.995747 -0.006295 -0.029716 -0.930342 0.000000 
1.000195e-01 1.003097e-01 9.749821e-02 1.003779e-01 1.000000e-01 1.597521e+00 -0.995747 0.006232 0.029390 0.930881 0.024511 0.004733 0.995747 -0.006295 -0.029716 -0.930342 0.000000 
1.000195e-01 1.003097e-01 9.749821e-02 1.003779e-01 1.000000e-01 1.597521e+00 -0.995747 0.006232 0.029390 0.930881 0.024511 0.004733 0.995747 -0.006295 -0.029716 -0.930342 0.000000 
1.000195e-01 1.003097e-01 9.749821e-02 1.003779e-01 1.000000e-01 1.597521e+00 -0.995747 0.006232 0.029390 0.930881 0.024511 0.004733 0.995747 -0.006295 -0.029716 -0.930342 0.000000 
1.000195e-01 1.003097e-01 9.749821e-02 1.003779e-01 1.000000e-01 1.597521e+00 -0.995747 0.006232 0.029390 0.930881 0.024511 0.004733 0.995747 -0.006295 -0.029716 -0.930342 0.000000 
1.000195e-01 1.003097e-01 9.749821e-02 1.003779e-01 1.000000e-01 1.597521e+00 -0.995747 0.006232 0.029390 0.930881 0.024511 0.004733 0.995747 -0.006295 -0.029716 -0.930342 0.000000 
1.000195e-01 1.003097e-01 9.749821e-02 1.003779e-01 1.000000e-01 1.597521e+00 -0.995747 0.006232 0.029390 0.930881 0.024511 0.004733 0.995747 -0.006295 -0.029716 -0.930342 0.000000 
1.000195e-01 1.003097e-01 9.749821e-02 1.003779e-01 1.000000e-01 1.597521e+00 -0.995747 0.006232 0.029390 0.930881 0.024511 0.004733 0.995747 -0.006295 -0.029716 -0.930342 0.000000 
1.000195e-01 1.003097e-01 9.749821e-02 1.003779e-01 1.000000e-01 1.597521e+00 -0.995747 0.006232 0.029390 0.930881 0.024511 0.004733 0.995747 -0.006295 -0.029716 -0.930342 0.000000 
1.000195e-01 1.003097e-01 9.749821e-02 1.003779e-01 1.000000e-01 1.597521e+00 -0.995747 0.006232 0.029390 0.930881 0.024511 0.004733 0.995747 -0.006295 -0.029716 -0.930342 0.000000 
1.000195e-01 1.003097e-01 9.749821e-02 1.003779e-01 1.000000e-01 1.597521e+00 -0.995747 0.006232 0.029390 0.930881 0.024511 0.004733 0.995747 -0.006295 -0.029716 -0.930342 0.000000 
1.000195e-01 1.003097e-01 9.749821e-02 1.003779e-01 1.000000e-01 1.597521e+00 -0.995747 0.006232 0.029390 0.930881 0.024511 0.004733 0.995747 -0.006295 -0.029716 -0.930342 0.000000 
1.000195e-01 1.003097e-01 9.749821e-02 1.003779e-01 1.000000e-01 1.597521e+00 -0.995747 0.006232 0.029390 0.930881 0.024511 0.004733 0.995747 -0.006295 -0.029716 -0.930342 0.000000 
1.000195e-01 1.003097e-01 9.749821e-02 1.003779e-01 1.000000e-01 1.597521e+00 -0.995747 0.006232 0.029390 0.930881 0.024511 0.004733 0.995747 -0.006295 -0.029716 -0.930342 0.000000 
1.000195e-01 1.003097e-01 9.749821e-02 1.003779e-01 1.000000e-01 1.597521e+00 -0.995747 0.006232 0.029390 0.930881 0.024511 0.004733 0.995747 -0.006295 -0.029716 -0.930342 0.000000 
1.000195e-01 1.003097e-01 9.749821e-02 1.003779e-01 1.000000e-01 1.597521e+00 -0.995747 0.006232 0.029390 0.930881 0.024511 0.004733 0.995747 -0.006295 -0.029716 -0.930342 0.000000 
1.000195e-01 1.003097e-01 9.749821e-02 1.003779e-01 1.000000e-01 1.597521e+00 -0.995747 0.006232 0.029390 0.930881 0.024511 0.004733 0.995747 -0.006295 -0.029716 -0.930342 0.000000 
1.000195e-01 1.003097e-01 9.749821e-02 1.003779e-01 1.000000e-01 1.597521e+00 -0.995747 0.006232 0.029390 0.930881 0.024511 0.004733 0.995747 -0.006295 -0.029716 -0.930342 0.000000 
1.000195e-01 1.003097e-01 9.749821e-02 1.003779e-01 1.000000e-01 1.597521e+00 -0.995747 0.006232 0.029390 0.930881 0.024511 0.004733 0.995747 -0.006295 -0.029716 -0.930342 0.000000 
1.000195e-01 1.003097e-01 9.749821e-02 1.003779e-01 1.000000e-01 1.597521e+00 -0.995747 0.006232 0.029390 0.930881 0.024511 0.004733 0.995747 -0.006295 -0.029716 -0.930342 0.000000 
1.000195e-01 1.003097e-01 9.749821e-02 1.003779e-01 1.000000e-01 1.597521e+00 -0.995747 0.006232 0.029390 0.930881 0.024511 0.004733 0.995747 -0.006295 -0.029716 -0.930342 0.000000 
1.000195e-01 1.003097e-01 9.749821e-02 1.003779e-01 1.000000e-01 1.597521e+00 -0.995747 0.006232 0.029390 0.930881 0.024511 0.004733 0.995747 -0.006295 -0.029716 -0.930342 0.000000 
1.000195e-01 1.003097e-01 9.749821e-02 1.003779e-01 1.000000e-01 1.597521e+00 -0.995747 0.006232 0.029390 0.930881 0.024511 0.004733 0.995747 -0.006295 -0.029716 -0.930342 0.000000 
1.000195e-01 1.003097e-01 9.749821e-02 1.003779e-01 1.000000e-01 1.597521e+00 -0.995747 0.006232 0.029390 0.930881 0.024511 0.004733 0.995747 -0.006295 -0.029716 -0.930342 0.000000 
1.000195e-01 1.003097e-01 9.749821e-02 1.003779e-01 1.000000e-01 1.597521e+00 -0.995747 0.006232 0.029390 0.930881 0.024511 0.004733 0.995747 -0.006295 -0.029716 -0.930342 0.000000 
1.000195e-01 1.003097e-01 9.749821e-02 1.003779e-01 1.000000e-01 1.597521e+00 -0.995747 0.006232 0.029390 0.930881 0.024511 0.004733 0.995747 -0.006295 -0.029716 -0.930342 0.000000 
1.000195e-01 1.003097e-01 9.749821e-02 1.003779e-01 1.000000e-01 1.597521e+00 -0.995747 0.006232 0.029390 0.930881 0.024511 0.004733 0.995747 -0.006295 -0.029716 -0.930342 0.000000 
1.000195e-01 1.003097e-01 9.749821e-02 1.003779e-01 1.000000e-01 1.597521e+00 -0.995747 0.006232 0.029390 0.930881 0.024511 0.004733 0.995747 -0.006295 -0.029716 -0.930342 0.000000 
1.000195e-01 1.003097e-01 9.749821e-02 1.003779e-01 1.000000e-01 1.597521e+00 -0.995747 0.006232 0.029390 0.930881 0.024511 0.004733 0.995747 -0.006295 -0.029716 -0.930342 0.000000 
1.000195e-01 1.003097e-01 9.749821e-02 1.003779e-01 1.000000e-01 1.597521e+00 -0.995747 0.006232 0.029390 0.930881 0.024511 0.004733 0.995747 -0.006295 -0.029716 -0.930342 0.000000 
1.000195e-01 1.003097e-01 9.749821e-02 1.003779e-01 1.000000e-01 1.597521e+00 -0.995747 0.006232 0.029390 0.930881 0.024511 0.004733 0.995747 -0.006295 -0.029716 -0.930342 0.000000 
1.000195e-01 1.003097e-01 9.749821e-02 1.003779e-01 1.000000e-01 1.597521e+00 -0.995747 0.006232 0.029390 0.930881 0.024511 0.004733 0.995747 -0.006295 -0.029716 -0.930342 0.000000 
1.000195e-01 1.003097e-01 9.749821e-02 1.003779e-01 1.000000e-01 1.597521e+00 -0.995747 0.006232 0.029390 0.930881 0.024511 0.004733 0.995747 -0.006295 -0.029716 -0.930342 0.000000 
1.000195e-01 1.003097e-01 9.749821e-02 1.003779e-01 1.000000e-01 1.597521e+00 -0.995747 0.006232 0.029390 0.930881 0.024511 0.004733 0.995747 -0.006295 -0.029716 -0.930342 0.000000 
1.000195e-01 1.003097e-01 9.749821e-02 1.003779e-01 1.000000e-01 1.597521e+00 -0.995747 0.006232 0.029390 0.930881 0.024511 0.004733 0.995747 -0.006295 -0.029716 -0.930342 0.000000 
1.000195e-01 1.003097e-01 9.749821e-02 1.003779e-01 1.000000e-01 1.597521e+00 -0.995747 0.006232 0.029390 0.930881 0.024511 0.004733 0.995747 -0.006295 -0.029716 -0.930342 0.000000 
1.000195e-01 1.003097e-01 9.749821e-02 1.003779e-01 1.000000e-01 1.597521e+00 -0.995747 0.006232 0.029390 0.930881 0.024511 0.004733 0.995747 -0.006295 -0.029716 -0.930342 0.000000 
1.000195e-01 1.003097e-01 9.749821e-02 1.003779e-01 1.000000e-01 1.597521e+00 -0.995747 0.006232 0.029390 0.930881 0.024511 0.004733 0.995747 -0.006295 -0.029716 -0.930342 0.000000 
1.000195e-01 1.003097e-01 9.749821e-02 1.003779e-01 1.000000e-01 1.597521e+00 -0.995747 0.006232 0.029390 0.930881 0.024511 0.004733 0.995747 -0.006295 -0.029716 -0.930342 0.000000 
1.000195e-01 1.003097e-01 9.749821e-02 1.003779e-01 1.000000e-01 1.597521e+00 -0.995747 0.006232 0.029390 0.930881 0.024511 0.004733 0.995747 -0.006295 -0.029716 -0.930342 0.000000 
1.000195e-01 1.003097e-01 9.749821e-02 1.003779e-01 1.000000e-01 1.597521e+00 -0.995747 0.006232 0.029390 0.930881 0.024511 0.004733 0.995747 -0.006295 -0.029716 -0.930342 0.000000 
1.000195e-01 1.003097e-01 9.749821e-02 1.003779e-01 1.000000e-01 1.597521e+00 -0.995747 0.006232 0.029390 0.930881 0.024511 0.004733 0.995747 -0.006295 -0.029716 -0.930342 0.000000 
1.000195e-01 1.003097e-01 9.749821e-02 1.003779e-01 1.000000e-01 1.597521e+00 -0.995747 0.006232 0.029390 0.930881 0.024511 0.004733 0.995747 -0.006295 -0.029716 -0.930342 0.000000 
1.000195e-01 1.003097e-01 9.749821e-02 1.003779e-01 1.000000e-01 1.597521e+00 -0.995747 0.006232 0.029390 0.930881 0.024511 0.004733 0.995747 -0.006295 -0.029716 -0.930342 0.000000 
1.000195e-01 1.003097e-01 9.749821e-02 1.003779e-01 1.000000e-01 1.597521e+00 -0.995747 0.006232 0.029390 0.930881 0.024511 0.004733 0.995747 -0.006295 -0.029716 -0.930342 0.000000 
1.000195e-01 1.003097e-01 9.749821e-02 1.003779e-01 1.000000e-01 1.597521e+00 -0.995747 0.006232 0.029390 0.930881 0.024511 0.004733 0.995747 -0.006295 -0.029716 -0.930342 0.000000 
1.000195e-01 1.003097e-01 9.749821e-02 1.003779e-01 1.000000e-01 1.597521e+00 -0.995747 0.006232 0.029390 0.930881 0.024511 0.004733 0.995747 -0.006295 -0.029716 -0.930342 0.000000 
1.000195e-01 1.003097e-01 9.749821e-02 1.003779e-01 1.000000e-01 1.597521e+00 -0.995747 0.006232 0.029390 0.930881 0.024511 0.004733 0.995747 -0.006295 -0.029716 -0.930342 0.000000 
1.000195e-01 1.003097e-01 9.749821e-02 1.003779e-01 1.000000e-01 1.597521e+00 -0.995747 0.006232 0.029390 0.930881 0.024511 0.004733 0.995747 -0.006295 -0.029716 -0.930342 0.000000 
1.000195e-01 1.003097e-01 9.749821e-02 1.003779e-01 1.000000e-01 1.597521e+00 -0.995747 0.006232 0.029390 0.930881 0.024511 0.004733 0.995747 -0.006295 -0.029716 -0.930342 0.000000 
1.000195e-01 1.003097e-01 9.749821e-02 1.003779e-01 1.000000e-01 1.597521e+00 -0.995747 0.006232 0.029390 0.930881 0.024511 0.004733 0.995747 -0.006295 -0.029716 -0.930342 0.000000 
1.000195e-01 1.003097e-01 9.749821e-02 1.003779e-01 1.000000e-01 1.597521e+00 -0.995747 0.006232 0.029390 0.930881 0.024511 0.004733 0.995747 -0.006295 -0.029716 -0.930342 0.000000 
1.000195e-01 1.003097e-01 9.749821e-02 1.003779e-01 1.000000e-01 1.597521e+00 -0.995747 0.006232 0.029390 0.930881 0.024511 0.004733 0.995747 -0.006295 -0.029716 -0.930342 0.000000 
1.000195e-01 1.003097e-01 9.749821e-02 1.003779e-01 1.000000e-01 1.597521e+00 -0.995747 0.006232 0.029390 0.930881 0.024511 0.004733 0.995747 -0.006295 -0.029716 -0.930342 0.000000 
1.000195e-01 1.003097e-01 9.749821e-02 1.003779e-01 1.000000e-01 1.597521e+00 -0.995747 0.006232 0.029390 0.930881 0.024511 0.004733 0.995747 -0.006295 -0.029716 -0.930342 0.000000 
1.000195e-01 1.003097e-01 9.749821e-02 1.003779e-01 1.000000e-01 1.597521e+00 -0.995747 0.006232 0.029390 0.930881 0.024511 0.004733 0.995747 -0.006295 -0.029716 -0.930342 0.000000 
1.000195e-01 1.003097e-01 9.749821e-02 1.003779e-01 1.000000e-01 1.597521e+00 -0.995747 0.006232 0.029390 0.930881 0.024511 0.004733 0.995747 -0.006295 -0.029716 -0.930342 0.000000 
1.000195e-01 1.003097e-01 9.749821e-02 1.003779e-01 1.000000e-01 1.597521e+00 -0.995747 0.006232 0.029390 0.930881 0.024511 0.004733 0.995747 -0.006295 -0.029716 -0.930342 0.000000 
1.000195e-01 1.003097e-01 9.749821e-02 1.003779e-01 1.000000e-01 1.597521e+00 -0.995747 0.006232 0.029390 0.930881 0.024511 0.004733 0.995747 -0.006295 -0.029716 -0.930342 0.000000 
1.000195e-01 1.003097e-01 9.749821e-02 1.003779e-01 1.000000e-01 1.597521e+00 -0.995747 0.006232 0.029390 0.930881 0.024511 0.004733 0.995747 -0.006295 -0.029716 -0.930342 0.000000 
1.000195e-01 1.003097e-01 9.749821e-02 1.003779e-01 1.000000e-01 1.597521e+00 -0.995747 0.006232 0.029390 0.930881 0.024511 0.004733 0.995747 -0.006295 -0.029716 -0.930342 0.000000 
1.000195e-01 1.003097e-01 9.749821e-02 1.003779e-01 1.000000e-01 1.597521e+00 -0.995747 0.006232 0.029390 0.930881 0.024511 0.004733 0.995747 -0.006295 -0.029716 -0.930342 0.000000 
1.000195e-01 1.003097e-01 9.749821e-02 1.003779e-01 1.000000e-01 1.597521e+00 -0.995747 0.006232 0.029390 0.930881 0.024511 0.004733 0.995747 -0.006295 -0.029716 -0.930342 0.000000 
1.000195e-01 1.003097e-01 9.749821e-02 1.003779e-01 1.000000e-01 1.597521e+00 -0.995747 0.006232 0.029390 0.930881 0.024511 0.004733 0.995747 -0.006295 -0.029716 -0.930342 0.000000 
1.000195e-01 1.003097e-01 9.749821e-02 1.003779e-01 1.000000e-01 1.597521e+00 -0.995747 0.006232 0.029390 0.930881 0.024511 0.004733 0.995747 -0.006295 -0.029716 -0.930342 0.000000 
1.000195e-01 1.003097e-01 9.749821e-02 1.003779e-01 1.000000e-01 1.597521e+00 -0.995747 0.006232 0.029390 0.930881 0.024511 0.004733 0.995747 -0.006295 -0.029716 -0.930342 0.000000 
1.000195e-01 1.003097e-01 9.749821e-02 1.003779e-01 1.000000e-01 1.597521e+00 -0.995747 0.006232 0.029390 0.930881 0.024511 0.004733 0.995747 -0.006295 -0.029716 -0.930342 0.000000 
1.000195e-01 1.003097e-01 9.749821e-02 1.003779e-01 1.000000e-01 1.597521e+00 -0.995747 0.006232 0.029390 0.930881 0.024511 0.004733 0.995747 -0.006295 -0.029716 -0.930342 0.000000 
1.000195e-01 1.003097e-01 9.749821e-02 1.003779e-01 1.000000e-01 1.597521e+00 -0.995747 0.006232 0.029390 0.930881 0.024511 0.004733 0.995747 -0.006295 -0.029716 -0.930342 0.000000 
1.000195e-01 1.003097e-01 9.749821e-02 1.003779e-01 1.000000e-01 1.597521e+00 -0.995747 0.006232 0.029390 0.930881 0.024511 0.004733 0.995747 -0.006295 -0.029716 -0.930342 0.000000 
1.000195e-01 1.003097e-01 9.749821e-02 1.003779e-01 1.000000e-01 1.597521e+00 -0.995747 0.006232 0.029390 0.930881 0.024511 0.004733 0.995747 -0.006295 -0.029716 -0.930342 0.000000 
1.000195e-01 1.003097e-01 9.749821e-02 1.003779e-01 1.000000e-01 1.597521e+00 -0.995747 0.006232 0.029390 0.930881 0.024511 0.004733 0.995747 -0.006295 -0.029716 -0.930342 0.000000 
1.000195e-01 1.003097e-01 9.749821e-02 1.003779e-01 1.000000e-01 1.597521e+00 -0.995747 0.006232 0.029390 0.930881 0.024511 0.004733 0.995747 -0.006295 -0.029716 -0.930342 0.000000 
1.000195e-01 1.003097e-01 9.749821e-02 1.003779e-01 1.000000e-01 1.597521e+00 -0.995747 0.006232 0.029390 0.930881 0.024511 0.004733 0.995747 -0.006295 -0.029716 -0.930342 0.000000 
1.000195e-01 1.003097e-01 9.749821e-02 1.003779e-01 1.000000e-01 1.597521e+00 -0.995747 0.006232 0.029390 0.930881 0.024511 0.004733 0.995747 -0.006295 -0.029716 -0.930342 0.000000 
1.000195e-01 1.003097e-01 9.749821e-02 1.003779e-01 1.000000e-01 1.597521e+00 -0.995747 0.006232 0.029390 0.930881 0.024511 0.004733 0.995747 -0.006295 -0.029716 -0.930342 0.000000 
