# TeX TeY TeZ ThX ThY THZ P1 P2
1.250000e-01 1.000000e-01 7.700000e-01 1.250000e-01 1.000000e-01 7.700000e-01 0.000000 0.000000 0.000000 0.000000 0.000000 0.000000 0.000000 0.000000 0.000000 0.000000 0.000000 
1.250000e-01 1.000000e-01 7.582248e-01 1.250000e-01 1.000000e-01 7.785272e-01 -0.013413 0.001721 0.003444 0.003447 0.003466 0.001336 0.013413 -0.001722 -0.003444 -0.003447 0.000000 
1.250000e-01 1.000000e-01 7.464084e-01 1.250000e-01 1.000000e-01 7.870415e-01 -0.026845 0.003445 0.006892 0.006899 0.006936 0.002673 0.026845 -0.003445 -0.006892 -0.006899 0.000000 
1.250000e-01 1.000000e-01 7.345510e-01 1.250000e-01 1.000000e-01 7.955430e-01 -0.040296 0.005172 0.010345 0.010355 0.010412 0.004012 0.040296 -0.005172 -0.010345 -0.010355 0.000000 
1.250000e-01 9.999999e-02 7.226530e-01 1.250000e-01 1.000000e-01 8.040313e-01 -0.053765 0.006900 0.013803 0.013816 0.013892 0.005354 0.053765 -0.006900 -0.013803 -0.013816 0.000000 
1.250000e-01 9.999999e-02 7.107149e-01 1.250000e-01 1.000000e-01 8.125065e-01 -0.067252 0.008631 0.017265 0.017282 0.017377 0.006697 0.067252 -0.008631 -0.017266 -0.017282 0.000000 
1.250000e-01 9.999999e-02 6.987368e-01 1.250000e-01 1.000000e-01 8.209683e-01 -0.080756 0.010364 0.020732 0.020752 0.020866 0.008041 0.080756 -0.010364 -0.020733 -0.020752 0.000000 
1.250000e-01 9.999999e-02 6.867192e-01 1.250000e-01 1.000000e-01 8.294167e-01 -0.094277 0.012099 0.024204 0.024227 0.024360 0.009388 0.094277 -0.012100 -0.024204 -0.024227 0.000000 
1.250000e-01 9.999998e-02 6.746625e-01 1.250000e-01 1.000000e-01 8.378515e-01 -0.107816 0.013837 0.027679 0.027706 0.027858 0.010736 0.107816 -0.013837 -0.027680 -0.027706 0.000000 
1.250000e-01 9.999998e-02 6.625668e-01 1.250000e-01 1.000000e-01 8.462727e-01 -0.121371 0.015577 0.031159 0.031189 0.031360 0.012085 0.121371 -0.015577 -0.031160 -0.031189 0.000000 
1.250000e-01 9.999997e-02 6.504326e-01 1.250000e-01 1.000000e-01 8.546800e-01 -0.134942 0.017318 0.034643 0.034676 0.034867 0.013437 0.134942 -0.017319 -0.034644 -0.034676 0.000000 
1.250000e-01 9.999996e-02 6.382603e-01 1.250000e-01 1.000000e-01 8.630733e-01 -0.148529 0.019062 0.038132 0.038168 0.038378 0.014790 0.148529 -0.019063 -0.038132 -0.038168 0.000000 
1.250000e-01 9.999995e-02 6.260500e-01 1.250000e-01 1.000000e-01 8.714526e-01 -0.162132 0.020808 0.041624 0.041664 0.041893 0.016144 0.162132 -0.020808 -0.041625 -0.041663 0.000000 
1.250000e-01 9.999994e-02 6.138022e-01 1.250000e-01 1.000000e-01 8.798176e-01 -0.175751 0.022556 0.045120 0.045163 0.045412 0.017500 0.175751 -0.022556 -0.045121 -0.045163 0.000000 
1.250000e-01 9.999993e-02 6.015172e-01 1.250000e-01 1.000000e-01 8.881682e-01 -0.189384 0.024305 0.048620 0.048667 0.048935 0.018858 0.189384 -0.024306 -0.048621 -0.048666 0.000000 
1.250000e-01 9.999991e-02 5.891952e-01 1.250000e-01 1.000000e-01 8.965044e-01 -0.203033 0.026057 0.052124 0.052174 0.052461 0.020217 0.203033 -0.026058 -0.052125 -0.052174 0.000000 
1.250000e-01 9.999990e-02 5.768366e-01 1.250000e-01 1.000000e-01 9.048258e-01 -0.216695 0.027810 0.055631 0.055685 0.055992 0.021578 0.216696 -0.027811 -0.055633 -0.055685 0.000000 
1.250000e-01 9.999987e-02 5.644418e-01 1.250000e-01 1.000000e-01 9.131325e-01 -0.230372 0.029565 0.059143 0.059199 0.059526 0.022940 0.230373 -0.029567 -0.059144 -0.059199 0.000000 
1.250000e-01 9.999984e-02 5.520109e-01 1.250000e-01 1.000000e-01 9.214242e-01 -0.244063 0.031322 0.062657 0.062718 0.063064 0.024303 0.244064 -0.031324 -0.062659 -0.062718 0.000000 
1.250000e-01 9.999981e-02 5.395443e-01 1.250000e-01 1.000000e-01 9.297008e-01 -0.257768 0.033081 0.066175 0.066239 0.066605 0.025668 0.257768 -0.033082 -0.066178 -0.066239 0.000000 
1.250000e-01 9.999977e-02 5.270423e-01 1.250000e-01 1.000000e-01 9.379621e-01 -0.271486 0.034841 0.069697 0.069765 0.070150 0.027034 0.271486 -0.034843 -0.069700 -0.069765 0.000000 
1.250000e-01 9.999972e-02 5.145051e-01 1.250000e-01 1.000000e-01 9.462081e-01 -0.285217 0.036603 0.073222 0.073293 0.073698 0.028401 0.285217 -0.036605 -0.073225 -0.073293 0.000000 
1.250000e-01 9.999966e-02 5.019332e-01 1.250000e-01 1.000000e-01 9.544385e-01 -0.298961 0.038367 0.076750 0.076825 0.077250 0.029770 0.298961 -0.038369 -0.076753 -0.076825 0.000000 
1.250000e-01 9.999959e-02 4.893267e-01 1.250000e-01 1.000000e-01 9.626531e-01 -0.312717 0.040132 0.080281 0.080360 0.080805 0.031140 0.312717 -0.040134 -0.080285 -0.080361 0.000000 
1.250000e-01 9.999950e-02 4.766860e-01 1.250000e-01 1.000000e-01 9.708519e-01 -0.326485 0.041898 0.083815 0.083898 0.084363 0.032511 0.326485 -0.041901 -0.083820 -0.083899 0.000000 
1.250000e-01 9.999939e-02 4.640113e-01 1.250000e-01 1.000000e-01 9.790347e-01 -0.340265 0.043666 0.087352 0.087439 0.087924 0.033884 0.340265 -0.043669 -0.087358 -0.087441 0.000000 
1.250000e-01 9.999925e-02 4.513029e-01 1.250000e-01 1.000000e-01 9.872012e-01 -0.354057 0.045436 0.090892 0.090983 0.091489 0.035258 0.354057 -0.045438 -0.090899 -0.090987 0.000000 
1.250000e-01 9.999909e-02 4.385610e-01 1.250000e-01 1.000000e-01 9.953514e-01 -0.367859 0.047207 0.094435 0.094530 0.095056 0.036633 0.367860 -0.047209 -0.094442 -0.094536 0.000000 
1.250000e-01 9.999889e-02 4.257861e-01 1.250000e-01 1.000000e-01 1.003485e+00 -0.381673 0.048979 0.097980 0.098080 0.098626 0.038009 0.381673 -0.048980 -0.097989 -0.098089 0.000000 
1.250000e-01 9.999865e-02 4.129782e-01 1.250000e-01 1.000000e-01 1.011602e+00 -0.395498 0.050752 0.101528 0.101633 0.102200 0.039386 0.395498 -0.050752 -0.101538 -0.101647 0.000000 
1.250000e-01 9.999836e-02 4.001377e-01 1.250000e-01 1.000000e-01 1.019702e+00 -0.409333 0.052527 0.105079 0.105188 0.105776 0.040764 0.409333 -0.052523 -0.105091 -0.105210 0.000000 
1.250000e-01 9.999800e-02 3.872649e-01 1.250000e-01 1.000000e-01 1.027785e+00 -0.423178 0.054303 0.108632 0.108746 0.109355 0.042144 0.423178 -0.054294 -0.108646 -0.108779 0.000000 
1.250000e-01 9.999756e-02 3.743600e-01 1.250000e-01 1.000000e-01 1.035850e+00 -0.437033 0.056080 0.112187 0.112306 0.112937 0.043524 0.437033 -0.056064 -0.112203 -0.112357 0.000000 
1.250000e-01 9.999702e-02 3.614232e-01 1.250000e-01 1.000000e-01 1.043899e+00 -0.450897 0.057857 0.115744 0.115869 0.116521 0.044906 0.450897 -0.057829 -0.115764 -0.115947 0.000000 
1.250000e-01 9.999636e-02 3.484548e-01 1.250000e-01 1.000000e-01 1.051929e+00 -0.464771 0.059636 0.119304 0.119434 0.120108 0.046289 0.464771 -0.059589 -0.119327 -0.119554 0.000000 
1.250000e-01 9.999556e-02 3.354552e-01 1.250000e-01 1.000000e-01 1.059942e+00 -0.478653 0.061416 0.122865 0.123002 0.123698 0.047672 0.478653 -0.061340 -0.122894 -0.123183 0.000000 
1.250000e-01 9.999457e-02 3.224244e-01 1.250000e-01 1.000000e-01 1.067937e+00 -0.492544 0.063197 0.126429 0.126572 0.127290 0.049057 0.492545 -0.063074 -0.126464 -0.126849 0.000000 
1.250000e-01 9.999336e-02 3.093627e-01 1.250000e-01 1.000000e-01 1.075914e+00 -0.506444 0.064978 0.129994 0.130144 0.130885 0.050443 0.506444 -0.064786 -0.130039 -0.130566 0.000000 
1.250000e-01 9.999189e-02 2.962705e-01 1.250000e-01 1.000000e-01 1.083872e+00 -0.520352 0.066761 0.133561 0.133718 0.134483 0.051830 0.520352 -0.066459 -0.133618 -0.134362 0.000000 
1.250000e-01 9.999008e-02 2.831479e-01 1.250000e-01 1.000000e-01 1.091811e+00 -0.534267 0.068544 0.137129 0.137294 0.138083 0.053218 0.534267 -0.068075 -0.137204 -0.138279 0.000000 
1.250000e-01 9.998786e-02 2.699951e-01 1.250000e-01 1.000000e-01 1.099732e+00 -0.548190 0.070327 0.140699 0.140872 0.141686 0.054607 0.548190 -0.069605 -0.140797 -0.142373 0.000000 
1.250000e-01 9.998516e-02 2.568123e-01 1.250000e-01 1.000000e-01 1.107634e+00 -0.562121 0.072111 0.144270 0.144452 0.145291 0.055997 0.562121 -0.070995 -0.144402 -0.146757 0.000000 
1.250000e-01 9.998186e-02 2.435999e-01 1.250000e-01 1.000000e-01 1.115517e+00 -0.576058 0.073895 0.147842 0.148034 0.148899 0.057389 0.576058 -0.072180 -0.148018 -0.151567 0.000000 
1.250000e-01 9.997785e-02 2.303579e-01 1.250000e-01 1.000000e-01 1.123380e+00 -0.590003 0.075680 0.151415 0.151618 0.152510 0.058781 0.590003 -0.073052 -0.151647 -0.157034 0.000000 
1.250000e-01 9.997301e-02 2.170865e-01 1.250000e-01 1.000000e-01 1.131224e+00 -0.603954 0.077464 0.154988 0.155204 0.156124 0.060175 0.603954 -0.073432 -0.155280 -0.163564 0.000000 
1.250000e-01 9.996722e-02 2.037859e-01 1.250000e-01 1.000000e-01 1.139047e+00 -0.617912 0.079249 0.158563 0.158791 0.159740 0.061570 0.617912 -0.073096 -0.158888 -0.171702 0.000000 
1.250000e-01 9.996040e-02 1.904562e-01 1.250000e-01 1.000000e-01 1.146851e+00 -0.631877 0.081034 0.162138 0.162380 0.163360 0.062966 0.631877 -0.071684 -0.162386 -0.182400 0.000000 
1.250000e-01 9.995255e-02 1.770974e-01 1.250000e-01 1.000000e-01 1.154634e+00 -0.645849 0.082819 0.165713 0.165972 0.166982 0.064364 0.645849 -0.068645 -0.165527 -0.197357 0.000000 
1.250000e-01 9.994396e-02 1.637092e-01 1.249999e-01 1.000000e-01 1.162397e+00 -0.659829 0.084604 0.169289 0.169565 0.170609 0.065763 0.659830 -0.063343 -0.167719 -0.219142 0.000000 
1.250000e-01 9.993590e-02 1.502907e-01 1.249999e-01 1.000000e-01 1.170139e+00 -0.673821 0.086389 0.172867 0.173162 0.174240 0.067165 0.673822 -0.054909 -0.167495 -0.252562 0.000000 
1.250000e-01 9.993368e-02 1.368360e-01 1.249999e-01 1.000000e-01 1.177860e+00 -0.687843 0.088176 0.176450 0.176766 0.177882 0.068570 0.687844 -0.042238 -0.160871 -0.307747 0.000000 
1.250000e-01 9.995995e-02 1.233168e-01 1.249999e-01 1.000000e-01 1.185560e+00 -0.701986 0.089978 0.180062 0.180401 0.181556 0.069989 0.701986 -0.024507 -0.138558 -0.403666 0.000000 
1.250000e-01 1.000948e-01 1.096085e-01 1.249999e-01 1.000000e-01 1.193238e+00 -0.716655 0.091845 0.183807 0.184172 0.185370 0.071462 0.716655 -0.000411 -0.077809 -0.582549 0.000000 
1.250000e-01 1.003090e-01 9.749761e-02 1.249999e-01 1.000000e-01 1.200894e+00 -0.731345 0.093713 0.187555 0.187949 0.189192 0.072938 0.731346 0.027641 0.038172 -0.862414 0.000000 
1.250000e-01 1.003090e-01 9.749761e-02 1.249999e-01 1.000000e-01 1.208529e+00 -0.736389 0.094341 0.188822 0.189247 0.190525 0.073456 0.736390 0.026994 0.036877 -0.863711 0.000000 
1.250000e-01 1.003090e-01 9.749761e-02 1.249999e-01 1.000000e-01 1.216141e+00 -0.741419 0.094964 0.190083 0.190542 0.191858 0.073974 0.741419 0.026348 0.035586 -0.865003 0.000000 
1.250000e-01 1.003090e-01 9.749761e-02 1.249998e-01 1.000000e-01 1.223731e+00 -0.746433 0.095583 0.191336 0.191833 0.193191 0.074492 0.746433 0.025705 0.034298 -0.866292 0.000000 
1.250000e-01 1.003090e-01 9.749761e-02 1.249998e-01 1.000000e-01 1.231298e+00 -0.751432 0.096196 0.192581 0.193120 0.194525 0.075012 0.751433 0.025063 0.033015 -0.867576 0.000000 
1.250000e-01 1.003090e-01 9.749761e-02 1.249998e-01 1.000000e-01 1.238842e+00 -0.756416 0.096804 0.193817 0.194404 0.195860 0.075533 0.756417 0.024424 0.031735 -0.868857 0.000000 
1.250000e-01 1.003090e-01 9.749761e-02 1.249998e-01 1.000000e-01 1.246362e+00 -0.761385 0.097406 0.195043 0.195685 0.197198 0.076055 0.761385 0.023786 0.030460 -0.870134 0.000000 
1.250000e-01 1.003090e-01 9.749761e-02 1.249997e-01 1.000000e-01 1.253859e+00 -0.766338 0.098001 0.196260 0.196962 0.198538 0.076579 0.766338 0.023150 0.029188 -0.871407 0.000000 
1.250000e-01 1.003090e-01 9.749761e-02 1.249997e-01 1.000000e-01 1.261332e+00 -0.771275 0.098589 0.197465 0.198236 0.199881 0.077105 0.771276 0.022516 0.027920 -0.872675 0.000000 
1.250000e-01 1.003090e-01 9.749761e-02 1.249996e-01 1.000000e-01 1.268781e+00 -0.776197 0.099170 0.198659 0.199506 0.201229 0.077634 0.776197 0.021885 0.026657 -0.873940 0.000000 
1.250000e-01 1.003090e-01 9.749761e-02 1.249996e-01 1.000000e-01 1.276206e+00 -0.781102 0.099742 0.199840 0.200773 0.202582 0.078166 0.781102 0.021255 0.025398 -0.875200 0.000000 
1.250000e-01 1.003090e-01 9.749761e-02 1.249995e-01 1.000000e-01 1.283605e+00 -0.785990 0.100304 0.201007 0.202037 0.203941 0.078702 0.785991 0.020628 0.024143 -0.876457 0.000000 
1.250000e-01 1.003090e-01 9.749761e-02 1.249995e-01 1.000000e-01 1.290980e+00 -0.790863 0.100857 0.202159 0.203298 0.205308 0.079242 0.790863 0.020003 0.022892 -0.877709 0.000000 
1.250000e-01 1.003090e-01 9.749761e-02 1.249994e-01 1.000000e-01 1.298329e+00 -0.795718 0.101398 0.203294 0.204556 0.206684 0.079787 0.795718 0.019379 0.021645 -0.878956 0.000000 
1.250000e-01 1.003090e-01 9.749761e-02 1.249993e-01 1.000000e-01 1.305653e+00 -0.800557 0.101927 0.204413 0.205812 0.208069 0.080337 0.800557 0.018758 0.020403 -0.880200 0.000000 
1.250000e-01 1.003090e-01 9.749761e-02 1.249992e-01 1.000000e-01 1.312950e+00 -0.805378 0.102441 0.205511 0.207066 0.209467 0.080894 0.805378 0.018140 0.019165 -0.881439 0.000000 
1.250000e-01 1.003090e-01 9.749761e-02 1.249991e-01 1.000000e-01 1.320222e+00 -0.810182 0.102942 0.206589 0.208317 0.210877 0.081457 0.810182 0.017523 0.017932 -0.882673 0.000000 
1.250000e-01 1.003090e-01 9.749761e-02 1.249990e-01 1.000000e-01 1.327466e+00 -0.814968 0.103425 0.207642 0.209567 0.212306 0.082030 0.814968 0.016909 0.016703 -0.883903 0.000000 
1.250000e-01 1.003090e-01 9.749761e-02 1.249988e-01 1.000000e-01 1.334684e+00 -0.819737 0.103890 0.208672 0.210817 0.213749 0.082610 0.819737 0.016297 0.015479 -0.885129 0.000000 
1.250000e-01 1.003090e-01 9.749761e-02 1.249987e-01 1.000000e-01 1.341874e+00 -0.824487 0.104333 0.209671 0.212066 0.215216 0.083202 0.824487 0.015687 0.014259 -0.886349 0.000000 
1.250000e-01 1.003090e-01 9.749761e-02 1.249985e-01 1.000000e-01 1.349037e+00 -0.829219 0.104755 0.210642 0.213316 0.216704 0.083804 0.829220 0.015080 0.013044 -0.887565 0.000000 
1.250000e-01 1.003090e-01 9.749761e-02 1.249983e-01 1.000000e-01 1.356172e+00 -0.833933 0.105151 0.211578 0.214567 0.218219 0.084418 0.833933 0.014475 0.011834 -0.888777 0.000000 
1.250000e-01 1.003090e-01 9.749761e-02 1.249980e-01 1.000000e-01 1.363278e+00 -0.838628 0.105518 0.212478 0.215822 0.219764 0.085047 0.838628 0.013872 0.010629 -0.889983 0.000000 
1.250000e-01 1.003090e-01 9.749761e-02 1.249978e-01 1.000000e-01 1.370356e+00 -0.843304 0.105855 0.213339 0.217081 0.221340 0.085690 0.843304 0.013272 0.009428 -0.891185 0.000000 
1.250000e-01 1.003090e-01 9.749761e-02 1.249975e-01 1.000000e-01 1.377405e+00 -0.847960 0.106154 0.214151 0.218347 0.222958 0.086351 0.847961 0.012674 0.008233 -0.892381 0.000000 
1.250000e-01 1.003090e-01 9.749761e-02 1.249971e-01 1.000000e-01 1.384424e+00 -0.852598 0.106416 0.214919 0.219622 0.224613 0.087028 0.852598 0.012079 0.007042 -0.893573 0.000000 
1.250000e-01 1.003090e-01 9.749761e-02 1.249967e-01 1.000000e-01 1.391413e+00 -0.857215 0.106632 0.215629 0.220910 0.226319 0.087727 0.857215 0.011487 0.005857 -0.894760 0.000000 
1.250000e-01 1.003090e-01 9.749761e-02 1.249963e-01 1.000000e-01 1.398372e+00 -0.861813 0.106799 0.216280 0.222213 0.228076 0.088445 0.861813 0.010897 0.004676 -0.895941 0.000000 
1.250000e-01 1.003090e-01 9.749761e-02 1.249958e-01 1.000000e-01 1.405301e+00 -0.866390 0.106913 0.216869 0.223536 0.229888 0.089184 0.866390 0.010309 0.003501 -0.897117 0.000000 
1.250000e-01 1.003090e-01 9.749761e-02 1.249952e-01 1.000000e-01 1.412198e+00 -0.870947 0.106959 0.217379 0.224887 0.231773 0.089949 0.870947 0.009724 0.002331 -0.898288 0.000000 
1.250000e-01 1.003090e-01 9.749761e-02 1.249945e-01 1.000000e-01 1.419065e+00 -0.875483 0.106940 0.217814 0.226269 0.233725 0.090736 0.875483 0.009142 0.001167 -0.899454 0.000000 
1.250000e-01 1.003090e-01 9.749761e-02 1.249937e-01 1.000000e-01 1.425899e+00 -0.879998 0.106840 0.218157 0.227693 0.235759 0.091549 0.879998 0.008563 0.000008 -0.900614 0.000000 
1.250000e-01 1.003090e-01 9.749761e-02 1.249929e-01 1.000000e-01 1.432701e+00 -0.884492 0.106649 0.218399 0.229170 0.237887 0.092387 0.884492 0.007986 -0.001146 -0.901769 0.000000 
1.250000e-01 1.003090e-01 9.749761e-02 1.249919e-01 1.000000e-01 1.439471e+00 -0.888964 0.106365 0.218538 0.230707 0.240108 0.093246 0.888964 0.007412 -0.002294 -0.902918 0.000000 
1.250000e-01 1.003090e-01 9.749761e-02 1.249908e-01 1.000000e-01 1.446207e+00 -0.893414 0.105961 0.218546 0.232328 0.242449 0.094129 0.893414 0.006841 -0.003437 -0.904062 0.000000 
1.250000e-01 1.003090e-01 9.749761e-02 1.249895e-01 1.000000e-01 1.452910e+00 -0.897842 0.105432 0.218418 0.234048 0.244914 0.095031 0.897842 0.006272 -0.004574 -0.905200 0.000000 
1.250000e-01 1.003090e-01 9.749761e-02 1.249881e-01 1.000000e-01 1.459579e+00 -0.902248 0.104769 0.218144 0.235880 0.247509 0.095945 0.902248 0.005707 -0.005705 -0.906332 0.000000 
1.250000e-01 1.003090e-01 9.749761e-02 1.249864e-01 1.000000e-01 1.466214e+00 -0.906631 0.103934 0.217683 0.237875 0.250274 0.096866 0.906631 0.005144 -0.006830 -0.907458 0.000000 
1.250000e-01 1.003090e-01 9.749761e-02 1.249845e-01 1.000000e-01 1.472814e+00 -0.910991 0.102921 0.217025 0.240051 0.253212 0.097783 0.910991 0.004585 -0.007949 -0.908578 0.000000 
1.250000e-01 1.003090e-01 9.749761e-02 1.249824e-01 1.000000e-01 1.479379e+00 -0.915328 0.101718 0.216155 0.242438 0.256335 0.098682 0.915328 0.004028 -0.009063 -0.909693 0.000000 
1.250000e-01 1.003090e-01 9.749761e-02 1.249800e-01 1.000000e-01 1.485908e+00 -0.919641 0.100278 0.215011 0.245117 0.259695 0.099540 0.919641 0.003475 -0.010170 -0.910801 0.000000 
1.250000e-01 1.003090e-01 9.749761e-02 1.249772e-01 1.000000e-01 1.492400e+00 -0.923930 0.098582 0.213560 0.248141 0.263314 0.100332 0.923930 0.002924 -0.011271 -0.911904 0.000000 
1.250000e-01 1.003090e-01 9.749761e-02 1.249741e-01 1.000000e-01 1.498856e+00 -0.928196 0.096622 0.211778 0.251557 0.267209 0.101030 0.928196 0.002377 -0.012366 -0.913000 0.000000 
1.250000e-01 1.003090e-01 9.749761e-02 1.249706e-01 1.000000e-01 1.505274e+00 -0.932436 0.094360 0.209594 0.255464 0.271429 0.101589 0.932436 0.001833 -0.013455 -0.914089 0.000000 
1.250000e-01 1.003090e-01 9.749761e-02 1.249666e-01 1.000000e-01 1.511652e+00 -0.936650 0.091728 0.206879 0.260043 0.276071 0.101929 0.936650 0.001292 -0.014537 -0.915172 0.000000 
1.250000e-01 1.003090e-01 9.749761e-02 1.249621e-01 1.000000e-01 1.517990e+00 -0.940837 0.088744 0.203612 0.265340 0.281136 0.102006 0.940838 0.000754 -0.015612 -0.916248 0.000000 
1.250000e-01 1.003090e-01 9.749761e-02 1.249570e-01 1.000000e-01 1.524287e+00 -0.944999 0.085380 0.199692 0.271497 0.286690 0.101739 0.944999 0.000220 -0.016680 -0.917318 0.000000 
1.250000e-01 1.003090e-01 9.749761e-02 1.249513e-01 1.000000e-01 1.530543e+00 -0.949133 0.081579 0.194929 0.278781 0.292853 0.100991 0.949133 -0.000310 -0.017742 -0.918380 0.000000 
1.250000e-01 1.003090e-01 9.749761e-02 1.249449e-01 1.000000e-01 1.536757e+00 -0.953240 0.077302 0.189127 0.287467 0.299736 0.099608 0.953240 -0.000837 -0.018796 -0.919435 0.000000 
1.250000e-01 1.003090e-01 9.749761e-02 1.249376e-01 1.000000e-01 1.542929e+00 -0.957318 0.072575 0.182188 0.297703 0.307361 0.097491 0.957318 -0.001361 -0.019843 -0.920483 0.000000 
1.250000e-01 1.003090e-01 9.749761e-02 1.249291e-01 1.000000e-01 1.549057e+00 -0.961365 0.067388 0.173914 0.309782 0.315798 0.094483 0.961365 -0.001880 -0.020882 -0.921523 0.000000 
1.250000e-01 1.003090e-01 9.749761e-02 1.249185e-01 1.000000e-01 1.555139e+00 -0.965379 0.061733 0.164057 0.324093 0.325104 0.090393 0.965379 -0.002395 -0.021913 -0.922555 0.000000 
1.250000e-01 1.003090e-01 9.749761e-02 1.249040e-01 1.000000e-01 1.561172e+00 -0.969350 0.055579 0.152174 0.341378 0.335320 0.084899 0.969350 -0.002905 -0.022932 -0.923575 0.000000 
1.250000e-01 1.003090e-01 9.749761e-02 1.248813e-01 1.000000e-01 1.567149e+00 -0.973263 0.049044 0.138349 0.361774 0.346057 0.078038 0.973263 -0.003407 -0.023937 -0.924581 0.000000 
1.250000e-01 1.003090e-01 9.749761e-02 1.248409e-01 1.000000e-01 1.573057e+00 -0.977088 0.042225 0.122598 0.385793 0.356669 0.069802 0.977088 -0.003898 -0.024919 -0.925564 0.000000 
1.250000e-01 1.003090e-01 9.749761e-02 1.247595e-01 1.000000e-01 1.578866e+00 -0.980762 0.035304 0.105257 0.414102 0.365723 0.060376 0.980762 -0.004370 -0.025862 -0.926508 0.000000 
1.250000e-01 1.003090e-01 9.749761e-02 1.245746e-01 1.000000e-01 1.584508e+00 -0.984164 0.028606 0.087249 0.448015 0.370012 0.050283 0.984165 -0.004806 -0.026736 -0.927382 0.000000 
1.250000e-01 1.003090e-01 9.749761e-02 1.240965e-01 1.000000e-01 1.589823e+00 -0.987091 0.022669 0.070383 0.491970 0.361580 0.040489 0.987091 -0.005182 -0.027487 -0.928134 0.000000 
1.250000e-01 1.003090e-01 9.749761e-02 1.227072e-01 1.000000e-01 1.594500e+00 -0.989437 0.017871 0.056324 0.566972 0.316666 0.031604 0.989437 -0.005483 -0.028089 -0.928737 0.000000 
1.250000e-01 1.003090e-01 9.749761e-02 1.206607e-01 1.000000e-01 1.597501e+00 -0.991903 0.012764 0.040894 0.706051 0.210522 0.021671 0.991903 -0.005800 -0.028722 -0.929371 0.000000 
1.250000e-01 1.003090e-01 9.749761e-02 1.206607e-01 1.000000e-01 1.597501e+00 -0.991903 0.012764 0.040894 0.706051 0.210522 0.021671 0.991903 -0.005800 -0.028722 -0.929371 0.000000 
1.250000e-01 1.003090e-01 9.749761e-02 1.206607e-01 1.000000e-01 1.597501e+00 -0.991903 0.012764 0.040894 0.706051 0.210522 0.021671 0.991903 -0.005800 -0.028722 -0.929371 0.000000 
1.250000e-01 1.003090e-01 9.749761e-02 1.206607e-01 1.000000e-01 1.597501e+00 -0.991903 0.012764 0.040894 0.706051 0.210522 0.021671 0.991903 -0.005800 -0.028722 -0.929371 0.000000 
1.250000e-01 1.003090e-01 9.749761e-02 1.206607e-01 1.000000e-01 1.597501e+00 -0.991903 0.012764 0.040894 0.706051 0.210522 0.021671 0.991903 -0.005800 -0.028722 -0.929371 0.000000 
1.250000e-01 1.003090e-01 9.749761e-02 1.206607e-01 1.000000e-01 1.597501e+00 -0.991903 0.012764 0.040894 0.706051 0.210522 0.021671 0.991903 -0.005800 -0.028722 -0.929371 0.000000 
1.250000e-01 1.003090e-01 9.749761e-02 1.206607e-01 1.000000e-01 1.597501e+00 -0.991903 0.012764 0.040894 0.706051 0.210522 0.021671 0.991903 -0.005800 -0.028722 -0.929371 0.000000 
1.250000e-01 1.003090e-01 9.749761e-02 1.206607e-01 1.000000e-01 1.597501e+00 -0.991903 0.012764 0.040894 0.706051 0.210522 0.021671 0.991903 -0.005800 -0.028722 -0.929371 0.000000 
1.250000e-01 1.003090e-01 9.749761e-02 1.206607e-01 1.000000e-01 1.597501e+00 -0.991903 0.012764 0.040894 0.706051 0.210522 0.021671 0.991903 -0.005800 -0.028722 -0.929371 0.000000 
1.250000e-01 1.003090e-01 9.749761e-02 1.206607e-01 1.000000e-01 1.597501e+00 -0.991903 0.012764 0.040894 0.706051 0.210522 0.021671 0.991903 -0.005800 -0.028722 -0.929371 0.000000 
1.250000e-01 1.003090e-01 9.749761e-02 1.206607e-01 1.000000e-01 1.597501e+00 -0.991903 0.012764 0.040894 0.706051 0.210522 0.021671 0.991903 -0.005800 -0.028722 -0.929371 0.000000 
1.250000e-01 1.003090e-01 9.749761e-02 1.206607e-01 1.000000e-01 1.597501e+00 -0.991903 0.012764 0.040894 0.706051 0.210522 0.021671 0.991903 -0.005800 -0.028722 -0.929371 0.000000 
1.250000e-01 1.003090e-01 9.749761e-02 1.206607e-01 1.000000e-01 1.597501e+00 -0.991903 0.012764 0.040894 0.706051 0.210522 0.021671 0.991903 -0.005800 -0.028722 -0.929371 0.000000 
1.250000e-01 1.003090e-01 9.749761e-02 1.206607e-01 1.000000e-01 1.597501e+00 -0.991903 0.012764 0.040894 0.706051 0.210522 0.021671 0.991903 -0.005800 -0.028722 -0.929371 0.000000 
1.250000e-01 1.003090e-01 9.749761e-02 1.206607e-01 1.000000e-01 1.597501e+00 -0.991903 0.012764 0.040894 0.706051 0.210522 0.021671 0.991903 -0.005800 -0.028722 -0.929371 0.000000 
1.250000e-01 1.003090e-01 9.749761e-02 1.206607e-01 1.000000e-01 1.597501e+00 -0.991903 0.012764 0.040894 0.706051 0.210522 0.021671 0.991903 -0.005800 -0.028722 -0.929371 0.000000 
1.250000e-01 1.003090e-01 9.749761e-02 1.206607e-01 1.000000e-01 1.597501e+00 -0.991903 0.012764 0.040894 0.706051 0.210522 0.021671 0.991903 -0.005800 -0.028722 -0.929371 0.000000 
1.250000e-01 1.003090e-01 9.749761e-02 1.206607e-01 1.000000e-01 1.597501e+00 -0.991903 0.012764 0.040894 0.706051 0.210522 0.021671 0.991903 -0.005800 -0.028722 -0.929371 0.000000 
1.250000e-01 1.003090e-01 9.749761e-02 1.206607e-01 1.000000e-01 1.597501e+00 -0.991903 0.012764 0.040894 0.706051 0.210522 0.021671 0.991903 -0.005800 -0.028722 -0.929371 0.000000 
1.250000e-01 1.003090e-01 9.749761e-02 1.206607e-01 1.000000e-01 1.597501e+00 -0.991903 0.012764 0.040894 0.706051 0.210522 0.021671 0.991903 -0.005800 -0.028722 -0.929371 0.000000 
1.250000e-01 1.003090e-01 9.749761e-02 1.206607e-01 1.000000e-01 1.597501e+00 -0.991903 0.012764 0.040894 0.706051 0.210522 0.021671 0.991903 -0.005800 -0.028722 -0.929371 0.000000 
1.250000e-01 1.003090e-01 9.749761e-02 1.206607e-01 1.000000e-01 1.597501e+00 -0.991903 0.012764 0.040894 0.706051 0.210522 0.021671 0.991903 -0.005800 -0.028722 -0.929371 0.000000 
1.250000e-01 1.003090e-01 9.749761e-02 1.206607e-01 1.000000e-01 1.597501e+00 -0.991903 0.012764 0.040894 0.706051 0.210522 0.021671 0.991903 -0.005800 -0.028722 -0.929371 0.000000 
1.250000e-01 1.003090e-01 9.749761e-02 1.206607e-01 1.000000e-01 1.597501e+00 -0.991903 0.012764 0.040894 0.706051 0.210522 0.021671 0.991903 -0.005800 -0.028722 -0.929371 0.000000 
1.250000e-01 1.003090e-01 9.749761e-02 1.206607e-01 1.000000e-01 1.597501e+00 -0.991903 0.012764 0.040894 0.706051 0.210522 0.021671 0.991903 -0.005800 -0.028722 -0.929371 0.000000 
1.250000e-01 1.003090e-01 9.749761e-02 1.206607e-01 1.000000e-01 1.597501e+00 -0.991903 0.012764 0.040894 0.706051 0.210522 0.021671 0.991903 -0.005800 -0.028722 -0.929371 0.000000 
1.250000e-01 1.003090e-01 9.749761e-02 1.206607e-01 1.000000e-01 1.597501e+00 -0.991903 0.012764 0.040894 0.706051 0.210522 0.021671 0.991903 -0.005800 -0.028722 -0.929371 0.000000 
1.250000e-01 1.003090e-01 9.749761e-02 1.206607e-01 1.000000e-01 1.597501e+00 -0.991903 0.012764 0.040894 0.706051 0.210522 0.021671 0.991903 -0.005800 -0.028722 -0.929371 0.000000 
1.250000e-01 1.003090e-01 9.749761e-02 1.206607e-01 1.000000e-01 1.597501e+00 -0.991903 0.012764 0.040894 0.706051 0.210522 0.021671 0.991903 -0.005800 -0.028722 -0.929371 0.000000 
1.250000e-01 1.003090e-01 9.749761e-02 1.206607e-01 1.000000e-01 1.597501e+00 -0.991903 0.012764 0.040894 0.706051 0.210522 0.021671 0.991903 -0.005800 -0.028722 -0.929371 0.000000 
1.250000e-01 1.003090e-01 9.749761e-02 1.206607e-01 1.000000e-01 1.597501e+00 -0.991903 0.012764 0.040894 0.706051 0.210522 0.021671 0.991903 -0.005800 -0.028722 -0.929371 0.000000 
1.250000e-01 1.003090e-01 9.749761e-02 1.206607e-01 1.000000e-01 1.597501e+00 -0.991903 0.012764 0.040894 0.706051 0.210522 0.021671 0.991903 -0.005800 -0.028722 -0.929371 0.000000 
1.250000e-01 1.003090e-01 9.749761e-02 1.206607e-01 1.000000e-01 1.597501e+00 -0.991903 0.012764 0.040894 0.706051 0.210522 0.021671 0.991903 -0.005800 -0.028722 -0.929371 0.000000 
1.250000e-01 1.003090e-01 9.749761e-02 1.206607e-01 1.000000e-01 1.597501e+00 -0.991903 0.012764 0.040894 0.706051 0.210522 0.021671 0.991903 -0.005800 -0.028722 -0.929371 0.000000 
1.250000e-01 1.003090e-01 9.749761e-02 1.206607e-01 1.000000e-01 1.597501e+00 -0.991903 0.012764 0.040894 0.706051 0.210522 0.021671 0.991903 -0.005800 -0.028722 -0.929371 0.000000 
1.250000e-01 1.003090e-01 9.749761e-02 1.206607e-01 1.000000e-01 1.597501e+00 -0.991903 0.012764 0.040894 0.706051 0.210522 0.021671 0.991903 -0.005800 -0.028722 -0.929371 0.000000 
1.250000e-01 1.003090e-01 9.749761e-02 1.206607e-01 1.000000e-01 1.597501e+00 -0.991903 0.012764 0.040894 0.706051 0.210522 0.021671 0.991903 -0.005800 -0.028722 -0.929371 0.000000 
1.250000e-01 1.003090e-01 9.749761e-02 1.206607e-01 1.000000e-01 1.597501e+00 -0.991903 0.012764 0.040894 0.706051 0.210522 0.021671 0.991903 -0.005800 -0.028722 -0.929371 0.000000 
1.250000e-01 1.003090e-01 9.749761e-02 1.206607e-01 1.000000e-01 1.597501e+00 -0.991903 0.012764 0.040894 0.706051 0.210522 0.021671 0.991903 -0.005800 -0.028722 -0.929371 0.000000 
1.250000e-01 1.003090e-01 9.749761e-02 1.206607e-01 1.000000e-01 1.597501e+00 -0.991903 0.012764 0.040894 0.706051 0.210522 0.021671 0.991903 -0.005800 -0.028722 -0.929371 0.000000 
1.250000e-01 1.003090e-01 9.749761e-02 1.206607e-01 1.000000e-01 1.597501e+00 -0.991903 0.012764 0.040894 0.706051 0.210522 0.021671 0.991903 -0.005800 -0.028722 -0.929371 0.000000 
1.250000e-01 1.003090e-01 9.749761e-02 1.206607e-01 1.000000e-01 1.597501e+00 -0.991903 0.012764 0.040894 0.706051 0.210522 0.021671 0.991903 -0.005800 -0.028722 -0.929371 0.000000 
1.250000e-01 1.003090e-01 9.749761e-02 1.206607e-01 1.000000e-01 1.597501e+00 -0.991903 0.012764 0.040894 0.706051 0.210522 0.021671 0.991903 -0.005800 -0.028722 -0.929371 0.000000 
1.250000e-01 1.003090e-01 9.749761e-02 1.206607e-01 1.000000e-01 1.597501e+00 -0.991903 0.012764 0.040894 0.706051 0.210522 0.021671 0.991903 -0.005800 -0.028722 -0.929371 0.000000 
1.250000e-01 1.003090e-01 9.749761e-02 1.206607e-01 1.000000e-01 1.597501e+00 -0.991903 0.012764 0.040894 0.706051 0.210522 0.021671 0.991903 -0.005800 -0.028722 -0.929371 0.000000 
1.250000e-01 1.003090e-01 9.749761e-02 1.206607e-01 1.000000e-01 1.597501e+00 -0.991903 0.012764 0.040894 0.706051 0.210522 0.021671 0.991903 -0.005800 -0.028722 -0.929371 0.000000 
1.250000e-01 1.003090e-01 9.749761e-02 1.206607e-01 1.000000e-01 1.597501e+00 -0.991903 0.012764 0.040894 0.706051 0.210522 0.021671 0.991903 -0.005800 -0.028722 -0.929371 0.000000 
1.250000e-01 1.003090e-01 9.749761e-02 1.206607e-01 1.000000e-01 1.597501e+00 -0.991903 0.012764 0.040894 0.706051 0.210522 0.021671 0.991903 -0.005800 -0.028722 -0.929371 0.000000 
1.250000e-01 1.003090e-01 9.749761e-02 1.206607e-01 1.000000e-01 1.597501e+00 -0.991903 0.012764 0.040894 0.706051 0.210522 0.021671 0.991903 -0.005800 -0.028722 -0.929371 0.000000 
1.250000e-01 1.003090e-01 9.749761e-02 1.206607e-01 1.000000e-01 1.597501e+00 -0.991903 0.012764 0.040894 0.706051 0.210522 0.021671 0.991903 -0.005800 -0.028722 -0.929371 0.000000 
1.250000e-01 1.003090e-01 9.749761e-02 1.206607e-01 1.000000e-01 1.597501e+00 -0.991903 0.012764 0.040894 0.706051 0.210522 0.021671 0.991903 -0.005800 -0.028722 -0.929371 0.000000 
1.250000e-01 1.003090e-01 9.749761e-02 1.206607e-01 1.000000e-01 1.597501e+00 -0.991903 0.012764 0.040894 0.706051 0.210522 0.021671 0.991903 -0.005800 -0.028722 -0.929371 0.000000 
1.250000e-01 1.003090e-01 9.749761e-02 1.206607e-01 1.000000e-01 1.597501e+00 -0.991903 0.012764 0.040894 0.706051 0.210522 0.021671 0.991903 -0.005800 -0.028722 -0.929371 0.000000 
1.250000e-01 1.003090e-01 9.749761e-02 1.206607e-01 1.000000e-01 1.597501e+00 -0.991903 0.012764 0.040894 0.706051 0.210522 0.021671 0.991903 -0.005800 -0.028722 -0.929371 0.000000 
1.250000e-01 1.003090e-01 9.749761e-02 1.206607e-01 1.000000e-01 1.597501e+00 -0.991903 0.012764 0.040894 0.706051 0.210522 0.021671 0.991903 -0.005800 -0.028722 -0.929371 0.000000 
1.250000e-01 1.003090e-01 9.749761e-02 1.206607e-01 1.000000e-01 1.597501e+00 -0.991903 0.012764 0.040894 0.706051 0.210522 0.021671 0.991903 -0.005800 -0.028722 -0.929371 0.000000 
1.250000e-01 1.003090e-01 9.749761e-02 1.206607e-01 1.000000e-01 1.597501e+00 -0.991903 0.012764 0.040894 0.706051 0.210522 0.021671 0.991903 -0.005800 -0.028722 -0.929371 0.000000 
1.250000e-01 1.003090e-01 9.749761e-02 1.206607e-01 1.000000e-01 1.597501e+00 -0.991903 0.012764 0.040894 0.706051 0.210522 0.021671 0.991903 -0.005800 -0.028722 -0.929371 0.000000 
1.250000e-01 1.003090e-01 9.749761e-02 1.206607e-01 1.000000e-01 1.597501e+00 -0.991903 0.012764 0.040894 0.706051 0.210522 0.021671 0.991903 -0.005800 -0.028722 -0.929371 0.000000 
1.250000e-01 1.003090e-01 9.749761e-02 1.206607e-01 1.000000e-01 1.597501e+00 -0.991903 0.012764 0.040894 0.706051 0.210522 0.021671 0.991903 -0.005800 -0.028722 -0.929371 0.000000 
1.250000e-01 1.003090e-01 9.749761e-02 1.206607e-01 1.000000e-01 1.597501e+00 -0.991903 0.012764 0.040894 0.706051 0.210522 0.021671 0.991903 -0.005800 -0.028722 -0.929371 0.000000 
1.250000e-01 1.003090e-01 9.749761e-02 1.206607e-01 1.000000e-01 1.597501e+00 -0.991903 0.012764 0.040894 0.706051 0.210522 0.021671 0.991903 -0.005800 -0.028722 -0.929371 0.000000 
1.250000e-01 1.003090e-01 9.749761e-02 1.206607e-01 1.000000e-01 1.597501e+00 -0.991903 0.012764 0.040894 0.706051 0.210522 0.021671 0.991903 -0.005800 -0.028722 -0.929371 0.000000 
1.250000e-01 1.003090e-01 9.749761e-02 1.206607e-01 1.000000e-01 1.597501e+00 -0.991903 0.012764 0.040894 0.706051 0.210522 0.021671 0.991903 -0.005800 -0.028722 -0.929371 0.000000 
1.250000e-01 1.003090e-01 9.749761e-02 1.206607e-01 1.000000e-01 1.597501e+00 -0.991903 0.012764 0.040894 0.706051 0.210522 0.021671 0.991903 -0.005800 -0.028722 -0.929371 0.000000 
1.250000e-01 1.003090e-01 9.749761e-02 1.206607e-01 1.000000e-01 1.597501e+00 -0.991903 0.012764 0.040894 0.706051 0.210522 0.021671 0.991903 -0.005800 -0.028722 -0.929371 0.000000 
1.250000e-01 1.003090e-01 9.749761e-02 1.206607e-01 1.000000e-01 1.597501e+00 -0.991903 0.012764 0.040894 0.706051 0.210522 0.021671 0.991903 -0.005800 -0.028722 -0.929371 0.000000 
1.250000e-01 1.003090e-01 9.749761e-02 1.206607e-01 1.000000e-01 1.597501e+00 -0.991903 0.012764 0.040894 0.706051 0.210522 0.021671 0.991903 -0.005800 -0.028722 -0.929371 0.000000 
1.250000e-01 1.003090e-01 9.749761e-02 1.206607e-01 1.000000e-01 1.597501e+00 -0.991903 0.012764 0.040894 0.706051 0.210522 0.021671 0.991903 -0.005800 -0.028722 -0.929371 0.000000 
1.250000e-01 1.003090e-01 9.749761e-02 1.206607e-01 1.000000e-01 1.597501e+00 -0.991903 0.012764 0.040894 0.706051 0.210522 0.021671 0.991903 -0.005800 -0.028722 -0.929371 0.000000 
1.250000e-01 1.003090e-01 9.749761e-02 1.206607e-01 1.000000e-01 1.597501e+00 -0.991903 0.012764 0.040894 0.706051 0.210522 0.021671 0.991903 -0.005800 -0.028722 -0.929371 0.000000 
1.250000e-01 1.003090e-01 9.749761e-02 1.206607e-01 1.000000e-01 1.597501e+00 -0.991903 0.012764 0.040894 0.706051 0.210522 0.021671 0.991903 -0.005800 -0.028722 -0.929371 0.000000 
1.250000e-01 1.003090e-01 9.749761e-02 1.206607e-01 1.000000e-01 1.597501e+00 -0.991903 0.012764 0.040894 0.706051 0.210522 0.021671 0.991903 -0.005800 -0.028722 -0.929371 0.000000 
1.250000e-01 1.003090e-01 9.749761e-02 1.206607e-01 1.000000e-01 1.597501e+00 -0.991903 0.012764 0.040894 0.706051 0.210522 0.021671 0.991903 -0.005800 -0.028722 -0.929371 0.000000 
1.250000e-01 1.003090e-01 9.749761e-02 1.206607e-01 1.000000e-01 1.597501e+00 -0.991903 0.012764 0.040894 0.706051 0.210522 0.021671 0.991903 -0.005800 -0.028722 -0.929371 0.000000 
1.250000e-01 1.003090e-01 9.749761e-02 1.206607e-01 1.000000e-01 1.597501e+00 -0.991903 0.012764 0.040894 0.706051 0.210522 0.021671 0.991903 -0.005800 -0.028722 -0.929371 0.000000 
1.250000e-01 1.003090e-01 9.749761e-02 1.206607e-01 1.000000e-01 1.597501e+00 -0.991903 0.012764 0.040894 0.706051 0.210522 0.021671 0.991903 -0.005800 -0.028722 -0.929371 0.000000 
1.250000e-01 1.003090e-01 9.749761e-02 1.206607e-01 1.000000e-01 1.597501e+00 -0.991903 0.012764 0.040894 0.706051 0.210522 0.021671 0.991903 -0.005800 -0.028722 -0.929371 0.000000 
1.250000e-01 1.003090e-01 9.749761e-02 1.206607e-01 1.000000e-01 1.597501e+00 -0.991903 0.012764 0.040894 0.706051 0.210522 0.021671 0.991903 -0.005800 -0.028722 -0.929371 0.000000 
1.250000e-01 1.003090e-01 9.749761e-02 1.206607e-01 1.000000e-01 1.597501e+00 -0.991903 0.012764 0.040894 0.706051 0.210522 0.021671 0.991903 -0.005800 -0.028722 -0.929371 0.000000 
1.250000e-01 1.003090e-01 9.749761e-02 1.206607e-01 1.000000e-01 1.597501e+00 -0.991903 0.012764 0.040894 0.706051 0.210522 0.021671 0.991903 -0.005800 -0.028722 -0.929371 0.000000 
1.250000e-01 1.003090e-01 9.749761e-02 1.206607e-01 1.000000e-01 1.597501e+00 -0.991903 0.012764 0.040894 0.706051 0.210522 0.021671 0.991903 -0.005800 -0.028722 -0.929371 0.000000 
1.250000e-01 1.003090e-01 9.749761e-02 1.206607e-01 1.000000e-01 1.597501e+00 -0.991903 0.012764 0.040894 0.706051 0.210522 0.021671 0.991903 -0.005800 -0.028722 -0.929371 0.000000 
1.250000e-01 1.003090e-01 9.749761e-02 1.206607e-01 1.000000e-01 1.597501e+00 -0.991903 0.012764 0.040894 0.706051 0.210522 0.021671 0.991903 -0.005800 -0.028722 -0.929371 0.000000 
1.250000e-01 1.003090e-01 9.749761e-02 1.206607e-01 1.000000e-01 1.597501e+00 -0.991903 0.012764 0.040894 0.706051 0.210522 0.021671 0.991903 -0.005800 -0.028722 -0.929371 0.000000 
1.250000e-01 1.003090e-01 9.749761e-02 1.206607e-01 1.000000e-01 1.597501e+00 -0.991903 0.012764 0.040894 0.706051 0.210522 0.021671 0.991903 -0.005800 -0.028722 -0.929371 0.000000 
1.250000e-01 1.003090e-01 9.749761e-02 1.206607e-01 1.000000e-01 1.597501e+00 -0.991903 0.012764 0.040894 0.706051 0.210522 0.021671 0.991903 -0.005800 -0.028722 -0.929371 0.000000 
1.250000e-01 1.003090e-01 9.749761e-02 1.206607e-01 1.000000e-01 1.597501e+00 -0.991903 0.012764 0.040894 0.706051 0.210522 0.021671 0.991903 -0.005800 -0.028722 -0.929371 0.000000 
1.250000e-01 1.003090e-01 9.749761e-02 1.206607e-01 1.000000e-01 1.597501e+00 -0.991903 0.012764 0.040894 0.706051 0.210522 0.021671 0.991903 -0.005800 -0.028722 -0.929371 0.000000 
1.250000e-01 1.003090e-01 9.749761e-02 1.206607e-01 1.000000e-01 1.597501e+00 -0.991903 0.012764 0.040894 0.706051 0.210522 0.021671 0.991903 -0.005800 -0.028722 -0.929371 0.000000 
1.250000e-01 1.003090e-01 9.749761e-02 1.206607e-01 1.000000e-01 1.597501e+00 -0.991903 0.012764 0.040894 0.706051 0.210522 0.021671 0.991903 -0.005800 -0.028722 -0.929371 0.000000 
1.250000e-01 1.003090e-01 9.749761e-02 1.206607e-01 1.000000e-01 1.597501e+00 -0.991903 0.012764 0.040894 0.706051 0.210522 0.021671 0.991903 -0.005800 -0.028722 -0.929371 0.000000 
1.250000e-01 1.003090e-01 9.749761e-02 1.206607e-01 1.000000e-01 1.597501e+00 -0.991903 0.012764 0.040894 0.706051 0.210522 0.021671 0.991903 -0.005800 -0.028722 -0.929371 0.000000 
1.250000e-01 1.003090e-01 9.749761e-02 1.206607e-01 1.000000e-01 1.597501e+00 -0.991903 0.012764 0.040894 0.706051 0.210522 0.021671 0.991903 -0.005800 -0.028722 -0.929371 0.000000 
1.250000e-01 1.003090e-01 9.749761e-02 1.206607e-01 1.000000e-01 1.597501e+00 -0.991903 0.012764 0.040894 0.706051 0.210522 0.021671 0.991903 -0.005800 -0.028722 -0.929371 0.000000 
1.250000e-01 1.003090e-01 9.749761e-02 1.206607e-01 1.000000e-01 1.597501e+00 -0.991903 0.012764 0.040894 0.706051 0.210522 0.021671 0.991903 -0.005800 -0.028722 -0.929371 0.000000 
1.250000e-01 1.003090e-01 9.749761e-02 1.206607e-01 1.000000e-01 1.597501e+00 -0.991903 0.012764 0.040894 0.706051 0.210522 0.021671 0.991903 -0.005800 -0.028722 -0.929371 0.000000 
1.250000e-01 1.003090e-01 9.749761e-02 1.206607e-01 1.000000e-01 1.597501e+00 -0.991903 0.012764 0.040894 0.706051 0.210522 0.021671 0.991903 -0.005800 -0.028722 -0.929371 0.000000 
1.250000e-01 1.003090e-01 9.749761e-02 1.206607e-01 1.000000e-01 1.597501e+00 -0.991903 0.012764 0.040894 0.706051 0.210522 0.021671 0.991903 -0.005800 -0.028722 -0.929371 0.000000 
1.250000e-01 1.003090e-01 9.749761e-02 1.206607e-01 1.000000e-01 1.597501e+00 -0.991903 0.012764 0.040894 0.706051 0.210522 0.021671 0.991903 -0.005800 -0.028722 -0.929371 0.000000 
1.250000e-01 1.003090e-01 9.749761e-02 1.206607e-01 1.000000e-01 1.597501e+00 -0.991903 0.012764 0.040894 0.706051 0.210522 0.021671 0.991903 -0.005800 -0.028722 -0.929371 0.000000 
1.250000e-01 1.003090e-01 9.749761e-02 1.206607e-01 1.000000e-01 1.597501e+00 -0.991903 0.012764 0.040894 0.706051 0.210522 0.021671 0.991903 -0.005800 -0.028722 -0.929371 0.000000 
1.250000e-01 1.003090e-01 9.749761e-02 1.206607e-01 1.000000e-01 1.597501e+00 -0.991903 0.012764 0.040894 0.706051 0.210522 0.021671 0.991903 -0.005800 -0.028722 -0.929371 0.000000 
1.250000e-01 1.003090e-01 9.749761e-02 1.206607e-01 1.000000e-01 1.597501e+00 -0.991903 0.012764 0.040894 0.706051 0.210522 0.021671 0.991903 -0.005800 -0.028722 -0.929371 0.000000 
1.250000e-01 1.003090e-01 9.749761e-02 1.206607e-01 1.000000e-01 1.597501e+00 -0.991903 0.012764 0.040894 0.706051 0.210522 0.021671 0.991903 -0.005800 -0.028722 -0.929371 0.000000 
1.250000e-01 1.003090e-01 9.749761e-02 1.206607e-01 1.000000e-01 1.597501e+00 -0.991903 0.012764 0.040894 0.706051 0.210522 0.021671 0.991903 -0.005800 -0.028722 -0.929371 0.000000 
1.250000e-01 1.003090e-01 9.749761e-02 1.206607e-01 1.000000e-01 1.597501e+00 -0.991903 0.012764 0.040894 0.706051 0.210522 0.021671 0.991903 -0.005800 -0.028722 -0.929371 0.000000 
1.250000e-01 1.003090e-01 9.749761e-02 1.206607e-01 1.000000e-01 1.597501e+00 -0.991903 0.012764 0.040894 0.706051 0.210522 0.021671 0.991903 -0.005800 -0.028722 -0.929371 0.000000 
1.250000e-01 1.003090e-01 9.749761e-02 1.206607e-01 1.000000e-01 1.597501e+00 -0.991903 0.012764 0.040894 0.706051 0.210522 0.021671 0.991903 -0.005800 -0.028722 -0.929371 0.000000 
1.250000e-01 1.003090e-01 9.749761e-02 1.206607e-01 1.000000e-01 1.597501e+00 -0.991903 0.012764 0.040894 0.706051 0.210522 0.021671 0.991903 -0.005800 -0.028722 -0.929371 0.000000 
1.250000e-01 1.003090e-01 9.749761e-02 1.206607e-01 1.000000e-01 1.597501e+00 -0.991903 0.012764 0.040894 0.706051 0.210522 0.021671 0.991903 -0.005800 -0.028722 -0.929371 0.000000 
1.250000e-01 1.003090e-01 9.749761e-02 1.206607e-01 1.000000e-01 1.597501e+00 -0.991903 0.012764 0.040894 0.706051 0.210522 0.021671 0.991903 -0.005800 -0.028722 -0.929371 0.000000 
1.250000e-01 1.003090e-01 9.749761e-02 1.206607e-01 1.000000e-01 1.597501e+00 -0.991903 0.012764 0.040894 0.706051 0.210522 0.021671 0.991903 -0.005800 -0.028722 -0.929371 0.000000 
1.250000e-01 1.003090e-01 9.749761e-02 1.206607e-01 1.000000e-01 1.597501e+00 -0.991903 0.012764 0.040894 0.706051 0.210522 0.021671 0.991903 -0.005800 -0.028722 -0.929371 0.000000 
1.250000e-01 1.003090e-01 9.749761e-02 1.206607e-01 1.000000e-01 1.597501e+00 -0.991903 0.012764 0.040894 0.706051 0.210522 0.021671 0.991903 -0.005800 -0.028722 -0.929371 0.000000 
1.250000e-01 1.003090e-01 9.749761e-02 1.206607e-01 1.000000e-01 1.597501e+00 -0.991903 0.012764 0.040894 0.706051 0.210522 0.021671 0.991903 -0.005800 -0.028722 -0.929371 0.000000 
1.250000e-01 1.003090e-01 9.749761e-02 1.206607e-01 1.000000e-01 1.597501e+00 -0.991903 0.012764 0.040894 0.706051 0.210522 0.021671 0.991903 -0.005800 -0.028722 -0.929371 0.000000 
1.250000e-01 1.003090e-01 9.749761e-02 1.206607e-01 1.000000e-01 1.597501e+00 -0.991903 0.012764 0.040894 0.706051 0.210522 0.021671 0.991903 -0.005800 -0.028722 -0.929371 0.000000 
1.250000e-01 1.003090e-01 9.749761e-02 1.206607e-01 1.000000e-01 1.597501e+00 -0.991903 0.012764 0.040894 0.706051 0.210522 0.021671 0.991903 -0.005800 -0.028722 -0.929371 0.000000 
1.250000e-01 1.003090e-01 9.749761e-02 1.206607e-01 1.000000e-01 1.597501e+00 -0.991903 0.012764 0.040894 0.706051 0.210522 0.021671 0.991903 -0.005800 -0.028722 -0.929371 0.000000 
1.250000e-01 1.003090e-01 9.749761e-02 1.206607e-01 1.000000e-01 1.597501e+00 -0.991903 0.012764 0.040894 0.706051 0.210522 0.021671 0.991903 -0.005800 -0.028722 -0.929371 0.000000 
1.250000e-01 1.003090e-01 9.749761e-02 1.206607e-01 1.000000e-01 1.597501e+00 -0.991903 0.012764 0.040894 0.706051 0.210522 0.021671 0.991903 -0.005800 -0.028722 -0.929371 0.000000 
1.250000e-01 1.003090e-01 9.749761e-02 1.206607e-01 1.000000e-01 1.597501e+00 -0.991903 0.012764 0.040894 0.706051 0.210522 0.021671 0.991903 -0.005800 -0.028722 -0.929371 0.000000 
1.250000e-01 1.003090e-01 9.749761e-02 1.206607e-01 1.000000e-01 1.597501e+00 -0.991903 0.012764 0.040894 0.706051 0.210522 0.021671 0.991903 -0.005800 -0.028722 -0.929371 0.000000 
1.250000e-01 1.003090e-01 9.749761e-02 1.206607e-01 1.000000e-01 1.597501e+00 -0.991903 0.012764 0.040894 0.706051 0.210522 0.021671 0.991903 -0.005800 -0.028722 -0.929371 0.000000 
1.250000e-01 1.003090e-01 9.749761e-02 1.206607e-01 1.000000e-01 1.597501e+00 -0.991903 0.012764 0.040894 0.706051 0.210522 0.021671 0.991903 -0.005800 -0.028722 -0.929371 0.000000 
1.250000e-01 1.003090e-01 9.749761e-02 1.206607e-01 1.000000e-01 1.597501e+00 -0.991903 0.012764 0.040894 0.706051 0.210522 0.021671 0.991903 -0.005800 -0.028722 -0.929371 0.000000 
1.250000e-01 1.003090e-01 9.749761e-02 1.206607e-01 1.000000e-01 1.597501e+00 -0.991903 0.012764 0.040894 0.706051 0.210522 0.021671 0.991903 -0.005800 -0.028722 -0.929371 0.000000 
1.250000e-01 1.003090e-01 9.749761e-02 1.206607e-01 1.000000e-01 1.597501e+00 -0.991903 0.012764 0.040894 0.706051 0.210522 0.021671 0.991903 -0.005800 -0.028722 -0.929371 0.000000 
1.250000e-01 1.003090e-01 9.749761e-02 1.206607e-01 1.000000e-01 1.597501e+00 -0.991903 0.012764 0.040894 0.706051 0.210522 0.021671 0.991903 -0.005800 -0.028722 -0.929371 0.000000 
1.250000e-01 1.003090e-01 9.749761e-02 1.206607e-01 1.000000e-01 1.597501e+00 -0.991903 0.012764 0.040894 0.706051 0.210522 0.021671 0.991903 -0.005800 -0.028722 -0.929371 0.000000 
1.250000e-01 1.003090e-01 9.749761e-02 1.206607e-01 1.000000e-01 1.597501e+00 -0.991903 0.012764 0.040894 0.706051 0.210522 0.021671 0.991903 -0.005800 -0.028722 -0.929371 0.000000 
1.250000e-01 1.003090e-01 9.749761e-02 1.206607e-01 1.000000e-01 1.597501e+00 -0.991903 0.012764 0.040894 0.706051 0.210522 0.021671 0.991903 -0.005800 -0.028722 -0.929371 0.000000 
1.250000e-01 1.003090e-01 9.749761e-02 1.206607e-01 1.000000e-01 1.597501e+00 -0.991903 0.012764 0.040894 0.706051 0.210522 0.021671 0.991903 -0.005800 -0.028722 -0.929371 0.000000 
1.250000e-01 1.003090e-01 9.749761e-02 1.206607e-01 1.000000e-01 1.597501e+00 -0.991903 0.012764 0.040894 0.706051 0.210522 0.021671 0.991903 -0.005800 -0.028722 -0.929371 0.000000 
1.250000e-01 1.003090e-01 9.749761e-02 1.206607e-01 1.000000e-01 1.597501e+00 -0.991903 0.012764 0.040894 0.706051 0.210522 0.021671 0.991903 -0.005800 -0.028722 -0.929371 0.000000 
1.250000e-01 1.003090e-01 9.749761e-02 1.206607e-01 1.000000e-01 1.597501e+00 -0.991903 0.012764 0.040894 0.706051 0.210522 0.021671 0.991903 -0.005800 -0.028722 -0.929371 0.000000 
1.250000e-01 1.003090e-01 9.749761e-02 1.206607e-01 1.000000e-01 1.597501e+00 -0.991903 0.012764 0.040894 0.706051 0.210522 0.021671 0.991903 -0.005800 -0.028722 -0.929371 0.000000 
1.250000e-01 1.003090e-01 9.749761e-02 1.206607e-01 1.000000e-01 1.597501e+00 -0.991903 0.012764 0.040894 0.706051 0.210522 0.021671 0.991903 -0.005800 -0.028722 -0.929371 0.000000 
1.250000e-01 1.003090e-01 9.749761e-02 1.206607e-01 1.000000e-01 1.597501e+00 -0.991903 0.012764 0.040894 0.706051 0.210522 0.021671 0.991903 -0.005800 -0.028722 -0.929371 0.000000 
1.250000e-01 1.003090e-01 9.749761e-02 1.206607e-01 1.000000e-01 1.597501e+00 -0.991903 0.012764 0.040894 0.706051 0.210522 0.021671 0.991903 -0.005800 -0.028722 -0.929371 0.000000 
1.250000e-01 1.003090e-01 9.749761e-02 1.206607e-01 1.000000e-01 1.597501e+00 -0.991903 0.012764 0.040894 0.706051 0.210522 0.021671 0.991903 -0.005800 -0.028722 -0.929371 0.000000 
1.250000e-01 1.003090e-01 9.749761e-02 1.206607e-01 1.000000e-01 1.597501e+00 -0.991903 0.012764 0.040894 0.706051 0.210522 0.021671 0.991903 -0.005800 -0.028722 -0.929371 0.000000 
1.250000e-01 1.003090e-01 9.749761e-02 1.206607e-01 1.000000e-01 1.597501e+00 -0.991903 0.012764 0.040894 0.706051 0.210522 0.021671 0.991903 -0.005800 -0.028722 -0.929371 0.000000 
1.250000e-01 1.003090e-01 9.749761e-02 1.206607e-01 1.000000e-01 1.597501e+00 -0.991903 0.012764 0.040894 0.706051 0.210522 0.021671 0.991903 -0.005800 -0.028722 -0.929371 0.000000 
1.250000e-01 1.003090e-01 9.749761e-02 1.206607e-01 1.000000e-01 1.597501e+00 -0.991903 0.012764 0.040894 0.706051 0.210522 0.021671 0.991903 -0.005800 -0.028722 -0.929371 0.000000 
1.250000e-01 1.003090e-01 9.749761e-02 1.206607e-01 1.000000e-01 1.597501e+00 -0.991903 0.012764 0.040894 0.706051 0.210522 0.021671 0.991903 -0.005800 -0.028722 -0.929371 0.000000 
1.250000e-01 1.003090e-01 9.749761e-02 1.206607e-01 1.000000e-01 1.597501e+00 -0.991903 0.012764 0.040894 0.706051 0.210522 0.021671 0.991903 -0.005800 -0.028722 -0.929371 0.000000 
1.250000e-01 1.003090e-01 9.749761e-02 1.206607e-01 1.000000e-01 1.597501e+00 -0.991903 0.012764 0.040894 0.706051 0.210522 0.021671 0.991903 -0.005800 -0.028722 -0.929371 0.000000 
1.250000e-01 1.003090e-01 9.749761e-02 1.206607e-01 1.000000e-01 1.597501e+00 -0.991903 0.012764 0.040894 0.706051 0.210522 0.021671 0.991903 -0.005800 -0.028722 -0.929371 0.000000 
1.250000e-01 1.003090e-01 9.749761e-02 1.206607e-01 1.000000e-01 1.597501e+00 -0.991903 0.012764 0.040894 0.706051 0.210522 0.021671 0.991903 -0.005800 -0.028722 -0.929371 0.000000 
1.250000e-01 1.003090e-01 9.749761e-02 1.206607e-01 1.000000e-01 1.597501e+00 -0.991903 0.012764 0.040894 0.706051 0.210522 0.021671 0.991903 -0.005800 -0.028722 -0.929371 0.000000 
1.250000e-01 1.003090e-01 9.749761e-02 1.206607e-01 1.000000e-01 1.597501e+00 -0.991903 0.012764 0.040894 0.706051 0.210522 0.021671 0.991903 -0.005800 -0.028722 -0.929371 0.000000 
1.250000e-01 1.003090e-01 9.749761e-02 1.206607e-01 1.000000e-01 1.597501e+00 -0.991903 0.012764 0.040894 0.706051 0.210522 0.021671 0.991903 -0.005800 -0.028722 -0.929371 0.000000 
1.250000e-01 1.003090e-01 9.749761e-02 1.206607e-01 1.000000e-01 1.597501e+00 -0.991903 0.012764 0.040894 0.706051 0.210522 0.021671 0.991903 -0.005800 -0.028722 -0.929371 0.000000 
1.250000e-01 1.003090e-01 9.749761e-02 1.206607e-01 1.000000e-01 1.597501e+00 -0.991903 0.012764 0.040894 0.706051 0.210522 0.021671 0.991903 -0.005800 -0.028722 -0.929371 0.000000 
1.250000e-01 1.003090e-01 9.749761e-02 1.206607e-01 1.000000e-01 1.597501e+00 -0.991903 0.012764 0.040894 0.706051 0.210522 0.021671 0.991903 -0.005800 -0.028722 -0.929371 0.000000 
1.250000e-01 1.003090e-01 9.749761e-02 1.206607e-01 1.000000e-01 1.597501e+00 -0.991903 0.012764 0.040894 0.706051 0.210522 0.021671 0.991903 -0.005800 -0.028722 -0.929371 0.000000 
1.250000e-01 1.003090e-01 9.749761e-02 1.206607e-01 1.000000e-01 1.597501e+00 -0.991903 0.012764 0.040894 0.706051 0.210522 0.021671 0.991903 -0.005800 -0.028722 -0.929371 0.000000 
1.250000e-01 1.003090e-01 9.749761e-02 1.206607e-01 1.000000e-01 1.597501e+00 -0.991903 0.012764 0.040894 0.706051 0.210522 0.021671 0.991903 -0.005800 -0.028722 -0.929371 0.000000 
1.250000e-01 1.003090e-01 9.749761e-02 1.206607e-01 1.000000e-01 1.597501e+00 -0.991903 0.012764 0.040894 0.706051 0.210522 0.021671 0.991903 -0.005800 -0.028722 -0.929371 0.000000 
1.250000e-01 1.003090e-01 9.749761e-02 1.206607e-01 1.000000e-01 1.597501e+00 -0.991903 0.012764 0.040894 0.706051 0.210522 0.021671 0.991903 -0.005800 -0.028722 -0.929371 0.000000 
1.250000e-01 1.003090e-01 9.749761e-02 1.206607e-01 1.000000e-01 1.597501e+00 -0.991903 0.012764 0.040894 0.706051 0.210522 0.021671 0.991903 -0.005800 -0.028722 -0.929371 0.000000 
1.250000e-01 1.003090e-01 9.749761e-02 1.206607e-01 1.000000e-01 1.597501e+00 -0.991903 0.012764 0.040894 0.706051 0.210522 0.021671 0.991903 -0.005800 -0.028722 -0.929371 0.000000 
1.250000e-01 1.003090e-01 9.749761e-02 1.206607e-01 1.000000e-01 1.597501e+00 -0.991903 0.012764 0.040894 0.706051 0.210522 0.021671 0.991903 -0.005800 -0.028722 -0.929371 0.000000 
1.250000e-01 1.003090e-01 9.749761e-02 1.206607e-01 1.000000e-01 1.597501e+00 -0.991903 0.012764 0.040894 0.706051 0.210522 0.021671 0.991903 -0.005800 -0.028722 -0.929371 0.000000 
1.250000e-01 1.003090e-01 9.749761e-02 1.206607e-01 1.000000e-01 1.597501e+00 -0.991903 0.012764 0.040894 0.706051 0.210522 0.021671 0.991903 -0.005800 -0.028722 -0.929371 0.000000 
1.250000e-01 1.003090e-01 9.749761e-02 1.206607e-01 1.000000e-01 1.597501e+00 -0.991903 0.012764 0.040894 0.706051 0.210522 0.021671 0.991903 -0.005800 -0.028722 -0.929371 0.000000 
1.250000e-01 1.003090e-01 9.749761e-02 1.206607e-01 1.000000e-01 1.597501e+00 -0.991903 0.012764 0.040894 0.706051 0.210522 0.021671 0.991903 -0.005800 -0.028722 -0.929371 0.000000 
1.250000e-01 1.003090e-01 9.749761e-02 1.206607e-01 1.000000e-01 1.597501e+00 -0.991903 0.012764 0.040894 0.706051 0.210522 0.021671 0.991903 -0.005800 -0.028722 -0.929371 0.000000 
1.250000e-01 1.003090e-01 9.749761e-02 1.206607e-01 1.000000e-01 1.597501e+00 -0.991903 0.012764 0.040894 0.706051 0.210522 0.021671 0.991903 -0.005800 -0.028722 -0.929371 0.000000 
1.250000e-01 1.003090e-01 9.749761e-02 1.206607e-01 1.000000e-01 1.597501e+00 -0.991903 0.012764 0.040894 0.706051 0.210522 0.021671 0.991903 -0.005800 -0.028722 -0.929371 0.000000 
1.250000e-01 1.003090e-01 9.749761e-02 1.206607e-01 1.000000e-01 1.597501e+00 -0.991903 0.012764 0.040894 0.706051 0.210522 0.021671 0.991903 -0.005800 -0.028722 -0.929371 0.000000 
1.250000e-01 1.003090e-01 9.749761e-02 1.206607e-01 1.000000e-01 1.597501e+00 -0.991903 0.012764 0.040894 0.706051 0.210522 0.021671 0.991903 -0.005800 -0.028722 -0.929371 0.000000 
1.250000e-01 1.003090e-01 9.749761e-02 1.206607e-01 1.000000e-01 1.597501e+00 -0.991903 0.012764 0.040894 0.706051 0.210522 0.021671 0.991903 -0.005800 -0.028722 -0.929371 0.000000 
1.250000e-01 1.003090e-01 9.749761e-02 1.206607e-01 1.000000e-01 1.597501e+00 -0.991903 0.012764 0.040894 0.706051 0.210522 0.021671 0.991903 -0.005800 -0.028722 -0.929371 0.000000 
1.250000e-01 1.003090e-01 9.749761e-02 1.206607e-01 1.000000e-01 1.597501e+00 -0.991903 0.012764 0.040894 0.706051 0.210522 0.021671 0.991903 -0.005800 -0.028722 -0.929371 0.000000 
1.250000e-01 1.003090e-01 9.749761e-02 1.206607e-01 1.000000e-01 1.597501e+00 -0.991903 0.012764 0.040894 0.706051 0.210522 0.021671 0.991903 -0.005800 -0.028722 -0.929371 0.000000 
1.250000e-01 1.003090e-01 9.749761e-02 1.206607e-01 1.000000e-01 1.597501e+00 -0.991903 0.012764 0.040894 0.706051 0.210522 0.021671 0.991903 -0.005800 -0.028722 -0.929371 0.000000 
1.250000e-01 1.003090e-01 9.749761e-02 1.206607e-01 1.000000e-01 1.597501e+00 -0.991903 0.012764 0.040894 0.706051 0.210522 0.021671 0.991903 -0.005800 -0.028722 -0.929371 0.000000 
1.250000e-01 1.003090e-01 9.749761e-02 1.206607e-01 1.000000e-01 1.597501e+00 -0.991903 0.012764 0.040894 0.706051 0.210522 0.021671 0.991903 -0.005800 -0.028722 -0.929371 0.000000 
1.250000e-01 1.003090e-01 9.749761e-02 1.206607e-01 1.000000e-01 1.597501e+00 -0.991903 0.012764 0.040894 0.706051 0.210522 0.021671 0.991903 -0.005800 -0.028722 -0.929371 0.000000 
1.250000e-01 1.003090e-01 9.749761e-02 1.206607e-01 1.000000e-01 1.597501e+00 -0.991903 0.012764 0.040894 0.706051 0.210522 0.021671 0.991903 -0.005800 -0.028722 -0.929371 0.000000 
1.250000e-01 1.003090e-01 9.749761e-02 1.206607e-01 1.000000e-01 1.597501e+00 -0.991903 0.012764 0.040894 0.706051 0.210522 0.021671 0.991903 -0.005800 -0.028722 -0.929371 0.000000 
1.250000e-01 1.003090e-01 9.749761e-02 1.206607e-01 1.000000e-01 1.597501e+00 -0.991903 0.012764 0.040894 0.706051 0.210522 0.021671 0.991903 -0.005800 -0.028722 -0.929371 0.000000 
1.250000e-01 1.003090e-01 9.749761e-02 1.206607e-01 1.000000e-01 1.597501e+00 -0.991903 0.012764 0.040894 0.706051 0.210522 0.021671 0.991903 -0.005800 -0.028722 -0.929371 0.000000 
1.250000e-01 1.003090e-01 9.749761e-02 1.206607e-01 1.000000e-01 1.597501e+00 -0.991903 0.012764 0.040894 0.706051 0.210522 0.021671 0.991903 -0.005800 -0.028722 -0.929371 0.000000 
1.250000e-01 1.003090e-01 9.749761e-02 1.206607e-01 1.000000e-01 1.597501e+00 -0.991903 0.012764 0.040894 0.706051 0.210522 0.021671 0.991903 -0.005800 -0.028722 -0.929371 0.000000 
1.250000e-01 1.003090e-01 9.749761e-02 1.206607e-01 1.000000e-01 1.597501e+00 -0.991903 0.012764 0.040894 0.706051 0.210522 0.021671 0.991903 -0.005800 -0.028722 -0.929371 0.000000 
