# TeX TeY TeZ ThX ThY THZ P1 P2
8.000000e-02 1.000000e-01 6.800000e-01 8.000000e-02 1.000000e-01 6.800000e-01 0.000000 0.000000 0.000000 0.000000 0.000000 0.000000 0.000000 0.000000 0.000000 0.000000 0.000000 
8.000000e-02 1.000000e-01 6.679215e-01 8.000000e-02 1.000000e-01 6.886546e-01 -0.013698 0.001758 0.003517 0.003520 0.003539 0.001364 0.013698 -0.001758 -0.003517 -0.003520 0.000000 
8.000000e-02 9.999999e-02 6.558043e-01 7.999999e-02 1.000000e-01 6.972976e-01 -0.027414 0.003518 0.007038 0.007045 0.007083 0.002730 0.027414 -0.003518 -0.007038 -0.007045 0.000000 
8.000000e-02 9.999998e-02 6.436488e-01 7.999999e-02 1.000000e-01 7.059288e-01 -0.041147 0.005281 0.010564 0.010574 0.010632 0.004097 0.041147 -0.005281 -0.010564 -0.010574 0.000000 
8.000000e-02 9.999997e-02 6.314553e-01 7.999999e-02 1.000000e-01 7.145481e-01 -0.054898 0.007046 0.014094 0.014107 0.014184 0.005466 0.054898 -0.007046 -0.014094 -0.014107 0.000000 
8.000000e-02 9.999997e-02 6.192241e-01 7.999999e-02 1.000000e-01 7.231555e-01 -0.068665 0.008813 0.017629 0.017645 0.017742 0.006837 0.068665 -0.008813 -0.017629 -0.017645 0.000000 
8.000000e-02 9.999995e-02 6.069555e-01 7.999999e-02 1.000000e-01 7.317508e-01 -0.082450 0.010582 0.021168 0.021187 0.021303 0.008210 0.082450 -0.010582 -0.021168 -0.021187 0.000000 
8.000000e-02 9.999994e-02 5.946498e-01 7.999999e-02 1.000000e-01 7.403338e-01 -0.096250 0.012353 0.024711 0.024734 0.024869 0.009584 0.096250 -0.012353 -0.024711 -0.024734 0.000000 
8.000000e-02 9.999992e-02 5.823074e-01 7.999999e-02 1.000000e-01 7.489046e-01 -0.110067 0.014126 0.028258 0.028284 0.028439 0.010959 0.110067 -0.014126 -0.028258 -0.028284 0.000000 
8.000000e-02 9.999990e-02 5.699285e-01 7.999999e-02 1.000000e-01 7.574629e-01 -0.123900 0.015902 0.031810 0.031839 0.032013 0.012337 0.123900 -0.015902 -0.031809 -0.031839 0.000000 
8.000000e-02 9.999987e-02 5.575135e-01 7.999999e-02 1.000000e-01 7.660087e-01 -0.137748 0.017679 0.035365 0.035398 0.035591 0.013716 0.137748 -0.017679 -0.035365 -0.035398 0.000000 
8.000000e-02 9.999984e-02 5.450626e-01 7.999999e-02 1.000000e-01 7.745418e-01 -0.151612 0.019458 0.038924 0.038960 0.039173 0.015096 0.151612 -0.019458 -0.038924 -0.038960 0.000000 
8.000000e-02 9.999981e-02 5.325763e-01 7.999999e-02 1.000000e-01 7.830622e-01 -0.165491 0.021240 0.042487 0.042527 0.042759 0.016478 0.165491 -0.021239 -0.042487 -0.042527 0.000000 
8.000000e-02 9.999976e-02 5.200546e-01 7.999999e-02 1.000000e-01 7.915697e-01 -0.179384 0.023023 0.046054 0.046097 0.046349 0.017861 0.179384 -0.023022 -0.046054 -0.046097 0.000000 
8.000000e-02 9.999970e-02 5.074981e-01 7.999999e-02 1.000000e-01 8.000642e-01 -0.193292 0.024808 0.049625 0.049671 0.049943 0.019246 0.193292 -0.024807 -0.049625 -0.049671 0.000000 
8.000000e-02 9.999964e-02 4.949068e-01 7.999999e-02 1.000000e-01 8.085455e-01 -0.207214 0.026595 0.053199 0.053248 0.053540 0.020632 0.207214 -0.026594 -0.053199 -0.053249 0.000000 
8.000000e-02 9.999956e-02 4.822812e-01 7.999999e-02 1.000000e-01 8.170136e-01 -0.221150 0.028383 0.056777 0.056830 0.057141 0.022020 0.221151 -0.028382 -0.056777 -0.056831 0.000000 
8.000000e-02 9.999946e-02 4.696215e-01 7.999999e-02 1.000000e-01 8.254683e-01 -0.235100 0.030174 0.060359 0.060414 0.060745 0.023409 0.235100 -0.030172 -0.060358 -0.060417 0.000000 
8.000000e-02 9.999933e-02 4.569279e-01 7.999999e-02 1.000000e-01 8.339095e-01 -0.249064 0.031966 0.063944 0.064002 0.064353 0.024799 0.249064 -0.031964 -0.063943 -0.064006 0.000000 
8.000000e-02 9.999919e-02 4.442009e-01 7.999999e-02 1.000000e-01 8.423370e-01 -0.263040 0.033760 0.067532 0.067594 0.067964 0.026191 0.263040 -0.033756 -0.067531 -0.067599 0.000000 
8.000000e-02 9.999900e-02 4.314405e-01 7.999999e-02 1.000000e-01 8.507508e-01 -0.277029 0.035555 0.071124 0.071189 0.071578 0.027584 0.277030 -0.035550 -0.071123 -0.071197 0.000000 
8.000000e-02 9.999878e-02 4.186472e-01 7.999999e-02 1.000000e-01 8.591507e-01 -0.291031 0.037352 0.074718 0.074787 0.075196 0.028978 0.291031 -0.037345 -0.074718 -0.074799 0.000000 
8.000000e-02 9.999851e-02 4.058211e-01 7.999999e-02 1.000000e-01 8.675366e-01 -0.305045 0.039151 0.078316 0.078388 0.078817 0.030373 0.305046 -0.039141 -0.078316 -0.078407 0.000000 
8.000000e-02 9.999818e-02 3.929625e-01 7.999999e-02 1.000000e-01 8.759083e-01 -0.319072 0.040951 0.081918 0.081993 0.082441 0.031770 0.319072 -0.040936 -0.081918 -0.082021 0.000000 
8.000000e-02 9.999778e-02 3.800718e-01 7.999999e-02 1.000000e-01 8.842656e-01 -0.333110 0.042753 0.085522 0.085600 0.086068 0.033168 0.333110 -0.042730 -0.085522 -0.085643 0.000000 
8.000000e-02 9.999729e-02 3.671491e-01 7.999999e-02 1.000000e-01 8.926086e-01 -0.347160 0.044556 0.089129 0.089210 0.089698 0.034567 0.347160 -0.044522 -0.089130 -0.089276 0.000000 
8.000000e-02 9.999669e-02 3.541947e-01 7.999999e-02 1.000000e-01 9.009369e-01 -0.361221 0.046361 0.092739 0.092824 0.093331 0.035967 0.361221 -0.046310 -0.092742 -0.092924 0.000000 
8.000000e-02 9.999595e-02 3.412088e-01 7.999999e-02 1.000000e-01 9.092505e-01 -0.375293 0.048167 0.096352 0.096440 0.096967 0.037368 0.375293 -0.048090 -0.096357 -0.096592 0.000000 
8.000000e-02 9.999505e-02 3.281917e-01 7.999999e-02 1.000000e-01 9.175492e-01 -0.389376 0.049975 0.099968 0.100059 0.100605 0.038770 0.389376 -0.049857 -0.099975 -0.100290 0.000000 
8.000000e-02 9.999395e-02 3.151437e-01 7.999999e-02 1.000000e-01 9.258329e-01 -0.403469 0.051784 0.103587 0.103680 0.104246 0.040173 0.403470 -0.051606 -0.103599 -0.104032 0.000000 
8.000000e-02 9.999259e-02 3.020650e-01 7.999999e-02 1.000000e-01 9.341014e-01 -0.417573 0.053594 0.107208 0.107305 0.107890 0.041577 0.417573 -0.053323 -0.107227 -0.107842 0.000000 
8.000000e-02 9.999094e-02 2.889557e-01 7.999999e-02 1.000000e-01 9.423546e-01 -0.431687 0.055406 0.110832 0.110932 0.111537 0.042982 0.431687 -0.054994 -0.110861 -0.111750 0.000000 
8.000000e-02 9.998891e-02 2.758163e-01 7.999999e-02 1.000000e-01 9.505923e-01 -0.445810 0.057219 0.114458 0.114561 0.115186 0.044388 0.445811 -0.056592 -0.114504 -0.115810 0.000000 
8.000000e-02 9.998644e-02 2.626468e-01 7.999999e-02 1.000000e-01 9.588143e-01 -0.459944 0.059033 0.118087 0.118193 0.118837 0.045795 0.459944 -0.058077 -0.118156 -0.120105 0.000000 
8.000000e-02 9.998341e-02 2.494474e-01 7.999999e-02 1.000000e-01 9.670205e-01 -0.474086 0.060849 0.121718 0.121827 0.122490 0.047203 0.474087 -0.059393 -0.121820 -0.124750 0.000000 
8.000000e-02 9.997974e-02 2.362185e-01 7.999999e-02 1.000000e-01 9.752108e-01 -0.488238 0.062665 0.125352 0.125464 0.126146 0.048612 0.488239 -0.060443 -0.125497 -0.129952 0.000000 
8.000000e-02 9.997528e-02 2.229601e-01 7.999999e-02 1.000000e-01 9.833849e-01 -0.502399 0.064483 0.128988 0.129102 0.129805 0.050022 0.502400 -0.061093 -0.129185 -0.136011 0.000000 
8.000000e-02 9.996992e-02 2.096724e-01 7.999998e-02 1.000000e-01 9.915428e-01 -0.516569 0.066302 0.132627 0.132744 0.133465 0.051432 0.516570 -0.061149 -0.132866 -0.143375 0.000000 
8.000000e-02 9.996356e-02 1.963555e-01 7.999998e-02 1.000000e-01 9.996841e-01 -0.530748 0.068123 0.136268 0.136387 0.137128 0.052844 0.530749 -0.060278 -0.136484 -0.152885 0.000000 
8.000000e-02 9.995615e-02 1.830096e-01 7.999998e-02 1.000000e-01 1.007809e+00 -0.544937 0.069944 0.139912 0.140033 0.140793 0.054256 0.544937 -0.058060 -0.139884 -0.165764 0.000000 
8.000000e-02 9.994782e-02 1.696345e-01 7.999998e-02 1.000000e-01 1.015917e+00 -0.559135 0.071767 0.143558 0.143682 0.144460 0.055669 0.559136 -0.053920 -0.142684 -0.184036 0.000000 
8.000000e-02 9.993925e-02 1.562297e-01 7.999998e-02 1.000000e-01 1.024008e+00 -0.573346 0.073592 0.147207 0.147333 0.148131 0.057083 0.573346 -0.046971 -0.143831 -0.211730 0.000000 
8.000000e-02 9.993321e-02 1.427924e-01 7.999998e-02 1.000000e-01 1.032081e+00 -0.587577 0.075419 0.150862 0.150991 0.151806 0.058500 0.587578 -0.036317 -0.140788 -0.255778 0.000000 
8.000000e-02 9.994163e-02 1.293084e-01 7.999998e-02 1.000000e-01 1.040138e+00 -0.601873 0.077255 0.154534 0.154664 0.155498 0.059922 0.601873 -0.021042 -0.127478 -0.329685 0.000000 
8.000000e-02 1.000139e-01 1.157113e-01 7.999998e-02 1.000000e-01 1.048177e+00 -0.616446 0.079127 0.158277 0.158409 0.159262 0.061372 0.616446 0.000003 -0.087928 -0.464554 0.000000 
8.000000e-02 1.002435e-01 1.017644e-01 7.999998e-02 1.000000e-01 1.056198e+00 -0.632190 0.081149 0.162321 0.162454 0.163328 0.062939 0.632190 0.029062 0.014417 -0.726370 0.000000 
8.000000e-02 1.003093e-01 9.749753e-02 7.999998e-02 1.000000e-01 1.064201e+00 -0.641035 0.082286 0.164594 0.164727 0.165611 0.063818 0.641036 0.039232 0.061359 -0.839209 0.000000 
8.000000e-02 1.003093e-01 9.749753e-02 7.999998e-02 1.000000e-01 1.072186e+00 -0.646311 0.082965 0.165951 0.166083 0.166971 0.064342 0.646311 0.038555 0.060005 -0.840565 0.000000 
8.000000e-02 1.003093e-01 9.749753e-02 7.999997e-02 1.000000e-01 1.080153e+00 -0.651574 0.083642 0.167306 0.167435 0.168328 0.064865 0.651575 0.037880 0.058653 -0.841918 0.000000 
8.000000e-02 1.003093e-01 9.749753e-02 7.999997e-02 1.000000e-01 1.088102e+00 -0.656826 0.084319 0.168657 0.168785 0.169681 0.065386 0.656826 0.037206 0.057305 -0.843267 0.000000 
8.000000e-02 1.003093e-01 9.749753e-02 7.999997e-02 1.000000e-01 1.096031e+00 -0.662065 0.084994 0.170006 0.170131 0.171031 0.065905 0.662065 0.036533 0.055960 -0.844613 0.000000 
8.000000e-02 1.003093e-01 9.749753e-02 7.999997e-02 1.000000e-01 1.103942e+00 -0.667291 0.085668 0.171352 0.171473 0.172377 0.066423 0.667292 0.035862 0.054618 -0.845957 0.000000 
8.000000e-02 1.003093e-01 9.749753e-02 7.999996e-02 1.000000e-01 1.111834e+00 -0.672505 0.086340 0.172695 0.172813 0.173719 0.066940 0.672506 0.035193 0.053280 -0.847296 0.000000 
8.000000e-02 1.003093e-01 9.749753e-02 7.999996e-02 1.000000e-01 1.119706e+00 -0.677706 0.087012 0.174036 0.174149 0.175057 0.067455 0.677707 0.034526 0.051944 -0.848633 0.000000 
8.000000e-02 1.003093e-01 9.749753e-02 7.999996e-02 1.000000e-01 1.127559e+00 -0.682894 0.087682 0.175374 0.175482 0.176390 0.067968 0.682895 0.033860 0.050612 -0.849966 0.000000 
8.000000e-02 1.003093e-01 9.749753e-02 7.999995e-02 1.000000e-01 1.135392e+00 -0.688069 0.088351 0.176709 0.176811 0.177720 0.068479 0.688070 0.033196 0.049284 -0.851296 0.000000 
8.000000e-02 1.003093e-01 9.749753e-02 7.999995e-02 1.000000e-01 1.143205e+00 -0.693231 0.089019 0.178043 0.178137 0.179045 0.068989 0.693232 0.032533 0.047958 -0.852622 0.000000 
8.000000e-02 1.003093e-01 9.749753e-02 7.999994e-02 1.000000e-01 1.150998e+00 -0.698380 0.089686 0.179373 0.179460 0.180366 0.069496 0.698380 0.031872 0.046637 -0.853945 0.000000 
8.000000e-02 1.003093e-01 9.749753e-02 7.999993e-02 1.000000e-01 1.158770e+00 -0.703515 0.090352 0.180701 0.180779 0.181682 0.070002 0.703515 0.031213 0.045318 -0.855265 0.000000 
8.000000e-02 1.003093e-01 9.749753e-02 7.999993e-02 1.000000e-01 1.166522e+00 -0.708636 0.091018 0.182028 0.182094 0.182993 0.070505 0.708637 0.030556 0.044003 -0.856581 0.000000 
8.000000e-02 1.003093e-01 9.749753e-02 7.999992e-02 1.000000e-01 1.174253e+00 -0.713744 0.091683 0.183352 0.183406 0.184298 0.071007 0.713744 0.029900 0.042692 -0.857894 0.000000 
8.000000e-02 1.003093e-01 9.749753e-02 7.999991e-02 1.000000e-01 1.181962e+00 -0.718838 0.092347 0.184674 0.184714 0.185599 0.071506 0.718838 0.029247 0.041384 -0.859203 0.000000 
8.000000e-02 1.003093e-01 9.749753e-02 7.999990e-02 1.000000e-01 1.189651e+00 -0.723917 0.093010 0.185994 0.186019 0.186893 0.072002 0.723918 0.028595 0.040080 -0.860508 0.000000 
8.000000e-02 1.003093e-01 9.749753e-02 7.999988e-02 1.000000e-01 1.197317e+00 -0.728982 0.093673 0.187313 0.187319 0.188182 0.072496 0.728983 0.027945 0.038780 -0.861809 0.000000 
8.000000e-02 1.003093e-01 9.749753e-02 7.999987e-02 1.000000e-01 1.204962e+00 -0.734033 0.094336 0.188630 0.188616 0.189464 0.072987 0.734034 0.027297 0.037483 -0.863107 0.000000 
8.000000e-02 1.003093e-01 9.749753e-02 7.999985e-02 1.000000e-01 1.212585e+00 -0.739069 0.095000 0.189947 0.189909 0.190740 0.073475 0.739070 0.026650 0.036190 -0.864401 0.000000 
8.000000e-02 1.003093e-01 9.749753e-02 7.999983e-02 1.000000e-01 1.220185e+00 -0.744091 0.095663 0.191262 0.191198 0.192009 0.073960 0.744091 0.026006 0.034901 -0.865692 0.000000 
8.000000e-02 1.003093e-01 9.749753e-02 7.999981e-02 1.000000e-01 1.227763e+00 -0.749097 0.096327 0.192577 0.192484 0.193270 0.074442 0.749097 0.025363 0.033616 -0.866978 0.000000 
8.000000e-02 1.003093e-01 9.749753e-02 7.999978e-02 1.000000e-01 1.235317e+00 -0.754088 0.096991 0.193892 0.193765 0.194523 0.074920 0.754089 0.024723 0.032334 -0.868261 0.000000 
8.000000e-02 1.003093e-01 9.749753e-02 7.999976e-02 1.000000e-01 1.242849e+00 -0.759064 0.097656 0.195207 0.195042 0.195767 0.075393 0.759065 0.024084 0.031057 -0.869540 0.000000 
8.000000e-02 1.003093e-01 9.749753e-02 7.999972e-02 1.000000e-01 1.250357e+00 -0.764025 0.098323 0.196522 0.196315 0.197003 0.075863 0.764025 0.023447 0.029783 -0.870814 0.000000 
8.000000e-02 1.003093e-01 9.749753e-02 7.999969e-02 1.000000e-01 1.257841e+00 -0.768969 0.098991 0.197840 0.197584 0.198228 0.076328 0.768970 0.022813 0.028514 -0.872085 0.000000 
8.000000e-02 1.003093e-01 9.749753e-02 7.999964e-02 1.000000e-01 1.265301e+00 -0.773898 0.099662 0.199158 0.198848 0.199443 0.076788 0.773899 0.022180 0.027248 -0.873352 0.000000 
8.000000e-02 1.003093e-01 9.749753e-02 7.999960e-02 1.000000e-01 1.272737e+00 -0.778811 0.100335 0.200480 0.200109 0.200646 0.077242 0.778811 0.021550 0.025987 -0.874614 0.000000 
8.000000e-02 1.003093e-01 9.749753e-02 7.999954e-02 1.000000e-01 1.280149e+00 -0.783708 0.101010 0.201804 0.201366 0.201838 0.077691 0.783708 0.020921 0.024730 -0.875872 0.000000 
8.000000e-02 1.003093e-01 9.749753e-02 7.999948e-02 1.000000e-01 1.287535e+00 -0.788588 0.101690 0.203133 0.202618 0.203015 0.078132 0.788588 0.020295 0.023477 -0.877126 0.000000 
8.000000e-02 1.003093e-01 9.749753e-02 7.999941e-02 1.000000e-01 1.294896e+00 -0.793451 0.102373 0.204467 0.203867 0.204179 0.078567 0.793451 0.019671 0.022229 -0.878376 0.000000 
8.000000e-02 1.003093e-01 9.749753e-02 7.999933e-02 1.000000e-01 1.302232e+00 -0.798298 0.103062 0.205807 0.205111 0.205325 0.078993 0.798298 0.019049 0.020984 -0.879622 0.000000 
8.000000e-02 1.003093e-01 9.749753e-02 7.999924e-02 1.000000e-01 1.309542e+00 -0.803127 0.103756 0.207154 0.206352 0.206456 0.079412 0.803127 0.018429 0.019744 -0.880863 0.000000 
8.000000e-02 1.003093e-01 9.749753e-02 7.999913e-02 1.000000e-01 1.316825e+00 -0.807939 0.104456 0.208510 0.207589 0.207567 0.079819 0.807940 0.017811 0.018509 -0.882099 0.000000 
8.000000e-02 1.003093e-01 9.749753e-02 7.999901e-02 1.000000e-01 1.324083e+00 -0.812734 0.105163 0.209875 0.208822 0.208658 0.080217 0.812734 0.017196 0.017278 -0.883331 0.000000 
8.000000e-02 1.003093e-01 9.749753e-02 7.999888e-02 1.000000e-01 1.331313e+00 -0.817511 0.105879 0.211252 0.210053 0.209726 0.080603 0.817512 0.016583 0.016051 -0.884559 0.000000 
8.000000e-02 1.003093e-01 9.749753e-02 7.999873e-02 1.000000e-01 1.338516e+00 -0.822270 0.106603 0.212643 0.211281 0.210770 0.080975 0.822271 0.015972 0.014830 -0.885782 0.000000 
8.000000e-02 1.003093e-01 9.749753e-02 7.999856e-02 1.000000e-01 1.345692e+00 -0.827011 0.107337 0.214049 0.212507 0.211787 0.081333 0.827012 0.015363 0.013612 -0.887000 0.000000 
8.000000e-02 1.003093e-01 9.749753e-02 7.999837e-02 1.000000e-01 1.352840e+00 -0.831734 0.108083 0.215473 0.213732 0.212773 0.081674 0.831734 0.014757 0.012400 -0.888214 0.000000 
8.000000e-02 1.003093e-01 9.749753e-02 7.999815e-02 1.000000e-01 1.359960e+00 -0.836438 0.108839 0.216916 0.214956 0.213729 0.081999 0.836438 0.014154 0.011192 -0.889423 0.000000 
8.000000e-02 1.003093e-01 9.749753e-02 7.999790e-02 1.000000e-01 1.367051e+00 -0.841123 0.109611 0.218385 0.216182 0.214645 0.082301 0.841123 0.013552 0.009990 -0.890627 0.000000 
8.000000e-02 1.003093e-01 9.749753e-02 7.999763e-02 1.000000e-01 1.374113e+00 -0.845789 0.110396 0.219878 0.217410 0.215524 0.082582 0.845789 0.012953 0.008792 -0.891826 0.000000 
8.000000e-02 1.003093e-01 9.749753e-02 7.999731e-02 1.000000e-01 1.381146e+00 -0.850436 0.111197 0.221401 0.218643 0.216358 0.082836 0.850436 0.012357 0.007599 -0.893020 0.000000 
8.000000e-02 1.003093e-01 9.749753e-02 7.999696e-02 1.000000e-01 1.388150e+00 -0.855063 0.112016 0.222959 0.219884 0.217144 0.083061 0.855064 0.011763 0.006411 -0.894209 0.000000 
8.000000e-02 1.003093e-01 9.749753e-02 7.999657e-02 1.000000e-01 1.395123e+00 -0.859671 0.112850 0.224552 0.221134 0.217879 0.083257 0.859671 0.011172 0.005228 -0.895393 0.000000 
8.000000e-02 1.003093e-01 9.749753e-02 7.999612e-02 1.000000e-01 1.402066e+00 -0.864258 0.113705 0.226193 0.222401 0.218548 0.083411 0.864258 0.010583 0.004050 -0.896572 0.000000 
8.000000e-02 1.003093e-01 9.749753e-02 7.999562e-02 1.000000e-01 1.408979e+00 -0.868825 0.114578 0.227879 0.223685 0.219156 0.083528 0.868825 0.009997 0.002877 -0.897745 0.000000 
8.000000e-02 1.003093e-01 9.749753e-02 7.999506e-02 1.000000e-01 1.415860e+00 -0.873372 0.115470 0.229621 0.224995 0.219690 0.083597 0.873372 0.009413 0.001710 -0.898914 0.000000 
8.000000e-02 1.003093e-01 9.749753e-02 7.999443e-02 1.000000e-01 1.422709e+00 -0.877898 0.116382 0.231427 0.226340 0.220138 0.083611 0.877898 0.008832 0.000548 -0.900077 0.000000 
8.000000e-02 1.003093e-01 9.749753e-02 7.999373e-02 1.000000e-01 1.429527e+00 -0.882402 0.117309 0.233298 0.227724 0.220502 0.083570 0.882402 0.008254 -0.000608 -0.901234 0.000000 
8.000000e-02 1.003093e-01 9.749753e-02 7.999295e-02 1.000000e-01 1.436312e+00 -0.886886 0.118254 0.235255 0.229167 0.220755 0.083455 0.886886 0.007679 -0.001759 -0.902386 0.000000 
8.000000e-02 1.003093e-01 9.749753e-02 7.999208e-02 1.000000e-01 1.443064e+00 -0.891347 0.119210 0.237300 0.230678 0.220896 0.083265 0.891347 0.007106 -0.002905 -0.903533 0.000000 
8.000000e-02 1.003093e-01 9.749753e-02 7.999112e-02 1.000000e-01 1.449783e+00 -0.895787 0.120172 0.239440 0.232267 0.220915 0.082992 0.895787 0.006536 -0.004045 -0.904674 0.000000 
8.000000e-02 1.003093e-01 9.749753e-02 7.999005e-02 1.000000e-01 1.456469e+00 -0.900205 0.121135 0.241710 0.233976 0.220773 0.082610 0.900205 0.005969 -0.005179 -0.905809 0.000000 
8.000000e-02 1.003093e-01 9.749753e-02 7.998886e-02 1.000000e-01 1.463120e+00 -0.904600 0.122087 0.244109 0.235814 0.220471 0.082119 0.904600 0.005405 -0.006307 -0.906938 0.000000 
8.000000e-02 1.003093e-01 9.749753e-02 7.998756e-02 1.000000e-01 1.469736e+00 -0.908972 0.123018 0.246650 0.237806 0.219992 0.081507 0.908973 0.004844 -0.007430 -0.908062 0.000000 
8.000000e-02 1.003093e-01 9.749753e-02 7.998613e-02 1.000000e-01 1.476318e+00 -0.913322 0.123903 0.249385 0.240024 0.219274 0.080736 0.913322 0.004286 -0.008546 -0.909180 0.000000 
8.000000e-02 1.003093e-01 9.749753e-02 7.998457e-02 1.000000e-01 1.482864e+00 -0.917648 0.124723 0.252321 0.242489 0.218312 0.079804 0.917648 0.003731 -0.009657 -0.910291 0.000000 
8.000000e-02 1.003093e-01 9.749753e-02 7.998287e-02 1.000000e-01 1.489375e+00 -0.921951 0.125453 0.255479 0.245244 0.217077 0.078697 0.921951 0.003179 -0.010762 -0.911397 0.000000 
8.000000e-02 1.003093e-01 9.749753e-02 7.998103e-02 1.000000e-01 1.495848e+00 -0.926230 0.126042 0.258929 0.248399 0.215488 0.077371 0.926230 0.002629 -0.011860 -0.912497 0.000000 
8.000000e-02 1.003093e-01 9.749753e-02 7.997905e-02 1.000000e-01 1.502285e+00 -0.930484 0.126440 0.262714 0.252032 0.213492 0.075806 0.930484 0.002083 -0.012952 -0.913590 0.000000 
8.000000e-02 1.003093e-01 9.749753e-02 7.997694e-02 1.000000e-01 1.508682e+00 -0.934712 0.126601 0.266860 0.256204 0.211053 0.073995 0.934712 0.001541 -0.014038 -0.914676 0.000000 
8.000000e-02 1.003093e-01 9.749753e-02 7.997470e-02 1.000000e-01 1.515040e+00 -0.938915 0.126455 0.271431 0.261027 0.208090 0.071912 0.938915 0.001001 -0.015117 -0.915756 0.000000 
8.000000e-02 1.003093e-01 9.749753e-02 7.997236e-02 1.000000e-01 1.521357e+00 -0.943091 0.125837 0.276595 0.266790 0.204392 0.069477 0.943091 0.000465 -0.016189 -0.916829 0.000000 
8.000000e-02 1.003093e-01 9.749753e-02 7.996998e-02 1.000000e-01 1.527633e+00 -0.947240 0.124696 0.282357 0.273534 0.199936 0.066717 0.947240 -0.000067 -0.017254 -0.917896 0.000000 
8.000000e-02 1.003093e-01 9.749753e-02 7.996763e-02 1.000000e-01 1.533867e+00 -0.951361 0.122906 0.288811 0.281449 0.194586 0.063609 0.951361 -0.000596 -0.018312 -0.918955 0.000000 
8.000000e-02 1.003093e-01 9.749753e-02 7.996547e-02 1.000000e-01 1.540059e+00 -0.955454 0.120315 0.296064 0.290776 0.188170 0.060130 0.955454 -0.001121 -0.019363 -0.920007 0.000000 
8.000000e-02 1.003093e-01 9.749753e-02 7.996383e-02 1.000000e-01 1.546208e+00 -0.959517 0.116591 0.304366 0.302071 0.180284 0.056206 0.959517 -0.001643 -0.020406 -0.921051 0.000000 
8.000000e-02 1.003093e-01 9.749753e-02 7.996337e-02 1.000000e-01 1.552312e+00 -0.963547 0.111684 0.313658 0.315417 0.170894 0.051893 0.963547 -0.002160 -0.021441 -0.922086 0.000000 
8.000000e-02 1.003093e-01 9.749753e-02 7.996547e-02 1.000000e-01 1.558368e+00 -0.967538 0.105420 0.323955 0.331172 0.159793 0.047199 0.967538 -0.002672 -0.022466 -0.923112 0.000000 
8.000000e-02 1.003093e-01 9.749753e-02 7.997294e-02 1.000000e-01 1.564371e+00 -0.971480 0.097653 0.335147 0.349730 0.146800 0.042150 0.971480 -0.003178 -0.023478 -0.924125 0.000000 
8.000000e-02 1.003093e-01 9.749753e-02 7.999217e-02 1.000000e-01 1.570313e+00 -0.975350 0.088238 0.346879 0.371712 0.131735 0.036786 0.975350 -0.003675 -0.024471 -0.925119 0.000000 
8.000000e-02 1.003093e-01 9.749753e-02 8.003793e-02 1.000000e-01 1.576170e+00 -0.979094 0.077249 0.358087 0.397826 0.114708 0.031224 0.979094 -0.004155 -0.025432 -0.926081 0.000000 
8.000000e-02 1.003093e-01 9.749753e-02 8.014704e-02 1.000000e-01 1.581899e+00 -0.982620 0.065312 0.366492 0.428490 0.096613 0.025714 0.982620 -0.004608 -0.026338 -0.926987 0.000000 
8.000000e-02 1.003093e-01 9.749753e-02 8.042349e-02 1.000000e-01 1.587392e+00 -0.985750 0.053410 0.367114 0.465628 0.078963 0.020634 0.985750 -0.005010 -0.027141 -0.927792 0.000000 
8.000000e-02 1.003093e-01 9.749753e-02 8.121029e-02 1.000000e-01 1.592382e+00 -0.988258 0.042826 0.346873 0.518047 0.064024 0.016489 0.988258 -0.005332 -0.027785 -0.928436 0.000000 
8.000000e-02 1.003093e-01 9.749753e-02 8.344888e-02 1.000000e-01 1.596729e+00 -0.990986 0.030031 0.253830 0.647940 0.047232 0.011954 0.990986 -0.005682 -0.028486 -0.929137 0.000000 
8.000000e-02 1.003093e-01 9.749753e-02 8.409139e-02 1.000000e-01 1.597508e+00 -0.991780 0.026267 0.217746 0.695024 0.042132 0.010610 0.991780 -0.005784 -0.028689 -0.929341 0.000000 
8.000000e-02 1.003093e-01 9.749753e-02 8.409139e-02 1.000000e-01 1.597508e+00 -0.991780 0.026267 0.217746 0.695024 0.042132 0.010610 0.991780 -0.005784 -0.028689 -0.929341 0.000000 
8.000000e-02 1.003093e-01 9.749753e-02 8.409139e-02 1.000000e-01 1.597508e+00 -0.991780 0.026267 0.217746 0.695024 0.042132 0.010610 0.991780 -0.005784 -0.028689 -0.929341 0.000000 
8.000000e-02 1.003093e-01 9.749753e-02 8.409139e-02 1.000000e-01 1.597508e+00 -0.991780 0.026267 0.217746 0.695024 0.042132 0.010610 0.991780 -0.005784 -0.028689 -0.929341 0.000000 
8.000000e-02 1.003093e-01 9.749753e-02 8.409139e-02 1.000000e-01 1.597508e+00 -0.991780 0.026267 0.217746 0.695024 0.042132 0.010610 0.991780 -0.005784 -0.028689 -0.929341 0.000000 
8.000000e-02 1.003093e-01 9.749753e-02 8.409139e-02 1.000000e-01 1.597508e+00 -0.991780 0.026267 0.217746 0.695024 0.042132 0.010610 0.991780 -0.005784 -0.028689 -0.929341 0.000000 
8.000000e-02 1.003093e-01 9.749753e-02 8.409139e-02 1.000000e-01 1.597508e+00 -0.991780 0.026267 0.217746 0.695024 0.042132 0.010610 0.991780 -0.005784 -0.028689 -0.929341 0.000000 
8.000000e-02 1.003093e-01 9.749753e-02 8.409139e-02 1.000000e-01 1.597508e+00 -0.991780 0.026267 0.217746 0.695024 0.042132 0.010610 0.991780 -0.005784 -0.028689 -0.929341 0.000000 
8.000000e-02 1.003093e-01 9.749753e-02 8.409139e-02 1.000000e-01 1.597508e+00 -0.991780 0.026267 0.217746 0.695024 0.042132 0.010610 0.991780 -0.005784 -0.028689 -0.929341 0.000000 
8.000000e-02 1.003093e-01 9.749753e-02 8.409139e-02 1.000000e-01 1.597508e+00 -0.991780 0.026267 0.217746 0.695024 0.042132 0.010610 0.991780 -0.005784 -0.028689 -0.929341 0.000000 
8.000000e-02 1.003093e-01 9.749753e-02 8.409139e-02 1.000000e-01 1.597508e+00 -0.991780 0.026267 0.217746 0.695024 0.042132 0.010610 0.991780 -0.005784 -0.028689 -0.929341 0.000000 
8.000000e-02 1.003093e-01 9.749753e-02 8.409139e-02 1.000000e-01 1.597508e+00 -0.991780 0.026267 0.217746 0.695024 0.042132 0.010610 0.991780 -0.005784 -0.028689 -0.929341 0.000000 
8.000000e-02 1.003093e-01 9.749753e-02 8.409139e-02 1.000000e-01 1.597508e+00 -0.991780 0.026267 0.217746 0.695024 0.042132 0.010610 0.991780 -0.005784 -0.028689 -0.929341 0.000000 
8.000000e-02 1.003093e-01 9.749753e-02 8.409139e-02 1.000000e-01 1.597508e+00 -0.991780 0.026267 0.217746 0.695024 0.042132 0.010610 0.991780 -0.005784 -0.028689 -0.929341 0.000000 
8.000000e-02 1.003093e-01 9.749753e-02 8.409139e-02 1.000000e-01 1.597508e+00 -0.991780 0.026267 0.217746 0.695024 0.042132 0.010610 0.991780 -0.005784 -0.028689 -0.929341 0.000000 
8.000000e-02 1.003093e-01 9.749753e-02 8.409139e-02 1.000000e-01 1.597508e+00 -0.991780 0.026267 0.217746 0.695024 0.042132 0.010610 0.991780 -0.005784 -0.028689 -0.929341 0.000000 
8.000000e-02 1.003093e-01 9.749753e-02 8.409139e-02 1.000000e-01 1.597508e+00 -0.991780 0.026267 0.217746 0.695024 0.042132 0.010610 0.991780 -0.005784 -0.028689 -0.929341 0.000000 
8.000000e-02 1.003093e-01 9.749753e-02 8.409139e-02 1.000000e-01 1.597508e+00 -0.991780 0.026267 0.217746 0.695024 0.042132 0.010610 0.991780 -0.005784 -0.028689 -0.929341 0.000000 
8.000000e-02 1.003093e-01 9.749753e-02 8.409139e-02 1.000000e-01 1.597508e+00 -0.991780 0.026267 0.217746 0.695024 0.042132 0.010610 0.991780 -0.005784 -0.028689 -0.929341 0.000000 
8.000000e-02 1.003093e-01 9.749753e-02 8.409139e-02 1.000000e-01 1.597508e+00 -0.991780 0.026267 0.217746 0.695024 0.042132 0.010610 0.991780 -0.005784 -0.028689 -0.929341 0.000000 
8.000000e-02 1.003093e-01 9.749753e-02 8.409139e-02 1.000000e-01 1.597508e+00 -0.991780 0.026267 0.217746 0.695024 0.042132 0.010610 0.991780 -0.005784 -0.028689 -0.929341 0.000000 
8.000000e-02 1.003093e-01 9.749753e-02 8.409139e-02 1.000000e-01 1.597508e+00 -0.991780 0.026267 0.217746 0.695024 0.042132 0.010610 0.991780 -0.005784 -0.028689 -0.929341 0.000000 
8.000000e-02 1.003093e-01 9.749753e-02 8.409139e-02 1.000000e-01 1.597508e+00 -0.991780 0.026267 0.217746 0.695024 0.042132 0.010610 0.991780 -0.005784 -0.028689 -0.929341 0.000000 
8.000000e-02 1.003093e-01 9.749753e-02 8.409139e-02 1.000000e-01 1.597508e+00 -0.991780 0.026267 0.217746 0.695024 0.042132 0.010610 0.991780 -0.005784 -0.028689 -0.929341 0.000000 
8.000000e-02 1.003093e-01 9.749753e-02 8.409139e-02 1.000000e-01 1.597508e+00 -0.991780 0.026267 0.217746 0.695024 0.042132 0.010610 0.991780 -0.005784 -0.028689 -0.929341 0.000000 
8.000000e-02 1.003093e-01 9.749753e-02 8.409139e-02 1.000000e-01 1.597508e+00 -0.991780 0.026267 0.217746 0.695024 0.042132 0.010610 0.991780 -0.005784 -0.028689 -0.929341 0.000000 
8.000000e-02 1.003093e-01 9.749753e-02 8.409139e-02 1.000000e-01 1.597508e+00 -0.991780 0.026267 0.217746 0.695024 0.042132 0.010610 0.991780 -0.005784 -0.028689 -0.929341 0.000000 
8.000000e-02 1.003093e-01 9.749753e-02 8.409139e-02 1.000000e-01 1.597508e+00 -0.991780 0.026267 0.217746 0.695024 0.042132 0.010610 0.991780 -0.005784 -0.028689 -0.929341 0.000000 
8.000000e-02 1.003093e-01 9.749753e-02 8.409139e-02 1.000000e-01 1.597508e+00 -0.991780 0.026267 0.217746 0.695024 0.042132 0.010610 0.991780 -0.005784 -0.028689 -0.929341 0.000000 
8.000000e-02 1.003093e-01 9.749753e-02 8.409139e-02 1.000000e-01 1.597508e+00 -0.991780 0.026267 0.217746 0.695024 0.042132 0.010610 0.991780 -0.005784 -0.028689 -0.929341 0.000000 
8.000000e-02 1.003093e-01 9.749753e-02 8.409139e-02 1.000000e-01 1.597508e+00 -0.991780 0.026267 0.217746 0.695024 0.042132 0.010610 0.991780 -0.005784 -0.028689 -0.929341 0.000000 
8.000000e-02 1.003093e-01 9.749753e-02 8.409139e-02 1.000000e-01 1.597508e+00 -0.991780 0.026267 0.217746 0.695024 0.042132 0.010610 0.991780 -0.005784 -0.028689 -0.929341 0.000000 
8.000000e-02 1.003093e-01 9.749753e-02 8.409139e-02 1.000000e-01 1.597508e+00 -0.991780 0.026267 0.217746 0.695024 0.042132 0.010610 0.991780 -0.005784 -0.028689 -0.929341 0.000000 
8.000000e-02 1.003093e-01 9.749753e-02 8.409139e-02 1.000000e-01 1.597508e+00 -0.991780 0.026267 0.217746 0.695024 0.042132 0.010610 0.991780 -0.005784 -0.028689 -0.929341 0.000000 
8.000000e-02 1.003093e-01 9.749753e-02 8.409139e-02 1.000000e-01 1.597508e+00 -0.991780 0.026267 0.217746 0.695024 0.042132 0.010610 0.991780 -0.005784 -0.028689 -0.929341 0.000000 
8.000000e-02 1.003093e-01 9.749753e-02 8.409139e-02 1.000000e-01 1.597508e+00 -0.991780 0.026267 0.217746 0.695024 0.042132 0.010610 0.991780 -0.005784 -0.028689 -0.929341 0.000000 
8.000000e-02 1.003093e-01 9.749753e-02 8.409139e-02 1.000000e-01 1.597508e+00 -0.991780 0.026267 0.217746 0.695024 0.042132 0.010610 0.991780 -0.005784 -0.028689 -0.929341 0.000000 
8.000000e-02 1.003093e-01 9.749753e-02 8.409139e-02 1.000000e-01 1.597508e+00 -0.991780 0.026267 0.217746 0.695024 0.042132 0.010610 0.991780 -0.005784 -0.028689 -0.929341 0.000000 
8.000000e-02 1.003093e-01 9.749753e-02 8.409139e-02 1.000000e-01 1.597508e+00 -0.991780 0.026267 0.217746 0.695024 0.042132 0.010610 0.991780 -0.005784 -0.028689 -0.929341 0.000000 
8.000000e-02 1.003093e-01 9.749753e-02 8.409139e-02 1.000000e-01 1.597508e+00 -0.991780 0.026267 0.217746 0.695024 0.042132 0.010610 0.991780 -0.005784 -0.028689 -0.929341 0.000000 
8.000000e-02 1.003093e-01 9.749753e-02 8.409139e-02 1.000000e-01 1.597508e+00 -0.991780 0.026267 0.217746 0.695024 0.042132 0.010610 0.991780 -0.005784 -0.028689 -0.929341 0.000000 
8.000000e-02 1.003093e-01 9.749753e-02 8.409139e-02 1.000000e-01 1.597508e+00 -0.991780 0.026267 0.217746 0.695024 0.042132 0.010610 0.991780 -0.005784 -0.028689 -0.929341 0.000000 
8.000000e-02 1.003093e-01 9.749753e-02 8.409139e-02 1.000000e-01 1.597508e+00 -0.991780 0.026267 0.217746 0.695024 0.042132 0.010610 0.991780 -0.005784 -0.028689 -0.929341 0.000000 
8.000000e-02 1.003093e-01 9.749753e-02 8.409139e-02 1.000000e-01 1.597508e+00 -0.991780 0.026267 0.217746 0.695024 0.042132 0.010610 0.991780 -0.005784 -0.028689 -0.929341 0.000000 
8.000000e-02 1.003093e-01 9.749753e-02 8.409139e-02 1.000000e-01 1.597508e+00 -0.991780 0.026267 0.217746 0.695024 0.042132 0.010610 0.991780 -0.005784 -0.028689 -0.929341 0.000000 
8.000000e-02 1.003093e-01 9.749753e-02 8.409139e-02 1.000000e-01 1.597508e+00 -0.991780 0.026267 0.217746 0.695024 0.042132 0.010610 0.991780 -0.005784 -0.028689 -0.929341 0.000000 
8.000000e-02 1.003093e-01 9.749753e-02 8.409139e-02 1.000000e-01 1.597508e+00 -0.991780 0.026267 0.217746 0.695024 0.042132 0.010610 0.991780 -0.005784 -0.028689 -0.929341 0.000000 
8.000000e-02 1.003093e-01 9.749753e-02 8.409139e-02 1.000000e-01 1.597508e+00 -0.991780 0.026267 0.217746 0.695024 0.042132 0.010610 0.991780 -0.005784 -0.028689 -0.929341 0.000000 
8.000000e-02 1.003093e-01 9.749753e-02 8.409139e-02 1.000000e-01 1.597508e+00 -0.991780 0.026267 0.217746 0.695024 0.042132 0.010610 0.991780 -0.005784 -0.028689 -0.929341 0.000000 
8.000000e-02 1.003093e-01 9.749753e-02 8.409139e-02 1.000000e-01 1.597508e+00 -0.991780 0.026267 0.217746 0.695024 0.042132 0.010610 0.991780 -0.005784 -0.028689 -0.929341 0.000000 
8.000000e-02 1.003093e-01 9.749753e-02 8.409139e-02 1.000000e-01 1.597508e+00 -0.991780 0.026267 0.217746 0.695024 0.042132 0.010610 0.991780 -0.005784 -0.028689 -0.929341 0.000000 
8.000000e-02 1.003093e-01 9.749753e-02 8.409139e-02 1.000000e-01 1.597508e+00 -0.991780 0.026267 0.217746 0.695024 0.042132 0.010610 0.991780 -0.005784 -0.028689 -0.929341 0.000000 
8.000000e-02 1.003093e-01 9.749753e-02 8.409139e-02 1.000000e-01 1.597508e+00 -0.991780 0.026267 0.217746 0.695024 0.042132 0.010610 0.991780 -0.005784 -0.028689 -0.929341 0.000000 
8.000000e-02 1.003093e-01 9.749753e-02 8.409139e-02 1.000000e-01 1.597508e+00 -0.991780 0.026267 0.217746 0.695024 0.042132 0.010610 0.991780 -0.005784 -0.028689 -0.929341 0.000000 
8.000000e-02 1.003093e-01 9.749753e-02 8.409139e-02 1.000000e-01 1.597508e+00 -0.991780 0.026267 0.217746 0.695024 0.042132 0.010610 0.991780 -0.005784 -0.028689 -0.929341 0.000000 
8.000000e-02 1.003093e-01 9.749753e-02 8.409139e-02 1.000000e-01 1.597508e+00 -0.991780 0.026267 0.217746 0.695024 0.042132 0.010610 0.991780 -0.005784 -0.028689 -0.929341 0.000000 
8.000000e-02 1.003093e-01 9.749753e-02 8.409139e-02 1.000000e-01 1.597508e+00 -0.991780 0.026267 0.217746 0.695024 0.042132 0.010610 0.991780 -0.005784 -0.028689 -0.929341 0.000000 
8.000000e-02 1.003093e-01 9.749753e-02 8.409139e-02 1.000000e-01 1.597508e+00 -0.991780 0.026267 0.217746 0.695024 0.042132 0.010610 0.991780 -0.005784 -0.028689 -0.929341 0.000000 
8.000000e-02 1.003093e-01 9.749753e-02 8.409139e-02 1.000000e-01 1.597508e+00 -0.991780 0.026267 0.217746 0.695024 0.042132 0.010610 0.991780 -0.005784 -0.028689 -0.929341 0.000000 
8.000000e-02 1.003093e-01 9.749753e-02 8.409139e-02 1.000000e-01 1.597508e+00 -0.991780 0.026267 0.217746 0.695024 0.042132 0.010610 0.991780 -0.005784 -0.028689 -0.929341 0.000000 
8.000000e-02 1.003093e-01 9.749753e-02 8.409139e-02 1.000000e-01 1.597508e+00 -0.991780 0.026267 0.217746 0.695024 0.042132 0.010610 0.991780 -0.005784 -0.028689 -0.929341 0.000000 
8.000000e-02 1.003093e-01 9.749753e-02 8.409139e-02 1.000000e-01 1.597508e+00 -0.991780 0.026267 0.217746 0.695024 0.042132 0.010610 0.991780 -0.005784 -0.028689 -0.929341 0.000000 
8.000000e-02 1.003093e-01 9.749753e-02 8.409139e-02 1.000000e-01 1.597508e+00 -0.991780 0.026267 0.217746 0.695024 0.042132 0.010610 0.991780 -0.005784 -0.028689 -0.929341 0.000000 
8.000000e-02 1.003093e-01 9.749753e-02 8.409139e-02 1.000000e-01 1.597508e+00 -0.991780 0.026267 0.217746 0.695024 0.042132 0.010610 0.991780 -0.005784 -0.028689 -0.929341 0.000000 
8.000000e-02 1.003093e-01 9.749753e-02 8.409139e-02 1.000000e-01 1.597508e+00 -0.991780 0.026267 0.217746 0.695024 0.042132 0.010610 0.991780 -0.005784 -0.028689 -0.929341 0.000000 
8.000000e-02 1.003093e-01 9.749753e-02 8.409139e-02 1.000000e-01 1.597508e+00 -0.991780 0.026267 0.217746 0.695024 0.042132 0.010610 0.991780 -0.005784 -0.028689 -0.929341 0.000000 
8.000000e-02 1.003093e-01 9.749753e-02 8.409139e-02 1.000000e-01 1.597508e+00 -0.991780 0.026267 0.217746 0.695024 0.042132 0.010610 0.991780 -0.005784 -0.028689 -0.929341 0.000000 
8.000000e-02 1.003093e-01 9.749753e-02 8.409139e-02 1.000000e-01 1.597508e+00 -0.991780 0.026267 0.217746 0.695024 0.042132 0.010610 0.991780 -0.005784 -0.028689 -0.929341 0.000000 
8.000000e-02 1.003093e-01 9.749753e-02 8.409139e-02 1.000000e-01 1.597508e+00 -0.991780 0.026267 0.217746 0.695024 0.042132 0.010610 0.991780 -0.005784 -0.028689 -0.929341 0.000000 
8.000000e-02 1.003093e-01 9.749753e-02 8.409139e-02 1.000000e-01 1.597508e+00 -0.991780 0.026267 0.217746 0.695024 0.042132 0.010610 0.991780 -0.005784 -0.028689 -0.929341 0.000000 
8.000000e-02 1.003093e-01 9.749753e-02 8.409139e-02 1.000000e-01 1.597508e+00 -0.991780 0.026267 0.217746 0.695024 0.042132 0.010610 0.991780 -0.005784 -0.028689 -0.929341 0.000000 
8.000000e-02 1.003093e-01 9.749753e-02 8.409139e-02 1.000000e-01 1.597508e+00 -0.991780 0.026267 0.217746 0.695024 0.042132 0.010610 0.991780 -0.005784 -0.028689 -0.929341 0.000000 
8.000000e-02 1.003093e-01 9.749753e-02 8.409139e-02 1.000000e-01 1.597508e+00 -0.991780 0.026267 0.217746 0.695024 0.042132 0.010610 0.991780 -0.005784 -0.028689 -0.929341 0.000000 
8.000000e-02 1.003093e-01 9.749753e-02 8.409139e-02 1.000000e-01 1.597508e+00 -0.991780 0.026267 0.217746 0.695024 0.042132 0.010610 0.991780 -0.005784 -0.028689 -0.929341 0.000000 
8.000000e-02 1.003093e-01 9.749753e-02 8.409139e-02 1.000000e-01 1.597508e+00 -0.991780 0.026267 0.217746 0.695024 0.042132 0.010610 0.991780 -0.005784 -0.028689 -0.929341 0.000000 
8.000000e-02 1.003093e-01 9.749753e-02 8.409139e-02 1.000000e-01 1.597508e+00 -0.991780 0.026267 0.217746 0.695024 0.042132 0.010610 0.991780 -0.005784 -0.028689 -0.929341 0.000000 
8.000000e-02 1.003093e-01 9.749753e-02 8.409139e-02 1.000000e-01 1.597508e+00 -0.991780 0.026267 0.217746 0.695024 0.042132 0.010610 0.991780 -0.005784 -0.028689 -0.929341 0.000000 
8.000000e-02 1.003093e-01 9.749753e-02 8.409139e-02 1.000000e-01 1.597508e+00 -0.991780 0.026267 0.217746 0.695024 0.042132 0.010610 0.991780 -0.005784 -0.028689 -0.929341 0.000000 
8.000000e-02 1.003093e-01 9.749753e-02 8.409139e-02 1.000000e-01 1.597508e+00 -0.991780 0.026267 0.217746 0.695024 0.042132 0.010610 0.991780 -0.005784 -0.028689 -0.929341 0.000000 
8.000000e-02 1.003093e-01 9.749753e-02 8.409139e-02 1.000000e-01 1.597508e+00 -0.991780 0.026267 0.217746 0.695024 0.042132 0.010610 0.991780 -0.005784 -0.028689 -0.929341 0.000000 
8.000000e-02 1.003093e-01 9.749753e-02 8.409139e-02 1.000000e-01 1.597508e+00 -0.991780 0.026267 0.217746 0.695024 0.042132 0.010610 0.991780 -0.005784 -0.028689 -0.929341 0.000000 
8.000000e-02 1.003093e-01 9.749753e-02 8.409139e-02 1.000000e-01 1.597508e+00 -0.991780 0.026267 0.217746 0.695024 0.042132 0.010610 0.991780 -0.005784 -0.028689 -0.929341 0.000000 
8.000000e-02 1.003093e-01 9.749753e-02 8.409139e-02 1.000000e-01 1.597508e+00 -0.991780 0.026267 0.217746 0.695024 0.042132 0.010610 0.991780 -0.005784 -0.028689 -0.929341 0.000000 
8.000000e-02 1.003093e-01 9.749753e-02 8.409139e-02 1.000000e-01 1.597508e+00 -0.991780 0.026267 0.217746 0.695024 0.042132 0.010610 0.991780 -0.005784 -0.028689 -0.929341 0.000000 
8.000000e-02 1.003093e-01 9.749753e-02 8.409139e-02 1.000000e-01 1.597508e+00 -0.991780 0.026267 0.217746 0.695024 0.042132 0.010610 0.991780 -0.005784 -0.028689 -0.929341 0.000000 
8.000000e-02 1.003093e-01 9.749753e-02 8.409139e-02 1.000000e-01 1.597508e+00 -0.991780 0.026267 0.217746 0.695024 0.042132 0.010610 0.991780 -0.005784 -0.028689 -0.929341 0.000000 
8.000000e-02 1.003093e-01 9.749753e-02 8.409139e-02 1.000000e-01 1.597508e+00 -0.991780 0.026267 0.217746 0.695024 0.042132 0.010610 0.991780 -0.005784 -0.028689 -0.929341 0.000000 
8.000000e-02 1.003093e-01 9.749753e-02 8.409139e-02 1.000000e-01 1.597508e+00 -0.991780 0.026267 0.217746 0.695024 0.042132 0.010610 0.991780 -0.005784 -0.028689 -0.929341 0.000000 
8.000000e-02 1.003093e-01 9.749753e-02 8.409139e-02 1.000000e-01 1.597508e+00 -0.991780 0.026267 0.217746 0.695024 0.042132 0.010610 0.991780 -0.005784 -0.028689 -0.929341 0.000000 
8.000000e-02 1.003093e-01 9.749753e-02 8.409139e-02 1.000000e-01 1.597508e+00 -0.991780 0.026267 0.217746 0.695024 0.042132 0.010610 0.991780 -0.005784 -0.028689 -0.929341 0.000000 
8.000000e-02 1.003093e-01 9.749753e-02 8.409139e-02 1.000000e-01 1.597508e+00 -0.991780 0.026267 0.217746 0.695024 0.042132 0.010610 0.991780 -0.005784 -0.028689 -0.929341 0.000000 
8.000000e-02 1.003093e-01 9.749753e-02 8.409139e-02 1.000000e-01 1.597508e+00 -0.991780 0.026267 0.217746 0.695024 0.042132 0.010610 0.991780 -0.005784 -0.028689 -0.929341 0.000000 
8.000000e-02 1.003093e-01 9.749753e-02 8.409139e-02 1.000000e-01 1.597508e+00 -0.991780 0.026267 0.217746 0.695024 0.042132 0.010610 0.991780 -0.005784 -0.028689 -0.929341 0.000000 
8.000000e-02 1.003093e-01 9.749753e-02 8.409139e-02 1.000000e-01 1.597508e+00 -0.991780 0.026267 0.217746 0.695024 0.042132 0.010610 0.991780 -0.005784 -0.028689 -0.929341 0.000000 
8.000000e-02 1.003093e-01 9.749753e-02 8.409139e-02 1.000000e-01 1.597508e+00 -0.991780 0.026267 0.217746 0.695024 0.042132 0.010610 0.991780 -0.005784 -0.028689 -0.929341 0.000000 
8.000000e-02 1.003093e-01 9.749753e-02 8.409139e-02 1.000000e-01 1.597508e+00 -0.991780 0.026267 0.217746 0.695024 0.042132 0.010610 0.991780 -0.005784 -0.028689 -0.929341 0.000000 
8.000000e-02 1.003093e-01 9.749753e-02 8.409139e-02 1.000000e-01 1.597508e+00 -0.991780 0.026267 0.217746 0.695024 0.042132 0.010610 0.991780 -0.005784 -0.028689 -0.929341 0.000000 
8.000000e-02 1.003093e-01 9.749753e-02 8.409139e-02 1.000000e-01 1.597508e+00 -0.991780 0.026267 0.217746 0.695024 0.042132 0.010610 0.991780 -0.005784 -0.028689 -0.929341 0.000000 
8.000000e-02 1.003093e-01 9.749753e-02 8.409139e-02 1.000000e-01 1.597508e+00 -0.991780 0.026267 0.217746 0.695024 0.042132 0.010610 0.991780 -0.005784 -0.028689 -0.929341 0.000000 
8.000000e-02 1.003093e-01 9.749753e-02 8.409139e-02 1.000000e-01 1.597508e+00 -0.991780 0.026267 0.217746 0.695024 0.042132 0.010610 0.991780 -0.005784 -0.028689 -0.929341 0.000000 
8.000000e-02 1.003093e-01 9.749753e-02 8.409139e-02 1.000000e-01 1.597508e+00 -0.991780 0.026267 0.217746 0.695024 0.042132 0.010610 0.991780 -0.005784 -0.028689 -0.929341 0.000000 
8.000000e-02 1.003093e-01 9.749753e-02 8.409139e-02 1.000000e-01 1.597508e+00 -0.991780 0.026267 0.217746 0.695024 0.042132 0.010610 0.991780 -0.005784 -0.028689 -0.929341 0.000000 
8.000000e-02 1.003093e-01 9.749753e-02 8.409139e-02 1.000000e-01 1.597508e+00 -0.991780 0.026267 0.217746 0.695024 0.042132 0.010610 0.991780 -0.005784 -0.028689 -0.929341 0.000000 
8.000000e-02 1.003093e-01 9.749753e-02 8.409139e-02 1.000000e-01 1.597508e+00 -0.991780 0.026267 0.217746 0.695024 0.042132 0.010610 0.991780 -0.005784 -0.028689 -0.929341 0.000000 
8.000000e-02 1.003093e-01 9.749753e-02 8.409139e-02 1.000000e-01 1.597508e+00 -0.991780 0.026267 0.217746 0.695024 0.042132 0.010610 0.991780 -0.005784 -0.028689 -0.929341 0.000000 
8.000000e-02 1.003093e-01 9.749753e-02 8.409139e-02 1.000000e-01 1.597508e+00 -0.991780 0.026267 0.217746 0.695024 0.042132 0.010610 0.991780 -0.005784 -0.028689 -0.929341 0.000000 
8.000000e-02 1.003093e-01 9.749753e-02 8.409139e-02 1.000000e-01 1.597508e+00 -0.991780 0.026267 0.217746 0.695024 0.042132 0.010610 0.991780 -0.005784 -0.028689 -0.929341 0.000000 
8.000000e-02 1.003093e-01 9.749753e-02 8.409139e-02 1.000000e-01 1.597508e+00 -0.991780 0.026267 0.217746 0.695024 0.042132 0.010610 0.991780 -0.005784 -0.028689 -0.929341 0.000000 
8.000000e-02 1.003093e-01 9.749753e-02 8.409139e-02 1.000000e-01 1.597508e+00 -0.991780 0.026267 0.217746 0.695024 0.042132 0.010610 0.991780 -0.005784 -0.028689 -0.929341 0.000000 
8.000000e-02 1.003093e-01 9.749753e-02 8.409139e-02 1.000000e-01 1.597508e+00 -0.991780 0.026267 0.217746 0.695024 0.042132 0.010610 0.991780 -0.005784 -0.028689 -0.929341 0.000000 
8.000000e-02 1.003093e-01 9.749753e-02 8.409139e-02 1.000000e-01 1.597508e+00 -0.991780 0.026267 0.217746 0.695024 0.042132 0.010610 0.991780 -0.005784 -0.028689 -0.929341 0.000000 
8.000000e-02 1.003093e-01 9.749753e-02 8.409139e-02 1.000000e-01 1.597508e+00 -0.991780 0.026267 0.217746 0.695024 0.042132 0.010610 0.991780 -0.005784 -0.028689 -0.929341 0.000000 
8.000000e-02 1.003093e-01 9.749753e-02 8.409139e-02 1.000000e-01 1.597508e+00 -0.991780 0.026267 0.217746 0.695024 0.042132 0.010610 0.991780 -0.005784 -0.028689 -0.929341 0.000000 
8.000000e-02 1.003093e-01 9.749753e-02 8.409139e-02 1.000000e-01 1.597508e+00 -0.991780 0.026267 0.217746 0.695024 0.042132 0.010610 0.991780 -0.005784 -0.028689 -0.929341 0.000000 
8.000000e-02 1.003093e-01 9.749753e-02 8.409139e-02 1.000000e-01 1.597508e+00 -0.991780 0.026267 0.217746 0.695024 0.042132 0.010610 0.991780 -0.005784 -0.028689 -0.929341 0.000000 
8.000000e-02 1.003093e-01 9.749753e-02 8.409139e-02 1.000000e-01 1.597508e+00 -0.991780 0.026267 0.217746 0.695024 0.042132 0.010610 0.991780 -0.005784 -0.028689 -0.929341 0.000000 
8.000000e-02 1.003093e-01 9.749753e-02 8.409139e-02 1.000000e-01 1.597508e+00 -0.991780 0.026267 0.217746 0.695024 0.042132 0.010610 0.991780 -0.005784 -0.028689 -0.929341 0.000000 
8.000000e-02 1.003093e-01 9.749753e-02 8.409139e-02 1.000000e-01 1.597508e+00 -0.991780 0.026267 0.217746 0.695024 0.042132 0.010610 0.991780 -0.005784 -0.028689 -0.929341 0.000000 
8.000000e-02 1.003093e-01 9.749753e-02 8.409139e-02 1.000000e-01 1.597508e+00 -0.991780 0.026267 0.217746 0.695024 0.042132 0.010610 0.991780 -0.005784 -0.028689 -0.929341 0.000000 
8.000000e-02 1.003093e-01 9.749753e-02 8.409139e-02 1.000000e-01 1.597508e+00 -0.991780 0.026267 0.217746 0.695024 0.042132 0.010610 0.991780 -0.005784 -0.028689 -0.929341 0.000000 
8.000000e-02 1.003093e-01 9.749753e-02 8.409139e-02 1.000000e-01 1.597508e+00 -0.991780 0.026267 0.217746 0.695024 0.042132 0.010610 0.991780 -0.005784 -0.028689 -0.929341 0.000000 
8.000000e-02 1.003093e-01 9.749753e-02 8.409139e-02 1.000000e-01 1.597508e+00 -0.991780 0.026267 0.217746 0.695024 0.042132 0.010610 0.991780 -0.005784 -0.028689 -0.929341 0.000000 
8.000000e-02 1.003093e-01 9.749753e-02 8.409139e-02 1.000000e-01 1.597508e+00 -0.991780 0.026267 0.217746 0.695024 0.042132 0.010610 0.991780 -0.005784 -0.028689 -0.929341 0.000000 
8.000000e-02 1.003093e-01 9.749753e-02 8.409139e-02 1.000000e-01 1.597508e+00 -0.991780 0.026267 0.217746 0.695024 0.042132 0.010610 0.991780 -0.005784 -0.028689 -0.929341 0.000000 
8.000000e-02 1.003093e-01 9.749753e-02 8.409139e-02 1.000000e-01 1.597508e+00 -0.991780 0.026267 0.217746 0.695024 0.042132 0.010610 0.991780 -0.005784 -0.028689 -0.929341 0.000000 
8.000000e-02 1.003093e-01 9.749753e-02 8.409139e-02 1.000000e-01 1.597508e+00 -0.991780 0.026267 0.217746 0.695024 0.042132 0.010610 0.991780 -0.005784 -0.028689 -0.929341 0.000000 
8.000000e-02 1.003093e-01 9.749753e-02 8.409139e-02 1.000000e-01 1.597508e+00 -0.991780 0.026267 0.217746 0.695024 0.042132 0.010610 0.991780 -0.005784 -0.028689 -0.929341 0.000000 
8.000000e-02 1.003093e-01 9.749753e-02 8.409139e-02 1.000000e-01 1.597508e+00 -0.991780 0.026267 0.217746 0.695024 0.042132 0.010610 0.991780 -0.005784 -0.028689 -0.929341 0.000000 
8.000000e-02 1.003093e-01 9.749753e-02 8.409139e-02 1.000000e-01 1.597508e+00 -0.991780 0.026267 0.217746 0.695024 0.042132 0.010610 0.991780 -0.005784 -0.028689 -0.929341 0.000000 
8.000000e-02 1.003093e-01 9.749753e-02 8.409139e-02 1.000000e-01 1.597508e+00 -0.991780 0.026267 0.217746 0.695024 0.042132 0.010610 0.991780 -0.005784 -0.028689 -0.929341 0.000000 
8.000000e-02 1.003093e-01 9.749753e-02 8.409139e-02 1.000000e-01 1.597508e+00 -0.991780 0.026267 0.217746 0.695024 0.042132 0.010610 0.991780 -0.005784 -0.028689 -0.929341 0.000000 
8.000000e-02 1.003093e-01 9.749753e-02 8.409139e-02 1.000000e-01 1.597508e+00 -0.991780 0.026267 0.217746 0.695024 0.042132 0.010610 0.991780 -0.005784 -0.028689 -0.929341 0.000000 
8.000000e-02 1.003093e-01 9.749753e-02 8.409139e-02 1.000000e-01 1.597508e+00 -0.991780 0.026267 0.217746 0.695024 0.042132 0.010610 0.991780 -0.005784 -0.028689 -0.929341 0.000000 
8.000000e-02 1.003093e-01 9.749753e-02 8.409139e-02 1.000000e-01 1.597508e+00 -0.991780 0.026267 0.217746 0.695024 0.042132 0.010610 0.991780 -0.005784 -0.028689 -0.929341 0.000000 
8.000000e-02 1.003093e-01 9.749753e-02 8.409139e-02 1.000000e-01 1.597508e+00 -0.991780 0.026267 0.217746 0.695024 0.042132 0.010610 0.991780 -0.005784 -0.028689 -0.929341 0.000000 
8.000000e-02 1.003093e-01 9.749753e-02 8.409139e-02 1.000000e-01 1.597508e+00 -0.991780 0.026267 0.217746 0.695024 0.042132 0.010610 0.991780 -0.005784 -0.028689 -0.929341 0.000000 
8.000000e-02 1.003093e-01 9.749753e-02 8.409139e-02 1.000000e-01 1.597508e+00 -0.991780 0.026267 0.217746 0.695024 0.042132 0.010610 0.991780 -0.005784 -0.028689 -0.929341 0.000000 
8.000000e-02 1.003093e-01 9.749753e-02 8.409139e-02 1.000000e-01 1.597508e+00 -0.991780 0.026267 0.217746 0.695024 0.042132 0.010610 0.991780 -0.005784 -0.028689 -0.929341 0.000000 
8.000000e-02 1.003093e-01 9.749753e-02 8.409139e-02 1.000000e-01 1.597508e+00 -0.991780 0.026267 0.217746 0.695024 0.042132 0.010610 0.991780 -0.005784 -0.028689 -0.929341 0.000000 
8.000000e-02 1.003093e-01 9.749753e-02 8.409139e-02 1.000000e-01 1.597508e+00 -0.991780 0.026267 0.217746 0.695024 0.042132 0.010610 0.991780 -0.005784 -0.028689 -0.929341 0.000000 
8.000000e-02 1.003093e-01 9.749753e-02 8.409139e-02 1.000000e-01 1.597508e+00 -0.991780 0.026267 0.217746 0.695024 0.042132 0.010610 0.991780 -0.005784 -0.028689 -0.929341 0.000000 
8.000000e-02 1.003093e-01 9.749753e-02 8.409139e-02 1.000000e-01 1.597508e+00 -0.991780 0.026267 0.217746 0.695024 0.042132 0.010610 0.991780 -0.005784 -0.028689 -0.929341 0.000000 
8.000000e-02 1.003093e-01 9.749753e-02 8.409139e-02 1.000000e-01 1.597508e+00 -0.991780 0.026267 0.217746 0.695024 0.042132 0.010610 0.991780 -0.005784 -0.028689 -0.929341 0.000000 
8.000000e-02 1.003093e-01 9.749753e-02 8.409139e-02 1.000000e-01 1.597508e+00 -0.991780 0.026267 0.217746 0.695024 0.042132 0.010610 0.991780 -0.005784 -0.028689 -0.929341 0.000000 
8.000000e-02 1.003093e-01 9.749753e-02 8.409139e-02 1.000000e-01 1.597508e+00 -0.991780 0.026267 0.217746 0.695024 0.042132 0.010610 0.991780 -0.005784 -0.028689 -0.929341 0.000000 
8.000000e-02 1.003093e-01 9.749753e-02 8.409139e-02 1.000000e-01 1.597508e+00 -0.991780 0.026267 0.217746 0.695024 0.042132 0.010610 0.991780 -0.005784 -0.028689 -0.929341 0.000000 
8.000000e-02 1.003093e-01 9.749753e-02 8.409139e-02 1.000000e-01 1.597508e+00 -0.991780 0.026267 0.217746 0.695024 0.042132 0.010610 0.991780 -0.005784 -0.028689 -0.929341 0.000000 
8.000000e-02 1.003093e-01 9.749753e-02 8.409139e-02 1.000000e-01 1.597508e+00 -0.991780 0.026267 0.217746 0.695024 0.042132 0.010610 0.991780 -0.005784 -0.028689 -0.929341 0.000000 
8.000000e-02 1.003093e-01 9.749753e-02 8.409139e-02 1.000000e-01 1.597508e+00 -0.991780 0.026267 0.217746 0.695024 0.042132 0.010610 0.991780 -0.005784 -0.028689 -0.929341 0.000000 
8.000000e-02 1.003093e-01 9.749753e-02 8.409139e-02 1.000000e-01 1.597508e+00 -0.991780 0.026267 0.217746 0.695024 0.042132 0.010610 0.991780 -0.005784 -0.028689 -0.929341 0.000000 
8.000000e-02 1.003093e-01 9.749753e-02 8.409139e-02 1.000000e-01 1.597508e+00 -0.991780 0.026267 0.217746 0.695024 0.042132 0.010610 0.991780 -0.005784 -0.028689 -0.929341 0.000000 
8.000000e-02 1.003093e-01 9.749753e-02 8.409139e-02 1.000000e-01 1.597508e+00 -0.991780 0.026267 0.217746 0.695024 0.042132 0.010610 0.991780 -0.005784 -0.028689 -0.929341 0.000000 
8.000000e-02 1.003093e-01 9.749753e-02 8.409139e-02 1.000000e-01 1.597508e+00 -0.991780 0.026267 0.217746 0.695024 0.042132 0.010610 0.991780 -0.005784 -0.028689 -0.929341 0.000000 
8.000000e-02 1.003093e-01 9.749753e-02 8.409139e-02 1.000000e-01 1.597508e+00 -0.991780 0.026267 0.217746 0.695024 0.042132 0.010610 0.991780 -0.005784 -0.028689 -0.929341 0.000000 
8.000000e-02 1.003093e-01 9.749753e-02 8.409139e-02 1.000000e-01 1.597508e+00 -0.991780 0.026267 0.217746 0.695024 0.042132 0.010610 0.991780 -0.005784 -0.028689 -0.929341 0.000000 
8.000000e-02 1.003093e-01 9.749753e-02 8.409139e-02 1.000000e-01 1.597508e+00 -0.991780 0.026267 0.217746 0.695024 0.042132 0.010610 0.991780 -0.005784 -0.028689 -0.929341 0.000000 
8.000000e-02 1.003093e-01 9.749753e-02 8.409139e-02 1.000000e-01 1.597508e+00 -0.991780 0.026267 0.217746 0.695024 0.042132 0.010610 0.991780 -0.005784 -0.028689 -0.929341 0.000000 
8.000000e-02 1.003093e-01 9.749753e-02 8.409139e-02 1.000000e-01 1.597508e+00 -0.991780 0.026267 0.217746 0.695024 0.042132 0.010610 0.991780 -0.005784 -0.028689 -0.929341 0.000000 
8.000000e-02 1.003093e-01 9.749753e-02 8.409139e-02 1.000000e-01 1.597508e+00 -0.991780 0.026267 0.217746 0.695024 0.042132 0.010610 0.991780 -0.005784 -0.028689 -0.929341 0.000000 
8.000000e-02 1.003093e-01 9.749753e-02 8.409139e-02 1.000000e-01 1.597508e+00 -0.991780 0.026267 0.217746 0.695024 0.042132 0.010610 0.991780 -0.005784 -0.028689 -0.929341 0.000000 
8.000000e-02 1.003093e-01 9.749753e-02 8.409139e-02 1.000000e-01 1.597508e+00 -0.991780 0.026267 0.217746 0.695024 0.042132 0.010610 0.991780 -0.005784 -0.028689 -0.929341 0.000000 
8.000000e-02 1.003093e-01 9.749753e-02 8.409139e-02 1.000000e-01 1.597508e+00 -0.991780 0.026267 0.217746 0.695024 0.042132 0.010610 0.991780 -0.005784 -0.028689 -0.929341 0.000000 
8.000000e-02 1.003093e-01 9.749753e-02 8.409139e-02 1.000000e-01 1.597508e+00 -0.991780 0.026267 0.217746 0.695024 0.042132 0.010610 0.991780 -0.005784 -0.028689 -0.929341 0.000000 
8.000000e-02 1.003093e-01 9.749753e-02 8.409139e-02 1.000000e-01 1.597508e+00 -0.991780 0.026267 0.217746 0.695024 0.042132 0.010610 0.991780 -0.005784 -0.028689 -0.929341 0.000000 
8.000000e-02 1.003093e-01 9.749753e-02 8.409139e-02 1.000000e-01 1.597508e+00 -0.991780 0.026267 0.217746 0.695024 0.042132 0.010610 0.991780 -0.005784 -0.028689 -0.929341 0.000000 
8.000000e-02 1.003093e-01 9.749753e-02 8.409139e-02 1.000000e-01 1.597508e+00 -0.991780 0.026267 0.217746 0.695024 0.042132 0.010610 0.991780 -0.005784 -0.028689 -0.929341 0.000000 
8.000000e-02 1.003093e-01 9.749753e-02 8.409139e-02 1.000000e-01 1.597508e+00 -0.991780 0.026267 0.217746 0.695024 0.042132 0.010610 0.991780 -0.005784 -0.028689 -0.929341 0.000000 
8.000000e-02 1.003093e-01 9.749753e-02 8.409139e-02 1.000000e-01 1.597508e+00 -0.991780 0.026267 0.217746 0.695024 0.042132 0.010610 0.991780 -0.005784 -0.028689 -0.929341 0.000000 
8.000000e-02 1.003093e-01 9.749753e-02 8.409139e-02 1.000000e-01 1.597508e+00 -0.991780 0.026267 0.217746 0.695024 0.042132 0.010610 0.991780 -0.005784 -0.028689 -0.929341 0.000000 
8.000000e-02 1.003093e-01 9.749753e-02 8.409139e-02 1.000000e-01 1.597508e+00 -0.991780 0.026267 0.217746 0.695024 0.042132 0.010610 0.991780 -0.005784 -0.028689 -0.929341 0.000000 
8.000000e-02 1.003093e-01 9.749753e-02 8.409139e-02 1.000000e-01 1.597508e+00 -0.991780 0.026267 0.217746 0.695024 0.042132 0.010610 0.991780 -0.005784 -0.028689 -0.929341 0.000000 
8.000000e-02 1.003093e-01 9.749753e-02 8.409139e-02 1.000000e-01 1.597508e+00 -0.991780 0.026267 0.217746 0.695024 0.042132 0.010610 0.991780 -0.005784 -0.028689 -0.929341 0.000000 
8.000000e-02 1.003093e-01 9.749753e-02 8.409139e-02 1.000000e-01 1.597508e+00 -0.991780 0.026267 0.217746 0.695024 0.042132 0.010610 0.991780 -0.005784 -0.028689 -0.929341 0.000000 
8.000000e-02 1.003093e-01 9.749753e-02 8.409139e-02 1.000000e-01 1.597508e+00 -0.991780 0.026267 0.217746 0.695024 0.042132 0.010610 0.991780 -0.005784 -0.028689 -0.929341 0.000000 
8.000000e-02 1.003093e-01 9.749753e-02 8.409139e-02 1.000000e-01 1.597508e+00 -0.991780 0.026267 0.217746 0.695024 0.042132 0.010610 0.991780 -0.005784 -0.028689 -0.929341 0.000000 
8.000000e-02 1.003093e-01 9.749753e-02 8.409139e-02 1.000000e-01 1.597508e+00 -0.991780 0.026267 0.217746 0.695024 0.042132 0.010610 0.991780 -0.005784 -0.028689 -0.929341 0.000000 
8.000000e-02 1.003093e-01 9.749753e-02 8.409139e-02 1.000000e-01 1.597508e+00 -0.991780 0.026267 0.217746 0.695024 0.042132 0.010610 0.991780 -0.005784 -0.028689 -0.929341 0.000000 
8.000000e-02 1.003093e-01 9.749753e-02 8.409139e-02 1.000000e-01 1.597508e+00 -0.991780 0.026267 0.217746 0.695024 0.042132 0.010610 0.991780 -0.005784 -0.028689 -0.929341 0.000000 
