# TeX TeY TeZ ThX ThY THZ P1 P2
8.500000e-02 1.000000e-01 1.150000e-01 8.500000e-02 1.000000e-01 1.150000e-01 0.000000 0.000000 0.000000 0.000000 0.000000 0.000000 0.000000 0.000000 0.000000 0.000000 0.000000 
8.500000e-02 1.002382e-01 1.010260e-01 8.493120e-02 1.000000e-01 1.242800e-01 -0.016919 0.002171 0.004344 0.004348 0.004371 0.001685 0.016919 0.045868 0.141024 -0.371536 0.000000 
8.500000e-02 1.002908e-01 9.749700e-02 8.491028e-02 1.000000e-01 1.335192e-01 -0.026076 0.003347 0.006695 0.006701 0.006738 0.002596 0.026076 0.067757 0.198884 -0.532382 0.000000 
8.500000e-02 1.002908e-01 9.749700e-02 8.490718e-02 1.000000e-01 1.427389e-01 -0.032202 0.004133 0.008268 0.008275 0.008321 0.003206 0.032203 0.078142 0.207306 -0.577719 0.000000 
8.500000e-02 1.002908e-01 9.749700e-02 8.490328e-02 1.000000e-01 1.519470e-01 -0.038301 0.004916 0.009833 0.009842 0.009896 0.003814 0.038302 0.086365 0.211039 -0.609238 0.000000 
8.500000e-02 1.002908e-01 9.749700e-02 8.489739e-02 1.000000e-01 1.611462e-01 -0.044387 0.005697 0.011396 0.011406 0.011469 0.004420 0.044387 0.092721 0.212236 -0.631698 0.000000 
8.500000e-02 1.002908e-01 9.749700e-02 8.489110e-02 1.000000e-01 1.703374e-01 -0.050465 0.006477 0.012956 0.012968 0.013039 0.005025 0.050465 0.097513 0.212073 -0.648061 0.000000 
8.500000e-02 1.002908e-01 9.749700e-02 8.488500e-02 1.000000e-01 1.795208e-01 -0.056536 0.007256 0.014515 0.014528 0.014608 0.005629 0.056536 0.101005 0.211180 -0.660150 0.000000 
8.500000e-02 1.002908e-01 9.749700e-02 8.487932e-02 1.000000e-01 1.886967e-01 -0.062601 0.008034 0.016072 0.016087 0.016175 0.006233 0.062601 0.103482 0.209922 -0.669309 0.000000 
8.500000e-02 1.002908e-01 9.749700e-02 8.487415e-02 1.000000e-01 1.978649e-01 -0.068660 0.008812 0.017627 0.017644 0.017740 0.006837 0.068660 0.105184 0.208483 -0.676428 0.000000 
8.500000e-02 1.002908e-01 9.749700e-02 8.486951e-02 1.000000e-01 2.070254e-01 -0.074714 0.009589 0.019182 0.019199 0.019305 0.007439 0.074714 0.106286 0.206956 -0.682071 0.000000 
8.500000e-02 1.002908e-01 9.749700e-02 8.486537e-02 1.000000e-01 2.161784e-01 -0.080762 0.010365 0.020734 0.020754 0.020867 0.008042 0.080762 0.106927 0.205390 -0.686639 0.000000 
8.500000e-02 1.002908e-01 9.749700e-02 8.486171e-02 1.000000e-01 2.253236e-01 -0.086805 0.011141 0.022286 0.022307 0.022429 0.008643 0.086805 0.107218 0.203809 -0.690419 0.000000 
8.500000e-02 1.002908e-01 9.749700e-02 8.485849e-02 1.000000e-01 2.344611e-01 -0.092842 0.011916 0.023836 0.023858 0.023989 0.009245 0.092843 0.107236 0.202227 -0.693606 0.000000 
8.500000e-02 1.002908e-01 9.749700e-02 8.485566e-02 1.000000e-01 2.435908e-01 -0.098875 0.012690 0.025385 0.025408 0.025547 0.009845 0.098875 0.107054 0.200649 -0.696366 0.000000 
8.500000e-02 1.002908e-01 9.749700e-02 8.485319e-02 1.000000e-01 2.527126e-01 -0.104902 0.013463 0.026932 0.026957 0.027105 0.010445 0.104902 0.106725 0.199076 -0.698817 0.000000 
8.500000e-02 1.002908e-01 9.749700e-02 8.485103e-02 1.000000e-01 2.618266e-01 -0.110923 0.014236 0.028478 0.028504 0.028661 0.011045 0.110924 0.106285 0.197510 -0.701037 0.000000 
8.500000e-02 1.002908e-01 9.749700e-02 8.484915e-02 1.000000e-01 2.709327e-01 -0.116940 0.015008 0.030023 0.030050 0.030215 0.011644 0.116940 0.105762 0.195949 -0.703084 0.000000 
8.500000e-02 1.002908e-01 9.749700e-02 8.484751e-02 1.000000e-01 2.800308e-01 -0.122951 0.015780 0.031566 0.031595 0.031768 0.012242 0.122951 0.105177 0.194393 -0.705002 0.000000 
8.500000e-02 1.002908e-01 9.749700e-02 8.484608e-02 1.000000e-01 2.891208e-01 -0.128956 0.016551 0.033108 0.033138 0.033320 0.012840 0.128957 0.104544 0.192841 -0.706820 0.000000 
8.500000e-02 1.002908e-01 9.749700e-02 8.484484e-02 1.000000e-01 2.982028e-01 -0.134957 0.017321 0.034648 0.034680 0.034870 0.013438 0.134957 0.103877 0.191293 -0.708568 0.000000 
8.500000e-02 1.002908e-01 9.749700e-02 8.484376e-02 1.000000e-01 3.072766e-01 -0.140952 0.018090 0.036187 0.036221 0.036419 0.014035 0.140952 0.103185 0.189748 -0.710262 0.000000 
8.500000e-02 1.002908e-01 9.749700e-02 8.484282e-02 1.000000e-01 3.163421e-01 -0.146941 0.018859 0.037725 0.037760 0.037967 0.014631 0.146941 0.102474 0.188206 -0.711916 0.000000 
8.500000e-02 1.002908e-01 9.749700e-02 8.484201e-02 1.000000e-01 3.253994e-01 -0.152925 0.019627 0.039261 0.039298 0.039513 0.015227 0.152925 0.101749 0.186667 -0.713540 0.000000 
8.500000e-02 1.002908e-01 9.749700e-02 8.484130e-02 1.000000e-01 3.344484e-01 -0.158904 0.020394 0.040796 0.040834 0.041058 0.015822 0.158904 0.101014 0.185129 -0.715140 0.000000 
8.500000e-02 1.002908e-01 9.749700e-02 8.484068e-02 1.000000e-01 3.434889e-01 -0.164877 0.021161 0.042330 0.042369 0.042601 0.016417 0.164877 0.100271 0.183594 -0.716723 0.000000 
8.500000e-02 1.002908e-01 9.749700e-02 8.484014e-02 1.000000e-01 3.525210e-01 -0.170844 0.021927 0.043862 0.043902 0.044143 0.017011 0.170844 0.099523 0.182061 -0.718292 0.000000 
8.500000e-02 1.002908e-01 9.749700e-02 8.483968e-02 1.000000e-01 3.615445e-01 -0.176806 0.022692 0.045392 0.045434 0.045683 0.017605 0.176806 0.098772 0.180529 -0.719851 0.000000 
8.500000e-02 1.002908e-01 9.749700e-02 8.483927e-02 1.000000e-01 3.705595e-01 -0.182762 0.023456 0.046921 0.046965 0.047222 0.018198 0.182762 0.098017 0.178999 -0.721401 0.000000 
8.500000e-02 1.002908e-01 9.749700e-02 8.483892e-02 1.000000e-01 3.795658e-01 -0.188712 0.024220 0.048449 0.048494 0.048760 0.018790 0.188712 0.097261 0.177471 -0.722945 0.000000 
8.500000e-02 1.002908e-01 9.749700e-02 8.483861e-02 1.000000e-01 3.885634e-01 -0.194656 0.024983 0.049975 0.050021 0.050296 0.019382 0.194657 0.096504 0.175944 -0.724484 0.000000 
8.500000e-02 1.002908e-01 9.749700e-02 8.483835e-02 1.000000e-01 3.975521e-01 -0.200595 0.025745 0.051500 0.051548 0.051830 0.019974 0.200595 0.095746 0.174419 -0.726018 0.000000 
8.500000e-02 1.002908e-01 9.749700e-02 8.483811e-02 1.000000e-01 4.065320e-01 -0.206528 0.026507 0.053023 0.053072 0.053363 0.020564 0.206528 0.094988 0.172896 -0.727549 0.000000 
8.500000e-02 1.002908e-01 9.749700e-02 8.483791e-02 1.000000e-01 4.155030e-01 -0.212455 0.027267 0.054545 0.054595 0.054894 0.021155 0.212455 0.094229 0.171374 -0.729077 0.000000 
8.500000e-02 1.002908e-01 9.749700e-02 8.483774e-02 1.000000e-01 4.244649e-01 -0.218376 0.028027 0.056065 0.056117 0.056424 0.021744 0.218376 0.093471 0.169854 -0.730602 0.000000 
8.500000e-02 1.002908e-01 9.749700e-02 8.483758e-02 1.000000e-01 4.334178e-01 -0.224291 0.028786 0.057583 0.057637 0.057953 0.022333 0.224291 0.092713 0.168335 -0.732124 0.000000 
8.500000e-02 1.002908e-01 9.749700e-02 8.483745e-02 1.000000e-01 4.423615e-01 -0.230200 0.029545 0.059100 0.059155 0.059479 0.022921 0.230200 0.091956 0.166818 -0.733645 0.000000 
8.500000e-02 1.002908e-01 9.749700e-02 8.483733e-02 1.000000e-01 4.512961e-01 -0.236102 0.030302 0.060616 0.060672 0.061004 0.023509 0.236103 0.091199 0.165303 -0.735163 0.000000 
8.500000e-02 1.002908e-01 9.749700e-02 8.483723e-02 1.000000e-01 4.602213e-01 -0.241999 0.031059 0.062130 0.062187 0.062528 0.024096 0.242000 0.090443 0.163789 -0.736679 0.000000 
8.500000e-02 1.002908e-01 9.749700e-02 8.483715e-02 1.000000e-01 4.691371e-01 -0.247890 0.031815 0.063642 0.063701 0.064050 0.024683 0.247890 0.089687 0.162276 -0.738194 0.000000 
8.500000e-02 1.002908e-01 9.749700e-02 8.483707e-02 1.000000e-01 4.780435e-01 -0.253774 0.032570 0.065153 0.065213 0.065570 0.025269 0.253774 0.088932 0.160766 -0.739707 0.000000 
8.500000e-02 1.002908e-01 9.749700e-02 8.483700e-02 1.000000e-01 4.869404e-01 -0.259652 0.033325 0.066662 0.066724 0.067089 0.025854 0.259652 0.088178 0.159257 -0.741218 0.000000 
8.500000e-02 1.002908e-01 9.749700e-02 8.483694e-02 1.000000e-01 4.958277e-01 -0.265523 0.034078 0.068169 0.068232 0.068606 0.026439 0.265524 0.087425 0.157749 -0.742727 0.000000 
8.500000e-02 1.002908e-01 9.749700e-02 8.483689e-02 1.000000e-01 5.047053e-01 -0.271389 0.034831 0.069675 0.069740 0.070122 0.027023 0.271389 0.086672 0.156243 -0.744234 0.000000 
8.500000e-02 1.002908e-01 9.749700e-02 8.483685e-02 1.000000e-01 5.135731e-01 -0.277248 0.035583 0.071179 0.071245 0.071636 0.027606 0.277248 0.085920 0.154739 -0.745740 0.000000 
8.500000e-02 1.002908e-01 9.749700e-02 8.483681e-02 1.000000e-01 5.224311e-01 -0.283100 0.036334 0.072682 0.072749 0.073148 0.028189 0.283100 0.085169 0.153237 -0.747244 0.000000 
8.500000e-02 1.002908e-01 9.749700e-02 8.483678e-02 1.000000e-01 5.312792e-01 -0.288946 0.037084 0.074182 0.074251 0.074658 0.028771 0.288946 0.084419 0.151736 -0.748746 0.000000 
8.500000e-02 1.002908e-01 9.749700e-02 8.483675e-02 1.000000e-01 5.401173e-01 -0.294785 0.037834 0.075682 0.075752 0.076167 0.029352 0.294785 0.083670 0.150237 -0.750247 0.000000 
8.500000e-02 1.002908e-01 9.749700e-02 8.483672e-02 1.000000e-01 5.489453e-01 -0.300617 0.038582 0.077179 0.077251 0.077674 0.029933 0.300618 0.082921 0.148739 -0.751746 0.000000 
8.500000e-02 1.002908e-01 9.749700e-02 8.483670e-02 1.000000e-01 5.577632e-01 -0.306443 0.039330 0.078675 0.078748 0.079179 0.030513 0.306443 0.082174 0.147244 -0.753243 0.000000 
8.500000e-02 1.002908e-01 9.749700e-02 8.483668e-02 1.000000e-01 5.665708e-01 -0.312262 0.040077 0.080169 0.080243 0.080683 0.031093 0.312262 0.081427 0.145750 -0.754738 0.000000 
8.500000e-02 1.002908e-01 9.749700e-02 8.483666e-02 1.000000e-01 5.753680e-01 -0.318074 0.040823 0.081661 0.081736 0.082184 0.031671 0.318075 0.080681 0.144258 -0.756232 0.000000 
8.500000e-02 1.002908e-01 9.749700e-02 8.483665e-02 1.000000e-01 5.841548e-01 -0.323879 0.041568 0.083151 0.083228 0.083684 0.032249 0.323880 0.079936 0.142767 -0.757724 0.000000 
8.500000e-02 1.002908e-01 9.749700e-02 8.483664e-02 1.000000e-01 5.929312e-01 -0.329678 0.042312 0.084640 0.084718 0.085182 0.032827 0.329678 0.079192 0.141279 -0.759214 0.000000 
8.500000e-02 1.002908e-01 9.749700e-02 8.483662e-02 1.000000e-01 6.016969e-01 -0.335469 0.043055 0.086127 0.086206 0.086679 0.033403 0.335470 0.078448 0.139792 -0.760702 0.000000 
8.500000e-02 1.002908e-01 9.749700e-02 8.483661e-02 1.000000e-01 6.104519e-01 -0.341253 0.043798 0.087612 0.087693 0.088173 0.033979 0.341254 0.077706 0.138307 -0.762188 0.000000 
8.500000e-02 1.002908e-01 9.749700e-02 8.483661e-02 1.000000e-01 6.191961e-01 -0.347030 0.044539 0.089095 0.089177 0.089666 0.034555 0.347031 0.076965 0.136824 -0.763673 0.000000 
8.500000e-02 1.002908e-01 9.749700e-02 8.483660e-02 1.000000e-01 6.279295e-01 -0.352800 0.045280 0.090576 0.090660 0.091157 0.035129 0.352801 0.076224 0.135342 -0.765156 0.000000 
8.500000e-02 1.002908e-01 9.749700e-02 8.483659e-02 1.000000e-01 6.366519e-01 -0.358563 0.046019 0.092056 0.092141 0.092646 0.035703 0.358564 0.075484 0.133863 -0.766636 0.000000 
8.500000e-02 1.002908e-01 9.749700e-02 8.483659e-02 1.000000e-01 6.453632e-01 -0.364318 0.046758 0.093533 0.093620 0.094133 0.036276 0.364319 0.074746 0.132385 -0.768115 0.000000 
8.500000e-02 1.002908e-01 9.749700e-02 8.483658e-02 1.000000e-01 6.540633e-01 -0.370066 0.047496 0.095009 0.095097 0.095618 0.036848 0.370067 0.074008 0.130909 -0.769592 0.000000 
8.500000e-02 1.002908e-01 9.749700e-02 8.483658e-02 1.000000e-01 6.627522e-01 -0.375807 0.048232 0.096483 0.096572 0.097101 0.037420 0.375808 0.073271 0.129436 -0.771068 0.000000 
8.500000e-02 1.002908e-01 9.749700e-02 8.483657e-02 1.000000e-01 6.714298e-01 -0.381540 0.048968 0.097955 0.098045 0.098583 0.037991 0.381541 0.072536 0.127964 -0.772541 0.000000 
8.500000e-02 1.002908e-01 9.749700e-02 8.483657e-02 1.000000e-01 6.800958e-01 -0.387265 0.049703 0.099425 0.099517 0.100062 0.038561 0.387266 0.071801 0.126494 -0.774012 0.000000 
8.500000e-02 1.002908e-01 9.749700e-02 8.483657e-02 1.000000e-01 6.887503e-01 -0.392983 0.050437 0.100893 0.100986 0.101539 0.039130 0.392984 0.071067 0.125026 -0.775481 0.000000 
8.500000e-02 1.002908e-01 9.749700e-02 8.483656e-02 1.000000e-01 6.973932e-01 -0.398693 0.051170 0.102359 0.102453 0.103015 0.039699 0.398694 0.070334 0.123560 -0.776949 0.000000 
8.500000e-02 1.002908e-01 9.749700e-02 8.483656e-02 1.000000e-01 7.060243e-01 -0.404396 0.051902 0.103823 0.103919 0.104488 0.040266 0.404396 0.069602 0.122096 -0.778414 0.000000 
8.500000e-02 1.002908e-01 9.749700e-02 8.483656e-02 1.000000e-01 7.146435e-01 -0.410090 0.052632 0.105285 0.105382 0.105960 0.040833 0.410091 0.068871 0.120634 -0.779877 0.000000 
8.500000e-02 1.002908e-01 9.749700e-02 8.483656e-02 1.000000e-01 7.232507e-01 -0.415777 0.053362 0.106745 0.106843 0.107429 0.041400 0.415778 0.068142 0.119174 -0.781339 0.000000 
8.500000e-02 1.002908e-01 9.749700e-02 8.483656e-02 1.000000e-01 7.318458e-01 -0.421456 0.054091 0.108202 0.108303 0.108896 0.041965 0.421456 0.067413 0.117716 -0.782798 0.000000 
8.500000e-02 1.002908e-01 9.749700e-02 8.483656e-02 1.000000e-01 7.404287e-01 -0.427126 0.054819 0.109658 0.109760 0.110361 0.042530 0.427127 0.066685 0.116260 -0.784255 0.000000 
8.500000e-02 1.002908e-01 9.749700e-02 8.483656e-02 1.000000e-01 7.489993e-01 -0.432789 0.055546 0.111112 0.111215 0.111824 0.043094 0.432789 0.065958 0.114807 -0.785710 0.000000 
8.500000e-02 1.002908e-01 9.749700e-02 8.483656e-02 1.000000e-01 7.575575e-01 -0.438443 0.056271 0.112564 0.112668 0.113285 0.043657 0.438443 0.065233 0.113355 -0.787163 0.000000 
8.500000e-02 1.002908e-01 9.749700e-02 8.483656e-02 1.000000e-01 7.661032e-01 -0.444089 0.056996 0.114013 0.114119 0.114744 0.044219 0.444089 0.064508 0.111905 -0.788614 0.000000 
8.500000e-02 1.002908e-01 9.749700e-02 8.483656e-02 1.000000e-01 7.746362e-01 -0.449726 0.057720 0.115461 0.115567 0.116201 0.044780 0.449727 0.063784 0.110458 -0.790063 0.000000 
8.500000e-02 1.002908e-01 9.749700e-02 8.483656e-02 1.000000e-01 7.831564e-01 -0.455355 0.058442 0.116906 0.117014 0.117655 0.045340 0.455356 0.063062 0.109013 -0.791509 0.000000 
8.500000e-02 1.002908e-01 9.749700e-02 8.483656e-02 1.000000e-01 7.916638e-01 -0.460976 0.059163 0.118349 0.118458 0.119107 0.045900 0.460977 0.062341 0.107570 -0.792954 0.000000 
8.500000e-02 1.002908e-01 9.749700e-02 8.483656e-02 1.000000e-01 8.001581e-01 -0.466588 0.059884 0.119790 0.119900 0.120557 0.046459 0.466589 0.061620 0.106129 -0.794396 0.000000 
8.500000e-02 1.002908e-01 9.749700e-02 8.483656e-02 1.000000e-01 8.086393e-01 -0.472191 0.060603 0.121228 0.121340 0.122005 0.047017 0.472192 0.060901 0.104691 -0.795836 0.000000 
8.500000e-02 1.002908e-01 9.749700e-02 8.483656e-02 1.000000e-01 8.171072e-01 -0.477786 0.061321 0.122665 0.122778 0.123451 0.047574 0.477787 0.060183 0.103254 -0.797273 0.000000 
8.500000e-02 1.002908e-01 9.749700e-02 8.483656e-02 1.000000e-01 8.255618e-01 -0.483372 0.062038 0.124099 0.124213 0.124894 0.048130 0.483372 0.059466 0.101820 -0.798709 0.000000 
8.500000e-02 1.002908e-01 9.749700e-02 8.483656e-02 1.000000e-01 8.340028e-01 -0.488949 0.062754 0.125530 0.125646 0.126335 0.048685 0.488949 0.058750 0.100388 -0.800142 0.000000 
8.500000e-02 1.002908e-01 9.749700e-02 8.483656e-02 1.000000e-01 8.424302e-01 -0.494516 0.063468 0.126960 0.127077 0.127773 0.049240 0.494517 0.058036 0.098959 -0.801573 0.000000 
8.500000e-02 1.002908e-01 9.749700e-02 8.483656e-02 1.000000e-01 8.508439e-01 -0.500075 0.064182 0.128387 0.128506 0.129209 0.049793 0.500076 0.057322 0.097532 -0.803001 0.000000 
8.500000e-02 1.002908e-01 9.749700e-02 8.483656e-02 1.000000e-01 8.592436e-01 -0.505625 0.064894 0.129812 0.129932 0.130643 0.050346 0.505625 0.056610 0.096107 -0.804427 0.000000 
8.500000e-02 1.002908e-01 9.749700e-02 8.483656e-02 1.000000e-01 8.676293e-01 -0.511165 0.065605 0.131234 0.131355 0.132075 0.050897 0.511165 0.055899 0.094685 -0.805851 0.000000 
8.500000e-02 1.002908e-01 9.749700e-02 8.483656e-02 1.000000e-01 8.760008e-01 -0.516696 0.066315 0.132654 0.132777 0.133504 0.051448 0.516696 0.055189 0.093265 -0.807272 0.000000 
8.500000e-02 1.002908e-01 9.749700e-02 8.483656e-02 1.000000e-01 8.843580e-01 -0.522217 0.067024 0.134072 0.134196 0.134930 0.051998 0.522218 0.054481 0.091847 -0.808691 0.000000 
8.500000e-02 1.002908e-01 9.749700e-02 8.483656e-02 1.000000e-01 8.927008e-01 -0.527729 0.067731 0.135487 0.135612 0.136354 0.052546 0.527730 0.053773 0.090432 -0.810107 0.000000 
8.500000e-02 1.002908e-01 9.749700e-02 8.483656e-02 1.000000e-01 9.010290e-01 -0.533231 0.068437 0.136900 0.137026 0.137776 0.053094 0.533232 0.053067 0.089019 -0.811521 0.000000 
8.500000e-02 1.002908e-01 9.749700e-02 8.483656e-02 1.000000e-01 9.093424e-01 -0.538724 0.069142 0.138310 0.138437 0.139195 0.053641 0.538724 0.052362 0.087609 -0.812933 0.000000 
8.500000e-02 1.002908e-01 9.749700e-02 8.483656e-02 1.000000e-01 9.176410e-01 -0.544206 0.069846 0.139718 0.139846 0.140611 0.054187 0.544207 0.051659 0.086202 -0.814342 0.000000 
8.500000e-02 1.002908e-01 9.749700e-02 8.483656e-02 1.000000e-01 9.259245e-01 -0.549679 0.070549 0.141123 0.141252 0.142025 0.054732 0.549680 0.050956 0.084797 -0.815748 0.000000 
8.500000e-02 1.002908e-01 9.749700e-02 8.483656e-02 1.000000e-01 9.341928e-01 -0.555142 0.071250 0.142526 0.142656 0.143436 0.055275 0.555143 0.050255 0.083394 -0.817152 0.000000 
8.500000e-02 1.002908e-01 9.749700e-02 8.483656e-02 1.000000e-01 9.424458e-01 -0.560595 0.071950 0.143926 0.144057 0.144845 0.055818 0.560595 0.049555 0.081994 -0.818553 0.000000 
8.500000e-02 1.002908e-01 9.749700e-02 8.483656e-02 1.000000e-01 9.506833e-01 -0.566037 0.072649 0.145324 0.145456 0.146251 0.056360 0.566037 0.048857 0.080597 -0.819951 0.000000 
8.500000e-02 1.002908e-01 9.749700e-02 8.483655e-02 1.000000e-01 9.589052e-01 -0.571469 0.073346 0.146719 0.146852 0.147654 0.056901 0.571469 0.048160 0.079203 -0.821347 0.000000 
8.500000e-02 1.002908e-01 9.749700e-02 8.483655e-02 1.000000e-01 9.671112e-01 -0.576890 0.074042 0.148111 0.148245 0.149054 0.057440 0.576891 0.047464 0.077811 -0.822740 0.000000 
8.500000e-02 1.002908e-01 9.749700e-02 8.483655e-02 1.000000e-01 9.753013e-01 -0.582301 0.074737 0.149500 0.149635 0.150452 0.057979 0.582302 0.046769 0.076421 -0.824131 0.000000 
8.500000e-02 1.002908e-01 9.749700e-02 8.483655e-02 1.000000e-01 9.834753e-01 -0.587702 0.075430 0.150887 0.151023 0.151847 0.058516 0.587702 0.046076 0.075035 -0.825519 0.000000 
8.500000e-02 1.002908e-01 9.749700e-02 8.483655e-02 1.000000e-01 9.916329e-01 -0.593091 0.076122 0.152272 0.152408 0.153239 0.059053 0.593092 0.045385 0.073651 -0.826904 0.000000 
8.500000e-02 1.002908e-01 9.749700e-02 8.483655e-02 1.000000e-01 9.997741e-01 -0.598470 0.076813 0.153653 0.153790 0.154628 0.059588 0.598471 0.044694 0.072270 -0.828286 0.000000 
8.500000e-02 1.002908e-01 9.749700e-02 8.483655e-02 1.000000e-01 1.007899e+00 -0.603838 0.077503 0.155032 0.155169 0.156014 0.060122 0.603838 0.044005 0.070892 -0.829665 0.000000 
8.500000e-02 1.002908e-01 9.749700e-02 8.483655e-02 1.000000e-01 1.016006e+00 -0.609194 0.078191 0.156408 0.156546 0.157397 0.060655 0.609195 0.043318 0.069517 -0.831042 0.000000 
8.500000e-02 1.002908e-01 9.749700e-02 8.483655e-02 1.000000e-01 1.024097e+00 -0.614540 0.078877 0.157781 0.157919 0.158777 0.061187 0.614540 0.042632 0.068145 -0.832415 0.000000 
8.500000e-02 1.002908e-01 9.749700e-02 8.483655e-02 1.000000e-01 1.032171e+00 -0.619874 0.079563 0.159152 0.159290 0.160154 0.061717 0.619874 0.041947 0.066775 -0.833786 0.000000 
8.500000e-02 1.002908e-01 9.749700e-02 8.483655e-02 1.000000e-01 1.040227e+00 -0.625196 0.080247 0.160519 0.160658 0.161528 0.062246 0.625197 0.041264 0.065409 -0.835154 0.000000 
8.500000e-02 1.002908e-01 9.749700e-02 8.483655e-02 1.000000e-01 1.048266e+00 -0.630507 0.080929 0.161884 0.162022 0.162899 0.062774 0.630508 0.040582 0.064045 -0.836519 0.000000 
8.500000e-02 1.002908e-01 9.749700e-02 8.483655e-02 1.000000e-01 1.056287e+00 -0.635807 0.081610 0.163246 0.163384 0.164267 0.063301 0.635807 0.039902 0.062685 -0.837880 0.000000 
8.500000e-02 1.002908e-01 9.749700e-02 8.483655e-02 1.000000e-01 1.064290e+00 -0.641094 0.082290 0.164605 0.164743 0.165631 0.063827 0.641095 0.039224 0.061327 -0.839239 0.000000 
8.500000e-02 1.002908e-01 9.749700e-02 8.483654e-02 1.000000e-01 1.072275e+00 -0.646370 0.082969 0.165962 0.166098 0.166992 0.064351 0.646370 0.038547 0.059973 -0.840595 0.000000 
8.500000e-02 1.002908e-01 9.749700e-02 8.483654e-02 1.000000e-01 1.080241e+00 -0.651633 0.083646 0.167315 0.167451 0.168349 0.064874 0.651634 0.037871 0.058622 -0.841947 0.000000 
8.500000e-02 1.002908e-01 9.749700e-02 8.483654e-02 1.000000e-01 1.088189e+00 -0.656884 0.084322 0.168666 0.168800 0.169703 0.065395 0.656885 0.037197 0.057274 -0.843297 0.000000 
8.500000e-02 1.002908e-01 9.749700e-02 8.483654e-02 1.000000e-01 1.096119e+00 -0.662123 0.084996 0.170014 0.170146 0.171054 0.065915 0.662124 0.036525 0.055929 -0.844643 0.000000 
8.500000e-02 1.002908e-01 9.749700e-02 8.483654e-02 1.000000e-01 1.104029e+00 -0.667349 0.085669 0.171359 0.171489 0.172401 0.066434 0.667350 0.035854 0.054587 -0.845986 0.000000 
8.500000e-02 1.002908e-01 9.749700e-02 8.483653e-02 1.000000e-01 1.111921e+00 -0.672563 0.086341 0.172701 0.172828 0.173744 0.066951 0.672564 0.035185 0.053248 -0.847326 0.000000 
8.500000e-02 1.002908e-01 9.749700e-02 8.483653e-02 1.000000e-01 1.119793e+00 -0.677764 0.087011 0.174040 0.174165 0.175083 0.067466 0.677765 0.034517 0.051913 -0.848662 0.000000 
8.500000e-02 1.002908e-01 9.749700e-02 8.483653e-02 1.000000e-01 1.127645e+00 -0.682952 0.087680 0.175377 0.175498 0.176419 0.067980 0.682953 0.033852 0.050581 -0.849995 0.000000 
8.500000e-02 1.002908e-01 9.749700e-02 8.483652e-02 1.000000e-01 1.135478e+00 -0.688127 0.088348 0.176711 0.176827 0.177750 0.068493 0.688128 0.033187 0.049252 -0.851325 0.000000 
8.500000e-02 1.002908e-01 9.749700e-02 8.483652e-02 1.000000e-01 1.143291e+00 -0.693289 0.089015 0.178042 0.178153 0.179077 0.069003 0.693289 0.032525 0.047927 -0.852652 0.000000 
8.500000e-02 1.002908e-01 9.749700e-02 8.483651e-02 1.000000e-01 1.151084e+00 -0.698437 0.089681 0.179370 0.179476 0.180400 0.069512 0.698438 0.031864 0.046605 -0.853975 0.000000 
8.500000e-02 1.002908e-01 9.749700e-02 8.483650e-02 1.000000e-01 1.158856e+00 -0.703572 0.090345 0.180696 0.180795 0.181718 0.070019 0.703573 0.031205 0.045287 -0.855294 0.000000 
8.500000e-02 1.002908e-01 9.749700e-02 8.483649e-02 1.000000e-01 1.166607e+00 -0.708693 0.091009 0.182020 0.182110 0.183032 0.070524 0.708694 0.030548 0.043972 -0.856610 0.000000 
8.500000e-02 1.002908e-01 9.749700e-02 8.483649e-02 1.000000e-01 1.174338e+00 -0.713801 0.091671 0.183341 0.183422 0.184341 0.071027 0.713801 0.029892 0.042661 -0.857923 0.000000 
8.500000e-02 1.002908e-01 9.749700e-02 8.483648e-02 1.000000e-01 1.182047e+00 -0.718894 0.092333 0.184659 0.184731 0.185645 0.071528 0.718895 0.029239 0.041353 -0.859232 0.000000 
8.500000e-02 1.002908e-01 9.749700e-02 8.483646e-02 1.000000e-01 1.189735e+00 -0.723974 0.092994 0.185976 0.186035 0.186944 0.072026 0.723974 0.028587 0.040049 -0.860537 0.000000 
8.500000e-02 1.002908e-01 9.749700e-02 8.483645e-02 1.000000e-01 1.197402e+00 -0.729039 0.093654 0.187290 0.187336 0.188237 0.072523 0.729039 0.027937 0.038749 -0.861838 0.000000 
8.500000e-02 1.002908e-01 9.749700e-02 8.483643e-02 1.000000e-01 1.205046e+00 -0.734089 0.094313 0.188603 0.188633 0.189525 0.073017 0.734090 0.027288 0.037452 -0.863136 0.000000 
8.500000e-02 1.002908e-01 9.749700e-02 8.483642e-02 1.000000e-01 1.212669e+00 -0.739125 0.094972 0.189913 0.189927 0.190806 0.073508 0.739126 0.026642 0.036159 -0.864430 0.000000 
8.500000e-02 1.002908e-01 9.749700e-02 8.483640e-02 1.000000e-01 1.220269e+00 -0.744146 0.095631 0.191223 0.191216 0.192082 0.073996 0.744147 0.025998 0.034870 -0.865721 0.000000 
8.500000e-02 1.002908e-01 9.749700e-02 8.483637e-02 1.000000e-01 1.227846e+00 -0.749153 0.096290 0.192531 0.192502 0.193350 0.074481 0.749153 0.025355 0.033585 -0.867007 0.000000 
8.500000e-02 1.002908e-01 9.749700e-02 8.483635e-02 1.000000e-01 1.235401e+00 -0.754144 0.096948 0.193837 0.193783 0.194612 0.074964 0.754144 0.024715 0.032304 -0.868290 0.000000 
8.500000e-02 1.002908e-01 9.749700e-02 8.483632e-02 1.000000e-01 1.242932e+00 -0.759120 0.097607 0.195144 0.195061 0.195866 0.075443 0.759120 0.024076 0.031026 -0.869568 0.000000 
8.500000e-02 1.002908e-01 9.749700e-02 8.483629e-02 1.000000e-01 1.250440e+00 -0.764080 0.098267 0.196449 0.196335 0.197112 0.075918 0.764080 0.023439 0.029753 -0.870843 0.000000 
8.500000e-02 1.002908e-01 9.749700e-02 8.483625e-02 1.000000e-01 1.257924e+00 -0.769024 0.098927 0.197755 0.197604 0.198350 0.076389 0.769025 0.022805 0.028483 -0.872114 0.000000 
8.500000e-02 1.002908e-01 9.749700e-02 8.483620e-02 1.000000e-01 1.265384e+00 -0.773953 0.099588 0.199061 0.198870 0.199579 0.076856 0.773953 0.022172 0.027218 -0.873380 0.000000 
8.500000e-02 1.002908e-01 9.749700e-02 8.483615e-02 1.000000e-01 1.272819e+00 -0.778866 0.100251 0.200369 0.200132 0.200797 0.077318 0.778866 0.021542 0.025957 -0.874642 0.000000 
8.500000e-02 1.002908e-01 9.749700e-02 8.483610e-02 1.000000e-01 1.280231e+00 -0.783762 0.100915 0.201677 0.201390 0.202006 0.077776 0.783762 0.020913 0.024700 -0.875901 0.000000 
8.500000e-02 1.002908e-01 9.749700e-02 8.483603e-02 1.000000e-01 1.287617e+00 -0.788642 0.101581 0.202989 0.202643 0.203203 0.078227 0.788642 0.020287 0.023447 -0.877155 0.000000 
8.500000e-02 1.002908e-01 9.749700e-02 8.483596e-02 1.000000e-01 1.294978e+00 -0.793505 0.102250 0.204302 0.203893 0.204388 0.078673 0.793506 0.019663 0.022198 -0.878404 0.000000 
8.500000e-02 1.002908e-01 9.749700e-02 8.483588e-02 1.000000e-01 1.302313e+00 -0.798352 0.102922 0.205620 0.205140 0.205559 0.079112 0.798352 0.019041 0.020954 -0.879650 0.000000 
8.500000e-02 1.002908e-01 9.749700e-02 8.483578e-02 1.000000e-01 1.309622e+00 -0.803181 0.103597 0.206941 0.206382 0.206717 0.079544 0.803181 0.018421 0.019714 -0.880891 0.000000 
8.500000e-02 1.002908e-01 9.749700e-02 8.483568e-02 1.000000e-01 1.316906e+00 -0.807993 0.104277 0.208269 0.207622 0.207859 0.079967 0.807993 0.017803 0.018479 -0.882127 0.000000 
8.500000e-02 1.002908e-01 9.749700e-02 8.483556e-02 1.000000e-01 1.324163e+00 -0.812787 0.104961 0.209603 0.208858 0.208984 0.080383 0.812788 0.017188 0.017248 -0.883359 0.000000 
8.500000e-02 1.002908e-01 9.749700e-02 8.483542e-02 1.000000e-01 1.331393e+00 -0.817564 0.105650 0.210945 0.210092 0.210091 0.080788 0.817565 0.016575 0.016021 -0.884587 0.000000 
8.500000e-02 1.002908e-01 9.749700e-02 8.483527e-02 1.000000e-01 1.338596e+00 -0.822323 0.106345 0.212296 0.211324 0.211177 0.081182 0.822323 0.015964 0.014800 -0.885810 0.000000 
8.500000e-02 1.002908e-01 9.749700e-02 8.483509e-02 1.000000e-01 1.345771e+00 -0.827064 0.107046 0.213657 0.212555 0.212242 0.081564 0.827064 0.015356 0.013583 -0.887028 0.000000 
8.500000e-02 1.002908e-01 9.749700e-02 8.483489e-02 1.000000e-01 1.352919e+00 -0.831786 0.107755 0.215032 0.213786 0.213282 0.081932 0.831787 0.014750 0.012370 -0.888242 0.000000 
8.500000e-02 1.002908e-01 9.749700e-02 8.483467e-02 1.000000e-01 1.360038e+00 -0.836490 0.108470 0.216420 0.215017 0.214298 0.082286 0.836490 0.014146 0.011163 -0.889450 0.000000 
8.500000e-02 1.002908e-01 9.749700e-02 8.483441e-02 1.000000e-01 1.367129e+00 -0.841175 0.109195 0.217827 0.216251 0.215282 0.082622 0.841175 0.013545 0.009960 -0.890654 0.000000 
8.500000e-02 1.002908e-01 9.749700e-02 8.483413e-02 1.000000e-01 1.374191e+00 -0.845841 0.109928 0.219251 0.217488 0.216236 0.082939 0.845841 0.012946 0.008762 -0.891853 0.000000 
8.500000e-02 1.002908e-01 9.749700e-02 8.483381e-02 1.000000e-01 1.381224e+00 -0.850487 0.110671 0.220698 0.218732 0.217153 0.083234 0.850488 0.012349 0.007569 -0.893047 0.000000 
8.500000e-02 1.002908e-01 9.749700e-02 8.483344e-02 1.000000e-01 1.388227e+00 -0.855114 0.111423 0.222169 0.219986 0.218031 0.083505 0.855115 0.011756 0.006381 -0.894236 0.000000 
8.500000e-02 1.002908e-01 9.749700e-02 8.483303e-02 1.000000e-01 1.395200e+00 -0.859722 0.112185 0.223667 0.221252 0.218869 0.083749 0.859722 0.011164 0.005198 -0.895420 0.000000 
8.500000e-02 1.002908e-01 9.749700e-02 8.483257e-02 1.000000e-01 1.402143e+00 -0.864309 0.112957 0.225201 0.222538 0.219655 0.083959 0.864309 0.010576 0.004020 -0.896599 0.000000 
8.500000e-02 1.002908e-01 9.749700e-02 8.483205e-02 1.000000e-01 1.409055e+00 -0.868875 0.113738 0.226768 0.223845 0.220390 0.084136 0.868876 0.009989 0.002848 -0.897773 0.000000 
8.500000e-02 1.002908e-01 9.749700e-02 8.483147e-02 1.000000e-01 1.415935e+00 -0.873422 0.114527 0.228377 0.225183 0.221066 0.084271 0.873422 0.009406 0.001681 -0.898941 0.000000 
8.500000e-02 1.002908e-01 9.749700e-02 8.483082e-02 1.000000e-01 1.422785e+00 -0.877947 0.115322 0.230034 0.226561 0.221673 0.084357 0.877947 0.008825 0.000519 -0.900104 0.000000 
8.500000e-02 1.002908e-01 9.749700e-02 8.483009e-02 1.000000e-01 1.429602e+00 -0.882452 0.116120 0.231741 0.227985 0.222212 0.084395 0.882452 0.008247 -0.000637 -0.901261 0.000000 
8.500000e-02 1.002908e-01 9.749700e-02 8.482927e-02 1.000000e-01 1.436386e+00 -0.886934 0.116919 0.233513 0.229477 0.222661 0.084366 0.886935 0.007672 -0.001788 -0.902413 0.000000 
8.500000e-02 1.002908e-01 9.749700e-02 8.482836e-02 1.000000e-01 1.443138e+00 -0.891396 0.117712 0.235352 0.231046 0.223018 0.084268 0.891396 0.007099 -0.002934 -0.903560 0.000000 
8.500000e-02 1.002908e-01 9.749700e-02 8.482735e-02 1.000000e-01 1.449857e+00 -0.895835 0.118494 0.237263 0.232707 0.223277 0.084095 0.895836 0.006529 -0.004074 -0.904701 0.000000 
8.500000e-02 1.002908e-01 9.749700e-02 8.482622e-02 1.000000e-01 1.456542e+00 -0.900253 0.119252 0.239275 0.234505 0.223401 0.083820 0.900253 0.005962 -0.005208 -0.905836 0.000000 
8.500000e-02 1.002908e-01 9.749700e-02 8.482497e-02 1.000000e-01 1.463193e+00 -0.904647 0.119978 0.241383 0.236451 0.223394 0.083442 0.904648 0.005398 -0.006336 -0.906965 0.000000 
8.500000e-02 1.002908e-01 9.749700e-02 8.482360e-02 1.000000e-01 1.469809e+00 -0.909020 0.120657 0.243600 0.238573 0.223239 0.082951 0.909020 0.004837 -0.007458 -0.908088 0.000000 
8.500000e-02 1.002908e-01 9.749700e-02 8.482208e-02 1.000000e-01 1.476390e+00 -0.913369 0.121259 0.245966 0.240956 0.222882 0.082305 0.913369 0.004279 -0.008575 -0.909206 0.000000 
8.500000e-02 1.002908e-01 9.749700e-02 8.482042e-02 1.000000e-01 1.482936e+00 -0.917694 0.121767 0.248483 0.243622 0.222319 0.081504 0.917695 0.003724 -0.009686 -0.910318 0.000000 
8.500000e-02 1.002908e-01 9.749700e-02 8.481860e-02 1.000000e-01 1.489446e+00 -0.921997 0.122155 0.251166 0.246624 0.221521 0.080532 0.921997 0.003172 -0.010790 -0.911423 0.000000 
8.500000e-02 1.002908e-01 9.749700e-02 8.481663e-02 1.000000e-01 1.495919e+00 -0.926275 0.122364 0.254068 0.250093 0.220412 0.079339 0.926275 0.002623 -0.011888 -0.912523 0.000000 
8.500000e-02 1.002908e-01 9.749700e-02 8.481451e-02 1.000000e-01 1.502355e+00 -0.930529 0.122348 0.257211 0.254117 0.218945 0.077908 0.930529 0.002077 -0.012981 -0.913616 0.000000 
8.500000e-02 1.002908e-01 9.749700e-02 8.481224e-02 1.000000e-01 1.508752e+00 -0.934757 0.122063 0.260613 0.258776 0.217081 0.076225 0.934757 0.001534 -0.014066 -0.914702 0.000000 
8.500000e-02 1.002908e-01 9.749700e-02 8.480984e-02 1.000000e-01 1.515109e+00 -0.938959 0.121438 0.264312 0.264218 0.214733 0.074259 0.938959 0.000995 -0.015145 -0.915782 0.000000 
8.500000e-02 1.002908e-01 9.749700e-02 8.480736e-02 1.000000e-01 1.521426e+00 -0.943135 0.120315 0.268403 0.270785 0.211704 0.071928 0.943135 0.000459 -0.016217 -0.916855 0.000000 
8.500000e-02 1.002908e-01 9.749700e-02 8.480490e-02 1.000000e-01 1.527701e+00 -0.947284 0.118656 0.272867 0.278554 0.207954 0.069253 0.947284 -0.000074 -0.017282 -0.917921 0.000000 
8.500000e-02 1.002908e-01 9.749700e-02 8.480264e-02 1.000000e-01 1.533936e+00 -0.951405 0.116349 0.277731 0.287790 0.203331 0.066204 0.951405 -0.000603 -0.018340 -0.918980 0.000000 
8.500000e-02 1.002908e-01 9.749700e-02 8.480096e-02 1.000000e-01 1.540127e+00 -0.955499 0.113252 0.283010 0.298856 0.197632 0.062748 0.955499 -0.001128 -0.019391 -0.920032 0.000000 
8.500000e-02 1.002908e-01 9.749700e-02 8.480066e-02 1.000000e-01 1.546276e+00 -0.959563 0.109088 0.288717 0.312520 0.190431 0.058807 0.959563 -0.001650 -0.020435 -0.921077 0.000000 
8.500000e-02 1.002908e-01 9.749700e-02 8.480339e-02 1.000000e-01 1.552381e+00 -0.963596 0.103832 0.294663 0.329041 0.181631 0.054429 0.963596 -0.002167 -0.021470 -0.922113 0.000000 
8.500000e-02 1.002908e-01 9.749700e-02 8.481265e-02 1.000000e-01 1.558439e+00 -0.967594 0.097349 0.300579 0.349108 0.170942 0.049616 0.967594 -0.002680 -0.022496 -0.923140 0.000000 
8.500000e-02 1.002908e-01 9.749700e-02 8.483566e-02 1.000000e-01 1.564448e+00 -0.971551 0.089531 0.305934 0.373627 0.158077 0.044382 0.971551 -0.003188 -0.023512 -0.924157 0.000000 
8.500000e-02 1.002908e-01 9.749700e-02 8.488829e-02 1.000000e-01 1.570401e+00 -0.975452 0.080238 0.309546 0.404290 0.142635 0.038744 0.975452 -0.003689 -0.024514 -0.925160 0.000000 
8.500000e-02 1.002908e-01 9.749700e-02 8.500642e-02 1.000000e-01 1.576286e+00 -0.979271 0.069515 0.308943 0.443543 0.124483 0.032786 0.979271 -0.004179 -0.025494 -0.926141 0.000000 
8.500000e-02 1.002908e-01 9.749700e-02 8.527288e-02 1.000000e-01 1.582078e+00 -0.982972 0.057714 0.300047 0.494332 0.104199 0.026680 0.982972 -0.004654 -0.026444 -0.927092 0.000000 
8.500000e-02 1.002908e-01 9.749700e-02 8.589400e-02 1.000000e-01 1.587720e+00 -0.986534 0.045021 0.273679 0.565050 0.082241 0.020543 0.986534 -0.005111 -0.027359 -0.928008 0.000000 
8.500000e-02 1.002908e-01 9.749700e-02 8.738257e-02 1.000000e-01 1.593083e+00 -0.990225 0.030518 0.207385 0.680999 0.057330 0.013993 0.990225 -0.005585 -0.028307 -0.928956 0.000000 
8.500000e-02 1.002908e-01 9.749700e-02 8.921436e-02 1.000000e-01 1.597506e+00 -0.994772 0.012029 0.083393 0.870056 0.023663 0.005631 0.994772 -0.006169 -0.029474 -0.930125 0.000000 
8.500000e-02 1.002908e-01 9.749700e-02 8.921436e-02 1.000000e-01 1.597506e+00 -0.994772 0.012029 0.083393 0.870056 0.023663 0.005631 0.994772 -0.006169 -0.029474 -0.930125 0.000000 
8.500000e-02 1.002908e-01 9.749700e-02 8.921436e-02 1.000000e-01 1.597506e+00 -0.994772 0.012029 0.083393 0.870056 0.023663 0.005631 0.994772 -0.006169 -0.029474 -0.930125 0.000000 
8.500000e-02 1.002908e-01 9.749700e-02 8.921436e-02 1.000000e-01 1.597506e+00 -0.994772 0.012029 0.083393 0.870056 0.023663 0.005631 0.994772 -0.006169 -0.029474 -0.930125 0.000000 
8.500000e-02 1.002908e-01 9.749700e-02 8.921436e-02 1.000000e-01 1.597506e+00 -0.994772 0.012029 0.083393 0.870056 0.023663 0.005631 0.994772 -0.006169 -0.029474 -0.930125 0.000000 
8.500000e-02 1.002908e-01 9.749700e-02 8.921436e-02 1.000000e-01 1.597506e+00 -0.994772 0.012029 0.083393 0.870056 0.023663 0.005631 0.994772 -0.006169 -0.029474 -0.930125 0.000000 
8.500000e-02 1.002908e-01 9.749700e-02 8.921436e-02 1.000000e-01 1.597506e+00 -0.994772 0.012029 0.083393 0.870056 0.023663 0.005631 0.994772 -0.006169 -0.029474 -0.930125 0.000000 
8.500000e-02 1.002908e-01 9.749700e-02 8.921436e-02 1.000000e-01 1.597506e+00 -0.994772 0.012029 0.083393 0.870056 0.023663 0.005631 0.994772 -0.006169 -0.029474 -0.930125 0.000000 
8.500000e-02 1.002908e-01 9.749700e-02 8.921436e-02 1.000000e-01 1.597506e+00 -0.994772 0.012029 0.083393 0.870056 0.023663 0.005631 0.994772 -0.006169 -0.029474 -0.930125 0.000000 
8.500000e-02 1.002908e-01 9.749700e-02 8.921436e-02 1.000000e-01 1.597506e+00 -0.994772 0.012029 0.083393 0.870056 0.023663 0.005631 0.994772 -0.006169 -0.029474 -0.930125 0.000000 
8.500000e-02 1.002908e-01 9.749700e-02 8.921436e-02 1.000000e-01 1.597506e+00 -0.994772 0.012029 0.083393 0.870056 0.023663 0.005631 0.994772 -0.006169 -0.029474 -0.930125 0.000000 
8.500000e-02 1.002908e-01 9.749700e-02 8.921436e-02 1.000000e-01 1.597506e+00 -0.994772 0.012029 0.083393 0.870056 0.023663 0.005631 0.994772 -0.006169 -0.029474 -0.930125 0.000000 
8.500000e-02 1.002908e-01 9.749700e-02 8.921436e-02 1.000000e-01 1.597506e+00 -0.994772 0.012029 0.083393 0.870056 0.023663 0.005631 0.994772 -0.006169 -0.029474 -0.930125 0.000000 
8.500000e-02 1.002908e-01 9.749700e-02 8.921436e-02 1.000000e-01 1.597506e+00 -0.994772 0.012029 0.083393 0.870056 0.023663 0.005631 0.994772 -0.006169 -0.029474 -0.930125 0.000000 
8.500000e-02 1.002908e-01 9.749700e-02 8.921436e-02 1.000000e-01 1.597506e+00 -0.994772 0.012029 0.083393 0.870056 0.023663 0.005631 0.994772 -0.006169 -0.029474 -0.930125 0.000000 
8.500000e-02 1.002908e-01 9.749700e-02 8.921436e-02 1.000000e-01 1.597506e+00 -0.994772 0.012029 0.083393 0.870056 0.023663 0.005631 0.994772 -0.006169 -0.029474 -0.930125 0.000000 
8.500000e-02 1.002908e-01 9.749700e-02 8.921436e-02 1.000000e-01 1.597506e+00 -0.994772 0.012029 0.083393 0.870056 0.023663 0.005631 0.994772 -0.006169 -0.029474 -0.930125 0.000000 
8.500000e-02 1.002908e-01 9.749700e-02 8.921436e-02 1.000000e-01 1.597506e+00 -0.994772 0.012029 0.083393 0.870056 0.023663 0.005631 0.994772 -0.006169 -0.029474 -0.930125 0.000000 
8.500000e-02 1.002908e-01 9.749700e-02 8.921436e-02 1.000000e-01 1.597506e+00 -0.994772 0.012029 0.083393 0.870056 0.023663 0.005631 0.994772 -0.006169 -0.029474 -0.930125 0.000000 
8.500000e-02 1.002908e-01 9.749700e-02 8.921436e-02 1.000000e-01 1.597506e+00 -0.994772 0.012029 0.083393 0.870056 0.023663 0.005631 0.994772 -0.006169 -0.029474 -0.930125 0.000000 
8.500000e-02 1.002908e-01 9.749700e-02 8.921436e-02 1.000000e-01 1.597506e+00 -0.994772 0.012029 0.083393 0.870056 0.023663 0.005631 0.994772 -0.006169 -0.029474 -0.930125 0.000000 
8.500000e-02 1.002908e-01 9.749700e-02 8.921436e-02 1.000000e-01 1.597506e+00 -0.994772 0.012029 0.083393 0.870056 0.023663 0.005631 0.994772 -0.006169 -0.029474 -0.930125 0.000000 
8.500000e-02 1.002908e-01 9.749700e-02 8.921436e-02 1.000000e-01 1.597506e+00 -0.994772 0.012029 0.083393 0.870056 0.023663 0.005631 0.994772 -0.006169 -0.029474 -0.930125 0.000000 
8.500000e-02 1.002908e-01 9.749700e-02 8.921436e-02 1.000000e-01 1.597506e+00 -0.994772 0.012029 0.083393 0.870056 0.023663 0.005631 0.994772 -0.006169 -0.029474 -0.930125 0.000000 
8.500000e-02 1.002908e-01 9.749700e-02 8.921436e-02 1.000000e-01 1.597506e+00 -0.994772 0.012029 0.083393 0.870056 0.023663 0.005631 0.994772 -0.006169 -0.029474 -0.930125 0.000000 
8.500000e-02 1.002908e-01 9.749700e-02 8.921436e-02 1.000000e-01 1.597506e+00 -0.994772 0.012029 0.083393 0.870056 0.023663 0.005631 0.994772 -0.006169 -0.029474 -0.930125 0.000000 
8.500000e-02 1.002908e-01 9.749700e-02 8.921436e-02 1.000000e-01 1.597506e+00 -0.994772 0.012029 0.083393 0.870056 0.023663 0.005631 0.994772 -0.006169 -0.029474 -0.930125 0.000000 
8.500000e-02 1.002908e-01 9.749700e-02 8.921436e-02 1.000000e-01 1.597506e+00 -0.994772 0.012029 0.083393 0.870056 0.023663 0.005631 0.994772 -0.006169 -0.029474 -0.930125 0.000000 
8.500000e-02 1.002908e-01 9.749700e-02 8.921436e-02 1.000000e-01 1.597506e+00 -0.994772 0.012029 0.083393 0.870056 0.023663 0.005631 0.994772 -0.006169 -0.029474 -0.930125 0.000000 
8.500000e-02 1.002908e-01 9.749700e-02 8.921436e-02 1.000000e-01 1.597506e+00 -0.994772 0.012029 0.083393 0.870056 0.023663 0.005631 0.994772 -0.006169 -0.029474 -0.930125 0.000000 
8.500000e-02 1.002908e-01 9.749700e-02 8.921436e-02 1.000000e-01 1.597506e+00 -0.994772 0.012029 0.083393 0.870056 0.023663 0.005631 0.994772 -0.006169 -0.029474 -0.930125 0.000000 
8.500000e-02 1.002908e-01 9.749700e-02 8.921436e-02 1.000000e-01 1.597506e+00 -0.994772 0.012029 0.083393 0.870056 0.023663 0.005631 0.994772 -0.006169 -0.029474 -0.930125 0.000000 
8.500000e-02 1.002908e-01 9.749700e-02 8.921436e-02 1.000000e-01 1.597506e+00 -0.994772 0.012029 0.083393 0.870056 0.023663 0.005631 0.994772 -0.006169 -0.029474 -0.930125 0.000000 
8.500000e-02 1.002908e-01 9.749700e-02 8.921436e-02 1.000000e-01 1.597506e+00 -0.994772 0.012029 0.083393 0.870056 0.023663 0.005631 0.994772 -0.006169 -0.029474 -0.930125 0.000000 
8.500000e-02 1.002908e-01 9.749700e-02 8.921436e-02 1.000000e-01 1.597506e+00 -0.994772 0.012029 0.083393 0.870056 0.023663 0.005631 0.994772 -0.006169 -0.029474 -0.930125 0.000000 
8.500000e-02 1.002908e-01 9.749700e-02 8.921436e-02 1.000000e-01 1.597506e+00 -0.994772 0.012029 0.083393 0.870056 0.023663 0.005631 0.994772 -0.006169 -0.029474 -0.930125 0.000000 
8.500000e-02 1.002908e-01 9.749700e-02 8.921436e-02 1.000000e-01 1.597506e+00 -0.994772 0.012029 0.083393 0.870056 0.023663 0.005631 0.994772 -0.006169 -0.029474 -0.930125 0.000000 
8.500000e-02 1.002908e-01 9.749700e-02 8.921436e-02 1.000000e-01 1.597506e+00 -0.994772 0.012029 0.083393 0.870056 0.023663 0.005631 0.994772 -0.006169 -0.029474 -0.930125 0.000000 
8.500000e-02 1.002908e-01 9.749700e-02 8.921436e-02 1.000000e-01 1.597506e+00 -0.994772 0.012029 0.083393 0.870056 0.023663 0.005631 0.994772 -0.006169 -0.029474 -0.930125 0.000000 
8.500000e-02 1.002908e-01 9.749700e-02 8.921436e-02 1.000000e-01 1.597506e+00 -0.994772 0.012029 0.083393 0.870056 0.023663 0.005631 0.994772 -0.006169 -0.029474 -0.930125 0.000000 
8.500000e-02 1.002908e-01 9.749700e-02 8.921436e-02 1.000000e-01 1.597506e+00 -0.994772 0.012029 0.083393 0.870056 0.023663 0.005631 0.994772 -0.006169 -0.029474 -0.930125 0.000000 
8.500000e-02 1.002908e-01 9.749700e-02 8.921436e-02 1.000000e-01 1.597506e+00 -0.994772 0.012029 0.083393 0.870056 0.023663 0.005631 0.994772 -0.006169 -0.029474 -0.930125 0.000000 
8.500000e-02 1.002908e-01 9.749700e-02 8.921436e-02 1.000000e-01 1.597506e+00 -0.994772 0.012029 0.083393 0.870056 0.023663 0.005631 0.994772 -0.006169 -0.029474 -0.930125 0.000000 
8.500000e-02 1.002908e-01 9.749700e-02 8.921436e-02 1.000000e-01 1.597506e+00 -0.994772 0.012029 0.083393 0.870056 0.023663 0.005631 0.994772 -0.006169 -0.029474 -0.930125 0.000000 
8.500000e-02 1.002908e-01 9.749700e-02 8.921436e-02 1.000000e-01 1.597506e+00 -0.994772 0.012029 0.083393 0.870056 0.023663 0.005631 0.994772 -0.006169 -0.029474 -0.930125 0.000000 
8.500000e-02 1.002908e-01 9.749700e-02 8.921436e-02 1.000000e-01 1.597506e+00 -0.994772 0.012029 0.083393 0.870056 0.023663 0.005631 0.994772 -0.006169 -0.029474 -0.930125 0.000000 
8.500000e-02 1.002908e-01 9.749700e-02 8.921436e-02 1.000000e-01 1.597506e+00 -0.994772 0.012029 0.083393 0.870056 0.023663 0.005631 0.994772 -0.006169 -0.029474 -0.930125 0.000000 
8.500000e-02 1.002908e-01 9.749700e-02 8.921436e-02 1.000000e-01 1.597506e+00 -0.994772 0.012029 0.083393 0.870056 0.023663 0.005631 0.994772 -0.006169 -0.029474 -0.930125 0.000000 
8.500000e-02 1.002908e-01 9.749700e-02 8.921436e-02 1.000000e-01 1.597506e+00 -0.994772 0.012029 0.083393 0.870056 0.023663 0.005631 0.994772 -0.006169 -0.029474 -0.930125 0.000000 
8.500000e-02 1.002908e-01 9.749700e-02 8.921436e-02 1.000000e-01 1.597506e+00 -0.994772 0.012029 0.083393 0.870056 0.023663 0.005631 0.994772 -0.006169 -0.029474 -0.930125 0.000000 
8.500000e-02 1.002908e-01 9.749700e-02 8.921436e-02 1.000000e-01 1.597506e+00 -0.994772 0.012029 0.083393 0.870056 0.023663 0.005631 0.994772 -0.006169 -0.029474 -0.930125 0.000000 
8.500000e-02 1.002908e-01 9.749700e-02 8.921436e-02 1.000000e-01 1.597506e+00 -0.994772 0.012029 0.083393 0.870056 0.023663 0.005631 0.994772 -0.006169 -0.029474 -0.930125 0.000000 
8.500000e-02 1.002908e-01 9.749700e-02 8.921436e-02 1.000000e-01 1.597506e+00 -0.994772 0.012029 0.083393 0.870056 0.023663 0.005631 0.994772 -0.006169 -0.029474 -0.930125 0.000000 
8.500000e-02 1.002908e-01 9.749700e-02 8.921436e-02 1.000000e-01 1.597506e+00 -0.994772 0.012029 0.083393 0.870056 0.023663 0.005631 0.994772 -0.006169 -0.029474 -0.930125 0.000000 
8.500000e-02 1.002908e-01 9.749700e-02 8.921436e-02 1.000000e-01 1.597506e+00 -0.994772 0.012029 0.083393 0.870056 0.023663 0.005631 0.994772 -0.006169 -0.029474 -0.930125 0.000000 
8.500000e-02 1.002908e-01 9.749700e-02 8.921436e-02 1.000000e-01 1.597506e+00 -0.994772 0.012029 0.083393 0.870056 0.023663 0.005631 0.994772 -0.006169 -0.029474 -0.930125 0.000000 
8.500000e-02 1.002908e-01 9.749700e-02 8.921436e-02 1.000000e-01 1.597506e+00 -0.994772 0.012029 0.083393 0.870056 0.023663 0.005631 0.994772 -0.006169 -0.029474 -0.930125 0.000000 
8.500000e-02 1.002908e-01 9.749700e-02 8.921436e-02 1.000000e-01 1.597506e+00 -0.994772 0.012029 0.083393 0.870056 0.023663 0.005631 0.994772 -0.006169 -0.029474 -0.930125 0.000000 
8.500000e-02 1.002908e-01 9.749700e-02 8.921436e-02 1.000000e-01 1.597506e+00 -0.994772 0.012029 0.083393 0.870056 0.023663 0.005631 0.994772 -0.006169 -0.029474 -0.930125 0.000000 
8.500000e-02 1.002908e-01 9.749700e-02 8.921436e-02 1.000000e-01 1.597506e+00 -0.994772 0.012029 0.083393 0.870056 0.023663 0.005631 0.994772 -0.006169 -0.029474 -0.930125 0.000000 
8.500000e-02 1.002908e-01 9.749700e-02 8.921436e-02 1.000000e-01 1.597506e+00 -0.994772 0.012029 0.083393 0.870056 0.023663 0.005631 0.994772 -0.006169 -0.029474 -0.930125 0.000000 
8.500000e-02 1.002908e-01 9.749700e-02 8.921436e-02 1.000000e-01 1.597506e+00 -0.994772 0.012029 0.083393 0.870056 0.023663 0.005631 0.994772 -0.006169 -0.029474 -0.930125 0.000000 
8.500000e-02 1.002908e-01 9.749700e-02 8.921436e-02 1.000000e-01 1.597506e+00 -0.994772 0.012029 0.083393 0.870056 0.023663 0.005631 0.994772 -0.006169 -0.029474 -0.930125 0.000000 
8.500000e-02 1.002908e-01 9.749700e-02 8.921436e-02 1.000000e-01 1.597506e+00 -0.994772 0.012029 0.083393 0.870056 0.023663 0.005631 0.994772 -0.006169 -0.029474 -0.930125 0.000000 
8.500000e-02 1.002908e-01 9.749700e-02 8.921436e-02 1.000000e-01 1.597506e+00 -0.994772 0.012029 0.083393 0.870056 0.023663 0.005631 0.994772 -0.006169 -0.029474 -0.930125 0.000000 
8.500000e-02 1.002908e-01 9.749700e-02 8.921436e-02 1.000000e-01 1.597506e+00 -0.994772 0.012029 0.083393 0.870056 0.023663 0.005631 0.994772 -0.006169 -0.029474 -0.930125 0.000000 
8.500000e-02 1.002908e-01 9.749700e-02 8.921436e-02 1.000000e-01 1.597506e+00 -0.994772 0.012029 0.083393 0.870056 0.023663 0.005631 0.994772 -0.006169 -0.029474 -0.930125 0.000000 
8.500000e-02 1.002908e-01 9.749700e-02 8.921436e-02 1.000000e-01 1.597506e+00 -0.994772 0.012029 0.083393 0.870056 0.023663 0.005631 0.994772 -0.006169 -0.029474 -0.930125 0.000000 
8.500000e-02 1.002908e-01 9.749700e-02 8.921436e-02 1.000000e-01 1.597506e+00 -0.994772 0.012029 0.083393 0.870056 0.023663 0.005631 0.994772 -0.006169 -0.029474 -0.930125 0.000000 
8.500000e-02 1.002908e-01 9.749700e-02 8.921436e-02 1.000000e-01 1.597506e+00 -0.994772 0.012029 0.083393 0.870056 0.023663 0.005631 0.994772 -0.006169 -0.029474 -0.930125 0.000000 
8.500000e-02 1.002908e-01 9.749700e-02 8.921436e-02 1.000000e-01 1.597506e+00 -0.994772 0.012029 0.083393 0.870056 0.023663 0.005631 0.994772 -0.006169 -0.029474 -0.930125 0.000000 
8.500000e-02 1.002908e-01 9.749700e-02 8.921436e-02 1.000000e-01 1.597506e+00 -0.994772 0.012029 0.083393 0.870056 0.023663 0.005631 0.994772 -0.006169 -0.029474 -0.930125 0.000000 
8.500000e-02 1.002908e-01 9.749700e-02 8.921436e-02 1.000000e-01 1.597506e+00 -0.994772 0.012029 0.083393 0.870056 0.023663 0.005631 0.994772 -0.006169 -0.029474 -0.930125 0.000000 
8.500000e-02 1.002908e-01 9.749700e-02 8.921436e-02 1.000000e-01 1.597506e+00 -0.994772 0.012029 0.083393 0.870056 0.023663 0.005631 0.994772 -0.006169 -0.029474 -0.930125 0.000000 
8.500000e-02 1.002908e-01 9.749700e-02 8.921436e-02 1.000000e-01 1.597506e+00 -0.994772 0.012029 0.083393 0.870056 0.023663 0.005631 0.994772 -0.006169 -0.029474 -0.930125 0.000000 
8.500000e-02 1.002908e-01 9.749700e-02 8.921436e-02 1.000000e-01 1.597506e+00 -0.994772 0.012029 0.083393 0.870056 0.023663 0.005631 0.994772 -0.006169 -0.029474 -0.930125 0.000000 
8.500000e-02 1.002908e-01 9.749700e-02 8.921436e-02 1.000000e-01 1.597506e+00 -0.994772 0.012029 0.083393 0.870056 0.023663 0.005631 0.994772 -0.006169 -0.029474 -0.930125 0.000000 
8.500000e-02 1.002908e-01 9.749700e-02 8.921436e-02 1.000000e-01 1.597506e+00 -0.994772 0.012029 0.083393 0.870056 0.023663 0.005631 0.994772 -0.006169 -0.029474 -0.930125 0.000000 
8.500000e-02 1.002908e-01 9.749700e-02 8.921436e-02 1.000000e-01 1.597506e+00 -0.994772 0.012029 0.083393 0.870056 0.023663 0.005631 0.994772 -0.006169 -0.029474 -0.930125 0.000000 
8.500000e-02 1.002908e-01 9.749700e-02 8.921436e-02 1.000000e-01 1.597506e+00 -0.994772 0.012029 0.083393 0.870056 0.023663 0.005631 0.994772 -0.006169 -0.029474 -0.930125 0.000000 
8.500000e-02 1.002908e-01 9.749700e-02 8.921436e-02 1.000000e-01 1.597506e+00 -0.994772 0.012029 0.083393 0.870056 0.023663 0.005631 0.994772 -0.006169 -0.029474 -0.930125 0.000000 
8.500000e-02 1.002908e-01 9.749700e-02 8.921436e-02 1.000000e-01 1.597506e+00 -0.994772 0.012029 0.083393 0.870056 0.023663 0.005631 0.994772 -0.006169 -0.029474 -0.930125 0.000000 
8.500000e-02 1.002908e-01 9.749700e-02 8.921436e-02 1.000000e-01 1.597506e+00 -0.994772 0.012029 0.083393 0.870056 0.023663 0.005631 0.994772 -0.006169 -0.029474 -0.930125 0.000000 
8.500000e-02 1.002908e-01 9.749700e-02 8.921436e-02 1.000000e-01 1.597506e+00 -0.994772 0.012029 0.083393 0.870056 0.023663 0.005631 0.994772 -0.006169 -0.029474 -0.930125 0.000000 
8.500000e-02 1.002908e-01 9.749700e-02 8.921436e-02 1.000000e-01 1.597506e+00 -0.994772 0.012029 0.083393 0.870056 0.023663 0.005631 0.994772 -0.006169 -0.029474 -0.930125 0.000000 
8.500000e-02 1.002908e-01 9.749700e-02 8.921436e-02 1.000000e-01 1.597506e+00 -0.994772 0.012029 0.083393 0.870056 0.023663 0.005631 0.994772 -0.006169 -0.029474 -0.930125 0.000000 
8.500000e-02 1.002908e-01 9.749700e-02 8.921436e-02 1.000000e-01 1.597506e+00 -0.994772 0.012029 0.083393 0.870056 0.023663 0.005631 0.994772 -0.006169 -0.029474 -0.930125 0.000000 
8.500000e-02 1.002908e-01 9.749700e-02 8.921436e-02 1.000000e-01 1.597506e+00 -0.994772 0.012029 0.083393 0.870056 0.023663 0.005631 0.994772 -0.006169 -0.029474 -0.930125 0.000000 
8.500000e-02 1.002908e-01 9.749700e-02 8.921436e-02 1.000000e-01 1.597506e+00 -0.994772 0.012029 0.083393 0.870056 0.023663 0.005631 0.994772 -0.006169 -0.029474 -0.930125 0.000000 
8.500000e-02 1.002908e-01 9.749700e-02 8.921436e-02 1.000000e-01 1.597506e+00 -0.994772 0.012029 0.083393 0.870056 0.023663 0.005631 0.994772 -0.006169 -0.029474 -0.930125 0.000000 
8.500000e-02 1.002908e-01 9.749700e-02 8.921436e-02 1.000000e-01 1.597506e+00 -0.994772 0.012029 0.083393 0.870056 0.023663 0.005631 0.994772 -0.006169 -0.029474 -0.930125 0.000000 
8.500000e-02 1.002908e-01 9.749700e-02 8.921436e-02 1.000000e-01 1.597506e+00 -0.994772 0.012029 0.083393 0.870056 0.023663 0.005631 0.994772 -0.006169 -0.029474 -0.930125 0.000000 
8.500000e-02 1.002908e-01 9.749700e-02 8.921436e-02 1.000000e-01 1.597506e+00 -0.994772 0.012029 0.083393 0.870056 0.023663 0.005631 0.994772 -0.006169 -0.029474 -0.930125 0.000000 
8.500000e-02 1.002908e-01 9.749700e-02 8.921436e-02 1.000000e-01 1.597506e+00 -0.994772 0.012029 0.083393 0.870056 0.023663 0.005631 0.994772 -0.006169 -0.029474 -0.930125 0.000000 
8.500000e-02 1.002908e-01 9.749700e-02 8.921436e-02 1.000000e-01 1.597506e+00 -0.994772 0.012029 0.083393 0.870056 0.023663 0.005631 0.994772 -0.006169 -0.029474 -0.930125 0.000000 
8.500000e-02 1.002908e-01 9.749700e-02 8.921436e-02 1.000000e-01 1.597506e+00 -0.994772 0.012029 0.083393 0.870056 0.023663 0.005631 0.994772 -0.006169 -0.029474 -0.930125 0.000000 
8.500000e-02 1.002908e-01 9.749700e-02 8.921436e-02 1.000000e-01 1.597506e+00 -0.994772 0.012029 0.083393 0.870056 0.023663 0.005631 0.994772 -0.006169 -0.029474 -0.930125 0.000000 
8.500000e-02 1.002908e-01 9.749700e-02 8.921436e-02 1.000000e-01 1.597506e+00 -0.994772 0.012029 0.083393 0.870056 0.023663 0.005631 0.994772 -0.006169 -0.029474 -0.930125 0.000000 
8.500000e-02 1.002908e-01 9.749700e-02 8.921436e-02 1.000000e-01 1.597506e+00 -0.994772 0.012029 0.083393 0.870056 0.023663 0.005631 0.994772 -0.006169 -0.029474 -0.930125 0.000000 
8.500000e-02 1.002908e-01 9.749700e-02 8.921436e-02 1.000000e-01 1.597506e+00 -0.994772 0.012029 0.083393 0.870056 0.023663 0.005631 0.994772 -0.006169 -0.029474 -0.930125 0.000000 
8.500000e-02 1.002908e-01 9.749700e-02 8.921436e-02 1.000000e-01 1.597506e+00 -0.994772 0.012029 0.083393 0.870056 0.023663 0.005631 0.994772 -0.006169 -0.029474 -0.930125 0.000000 
8.500000e-02 1.002908e-01 9.749700e-02 8.921436e-02 1.000000e-01 1.597506e+00 -0.994772 0.012029 0.083393 0.870056 0.023663 0.005631 0.994772 -0.006169 -0.029474 -0.930125 0.000000 
8.500000e-02 1.002908e-01 9.749700e-02 8.921436e-02 1.000000e-01 1.597506e+00 -0.994772 0.012029 0.083393 0.870056 0.023663 0.005631 0.994772 -0.006169 -0.029474 -0.930125 0.000000 
8.500000e-02 1.002908e-01 9.749700e-02 8.921436e-02 1.000000e-01 1.597506e+00 -0.994772 0.012029 0.083393 0.870056 0.023663 0.005631 0.994772 -0.006169 -0.029474 -0.930125 0.000000 
8.500000e-02 1.002908e-01 9.749700e-02 8.921436e-02 1.000000e-01 1.597506e+00 -0.994772 0.012029 0.083393 0.870056 0.023663 0.005631 0.994772 -0.006169 -0.029474 -0.930125 0.000000 
8.500000e-02 1.002908e-01 9.749700e-02 8.921436e-02 1.000000e-01 1.597506e+00 -0.994772 0.012029 0.083393 0.870056 0.023663 0.005631 0.994772 -0.006169 -0.029474 -0.930125 0.000000 
8.500000e-02 1.002908e-01 9.749700e-02 8.921436e-02 1.000000e-01 1.597506e+00 -0.994772 0.012029 0.083393 0.870056 0.023663 0.005631 0.994772 -0.006169 -0.029474 -0.930125 0.000000 
8.500000e-02 1.002908e-01 9.749700e-02 8.921436e-02 1.000000e-01 1.597506e+00 -0.994772 0.012029 0.083393 0.870056 0.023663 0.005631 0.994772 -0.006169 -0.029474 -0.930125 0.000000 
8.500000e-02 1.002908e-01 9.749700e-02 8.921436e-02 1.000000e-01 1.597506e+00 -0.994772 0.012029 0.083393 0.870056 0.023663 0.005631 0.994772 -0.006169 -0.029474 -0.930125 0.000000 
8.500000e-02 1.002908e-01 9.749700e-02 8.921436e-02 1.000000e-01 1.597506e+00 -0.994772 0.012029 0.083393 0.870056 0.023663 0.005631 0.994772 -0.006169 -0.029474 -0.930125 0.000000 
8.500000e-02 1.002908e-01 9.749700e-02 8.921436e-02 1.000000e-01 1.597506e+00 -0.994772 0.012029 0.083393 0.870056 0.023663 0.005631 0.994772 -0.006169 -0.029474 -0.930125 0.000000 
8.500000e-02 1.002908e-01 9.749700e-02 8.921436e-02 1.000000e-01 1.597506e+00 -0.994772 0.012029 0.083393 0.870056 0.023663 0.005631 0.994772 -0.006169 -0.029474 -0.930125 0.000000 
8.500000e-02 1.002908e-01 9.749700e-02 8.921436e-02 1.000000e-01 1.597506e+00 -0.994772 0.012029 0.083393 0.870056 0.023663 0.005631 0.994772 -0.006169 -0.029474 -0.930125 0.000000 
8.500000e-02 1.002908e-01 9.749700e-02 8.921436e-02 1.000000e-01 1.597506e+00 -0.994772 0.012029 0.083393 0.870056 0.023663 0.005631 0.994772 -0.006169 -0.029474 -0.930125 0.000000 
8.500000e-02 1.002908e-01 9.749700e-02 8.921436e-02 1.000000e-01 1.597506e+00 -0.994772 0.012029 0.083393 0.870056 0.023663 0.005631 0.994772 -0.006169 -0.029474 -0.930125 0.000000 
8.500000e-02 1.002908e-01 9.749700e-02 8.921436e-02 1.000000e-01 1.597506e+00 -0.994772 0.012029 0.083393 0.870056 0.023663 0.005631 0.994772 -0.006169 -0.029474 -0.930125 0.000000 
