# TeX TeY TeZ ThX ThY THZ P1 P2
8.000000e-02 1.000000e-01 1.595000e+00 8.000000e-02 1.000000e-01 1.595000e+00 0.000000 0.000000 0.000000 0.000000 0.000000 0.000000 0.000000 0.000000 0.000000 0.000000 0.000000 
7.917099e-02 1.000000e-01 1.590673e+00 8.173768e-02 1.000000e-01 1.597506e+00 -0.003147 -0.015151 -0.089512 0.131551 -0.018621 -0.005120 0.003147 -0.000404 -0.000808 -0.000809 0.000000 
7.890503e-02 1.000000e-01 1.585255e+00 8.173768e-02 1.000000e-01 1.597506e+00 -0.005906 -0.026591 -0.086561 0.163393 -0.034705 -0.009629 0.005906 -0.000758 -0.001516 -0.001518 0.000000 
7.880983e-02 1.000000e-01 1.579231e+00 8.173768e-02 1.000000e-01 1.597506e+00 -0.009483 -0.039793 -0.073991 0.192393 -0.053843 -0.015282 0.009483 -0.001217 -0.002435 -0.002437 0.000000 
7.877327e-02 1.000000e-01 1.572895e+00 8.173768e-02 1.000000e-01 1.597506e+00 -0.013481 -0.052487 -0.058457 0.218533 -0.072817 -0.021291 0.013481 -0.001730 -0.003461 -0.003464 0.000000 
7.875953e-02 1.000000e-01 1.566381e+00 8.173768e-02 1.000000e-01 1.597506e+00 -0.017698 -0.063673 -0.042790 0.241624 -0.090213 -0.027250 0.017698 -0.002271 -0.004544 -0.004548 0.000000 
7.875527e-02 1.000000e-01 1.559741e+00 8.173768e-02 1.000000e-01 1.597506e+00 -0.022048 -0.072944 -0.028180 0.261561 -0.105445 -0.032944 0.022048 -0.002830 -0.005660 -0.005666 0.000000 
7.875501e-02 1.000000e-01 1.552999e+00 8.173768e-02 1.000000e-01 1.597506e+00 -0.026489 -0.080037 -0.015292 0.278151 -0.118137 -0.038196 0.026489 -0.003400 -0.006801 -0.006807 0.000000 
7.875650e-02 1.000000e-01 1.546166e+00 8.173768e-02 1.000000e-01 1.597506e+00 -0.031000 -0.085474 -0.003887 0.292254 -0.128863 -0.043030 0.031000 -0.003979 -0.007959 -0.007966 0.000000 
7.875876e-02 1.000000e-01 1.539247e+00 8.173768e-02 1.000000e-01 1.597506e+00 -0.035572 -0.089371 0.006021 0.304024 -0.137715 -0.047387 0.035572 -0.004565 -0.009133 -0.009141 0.000000 
7.876131e-02 1.000000e-01 1.532244e+00 8.173768e-02 1.000000e-01 1.597506e+00 -0.040202 -0.091949 0.014557 0.313740 -0.144901 -0.051246 0.040202 -0.005160 -0.010321 -0.010331 0.000000 
7.876394e-02 1.000000e-01 1.525157e+00 8.173768e-02 1.000000e-01 1.597506e+00 -0.044886 -0.093602 0.022076 0.321967 -0.150871 -0.054684 0.044886 -0.005761 -0.011524 -0.011535 0.000000 
7.876651e-02 1.000000e-01 1.517989e+00 8.173768e-02 1.000000e-01 1.597506e+00 -0.049625 -0.094383 0.028552 0.328702 -0.155609 -0.057636 0.049625 -0.006369 -0.012741 -0.012752 0.000000 
7.876898e-02 1.000000e-01 1.510739e+00 8.173768e-02 1.000000e-01 1.597506e+00 -0.054418 -0.094610 0.034316 0.334434 -0.159507 -0.060216 0.054418 -0.006984 -0.013971 -0.013984 0.000000 
7.877132e-02 1.000000e-01 1.503408e+00 8.173768e-02 1.000000e-01 1.597506e+00 -0.059264 -0.094364 0.039402 0.339232 -0.162604 -0.062403 0.059264 -0.007606 -0.015215 -0.015229 0.000000 
7.877349e-02 1.000000e-01 1.495997e+00 8.173768e-02 1.000000e-01 1.597506e+00 -0.064163 -0.093796 0.043972 0.343334 -0.165085 -0.064263 0.064162 -0.008235 -0.016473 -0.016488 0.000000 
7.877550e-02 1.000000e-01 1.488508e+00 8.173768e-02 1.000000e-01 1.597506e+00 -0.069112 -0.092986 0.048086 0.346845 -0.167021 -0.065812 0.069112 -0.008870 -0.017744 -0.017760 0.000000 
7.877734e-02 1.000000e-01 1.480943e+00 8.173768e-02 1.000000e-01 1.597506e+00 -0.074112 -0.092015 0.051834 0.349903 -0.168515 -0.067096 0.074112 -0.009512 -0.019027 -0.019045 0.000000 
7.877901e-02 1.000000e-01 1.473302e+00 8.173768e-02 1.000000e-01 1.597506e+00 -0.079161 -0.090934 0.055262 0.352585 -0.169617 -0.068135 0.079161 -0.010160 -0.020323 -0.020342 0.000000 
7.878052e-02 1.000000e-01 1.465587e+00 8.173768e-02 1.000000e-01 1.597506e+00 -0.084260 -0.089788 0.058438 0.354987 -0.170405 -0.068972 0.084260 -0.010814 -0.021632 -0.021652 0.000000 
7.878187e-02 1.000000e-01 1.457797e+00 8.173768e-02 1.000000e-01 1.597506e+00 -0.089407 -0.088606 0.061376 0.357149 -0.170896 -0.069615 0.089407 -0.011475 -0.022954 -0.022975 0.000000 
7.878308e-02 1.000000e-01 1.449933e+00 8.173768e-02 1.000000e-01 1.597506e+00 -0.094604 -0.087412 0.064140 0.359147 -0.171162 -0.070110 0.094604 -0.012142 -0.024288 -0.024311 0.000000 
7.878416e-02 1.000000e-01 1.441996e+00 8.173768e-02 1.000000e-01 1.597506e+00 -0.099849 -0.086222 0.066724 0.360993 -0.171195 -0.070452 0.099849 -0.012815 -0.025635 -0.025658 0.000000 
7.878512e-02 1.000000e-01 1.433985e+00 8.173768e-02 1.000000e-01 1.597506e+00 -0.105142 -0.085044 0.069178 0.362742 -0.171055 -0.070680 0.105142 -0.013494 -0.026994 -0.027019 0.000000 
7.878596e-02 1.000000e-01 1.425902e+00 8.173768e-02 1.000000e-01 1.597506e+00 -0.110483 -0.083888 0.071510 0.364410 -0.170749 -0.070800 0.110483 -0.014180 -0.028365 -0.028391 0.000000 
7.878670e-02 1.000000e-01 1.417747e+00 8.173768e-02 1.000000e-01 1.597506e+00 -0.115872 -0.082758 0.073734 0.366017 -0.170295 -0.070826 0.115871 -0.014871 -0.029748 -0.029776 0.000000 
7.878735e-02 1.000000e-01 1.409520e+00 8.173768e-02 1.000000e-01 1.597506e+00 -0.121308 -0.081654 0.075874 0.367583 -0.169720 -0.070776 0.121307 -0.015569 -0.031144 -0.031173 0.000000 
7.878793e-02 1.000000e-01 1.401221e+00 8.173768e-02 1.000000e-01 1.597506e+00 -0.126790 -0.080579 0.077931 0.369117 -0.169026 -0.070652 0.126790 -0.016273 -0.032552 -0.032582 0.000000 
7.878842e-02 1.000000e-01 1.392853e+00 8.173768e-02 1.000000e-01 1.597506e+00 -0.132320 -0.079532 0.079921 0.370630 -0.168231 -0.070468 0.132320 -0.016982 -0.033971 -0.034003 0.000000 
7.878886e-02 1.000000e-01 1.384414e+00 8.173768e-02 1.000000e-01 1.597506e+00 -0.137896 -0.078511 0.081856 0.372130 -0.167349 -0.070232 0.137895 -0.017698 -0.035403 -0.035435 0.000000 
7.878924e-02 1.000000e-01 1.375905e+00 8.173768e-02 1.000000e-01 1.597506e+00 -0.143517 -0.077515 0.083739 0.373623 -0.166383 -0.069948 0.143517 -0.018420 -0.036846 -0.036880 0.000000 
7.878956e-02 1.000000e-01 1.367327e+00 8.173768e-02 1.000000e-01 1.597506e+00 -0.149185 -0.076542 0.085579 0.375113 -0.165345 -0.069622 0.149184 -0.019147 -0.038301 -0.038336 0.000000 
7.878985e-02 1.000000e-01 1.358681e+00 8.173768e-02 1.000000e-01 1.597506e+00 -0.154897 -0.075589 0.087385 0.376605 -0.164243 -0.069261 0.154897 -0.019880 -0.039767 -0.039804 0.000000 
7.879009e-02 1.000000e-01 1.349967e+00 8.173768e-02 1.000000e-01 1.597506e+00 -0.160655 -0.074655 0.089160 0.378100 -0.163083 -0.068869 0.160654 -0.020619 -0.041246 -0.041284 0.000000 
7.879030e-02 1.000000e-01 1.341185e+00 8.173768e-02 1.000000e-01 1.597506e+00 -0.166457 -0.073738 0.090907 0.379601 -0.161868 -0.068446 0.166457 -0.021364 -0.042735 -0.042775 0.000000 
7.879049e-02 1.000000e-01 1.332336e+00 8.173768e-02 1.000000e-01 1.597506e+00 -0.172303 -0.072836 0.092634 0.381109 -0.160606 -0.067999 0.172303 -0.022114 -0.044236 -0.044277 0.000000 
7.879064e-02 1.000000e-01 1.323421e+00 8.173768e-02 1.000000e-01 1.597506e+00 -0.178194 -0.071945 0.094343 0.382625 -0.159301 -0.067530 0.178193 -0.022870 -0.045748 -0.045791 0.000000 
7.879078e-02 1.000000e-01 1.314439e+00 8.173768e-02 1.000000e-01 1.597506e+00 -0.184127 -0.071065 0.096039 0.384150 -0.157957 -0.067041 0.184127 -0.023632 -0.047272 -0.047316 0.000000 
7.879090e-02 1.000000e-01 1.305393e+00 8.173768e-02 1.000000e-01 1.597506e+00 -0.190104 -0.070195 0.097723 0.385685 -0.156577 -0.066533 0.190104 -0.024399 -0.048806 -0.048852 0.000000 
7.879099e-02 1.000000e-01 1.296281e+00 8.173768e-02 1.000000e-01 1.597506e+00 -0.196124 -0.069332 0.099399 0.387231 -0.155165 -0.066010 0.196124 -0.025171 -0.050352 -0.050399 0.000000 
7.879108e-02 1.000000e-01 1.287105e+00 8.173768e-02 1.000000e-01 1.597506e+00 -0.202187 -0.068474 0.101068 0.388786 -0.153722 -0.065472 0.202187 -0.025949 -0.051908 -0.051957 0.000000 
7.879115e-02 1.000000e-01 1.277865e+00 8.173768e-02 1.000000e-01 1.597506e+00 -0.208292 -0.067622 0.102734 0.390353 -0.152253 -0.064921 0.208291 -0.026733 -0.053476 -0.053525 0.000000 
7.879121e-02 1.000000e-01 1.268562e+00 8.173768e-02 1.000000e-01 1.597506e+00 -0.214438 -0.066773 0.104397 0.391929 -0.150758 -0.064359 0.214438 -0.027522 -0.055054 -0.055105 0.000000 
7.879127e-02 1.000000e-01 1.259196e+00 8.173768e-02 1.000000e-01 1.597506e+00 -0.220626 -0.065927 0.106059 0.393517 -0.149240 -0.063785 0.220626 -0.028316 -0.056642 -0.056695 0.000000 
7.879131e-02 1.000000e-01 1.249767e+00 8.173768e-02 1.000000e-01 1.597506e+00 -0.226855 -0.065082 0.107722 0.395115 -0.147700 -0.063202 0.226855 -0.029115 -0.058242 -0.058296 0.000000 
7.879135e-02 1.000000e-01 1.240277e+00 8.173768e-02 1.000000e-01 1.597506e+00 -0.233125 -0.064238 0.109387 0.396724 -0.146141 -0.062609 0.233125 -0.029920 -0.059851 -0.059907 0.000000 
7.879138e-02 1.000000e-01 1.230726e+00 8.173768e-02 1.000000e-01 1.597506e+00 -0.239436 -0.063394 0.111055 0.398344 -0.144562 -0.062008 0.239435 -0.030730 -0.061471 -0.061528 0.000000 
7.879141e-02 1.000000e-01 1.221114e+00 8.173768e-02 1.000000e-01 1.597506e+00 -0.245786 -0.062550 0.112726 0.399974 -0.142966 -0.061399 0.245786 -0.031545 -0.063102 -0.063160 0.000000 
7.879144e-02 1.000000e-01 1.211441e+00 8.173768e-02 1.000000e-01 1.597506e+00 -0.252177 -0.061704 0.114402 0.401614 -0.141354 -0.060783 0.252176 -0.032365 -0.064742 -0.064802 0.000000 
7.879146e-02 1.000000e-01 1.201709e+00 8.173768e-02 1.000000e-01 1.597506e+00 -0.258606 -0.060857 0.116083 0.403265 -0.139726 -0.060160 0.258606 -0.033190 -0.066393 -0.066455 0.000000 
7.879147e-02 1.000000e-01 1.191918e+00 8.173768e-02 1.000000e-01 1.597506e+00 -0.265075 -0.060008 0.117770 0.404926 -0.138083 -0.059531 0.265075 -0.034021 -0.068054 -0.068117 0.000000 
7.879149e-02 1.000000e-01 1.182068e+00 8.173768e-02 1.000000e-01 1.597506e+00 -0.271583 -0.059157 0.119463 0.406597 -0.136426 -0.058896 0.271583 -0.034856 -0.069725 -0.069789 0.000000 
7.879150e-02 1.000000e-01 1.172160e+00 8.173768e-02 1.000000e-01 1.597506e+00 -0.278129 -0.058303 0.121163 0.408278 -0.134756 -0.058255 0.278129 -0.035696 -0.071405 -0.071472 0.000000 
7.879151e-02 1.000000e-01 1.162194e+00 8.173768e-02 1.000000e-01 1.597506e+00 -0.284713 -0.057446 0.122870 0.409969 -0.133073 -0.057609 0.284713 -0.036541 -0.073096 -0.073164 0.000000 
7.879152e-02 1.000000e-01 1.152171e+00 8.173768e-02 1.000000e-01 1.597506e+00 -0.291335 -0.056586 0.124585 0.411670 -0.131377 -0.056957 0.291335 -0.037391 -0.074796 -0.074865 0.000000 
7.879152e-02 1.000000e-01 1.142091e+00 8.173768e-02 1.000000e-01 1.597506e+00 -0.297995 -0.055723 0.126306 0.413380 -0.129670 -0.056301 0.297994 -0.038246 -0.076506 -0.076577 0.000000 
7.879153e-02 1.000000e-01 1.131955e+00 8.173768e-02 1.000000e-01 1.597506e+00 -0.304692 -0.054856 0.128036 0.415101 -0.127951 -0.055640 0.304691 -0.039105 -0.078225 -0.078297 0.000000 
7.879154e-02 1.000000e-01 1.121763e+00 8.173768e-02 1.000000e-01 1.597506e+00 -0.311425 -0.053985 0.129773 0.416830 -0.126221 -0.054975 0.311424 -0.039969 -0.079954 -0.080028 0.000000 
7.879154e-02 1.000000e-01 1.111517e+00 8.173768e-02 1.000000e-01 1.597506e+00 -0.318195 -0.053111 0.131519 0.418570 -0.124480 -0.054305 0.318194 -0.040838 -0.081692 -0.081767 0.000000 
7.879154e-02 1.000000e-01 1.101215e+00 8.173768e-02 1.000000e-01 1.597506e+00 -0.325001 -0.052233 0.133273 0.420318 -0.122728 -0.053631 0.325000 -0.041712 -0.083439 -0.083516 0.000000 
7.879155e-02 1.000000e-01 1.090859e+00 8.173768e-02 1.000000e-01 1.597506e+00 -0.331843 -0.051351 0.135035 0.422076 -0.120966 -0.052953 0.331842 -0.042590 -0.085196 -0.085275 0.000000 
7.879155e-02 1.000000e-01 1.080449e+00 8.173768e-02 1.000000e-01 1.597506e+00 -0.338720 -0.050465 0.136805 0.423843 -0.119195 -0.052270 0.338720 -0.043472 -0.086961 -0.087042 0.000000 
7.879155e-02 1.000000e-01 1.069986e+00 8.173768e-02 1.000000e-01 1.597506e+00 -0.345633 -0.049575 0.138584 0.425619 -0.117413 -0.051584 0.345632 -0.044360 -0.088736 -0.088818 0.000000 
7.879155e-02 1.000000e-01 1.059471e+00 8.173768e-02 1.000000e-01 1.597506e+00 -0.352581 -0.048681 0.140371 0.427404 -0.115621 -0.050895 0.352580 -0.045251 -0.090520 -0.090604 0.000000 
7.879156e-02 1.000000e-01 1.048902e+00 8.173768e-02 1.000000e-01 1.597506e+00 -0.359563 -0.047782 0.142166 0.429198 -0.113820 -0.050201 0.359562 -0.046147 -0.092312 -0.092398 0.000000 
7.879156e-02 1.000000e-01 1.038282e+00 8.173768e-02 1.000000e-01 1.597506e+00 -0.366579 -0.046880 0.143970 0.431001 -0.112010 -0.049504 0.366579 -0.047048 -0.094114 -0.094201 0.000000 
7.879156e-02 1.000000e-01 1.027611e+00 8.173768e-02 1.000000e-01 1.597506e+00 -0.373630 -0.045974 0.145782 0.432813 -0.110191 -0.048803 0.373629 -0.047953 -0.095924 -0.096013 0.000000 
7.879156e-02 1.000000e-01 1.016888e+00 8.173768e-02 1.000000e-01 1.597506e+00 -0.380714 -0.045063 0.147603 0.434633 -0.108362 -0.048098 0.380713 -0.048862 -0.097742 -0.097833 0.000000 
7.879156e-02 1.000000e-01 1.006115e+00 8.173768e-02 1.000000e-01 1.597506e+00 -0.387831 -0.044149 0.149431 0.436462 -0.106525 -0.047391 0.387831 -0.049776 -0.099570 -0.099662 0.000000 
7.879156e-02 1.000000e-01 9.952921e-01 8.173768e-02 1.000000e-01 1.597506e+00 -0.394982 -0.043230 0.151268 0.438300 -0.104678 -0.046679 0.394981 -0.050693 -0.101406 -0.101500 0.000000 
7.879156e-02 1.000000e-01 9.844192e-01 8.173768e-02 1.000000e-01 1.597506e+00 -0.402165 -0.042307 0.153114 0.440146 -0.102824 -0.045965 0.402165 -0.051615 -0.103250 -0.103345 0.000000 
7.879156e-02 1.000000e-01 9.734972e-01 8.173768e-02 1.000000e-01 1.597506e+00 -0.409381 -0.041381 0.154967 0.442000 -0.100960 -0.045247 0.409381 -0.052541 -0.105102 -0.105200 0.000000 
7.879156e-02 1.000000e-01 9.625264e-01 8.173768e-02 1.000000e-01 1.597506e+00 -0.416630 -0.040450 0.156829 0.443862 -0.099088 -0.044525 0.416629 -0.053472 -0.106963 -0.107062 0.000000 
7.879156e-02 1.000000e-01 9.515072e-01 8.173768e-02 1.000000e-01 1.597506e+00 -0.423910 -0.039515 0.158698 0.445733 -0.097208 -0.043801 0.423909 -0.054406 -0.108832 -0.108933 0.000000 
7.879156e-02 1.000000e-01 9.404401e-01 8.173768e-02 1.000000e-01 1.597506e+00 -0.431221 -0.038576 0.160576 0.447612 -0.095319 -0.043073 0.431221 -0.055344 -0.110709 -0.110812 0.000000 
7.879156e-02 1.000000e-01 9.293256e-01 8.173768e-02 1.000000e-01 1.597506e+00 -0.438565 -0.037634 0.162462 0.449499 -0.093422 -0.042342 0.438564 -0.056287 -0.112595 -0.112699 0.000000 
7.879156e-02 1.000000e-01 9.181639e-01 8.173768e-02 1.000000e-01 1.597506e+00 -0.445939 -0.036687 0.164355 0.451394 -0.091517 -0.041608 0.445938 -0.057233 -0.114488 -0.114594 0.000000 
7.879156e-02 1.000000e-01 9.069556e-01 8.173768e-02 1.000000e-01 1.597506e+00 -0.453344 -0.035736 0.166257 0.453297 -0.089604 -0.040871 0.453343 -0.058184 -0.116389 -0.116497 0.000000 
7.879156e-02 1.000000e-01 8.957011e-01 8.173768e-02 1.000000e-01 1.597506e+00 -0.460780 -0.034782 0.168166 0.455208 -0.087683 -0.040131 0.460779 -0.059138 -0.118298 -0.118408 0.000000 
7.879156e-02 1.000000e-01 8.844007e-01 8.173768e-02 1.000000e-01 1.597506e+00 -0.468246 -0.033823 0.170083 0.457126 -0.085754 -0.039387 0.468245 -0.060096 -0.120215 -0.120326 0.000000 
7.879156e-02 1.000000e-01 8.730548e-01 8.173768e-02 1.000000e-01 1.597506e+00 -0.475742 -0.032861 0.172008 0.459052 -0.083818 -0.038641 0.475741 -0.061058 -0.122139 -0.122252 0.000000 
7.879156e-02 1.000000e-01 8.616640e-01 8.173768e-02 1.000000e-01 1.597506e+00 -0.483267 -0.031895 0.173940 0.460986 -0.081874 -0.037892 0.483267 -0.062024 -0.124071 -0.124186 0.000000 
7.879156e-02 1.000000e-01 8.502285e-01 8.173768e-02 1.000000e-01 1.597506e+00 -0.490822 -0.030926 0.175880 0.462928 -0.079922 -0.037140 0.490822 -0.062994 -0.126011 -0.126128 0.000000 
7.879156e-02 1.000000e-01 8.387487e-01 8.173768e-02 1.000000e-01 1.597506e+00 -0.498407 -0.029952 0.177827 0.464877 -0.077962 -0.036384 0.498406 -0.063967 -0.127958 -0.128077 0.000000 
7.879156e-02 1.000000e-01 8.272251e-01 8.173768e-02 1.000000e-01 1.597506e+00 -0.506020 -0.028975 0.179782 0.466833 -0.075995 -0.035626 0.506020 -0.064944 -0.129913 -0.130033 0.000000 
7.879156e-02 1.000000e-01 8.156580e-01 8.173768e-02 1.000000e-01 1.597506e+00 -0.513662 -0.027994 0.181744 0.468797 -0.074020 -0.034866 0.513662 -0.065925 -0.131875 -0.131997 0.000000 
7.879156e-02 1.000000e-01 8.040479e-01 8.173768e-02 1.000000e-01 1.597506e+00 -0.521333 -0.027010 0.183713 0.470768 -0.072039 -0.034102 0.521332 -0.066910 -0.133844 -0.133968 0.000000 
7.879156e-02 1.000000e-01 7.923950e-01 8.173768e-02 1.000000e-01 1.597506e+00 -0.529032 -0.026021 0.185690 0.472746 -0.070049 -0.033335 0.529031 -0.067898 -0.135821 -0.135947 0.000000 
7.879156e-02 9.999999e-02 7.806997e-01 8.173768e-02 1.000000e-01 1.597506e+00 -0.536759 -0.025030 0.187673 0.474732 -0.068053 -0.032566 0.536758 -0.068889 -0.137804 -0.137932 0.000000 
7.879156e-02 9.999999e-02 7.689625e-01 8.173768e-02 1.000000e-01 1.597506e+00 -0.544513 -0.024034 0.189664 0.476725 -0.066049 -0.031794 0.544512 -0.069885 -0.139795 -0.139925 0.000000 
7.879156e-02 9.999999e-02 7.571837e-01 8.173768e-02 1.000000e-01 1.597506e+00 -0.552295 -0.023036 0.191662 0.478724 -0.064039 -0.031019 0.552294 -0.070883 -0.141793 -0.141925 0.000000 
7.879156e-02 9.999999e-02 7.453636e-01 8.173768e-02 1.000000e-01 1.597506e+00 -0.560104 -0.022033 0.193667 0.480731 -0.062021 -0.030241 0.560104 -0.071886 -0.143798 -0.143931 0.000000 
7.879156e-02 9.999999e-02 7.335026e-01 8.173768e-02 1.000000e-01 1.597506e+00 -0.567941 -0.021028 0.195679 0.482745 -0.059996 -0.029461 0.567940 -0.072891 -0.145810 -0.145945 0.000000 
7.879156e-02 9.999999e-02 7.216011e-01 8.173768e-02 1.000000e-01 1.597506e+00 -0.575804 -0.020018 0.197698 0.484765 -0.057965 -0.028678 0.575803 -0.073900 -0.147829 -0.147966 0.000000 
7.879156e-02 9.999999e-02 7.096594e-01 8.173768e-02 1.000000e-01 1.597506e+00 -0.583693 -0.019006 0.199723 0.486793 -0.055926 -0.027893 0.583693 -0.074913 -0.149854 -0.149993 0.000000 
7.879156e-02 9.999998e-02 6.976778e-01 8.173768e-02 1.000000e-01 1.597506e+00 -0.591609 -0.017990 0.201756 0.488827 -0.053881 -0.027104 0.591609 -0.075929 -0.151886 -0.152027 0.000000 
7.879156e-02 9.999998e-02 6.856568e-01 8.173768e-02 1.000000e-01 1.597506e+00 -0.599551 -0.016971 0.203795 0.490868 -0.051829 -0.026314 0.599551 -0.076948 -0.153925 -0.154068 0.000000 
7.879156e-02 9.999997e-02 6.735966e-01 8.173768e-02 1.000000e-01 1.597506e+00 -0.607519 -0.015948 0.205840 0.492915 -0.049770 -0.025520 0.607519 -0.077971 -0.155971 -0.156116 0.000000 
7.879156e-02 9.999997e-02 6.614975e-01 8.173768e-02 1.000000e-01 1.597506e+00 -0.615513 -0.014922 0.207893 0.494970 -0.047705 -0.024724 0.615512 -0.078997 -0.158023 -0.158170 0.000000 
7.879156e-02 9.999996e-02 6.493600e-01 8.173768e-02 1.000000e-01 1.597506e+00 -0.623532 -0.013893 0.209951 0.497030 -0.045633 -0.023926 0.623531 -0.080026 -0.160082 -0.160230 0.000000 
7.879156e-02 9.999996e-02 6.371842e-01 8.173768e-02 1.000000e-01 1.597506e+00 -0.631576 -0.012860 0.212017 0.499097 -0.043554 -0.023125 0.631576 -0.081058 -0.162147 -0.162298 0.000000 
7.879156e-02 9.999995e-02 6.249707e-01 8.173768e-02 1.000000e-01 1.597506e+00 -0.639645 -0.011825 0.214088 0.501171 -0.041469 -0.022321 0.639645 -0.082094 -0.164219 -0.164371 0.000000 
7.879156e-02 9.999994e-02 6.127196e-01 8.173768e-02 1.000000e-01 1.597506e+00 -0.647739 -0.010786 0.216166 0.503251 -0.039378 -0.021516 0.647739 -0.083133 -0.166297 -0.166451 0.000000 
7.879156e-02 9.999992e-02 6.004313e-01 8.173768e-02 1.000000e-01 1.597506e+00 -0.655858 -0.009744 0.218251 0.505337 -0.037280 -0.020707 0.655858 -0.084175 -0.168381 -0.168537 0.000000 
7.879156e-02 9.999991e-02 5.881060e-01 8.173768e-02 1.000000e-01 1.597506e+00 -0.664001 -0.008699 0.220341 0.507430 -0.035176 -0.019896 0.664001 -0.085220 -0.170472 -0.170630 0.000000 
7.879156e-02 9.999989e-02 5.757442e-01 8.173768e-02 1.000000e-01 1.597506e+00 -0.672168 -0.007651 0.222438 0.509528 -0.033066 -0.019083 0.672168 -0.086268 -0.172569 -0.172729 0.000000 
7.879156e-02 9.999986e-02 5.633462e-01 8.173768e-02 1.000000e-01 1.597506e+00 -0.680359 -0.006599 0.224541 0.511633 -0.030950 -0.018267 0.680359 -0.087319 -0.174672 -0.174834 0.000000 
7.879156e-02 9.999984e-02 5.509121e-01 8.173768e-02 1.000000e-01 1.597506e+00 -0.688574 -0.005545 0.226650 0.513744 -0.028827 -0.017450 0.688574 -0.088374 -0.176781 -0.176945 0.000000 
7.879156e-02 9.999980e-02 5.384424e-01 8.173768e-02 1.000000e-01 1.597506e+00 -0.696813 -0.004488 0.228765 0.515861 -0.026698 -0.016629 0.696812 -0.089431 -0.178896 -0.179062 0.000000 
7.879156e-02 9.999976e-02 5.259373e-01 8.173768e-02 1.000000e-01 1.597506e+00 -0.705075 -0.003427 0.230886 0.517984 -0.024564 -0.015807 0.705074 -0.090491 -0.181017 -0.181185 0.000000 
7.879156e-02 9.999971e-02 5.133971e-01 8.173768e-02 1.000000e-01 1.597506e+00 -0.713360 -0.002364 0.233013 0.520114 -0.022423 -0.014982 0.713359 -0.091554 -0.183144 -0.183314 0.000000 
7.879156e-02 9.999965e-02 5.008220e-01 8.173768e-02 1.000000e-01 1.597506e+00 -0.721668 -0.001298 0.235146 0.522248 -0.020276 -0.014154 0.721667 -0.092620 -0.185277 -0.185449 0.000000 
7.879156e-02 9.999957e-02 4.882125e-01 8.173768e-02 1.000000e-01 1.597506e+00 -0.729999 -0.000229 0.237285 0.524389 -0.018124 -0.013325 0.729998 -0.093689 -0.187416 -0.187591 0.000000 
7.879156e-02 9.999948e-02 4.755688e-01 8.173768e-02 1.000000e-01 1.597506e+00 -0.738352 0.000844 0.239430 0.526536 -0.015965 -0.012493 0.738352 -0.094761 -0.189560 -0.189738 0.000000 
7.879156e-02 9.999937e-02 4.628911e-01 8.173768e-02 1.000000e-01 1.597506e+00 -0.746728 0.001919 0.241580 0.528688 -0.013801 -0.011659 0.746727 -0.095836 -0.191711 -0.191891 0.000000 
7.879156e-02 9.999924e-02 4.501797e-01 8.173768e-02 1.000000e-01 1.597506e+00 -0.755126 0.002996 0.243736 0.530846 -0.011631 -0.010823 0.755126 -0.096913 -0.193867 -0.194051 0.000000 
7.879156e-02 9.999907e-02 4.374350e-01 8.173768e-02 1.000000e-01 1.597506e+00 -0.763546 0.004077 0.245898 0.533010 -0.009456 -0.009984 0.763546 -0.097992 -0.196029 -0.196217 0.000000 
7.879156e-02 9.999887e-02 4.246571e-01 8.173768e-02 1.000000e-01 1.597506e+00 -0.771988 0.005161 0.248065 0.535179 -0.007274 -0.009144 0.771988 -0.099074 -0.198196 -0.198390 0.000000 
7.879156e-02 9.999862e-02 4.118463e-01 8.173768e-02 1.000000e-01 1.597506e+00 -0.780452 0.006247 0.250238 0.537354 -0.005088 -0.008301 0.780452 -0.100158 -0.200369 -0.200570 0.000000 
7.879156e-02 9.999832e-02 3.990030e-01 8.173768e-02 1.000000e-01 1.597506e+00 -0.788937 0.007336 0.252417 0.539535 -0.002895 -0.007456 0.788937 -0.101243 -0.202548 -0.202759 0.000000 
7.879156e-02 9.999796e-02 3.861273e-01 8.173768e-02 1.000000e-01 1.597506e+00 -0.797444 0.008428 0.254601 0.541721 -0.000697 -0.006609 0.797444 -0.102328 -0.204733 -0.204957 0.000000 
7.879156e-02 9.999751e-02 3.732196e-01 8.173768e-02 1.000000e-01 1.597506e+00 -0.805972 0.009522 0.256790 0.543912 0.001506 -0.005760 0.805972 -0.103413 -0.206923 -0.207167 0.000000 
7.879156e-02 9.999696e-02 3.602800e-01 8.173768e-02 1.000000e-01 1.597506e+00 -0.814521 0.010619 0.258985 0.546109 0.003715 -0.004909 0.814520 -0.104497 -0.209119 -0.209392 0.000000 
7.879156e-02 9.999629e-02 3.473089e-01 8.173768e-02 1.000000e-01 1.597506e+00 -0.823091 0.011719 0.261185 0.548311 0.005929 -0.004055 0.823090 -0.105575 -0.211321 -0.211637 0.000000 
7.879156e-02 9.999547e-02 3.343064e-01 8.173768e-02 1.000000e-01 1.597506e+00 -0.831681 0.012822 0.263391 0.550519 0.008149 -0.003200 0.831681 -0.106645 -0.213529 -0.213909 0.000000 
7.879156e-02 9.999447e-02 3.212729e-01 8.173768e-02 1.000000e-01 1.597506e+00 -0.840292 0.013927 0.265601 0.552732 0.010374 -0.002343 0.840292 -0.107700 -0.215744 -0.216221 0.000000 
7.879156e-02 9.999324e-02 3.082086e-01 8.173768e-02 1.000000e-01 1.597506e+00 -0.848923 0.015035 0.267817 0.554950 0.012604 -0.001483 0.848923 -0.108732 -0.217966 -0.218590 0.000000 
7.879156e-02 9.999174e-02 2.951136e-01 8.173768e-02 1.000000e-01 1.597506e+00 -0.857575 0.016145 0.270038 0.557173 0.014840 -0.000622 0.857575 -0.109728 -0.220196 -0.221043 0.000000 
7.879156e-02 9.998989e-02 2.819883e-01 8.173768e-02 1.000000e-01 1.597506e+00 -0.866247 0.017258 0.272265 0.559401 0.017080 0.000242 0.866247 -0.110664 -0.222436 -0.223626 0.000000 
7.879156e-02 9.998764e-02 2.688329e-01 8.173768e-02 1.000000e-01 1.597506e+00 -0.874939 0.018374 0.274496 0.561635 0.019326 0.001107 0.874938 -0.111511 -0.224687 -0.226400 0.000000 
7.879156e-02 9.998488e-02 2.556475e-01 8.173768e-02 1.000000e-01 1.597506e+00 -0.883650 0.019492 0.276733 0.563874 0.021577 0.001975 0.883650 -0.112219 -0.226952 -0.229466 0.000000 
7.879156e-02 9.998153e-02 2.424325e-01 8.173768e-02 1.000000e-01 1.597506e+00 -0.892382 0.020612 0.278975 0.566117 0.023833 0.002844 0.892381 -0.112710 -0.229233 -0.232991 0.000000 
7.879156e-02 9.997745e-02 2.291879e-01 8.173768e-02 1.000000e-01 1.597506e+00 -0.901133 0.021735 0.281221 0.568366 0.026094 0.003715 0.901133 -0.112880 -0.231529 -0.237201 0.000000 
7.879156e-02 9.997254e-02 2.159139e-01 8.173768e-02 1.000000e-01 1.597506e+00 -0.909904 0.022861 0.283473 0.570620 0.028360 0.004589 0.909904 -0.112550 -0.233832 -0.242499 0.000000 
7.879156e-02 9.996666e-02 2.026107e-01 8.173768e-02 1.000000e-01 1.597506e+00 -0.918695 0.023989 0.285730 0.572879 0.030632 0.005464 0.918695 -0.111461 -0.236108 -0.249514 0.000000 
7.879156e-02 9.995974e-02 1.892784e-01 8.173768e-02 1.000000e-01 1.597506e+00 -0.927506 0.025120 0.287992 0.575143 0.032908 0.006341 0.927506 -0.109270 -0.238264 -0.259182 0.000000 
7.879156e-02 9.995180e-02 1.759170e-01 8.173768e-02 1.000000e-01 1.597506e+00 -0.936337 0.026254 0.290260 0.577413 0.035190 0.007221 0.936337 -0.105419 -0.240040 -0.273236 0.000000 
7.879156e-02 9.994320e-02 1.625263e-01 8.173768e-02 1.000000e-01 1.597506e+00 -0.945191 0.027390 0.292533 0.579688 0.037478 0.008102 0.945191 -0.099189 -0.240764 -0.294594 0.000000 
7.879156e-02 9.993532e-02 1.491049e-01 8.173768e-02 1.000000e-01 1.597506e+00 -0.954071 0.028530 0.294812 0.581970 0.039772 0.008987 0.954071 -0.089759 -0.238844 -0.328201 0.000000 
7.879156e-02 9.993417e-02 1.356463e-01 8.173768e-02 1.000000e-01 1.597506e+00 -0.962997 0.029675 0.297104 0.584264 0.042079 0.009875 0.962997 -0.076090 -0.230200 -0.384197 0.000000 
7.879156e-02 9.996608e-02 1.221182e-01 8.173768e-02 1.000000e-01 1.597506e+00 -0.972076 0.030841 0.299435 0.586597 0.044424 0.010779 0.972076 -0.057156 -0.204207 -0.484416 0.000000 
7.879156e-02 1.001169e-01 1.083806e-01 8.173768e-02 1.000000e-01 1.597506e+00 -0.981783 0.032086 0.301927 0.589091 0.046933 0.011746 0.981783 -0.031648 -0.136029 -0.674317 0.000000 
7.879156e-02 1.003100e-01 9.749825e-02 8.173768e-02 1.000000e-01 1.597506e+00 -0.990490 0.033204 0.304162 0.591329 0.049182 0.012613 0.990490 -0.005620 -0.028366 -0.928990 0.000000 
7.879156e-02 1.003100e-01 9.749825e-02 8.173768e-02 1.000000e-01 1.597506e+00 -0.990490 0.033204 0.304162 0.591329 0.049182 0.012613 0.990490 -0.005620 -0.028366 -0.928990 0.000000 
7.879156e-02 1.003100e-01 9.749825e-02 8.173768e-02 1.000000e-01 1.597506e+00 -0.990490 0.033204 0.304162 0.591329 0.049182 0.012613 0.990490 -0.005620 -0.028366 -0.928990 0.000000 
7.879156e-02 1.003100e-01 9.749825e-02 8.173768e-02 1.000000e-01 1.597506e+00 -0.990490 0.033204 0.304162 0.591329 0.049182 0.012613 0.990490 -0.005620 -0.028366 -0.928990 0.000000 
7.879156e-02 1.003100e-01 9.749825e-02 8.173768e-02 1.000000e-01 1.597506e+00 -0.990490 0.033204 0.304162 0.591329 0.049182 0.012613 0.990490 -0.005620 -0.028366 -0.928990 0.000000 
7.879156e-02 1.003100e-01 9.749825e-02 8.173768e-02 1.000000e-01 1.597506e+00 -0.990490 0.033204 0.304162 0.591329 0.049182 0.012613 0.990490 -0.005620 -0.028366 -0.928990 0.000000 
7.879156e-02 1.003100e-01 9.749825e-02 8.173768e-02 1.000000e-01 1.597506e+00 -0.990490 0.033204 0.304162 0.591329 0.049182 0.012613 0.990490 -0.005620 -0.028366 -0.928990 0.000000 
7.879156e-02 1.003100e-01 9.749825e-02 8.173768e-02 1.000000e-01 1.597506e+00 -0.990490 0.033204 0.304162 0.591329 0.049182 0.012613 0.990490 -0.005620 -0.028366 -0.928990 0.000000 
7.879156e-02 1.003100e-01 9.749825e-02 8.173768e-02 1.000000e-01 1.597506e+00 -0.990490 0.033204 0.304162 0.591329 0.049182 0.012613 0.990490 -0.005620 -0.028366 -0.928990 0.000000 
7.879156e-02 1.003100e-01 9.749825e-02 8.173768e-02 1.000000e-01 1.597506e+00 -0.990490 0.033204 0.304162 0.591329 0.049182 0.012613 0.990490 -0.005620 -0.028366 -0.928990 0.000000 
7.879156e-02 1.003100e-01 9.749825e-02 8.173768e-02 1.000000e-01 1.597506e+00 -0.990490 0.033204 0.304162 0.591329 0.049182 0.012613 0.990490 -0.005620 -0.028366 -0.928990 0.000000 
7.879156e-02 1.003100e-01 9.749825e-02 8.173768e-02 1.000000e-01 1.597506e+00 -0.990490 0.033204 0.304162 0.591329 0.049182 0.012613 0.990490 -0.005620 -0.028366 -0.928990 0.000000 
7.879156e-02 1.003100e-01 9.749825e-02 8.173768e-02 1.000000e-01 1.597506e+00 -0.990490 0.033204 0.304162 0.591329 0.049182 0.012613 0.990490 -0.005620 -0.028366 -0.928990 0.000000 
7.879156e-02 1.003100e-01 9.749825e-02 8.173768e-02 1.000000e-01 1.597506e+00 -0.990490 0.033204 0.304162 0.591329 0.049182 0.012613 0.990490 -0.005620 -0.028366 -0.928990 0.000000 
7.879156e-02 1.003100e-01 9.749825e-02 8.173768e-02 1.000000e-01 1.597506e+00 -0.990490 0.033204 0.304162 0.591329 0.049182 0.012613 0.990490 -0.005620 -0.028366 -0.928990 0.000000 
7.879156e-02 1.003100e-01 9.749825e-02 8.173768e-02 1.000000e-01 1.597506e+00 -0.990490 0.033204 0.304162 0.591329 0.049182 0.012613 0.990490 -0.005620 -0.028366 -0.928990 0.000000 
7.879156e-02 1.003100e-01 9.749825e-02 8.173768e-02 1.000000e-01 1.597506e+00 -0.990490 0.033204 0.304162 0.591329 0.049182 0.012613 0.990490 -0.005620 -0.028366 -0.928990 0.000000 
7.879156e-02 1.003100e-01 9.749825e-02 8.173768e-02 1.000000e-01 1.597506e+00 -0.990490 0.033204 0.304162 0.591329 0.049182 0.012613 0.990490 -0.005620 -0.028366 -0.928990 0.000000 
7.879156e-02 1.003100e-01 9.749825e-02 8.173768e-02 1.000000e-01 1.597506e+00 -0.990490 0.033204 0.304162 0.591329 0.049182 0.012613 0.990490 -0.005620 -0.028366 -0.928990 0.000000 
7.879156e-02 1.003100e-01 9.749825e-02 8.173768e-02 1.000000e-01 1.597506e+00 -0.990490 0.033204 0.304162 0.591329 0.049182 0.012613 0.990490 -0.005620 -0.028366 -0.928990 0.000000 
7.879156e-02 1.003100e-01 9.749825e-02 8.173768e-02 1.000000e-01 1.597506e+00 -0.990490 0.033204 0.304162 0.591329 0.049182 0.012613 0.990490 -0.005620 -0.028366 -0.928990 0.000000 
7.879156e-02 1.003100e-01 9.749825e-02 8.173768e-02 1.000000e-01 1.597506e+00 -0.990490 0.033204 0.304162 0.591329 0.049182 0.012613 0.990490 -0.005620 -0.028366 -0.928990 0.000000 
7.879156e-02 1.003100e-01 9.749825e-02 8.173768e-02 1.000000e-01 1.597506e+00 -0.990490 0.033204 0.304162 0.591329 0.049182 0.012613 0.990490 -0.005620 -0.028366 -0.928990 0.000000 
7.879156e-02 1.003100e-01 9.749825e-02 8.173768e-02 1.000000e-01 1.597506e+00 -0.990490 0.033204 0.304162 0.591329 0.049182 0.012613 0.990490 -0.005620 -0.028366 -0.928990 0.000000 
7.879156e-02 1.003100e-01 9.749825e-02 8.173768e-02 1.000000e-01 1.597506e+00 -0.990490 0.033204 0.304162 0.591329 0.049182 0.012613 0.990490 -0.005620 -0.028366 -0.928990 0.000000 
7.879156e-02 1.003100e-01 9.749825e-02 8.173768e-02 1.000000e-01 1.597506e+00 -0.990490 0.033204 0.304162 0.591329 0.049182 0.012613 0.990490 -0.005620 -0.028366 -0.928990 0.000000 
7.879156e-02 1.003100e-01 9.749825e-02 8.173768e-02 1.000000e-01 1.597506e+00 -0.990490 0.033204 0.304162 0.591329 0.049182 0.012613 0.990490 -0.005620 -0.028366 -0.928990 0.000000 
7.879156e-02 1.003100e-01 9.749825e-02 8.173768e-02 1.000000e-01 1.597506e+00 -0.990490 0.033204 0.304162 0.591329 0.049182 0.012613 0.990490 -0.005620 -0.028366 -0.928990 0.000000 
7.879156e-02 1.003100e-01 9.749825e-02 8.173768e-02 1.000000e-01 1.597506e+00 -0.990490 0.033204 0.304162 0.591329 0.049182 0.012613 0.990490 -0.005620 -0.028366 -0.928990 0.000000 
7.879156e-02 1.003100e-01 9.749825e-02 8.173768e-02 1.000000e-01 1.597506e+00 -0.990490 0.033204 0.304162 0.591329 0.049182 0.012613 0.990490 -0.005620 -0.028366 -0.928990 0.000000 
7.879156e-02 1.003100e-01 9.749825e-02 8.173768e-02 1.000000e-01 1.597506e+00 -0.990490 0.033204 0.304162 0.591329 0.049182 0.012613 0.990490 -0.005620 -0.028366 -0.928990 0.000000 
7.879156e-02 1.003100e-01 9.749825e-02 8.173768e-02 1.000000e-01 1.597506e+00 -0.990490 0.033204 0.304162 0.591329 0.049182 0.012613 0.990490 -0.005620 -0.028366 -0.928990 0.000000 
7.879156e-02 1.003100e-01 9.749825e-02 8.173768e-02 1.000000e-01 1.597506e+00 -0.990490 0.033204 0.304162 0.591329 0.049182 0.012613 0.990490 -0.005620 -0.028366 -0.928990 0.000000 
7.879156e-02 1.003100e-01 9.749825e-02 8.173768e-02 1.000000e-01 1.597506e+00 -0.990490 0.033204 0.304162 0.591329 0.049182 0.012613 0.990490 -0.005620 -0.028366 -0.928990 0.000000 
7.879156e-02 1.003100e-01 9.749825e-02 8.173768e-02 1.000000e-01 1.597506e+00 -0.990490 0.033204 0.304162 0.591329 0.049182 0.012613 0.990490 -0.005620 -0.028366 -0.928990 0.000000 
7.879156e-02 1.003100e-01 9.749825e-02 8.173768e-02 1.000000e-01 1.597506e+00 -0.990490 0.033204 0.304162 0.591329 0.049182 0.012613 0.990490 -0.005620 -0.028366 -0.928990 0.000000 
7.879156e-02 1.003100e-01 9.749825e-02 8.173768e-02 1.000000e-01 1.597506e+00 -0.990490 0.033204 0.304162 0.591329 0.049182 0.012613 0.990490 -0.005620 -0.028366 -0.928990 0.000000 
7.879156e-02 1.003100e-01 9.749825e-02 8.173768e-02 1.000000e-01 1.597506e+00 -0.990490 0.033204 0.304162 0.591329 0.049182 0.012613 0.990490 -0.005620 -0.028366 -0.928990 0.000000 
7.879156e-02 1.003100e-01 9.749825e-02 8.173768e-02 1.000000e-01 1.597506e+00 -0.990490 0.033204 0.304162 0.591329 0.049182 0.012613 0.990490 -0.005620 -0.028366 -0.928990 0.000000 
7.879156e-02 1.003100e-01 9.749825e-02 8.173768e-02 1.000000e-01 1.597506e+00 -0.990490 0.033204 0.304162 0.591329 0.049182 0.012613 0.990490 -0.005620 -0.028366 -0.928990 0.000000 
7.879156e-02 1.003100e-01 9.749825e-02 8.173768e-02 1.000000e-01 1.597506e+00 -0.990490 0.033204 0.304162 0.591329 0.049182 0.012613 0.990490 -0.005620 -0.028366 -0.928990 0.000000 
7.879156e-02 1.003100e-01 9.749825e-02 8.173768e-02 1.000000e-01 1.597506e+00 -0.990490 0.033204 0.304162 0.591329 0.049182 0.012613 0.990490 -0.005620 -0.028366 -0.928990 0.000000 
7.879156e-02 1.003100e-01 9.749825e-02 8.173768e-02 1.000000e-01 1.597506e+00 -0.990490 0.033204 0.304162 0.591329 0.049182 0.012613 0.990490 -0.005620 -0.028366 -0.928990 0.000000 
7.879156e-02 1.003100e-01 9.749825e-02 8.173768e-02 1.000000e-01 1.597506e+00 -0.990490 0.033204 0.304162 0.591329 0.049182 0.012613 0.990490 -0.005620 -0.028366 -0.928990 0.000000 
7.879156e-02 1.003100e-01 9.749825e-02 8.173768e-02 1.000000e-01 1.597506e+00 -0.990490 0.033204 0.304162 0.591329 0.049182 0.012613 0.990490 -0.005620 -0.028366 -0.928990 0.000000 
7.879156e-02 1.003100e-01 9.749825e-02 8.173768e-02 1.000000e-01 1.597506e+00 -0.990490 0.033204 0.304162 0.591329 0.049182 0.012613 0.990490 -0.005620 -0.028366 -0.928990 0.000000 
7.879156e-02 1.003100e-01 9.749825e-02 8.173768e-02 1.000000e-01 1.597506e+00 -0.990490 0.033204 0.304162 0.591329 0.049182 0.012613 0.990490 -0.005620 -0.028366 -0.928990 0.000000 
7.879156e-02 1.003100e-01 9.749825e-02 8.173768e-02 1.000000e-01 1.597506e+00 -0.990490 0.033204 0.304162 0.591329 0.049182 0.012613 0.990490 -0.005620 -0.028366 -0.928990 0.000000 
7.879156e-02 1.003100e-01 9.749825e-02 8.173768e-02 1.000000e-01 1.597506e+00 -0.990490 0.033204 0.304162 0.591329 0.049182 0.012613 0.990490 -0.005620 -0.028366 -0.928990 0.000000 
7.879156e-02 1.003100e-01 9.749825e-02 8.173768e-02 1.000000e-01 1.597506e+00 -0.990490 0.033204 0.304162 0.591329 0.049182 0.012613 0.990490 -0.005620 -0.028366 -0.928990 0.000000 
7.879156e-02 1.003100e-01 9.749825e-02 8.173768e-02 1.000000e-01 1.597506e+00 -0.990490 0.033204 0.304162 0.591329 0.049182 0.012613 0.990490 -0.005620 -0.028366 -0.928990 0.000000 
7.879156e-02 1.003100e-01 9.749825e-02 8.173768e-02 1.000000e-01 1.597506e+00 -0.990490 0.033204 0.304162 0.591329 0.049182 0.012613 0.990490 -0.005620 -0.028366 -0.928990 0.000000 
7.879156e-02 1.003100e-01 9.749825e-02 8.173768e-02 1.000000e-01 1.597506e+00 -0.990490 0.033204 0.304162 0.591329 0.049182 0.012613 0.990490 -0.005620 -0.028366 -0.928990 0.000000 
7.879156e-02 1.003100e-01 9.749825e-02 8.173768e-02 1.000000e-01 1.597506e+00 -0.990490 0.033204 0.304162 0.591329 0.049182 0.012613 0.990490 -0.005620 -0.028366 -0.928990 0.000000 
7.879156e-02 1.003100e-01 9.749825e-02 8.173768e-02 1.000000e-01 1.597506e+00 -0.990490 0.033204 0.304162 0.591329 0.049182 0.012613 0.990490 -0.005620 -0.028366 -0.928990 0.000000 
7.879156e-02 1.003100e-01 9.749825e-02 8.173768e-02 1.000000e-01 1.597506e+00 -0.990490 0.033204 0.304162 0.591329 0.049182 0.012613 0.990490 -0.005620 -0.028366 -0.928990 0.000000 
7.879156e-02 1.003100e-01 9.749825e-02 8.173768e-02 1.000000e-01 1.597506e+00 -0.990490 0.033204 0.304162 0.591329 0.049182 0.012613 0.990490 -0.005620 -0.028366 -0.928990 0.000000 
7.879156e-02 1.003100e-01 9.749825e-02 8.173768e-02 1.000000e-01 1.597506e+00 -0.990490 0.033204 0.304162 0.591329 0.049182 0.012613 0.990490 -0.005620 -0.028366 -0.928990 0.000000 
7.879156e-02 1.003100e-01 9.749825e-02 8.173768e-02 1.000000e-01 1.597506e+00 -0.990490 0.033204 0.304162 0.591329 0.049182 0.012613 0.990490 -0.005620 -0.028366 -0.928990 0.000000 
7.879156e-02 1.003100e-01 9.749825e-02 8.173768e-02 1.000000e-01 1.597506e+00 -0.990490 0.033204 0.304162 0.591329 0.049182 0.012613 0.990490 -0.005620 -0.028366 -0.928990 0.000000 
7.879156e-02 1.003100e-01 9.749825e-02 8.173768e-02 1.000000e-01 1.597506e+00 -0.990490 0.033204 0.304162 0.591329 0.049182 0.012613 0.990490 -0.005620 -0.028366 -0.928990 0.000000 
7.879156e-02 1.003100e-01 9.749825e-02 8.173768e-02 1.000000e-01 1.597506e+00 -0.990490 0.033204 0.304162 0.591329 0.049182 0.012613 0.990490 -0.005620 -0.028366 -0.928990 0.000000 
7.879156e-02 1.003100e-01 9.749825e-02 8.173768e-02 1.000000e-01 1.597506e+00 -0.990490 0.033204 0.304162 0.591329 0.049182 0.012613 0.990490 -0.005620 -0.028366 -0.928990 0.000000 
7.879156e-02 1.003100e-01 9.749825e-02 8.173768e-02 1.000000e-01 1.597506e+00 -0.990490 0.033204 0.304162 0.591329 0.049182 0.012613 0.990490 -0.005620 -0.028366 -0.928990 0.000000 
7.879156e-02 1.003100e-01 9.749825e-02 8.173768e-02 1.000000e-01 1.597506e+00 -0.990490 0.033204 0.304162 0.591329 0.049182 0.012613 0.990490 -0.005620 -0.028366 -0.928990 0.000000 
7.879156e-02 1.003100e-01 9.749825e-02 8.173768e-02 1.000000e-01 1.597506e+00 -0.990490 0.033204 0.304162 0.591329 0.049182 0.012613 0.990490 -0.005620 -0.028366 -0.928990 0.000000 
7.879156e-02 1.003100e-01 9.749825e-02 8.173768e-02 1.000000e-01 1.597506e+00 -0.990490 0.033204 0.304162 0.591329 0.049182 0.012613 0.990490 -0.005620 -0.028366 -0.928990 0.000000 
7.879156e-02 1.003100e-01 9.749825e-02 8.173768e-02 1.000000e-01 1.597506e+00 -0.990490 0.033204 0.304162 0.591329 0.049182 0.012613 0.990490 -0.005620 -0.028366 -0.928990 0.000000 
7.879156e-02 1.003100e-01 9.749825e-02 8.173768e-02 1.000000e-01 1.597506e+00 -0.990490 0.033204 0.304162 0.591329 0.049182 0.012613 0.990490 -0.005620 -0.028366 -0.928990 0.000000 
7.879156e-02 1.003100e-01 9.749825e-02 8.173768e-02 1.000000e-01 1.597506e+00 -0.990490 0.033204 0.304162 0.591329 0.049182 0.012613 0.990490 -0.005620 -0.028366 -0.928990 0.000000 
7.879156e-02 1.003100e-01 9.749825e-02 8.173768e-02 1.000000e-01 1.597506e+00 -0.990490 0.033204 0.304162 0.591329 0.049182 0.012613 0.990490 -0.005620 -0.028366 -0.928990 0.000000 
7.879156e-02 1.003100e-01 9.749825e-02 8.173768e-02 1.000000e-01 1.597506e+00 -0.990490 0.033204 0.304162 0.591329 0.049182 0.012613 0.990490 -0.005620 -0.028366 -0.928990 0.000000 
7.879156e-02 1.003100e-01 9.749825e-02 8.173768e-02 1.000000e-01 1.597506e+00 -0.990490 0.033204 0.304162 0.591329 0.049182 0.012613 0.990490 -0.005620 -0.028366 -0.928990 0.000000 
7.879156e-02 1.003100e-01 9.749825e-02 8.173768e-02 1.000000e-01 1.597506e+00 -0.990490 0.033204 0.304162 0.591329 0.049182 0.012613 0.990490 -0.005620 -0.028366 -0.928990 0.000000 
7.879156e-02 1.003100e-01 9.749825e-02 8.173768e-02 1.000000e-01 1.597506e+00 -0.990490 0.033204 0.304162 0.591329 0.049182 0.012613 0.990490 -0.005620 -0.028366 -0.928990 0.000000 
7.879156e-02 1.003100e-01 9.749825e-02 8.173768e-02 1.000000e-01 1.597506e+00 -0.990490 0.033204 0.304162 0.591329 0.049182 0.012613 0.990490 -0.005620 -0.028366 -0.928990 0.000000 
7.879156e-02 1.003100e-01 9.749825e-02 8.173768e-02 1.000000e-01 1.597506e+00 -0.990490 0.033204 0.304162 0.591329 0.049182 0.012613 0.990490 -0.005620 -0.028366 -0.928990 0.000000 
7.879156e-02 1.003100e-01 9.749825e-02 8.173768e-02 1.000000e-01 1.597506e+00 -0.990490 0.033204 0.304162 0.591329 0.049182 0.012613 0.990490 -0.005620 -0.028366 -0.928990 0.000000 
7.879156e-02 1.003100e-01 9.749825e-02 8.173768e-02 1.000000e-01 1.597506e+00 -0.990490 0.033204 0.304162 0.591329 0.049182 0.012613 0.990490 -0.005620 -0.028366 -0.928990 0.000000 
7.879156e-02 1.003100e-01 9.749825e-02 8.173768e-02 1.000000e-01 1.597506e+00 -0.990490 0.033204 0.304162 0.591329 0.049182 0.012613 0.990490 -0.005620 -0.028366 -0.928990 0.000000 
7.879156e-02 1.003100e-01 9.749825e-02 8.173768e-02 1.000000e-01 1.597506e+00 -0.990490 0.033204 0.304162 0.591329 0.049182 0.012613 0.990490 -0.005620 -0.028366 -0.928990 0.000000 
7.879156e-02 1.003100e-01 9.749825e-02 8.173768e-02 1.000000e-01 1.597506e+00 -0.990490 0.033204 0.304162 0.591329 0.049182 0.012613 0.990490 -0.005620 -0.028366 -0.928990 0.000000 
7.879156e-02 1.003100e-01 9.749825e-02 8.173768e-02 1.000000e-01 1.597506e+00 -0.990490 0.033204 0.304162 0.591329 0.049182 0.012613 0.990490 -0.005620 -0.028366 -0.928990 0.000000 
7.879156e-02 1.003100e-01 9.749825e-02 8.173768e-02 1.000000e-01 1.597506e+00 -0.990490 0.033204 0.304162 0.591329 0.049182 0.012613 0.990490 -0.005620 -0.028366 -0.928990 0.000000 
7.879156e-02 1.003100e-01 9.749825e-02 8.173768e-02 1.000000e-01 1.597506e+00 -0.990490 0.033204 0.304162 0.591329 0.049182 0.012613 0.990490 -0.005620 -0.028366 -0.928990 0.000000 
7.879156e-02 1.003100e-01 9.749825e-02 8.173768e-02 1.000000e-01 1.597506e+00 -0.990490 0.033204 0.304162 0.591329 0.049182 0.012613 0.990490 -0.005620 -0.028366 -0.928990 0.000000 
7.879156e-02 1.003100e-01 9.749825e-02 8.173768e-02 1.000000e-01 1.597506e+00 -0.990490 0.033204 0.304162 0.591329 0.049182 0.012613 0.990490 -0.005620 -0.028366 -0.928990 0.000000 
7.879156e-02 1.003100e-01 9.749825e-02 8.173768e-02 1.000000e-01 1.597506e+00 -0.990490 0.033204 0.304162 0.591329 0.049182 0.012613 0.990490 -0.005620 -0.028366 -0.928990 0.000000 
7.879156e-02 1.003100e-01 9.749825e-02 8.173768e-02 1.000000e-01 1.597506e+00 -0.990490 0.033204 0.304162 0.591329 0.049182 0.012613 0.990490 -0.005620 -0.028366 -0.928990 0.000000 
7.879156e-02 1.003100e-01 9.749825e-02 8.173768e-02 1.000000e-01 1.597506e+00 -0.990490 0.033204 0.304162 0.591329 0.049182 0.012613 0.990490 -0.005620 -0.028366 -0.928990 0.000000 
7.879156e-02 1.003100e-01 9.749825e-02 8.173768e-02 1.000000e-01 1.597506e+00 -0.990490 0.033204 0.304162 0.591329 0.049182 0.012613 0.990490 -0.005620 -0.028366 -0.928990 0.000000 
7.879156e-02 1.003100e-01 9.749825e-02 8.173768e-02 1.000000e-01 1.597506e+00 -0.990490 0.033204 0.304162 0.591329 0.049182 0.012613 0.990490 -0.005620 -0.028366 -0.928990 0.000000 
7.879156e-02 1.003100e-01 9.749825e-02 8.173768e-02 1.000000e-01 1.597506e+00 -0.990490 0.033204 0.304162 0.591329 0.049182 0.012613 0.990490 -0.005620 -0.028366 -0.928990 0.000000 
7.879156e-02 1.003100e-01 9.749825e-02 8.173768e-02 1.000000e-01 1.597506e+00 -0.990490 0.033204 0.304162 0.591329 0.049182 0.012613 0.990490 -0.005620 -0.028366 -0.928990 0.000000 
7.879156e-02 1.003100e-01 9.749825e-02 8.173768e-02 1.000000e-01 1.597506e+00 -0.990490 0.033204 0.304162 0.591329 0.049182 0.012613 0.990490 -0.005620 -0.028366 -0.928990 0.000000 
7.879156e-02 1.003100e-01 9.749825e-02 8.173768e-02 1.000000e-01 1.597506e+00 -0.990490 0.033204 0.304162 0.591329 0.049182 0.012613 0.990490 -0.005620 -0.028366 -0.928990 0.000000 
7.879156e-02 1.003100e-01 9.749825e-02 8.173768e-02 1.000000e-01 1.597506e+00 -0.990490 0.033204 0.304162 0.591329 0.049182 0.012613 0.990490 -0.005620 -0.028366 -0.928990 0.000000 
7.879156e-02 1.003100e-01 9.749825e-02 8.173768e-02 1.000000e-01 1.597506e+00 -0.990490 0.033204 0.304162 0.591329 0.049182 0.012613 0.990490 -0.005620 -0.028366 -0.928990 0.000000 
7.879156e-02 1.003100e-01 9.749825e-02 8.173768e-02 1.000000e-01 1.597506e+00 -0.990490 0.033204 0.304162 0.591329 0.049182 0.012613 0.990490 -0.005620 -0.028366 -0.928990 0.000000 
7.879156e-02 1.003100e-01 9.749825e-02 8.173768e-02 1.000000e-01 1.597506e+00 -0.990490 0.033204 0.304162 0.591329 0.049182 0.012613 0.990490 -0.005620 -0.028366 -0.928990 0.000000 
7.879156e-02 1.003100e-01 9.749825e-02 8.173768e-02 1.000000e-01 1.597506e+00 -0.990490 0.033204 0.304162 0.591329 0.049182 0.012613 0.990490 -0.005620 -0.028366 -0.928990 0.000000 
7.879156e-02 1.003100e-01 9.749825e-02 8.173768e-02 1.000000e-01 1.597506e+00 -0.990490 0.033204 0.304162 0.591329 0.049182 0.012613 0.990490 -0.005620 -0.028366 -0.928990 0.000000 
7.879156e-02 1.003100e-01 9.749825e-02 8.173768e-02 1.000000e-01 1.597506e+00 -0.990490 0.033204 0.304162 0.591329 0.049182 0.012613 0.990490 -0.005620 -0.028366 -0.928990 0.000000 
7.879156e-02 1.003100e-01 9.749825e-02 8.173768e-02 1.000000e-01 1.597506e+00 -0.990490 0.033204 0.304162 0.591329 0.049182 0.012613 0.990490 -0.005620 -0.028366 -0.928990 0.000000 
7.879156e-02 1.003100e-01 9.749825e-02 8.173768e-02 1.000000e-01 1.597506e+00 -0.990490 0.033204 0.304162 0.591329 0.049182 0.012613 0.990490 -0.005620 -0.028366 -0.928990 0.000000 
7.879156e-02 1.003100e-01 9.749825e-02 8.173768e-02 1.000000e-01 1.597506e+00 -0.990490 0.033204 0.304162 0.591329 0.049182 0.012613 0.990490 -0.005620 -0.028366 -0.928990 0.000000 
7.879156e-02 1.003100e-01 9.749825e-02 8.173768e-02 1.000000e-01 1.597506e+00 -0.990490 0.033204 0.304162 0.591329 0.049182 0.012613 0.990490 -0.005620 -0.028366 -0.928990 0.000000 
7.879156e-02 1.003100e-01 9.749825e-02 8.173768e-02 1.000000e-01 1.597506e+00 -0.990490 0.033204 0.304162 0.591329 0.049182 0.012613 0.990490 -0.005620 -0.028366 -0.928990 0.000000 
7.879156e-02 1.003100e-01 9.749825e-02 8.173768e-02 1.000000e-01 1.597506e+00 -0.990490 0.033204 0.304162 0.591329 0.049182 0.012613 0.990490 -0.005620 -0.028366 -0.928990 0.000000 
7.879156e-02 1.003100e-01 9.749825e-02 8.173768e-02 1.000000e-01 1.597506e+00 -0.990490 0.033204 0.304162 0.591329 0.049182 0.012613 0.990490 -0.005620 -0.028366 -0.928990 0.000000 
7.879156e-02 1.003100e-01 9.749825e-02 8.173768e-02 1.000000e-01 1.597506e+00 -0.990490 0.033204 0.304162 0.591329 0.049182 0.012613 0.990490 -0.005620 -0.028366 -0.928990 0.000000 
7.879156e-02 1.003100e-01 9.749825e-02 8.173768e-02 1.000000e-01 1.597506e+00 -0.990490 0.033204 0.304162 0.591329 0.049182 0.012613 0.990490 -0.005620 -0.028366 -0.928990 0.000000 
7.879156e-02 1.003100e-01 9.749825e-02 8.173768e-02 1.000000e-01 1.597506e+00 -0.990490 0.033204 0.304162 0.591329 0.049182 0.012613 0.990490 -0.005620 -0.028366 -0.928990 0.000000 
7.879156e-02 1.003100e-01 9.749825e-02 8.173768e-02 1.000000e-01 1.597506e+00 -0.990490 0.033204 0.304162 0.591329 0.049182 0.012613 0.990490 -0.005620 -0.028366 -0.928990 0.000000 
7.879156e-02 1.003100e-01 9.749825e-02 8.173768e-02 1.000000e-01 1.597506e+00 -0.990490 0.033204 0.304162 0.591329 0.049182 0.012613 0.990490 -0.005620 -0.028366 -0.928990 0.000000 
7.879156e-02 1.003100e-01 9.749825e-02 8.173768e-02 1.000000e-01 1.597506e+00 -0.990490 0.033204 0.304162 0.591329 0.049182 0.012613 0.990490 -0.005620 -0.028366 -0.928990 0.000000 
7.879156e-02 1.003100e-01 9.749825e-02 8.173768e-02 1.000000e-01 1.597506e+00 -0.990490 0.033204 0.304162 0.591329 0.049182 0.012613 0.990490 -0.005620 -0.028366 -0.928990 0.000000 
7.879156e-02 1.003100e-01 9.749825e-02 8.173768e-02 1.000000e-01 1.597506e+00 -0.990490 0.033204 0.304162 0.591329 0.049182 0.012613 0.990490 -0.005620 -0.028366 -0.928990 0.000000 
7.879156e-02 1.003100e-01 9.749825e-02 8.173768e-02 1.000000e-01 1.597506e+00 -0.990490 0.033204 0.304162 0.591329 0.049182 0.012613 0.990490 -0.005620 -0.028366 -0.928990 0.000000 
7.879156e-02 1.003100e-01 9.749825e-02 8.173768e-02 1.000000e-01 1.597506e+00 -0.990490 0.033204 0.304162 0.591329 0.049182 0.012613 0.990490 -0.005620 -0.028366 -0.928990 0.000000 
7.879156e-02 1.003100e-01 9.749825e-02 8.173768e-02 1.000000e-01 1.597506e+00 -0.990490 0.033204 0.304162 0.591329 0.049182 0.012613 0.990490 -0.005620 -0.028366 -0.928990 0.000000 
7.879156e-02 1.003100e-01 9.749825e-02 8.173768e-02 1.000000e-01 1.597506e+00 -0.990490 0.033204 0.304162 0.591329 0.049182 0.012613 0.990490 -0.005620 -0.028366 -0.928990 0.000000 
7.879156e-02 1.003100e-01 9.749825e-02 8.173768e-02 1.000000e-01 1.597506e+00 -0.990490 0.033204 0.304162 0.591329 0.049182 0.012613 0.990490 -0.005620 -0.028366 -0.928990 0.000000 
7.879156e-02 1.003100e-01 9.749825e-02 8.173768e-02 1.000000e-01 1.597506e+00 -0.990490 0.033204 0.304162 0.591329 0.049182 0.012613 0.990490 -0.005620 -0.028366 -0.928990 0.000000 
7.879156e-02 1.003100e-01 9.749825e-02 8.173768e-02 1.000000e-01 1.597506e+00 -0.990490 0.033204 0.304162 0.591329 0.049182 0.012613 0.990490 -0.005620 -0.028366 -0.928990 0.000000 
7.879156e-02 1.003100e-01 9.749825e-02 8.173768e-02 1.000000e-01 1.597506e+00 -0.990490 0.033204 0.304162 0.591329 0.049182 0.012613 0.990490 -0.005620 -0.028366 -0.928990 0.000000 
7.879156e-02 1.003100e-01 9.749825e-02 8.173768e-02 1.000000e-01 1.597506e+00 -0.990490 0.033204 0.304162 0.591329 0.049182 0.012613 0.990490 -0.005620 -0.028366 -0.928990 0.000000 
7.879156e-02 1.003100e-01 9.749825e-02 8.173768e-02 1.000000e-01 1.597506e+00 -0.990490 0.033204 0.304162 0.591329 0.049182 0.012613 0.990490 -0.005620 -0.028366 -0.928990 0.000000 
7.879156e-02 1.003100e-01 9.749825e-02 8.173768e-02 1.000000e-01 1.597506e+00 -0.990490 0.033204 0.304162 0.591329 0.049182 0.012613 0.990490 -0.005620 -0.028366 -0.928990 0.000000 
7.879156e-02 1.003100e-01 9.749825e-02 8.173768e-02 1.000000e-01 1.597506e+00 -0.990490 0.033204 0.304162 0.591329 0.049182 0.012613 0.990490 -0.005620 -0.028366 -0.928990 0.000000 
7.879156e-02 1.003100e-01 9.749825e-02 8.173768e-02 1.000000e-01 1.597506e+00 -0.990490 0.033204 0.304162 0.591329 0.049182 0.012613 0.990490 -0.005620 -0.028366 -0.928990 0.000000 
7.879156e-02 1.003100e-01 9.749825e-02 8.173768e-02 1.000000e-01 1.597506e+00 -0.990490 0.033204 0.304162 0.591329 0.049182 0.012613 0.990490 -0.005620 -0.028366 -0.928990 0.000000 
7.879156e-02 1.003100e-01 9.749825e-02 8.173768e-02 1.000000e-01 1.597506e+00 -0.990490 0.033204 0.304162 0.591329 0.049182 0.012613 0.990490 -0.005620 -0.028366 -0.928990 0.000000 
7.879156e-02 1.003100e-01 9.749825e-02 8.173768e-02 1.000000e-01 1.597506e+00 -0.990490 0.033204 0.304162 0.591329 0.049182 0.012613 0.990490 -0.005620 -0.028366 -0.928990 0.000000 
7.879156e-02 1.003100e-01 9.749825e-02 8.173768e-02 1.000000e-01 1.597506e+00 -0.990490 0.033204 0.304162 0.591329 0.049182 0.012613 0.990490 -0.005620 -0.028366 -0.928990 0.000000 
7.879156e-02 1.003100e-01 9.749825e-02 8.173768e-02 1.000000e-01 1.597506e+00 -0.990490 0.033204 0.304162 0.591329 0.049182 0.012613 0.990490 -0.005620 -0.028366 -0.928990 0.000000 
7.879156e-02 1.003100e-01 9.749825e-02 8.173768e-02 1.000000e-01 1.597506e+00 -0.990490 0.033204 0.304162 0.591329 0.049182 0.012613 0.990490 -0.005620 -0.028366 -0.928990 0.000000 
7.879156e-02 1.003100e-01 9.749825e-02 8.173768e-02 1.000000e-01 1.597506e+00 -0.990490 0.033204 0.304162 0.591329 0.049182 0.012613 0.990490 -0.005620 -0.028366 -0.928990 0.000000 
7.879156e-02 1.003100e-01 9.749825e-02 8.173768e-02 1.000000e-01 1.597506e+00 -0.990490 0.033204 0.304162 0.591329 0.049182 0.012613 0.990490 -0.005620 -0.028366 -0.928990 0.000000 
7.879156e-02 1.003100e-01 9.749825e-02 8.173768e-02 1.000000e-01 1.597506e+00 -0.990490 0.033204 0.304162 0.591329 0.049182 0.012613 0.990490 -0.005620 -0.028366 -0.928990 0.000000 
7.879156e-02 1.003100e-01 9.749825e-02 8.173768e-02 1.000000e-01 1.597506e+00 -0.990490 0.033204 0.304162 0.591329 0.049182 0.012613 0.990490 -0.005620 -0.028366 -0.928990 0.000000 
7.879156e-02 1.003100e-01 9.749825e-02 8.173768e-02 1.000000e-01 1.597506e+00 -0.990490 0.033204 0.304162 0.591329 0.049182 0.012613 0.990490 -0.005620 -0.028366 -0.928990 0.000000 
7.879156e-02 1.003100e-01 9.749825e-02 8.173768e-02 1.000000e-01 1.597506e+00 -0.990490 0.033204 0.304162 0.591329 0.049182 0.012613 0.990490 -0.005620 -0.028366 -0.928990 0.000000 
7.879156e-02 1.003100e-01 9.749825e-02 8.173768e-02 1.000000e-01 1.597506e+00 -0.990490 0.033204 0.304162 0.591329 0.049182 0.012613 0.990490 -0.005620 -0.028366 -0.928990 0.000000 
7.879156e-02 1.003100e-01 9.749825e-02 8.173768e-02 1.000000e-01 1.597506e+00 -0.990490 0.033204 0.304162 0.591329 0.049182 0.012613 0.990490 -0.005620 -0.028366 -0.928990 0.000000 
7.879156e-02 1.003100e-01 9.749825e-02 8.173768e-02 1.000000e-01 1.597506e+00 -0.990490 0.033204 0.304162 0.591329 0.049182 0.012613 0.990490 -0.005620 -0.028366 -0.928990 0.000000 
7.879156e-02 1.003100e-01 9.749825e-02 8.173768e-02 1.000000e-01 1.597506e+00 -0.990490 0.033204 0.304162 0.591329 0.049182 0.012613 0.990490 -0.005620 -0.028366 -0.928990 0.000000 
7.879156e-02 1.003100e-01 9.749825e-02 8.173768e-02 1.000000e-01 1.597506e+00 -0.990490 0.033204 0.304162 0.591329 0.049182 0.012613 0.990490 -0.005620 -0.028366 -0.928990 0.000000 
7.879156e-02 1.003100e-01 9.749825e-02 8.173768e-02 1.000000e-01 1.597506e+00 -0.990490 0.033204 0.304162 0.591329 0.049182 0.012613 0.990490 -0.005620 -0.028366 -0.928990 0.000000 
7.879156e-02 1.003100e-01 9.749825e-02 8.173768e-02 1.000000e-01 1.597506e+00 -0.990490 0.033204 0.304162 0.591329 0.049182 0.012613 0.990490 -0.005620 -0.028366 -0.928990 0.000000 
7.879156e-02 1.003100e-01 9.749825e-02 8.173768e-02 1.000000e-01 1.597506e+00 -0.990490 0.033204 0.304162 0.591329 0.049182 0.012613 0.990490 -0.005620 -0.028366 -0.928990 0.000000 
7.879156e-02 1.003100e-01 9.749825e-02 8.173768e-02 1.000000e-01 1.597506e+00 -0.990490 0.033204 0.304162 0.591329 0.049182 0.012613 0.990490 -0.005620 -0.028366 -0.928990 0.000000 
7.879156e-02 1.003100e-01 9.749825e-02 8.173768e-02 1.000000e-01 1.597506e+00 -0.990490 0.033204 0.304162 0.591329 0.049182 0.012613 0.990490 -0.005620 -0.028366 -0.928990 0.000000 
7.879156e-02 1.003100e-01 9.749825e-02 8.173768e-02 1.000000e-01 1.597506e+00 -0.990490 0.033204 0.304162 0.591329 0.049182 0.012613 0.990490 -0.005620 -0.028366 -0.928990 0.000000 
7.879156e-02 1.003100e-01 9.749825e-02 8.173768e-02 1.000000e-01 1.597506e+00 -0.990490 0.033204 0.304162 0.591329 0.049182 0.012613 0.990490 -0.005620 -0.028366 -0.928990 0.000000 
7.879156e-02 1.003100e-01 9.749825e-02 8.173768e-02 1.000000e-01 1.597506e+00 -0.990490 0.033204 0.304162 0.591329 0.049182 0.012613 0.990490 -0.005620 -0.028366 -0.928990 0.000000 
7.879156e-02 1.003100e-01 9.749825e-02 8.173768e-02 1.000000e-01 1.597506e+00 -0.990490 0.033204 0.304162 0.591329 0.049182 0.012613 0.990490 -0.005620 -0.028366 -0.928990 0.000000 
7.879156e-02 1.003100e-01 9.749825e-02 8.173768e-02 1.000000e-01 1.597506e+00 -0.990490 0.033204 0.304162 0.591329 0.049182 0.012613 0.990490 -0.005620 -0.028366 -0.928990 0.000000 
7.879156e-02 1.003100e-01 9.749825e-02 8.173768e-02 1.000000e-01 1.597506e+00 -0.990490 0.033204 0.304162 0.591329 0.049182 0.012613 0.990490 -0.005620 -0.028366 -0.928990 0.000000 
