# TeX TeY TeZ ThX ThY THZ P1 P2
1.200000e-01 1.000000e-01 5.050000e-01 1.200000e-01 1.000000e-01 5.050000e-01 0.000000 0.000000 0.000000 0.000000 0.000000 0.000000 0.000000 0.000000 0.000000 0.000000 0.000000 
1.200000e-01 9.999993e-02 4.924019e-01 1.200000e-01 1.000000e-01 5.138675e-01 -0.014182 0.001820 0.003641 0.003644 0.003664 0.001412 0.014182 -0.001820 -0.003641 -0.003645 0.000000 
1.200000e-01 9.999984e-02 4.797695e-01 1.199999e-01 1.000000e-01 5.227252e-01 -0.028380 0.003642 0.007286 0.007293 0.007333 0.002826 0.028380 -0.003642 -0.007286 -0.007294 0.000000 
1.200000e-01 9.999974e-02 4.671030e-01 1.199999e-01 1.000000e-01 5.315730e-01 -0.042594 0.005467 0.010935 0.010945 0.011005 0.004241 0.042594 -0.005465 -0.010935 -0.010948 0.000000 
1.200000e-01 9.999961e-02 4.544028e-01 1.199999e-01 1.000000e-01 5.404107e-01 -0.056824 0.007293 0.014589 0.014602 0.014682 0.005658 0.056824 -0.007291 -0.014589 -0.014606 0.000000 
1.200000e-01 9.999946e-02 4.416691e-01 1.199998e-01 1.000000e-01 5.492384e-01 -0.071069 0.009121 0.018246 0.018263 0.018363 0.007076 0.071069 -0.009118 -0.018246 -0.018268 0.000000 
1.200000e-01 9.999927e-02 4.289022e-01 1.199998e-01 1.000000e-01 5.580559e-01 -0.085329 0.010951 0.021907 0.021927 0.022047 0.008496 0.085329 -0.010947 -0.021907 -0.021936 0.000000 
1.200000e-01 9.999904e-02 4.161023e-01 1.199998e-01 1.000000e-01 5.668632e-01 -0.099604 0.012784 0.025572 0.025596 0.025736 0.009918 0.099605 -0.012777 -0.025572 -0.025609 0.000000 
1.200000e-01 9.999876e-02 4.032698e-01 1.199998e-01 1.000000e-01 5.756601e-01 -0.113895 0.014618 0.029241 0.029268 0.029428 0.011341 0.113895 -0.014607 -0.029241 -0.029288 0.000000 
1.200000e-01 9.999842e-02 3.904048e-01 1.199998e-01 1.000000e-01 5.844465e-01 -0.128199 0.016454 0.032913 0.032944 0.033124 0.012765 0.128199 -0.016438 -0.032914 -0.032975 0.000000 
1.200000e-01 9.999800e-02 3.775077e-01 1.199997e-01 1.000000e-01 5.932225e-01 -0.142518 0.018291 0.036589 0.036623 0.036824 0.014191 0.142518 -0.018267 -0.036591 -0.036671 0.000000 
1.200000e-01 9.999749e-02 3.645786e-01 1.199997e-01 1.000000e-01 6.019879e-01 -0.156851 0.020131 0.040269 0.040306 0.040527 0.015618 0.156851 -0.020095 -0.040272 -0.040378 0.000000 
1.200000e-01 9.999686e-02 3.516180e-01 1.199997e-01 1.000000e-01 6.107425e-01 -0.171198 0.021972 0.043952 0.043993 0.044234 0.017047 0.171198 -0.021917 -0.043957 -0.044102 0.000000 
1.200000e-01 9.999609e-02 3.386259e-01 1.199997e-01 1.000000e-01 6.194864e-01 -0.185559 0.023815 0.047639 0.047684 0.047945 0.018476 0.185559 -0.023732 -0.047646 -0.047849 0.000000 
1.200000e-01 9.999516e-02 3.256027e-01 1.199997e-01 1.000000e-01 6.282194e-01 -0.199932 0.025660 0.051330 0.051377 0.051659 0.019908 0.199933 -0.025534 -0.051340 -0.051628 0.000000 
1.200000e-01 9.999401e-02 3.125485e-01 1.199997e-01 1.000000e-01 6.369414e-01 -0.214319 0.027506 0.055023 0.055074 0.055376 0.021340 0.214320 -0.027314 -0.055039 -0.055457 0.000000 
1.200000e-01 9.999260e-02 2.994637e-01 1.199997e-01 1.000000e-01 6.456524e-01 -0.228720 0.029355 0.058720 0.058775 0.059097 0.022774 0.228720 -0.029062 -0.058744 -0.059357 0.000000 
1.200000e-01 9.999088e-02 2.863485e-01 1.199997e-01 1.000000e-01 6.543521e-01 -0.243132 0.031204 0.062421 0.062478 0.062821 0.024209 0.243133 -0.030759 -0.062456 -0.063368 0.000000 
1.200000e-01 9.998877e-02 2.732030e-01 1.199997e-01 1.000000e-01 6.630407e-01 -0.257558 0.033056 0.066124 0.066185 0.066548 0.025646 0.257558 -0.032376 -0.066177 -0.067545 0.000000 
1.200000e-01 9.998619e-02 2.600275e-01 1.199997e-01 1.000000e-01 6.717178e-01 -0.271996 0.034909 0.069831 0.069896 0.070279 0.027083 0.271996 -0.033875 -0.069909 -0.071970 0.000000 
1.200000e-01 9.998305e-02 2.468223e-01 1.199997e-01 1.000000e-01 6.803835e-01 -0.286446 0.036763 0.073541 0.073609 0.074012 0.028522 0.286446 -0.035181 -0.073654 -0.076795 0.000000 
1.200000e-01 9.997922e-02 2.335875e-01 1.199997e-01 1.000000e-01 6.890376e-01 -0.300908 0.038620 0.077254 0.077325 0.077749 0.029962 0.300908 -0.036206 -0.077413 -0.082215 0.000000 
1.200000e-01 9.997460e-02 2.203233e-01 1.199997e-01 1.000000e-01 6.976801e-01 -0.315382 0.040477 0.080970 0.081045 0.081489 0.031403 0.315383 -0.036803 -0.081182 -0.088553 0.000000 
1.200000e-01 9.996905e-02 2.070298e-01 1.199997e-01 1.000000e-01 7.063108e-01 -0.329869 0.042336 0.084689 0.084767 0.085232 0.032846 0.329869 -0.036727 -0.084937 -0.096386 0.000000 
1.200000e-01 9.996248e-02 1.937071e-01 1.199997e-01 1.000000e-01 7.149296e-01 -0.344367 0.044197 0.088411 0.088493 0.088978 0.034289 0.344368 -0.035680 -0.088611 -0.106501 0.000000 
1.200000e-01 9.995487e-02 1.803554e-01 1.199997e-01 1.000000e-01 7.235364e-01 -0.358878 0.046060 0.092137 0.092222 0.092727 0.035734 0.358879 -0.033194 -0.092023 -0.120276 0.000000 
1.200000e-01 9.994641e-02 1.669745e-01 1.199997e-01 1.000000e-01 7.321311e-01 -0.373403 0.047924 0.095865 0.095954 0.096480 0.037180 0.373403 -0.028560 -0.094666 -0.140277 0.000000 
1.200000e-01 9.993799e-02 1.535636e-01 1.199997e-01 1.000000e-01 7.407136e-01 -0.387943 0.049790 0.099598 0.099691 0.100237 0.038628 0.387944 -0.021021 -0.095353 -0.170516 0.000000 
1.200000e-01 9.993328e-02 1.401188e-01 1.199997e-01 1.000000e-01 7.492838e-01 -0.402511 0.051660 0.103339 0.103434 0.104001 0.040079 0.402512 -0.009636 -0.091193 -0.218686 0.000000 
1.200000e-01 9.994857e-02 1.266211e-01 1.199997e-01 1.000000e-01 7.578416e-01 -0.417170 0.053541 0.107102 0.107201 0.107789 0.041538 0.417170 0.006752 -0.074167 -0.302387 0.000000 
1.200000e-01 1.000460e-01 1.129820e-01 1.199997e-01 1.000000e-01 7.663868e-01 -0.432212 0.055471 0.110964 0.111067 0.111676 0.043036 0.432213 0.029099 -0.025610 -0.456486 0.000000 
1.200000e-01 1.002939e-01 9.893130e-02 1.199997e-01 1.000000e-01 7.749194e-01 -0.448688 0.057586 0.115194 0.115301 0.115933 0.044677 0.448688 0.059990 0.093030 -0.750431 0.000000 
1.200000e-01 1.003101e-01 9.749824e-02 1.199997e-01 1.000000e-01 7.834392e-01 -0.455541 0.058466 0.116953 0.117062 0.117703 0.045359 0.455542 0.063037 0.108974 -0.791523 0.000000 
1.200000e-01 1.003101e-01 9.749824e-02 1.199997e-01 1.000000e-01 7.919461e-01 -0.461161 0.059187 0.118396 0.118506 0.119156 0.045919 0.461162 0.062316 0.107531 -0.792967 0.000000 
1.200000e-01 1.003101e-01 9.749824e-02 1.199997e-01 1.000000e-01 8.004400e-01 -0.466773 0.059907 0.119837 0.119948 0.120606 0.046478 0.466774 0.061596 0.106090 -0.794409 0.000000 
1.200000e-01 1.003101e-01 9.749824e-02 1.199997e-01 1.000000e-01 8.089208e-01 -0.472376 0.060626 0.121275 0.121388 0.122053 0.047036 0.472377 0.060876 0.104652 -0.795849 0.000000 
1.200000e-01 1.003101e-01 9.749824e-02 1.199997e-01 1.000000e-01 8.173883e-01 -0.477971 0.061344 0.122711 0.122825 0.123499 0.047593 0.477971 0.060158 0.103215 -0.797287 0.000000 
1.200000e-01 1.003101e-01 9.749824e-02 1.199997e-01 1.000000e-01 8.258424e-01 -0.483556 0.062061 0.124145 0.124261 0.124942 0.048149 0.483557 0.059442 0.101781 -0.798722 0.000000 
1.200000e-01 1.003101e-01 9.749824e-02 1.199997e-01 1.000000e-01 8.342830e-01 -0.489133 0.062777 0.125577 0.125694 0.126383 0.048704 0.489133 0.058726 0.100350 -0.800155 0.000000 
1.200000e-01 1.003101e-01 9.749824e-02 1.199997e-01 1.000000e-01 8.427099e-01 -0.494700 0.063491 0.127006 0.127125 0.127822 0.049258 0.494701 0.058011 0.098920 -0.801586 0.000000 
1.200000e-01 1.003101e-01 9.749824e-02 1.199997e-01 1.000000e-01 8.511231e-01 -0.500258 0.064204 0.128433 0.128553 0.129258 0.049812 0.500259 0.057298 0.097493 -0.803014 0.000000 
1.200000e-01 1.003101e-01 9.749824e-02 1.199997e-01 1.000000e-01 8.595224e-01 -0.505808 0.064917 0.129858 0.129979 0.130692 0.050365 0.505808 0.056586 0.096069 -0.804440 0.000000 
1.200000e-01 1.003101e-01 9.749824e-02 1.199997e-01 1.000000e-01 8.679076e-01 -0.511348 0.065627 0.131280 0.131402 0.132123 0.050916 0.511348 0.055875 0.094646 -0.805864 0.000000 
1.200000e-01 1.003101e-01 9.749824e-02 1.199997e-01 1.000000e-01 8.762787e-01 -0.516878 0.066337 0.132700 0.132824 0.133552 0.051467 0.516879 0.055165 0.093226 -0.807285 0.000000 
1.200000e-01 1.003101e-01 9.749824e-02 1.199997e-01 1.000000e-01 8.846354e-01 -0.522399 0.067046 0.134117 0.134242 0.134979 0.052017 0.522400 0.054456 0.091809 -0.808704 0.000000 
1.200000e-01 1.003101e-01 9.749824e-02 1.199997e-01 1.000000e-01 8.929777e-01 -0.527911 0.067753 0.135532 0.135659 0.136403 0.052566 0.527912 0.053749 0.090394 -0.810120 0.000000 
1.200000e-01 1.003101e-01 9.749824e-02 1.199997e-01 1.000000e-01 9.013054e-01 -0.533413 0.068459 0.136944 0.137073 0.137825 0.053114 0.533413 0.053043 0.088981 -0.811534 0.000000 
1.200000e-01 1.003101e-01 9.749824e-02 1.199997e-01 1.000000e-01 9.096183e-01 -0.538905 0.069164 0.138354 0.138484 0.139244 0.053661 0.538906 0.052338 0.087571 -0.812945 0.000000 
1.200000e-01 1.003101e-01 9.749824e-02 1.199997e-01 1.000000e-01 9.179164e-01 -0.544387 0.069867 0.139761 0.139893 0.140661 0.054207 0.544388 0.051634 0.086164 -0.814354 0.000000 
1.200000e-01 1.003101e-01 9.749824e-02 1.199997e-01 1.000000e-01 9.261994e-01 -0.549860 0.070569 0.141166 0.141299 0.142075 0.054752 0.549860 0.050932 0.084759 -0.815760 0.000000 
1.200000e-01 1.003101e-01 9.749824e-02 1.199997e-01 1.000000e-01 9.344672e-01 -0.555322 0.071270 0.142568 0.142703 0.143487 0.055296 0.555323 0.050231 0.083357 -0.817164 0.000000 
1.200000e-01 1.003101e-01 9.749824e-02 1.199997e-01 1.000000e-01 9.427197e-01 -0.560774 0.071970 0.143968 0.144104 0.144896 0.055839 0.560775 0.049531 0.081957 -0.818565 0.000000 
1.200000e-01 1.003101e-01 9.749824e-02 1.199997e-01 1.000000e-01 9.509567e-01 -0.566216 0.072668 0.145364 0.145502 0.146303 0.056381 0.566217 0.048833 0.080560 -0.819963 0.000000 
1.200000e-01 1.003101e-01 9.749824e-02 1.199997e-01 1.000000e-01 9.591780e-01 -0.571648 0.073365 0.146759 0.146898 0.147707 0.056922 0.571649 0.048136 0.079165 -0.821359 0.000000 
1.200000e-01 1.003101e-01 9.749824e-02 1.199997e-01 1.000000e-01 9.673835e-01 -0.577069 0.074060 0.148150 0.148291 0.149108 0.057462 0.577070 0.047440 0.077773 -0.822752 0.000000 
1.200000e-01 1.003101e-01 9.749824e-02 1.199997e-01 1.000000e-01 9.755731e-01 -0.582480 0.074754 0.149538 0.149682 0.150506 0.058001 0.582481 0.046745 0.076384 -0.824143 0.000000 
1.200000e-01 1.003101e-01 9.749824e-02 1.199997e-01 1.000000e-01 9.837465e-01 -0.587880 0.075447 0.150924 0.151069 0.151902 0.058539 0.587881 0.046052 0.074998 -0.825530 0.000000 
1.200000e-01 1.003101e-01 9.749824e-02 1.199997e-01 1.000000e-01 9.919036e-01 -0.593269 0.076138 0.152307 0.152454 0.153296 0.059076 0.593270 0.045361 0.073614 -0.826915 0.000000 
1.200000e-01 1.003101e-01 9.749824e-02 1.199997e-01 1.000000e-01 1.000044e+00 -0.598648 0.076828 0.153687 0.153836 0.154686 0.059612 0.598648 0.044670 0.072233 -0.828297 0.000000 
1.200000e-01 1.003101e-01 9.749824e-02 1.199997e-01 1.000000e-01 1.008168e+00 -0.604015 0.077516 0.155064 0.155216 0.156074 0.060147 0.604015 0.043982 0.070855 -0.829677 0.000000 
1.200000e-01 1.003101e-01 9.749824e-02 1.199997e-01 1.000000e-01 1.016275e+00 -0.609371 0.078202 0.156438 0.156592 0.157459 0.060681 0.609372 0.043294 0.069480 -0.831053 0.000000 
1.200000e-01 1.003101e-01 9.749824e-02 1.199997e-01 1.000000e-01 1.024366e+00 -0.614716 0.078888 0.157809 0.157966 0.158841 0.061214 0.614717 0.042608 0.068108 -0.832427 0.000000 
1.200000e-01 1.003101e-01 9.749824e-02 1.199997e-01 1.000000e-01 1.032439e+00 -0.620050 0.079571 0.159177 0.159337 0.160221 0.061746 0.620050 0.041924 0.066739 -0.833797 0.000000 
1.200000e-01 1.003101e-01 9.749824e-02 1.199997e-01 1.000000e-01 1.040494e+00 -0.625372 0.080253 0.160542 0.160704 0.161598 0.062276 0.625373 0.041241 0.065372 -0.835165 0.000000 
1.200000e-01 1.003101e-01 9.749824e-02 1.199997e-01 1.000000e-01 1.048532e+00 -0.630683 0.080933 0.161904 0.162069 0.162972 0.062806 0.630683 0.040559 0.064009 -0.836529 0.000000 
1.200000e-01 1.003101e-01 9.749824e-02 1.199997e-01 1.000000e-01 1.056553e+00 -0.635981 0.081612 0.163262 0.163431 0.164343 0.063335 0.635982 0.039879 0.062649 -0.837891 0.000000 
1.200000e-01 1.003101e-01 9.749824e-02 1.199997e-01 1.000000e-01 1.064555e+00 -0.641269 0.082289 0.164617 0.164790 0.165712 0.063863 0.641269 0.039200 0.061291 -0.839250 0.000000 
1.200000e-01 1.003101e-01 9.749824e-02 1.199997e-01 1.000000e-01 1.072540e+00 -0.646544 0.082964 0.165969 0.166145 0.167078 0.064389 0.646544 0.038523 0.059937 -0.840605 0.000000 
1.200000e-01 1.003101e-01 9.749824e-02 1.199997e-01 1.000000e-01 1.080506e+00 -0.651807 0.083637 0.167317 0.167498 0.168441 0.064915 0.651807 0.037848 0.058586 -0.841958 0.000000 
1.200000e-01 1.003101e-01 9.749824e-02 1.199996e-01 1.000000e-01 1.088453e+00 -0.657057 0.084309 0.168662 0.168847 0.169801 0.065440 0.657058 0.037174 0.057238 -0.843307 0.000000 
1.200000e-01 1.003101e-01 9.749824e-02 1.199996e-01 1.000000e-01 1.096382e+00 -0.662296 0.084979 0.170003 0.170194 0.171158 0.065963 0.662296 0.036502 0.055893 -0.844653 0.000000 
1.200000e-01 1.003101e-01 9.749824e-02 1.199996e-01 1.000000e-01 1.104292e+00 -0.667522 0.085646 0.171341 0.171537 0.172513 0.066486 0.667522 0.035831 0.054551 -0.845996 0.000000 
1.200000e-01 1.003101e-01 9.749824e-02 1.199996e-01 1.000000e-01 1.112183e+00 -0.672735 0.086312 0.172674 0.172877 0.173866 0.067008 0.672735 0.035162 0.053213 -0.847336 0.000000 
1.200000e-01 1.003101e-01 9.749824e-02 1.199996e-01 1.000000e-01 1.120054e+00 -0.677935 0.086975 0.174004 0.174214 0.175215 0.067529 0.677936 0.034494 0.051877 -0.848672 0.000000 
1.200000e-01 1.003101e-01 9.749824e-02 1.199996e-01 1.000000e-01 1.127906e+00 -0.683123 0.087637 0.175330 0.175547 0.176562 0.068049 0.683124 0.033829 0.050546 -0.850005 0.000000 
1.200000e-01 1.003101e-01 9.749824e-02 1.199996e-01 1.000000e-01 1.135738e+00 -0.688298 0.088296 0.176651 0.176877 0.177907 0.068568 0.688298 0.033164 0.049217 -0.851335 0.000000 
1.200000e-01 1.003101e-01 9.749824e-02 1.199996e-01 1.000000e-01 1.143550e+00 -0.693459 0.088953 0.177968 0.178204 0.179249 0.069086 0.693459 0.032502 0.047892 -0.852661 0.000000 
1.200000e-01 1.003101e-01 9.749824e-02 1.199996e-01 1.000000e-01 1.151342e+00 -0.698607 0.089607 0.179281 0.179528 0.180589 0.069604 0.698607 0.031841 0.046570 -0.853984 0.000000 
1.200000e-01 1.003101e-01 9.749824e-02 1.199996e-01 1.000000e-01 1.159114e+00 -0.703741 0.090259 0.180589 0.180848 0.181926 0.070121 0.703742 0.031182 0.045252 -0.855304 0.000000 
1.200000e-01 1.003101e-01 9.749824e-02 1.199996e-01 1.000000e-01 1.166864e+00 -0.708862 0.090907 0.181893 0.182164 0.183262 0.070637 0.708863 0.030525 0.043938 -0.856619 0.000000 
1.200000e-01 1.003101e-01 9.749824e-02 1.199996e-01 1.000000e-01 1.174594e+00 -0.713969 0.091554 0.183191 0.183478 0.184595 0.071153 0.713970 0.029870 0.042626 -0.857932 0.000000 
1.200000e-01 1.003101e-01 9.749824e-02 1.199996e-01 1.000000e-01 1.182303e+00 -0.719062 0.092197 0.184484 0.184787 0.185927 0.071668 0.719063 0.029216 0.041319 -0.859241 0.000000 
1.200000e-01 1.003101e-01 9.749824e-02 1.199996e-01 1.000000e-01 1.189990e+00 -0.724141 0.092837 0.185772 0.186094 0.187257 0.072183 0.724141 0.028564 0.040015 -0.860546 0.000000 
1.200000e-01 1.003101e-01 9.749824e-02 1.199996e-01 1.000000e-01 1.197656e+00 -0.729205 0.093473 0.187053 0.187396 0.188586 0.072698 0.729206 0.027914 0.038715 -0.861847 0.000000 
1.200000e-01 1.003101e-01 9.749824e-02 1.199995e-01 1.000000e-01 1.205300e+00 -0.734256 0.094106 0.188329 0.188696 0.189914 0.073212 0.734256 0.027266 0.037418 -0.863145 0.000000 
1.200000e-01 1.003101e-01 9.749824e-02 1.199995e-01 1.000000e-01 1.212922e+00 -0.739291 0.094735 0.189598 0.189991 0.191240 0.073727 0.739292 0.026620 0.036125 -0.864439 0.000000 
1.200000e-01 1.003101e-01 9.749824e-02 1.199995e-01 1.000000e-01 1.220521e+00 -0.744312 0.095361 0.190861 0.191283 0.192566 0.074242 0.744312 0.025975 0.034836 -0.865729 0.000000 
1.200000e-01 1.003101e-01 9.749824e-02 1.199995e-01 1.000000e-01 1.228098e+00 -0.749317 0.095981 0.192116 0.192572 0.193892 0.074757 0.749318 0.025333 0.033551 -0.867015 0.000000 
1.200000e-01 1.003101e-01 9.749824e-02 1.199995e-01 1.000000e-01 1.235651e+00 -0.754308 0.096597 0.193364 0.193857 0.195218 0.075272 0.754308 0.024693 0.032270 -0.868298 0.000000 
1.200000e-01 1.003101e-01 9.749824e-02 1.199994e-01 1.000000e-01 1.243182e+00 -0.759283 0.097208 0.194604 0.195139 0.196545 0.075789 0.759284 0.024054 0.030993 -0.869576 0.000000 
1.200000e-01 1.003101e-01 9.749824e-02 1.199994e-01 1.000000e-01 1.250689e+00 -0.764243 0.097814 0.195835 0.196417 0.197873 0.076306 0.764243 0.023417 0.029719 -0.870851 0.000000 
1.200000e-01 1.003101e-01 9.749824e-02 1.199994e-01 1.000000e-01 1.258172e+00 -0.769187 0.098413 0.197056 0.197691 0.199203 0.076825 0.769187 0.022783 0.028450 -0.872121 0.000000 
1.200000e-01 1.003101e-01 9.749824e-02 1.199993e-01 1.000000e-01 1.265631e+00 -0.774115 0.099006 0.198268 0.198962 0.200534 0.077346 0.774115 0.022150 0.027185 -0.873388 0.000000 
1.200000e-01 1.003101e-01 9.749824e-02 1.199993e-01 1.000000e-01 1.273066e+00 -0.779027 0.099592 0.199468 0.200230 0.201869 0.077868 0.779027 0.021520 0.025924 -0.874650 0.000000 
1.200000e-01 1.003101e-01 9.749824e-02 1.199992e-01 1.000000e-01 1.280476e+00 -0.783923 0.100170 0.200658 0.201495 0.203208 0.078393 0.783923 0.020892 0.024667 -0.875908 0.000000 
1.200000e-01 1.003101e-01 9.749824e-02 1.199991e-01 1.000000e-01 1.287861e+00 -0.788802 0.100740 0.201834 0.202757 0.204552 0.078921 0.788802 0.020265 0.023414 -0.877162 0.000000 
1.200000e-01 1.003101e-01 9.749824e-02 1.199991e-01 1.000000e-01 1.295221e+00 -0.793665 0.101300 0.202998 0.204015 0.205901 0.079451 0.793665 0.019641 0.022166 -0.878411 0.000000 
1.200000e-01 1.003101e-01 9.749824e-02 1.199990e-01 1.000000e-01 1.302556e+00 -0.798510 0.101850 0.204146 0.205271 0.207257 0.079987 0.798511 0.019019 0.020922 -0.879657 0.000000 
1.200000e-01 1.003101e-01 9.749824e-02 1.199989e-01 1.000000e-01 1.309865e+00 -0.803339 0.102390 0.205279 0.206525 0.208621 0.080525 0.803339 0.018400 0.019682 -0.880897 0.000000 
1.200000e-01 1.003101e-01 9.749824e-02 1.199988e-01 1.000000e-01 1.317147e+00 -0.808150 0.102916 0.206393 0.207777 0.209995 0.081070 0.808151 0.017782 0.018447 -0.882134 0.000000 
1.200000e-01 1.003101e-01 9.749824e-02 1.199987e-01 1.000000e-01 1.324403e+00 -0.812944 0.103429 0.207490 0.209027 0.211380 0.081619 0.812944 0.017167 0.017216 -0.883366 0.000000 
1.200000e-01 1.003101e-01 9.749824e-02 1.199985e-01 1.000000e-01 1.331632e+00 -0.817720 0.103927 0.208565 0.210276 0.212778 0.082175 0.817720 0.016554 0.015990 -0.884593 0.000000 
1.200000e-01 1.003101e-01 9.749824e-02 1.199984e-01 1.000000e-01 1.338834e+00 -0.822478 0.104408 0.209619 0.211524 0.214190 0.082738 0.822479 0.015943 0.014768 -0.885816 0.000000 
1.200000e-01 1.003101e-01 9.749824e-02 1.199982e-01 1.000000e-01 1.346009e+00 -0.827218 0.104870 0.210647 0.212774 0.215619 0.083309 0.827218 0.015335 0.013551 -0.887034 0.000000 
1.200000e-01 1.003101e-01 9.749824e-02 1.199980e-01 1.000000e-01 1.353155e+00 -0.831940 0.105312 0.211648 0.214025 0.217067 0.083889 0.831940 0.014729 0.012339 -0.888247 0.000000 
1.200000e-01 1.003101e-01 9.749824e-02 1.199978e-01 1.000000e-01 1.360274e+00 -0.836643 0.105731 0.212622 0.215278 0.218536 0.084477 0.836643 0.014125 0.011132 -0.889456 0.000000 
1.200000e-01 1.003101e-01 9.749824e-02 1.199975e-01 1.000000e-01 1.367364e+00 -0.841327 0.106122 0.213560 0.216537 0.220031 0.085077 0.841327 0.013524 0.009929 -0.890659 0.000000 
1.200000e-01 1.003101e-01 9.749824e-02 1.199972e-01 1.000000e-01 1.374425e+00 -0.845992 0.106486 0.214466 0.217802 0.221551 0.085688 0.845992 0.012926 0.008732 -0.891858 0.000000 
1.200000e-01 1.003101e-01 9.749824e-02 1.199969e-01 1.000000e-01 1.381456e+00 -0.850637 0.106815 0.215330 0.219076 0.223105 0.086311 0.850637 0.012329 0.007539 -0.893052 0.000000 
1.200000e-01 1.003101e-01 9.749824e-02 1.199965e-01 1.000000e-01 1.388458e+00 -0.855263 0.107109 0.216153 0.220363 0.224692 0.086947 0.855263 0.011736 0.006351 -0.894240 0.000000 
1.200000e-01 1.003101e-01 9.749824e-02 1.199960e-01 1.000000e-01 1.395430e+00 -0.859869 0.107363 0.216930 0.221664 0.226316 0.087596 0.859869 0.011144 0.005169 -0.895424 0.000000 
1.200000e-01 1.003101e-01 9.749824e-02 1.199955e-01 1.000000e-01 1.402372e+00 -0.864455 0.107566 0.217652 0.222989 0.227988 0.088261 0.864455 0.010556 0.003991 -0.896603 0.000000 
1.200000e-01 1.003101e-01 9.749824e-02 1.199950e-01 1.000000e-01 1.409283e+00 -0.869021 0.107721 0.218320 0.224338 0.229703 0.088939 0.869021 0.009970 0.002819 -0.897776 0.000000 
1.200000e-01 1.003101e-01 9.749824e-02 1.199943e-01 1.000000e-01 1.416162e+00 -0.873566 0.107814 0.218922 0.225722 0.231476 0.089632 0.873566 0.009387 0.001652 -0.898944 0.000000 
1.200000e-01 1.003101e-01 9.749824e-02 1.199936e-01 1.000000e-01 1.423010e+00 -0.878090 0.107839 0.219455 0.227149 0.233309 0.090339 0.878090 0.008806 0.000491 -0.900106 0.000000 
1.200000e-01 1.003101e-01 9.749824e-02 1.199928e-01 1.000000e-01 1.429826e+00 -0.882593 0.107793 0.219915 0.228625 0.235202 0.091058 0.882593 0.008228 -0.000665 -0.901263 0.000000 
1.200000e-01 1.003101e-01 9.749824e-02 1.199919e-01 1.000000e-01 1.436610e+00 -0.887074 0.107651 0.220280 0.230174 0.237179 0.091790 0.887074 0.007653 -0.001816 -0.902415 0.000000 
1.200000e-01 1.003101e-01 9.749824e-02 1.199908e-01 1.000000e-01 1.443360e+00 -0.891534 0.107416 0.220554 0.231803 0.239233 0.092529 0.891534 0.007080 -0.002961 -0.903561 0.000000 
1.200000e-01 1.003101e-01 9.749824e-02 1.199896e-01 1.000000e-01 1.450078e+00 -0.895972 0.107076 0.220727 0.233526 0.241373 0.093271 0.895972 0.006511 -0.004100 -0.904701 0.000000 
1.200000e-01 1.003101e-01 9.749824e-02 1.199882e-01 1.000000e-01 1.456761e+00 -0.900387 0.106593 0.220764 0.235393 0.243627 0.094010 0.900387 0.005944 -0.005234 -0.905836 0.000000 
1.200000e-01 1.003101e-01 9.749824e-02 1.199867e-01 1.000000e-01 1.463410e+00 -0.904780 0.105975 0.220673 0.237406 0.245987 0.094739 0.904780 0.005380 -0.006361 -0.906965 0.000000 
1.200000e-01 1.003101e-01 9.749824e-02 1.199849e-01 1.000000e-01 1.470025e+00 -0.909150 0.105204 0.220436 0.239599 0.248464 0.095447 0.909150 0.004820 -0.007483 -0.908088 0.000000 
1.200000e-01 1.003101e-01 9.749824e-02 1.199829e-01 1.000000e-01 1.476605e+00 -0.913497 0.104224 0.219999 0.242061 0.251100 0.096113 0.913497 0.004262 -0.008599 -0.909205 0.000000 
1.200000e-01 1.003101e-01 9.749824e-02 1.199807e-01 1.000000e-01 1.483149e+00 -0.917820 0.103044 0.219367 0.244802 0.253884 0.096723 0.917820 0.003707 -0.009709 -0.910316 0.000000 
1.200000e-01 1.003101e-01 9.749824e-02 1.199781e-01 1.000000e-01 1.489657e+00 -0.922120 0.101642 0.218510 0.247880 0.256832 0.097257 0.922120 0.003155 -0.010813 -0.911421 0.000000 
1.200000e-01 1.003101e-01 9.749824e-02 1.199752e-01 1.000000e-01 1.496129e+00 -0.926396 0.099951 0.217347 0.251439 0.259994 0.097665 0.926396 0.002606 -0.011911 -0.912520 0.000000 
1.200000e-01 1.003101e-01 9.749824e-02 1.199720e-01 1.000000e-01 1.502563e+00 -0.930647 0.097962 0.215852 0.255542 0.263374 0.097917 0.930647 0.002061 -0.013002 -0.913612 0.000000 
1.200000e-01 1.003101e-01 9.749824e-02 1.199683e-01 1.000000e-01 1.508958e+00 -0.934873 0.095658 0.213977 0.260281 0.266985 0.097972 0.934873 0.001518 -0.014087 -0.914698 0.000000 
1.200000e-01 1.003101e-01 9.749824e-02 1.199642e-01 1.000000e-01 1.515313e+00 -0.939072 0.092990 0.211627 0.265831 0.270864 0.097760 0.939072 0.000979 -0.015165 -0.915777 0.000000 
1.200000e-01 1.003101e-01 9.749824e-02 1.199596e-01 1.000000e-01 1.521628e+00 -0.943245 0.089882 0.208639 0.272487 0.275068 0.097169 0.943245 0.000444 -0.016237 -0.916850 0.000000 
1.200000e-01 1.003101e-01 9.749824e-02 1.199544e-01 1.000000e-01 1.527902e+00 -0.947392 0.086353 0.204958 0.280353 0.279576 0.096152 0.947392 -0.000089 -0.017301 -0.917915 0.000000 
1.200000e-01 1.003101e-01 9.749824e-02 1.199484e-01 1.000000e-01 1.534134e+00 -0.951511 0.082370 0.200436 0.289696 0.284399 0.094610 0.951511 -0.000617 -0.018359 -0.918974 0.000000 
1.200000e-01 1.003101e-01 9.749824e-02 1.199414e-01 1.000000e-01 1.540324e+00 -0.955603 0.077884 0.194834 0.300949 0.289538 0.092397 0.955603 -0.001142 -0.019409 -0.920025 0.000000 
1.200000e-01 1.003101e-01 9.749824e-02 1.199324e-01 1.000000e-01 1.546471e+00 -0.959665 0.072831 0.187796 0.314780 0.294948 0.089310 0.959665 -0.001664 -0.020452 -0.921069 0.000000 
1.200000e-01 1.003101e-01 9.749824e-02 1.199200e-01 1.000000e-01 1.552575e+00 -0.963698 0.067262 0.179186 0.331518 0.300436 0.085296 0.963698 -0.002181 -0.021488 -0.922105 0.000000 
1.200000e-01 1.003101e-01 9.749824e-02 1.199006e-01 1.000000e-01 1.558632e+00 -0.967696 0.061179 0.168711 0.351874 0.305704 0.080229 0.967696 -0.002694 -0.022514 -0.923133 0.000000 
1.200000e-01 1.003101e-01 9.749824e-02 1.198668e-01 1.000000e-01 1.564640e+00 -0.971654 0.054604 0.156076 0.376785 0.310186 0.074003 0.971654 -0.003202 -0.023530 -0.924150 0.000000 
1.200000e-01 1.003101e-01 9.749824e-02 1.198024e-01 1.000000e-01 1.570593e+00 -0.975558 0.047547 0.140792 0.408201 0.312567 0.066451 0.975558 -0.003704 -0.024533 -0.925153 0.000000 
1.200000e-01 1.003101e-01 9.749824e-02 1.196694e-01 1.000000e-01 1.576480e+00 -0.979385 0.040134 0.122862 0.448270 0.310458 0.057661 0.979385 -0.004195 -0.025515 -0.926136 0.000000 
1.200000e-01 1.003101e-01 9.749824e-02 1.193815e-01 1.000000e-01 1.582275e+00 -0.983102 0.032535 0.102659 0.500594 0.299464 0.047850 0.983102 -0.004672 -0.026469 -0.927092 0.000000 
1.200000e-01 1.003101e-01 9.749824e-02 1.187222e-01 1.000000e-01 1.587925e+00 -0.986706 0.024865 0.080562 0.574179 0.269965 0.037135 0.986706 -0.005134 -0.027395 -0.928018 0.000000 
1.200000e-01 1.003101e-01 9.749824e-02 1.171707e-01 1.000000e-01 1.593322e+00 -0.990528 0.016493 0.054793 0.696829 0.197882 0.024531 0.990528 -0.005625 -0.028376 -0.929000 0.000000 
1.200000e-01 1.003101e-01 9.749824e-02 1.155606e-01 1.000000e-01 1.597501e+00 -0.994896 0.006608 0.022553 0.877188 0.078890 0.009657 0.994896 -0.006185 -0.029497 -0.930122 0.000000 
1.200000e-01 1.003101e-01 9.749824e-02 1.155606e-01 1.000000e-01 1.597501e+00 -0.994896 0.006608 0.022553 0.877188 0.078890 0.009657 0.994896 -0.006185 -0.029497 -0.930122 0.000000 
1.200000e-01 1.003101e-01 9.749824e-02 1.155606e-01 1.000000e-01 1.597501e+00 -0.994896 0.006608 0.022553 0.877188 0.078890 0.009657 0.994896 -0.006185 -0.029497 -0.930122 0.000000 
1.200000e-01 1.003101e-01 9.749824e-02 1.155606e-01 1.000000e-01 1.597501e+00 -0.994896 0.006608 0.022553 0.877188 0.078890 0.009657 0.994896 -0.006185 -0.029497 -0.930122 0.000000 
1.200000e-01 1.003101e-01 9.749824e-02 1.155606e-01 1.000000e-01 1.597501e+00 -0.994896 0.006608 0.022553 0.877188 0.078890 0.009657 0.994896 -0.006185 -0.029497 -0.930122 0.000000 
1.200000e-01 1.003101e-01 9.749824e-02 1.155606e-01 1.000000e-01 1.597501e+00 -0.994896 0.006608 0.022553 0.877188 0.078890 0.009657 0.994896 -0.006185 -0.029497 -0.930122 0.000000 
1.200000e-01 1.003101e-01 9.749824e-02 1.155606e-01 1.000000e-01 1.597501e+00 -0.994896 0.006608 0.022553 0.877188 0.078890 0.009657 0.994896 -0.006185 -0.029497 -0.930122 0.000000 
1.200000e-01 1.003101e-01 9.749824e-02 1.155606e-01 1.000000e-01 1.597501e+00 -0.994896 0.006608 0.022553 0.877188 0.078890 0.009657 0.994896 -0.006185 -0.029497 -0.930122 0.000000 
1.200000e-01 1.003101e-01 9.749824e-02 1.155606e-01 1.000000e-01 1.597501e+00 -0.994896 0.006608 0.022553 0.877188 0.078890 0.009657 0.994896 -0.006185 -0.029497 -0.930122 0.000000 
1.200000e-01 1.003101e-01 9.749824e-02 1.155606e-01 1.000000e-01 1.597501e+00 -0.994896 0.006608 0.022553 0.877188 0.078890 0.009657 0.994896 -0.006185 -0.029497 -0.930122 0.000000 
1.200000e-01 1.003101e-01 9.749824e-02 1.155606e-01 1.000000e-01 1.597501e+00 -0.994896 0.006608 0.022553 0.877188 0.078890 0.009657 0.994896 -0.006185 -0.029497 -0.930122 0.000000 
1.200000e-01 1.003101e-01 9.749824e-02 1.155606e-01 1.000000e-01 1.597501e+00 -0.994896 0.006608 0.022553 0.877188 0.078890 0.009657 0.994896 -0.006185 -0.029497 -0.930122 0.000000 
1.200000e-01 1.003101e-01 9.749824e-02 1.155606e-01 1.000000e-01 1.597501e+00 -0.994896 0.006608 0.022553 0.877188 0.078890 0.009657 0.994896 -0.006185 -0.029497 -0.930122 0.000000 
1.200000e-01 1.003101e-01 9.749824e-02 1.155606e-01 1.000000e-01 1.597501e+00 -0.994896 0.006608 0.022553 0.877188 0.078890 0.009657 0.994896 -0.006185 -0.029497 -0.930122 0.000000 
1.200000e-01 1.003101e-01 9.749824e-02 1.155606e-01 1.000000e-01 1.597501e+00 -0.994896 0.006608 0.022553 0.877188 0.078890 0.009657 0.994896 -0.006185 -0.029497 -0.930122 0.000000 
1.200000e-01 1.003101e-01 9.749824e-02 1.155606e-01 1.000000e-01 1.597501e+00 -0.994896 0.006608 0.022553 0.877188 0.078890 0.009657 0.994896 -0.006185 -0.029497 -0.930122 0.000000 
1.200000e-01 1.003101e-01 9.749824e-02 1.155606e-01 1.000000e-01 1.597501e+00 -0.994896 0.006608 0.022553 0.877188 0.078890 0.009657 0.994896 -0.006185 -0.029497 -0.930122 0.000000 
1.200000e-01 1.003101e-01 9.749824e-02 1.155606e-01 1.000000e-01 1.597501e+00 -0.994896 0.006608 0.022553 0.877188 0.078890 0.009657 0.994896 -0.006185 -0.029497 -0.930122 0.000000 
1.200000e-01 1.003101e-01 9.749824e-02 1.155606e-01 1.000000e-01 1.597501e+00 -0.994896 0.006608 0.022553 0.877188 0.078890 0.009657 0.994896 -0.006185 -0.029497 -0.930122 0.000000 
1.200000e-01 1.003101e-01 9.749824e-02 1.155606e-01 1.000000e-01 1.597501e+00 -0.994896 0.006608 0.022553 0.877188 0.078890 0.009657 0.994896 -0.006185 -0.029497 -0.930122 0.000000 
1.200000e-01 1.003101e-01 9.749824e-02 1.155606e-01 1.000000e-01 1.597501e+00 -0.994896 0.006608 0.022553 0.877188 0.078890 0.009657 0.994896 -0.006185 -0.029497 -0.930122 0.000000 
1.200000e-01 1.003101e-01 9.749824e-02 1.155606e-01 1.000000e-01 1.597501e+00 -0.994896 0.006608 0.022553 0.877188 0.078890 0.009657 0.994896 -0.006185 -0.029497 -0.930122 0.000000 
1.200000e-01 1.003101e-01 9.749824e-02 1.155606e-01 1.000000e-01 1.597501e+00 -0.994896 0.006608 0.022553 0.877188 0.078890 0.009657 0.994896 -0.006185 -0.029497 -0.930122 0.000000 
1.200000e-01 1.003101e-01 9.749824e-02 1.155606e-01 1.000000e-01 1.597501e+00 -0.994896 0.006608 0.022553 0.877188 0.078890 0.009657 0.994896 -0.006185 -0.029497 -0.930122 0.000000 
1.200000e-01 1.003101e-01 9.749824e-02 1.155606e-01 1.000000e-01 1.597501e+00 -0.994896 0.006608 0.022553 0.877188 0.078890 0.009657 0.994896 -0.006185 -0.029497 -0.930122 0.000000 
1.200000e-01 1.003101e-01 9.749824e-02 1.155606e-01 1.000000e-01 1.597501e+00 -0.994896 0.006608 0.022553 0.877188 0.078890 0.009657 0.994896 -0.006185 -0.029497 -0.930122 0.000000 
1.200000e-01 1.003101e-01 9.749824e-02 1.155606e-01 1.000000e-01 1.597501e+00 -0.994896 0.006608 0.022553 0.877188 0.078890 0.009657 0.994896 -0.006185 -0.029497 -0.930122 0.000000 
1.200000e-01 1.003101e-01 9.749824e-02 1.155606e-01 1.000000e-01 1.597501e+00 -0.994896 0.006608 0.022553 0.877188 0.078890 0.009657 0.994896 -0.006185 -0.029497 -0.930122 0.000000 
1.200000e-01 1.003101e-01 9.749824e-02 1.155606e-01 1.000000e-01 1.597501e+00 -0.994896 0.006608 0.022553 0.877188 0.078890 0.009657 0.994896 -0.006185 -0.029497 -0.930122 0.000000 
1.200000e-01 1.003101e-01 9.749824e-02 1.155606e-01 1.000000e-01 1.597501e+00 -0.994896 0.006608 0.022553 0.877188 0.078890 0.009657 0.994896 -0.006185 -0.029497 -0.930122 0.000000 
1.200000e-01 1.003101e-01 9.749824e-02 1.155606e-01 1.000000e-01 1.597501e+00 -0.994896 0.006608 0.022553 0.877188 0.078890 0.009657 0.994896 -0.006185 -0.029497 -0.930122 0.000000 
1.200000e-01 1.003101e-01 9.749824e-02 1.155606e-01 1.000000e-01 1.597501e+00 -0.994896 0.006608 0.022553 0.877188 0.078890 0.009657 0.994896 -0.006185 -0.029497 -0.930122 0.000000 
1.200000e-01 1.003101e-01 9.749824e-02 1.155606e-01 1.000000e-01 1.597501e+00 -0.994896 0.006608 0.022553 0.877188 0.078890 0.009657 0.994896 -0.006185 -0.029497 -0.930122 0.000000 
1.200000e-01 1.003101e-01 9.749824e-02 1.155606e-01 1.000000e-01 1.597501e+00 -0.994896 0.006608 0.022553 0.877188 0.078890 0.009657 0.994896 -0.006185 -0.029497 -0.930122 0.000000 
1.200000e-01 1.003101e-01 9.749824e-02 1.155606e-01 1.000000e-01 1.597501e+00 -0.994896 0.006608 0.022553 0.877188 0.078890 0.009657 0.994896 -0.006185 -0.029497 -0.930122 0.000000 
1.200000e-01 1.003101e-01 9.749824e-02 1.155606e-01 1.000000e-01 1.597501e+00 -0.994896 0.006608 0.022553 0.877188 0.078890 0.009657 0.994896 -0.006185 -0.029497 -0.930122 0.000000 
1.200000e-01 1.003101e-01 9.749824e-02 1.155606e-01 1.000000e-01 1.597501e+00 -0.994896 0.006608 0.022553 0.877188 0.078890 0.009657 0.994896 -0.006185 -0.029497 -0.930122 0.000000 
1.200000e-01 1.003101e-01 9.749824e-02 1.155606e-01 1.000000e-01 1.597501e+00 -0.994896 0.006608 0.022553 0.877188 0.078890 0.009657 0.994896 -0.006185 -0.029497 -0.930122 0.000000 
1.200000e-01 1.003101e-01 9.749824e-02 1.155606e-01 1.000000e-01 1.597501e+00 -0.994896 0.006608 0.022553 0.877188 0.078890 0.009657 0.994896 -0.006185 -0.029497 -0.930122 0.000000 
1.200000e-01 1.003101e-01 9.749824e-02 1.155606e-01 1.000000e-01 1.597501e+00 -0.994896 0.006608 0.022553 0.877188 0.078890 0.009657 0.994896 -0.006185 -0.029497 -0.930122 0.000000 
1.200000e-01 1.003101e-01 9.749824e-02 1.155606e-01 1.000000e-01 1.597501e+00 -0.994896 0.006608 0.022553 0.877188 0.078890 0.009657 0.994896 -0.006185 -0.029497 -0.930122 0.000000 
1.200000e-01 1.003101e-01 9.749824e-02 1.155606e-01 1.000000e-01 1.597501e+00 -0.994896 0.006608 0.022553 0.877188 0.078890 0.009657 0.994896 -0.006185 -0.029497 -0.930122 0.000000 
1.200000e-01 1.003101e-01 9.749824e-02 1.155606e-01 1.000000e-01 1.597501e+00 -0.994896 0.006608 0.022553 0.877188 0.078890 0.009657 0.994896 -0.006185 -0.029497 -0.930122 0.000000 
1.200000e-01 1.003101e-01 9.749824e-02 1.155606e-01 1.000000e-01 1.597501e+00 -0.994896 0.006608 0.022553 0.877188 0.078890 0.009657 0.994896 -0.006185 -0.029497 -0.930122 0.000000 
1.200000e-01 1.003101e-01 9.749824e-02 1.155606e-01 1.000000e-01 1.597501e+00 -0.994896 0.006608 0.022553 0.877188 0.078890 0.009657 0.994896 -0.006185 -0.029497 -0.930122 0.000000 
1.200000e-01 1.003101e-01 9.749824e-02 1.155606e-01 1.000000e-01 1.597501e+00 -0.994896 0.006608 0.022553 0.877188 0.078890 0.009657 0.994896 -0.006185 -0.029497 -0.930122 0.000000 
1.200000e-01 1.003101e-01 9.749824e-02 1.155606e-01 1.000000e-01 1.597501e+00 -0.994896 0.006608 0.022553 0.877188 0.078890 0.009657 0.994896 -0.006185 -0.029497 -0.930122 0.000000 
1.200000e-01 1.003101e-01 9.749824e-02 1.155606e-01 1.000000e-01 1.597501e+00 -0.994896 0.006608 0.022553 0.877188 0.078890 0.009657 0.994896 -0.006185 -0.029497 -0.930122 0.000000 
1.200000e-01 1.003101e-01 9.749824e-02 1.155606e-01 1.000000e-01 1.597501e+00 -0.994896 0.006608 0.022553 0.877188 0.078890 0.009657 0.994896 -0.006185 -0.029497 -0.930122 0.000000 
1.200000e-01 1.003101e-01 9.749824e-02 1.155606e-01 1.000000e-01 1.597501e+00 -0.994896 0.006608 0.022553 0.877188 0.078890 0.009657 0.994896 -0.006185 -0.029497 -0.930122 0.000000 
1.200000e-01 1.003101e-01 9.749824e-02 1.155606e-01 1.000000e-01 1.597501e+00 -0.994896 0.006608 0.022553 0.877188 0.078890 0.009657 0.994896 -0.006185 -0.029497 -0.930122 0.000000 
1.200000e-01 1.003101e-01 9.749824e-02 1.155606e-01 1.000000e-01 1.597501e+00 -0.994896 0.006608 0.022553 0.877188 0.078890 0.009657 0.994896 -0.006185 -0.029497 -0.930122 0.000000 
1.200000e-01 1.003101e-01 9.749824e-02 1.155606e-01 1.000000e-01 1.597501e+00 -0.994896 0.006608 0.022553 0.877188 0.078890 0.009657 0.994896 -0.006185 -0.029497 -0.930122 0.000000 
1.200000e-01 1.003101e-01 9.749824e-02 1.155606e-01 1.000000e-01 1.597501e+00 -0.994896 0.006608 0.022553 0.877188 0.078890 0.009657 0.994896 -0.006185 -0.029497 -0.930122 0.000000 
1.200000e-01 1.003101e-01 9.749824e-02 1.155606e-01 1.000000e-01 1.597501e+00 -0.994896 0.006608 0.022553 0.877188 0.078890 0.009657 0.994896 -0.006185 -0.029497 -0.930122 0.000000 
1.200000e-01 1.003101e-01 9.749824e-02 1.155606e-01 1.000000e-01 1.597501e+00 -0.994896 0.006608 0.022553 0.877188 0.078890 0.009657 0.994896 -0.006185 -0.029497 -0.930122 0.000000 
1.200000e-01 1.003101e-01 9.749824e-02 1.155606e-01 1.000000e-01 1.597501e+00 -0.994896 0.006608 0.022553 0.877188 0.078890 0.009657 0.994896 -0.006185 -0.029497 -0.930122 0.000000 
1.200000e-01 1.003101e-01 9.749824e-02 1.155606e-01 1.000000e-01 1.597501e+00 -0.994896 0.006608 0.022553 0.877188 0.078890 0.009657 0.994896 -0.006185 -0.029497 -0.930122 0.000000 
1.200000e-01 1.003101e-01 9.749824e-02 1.155606e-01 1.000000e-01 1.597501e+00 -0.994896 0.006608 0.022553 0.877188 0.078890 0.009657 0.994896 -0.006185 -0.029497 -0.930122 0.000000 
1.200000e-01 1.003101e-01 9.749824e-02 1.155606e-01 1.000000e-01 1.597501e+00 -0.994896 0.006608 0.022553 0.877188 0.078890 0.009657 0.994896 -0.006185 -0.029497 -0.930122 0.000000 
1.200000e-01 1.003101e-01 9.749824e-02 1.155606e-01 1.000000e-01 1.597501e+00 -0.994896 0.006608 0.022553 0.877188 0.078890 0.009657 0.994896 -0.006185 -0.029497 -0.930122 0.000000 
1.200000e-01 1.003101e-01 9.749824e-02 1.155606e-01 1.000000e-01 1.597501e+00 -0.994896 0.006608 0.022553 0.877188 0.078890 0.009657 0.994896 -0.006185 -0.029497 -0.930122 0.000000 
1.200000e-01 1.003101e-01 9.749824e-02 1.155606e-01 1.000000e-01 1.597501e+00 -0.994896 0.006608 0.022553 0.877188 0.078890 0.009657 0.994896 -0.006185 -0.029497 -0.930122 0.000000 
1.200000e-01 1.003101e-01 9.749824e-02 1.155606e-01 1.000000e-01 1.597501e+00 -0.994896 0.006608 0.022553 0.877188 0.078890 0.009657 0.994896 -0.006185 -0.029497 -0.930122 0.000000 
1.200000e-01 1.003101e-01 9.749824e-02 1.155606e-01 1.000000e-01 1.597501e+00 -0.994896 0.006608 0.022553 0.877188 0.078890 0.009657 0.994896 -0.006185 -0.029497 -0.930122 0.000000 
1.200000e-01 1.003101e-01 9.749824e-02 1.155606e-01 1.000000e-01 1.597501e+00 -0.994896 0.006608 0.022553 0.877188 0.078890 0.009657 0.994896 -0.006185 -0.029497 -0.930122 0.000000 
1.200000e-01 1.003101e-01 9.749824e-02 1.155606e-01 1.000000e-01 1.597501e+00 -0.994896 0.006608 0.022553 0.877188 0.078890 0.009657 0.994896 -0.006185 -0.029497 -0.930122 0.000000 
1.200000e-01 1.003101e-01 9.749824e-02 1.155606e-01 1.000000e-01 1.597501e+00 -0.994896 0.006608 0.022553 0.877188 0.078890 0.009657 0.994896 -0.006185 -0.029497 -0.930122 0.000000 
1.200000e-01 1.003101e-01 9.749824e-02 1.155606e-01 1.000000e-01 1.597501e+00 -0.994896 0.006608 0.022553 0.877188 0.078890 0.009657 0.994896 -0.006185 -0.029497 -0.930122 0.000000 
1.200000e-01 1.003101e-01 9.749824e-02 1.155606e-01 1.000000e-01 1.597501e+00 -0.994896 0.006608 0.022553 0.877188 0.078890 0.009657 0.994896 -0.006185 -0.029497 -0.930122 0.000000 
1.200000e-01 1.003101e-01 9.749824e-02 1.155606e-01 1.000000e-01 1.597501e+00 -0.994896 0.006608 0.022553 0.877188 0.078890 0.009657 0.994896 -0.006185 -0.029497 -0.930122 0.000000 
1.200000e-01 1.003101e-01 9.749824e-02 1.155606e-01 1.000000e-01 1.597501e+00 -0.994896 0.006608 0.022553 0.877188 0.078890 0.009657 0.994896 -0.006185 -0.029497 -0.930122 0.000000 
1.200000e-01 1.003101e-01 9.749824e-02 1.155606e-01 1.000000e-01 1.597501e+00 -0.994896 0.006608 0.022553 0.877188 0.078890 0.009657 0.994896 -0.006185 -0.029497 -0.930122 0.000000 
1.200000e-01 1.003101e-01 9.749824e-02 1.155606e-01 1.000000e-01 1.597501e+00 -0.994896 0.006608 0.022553 0.877188 0.078890 0.009657 0.994896 -0.006185 -0.029497 -0.930122 0.000000 
1.200000e-01 1.003101e-01 9.749824e-02 1.155606e-01 1.000000e-01 1.597501e+00 -0.994896 0.006608 0.022553 0.877188 0.078890 0.009657 0.994896 -0.006185 -0.029497 -0.930122 0.000000 
1.200000e-01 1.003101e-01 9.749824e-02 1.155606e-01 1.000000e-01 1.597501e+00 -0.994896 0.006608 0.022553 0.877188 0.078890 0.009657 0.994896 -0.006185 -0.029497 -0.930122 0.000000 
1.200000e-01 1.003101e-01 9.749824e-02 1.155606e-01 1.000000e-01 1.597501e+00 -0.994896 0.006608 0.022553 0.877188 0.078890 0.009657 0.994896 -0.006185 -0.029497 -0.930122 0.000000 
1.200000e-01 1.003101e-01 9.749824e-02 1.155606e-01 1.000000e-01 1.597501e+00 -0.994896 0.006608 0.022553 0.877188 0.078890 0.009657 0.994896 -0.006185 -0.029497 -0.930122 0.000000 
1.200000e-01 1.003101e-01 9.749824e-02 1.155606e-01 1.000000e-01 1.597501e+00 -0.994896 0.006608 0.022553 0.877188 0.078890 0.009657 0.994896 -0.006185 -0.029497 -0.930122 0.000000 
1.200000e-01 1.003101e-01 9.749824e-02 1.155606e-01 1.000000e-01 1.597501e+00 -0.994896 0.006608 0.022553 0.877188 0.078890 0.009657 0.994896 -0.006185 -0.029497 -0.930122 0.000000 
1.200000e-01 1.003101e-01 9.749824e-02 1.155606e-01 1.000000e-01 1.597501e+00 -0.994896 0.006608 0.022553 0.877188 0.078890 0.009657 0.994896 -0.006185 -0.029497 -0.930122 0.000000 
1.200000e-01 1.003101e-01 9.749824e-02 1.155606e-01 1.000000e-01 1.597501e+00 -0.994896 0.006608 0.022553 0.877188 0.078890 0.009657 0.994896 -0.006185 -0.029497 -0.930122 0.000000 
1.200000e-01 1.003101e-01 9.749824e-02 1.155606e-01 1.000000e-01 1.597501e+00 -0.994896 0.006608 0.022553 0.877188 0.078890 0.009657 0.994896 -0.006185 -0.029497 -0.930122 0.000000 
1.200000e-01 1.003101e-01 9.749824e-02 1.155606e-01 1.000000e-01 1.597501e+00 -0.994896 0.006608 0.022553 0.877188 0.078890 0.009657 0.994896 -0.006185 -0.029497 -0.930122 0.000000 
1.200000e-01 1.003101e-01 9.749824e-02 1.155606e-01 1.000000e-01 1.597501e+00 -0.994896 0.006608 0.022553 0.877188 0.078890 0.009657 0.994896 -0.006185 -0.029497 -0.930122 0.000000 
1.200000e-01 1.003101e-01 9.749824e-02 1.155606e-01 1.000000e-01 1.597501e+00 -0.994896 0.006608 0.022553 0.877188 0.078890 0.009657 0.994896 -0.006185 -0.029497 -0.930122 0.000000 
1.200000e-01 1.003101e-01 9.749824e-02 1.155606e-01 1.000000e-01 1.597501e+00 -0.994896 0.006608 0.022553 0.877188 0.078890 0.009657 0.994896 -0.006185 -0.029497 -0.930122 0.000000 
1.200000e-01 1.003101e-01 9.749824e-02 1.155606e-01 1.000000e-01 1.597501e+00 -0.994896 0.006608 0.022553 0.877188 0.078890 0.009657 0.994896 -0.006185 -0.029497 -0.930122 0.000000 
1.200000e-01 1.003101e-01 9.749824e-02 1.155606e-01 1.000000e-01 1.597501e+00 -0.994896 0.006608 0.022553 0.877188 0.078890 0.009657 0.994896 -0.006185 -0.029497 -0.930122 0.000000 
1.200000e-01 1.003101e-01 9.749824e-02 1.155606e-01 1.000000e-01 1.597501e+00 -0.994896 0.006608 0.022553 0.877188 0.078890 0.009657 0.994896 -0.006185 -0.029497 -0.930122 0.000000 
1.200000e-01 1.003101e-01 9.749824e-02 1.155606e-01 1.000000e-01 1.597501e+00 -0.994896 0.006608 0.022553 0.877188 0.078890 0.009657 0.994896 -0.006185 -0.029497 -0.930122 0.000000 
1.200000e-01 1.003101e-01 9.749824e-02 1.155606e-01 1.000000e-01 1.597501e+00 -0.994896 0.006608 0.022553 0.877188 0.078890 0.009657 0.994896 -0.006185 -0.029497 -0.930122 0.000000 
1.200000e-01 1.003101e-01 9.749824e-02 1.155606e-01 1.000000e-01 1.597501e+00 -0.994896 0.006608 0.022553 0.877188 0.078890 0.009657 0.994896 -0.006185 -0.029497 -0.930122 0.000000 
1.200000e-01 1.003101e-01 9.749824e-02 1.155606e-01 1.000000e-01 1.597501e+00 -0.994896 0.006608 0.022553 0.877188 0.078890 0.009657 0.994896 -0.006185 -0.029497 -0.930122 0.000000 
1.200000e-01 1.003101e-01 9.749824e-02 1.155606e-01 1.000000e-01 1.597501e+00 -0.994896 0.006608 0.022553 0.877188 0.078890 0.009657 0.994896 -0.006185 -0.029497 -0.930122 0.000000 
1.200000e-01 1.003101e-01 9.749824e-02 1.155606e-01 1.000000e-01 1.597501e+00 -0.994896 0.006608 0.022553 0.877188 0.078890 0.009657 0.994896 -0.006185 -0.029497 -0.930122 0.000000 
1.200000e-01 1.003101e-01 9.749824e-02 1.155606e-01 1.000000e-01 1.597501e+00 -0.994896 0.006608 0.022553 0.877188 0.078890 0.009657 0.994896 -0.006185 -0.029497 -0.930122 0.000000 
1.200000e-01 1.003101e-01 9.749824e-02 1.155606e-01 1.000000e-01 1.597501e+00 -0.994896 0.006608 0.022553 0.877188 0.078890 0.009657 0.994896 -0.006185 -0.029497 -0.930122 0.000000 
1.200000e-01 1.003101e-01 9.749824e-02 1.155606e-01 1.000000e-01 1.597501e+00 -0.994896 0.006608 0.022553 0.877188 0.078890 0.009657 0.994896 -0.006185 -0.029497 -0.930122 0.000000 
1.200000e-01 1.003101e-01 9.749824e-02 1.155606e-01 1.000000e-01 1.597501e+00 -0.994896 0.006608 0.022553 0.877188 0.078890 0.009657 0.994896 -0.006185 -0.029497 -0.930122 0.000000 
1.200000e-01 1.003101e-01 9.749824e-02 1.155606e-01 1.000000e-01 1.597501e+00 -0.994896 0.006608 0.022553 0.877188 0.078890 0.009657 0.994896 -0.006185 -0.029497 -0.930122 0.000000 
1.200000e-01 1.003101e-01 9.749824e-02 1.155606e-01 1.000000e-01 1.597501e+00 -0.994896 0.006608 0.022553 0.877188 0.078890 0.009657 0.994896 -0.006185 -0.029497 -0.930122 0.000000 
1.200000e-01 1.003101e-01 9.749824e-02 1.155606e-01 1.000000e-01 1.597501e+00 -0.994896 0.006608 0.022553 0.877188 0.078890 0.009657 0.994896 -0.006185 -0.029497 -0.930122 0.000000 
1.200000e-01 1.003101e-01 9.749824e-02 1.155606e-01 1.000000e-01 1.597501e+00 -0.994896 0.006608 0.022553 0.877188 0.078890 0.009657 0.994896 -0.006185 -0.029497 -0.930122 0.000000 
1.200000e-01 1.003101e-01 9.749824e-02 1.155606e-01 1.000000e-01 1.597501e+00 -0.994896 0.006608 0.022553 0.877188 0.078890 0.009657 0.994896 -0.006185 -0.029497 -0.930122 0.000000 
1.200000e-01 1.003101e-01 9.749824e-02 1.155606e-01 1.000000e-01 1.597501e+00 -0.994896 0.006608 0.022553 0.877188 0.078890 0.009657 0.994896 -0.006185 -0.029497 -0.930122 0.000000 
1.200000e-01 1.003101e-01 9.749824e-02 1.155606e-01 1.000000e-01 1.597501e+00 -0.994896 0.006608 0.022553 0.877188 0.078890 0.009657 0.994896 -0.006185 -0.029497 -0.930122 0.000000 
1.200000e-01 1.003101e-01 9.749824e-02 1.155606e-01 1.000000e-01 1.597501e+00 -0.994896 0.006608 0.022553 0.877188 0.078890 0.009657 0.994896 -0.006185 -0.029497 -0.930122 0.000000 
1.200000e-01 1.003101e-01 9.749824e-02 1.155606e-01 1.000000e-01 1.597501e+00 -0.994896 0.006608 0.022553 0.877188 0.078890 0.009657 0.994896 -0.006185 -0.029497 -0.930122 0.000000 
1.200000e-01 1.003101e-01 9.749824e-02 1.155606e-01 1.000000e-01 1.597501e+00 -0.994896 0.006608 0.022553 0.877188 0.078890 0.009657 0.994896 -0.006185 -0.029497 -0.930122 0.000000 
1.200000e-01 1.003101e-01 9.749824e-02 1.155606e-01 1.000000e-01 1.597501e+00 -0.994896 0.006608 0.022553 0.877188 0.078890 0.009657 0.994896 -0.006185 -0.029497 -0.930122 0.000000 
1.200000e-01 1.003101e-01 9.749824e-02 1.155606e-01 1.000000e-01 1.597501e+00 -0.994896 0.006608 0.022553 0.877188 0.078890 0.009657 0.994896 -0.006185 -0.029497 -0.930122 0.000000 
1.200000e-01 1.003101e-01 9.749824e-02 1.155606e-01 1.000000e-01 1.597501e+00 -0.994896 0.006608 0.022553 0.877188 0.078890 0.009657 0.994896 -0.006185 -0.029497 -0.930122 0.000000 
1.200000e-01 1.003101e-01 9.749824e-02 1.155606e-01 1.000000e-01 1.597501e+00 -0.994896 0.006608 0.022553 0.877188 0.078890 0.009657 0.994896 -0.006185 -0.029497 -0.930122 0.000000 
1.200000e-01 1.003101e-01 9.749824e-02 1.155606e-01 1.000000e-01 1.597501e+00 -0.994896 0.006608 0.022553 0.877188 0.078890 0.009657 0.994896 -0.006185 -0.029497 -0.930122 0.000000 
1.200000e-01 1.003101e-01 9.749824e-02 1.155606e-01 1.000000e-01 1.597501e+00 -0.994896 0.006608 0.022553 0.877188 0.078890 0.009657 0.994896 -0.006185 -0.029497 -0.930122 0.000000 
1.200000e-01 1.003101e-01 9.749824e-02 1.155606e-01 1.000000e-01 1.597501e+00 -0.994896 0.006608 0.022553 0.877188 0.078890 0.009657 0.994896 -0.006185 -0.029497 -0.930122 0.000000 
1.200000e-01 1.003101e-01 9.749824e-02 1.155606e-01 1.000000e-01 1.597501e+00 -0.994896 0.006608 0.022553 0.877188 0.078890 0.009657 0.994896 -0.006185 -0.029497 -0.930122 0.000000 
1.200000e-01 1.003101e-01 9.749824e-02 1.155606e-01 1.000000e-01 1.597501e+00 -0.994896 0.006608 0.022553 0.877188 0.078890 0.009657 0.994896 -0.006185 -0.029497 -0.930122 0.000000 
1.200000e-01 1.003101e-01 9.749824e-02 1.155606e-01 1.000000e-01 1.597501e+00 -0.994896 0.006608 0.022553 0.877188 0.078890 0.009657 0.994896 -0.006185 -0.029497 -0.930122 0.000000 
1.200000e-01 1.003101e-01 9.749824e-02 1.155606e-01 1.000000e-01 1.597501e+00 -0.994896 0.006608 0.022553 0.877188 0.078890 0.009657 0.994896 -0.006185 -0.029497 -0.930122 0.000000 
1.200000e-01 1.003101e-01 9.749824e-02 1.155606e-01 1.000000e-01 1.597501e+00 -0.994896 0.006608 0.022553 0.877188 0.078890 0.009657 0.994896 -0.006185 -0.029497 -0.930122 0.000000 
1.200000e-01 1.003101e-01 9.749824e-02 1.155606e-01 1.000000e-01 1.597501e+00 -0.994896 0.006608 0.022553 0.877188 0.078890 0.009657 0.994896 -0.006185 -0.029497 -0.930122 0.000000 
1.200000e-01 1.003101e-01 9.749824e-02 1.155606e-01 1.000000e-01 1.597501e+00 -0.994896 0.006608 0.022553 0.877188 0.078890 0.009657 0.994896 -0.006185 -0.029497 -0.930122 0.000000 
1.200000e-01 1.003101e-01 9.749824e-02 1.155606e-01 1.000000e-01 1.597501e+00 -0.994896 0.006608 0.022553 0.877188 0.078890 0.009657 0.994896 -0.006185 -0.029497 -0.930122 0.000000 
1.200000e-01 1.003101e-01 9.749824e-02 1.155606e-01 1.000000e-01 1.597501e+00 -0.994896 0.006608 0.022553 0.877188 0.078890 0.009657 0.994896 -0.006185 -0.029497 -0.930122 0.000000 
1.200000e-01 1.003101e-01 9.749824e-02 1.155606e-01 1.000000e-01 1.597501e+00 -0.994896 0.006608 0.022553 0.877188 0.078890 0.009657 0.994896 -0.006185 -0.029497 -0.930122 0.000000 
1.200000e-01 1.003101e-01 9.749824e-02 1.155606e-01 1.000000e-01 1.597501e+00 -0.994896 0.006608 0.022553 0.877188 0.078890 0.009657 0.994896 -0.006185 -0.029497 -0.930122 0.000000 
1.200000e-01 1.003101e-01 9.749824e-02 1.155606e-01 1.000000e-01 1.597501e+00 -0.994896 0.006608 0.022553 0.877188 0.078890 0.009657 0.994896 -0.006185 -0.029497 -0.930122 0.000000 
1.200000e-01 1.003101e-01 9.749824e-02 1.155606e-01 1.000000e-01 1.597501e+00 -0.994896 0.006608 0.022553 0.877188 0.078890 0.009657 0.994896 -0.006185 -0.029497 -0.930122 0.000000 
1.200000e-01 1.003101e-01 9.749824e-02 1.155606e-01 1.000000e-01 1.597501e+00 -0.994896 0.006608 0.022553 0.877188 0.078890 0.009657 0.994896 -0.006185 -0.029497 -0.930122 0.000000 
1.200000e-01 1.003101e-01 9.749824e-02 1.155606e-01 1.000000e-01 1.597501e+00 -0.994896 0.006608 0.022553 0.877188 0.078890 0.009657 0.994896 -0.006185 -0.029497 -0.930122 0.000000 
1.200000e-01 1.003101e-01 9.749824e-02 1.155606e-01 1.000000e-01 1.597501e+00 -0.994896 0.006608 0.022553 0.877188 0.078890 0.009657 0.994896 -0.006185 -0.029497 -0.930122 0.000000 
1.200000e-01 1.003101e-01 9.749824e-02 1.155606e-01 1.000000e-01 1.597501e+00 -0.994896 0.006608 0.022553 0.877188 0.078890 0.009657 0.994896 -0.006185 -0.029497 -0.930122 0.000000 
1.200000e-01 1.003101e-01 9.749824e-02 1.155606e-01 1.000000e-01 1.597501e+00 -0.994896 0.006608 0.022553 0.877188 0.078890 0.009657 0.994896 -0.006185 -0.029497 -0.930122 0.000000 
1.200000e-01 1.003101e-01 9.749824e-02 1.155606e-01 1.000000e-01 1.597501e+00 -0.994896 0.006608 0.022553 0.877188 0.078890 0.009657 0.994896 -0.006185 -0.029497 -0.930122 0.000000 
1.200000e-01 1.003101e-01 9.749824e-02 1.155606e-01 1.000000e-01 1.597501e+00 -0.994896 0.006608 0.022553 0.877188 0.078890 0.009657 0.994896 -0.006185 -0.029497 -0.930122 0.000000 
1.200000e-01 1.003101e-01 9.749824e-02 1.155606e-01 1.000000e-01 1.597501e+00 -0.994896 0.006608 0.022553 0.877188 0.078890 0.009657 0.994896 -0.006185 -0.029497 -0.930122 0.000000 
1.200000e-01 1.003101e-01 9.749824e-02 1.155606e-01 1.000000e-01 1.597501e+00 -0.994896 0.006608 0.022553 0.877188 0.078890 0.009657 0.994896 -0.006185 -0.029497 -0.930122 0.000000 
1.200000e-01 1.003101e-01 9.749824e-02 1.155606e-01 1.000000e-01 1.597501e+00 -0.994896 0.006608 0.022553 0.877188 0.078890 0.009657 0.994896 -0.006185 -0.029497 -0.930122 0.000000 
1.200000e-01 1.003101e-01 9.749824e-02 1.155606e-01 1.000000e-01 1.597501e+00 -0.994896 0.006608 0.022553 0.877188 0.078890 0.009657 0.994896 -0.006185 -0.029497 -0.930122 0.000000 
1.200000e-01 1.003101e-01 9.749824e-02 1.155606e-01 1.000000e-01 1.597501e+00 -0.994896 0.006608 0.022553 0.877188 0.078890 0.009657 0.994896 -0.006185 -0.029497 -0.930122 0.000000 
1.200000e-01 1.003101e-01 9.749824e-02 1.155606e-01 1.000000e-01 1.597501e+00 -0.994896 0.006608 0.022553 0.877188 0.078890 0.009657 0.994896 -0.006185 -0.029497 -0.930122 0.000000 
1.200000e-01 1.003101e-01 9.749824e-02 1.155606e-01 1.000000e-01 1.597501e+00 -0.994896 0.006608 0.022553 0.877188 0.078890 0.009657 0.994896 -0.006185 -0.029497 -0.930122 0.000000 
1.200000e-01 1.003101e-01 9.749824e-02 1.155606e-01 1.000000e-01 1.597501e+00 -0.994896 0.006608 0.022553 0.877188 0.078890 0.009657 0.994896 -0.006185 -0.029497 -0.930122 0.000000 
1.200000e-01 1.003101e-01 9.749824e-02 1.155606e-01 1.000000e-01 1.597501e+00 -0.994896 0.006608 0.022553 0.877188 0.078890 0.009657 0.994896 -0.006185 -0.029497 -0.930122 0.000000 
1.200000e-01 1.003101e-01 9.749824e-02 1.155606e-01 1.000000e-01 1.597501e+00 -0.994896 0.006608 0.022553 0.877188 0.078890 0.009657 0.994896 -0.006185 -0.029497 -0.930122 0.000000 
1.200000e-01 1.003101e-01 9.749824e-02 1.155606e-01 1.000000e-01 1.597501e+00 -0.994896 0.006608 0.022553 0.877188 0.078890 0.009657 0.994896 -0.006185 -0.029497 -0.930122 0.000000 
1.200000e-01 1.003101e-01 9.749824e-02 1.155606e-01 1.000000e-01 1.597501e+00 -0.994896 0.006608 0.022553 0.877188 0.078890 0.009657 0.994896 -0.006185 -0.029497 -0.930122 0.000000 
1.200000e-01 1.003101e-01 9.749824e-02 1.155606e-01 1.000000e-01 1.597501e+00 -0.994896 0.006608 0.022553 0.877188 0.078890 0.009657 0.994896 -0.006185 -0.029497 -0.930122 0.000000 
1.200000e-01 1.003101e-01 9.749824e-02 1.155606e-01 1.000000e-01 1.597501e+00 -0.994896 0.006608 0.022553 0.877188 0.078890 0.009657 0.994896 -0.006185 -0.029497 -0.930122 0.000000 
1.200000e-01 1.003101e-01 9.749824e-02 1.155606e-01 1.000000e-01 1.597501e+00 -0.994896 0.006608 0.022553 0.877188 0.078890 0.009657 0.994896 -0.006185 -0.029497 -0.930122 0.000000 
1.200000e-01 1.003101e-01 9.749824e-02 1.155606e-01 1.000000e-01 1.597501e+00 -0.994896 0.006608 0.022553 0.877188 0.078890 0.009657 0.994896 -0.006185 -0.029497 -0.930122 0.000000 
1.200000e-01 1.003101e-01 9.749824e-02 1.155606e-01 1.000000e-01 1.597501e+00 -0.994896 0.006608 0.022553 0.877188 0.078890 0.009657 0.994896 -0.006185 -0.029497 -0.930122 0.000000 
1.200000e-01 1.003101e-01 9.749824e-02 1.155606e-01 1.000000e-01 1.597501e+00 -0.994896 0.006608 0.022553 0.877188 0.078890 0.009657 0.994896 -0.006185 -0.029497 -0.930122 0.000000 
1.200000e-01 1.003101e-01 9.749824e-02 1.155606e-01 1.000000e-01 1.597501e+00 -0.994896 0.006608 0.022553 0.877188 0.078890 0.009657 0.994896 -0.006185 -0.029497 -0.930122 0.000000 
1.200000e-01 1.003101e-01 9.749824e-02 1.155606e-01 1.000000e-01 1.597501e+00 -0.994896 0.006608 0.022553 0.877188 0.078890 0.009657 0.994896 -0.006185 -0.029497 -0.930122 0.000000 
1.200000e-01 1.003101e-01 9.749824e-02 1.155606e-01 1.000000e-01 1.597501e+00 -0.994896 0.006608 0.022553 0.877188 0.078890 0.009657 0.994896 -0.006185 -0.029497 -0.930122 0.000000 
1.200000e-01 1.003101e-01 9.749824e-02 1.155606e-01 1.000000e-01 1.597501e+00 -0.994896 0.006608 0.022553 0.877188 0.078890 0.009657 0.994896 -0.006185 -0.029497 -0.930122 0.000000 
