# TeX TeY TeZ ThX ThY THZ P1 P2
1.250000e-01 1.000000e-01 7.850000e-01 1.250000e-01 1.000000e-01 7.850000e-01 0.000000 0.000000 0.000000 0.000000 0.000000 0.000000 0.000000 0.000000 0.000000 0.000000 0.000000 
1.250000e-01 1.000000e-01 7.732782e-01 1.250000e-01 1.000000e-01 7.935045e-01 -0.013363 0.001715 0.003431 0.003434 0.003453 0.001331 0.013363 -0.001715 -0.003431 -0.003434 0.000000 
1.250000e-01 1.000000e-01 7.615146e-01 1.250000e-01 1.000000e-01 8.019960e-01 -0.026745 0.003432 0.006866 0.006873 0.006911 0.002663 0.026745 -0.003433 -0.006866 -0.006873 0.000000 
1.250000e-01 1.000000e-01 7.497096e-01 1.250000e-01 1.000000e-01 8.104744e-01 -0.040146 0.005152 0.010307 0.010316 0.010373 0.003998 0.040146 -0.005152 -0.010307 -0.010316 0.000000 
1.250000e-01 1.000000e-01 7.378636e-01 1.250000e-01 1.000000e-01 8.189394e-01 -0.053565 0.006874 0.013752 0.013765 0.013841 0.005334 0.053565 -0.006875 -0.013752 -0.013765 0.000000 
1.250000e-01 9.999999e-02 7.259769e-01 1.250000e-01 1.000000e-01 8.273910e-01 -0.067002 0.008599 0.017201 0.017218 0.017312 0.006672 0.067002 -0.008599 -0.017202 -0.017218 0.000000 
1.250000e-01 9.999999e-02 7.140500e-01 1.250000e-01 1.000000e-01 8.358292e-01 -0.080457 0.010326 0.020656 0.020675 0.020789 0.008011 0.080457 -0.010326 -0.020656 -0.020675 0.000000 
1.250000e-01 9.999999e-02 7.020830e-01 1.250000e-01 1.000000e-01 8.442536e-01 -0.093929 0.012055 0.024114 0.024137 0.024270 0.009353 0.093929 -0.012055 -0.024115 -0.024137 0.000000 
1.250000e-01 9.999998e-02 6.900764e-01 1.250000e-01 1.000000e-01 8.526642e-01 -0.107418 0.013786 0.027577 0.027604 0.027756 0.010696 0.107418 -0.013786 -0.027578 -0.027603 0.000000 
1.250000e-01 9.999998e-02 6.780305e-01 1.250000e-01 1.000000e-01 8.610609e-01 -0.120924 0.015519 0.031045 0.031074 0.031245 0.012041 0.120924 -0.015520 -0.031045 -0.031074 0.000000 
1.250000e-01 9.999998e-02 6.659457e-01 1.250000e-01 1.000000e-01 8.694436e-01 -0.134447 0.017255 0.034516 0.034549 0.034739 0.013388 0.134447 -0.017255 -0.034517 -0.034549 0.000000 
1.250000e-01 9.999997e-02 6.538222e-01 1.250000e-01 1.000000e-01 8.778120e-01 -0.147985 0.018992 0.037992 0.038028 0.038238 0.014736 0.147985 -0.018993 -0.037993 -0.038028 0.000000 
1.250000e-01 9.999996e-02 6.416605e-01 1.250000e-01 1.000000e-01 8.861661e-01 -0.161540 0.020732 0.041471 0.041511 0.041740 0.016085 0.161540 -0.020732 -0.041473 -0.041511 0.000000 
1.250000e-01 9.999996e-02 6.294608e-01 1.250000e-01 1.000000e-01 8.945057e-01 -0.175110 0.022473 0.044955 0.044998 0.045246 0.017437 0.175110 -0.022474 -0.044957 -0.044998 0.000000 
1.250000e-01 9.999995e-02 6.172234e-01 1.250000e-01 1.000000e-01 9.028307e-01 -0.188695 0.024216 0.048443 0.048489 0.048757 0.018790 0.188695 -0.024218 -0.048444 -0.048489 0.000000 
1.250000e-01 9.999993e-02 6.049488e-01 1.250000e-01 1.000000e-01 9.111409e-01 -0.202295 0.025962 0.051934 0.051984 0.052271 0.020144 0.202295 -0.025963 -0.051936 -0.051984 0.000000 
1.250000e-01 9.999992e-02 5.926371e-01 1.250000e-01 1.000000e-01 9.194363e-01 -0.215909 0.027709 0.055429 0.055483 0.055789 0.021500 0.215909 -0.027710 -0.055431 -0.055483 0.000000 
1.250000e-01 9.999990e-02 5.802887e-01 1.250000e-01 1.000000e-01 9.277165e-01 -0.229538 0.029458 0.058928 0.058985 0.059311 0.022857 0.229538 -0.029459 -0.058930 -0.058985 0.000000 
1.250000e-01 9.999988e-02 5.679039e-01 1.250000e-01 1.000000e-01 9.359815e-01 -0.243181 0.031208 0.062430 0.062491 0.062836 0.024215 0.243181 -0.031210 -0.062433 -0.062491 0.000000 
1.250000e-01 9.999985e-02 5.554830e-01 1.250000e-01 1.000000e-01 9.442312e-01 -0.256838 0.032961 0.065936 0.066000 0.066365 0.025576 0.256838 -0.032963 -0.065939 -0.066000 0.000000 
1.250000e-01 9.999982e-02 5.430263e-01 1.250000e-01 1.000000e-01 9.524653e-01 -0.270508 0.034715 0.069445 0.069513 0.069898 0.026937 0.270508 -0.034717 -0.069448 -0.069513 0.000000 
1.250000e-01 9.999978e-02 5.305342e-01 1.250000e-01 1.000000e-01 9.606838e-01 -0.284191 0.036471 0.072957 0.073029 0.073434 0.028300 0.284191 -0.036474 -0.072961 -0.073029 0.000000 
1.250000e-01 9.999973e-02 5.180068e-01 1.250000e-01 1.000000e-01 9.688864e-01 -0.297886 0.038228 0.076473 0.076549 0.076973 0.029664 0.297887 -0.038231 -0.076478 -0.076549 0.000000 
1.250000e-01 9.999968e-02 5.054446e-01 1.250000e-01 1.000000e-01 9.770730e-01 -0.311595 0.039987 0.079991 0.080072 0.080516 0.031029 0.311595 -0.039990 -0.079997 -0.080072 0.000000 
1.250000e-01 9.999961e-02 4.928477e-01 1.250000e-01 1.000000e-01 9.852434e-01 -0.325315 0.041747 0.083513 0.083597 0.084062 0.032396 0.325315 -0.041751 -0.083520 -0.083598 0.000000 
1.250000e-01 9.999952e-02 4.802165e-01 1.250000e-01 1.000000e-01 9.933975e-01 -0.339048 0.043509 0.087038 0.087126 0.087611 0.033764 0.339048 -0.043513 -0.087045 -0.087127 0.000000 
1.250000e-01 9.999942e-02 4.675512e-01 1.250000e-01 1.000000e-01 1.001535e+00 -0.352792 0.045272 0.090565 0.090658 0.091164 0.035133 0.352792 -0.045277 -0.090574 -0.090660 0.000000 
1.250000e-01 9.999929e-02 4.548522e-01 1.250000e-01 1.000000e-01 1.009656e+00 -0.366547 0.047037 0.094096 0.094193 0.094719 0.036503 0.366547 -0.047042 -0.094105 -0.094196 0.000000 
1.250000e-01 9.999914e-02 4.421197e-01 1.250000e-01 1.000000e-01 1.017760e+00 -0.380313 0.048803 0.097629 0.097731 0.098277 0.037874 0.380313 -0.048807 -0.097640 -0.097736 0.000000 
1.250000e-01 9.999895e-02 4.293539e-01 1.250000e-01 1.000000e-01 1.025847e+00 -0.394090 0.050570 0.101164 0.101271 0.101839 0.039247 0.394090 -0.050574 -0.101177 -0.101279 0.000000 
1.250000e-01 9.999872e-02 4.165552e-01 1.250000e-01 1.000000e-01 1.033917e+00 -0.407878 0.052338 0.104702 0.104814 0.105403 0.040621 0.407878 -0.052341 -0.104717 -0.104827 0.000000 
1.250000e-01 9.999845e-02 4.037238e-01 1.250000e-01 1.000000e-01 1.041969e+00 -0.421675 0.054107 0.108242 0.108360 0.108970 0.041996 0.421675 -0.054109 -0.108259 -0.108379 0.000000 
1.250000e-01 9.999811e-02 3.908600e-01 1.250000e-01 1.000000e-01 1.050004e+00 -0.435483 0.055878 0.111785 0.111908 0.112540 0.043372 0.435483 -0.055875 -0.111804 -0.111938 0.000000 
1.250000e-01 9.999769e-02 3.779640e-01 1.250000e-01 1.000000e-01 1.058021e+00 -0.449299 0.057649 0.115330 0.115459 0.116113 0.044749 0.449300 -0.057641 -0.115352 -0.115504 0.000000 
1.250000e-01 9.999718e-02 3.650361e-01 1.250000e-01 1.000000e-01 1.066021e+00 -0.463125 0.059422 0.118877 0.119012 0.119688 0.046127 0.463126 -0.059403 -0.118903 -0.119081 0.000000 
1.250000e-01 9.999656e-02 3.520765e-01 1.250000e-01 1.000000e-01 1.074002e+00 -0.476960 0.061195 0.122425 0.122567 0.123267 0.047507 0.476961 -0.061160 -0.122456 -0.122673 0.000000 
1.250000e-01 9.999580e-02 3.390855e-01 1.250000e-01 1.000000e-01 1.081964e+00 -0.490804 0.062969 0.125976 0.126125 0.126848 0.048887 0.490804 -0.062909 -0.126013 -0.126286 0.000000 
1.250000e-01 9.999487e-02 3.260634e-01 1.250000e-01 1.000000e-01 1.089908e+00 -0.504656 0.064744 0.129528 0.129685 0.130431 0.050269 0.504656 -0.064644 -0.129573 -0.129930 0.000000 
1.250000e-01 9.999373e-02 3.130104e-01 1.250000e-01 1.000000e-01 1.097834e+00 -0.518516 0.066519 0.133082 0.133247 0.134018 0.051652 0.518516 -0.066358 -0.133136 -0.133622 0.000000 
1.250000e-01 9.999233e-02 2.999266e-01 1.250000e-01 1.000000e-01 1.105740e+00 -0.532384 0.068295 0.136637 0.136811 0.137607 0.053036 0.532384 -0.068040 -0.136704 -0.137381 0.000000 
1.250000e-01 9.999062e-02 2.868124e-01 1.250000e-01 1.000000e-01 1.113627e+00 -0.546259 0.070072 0.140193 0.140377 0.141198 0.054421 0.546259 -0.069669 -0.140278 -0.141251 0.000000 
1.250000e-01 9.998852e-02 2.736681e-01 1.250000e-01 1.000000e-01 1.121495e+00 -0.560142 0.071849 0.143750 0.143945 0.144793 0.055807 0.560142 -0.071221 -0.143860 -0.145280 0.000000 
1.250000e-01 9.998597e-02 2.604937e-01 1.250000e-01 1.000000e-01 1.129344e+00 -0.574031 0.073626 0.147308 0.147514 0.148390 0.057194 0.574032 -0.072653 -0.147451 -0.149555 0.000000 
1.250000e-01 9.998284e-02 2.472895e-01 1.250000e-01 1.000000e-01 1.137172e+00 -0.587928 0.075403 0.150867 0.151086 0.151990 0.058583 0.587928 -0.073897 -0.151053 -0.154221 0.000000 
1.250000e-01 9.997905e-02 2.340557e-01 1.250000e-01 1.000000e-01 1.144980e+00 -0.601830 0.077180 0.154426 0.154659 0.155593 0.059973 0.601831 -0.074864 -0.154669 -0.159467 0.000000 
1.250000e-01 9.997445e-02 2.207925e-01 1.250000e-01 1.000000e-01 1.152769e+00 -0.615740 0.078957 0.157986 0.158234 0.159199 0.061364 0.615740 -0.075403 -0.158292 -0.165630 0.000000 
1.250000e-01 9.996894e-02 2.075000e-01 1.249999e-01 1.000000e-01 1.160536e+00 -0.629655 0.080734 0.161546 0.161811 0.162809 0.062757 0.629655 -0.075285 -0.161902 -0.173247 0.000000 
1.250000e-01 9.996241e-02 1.941784e-01 1.249999e-01 1.000000e-01 1.168283e+00 -0.643577 0.082510 0.165106 0.165389 0.166422 0.064151 0.643577 -0.074211 -0.165434 -0.183098 0.000000 
1.250000e-01 9.995483e-02 1.808277e-01 1.249999e-01 1.000000e-01 1.176009e+00 -0.657505 0.084286 0.168666 0.168970 0.170038 0.065547 0.657506 -0.071697 -0.168708 -0.196601 0.000000 
1.250000e-01 9.994639e-02 1.674478e-01 1.249999e-01 1.000000e-01 1.183714e+00 -0.671441 0.086061 0.172225 0.172552 0.173659 0.066945 0.671441 -0.067082 -0.171243 -0.216158 0.000000 
1.250000e-01 9.993793e-02 1.540380e-01 1.249999e-01 1.000000e-01 1.191398e+00 -0.685386 0.087836 0.175785 0.176137 0.177285 0.068345 0.685387 -0.059602 -0.171900 -0.245706 0.000000 
1.250000e-01 9.993295e-02 1.405947e-01 1.249999e-01 1.000000e-01 1.199059e+00 -0.699353 0.089611 0.179347 0.179727 0.180919 0.069749 0.699353 -0.048255 -0.167774 -0.293103 0.000000 
1.250000e-01 9.994691e-02 1.270997e-01 1.249999e-01 1.000000e-01 1.206699e+00 -0.713399 0.091395 0.182927 0.183339 0.184577 0.071163 0.713399 -0.031996 -0.151271 -0.374917 0.000000 
1.250000e-01 1.000392e-01 1.134682e-01 1.249999e-01 1.000000e-01 1.214317e+00 -0.727801 0.093222 0.186595 0.187042 0.188331 0.072613 0.727802 -0.009834 -0.104383 -0.525035 0.000000 
1.250000e-01 1.002866e-01 9.943584e-02 1.249998e-01 1.000000e-01 1.221912e+00 -0.743575 0.095222 0.190611 0.191098 0.192443 0.074203 0.743575 0.020759 0.011080 -0.812361 0.000000 
1.250000e-01 1.003103e-01 9.749922e-02 1.249998e-01 1.000000e-01 1.229484e+00 -0.750233 0.096049 0.192283 0.192811 0.194204 0.074887 0.750233 0.025213 0.033304 -0.867224 0.000000 
1.250000e-01 1.003103e-01 9.749922e-02 1.249998e-01 1.000000e-01 1.237034e+00 -0.755220 0.096658 0.193521 0.194096 0.195539 0.075407 0.755221 0.024573 0.032024 -0.868505 0.000000 
1.250000e-01 1.003103e-01 9.749922e-02 1.249998e-01 1.000000e-01 1.244560e+00 -0.760193 0.097262 0.194750 0.195377 0.196876 0.075929 0.760193 0.023935 0.030747 -0.869783 0.000000 
1.250000e-01 1.003103e-01 9.749922e-02 1.249997e-01 1.000000e-01 1.252063e+00 -0.765150 0.097859 0.195968 0.196655 0.198216 0.076453 0.765150 0.023298 0.029475 -0.871057 0.000000 
1.250000e-01 1.003103e-01 9.749922e-02 1.249997e-01 1.000000e-01 1.259541e+00 -0.770091 0.098449 0.197177 0.197930 0.199558 0.076979 0.770091 0.022664 0.028206 -0.872327 0.000000 
1.250000e-01 1.003103e-01 9.749922e-02 1.249997e-01 1.000000e-01 1.266996e+00 -0.775016 0.099031 0.198373 0.199201 0.200905 0.077507 0.775016 0.022032 0.026942 -0.873592 0.000000 
1.250000e-01 1.003103e-01 9.749922e-02 1.249996e-01 1.000000e-01 1.274427e+00 -0.779925 0.099605 0.199557 0.200469 0.202256 0.078038 0.779925 0.021402 0.025681 -0.874854 0.000000 
1.250000e-01 1.003103e-01 9.749922e-02 1.249995e-01 1.000000e-01 1.281832e+00 -0.784818 0.100170 0.200728 0.201734 0.203614 0.078573 0.784818 0.020774 0.024425 -0.876111 0.000000 
1.250000e-01 1.003103e-01 9.749922e-02 1.249995e-01 1.000000e-01 1.289213e+00 -0.789694 0.100725 0.201884 0.202996 0.204979 0.079112 0.789694 0.020148 0.023173 -0.877364 0.000000 
1.250000e-01 1.003103e-01 9.749922e-02 1.249994e-01 1.000000e-01 1.296568e+00 -0.794553 0.101269 0.203023 0.204254 0.206352 0.079656 0.794554 0.019525 0.021926 -0.878613 0.000000 
1.250000e-01 1.003103e-01 9.749922e-02 1.249993e-01 1.000000e-01 1.303898e+00 -0.799396 0.101801 0.204146 0.205511 0.207735 0.080205 0.799396 0.018903 0.020683 -0.879857 0.000000 
1.250000e-01 1.003103e-01 9.749922e-02 1.249992e-01 1.000000e-01 1.311202e+00 -0.804221 0.102319 0.205249 0.206765 0.209130 0.080760 0.804222 0.018284 0.019444 -0.881097 0.000000 
1.250000e-01 1.003103e-01 9.749922e-02 1.249991e-01 1.000000e-01 1.318480e+00 -0.809030 0.102823 0.206331 0.208017 0.210538 0.081322 0.809030 0.017667 0.018209 -0.882333 0.000000 
1.250000e-01 1.003103e-01 9.749922e-02 1.249990e-01 1.000000e-01 1.325731e+00 -0.813820 0.103311 0.207391 0.209267 0.211961 0.081891 0.813820 0.017052 0.016979 -0.883564 0.000000 
1.250000e-01 1.003103e-01 9.749922e-02 1.249989e-01 1.000000e-01 1.332955e+00 -0.818593 0.103779 0.208426 0.210517 0.213402 0.082470 0.818593 0.016439 0.015754 -0.884790 0.000000 
1.250000e-01 1.003103e-01 9.749922e-02 1.249987e-01 1.000000e-01 1.340152e+00 -0.823348 0.104230 0.209435 0.211766 0.214861 0.083058 0.823348 0.015829 0.014533 -0.886012 0.000000 
1.250000e-01 1.003103e-01 9.749922e-02 1.249985e-01 1.000000e-01 1.347321e+00 -0.828084 0.104655 0.210411 0.213015 0.216345 0.083658 0.828084 0.015221 0.013317 -0.887229 0.000000 
1.250000e-01 1.003103e-01 9.749922e-02 1.249983e-01 1.000000e-01 1.354463e+00 -0.832802 0.105059 0.211357 0.214266 0.217852 0.084269 0.832803 0.014616 0.012106 -0.888442 0.000000 
1.250000e-01 1.003103e-01 9.749922e-02 1.249981e-01 1.000000e-01 1.361576e+00 -0.837502 0.105432 0.212265 0.215520 0.219390 0.084895 0.837502 0.014012 0.010900 -0.889649 0.000000 
1.250000e-01 1.003103e-01 9.749922e-02 1.249978e-01 1.000000e-01 1.368661e+00 -0.842182 0.105776 0.213135 0.216778 0.220959 0.085535 0.842183 0.013412 0.009698 -0.890852 0.000000 
1.250000e-01 1.003103e-01 9.749922e-02 1.249975e-01 1.000000e-01 1.375716e+00 -0.846844 0.106086 0.213961 0.218042 0.222565 0.086190 0.846844 0.012814 0.008501 -0.892050 0.000000 
1.250000e-01 1.003103e-01 9.749922e-02 1.249972e-01 1.000000e-01 1.382742e+00 -0.851485 0.106356 0.214738 0.219315 0.224213 0.086865 0.851486 0.012218 0.007309 -0.893243 0.000000 
1.250000e-01 1.003103e-01 9.749922e-02 1.249968e-01 1.000000e-01 1.389739e+00 -0.856108 0.106586 0.215465 0.220599 0.225903 0.087556 0.856108 0.011625 0.006123 -0.894431 0.000000 
1.250000e-01 1.003103e-01 9.749922e-02 1.249964e-01 1.000000e-01 1.396705e+00 -0.860710 0.106763 0.216129 0.221899 0.227649 0.088271 0.860710 0.011034 0.004941 -0.895613 0.000000 
1.250000e-01 1.003103e-01 9.749922e-02 1.249959e-01 1.000000e-01 1.403641e+00 -0.865292 0.106889 0.216732 0.223217 0.229449 0.089005 0.865293 0.010446 0.003765 -0.896791 0.000000 
1.250000e-01 1.003103e-01 9.749922e-02 1.249953e-01 1.000000e-01 1.410546e+00 -0.869854 0.106956 0.217265 0.224559 0.231312 0.089763 0.869854 0.009860 0.002594 -0.897963 0.000000 
1.250000e-01 1.003103e-01 9.749922e-02 1.249947e-01 1.000000e-01 1.417420e+00 -0.874395 0.106949 0.217715 0.225935 0.233251 0.090546 0.874395 0.009277 0.001428 -0.899130 0.000000 
1.250000e-01 1.003103e-01 9.749922e-02 1.249939e-01 1.000000e-01 1.424262e+00 -0.878915 0.106872 0.218084 0.227346 0.235262 0.091351 0.878915 0.008697 0.000267 -0.900292 0.000000 
1.250000e-01 1.003103e-01 9.749922e-02 1.249931e-01 1.000000e-01 1.431072e+00 -0.883414 0.106705 0.218352 0.228809 0.237366 0.092183 0.883414 0.008120 -0.000888 -0.901448 0.000000 
1.250000e-01 1.003103e-01 9.749922e-02 1.249922e-01 1.000000e-01 1.437850e+00 -0.887891 0.106439 0.218511 0.230334 0.239569 0.093039 0.887892 0.007545 -0.002037 -0.902598 0.000000 
1.250000e-01 1.003103e-01 9.749922e-02 1.249911e-01 1.000000e-01 1.444594e+00 -0.892347 0.106072 0.218560 0.231928 0.241873 0.093915 0.892347 0.006973 -0.003181 -0.903743 0.000000 
1.250000e-01 1.003103e-01 9.749922e-02 1.249898e-01 1.000000e-01 1.451305e+00 -0.896780 0.105572 0.218463 0.233624 0.244309 0.094813 0.896781 0.006404 -0.004319 -0.904882 0.000000 
1.250000e-01 1.003103e-01 9.749922e-02 1.249884e-01 1.000000e-01 1.457982e+00 -0.901192 0.104936 0.218219 0.235434 0.246879 0.095725 0.901192 0.005838 -0.005452 -0.906016 0.000000 
1.250000e-01 1.003103e-01 9.749922e-02 1.249868e-01 1.000000e-01 1.464625e+00 -0.905580 0.104155 0.217816 0.237375 0.249590 0.096645 0.905580 0.005275 -0.006579 -0.907144 0.000000 
1.250000e-01 1.003103e-01 9.749922e-02 1.249850e-01 1.000000e-01 1.471234e+00 -0.909946 0.103183 0.217205 0.239507 0.252487 0.097564 0.909946 0.004715 -0.007699 -0.908265 0.000000 
1.250000e-01 1.003103e-01 9.749922e-02 1.249829e-01 1.000000e-01 1.477807e+00 -0.914288 0.102019 0.216378 0.241851 0.255574 0.098467 0.914288 0.004157 -0.008814 -0.909381 0.000000 
1.250000e-01 1.003103e-01 9.749922e-02 1.249806e-01 1.000000e-01 1.484344e+00 -0.918607 0.100648 0.215314 0.244442 0.258864 0.099340 0.918607 0.003603 -0.009923 -0.910491 0.000000 
1.250000e-01 1.003103e-01 9.749922e-02 1.249779e-01 1.000000e-01 1.490846e+00 -0.922902 0.099021 0.213947 0.247370 0.262413 0.100152 0.922902 0.003052 -0.011026 -0.911595 0.000000 
1.250000e-01 1.003103e-01 9.749922e-02 1.249749e-01 1.000000e-01 1.497311e+00 -0.927173 0.097113 0.212233 0.250704 0.266252 0.100871 0.927173 0.002504 -0.012122 -0.912692 0.000000 
1.250000e-01 1.003103e-01 9.749922e-02 1.249715e-01 1.000000e-01 1.503738e+00 -0.931419 0.094921 0.210143 0.254495 0.270396 0.101465 0.931419 0.001959 -0.013212 -0.913784 0.000000 
1.250000e-01 1.003103e-01 9.749922e-02 1.249676e-01 1.000000e-01 1.510125e+00 -0.935640 0.092410 0.207608 0.258844 0.274896 0.101882 0.935640 0.001417 -0.014296 -0.914868 0.000000 
1.250000e-01 1.003103e-01 9.749922e-02 1.249632e-01 1.000000e-01 1.516473e+00 -0.939834 0.089498 0.204459 0.263986 0.279873 0.102018 0.939834 0.000879 -0.015373 -0.915946 0.000000 
1.250000e-01 1.003103e-01 9.749922e-02 1.249583e-01 1.000000e-01 1.522780e+00 -0.944001 0.086211 0.200675 0.269963 0.285326 0.101827 0.944002 0.000344 -0.016443 -0.917017 0.000000 
1.250000e-01 1.003103e-01 9.749922e-02 1.249528e-01 1.000000e-01 1.529046e+00 -0.948142 0.082523 0.196141 0.276940 0.291326 0.101212 0.948142 -0.000187 -0.017506 -0.918081 0.000000 
1.250000e-01 1.003103e-01 9.749922e-02 1.249465e-01 1.000000e-01 1.535270e+00 -0.952256 0.078394 0.190675 0.285170 0.297978 0.100038 0.952256 -0.000715 -0.018562 -0.919138 0.000000 
1.250000e-01 1.003103e-01 9.749922e-02 1.249395e-01 1.000000e-01 1.541452e+00 -0.956341 0.073758 0.183984 0.295067 0.305448 0.098085 0.956341 -0.001240 -0.019611 -0.920188 0.000000 
1.250000e-01 1.003103e-01 9.749922e-02 1.249313e-01 1.000000e-01 1.547591e+00 -0.960396 0.068663 0.175994 0.306752 0.313719 0.095269 0.960396 -0.001760 -0.020652 -0.921230 0.000000 
1.250000e-01 1.003103e-01 9.749922e-02 1.249213e-01 1.000000e-01 1.553684e+00 -0.964418 0.063108 0.166494 0.320553 0.322837 0.091426 0.964418 -0.002276 -0.021684 -0.922263 0.000000 
1.250000e-01 1.003103e-01 9.749922e-02 1.249080e-01 1.000000e-01 1.559729e+00 -0.968401 0.057109 0.155274 0.336849 0.332780 0.086390 0.968401 -0.002788 -0.022707 -0.923287 0.000000 
1.250000e-01 1.003103e-01 9.749922e-02 1.248880e-01 1.000000e-01 1.565721e+00 -0.972330 0.050659 0.141934 0.356427 0.343438 0.079872 0.972330 -0.003292 -0.023716 -0.924297 0.000000 
1.250000e-01 1.003103e-01 9.749922e-02 1.248532e-01 1.000000e-01 1.571647e+00 -0.976179 0.043883 0.126563 0.379637 0.354184 0.071913 0.976179 -0.003786 -0.024704 -0.925286 0.000000 
1.250000e-01 1.003103e-01 9.749922e-02 1.247850e-01 1.000000e-01 1.577484e+00 -0.979894 0.036961 0.109500 0.406967 0.363757 0.062709 0.979894 -0.004263 -0.025657 -0.926240 0.000000 
1.250000e-01 1.003103e-01 9.749922e-02 1.246341e-01 1.000000e-01 1.583178e+00 -0.983367 0.030183 0.091534 0.439473 0.369470 0.052708 0.983367 -0.004708 -0.026549 -0.927133 0.000000 
1.250000e-01 1.003103e-01 9.749922e-02 1.242573e-01 1.000000e-01 1.588597e+00 -0.986409 0.024048 0.074309 0.480259 0.364985 0.042809 0.986409 -0.005099 -0.027330 -0.927915 0.000000 
1.250000e-01 1.003103e-01 9.749922e-02 1.231765e-01 1.000000e-01 1.593434e+00 -0.988836 0.019094 0.059911 0.543632 0.332277 0.033922 0.988836 -0.005410 -0.027953 -0.928538 0.000000 
1.250000e-01 1.003103e-01 9.749922e-02 1.206560e-01 1.000000e-01 1.597510e+00 -0.991910 0.012746 0.040838 0.706514 0.210173 0.021638 0.991910 -0.005805 -0.028742 -0.929328 0.000000 
1.250000e-01 1.003103e-01 9.749922e-02 1.206560e-01 1.000000e-01 1.597510e+00 -0.991910 0.012746 0.040838 0.706514 0.210173 0.021638 0.991910 -0.005805 -0.028742 -0.929328 0.000000 
1.250000e-01 1.003103e-01 9.749922e-02 1.206560e-01 1.000000e-01 1.597510e+00 -0.991910 0.012746 0.040838 0.706514 0.210173 0.021638 0.991910 -0.005805 -0.028742 -0.929328 0.000000 
1.250000e-01 1.003103e-01 9.749922e-02 1.206560e-01 1.000000e-01 1.597510e+00 -0.991910 0.012746 0.040838 0.706514 0.210173 0.021638 0.991910 -0.005805 -0.028742 -0.929328 0.000000 
1.250000e-01 1.003103e-01 9.749922e-02 1.206560e-01 1.000000e-01 1.597510e+00 -0.991910 0.012746 0.040838 0.706514 0.210173 0.021638 0.991910 -0.005805 -0.028742 -0.929328 0.000000 
1.250000e-01 1.003103e-01 9.749922e-02 1.206560e-01 1.000000e-01 1.597510e+00 -0.991910 0.012746 0.040838 0.706514 0.210173 0.021638 0.991910 -0.005805 -0.028742 -0.929328 0.000000 
1.250000e-01 1.003103e-01 9.749922e-02 1.206560e-01 1.000000e-01 1.597510e+00 -0.991910 0.012746 0.040838 0.706514 0.210173 0.021638 0.991910 -0.005805 -0.028742 -0.929328 0.000000 
1.250000e-01 1.003103e-01 9.749922e-02 1.206560e-01 1.000000e-01 1.597510e+00 -0.991910 0.012746 0.040838 0.706514 0.210173 0.021638 0.991910 -0.005805 -0.028742 -0.929328 0.000000 
1.250000e-01 1.003103e-01 9.749922e-02 1.206560e-01 1.000000e-01 1.597510e+00 -0.991910 0.012746 0.040838 0.706514 0.210173 0.021638 0.991910 -0.005805 -0.028742 -0.929328 0.000000 
1.250000e-01 1.003103e-01 9.749922e-02 1.206560e-01 1.000000e-01 1.597510e+00 -0.991910 0.012746 0.040838 0.706514 0.210173 0.021638 0.991910 -0.005805 -0.028742 -0.929328 0.000000 
1.250000e-01 1.003103e-01 9.749922e-02 1.206560e-01 1.000000e-01 1.597510e+00 -0.991910 0.012746 0.040838 0.706514 0.210173 0.021638 0.991910 -0.005805 -0.028742 -0.929328 0.000000 
1.250000e-01 1.003103e-01 9.749922e-02 1.206560e-01 1.000000e-01 1.597510e+00 -0.991910 0.012746 0.040838 0.706514 0.210173 0.021638 0.991910 -0.005805 -0.028742 -0.929328 0.000000 
1.250000e-01 1.003103e-01 9.749922e-02 1.206560e-01 1.000000e-01 1.597510e+00 -0.991910 0.012746 0.040838 0.706514 0.210173 0.021638 0.991910 -0.005805 -0.028742 -0.929328 0.000000 
1.250000e-01 1.003103e-01 9.749922e-02 1.206560e-01 1.000000e-01 1.597510e+00 -0.991910 0.012746 0.040838 0.706514 0.210173 0.021638 0.991910 -0.005805 -0.028742 -0.929328 0.000000 
1.250000e-01 1.003103e-01 9.749922e-02 1.206560e-01 1.000000e-01 1.597510e+00 -0.991910 0.012746 0.040838 0.706514 0.210173 0.021638 0.991910 -0.005805 -0.028742 -0.929328 0.000000 
1.250000e-01 1.003103e-01 9.749922e-02 1.206560e-01 1.000000e-01 1.597510e+00 -0.991910 0.012746 0.040838 0.706514 0.210173 0.021638 0.991910 -0.005805 -0.028742 -0.929328 0.000000 
1.250000e-01 1.003103e-01 9.749922e-02 1.206560e-01 1.000000e-01 1.597510e+00 -0.991910 0.012746 0.040838 0.706514 0.210173 0.021638 0.991910 -0.005805 -0.028742 -0.929328 0.000000 
1.250000e-01 1.003103e-01 9.749922e-02 1.206560e-01 1.000000e-01 1.597510e+00 -0.991910 0.012746 0.040838 0.706514 0.210173 0.021638 0.991910 -0.005805 -0.028742 -0.929328 0.000000 
1.250000e-01 1.003103e-01 9.749922e-02 1.206560e-01 1.000000e-01 1.597510e+00 -0.991910 0.012746 0.040838 0.706514 0.210173 0.021638 0.991910 -0.005805 -0.028742 -0.929328 0.000000 
1.250000e-01 1.003103e-01 9.749922e-02 1.206560e-01 1.000000e-01 1.597510e+00 -0.991910 0.012746 0.040838 0.706514 0.210173 0.021638 0.991910 -0.005805 -0.028742 -0.929328 0.000000 
1.250000e-01 1.003103e-01 9.749922e-02 1.206560e-01 1.000000e-01 1.597510e+00 -0.991910 0.012746 0.040838 0.706514 0.210173 0.021638 0.991910 -0.005805 -0.028742 -0.929328 0.000000 
1.250000e-01 1.003103e-01 9.749922e-02 1.206560e-01 1.000000e-01 1.597510e+00 -0.991910 0.012746 0.040838 0.706514 0.210173 0.021638 0.991910 -0.005805 -0.028742 -0.929328 0.000000 
1.250000e-01 1.003103e-01 9.749922e-02 1.206560e-01 1.000000e-01 1.597510e+00 -0.991910 0.012746 0.040838 0.706514 0.210173 0.021638 0.991910 -0.005805 -0.028742 -0.929328 0.000000 
1.250000e-01 1.003103e-01 9.749922e-02 1.206560e-01 1.000000e-01 1.597510e+00 -0.991910 0.012746 0.040838 0.706514 0.210173 0.021638 0.991910 -0.005805 -0.028742 -0.929328 0.000000 
1.250000e-01 1.003103e-01 9.749922e-02 1.206560e-01 1.000000e-01 1.597510e+00 -0.991910 0.012746 0.040838 0.706514 0.210173 0.021638 0.991910 -0.005805 -0.028742 -0.929328 0.000000 
1.250000e-01 1.003103e-01 9.749922e-02 1.206560e-01 1.000000e-01 1.597510e+00 -0.991910 0.012746 0.040838 0.706514 0.210173 0.021638 0.991910 -0.005805 -0.028742 -0.929328 0.000000 
1.250000e-01 1.003103e-01 9.749922e-02 1.206560e-01 1.000000e-01 1.597510e+00 -0.991910 0.012746 0.040838 0.706514 0.210173 0.021638 0.991910 -0.005805 -0.028742 -0.929328 0.000000 
1.250000e-01 1.003103e-01 9.749922e-02 1.206560e-01 1.000000e-01 1.597510e+00 -0.991910 0.012746 0.040838 0.706514 0.210173 0.021638 0.991910 -0.005805 -0.028742 -0.929328 0.000000 
1.250000e-01 1.003103e-01 9.749922e-02 1.206560e-01 1.000000e-01 1.597510e+00 -0.991910 0.012746 0.040838 0.706514 0.210173 0.021638 0.991910 -0.005805 -0.028742 -0.929328 0.000000 
1.250000e-01 1.003103e-01 9.749922e-02 1.206560e-01 1.000000e-01 1.597510e+00 -0.991910 0.012746 0.040838 0.706514 0.210173 0.021638 0.991910 -0.005805 -0.028742 -0.929328 0.000000 
1.250000e-01 1.003103e-01 9.749922e-02 1.206560e-01 1.000000e-01 1.597510e+00 -0.991910 0.012746 0.040838 0.706514 0.210173 0.021638 0.991910 -0.005805 -0.028742 -0.929328 0.000000 
1.250000e-01 1.003103e-01 9.749922e-02 1.206560e-01 1.000000e-01 1.597510e+00 -0.991910 0.012746 0.040838 0.706514 0.210173 0.021638 0.991910 -0.005805 -0.028742 -0.929328 0.000000 
1.250000e-01 1.003103e-01 9.749922e-02 1.206560e-01 1.000000e-01 1.597510e+00 -0.991910 0.012746 0.040838 0.706514 0.210173 0.021638 0.991910 -0.005805 -0.028742 -0.929328 0.000000 
1.250000e-01 1.003103e-01 9.749922e-02 1.206560e-01 1.000000e-01 1.597510e+00 -0.991910 0.012746 0.040838 0.706514 0.210173 0.021638 0.991910 -0.005805 -0.028742 -0.929328 0.000000 
1.250000e-01 1.003103e-01 9.749922e-02 1.206560e-01 1.000000e-01 1.597510e+00 -0.991910 0.012746 0.040838 0.706514 0.210173 0.021638 0.991910 -0.005805 -0.028742 -0.929328 0.000000 
1.250000e-01 1.003103e-01 9.749922e-02 1.206560e-01 1.000000e-01 1.597510e+00 -0.991910 0.012746 0.040838 0.706514 0.210173 0.021638 0.991910 -0.005805 -0.028742 -0.929328 0.000000 
1.250000e-01 1.003103e-01 9.749922e-02 1.206560e-01 1.000000e-01 1.597510e+00 -0.991910 0.012746 0.040838 0.706514 0.210173 0.021638 0.991910 -0.005805 -0.028742 -0.929328 0.000000 
1.250000e-01 1.003103e-01 9.749922e-02 1.206560e-01 1.000000e-01 1.597510e+00 -0.991910 0.012746 0.040838 0.706514 0.210173 0.021638 0.991910 -0.005805 -0.028742 -0.929328 0.000000 
1.250000e-01 1.003103e-01 9.749922e-02 1.206560e-01 1.000000e-01 1.597510e+00 -0.991910 0.012746 0.040838 0.706514 0.210173 0.021638 0.991910 -0.005805 -0.028742 -0.929328 0.000000 
1.250000e-01 1.003103e-01 9.749922e-02 1.206560e-01 1.000000e-01 1.597510e+00 -0.991910 0.012746 0.040838 0.706514 0.210173 0.021638 0.991910 -0.005805 -0.028742 -0.929328 0.000000 
1.250000e-01 1.003103e-01 9.749922e-02 1.206560e-01 1.000000e-01 1.597510e+00 -0.991910 0.012746 0.040838 0.706514 0.210173 0.021638 0.991910 -0.005805 -0.028742 -0.929328 0.000000 
1.250000e-01 1.003103e-01 9.749922e-02 1.206560e-01 1.000000e-01 1.597510e+00 -0.991910 0.012746 0.040838 0.706514 0.210173 0.021638 0.991910 -0.005805 -0.028742 -0.929328 0.000000 
1.250000e-01 1.003103e-01 9.749922e-02 1.206560e-01 1.000000e-01 1.597510e+00 -0.991910 0.012746 0.040838 0.706514 0.210173 0.021638 0.991910 -0.005805 -0.028742 -0.929328 0.000000 
1.250000e-01 1.003103e-01 9.749922e-02 1.206560e-01 1.000000e-01 1.597510e+00 -0.991910 0.012746 0.040838 0.706514 0.210173 0.021638 0.991910 -0.005805 -0.028742 -0.929328 0.000000 
1.250000e-01 1.003103e-01 9.749922e-02 1.206560e-01 1.000000e-01 1.597510e+00 -0.991910 0.012746 0.040838 0.706514 0.210173 0.021638 0.991910 -0.005805 -0.028742 -0.929328 0.000000 
1.250000e-01 1.003103e-01 9.749922e-02 1.206560e-01 1.000000e-01 1.597510e+00 -0.991910 0.012746 0.040838 0.706514 0.210173 0.021638 0.991910 -0.005805 -0.028742 -0.929328 0.000000 
1.250000e-01 1.003103e-01 9.749922e-02 1.206560e-01 1.000000e-01 1.597510e+00 -0.991910 0.012746 0.040838 0.706514 0.210173 0.021638 0.991910 -0.005805 -0.028742 -0.929328 0.000000 
1.250000e-01 1.003103e-01 9.749922e-02 1.206560e-01 1.000000e-01 1.597510e+00 -0.991910 0.012746 0.040838 0.706514 0.210173 0.021638 0.991910 -0.005805 -0.028742 -0.929328 0.000000 
1.250000e-01 1.003103e-01 9.749922e-02 1.206560e-01 1.000000e-01 1.597510e+00 -0.991910 0.012746 0.040838 0.706514 0.210173 0.021638 0.991910 -0.005805 -0.028742 -0.929328 0.000000 
1.250000e-01 1.003103e-01 9.749922e-02 1.206560e-01 1.000000e-01 1.597510e+00 -0.991910 0.012746 0.040838 0.706514 0.210173 0.021638 0.991910 -0.005805 -0.028742 -0.929328 0.000000 
1.250000e-01 1.003103e-01 9.749922e-02 1.206560e-01 1.000000e-01 1.597510e+00 -0.991910 0.012746 0.040838 0.706514 0.210173 0.021638 0.991910 -0.005805 -0.028742 -0.929328 0.000000 
1.250000e-01 1.003103e-01 9.749922e-02 1.206560e-01 1.000000e-01 1.597510e+00 -0.991910 0.012746 0.040838 0.706514 0.210173 0.021638 0.991910 -0.005805 -0.028742 -0.929328 0.000000 
1.250000e-01 1.003103e-01 9.749922e-02 1.206560e-01 1.000000e-01 1.597510e+00 -0.991910 0.012746 0.040838 0.706514 0.210173 0.021638 0.991910 -0.005805 -0.028742 -0.929328 0.000000 
1.250000e-01 1.003103e-01 9.749922e-02 1.206560e-01 1.000000e-01 1.597510e+00 -0.991910 0.012746 0.040838 0.706514 0.210173 0.021638 0.991910 -0.005805 -0.028742 -0.929328 0.000000 
1.250000e-01 1.003103e-01 9.749922e-02 1.206560e-01 1.000000e-01 1.597510e+00 -0.991910 0.012746 0.040838 0.706514 0.210173 0.021638 0.991910 -0.005805 -0.028742 -0.929328 0.000000 
1.250000e-01 1.003103e-01 9.749922e-02 1.206560e-01 1.000000e-01 1.597510e+00 -0.991910 0.012746 0.040838 0.706514 0.210173 0.021638 0.991910 -0.005805 -0.028742 -0.929328 0.000000 
1.250000e-01 1.003103e-01 9.749922e-02 1.206560e-01 1.000000e-01 1.597510e+00 -0.991910 0.012746 0.040838 0.706514 0.210173 0.021638 0.991910 -0.005805 -0.028742 -0.929328 0.000000 
1.250000e-01 1.003103e-01 9.749922e-02 1.206560e-01 1.000000e-01 1.597510e+00 -0.991910 0.012746 0.040838 0.706514 0.210173 0.021638 0.991910 -0.005805 -0.028742 -0.929328 0.000000 
1.250000e-01 1.003103e-01 9.749922e-02 1.206560e-01 1.000000e-01 1.597510e+00 -0.991910 0.012746 0.040838 0.706514 0.210173 0.021638 0.991910 -0.005805 -0.028742 -0.929328 0.000000 
1.250000e-01 1.003103e-01 9.749922e-02 1.206560e-01 1.000000e-01 1.597510e+00 -0.991910 0.012746 0.040838 0.706514 0.210173 0.021638 0.991910 -0.005805 -0.028742 -0.929328 0.000000 
1.250000e-01 1.003103e-01 9.749922e-02 1.206560e-01 1.000000e-01 1.597510e+00 -0.991910 0.012746 0.040838 0.706514 0.210173 0.021638 0.991910 -0.005805 -0.028742 -0.929328 0.000000 
1.250000e-01 1.003103e-01 9.749922e-02 1.206560e-01 1.000000e-01 1.597510e+00 -0.991910 0.012746 0.040838 0.706514 0.210173 0.021638 0.991910 -0.005805 -0.028742 -0.929328 0.000000 
1.250000e-01 1.003103e-01 9.749922e-02 1.206560e-01 1.000000e-01 1.597510e+00 -0.991910 0.012746 0.040838 0.706514 0.210173 0.021638 0.991910 -0.005805 -0.028742 -0.929328 0.000000 
1.250000e-01 1.003103e-01 9.749922e-02 1.206560e-01 1.000000e-01 1.597510e+00 -0.991910 0.012746 0.040838 0.706514 0.210173 0.021638 0.991910 -0.005805 -0.028742 -0.929328 0.000000 
1.250000e-01 1.003103e-01 9.749922e-02 1.206560e-01 1.000000e-01 1.597510e+00 -0.991910 0.012746 0.040838 0.706514 0.210173 0.021638 0.991910 -0.005805 -0.028742 -0.929328 0.000000 
1.250000e-01 1.003103e-01 9.749922e-02 1.206560e-01 1.000000e-01 1.597510e+00 -0.991910 0.012746 0.040838 0.706514 0.210173 0.021638 0.991910 -0.005805 -0.028742 -0.929328 0.000000 
1.250000e-01 1.003103e-01 9.749922e-02 1.206560e-01 1.000000e-01 1.597510e+00 -0.991910 0.012746 0.040838 0.706514 0.210173 0.021638 0.991910 -0.005805 -0.028742 -0.929328 0.000000 
1.250000e-01 1.003103e-01 9.749922e-02 1.206560e-01 1.000000e-01 1.597510e+00 -0.991910 0.012746 0.040838 0.706514 0.210173 0.021638 0.991910 -0.005805 -0.028742 -0.929328 0.000000 
1.250000e-01 1.003103e-01 9.749922e-02 1.206560e-01 1.000000e-01 1.597510e+00 -0.991910 0.012746 0.040838 0.706514 0.210173 0.021638 0.991910 -0.005805 -0.028742 -0.929328 0.000000 
1.250000e-01 1.003103e-01 9.749922e-02 1.206560e-01 1.000000e-01 1.597510e+00 -0.991910 0.012746 0.040838 0.706514 0.210173 0.021638 0.991910 -0.005805 -0.028742 -0.929328 0.000000 
1.250000e-01 1.003103e-01 9.749922e-02 1.206560e-01 1.000000e-01 1.597510e+00 -0.991910 0.012746 0.040838 0.706514 0.210173 0.021638 0.991910 -0.005805 -0.028742 -0.929328 0.000000 
1.250000e-01 1.003103e-01 9.749922e-02 1.206560e-01 1.000000e-01 1.597510e+00 -0.991910 0.012746 0.040838 0.706514 0.210173 0.021638 0.991910 -0.005805 -0.028742 -0.929328 0.000000 
1.250000e-01 1.003103e-01 9.749922e-02 1.206560e-01 1.000000e-01 1.597510e+00 -0.991910 0.012746 0.040838 0.706514 0.210173 0.021638 0.991910 -0.005805 -0.028742 -0.929328 0.000000 
1.250000e-01 1.003103e-01 9.749922e-02 1.206560e-01 1.000000e-01 1.597510e+00 -0.991910 0.012746 0.040838 0.706514 0.210173 0.021638 0.991910 -0.005805 -0.028742 -0.929328 0.000000 
1.250000e-01 1.003103e-01 9.749922e-02 1.206560e-01 1.000000e-01 1.597510e+00 -0.991910 0.012746 0.040838 0.706514 0.210173 0.021638 0.991910 -0.005805 -0.028742 -0.929328 0.000000 
1.250000e-01 1.003103e-01 9.749922e-02 1.206560e-01 1.000000e-01 1.597510e+00 -0.991910 0.012746 0.040838 0.706514 0.210173 0.021638 0.991910 -0.005805 -0.028742 -0.929328 0.000000 
1.250000e-01 1.003103e-01 9.749922e-02 1.206560e-01 1.000000e-01 1.597510e+00 -0.991910 0.012746 0.040838 0.706514 0.210173 0.021638 0.991910 -0.005805 -0.028742 -0.929328 0.000000 
1.250000e-01 1.003103e-01 9.749922e-02 1.206560e-01 1.000000e-01 1.597510e+00 -0.991910 0.012746 0.040838 0.706514 0.210173 0.021638 0.991910 -0.005805 -0.028742 -0.929328 0.000000 
1.250000e-01 1.003103e-01 9.749922e-02 1.206560e-01 1.000000e-01 1.597510e+00 -0.991910 0.012746 0.040838 0.706514 0.210173 0.021638 0.991910 -0.005805 -0.028742 -0.929328 0.000000 
1.250000e-01 1.003103e-01 9.749922e-02 1.206560e-01 1.000000e-01 1.597510e+00 -0.991910 0.012746 0.040838 0.706514 0.210173 0.021638 0.991910 -0.005805 -0.028742 -0.929328 0.000000 
1.250000e-01 1.003103e-01 9.749922e-02 1.206560e-01 1.000000e-01 1.597510e+00 -0.991910 0.012746 0.040838 0.706514 0.210173 0.021638 0.991910 -0.005805 -0.028742 -0.929328 0.000000 
1.250000e-01 1.003103e-01 9.749922e-02 1.206560e-01 1.000000e-01 1.597510e+00 -0.991910 0.012746 0.040838 0.706514 0.210173 0.021638 0.991910 -0.005805 -0.028742 -0.929328 0.000000 
1.250000e-01 1.003103e-01 9.749922e-02 1.206560e-01 1.000000e-01 1.597510e+00 -0.991910 0.012746 0.040838 0.706514 0.210173 0.021638 0.991910 -0.005805 -0.028742 -0.929328 0.000000 
1.250000e-01 1.003103e-01 9.749922e-02 1.206560e-01 1.000000e-01 1.597510e+00 -0.991910 0.012746 0.040838 0.706514 0.210173 0.021638 0.991910 -0.005805 -0.028742 -0.929328 0.000000 
1.250000e-01 1.003103e-01 9.749922e-02 1.206560e-01 1.000000e-01 1.597510e+00 -0.991910 0.012746 0.040838 0.706514 0.210173 0.021638 0.991910 -0.005805 -0.028742 -0.929328 0.000000 
1.250000e-01 1.003103e-01 9.749922e-02 1.206560e-01 1.000000e-01 1.597510e+00 -0.991910 0.012746 0.040838 0.706514 0.210173 0.021638 0.991910 -0.005805 -0.028742 -0.929328 0.000000 
1.250000e-01 1.003103e-01 9.749922e-02 1.206560e-01 1.000000e-01 1.597510e+00 -0.991910 0.012746 0.040838 0.706514 0.210173 0.021638 0.991910 -0.005805 -0.028742 -0.929328 0.000000 
1.250000e-01 1.003103e-01 9.749922e-02 1.206560e-01 1.000000e-01 1.597510e+00 -0.991910 0.012746 0.040838 0.706514 0.210173 0.021638 0.991910 -0.005805 -0.028742 -0.929328 0.000000 
1.250000e-01 1.003103e-01 9.749922e-02 1.206560e-01 1.000000e-01 1.597510e+00 -0.991910 0.012746 0.040838 0.706514 0.210173 0.021638 0.991910 -0.005805 -0.028742 -0.929328 0.000000 
1.250000e-01 1.003103e-01 9.749922e-02 1.206560e-01 1.000000e-01 1.597510e+00 -0.991910 0.012746 0.040838 0.706514 0.210173 0.021638 0.991910 -0.005805 -0.028742 -0.929328 0.000000 
1.250000e-01 1.003103e-01 9.749922e-02 1.206560e-01 1.000000e-01 1.597510e+00 -0.991910 0.012746 0.040838 0.706514 0.210173 0.021638 0.991910 -0.005805 -0.028742 -0.929328 0.000000 
1.250000e-01 1.003103e-01 9.749922e-02 1.206560e-01 1.000000e-01 1.597510e+00 -0.991910 0.012746 0.040838 0.706514 0.210173 0.021638 0.991910 -0.005805 -0.028742 -0.929328 0.000000 
1.250000e-01 1.003103e-01 9.749922e-02 1.206560e-01 1.000000e-01 1.597510e+00 -0.991910 0.012746 0.040838 0.706514 0.210173 0.021638 0.991910 -0.005805 -0.028742 -0.929328 0.000000 
1.250000e-01 1.003103e-01 9.749922e-02 1.206560e-01 1.000000e-01 1.597510e+00 -0.991910 0.012746 0.040838 0.706514 0.210173 0.021638 0.991910 -0.005805 -0.028742 -0.929328 0.000000 
1.250000e-01 1.003103e-01 9.749922e-02 1.206560e-01 1.000000e-01 1.597510e+00 -0.991910 0.012746 0.040838 0.706514 0.210173 0.021638 0.991910 -0.005805 -0.028742 -0.929328 0.000000 
1.250000e-01 1.003103e-01 9.749922e-02 1.206560e-01 1.000000e-01 1.597510e+00 -0.991910 0.012746 0.040838 0.706514 0.210173 0.021638 0.991910 -0.005805 -0.028742 -0.929328 0.000000 
1.250000e-01 1.003103e-01 9.749922e-02 1.206560e-01 1.000000e-01 1.597510e+00 -0.991910 0.012746 0.040838 0.706514 0.210173 0.021638 0.991910 -0.005805 -0.028742 -0.929328 0.000000 
1.250000e-01 1.003103e-01 9.749922e-02 1.206560e-01 1.000000e-01 1.597510e+00 -0.991910 0.012746 0.040838 0.706514 0.210173 0.021638 0.991910 -0.005805 -0.028742 -0.929328 0.000000 
1.250000e-01 1.003103e-01 9.749922e-02 1.206560e-01 1.000000e-01 1.597510e+00 -0.991910 0.012746 0.040838 0.706514 0.210173 0.021638 0.991910 -0.005805 -0.028742 -0.929328 0.000000 
1.250000e-01 1.003103e-01 9.749922e-02 1.206560e-01 1.000000e-01 1.597510e+00 -0.991910 0.012746 0.040838 0.706514 0.210173 0.021638 0.991910 -0.005805 -0.028742 -0.929328 0.000000 
1.250000e-01 1.003103e-01 9.749922e-02 1.206560e-01 1.000000e-01 1.597510e+00 -0.991910 0.012746 0.040838 0.706514 0.210173 0.021638 0.991910 -0.005805 -0.028742 -0.929328 0.000000 
1.250000e-01 1.003103e-01 9.749922e-02 1.206560e-01 1.000000e-01 1.597510e+00 -0.991910 0.012746 0.040838 0.706514 0.210173 0.021638 0.991910 -0.005805 -0.028742 -0.929328 0.000000 
1.250000e-01 1.003103e-01 9.749922e-02 1.206560e-01 1.000000e-01 1.597510e+00 -0.991910 0.012746 0.040838 0.706514 0.210173 0.021638 0.991910 -0.005805 -0.028742 -0.929328 0.000000 
1.250000e-01 1.003103e-01 9.749922e-02 1.206560e-01 1.000000e-01 1.597510e+00 -0.991910 0.012746 0.040838 0.706514 0.210173 0.021638 0.991910 -0.005805 -0.028742 -0.929328 0.000000 
1.250000e-01 1.003103e-01 9.749922e-02 1.206560e-01 1.000000e-01 1.597510e+00 -0.991910 0.012746 0.040838 0.706514 0.210173 0.021638 0.991910 -0.005805 -0.028742 -0.929328 0.000000 
1.250000e-01 1.003103e-01 9.749922e-02 1.206560e-01 1.000000e-01 1.597510e+00 -0.991910 0.012746 0.040838 0.706514 0.210173 0.021638 0.991910 -0.005805 -0.028742 -0.929328 0.000000 
1.250000e-01 1.003103e-01 9.749922e-02 1.206560e-01 1.000000e-01 1.597510e+00 -0.991910 0.012746 0.040838 0.706514 0.210173 0.021638 0.991910 -0.005805 -0.028742 -0.929328 0.000000 
1.250000e-01 1.003103e-01 9.749922e-02 1.206560e-01 1.000000e-01 1.597510e+00 -0.991910 0.012746 0.040838 0.706514 0.210173 0.021638 0.991910 -0.005805 -0.028742 -0.929328 0.000000 
1.250000e-01 1.003103e-01 9.749922e-02 1.206560e-01 1.000000e-01 1.597510e+00 -0.991910 0.012746 0.040838 0.706514 0.210173 0.021638 0.991910 -0.005805 -0.028742 -0.929328 0.000000 
1.250000e-01 1.003103e-01 9.749922e-02 1.206560e-01 1.000000e-01 1.597510e+00 -0.991910 0.012746 0.040838 0.706514 0.210173 0.021638 0.991910 -0.005805 -0.028742 -0.929328 0.000000 
1.250000e-01 1.003103e-01 9.749922e-02 1.206560e-01 1.000000e-01 1.597510e+00 -0.991910 0.012746 0.040838 0.706514 0.210173 0.021638 0.991910 -0.005805 -0.028742 -0.929328 0.000000 
1.250000e-01 1.003103e-01 9.749922e-02 1.206560e-01 1.000000e-01 1.597510e+00 -0.991910 0.012746 0.040838 0.706514 0.210173 0.021638 0.991910 -0.005805 -0.028742 -0.929328 0.000000 
1.250000e-01 1.003103e-01 9.749922e-02 1.206560e-01 1.000000e-01 1.597510e+00 -0.991910 0.012746 0.040838 0.706514 0.210173 0.021638 0.991910 -0.005805 -0.028742 -0.929328 0.000000 
1.250000e-01 1.003103e-01 9.749922e-02 1.206560e-01 1.000000e-01 1.597510e+00 -0.991910 0.012746 0.040838 0.706514 0.210173 0.021638 0.991910 -0.005805 -0.028742 -0.929328 0.000000 
1.250000e-01 1.003103e-01 9.749922e-02 1.206560e-01 1.000000e-01 1.597510e+00 -0.991910 0.012746 0.040838 0.706514 0.210173 0.021638 0.991910 -0.005805 -0.028742 -0.929328 0.000000 
1.250000e-01 1.003103e-01 9.749922e-02 1.206560e-01 1.000000e-01 1.597510e+00 -0.991910 0.012746 0.040838 0.706514 0.210173 0.021638 0.991910 -0.005805 -0.028742 -0.929328 0.000000 
1.250000e-01 1.003103e-01 9.749922e-02 1.206560e-01 1.000000e-01 1.597510e+00 -0.991910 0.012746 0.040838 0.706514 0.210173 0.021638 0.991910 -0.005805 -0.028742 -0.929328 0.000000 
1.250000e-01 1.003103e-01 9.749922e-02 1.206560e-01 1.000000e-01 1.597510e+00 -0.991910 0.012746 0.040838 0.706514 0.210173 0.021638 0.991910 -0.005805 -0.028742 -0.929328 0.000000 
1.250000e-01 1.003103e-01 9.749922e-02 1.206560e-01 1.000000e-01 1.597510e+00 -0.991910 0.012746 0.040838 0.706514 0.210173 0.021638 0.991910 -0.005805 -0.028742 -0.929328 0.000000 
1.250000e-01 1.003103e-01 9.749922e-02 1.206560e-01 1.000000e-01 1.597510e+00 -0.991910 0.012746 0.040838 0.706514 0.210173 0.021638 0.991910 -0.005805 -0.028742 -0.929328 0.000000 
1.250000e-01 1.003103e-01 9.749922e-02 1.206560e-01 1.000000e-01 1.597510e+00 -0.991910 0.012746 0.040838 0.706514 0.210173 0.021638 0.991910 -0.005805 -0.028742 -0.929328 0.000000 
1.250000e-01 1.003103e-01 9.749922e-02 1.206560e-01 1.000000e-01 1.597510e+00 -0.991910 0.012746 0.040838 0.706514 0.210173 0.021638 0.991910 -0.005805 -0.028742 -0.929328 0.000000 
1.250000e-01 1.003103e-01 9.749922e-02 1.206560e-01 1.000000e-01 1.597510e+00 -0.991910 0.012746 0.040838 0.706514 0.210173 0.021638 0.991910 -0.005805 -0.028742 -0.929328 0.000000 
1.250000e-01 1.003103e-01 9.749922e-02 1.206560e-01 1.000000e-01 1.597510e+00 -0.991910 0.012746 0.040838 0.706514 0.210173 0.021638 0.991910 -0.005805 -0.028742 -0.929328 0.000000 
1.250000e-01 1.003103e-01 9.749922e-02 1.206560e-01 1.000000e-01 1.597510e+00 -0.991910 0.012746 0.040838 0.706514 0.210173 0.021638 0.991910 -0.005805 -0.028742 -0.929328 0.000000 
1.250000e-01 1.003103e-01 9.749922e-02 1.206560e-01 1.000000e-01 1.597510e+00 -0.991910 0.012746 0.040838 0.706514 0.210173 0.021638 0.991910 -0.005805 -0.028742 -0.929328 0.000000 
1.250000e-01 1.003103e-01 9.749922e-02 1.206560e-01 1.000000e-01 1.597510e+00 -0.991910 0.012746 0.040838 0.706514 0.210173 0.021638 0.991910 -0.005805 -0.028742 -0.929328 0.000000 
1.250000e-01 1.003103e-01 9.749922e-02 1.206560e-01 1.000000e-01 1.597510e+00 -0.991910 0.012746 0.040838 0.706514 0.210173 0.021638 0.991910 -0.005805 -0.028742 -0.929328 0.000000 
1.250000e-01 1.003103e-01 9.749922e-02 1.206560e-01 1.000000e-01 1.597510e+00 -0.991910 0.012746 0.040838 0.706514 0.210173 0.021638 0.991910 -0.005805 -0.028742 -0.929328 0.000000 
1.250000e-01 1.003103e-01 9.749922e-02 1.206560e-01 1.000000e-01 1.597510e+00 -0.991910 0.012746 0.040838 0.706514 0.210173 0.021638 0.991910 -0.005805 -0.028742 -0.929328 0.000000 
1.250000e-01 1.003103e-01 9.749922e-02 1.206560e-01 1.000000e-01 1.597510e+00 -0.991910 0.012746 0.040838 0.706514 0.210173 0.021638 0.991910 -0.005805 -0.028742 -0.929328 0.000000 
1.250000e-01 1.003103e-01 9.749922e-02 1.206560e-01 1.000000e-01 1.597510e+00 -0.991910 0.012746 0.040838 0.706514 0.210173 0.021638 0.991910 -0.005805 -0.028742 -0.929328 0.000000 
1.250000e-01 1.003103e-01 9.749922e-02 1.206560e-01 1.000000e-01 1.597510e+00 -0.991910 0.012746 0.040838 0.706514 0.210173 0.021638 0.991910 -0.005805 -0.028742 -0.929328 0.000000 
1.250000e-01 1.003103e-01 9.749922e-02 1.206560e-01 1.000000e-01 1.597510e+00 -0.991910 0.012746 0.040838 0.706514 0.210173 0.021638 0.991910 -0.005805 -0.028742 -0.929328 0.000000 
1.250000e-01 1.003103e-01 9.749922e-02 1.206560e-01 1.000000e-01 1.597510e+00 -0.991910 0.012746 0.040838 0.706514 0.210173 0.021638 0.991910 -0.005805 -0.028742 -0.929328 0.000000 
1.250000e-01 1.003103e-01 9.749922e-02 1.206560e-01 1.000000e-01 1.597510e+00 -0.991910 0.012746 0.040838 0.706514 0.210173 0.021638 0.991910 -0.005805 -0.028742 -0.929328 0.000000 
1.250000e-01 1.003103e-01 9.749922e-02 1.206560e-01 1.000000e-01 1.597510e+00 -0.991910 0.012746 0.040838 0.706514 0.210173 0.021638 0.991910 -0.005805 -0.028742 -0.929328 0.000000 
1.250000e-01 1.003103e-01 9.749922e-02 1.206560e-01 1.000000e-01 1.597510e+00 -0.991910 0.012746 0.040838 0.706514 0.210173 0.021638 0.991910 -0.005805 -0.028742 -0.929328 0.000000 
1.250000e-01 1.003103e-01 9.749922e-02 1.206560e-01 1.000000e-01 1.597510e+00 -0.991910 0.012746 0.040838 0.706514 0.210173 0.021638 0.991910 -0.005805 -0.028742 -0.929328 0.000000 
1.250000e-01 1.003103e-01 9.749922e-02 1.206560e-01 1.000000e-01 1.597510e+00 -0.991910 0.012746 0.040838 0.706514 0.210173 0.021638 0.991910 -0.005805 -0.028742 -0.929328 0.000000 
1.250000e-01 1.003103e-01 9.749922e-02 1.206560e-01 1.000000e-01 1.597510e+00 -0.991910 0.012746 0.040838 0.706514 0.210173 0.021638 0.991910 -0.005805 -0.028742 -0.929328 0.000000 
1.250000e-01 1.003103e-01 9.749922e-02 1.206560e-01 1.000000e-01 1.597510e+00 -0.991910 0.012746 0.040838 0.706514 0.210173 0.021638 0.991910 -0.005805 -0.028742 -0.929328 0.000000 
1.250000e-01 1.003103e-01 9.749922e-02 1.206560e-01 1.000000e-01 1.597510e+00 -0.991910 0.012746 0.040838 0.706514 0.210173 0.021638 0.991910 -0.005805 -0.028742 -0.929328 0.000000 
1.250000e-01 1.003103e-01 9.749922e-02 1.206560e-01 1.000000e-01 1.597510e+00 -0.991910 0.012746 0.040838 0.706514 0.210173 0.021638 0.991910 -0.005805 -0.028742 -0.929328 0.000000 
1.250000e-01 1.003103e-01 9.749922e-02 1.206560e-01 1.000000e-01 1.597510e+00 -0.991910 0.012746 0.040838 0.706514 0.210173 0.021638 0.991910 -0.005805 -0.028742 -0.929328 0.000000 
1.250000e-01 1.003103e-01 9.749922e-02 1.206560e-01 1.000000e-01 1.597510e+00 -0.991910 0.012746 0.040838 0.706514 0.210173 0.021638 0.991910 -0.005805 -0.028742 -0.929328 0.000000 
1.250000e-01 1.003103e-01 9.749922e-02 1.206560e-01 1.000000e-01 1.597510e+00 -0.991910 0.012746 0.040838 0.706514 0.210173 0.021638 0.991910 -0.005805 -0.028742 -0.929328 0.000000 
1.250000e-01 1.003103e-01 9.749922e-02 1.206560e-01 1.000000e-01 1.597510e+00 -0.991910 0.012746 0.040838 0.706514 0.210173 0.021638 0.991910 -0.005805 -0.028742 -0.929328 0.000000 
1.250000e-01 1.003103e-01 9.749922e-02 1.206560e-01 1.000000e-01 1.597510e+00 -0.991910 0.012746 0.040838 0.706514 0.210173 0.021638 0.991910 -0.005805 -0.028742 -0.929328 0.000000 
1.250000e-01 1.003103e-01 9.749922e-02 1.206560e-01 1.000000e-01 1.597510e+00 -0.991910 0.012746 0.040838 0.706514 0.210173 0.021638 0.991910 -0.005805 -0.028742 -0.929328 0.000000 
1.250000e-01 1.003103e-01 9.749922e-02 1.206560e-01 1.000000e-01 1.597510e+00 -0.991910 0.012746 0.040838 0.706514 0.210173 0.021638 0.991910 -0.005805 -0.028742 -0.929328 0.000000 
1.250000e-01 1.003103e-01 9.749922e-02 1.206560e-01 1.000000e-01 1.597510e+00 -0.991910 0.012746 0.040838 0.706514 0.210173 0.021638 0.991910 -0.005805 -0.028742 -0.929328 0.000000 
1.250000e-01 1.003103e-01 9.749922e-02 1.206560e-01 1.000000e-01 1.597510e+00 -0.991910 0.012746 0.040838 0.706514 0.210173 0.021638 0.991910 -0.005805 -0.028742 -0.929328 0.000000 
1.250000e-01 1.003103e-01 9.749922e-02 1.206560e-01 1.000000e-01 1.597510e+00 -0.991910 0.012746 0.040838 0.706514 0.210173 0.021638 0.991910 -0.005805 -0.028742 -0.929328 0.000000 
1.250000e-01 1.003103e-01 9.749922e-02 1.206560e-01 1.000000e-01 1.597510e+00 -0.991910 0.012746 0.040838 0.706514 0.210173 0.021638 0.991910 -0.005805 -0.028742 -0.929328 0.000000 
1.250000e-01 1.003103e-01 9.749922e-02 1.206560e-01 1.000000e-01 1.597510e+00 -0.991910 0.012746 0.040838 0.706514 0.210173 0.021638 0.991910 -0.005805 -0.028742 -0.929328 0.000000 
1.250000e-01 1.003103e-01 9.749922e-02 1.206560e-01 1.000000e-01 1.597510e+00 -0.991910 0.012746 0.040838 0.706514 0.210173 0.021638 0.991910 -0.005805 -0.028742 -0.929328 0.000000 
1.250000e-01 1.003103e-01 9.749922e-02 1.206560e-01 1.000000e-01 1.597510e+00 -0.991910 0.012746 0.040838 0.706514 0.210173 0.021638 0.991910 -0.005805 -0.028742 -0.929328 0.000000 
1.250000e-01 1.003103e-01 9.749922e-02 1.206560e-01 1.000000e-01 1.597510e+00 -0.991910 0.012746 0.040838 0.706514 0.210173 0.021638 0.991910 -0.005805 -0.028742 -0.929328 0.000000 
1.250000e-01 1.003103e-01 9.749922e-02 1.206560e-01 1.000000e-01 1.597510e+00 -0.991910 0.012746 0.040838 0.706514 0.210173 0.021638 0.991910 -0.005805 -0.028742 -0.929328 0.000000 
1.250000e-01 1.003103e-01 9.749922e-02 1.206560e-01 1.000000e-01 1.597510e+00 -0.991910 0.012746 0.040838 0.706514 0.210173 0.021638 0.991910 -0.005805 -0.028742 -0.929328 0.000000 
1.250000e-01 1.003103e-01 9.749922e-02 1.206560e-01 1.000000e-01 1.597510e+00 -0.991910 0.012746 0.040838 0.706514 0.210173 0.021638 0.991910 -0.005805 -0.028742 -0.929328 0.000000 
1.250000e-01 1.003103e-01 9.749922e-02 1.206560e-01 1.000000e-01 1.597510e+00 -0.991910 0.012746 0.040838 0.706514 0.210173 0.021638 0.991910 -0.005805 -0.028742 -0.929328 0.000000 
1.250000e-01 1.003103e-01 9.749922e-02 1.206560e-01 1.000000e-01 1.597510e+00 -0.991910 0.012746 0.040838 0.706514 0.210173 0.021638 0.991910 -0.005805 -0.028742 -0.929328 0.000000 
1.250000e-01 1.003103e-01 9.749922e-02 1.206560e-01 1.000000e-01 1.597510e+00 -0.991910 0.012746 0.040838 0.706514 0.210173 0.021638 0.991910 -0.005805 -0.028742 -0.929328 0.000000 
1.250000e-01 1.003103e-01 9.749922e-02 1.206560e-01 1.000000e-01 1.597510e+00 -0.991910 0.012746 0.040838 0.706514 0.210173 0.021638 0.991910 -0.005805 -0.028742 -0.929328 0.000000 
1.250000e-01 1.003103e-01 9.749922e-02 1.206560e-01 1.000000e-01 1.597510e+00 -0.991910 0.012746 0.040838 0.706514 0.210173 0.021638 0.991910 -0.005805 -0.028742 -0.929328 0.000000 
1.250000e-01 1.003103e-01 9.749922e-02 1.206560e-01 1.000000e-01 1.597510e+00 -0.991910 0.012746 0.040838 0.706514 0.210173 0.021638 0.991910 -0.005805 -0.028742 -0.929328 0.000000 
1.250000e-01 1.003103e-01 9.749922e-02 1.206560e-01 1.000000e-01 1.597510e+00 -0.991910 0.012746 0.040838 0.706514 0.210173 0.021638 0.991910 -0.005805 -0.028742 -0.929328 0.000000 
1.250000e-01 1.003103e-01 9.749922e-02 1.206560e-01 1.000000e-01 1.597510e+00 -0.991910 0.012746 0.040838 0.706514 0.210173 0.021638 0.991910 -0.005805 -0.028742 -0.929328 0.000000 
1.250000e-01 1.003103e-01 9.749922e-02 1.206560e-01 1.000000e-01 1.597510e+00 -0.991910 0.012746 0.040838 0.706514 0.210173 0.021638 0.991910 -0.005805 -0.028742 -0.929328 0.000000 
1.250000e-01 1.003103e-01 9.749922e-02 1.206560e-01 1.000000e-01 1.597510e+00 -0.991910 0.012746 0.040838 0.706514 0.210173 0.021638 0.991910 -0.005805 -0.028742 -0.929328 0.000000 
1.250000e-01 1.003103e-01 9.749922e-02 1.206560e-01 1.000000e-01 1.597510e+00 -0.991910 0.012746 0.040838 0.706514 0.210173 0.021638 0.991910 -0.005805 -0.028742 -0.929328 0.000000 
1.250000e-01 1.003103e-01 9.749922e-02 1.206560e-01 1.000000e-01 1.597510e+00 -0.991910 0.012746 0.040838 0.706514 0.210173 0.021638 0.991910 -0.005805 -0.028742 -0.929328 0.000000 
1.250000e-01 1.003103e-01 9.749922e-02 1.206560e-01 1.000000e-01 1.597510e+00 -0.991910 0.012746 0.040838 0.706514 0.210173 0.021638 0.991910 -0.005805 -0.028742 -0.929328 0.000000 
1.250000e-01 1.003103e-01 9.749922e-02 1.206560e-01 1.000000e-01 1.597510e+00 -0.991910 0.012746 0.040838 0.706514 0.210173 0.021638 0.991910 -0.005805 -0.028742 -0.929328 0.000000 
1.250000e-01 1.003103e-01 9.749922e-02 1.206560e-01 1.000000e-01 1.597510e+00 -0.991910 0.012746 0.040838 0.706514 0.210173 0.021638 0.991910 -0.005805 -0.028742 -0.929328 0.000000 
1.250000e-01 1.003103e-01 9.749922e-02 1.206560e-01 1.000000e-01 1.597510e+00 -0.991910 0.012746 0.040838 0.706514 0.210173 0.021638 0.991910 -0.005805 -0.028742 -0.929328 0.000000 
1.250000e-01 1.003103e-01 9.749922e-02 1.206560e-01 1.000000e-01 1.597510e+00 -0.991910 0.012746 0.040838 0.706514 0.210173 0.021638 0.991910 -0.005805 -0.028742 -0.929328 0.000000 
1.250000e-01 1.003103e-01 9.749922e-02 1.206560e-01 1.000000e-01 1.597510e+00 -0.991910 0.012746 0.040838 0.706514 0.210173 0.021638 0.991910 -0.005805 -0.028742 -0.929328 0.000000 
1.250000e-01 1.003103e-01 9.749922e-02 1.206560e-01 1.000000e-01 1.597510e+00 -0.991910 0.012746 0.040838 0.706514 0.210173 0.021638 0.991910 -0.005805 -0.028742 -0.929328 0.000000 
1.250000e-01 1.003103e-01 9.749922e-02 1.206560e-01 1.000000e-01 1.597510e+00 -0.991910 0.012746 0.040838 0.706514 0.210173 0.021638 0.991910 -0.005805 -0.028742 -0.929328 0.000000 
1.250000e-01 1.003103e-01 9.749922e-02 1.206560e-01 1.000000e-01 1.597510e+00 -0.991910 0.012746 0.040838 0.706514 0.210173 0.021638 0.991910 -0.005805 -0.028742 -0.929328 0.000000 
1.250000e-01 1.003103e-01 9.749922e-02 1.206560e-01 1.000000e-01 1.597510e+00 -0.991910 0.012746 0.040838 0.706514 0.210173 0.021638 0.991910 -0.005805 -0.028742 -0.929328 0.000000 
1.250000e-01 1.003103e-01 9.749922e-02 1.206560e-01 1.000000e-01 1.597510e+00 -0.991910 0.012746 0.040838 0.706514 0.210173 0.021638 0.991910 -0.005805 -0.028742 -0.929328 0.000000 
1.250000e-01 1.003103e-01 9.749922e-02 1.206560e-01 1.000000e-01 1.597510e+00 -0.991910 0.012746 0.040838 0.706514 0.210173 0.021638 0.991910 -0.005805 -0.028742 -0.929328 0.000000 
1.250000e-01 1.003103e-01 9.749922e-02 1.206560e-01 1.000000e-01 1.597510e+00 -0.991910 0.012746 0.040838 0.706514 0.210173 0.021638 0.991910 -0.005805 -0.028742 -0.929328 0.000000 
1.250000e-01 1.003103e-01 9.749922e-02 1.206560e-01 1.000000e-01 1.597510e+00 -0.991910 0.012746 0.040838 0.706514 0.210173 0.021638 0.991910 -0.005805 -0.028742 -0.929328 0.000000 
1.250000e-01 1.003103e-01 9.749922e-02 1.206560e-01 1.000000e-01 1.597510e+00 -0.991910 0.012746 0.040838 0.706514 0.210173 0.021638 0.991910 -0.005805 -0.028742 -0.929328 0.000000 
1.250000e-01 1.003103e-01 9.749922e-02 1.206560e-01 1.000000e-01 1.597510e+00 -0.991910 0.012746 0.040838 0.706514 0.210173 0.021638 0.991910 -0.005805 -0.028742 -0.929328 0.000000 
1.250000e-01 1.003103e-01 9.749922e-02 1.206560e-01 1.000000e-01 1.597510e+00 -0.991910 0.012746 0.040838 0.706514 0.210173 0.021638 0.991910 -0.005805 -0.028742 -0.929328 0.000000 
