# TeX TeY TeZ ThX ThY THZ P1 P2
8.500000e-02 1.000000e-01 5.850000e-01 8.500000e-02 1.000000e-01 5.850000e-01 0.000000 0.000000 0.000000 0.000000 0.000000 0.000000 0.000000 0.000000 0.000000 0.000000 0.000000 
8.500000e-02 9.999998e-02 5.726290e-01 8.499999e-02 1.000000e-01 5.937753e-01 -0.013971 0.001793 0.003587 0.003590 0.003610 0.001391 0.013971 -0.001793 -0.003587 -0.003590 0.000000 
8.500000e-02 9.999996e-02 5.602219e-01 8.499998e-02 1.000000e-01 6.025400e-01 -0.027959 0.003588 0.007178 0.007185 0.007224 0.002784 0.027959 -0.003588 -0.007178 -0.007185 0.000000 
8.500000e-02 9.999993e-02 5.477788e-01 8.499997e-02 1.000000e-01 6.112940e-01 -0.041963 0.005386 0.010773 0.010783 0.010842 0.004178 0.041963 -0.005386 -0.010773 -0.010783 0.000000 
8.500000e-02 9.999989e-02 5.353002e-01 8.499996e-02 1.000000e-01 6.200372e-01 -0.055984 0.007185 0.014373 0.014386 0.014465 0.005574 0.055984 -0.007185 -0.014373 -0.014387 0.000000 
8.500000e-02 9.999985e-02 5.227862e-01 8.499995e-02 1.000000e-01 6.287695e-01 -0.070021 0.008987 0.017977 0.017993 0.018092 0.006972 0.070021 -0.008986 -0.017977 -0.017994 0.000000 
8.500000e-02 9.999979e-02 5.102372e-01 8.499994e-02 1.000000e-01 6.374908e-01 -0.084074 0.010790 0.021585 0.021605 0.021723 0.008371 0.084074 -0.010790 -0.021585 -0.021605 0.000000 
8.500000e-02 9.999973e-02 4.976535e-01 8.499994e-02 1.000000e-01 6.462010e-01 -0.098142 0.012596 0.025197 0.025220 0.025358 0.009772 0.098142 -0.012595 -0.025196 -0.025221 0.000000 
8.500000e-02 9.999965e-02 4.850353e-01 8.499993e-02 1.000000e-01 6.549001e-01 -0.112226 0.014403 0.028812 0.028839 0.028997 0.011175 0.112226 -0.014403 -0.028812 -0.028840 0.000000 
8.500000e-02 9.999955e-02 4.723830e-01 8.499993e-02 1.000000e-01 6.635879e-01 -0.126325 0.016213 0.032432 0.032462 0.032640 0.012578 0.126325 -0.016212 -0.032432 -0.032464 0.000000 
8.500000e-02 9.999944e-02 4.596968e-01 8.499992e-02 1.000000e-01 6.722643e-01 -0.140439 0.018024 0.036056 0.036089 0.036287 0.013984 0.140439 -0.018023 -0.036055 -0.036092 0.000000 
8.500000e-02 9.999929e-02 4.469771e-01 8.499992e-02 1.000000e-01 6.809293e-01 -0.154567 0.019838 0.039683 0.039720 0.039937 0.015391 0.154567 -0.019835 -0.039683 -0.039724 0.000000 
8.500000e-02 9.999912e-02 4.342239e-01 8.499992e-02 1.000000e-01 6.895827e-01 -0.168710 0.021653 0.043314 0.043354 0.043591 0.016799 0.168710 -0.021649 -0.043314 -0.043361 0.000000 
8.500000e-02 9.999891e-02 4.214378e-01 8.499992e-02 1.000000e-01 6.982244e-01 -0.182867 0.023470 0.046948 0.046992 0.047249 0.018208 0.182867 -0.023464 -0.046949 -0.047003 0.000000 
8.500000e-02 9.999865e-02 4.086188e-01 8.499991e-02 1.000000e-01 7.068543e-01 -0.197038 0.025289 0.050586 0.050633 0.050911 0.019619 0.197038 -0.025280 -0.050587 -0.050651 0.000000 
8.500000e-02 9.999834e-02 3.957673e-01 8.499991e-02 1.000000e-01 7.154724e-01 -0.211222 0.027109 0.054228 0.054278 0.054576 0.021032 0.211222 -0.027096 -0.054229 -0.054304 0.000000 
8.500000e-02 9.999795e-02 3.828835e-01 8.499991e-02 1.000000e-01 7.240785e-01 -0.225420 0.028931 0.057873 0.057927 0.058244 0.022445 0.225420 -0.028911 -0.057875 -0.057966 0.000000 
8.500000e-02 9.999748e-02 3.699678e-01 8.499991e-02 1.000000e-01 7.326724e-01 -0.239631 0.030755 0.061522 0.061579 0.061916 0.023860 0.239631 -0.030725 -0.061524 -0.061639 0.000000 
8.500000e-02 9.999690e-02 3.570202e-01 8.499991e-02 1.000000e-01 7.412542e-01 -0.253855 0.032581 0.065174 0.065234 0.065591 0.025277 0.253855 -0.032534 -0.065177 -0.065325 0.000000 
8.500000e-02 9.999620e-02 3.440412e-01 8.499991e-02 1.000000e-01 7.498236e-01 -0.268092 0.034408 0.068829 0.068892 0.069270 0.026694 0.268092 -0.034338 -0.068834 -0.069031 0.000000 
8.500000e-02 9.999534e-02 3.310309e-01 8.499991e-02 1.000000e-01 7.583806e-01 -0.282341 0.036237 0.072487 0.072554 0.072951 0.028113 0.282341 -0.036130 -0.072495 -0.072765 0.000000 
8.500000e-02 9.999428e-02 3.179896e-01 8.499991e-02 1.000000e-01 7.669250e-01 -0.296602 0.038067 0.076148 0.076219 0.076636 0.029533 0.296602 -0.037905 -0.076161 -0.076540 0.000000 
8.500000e-02 9.999299e-02 3.049176e-01 8.499991e-02 1.000000e-01 7.754568e-01 -0.310875 0.039899 0.079813 0.079886 0.080324 0.030954 0.310876 -0.039654 -0.079832 -0.080375 0.000000 
8.500000e-02 9.999140e-02 2.918150e-01 8.499991e-02 1.000000e-01 7.839758e-01 -0.325160 0.041732 0.083480 0.083557 0.084015 0.032377 0.325161 -0.041358 -0.083510 -0.084304 0.000000 
8.500000e-02 9.998946e-02 2.786821e-01 8.499991e-02 1.000000e-01 7.924819e-01 -0.339457 0.043567 0.087151 0.087231 0.087709 0.033800 0.339457 -0.042997 -0.087195 -0.088371 0.000000 
8.500000e-02 9.998709e-02 2.655191e-01 8.499991e-02 1.000000e-01 8.009749e-01 -0.353765 0.045403 0.090824 0.090908 0.091406 0.035225 0.353765 -0.044535 -0.090890 -0.092647 0.000000 
8.500000e-02 9.998420e-02 2.523262e-01 8.499991e-02 1.000000e-01 8.094549e-01 -0.368084 0.047241 0.094500 0.094588 0.095106 0.036651 0.368084 -0.045914 -0.094597 -0.097255 0.000000 
8.500000e-02 9.998067e-02 2.391037e-01 8.499991e-02 1.000000e-01 8.179215e-01 -0.382414 0.049080 0.098179 0.098270 0.098808 0.038077 0.382414 -0.047058 -0.098318 -0.102356 0.000000 
8.500000e-02 9.997640e-02 2.258517e-01 8.499991e-02 1.000000e-01 8.263748e-01 -0.396755 0.050921 0.101861 0.101955 0.102514 0.039505 0.396756 -0.047836 -0.102051 -0.108234 0.000000 
8.500000e-02 9.997125e-02 2.125704e-01 8.499991e-02 1.000000e-01 8.348145e-01 -0.411107 0.052763 0.105546 0.105643 0.106222 0.040934 0.411108 -0.048054 -0.105783 -0.115337 0.000000 
8.500000e-02 9.996511e-02 1.992599e-01 8.499991e-02 1.000000e-01 8.432406e-01 -0.425470 0.054607 0.109233 0.109334 0.109933 0.042365 0.425470 -0.047453 -0.109472 -0.124311 0.000000 
8.500000e-02 9.995793e-02 1.859203e-01 8.499991e-02 1.000000e-01 8.516529e-01 -0.439844 0.056451 0.112924 0.113028 0.113647 0.043796 0.439844 -0.045606 -0.112992 -0.136339 0.000000 
8.500000e-02 9.994977e-02 1.725515e-01 8.499991e-02 1.000000e-01 8.600513e-01 -0.454230 0.058298 0.116617 0.116725 0.117364 0.045228 0.454230 -0.041933 -0.116010 -0.153354 0.000000 
8.500000e-02 9.994114e-02 1.591533e-01 8.499991e-02 1.000000e-01 8.684356e-01 -0.468628 0.060146 0.120314 0.120425 0.121084 0.046662 0.468629 -0.035729 -0.117725 -0.178494 0.000000 
8.500000e-02 9.993404e-02 1.457236e-01 8.499991e-02 1.000000e-01 8.768058e-01 -0.483047 0.061996 0.124016 0.124130 0.124809 0.048097 0.483047 -0.026022 -0.116065 -0.217963 0.000000 
8.500000e-02 9.993727e-02 1.322526e-01 8.499991e-02 1.000000e-01 8.851616e-01 -0.497516 0.063853 0.127731 0.127848 0.128548 0.049538 0.497517 -0.011788 -0.105709 -0.284173 0.000000 
8.500000e-02 9.998746e-02 1.186920e-01 8.499991e-02 1.000000e-01 8.935030e-01 -0.512190 0.065737 0.131498 0.131619 0.132339 0.050999 0.512191 0.007855 -0.073983 -0.401994 0.000000 
8.500000e-02 1.001830e-01 1.048522e-01 8.499991e-02 1.000000e-01 9.018298e-01 -0.527718 0.067730 0.135485 0.135609 0.136351 0.052545 0.527719 0.034679 0.009163 -0.626223 0.000000 
8.500000e-02 1.003090e-01 9.749791e-02 8.499991e-02 1.000000e-01 9.101418e-01 -0.539251 0.069210 0.138446 0.138573 0.139331 0.053694 0.539252 0.052294 0.087485 -0.813043 0.000000 
8.500000e-02 1.003090e-01 9.749791e-02 8.499991e-02 1.000000e-01 9.184389e-01 -0.544733 0.069914 0.139853 0.139981 0.140747 0.054239 0.544733 0.051591 0.086078 -0.814452 0.000000 
8.500000e-02 1.003090e-01 9.749791e-02 8.499991e-02 1.000000e-01 9.267209e-01 -0.550205 0.070616 0.141258 0.141388 0.142161 0.054784 0.550205 0.050889 0.084673 -0.815858 0.000000 
8.500000e-02 1.003090e-01 9.749791e-02 8.499991e-02 1.000000e-01 9.349878e-01 -0.555666 0.071317 0.142661 0.142791 0.143572 0.055328 0.555667 0.050188 0.083271 -0.817262 0.000000 
8.500000e-02 1.003090e-01 9.749791e-02 8.499991e-02 1.000000e-01 9.432393e-01 -0.561118 0.072017 0.144060 0.144192 0.144980 0.055870 0.561119 0.049488 0.081871 -0.818663 0.000000 
8.500000e-02 1.003090e-01 9.749791e-02 8.499991e-02 1.000000e-01 9.514753e-01 -0.566559 0.072716 0.145458 0.145590 0.146386 0.056412 0.566560 0.048790 0.080474 -0.820061 0.000000 
8.500000e-02 1.003090e-01 9.749791e-02 8.499991e-02 1.000000e-01 9.596957e-01 -0.571990 0.073413 0.146852 0.146986 0.147788 0.056953 0.571991 0.048093 0.079080 -0.821456 0.000000 
8.500000e-02 1.003090e-01 9.749791e-02 8.499991e-02 1.000000e-01 9.679002e-01 -0.577411 0.074109 0.148244 0.148379 0.149189 0.057492 0.577412 0.047397 0.077688 -0.822849 0.000000 
8.500000e-02 1.003090e-01 9.749791e-02 8.499991e-02 1.000000e-01 9.760887e-01 -0.582821 0.074804 0.149634 0.149769 0.150586 0.058031 0.582822 0.046702 0.076299 -0.824240 0.000000 
8.500000e-02 1.003090e-01 9.749791e-02 8.499991e-02 1.000000e-01 9.842611e-01 -0.588220 0.075497 0.151020 0.151156 0.151981 0.058568 0.588221 0.046010 0.074913 -0.825627 0.000000 
8.500000e-02 1.003090e-01 9.749791e-02 8.499991e-02 1.000000e-01 9.924172e-01 -0.593609 0.076189 0.152404 0.152541 0.153372 0.059104 0.593609 0.045318 0.073530 -0.827012 0.000000 
8.500000e-02 1.003090e-01 9.749791e-02 8.499991e-02 1.000000e-01 1.000557e+00 -0.598986 0.076879 0.153786 0.153923 0.154761 0.059639 0.598987 0.044628 0.072149 -0.828394 0.000000 
8.500000e-02 1.003090e-01 9.749791e-02 8.499991e-02 1.000000e-01 1.008680e+00 -0.604353 0.077569 0.155164 0.155302 0.156147 0.060173 0.604354 0.043939 0.070771 -0.829773 0.000000 
8.500000e-02 1.003090e-01 9.749791e-02 8.499991e-02 1.000000e-01 1.016786e+00 -0.609709 0.078257 0.156540 0.156678 0.157530 0.060706 0.609709 0.043252 0.069396 -0.831149 0.000000 
8.500000e-02 1.003090e-01 9.749791e-02 8.499990e-02 1.000000e-01 1.024875e+00 -0.615053 0.078943 0.157913 0.158051 0.158910 0.061238 0.615054 0.042566 0.068024 -0.832522 0.000000 
8.500000e-02 1.003090e-01 9.749791e-02 8.499990e-02 1.000000e-01 1.032947e+00 -0.620386 0.079628 0.159283 0.159422 0.160286 0.061768 0.620386 0.041881 0.066655 -0.833893 0.000000 
8.500000e-02 1.003090e-01 9.749791e-02 8.499990e-02 1.000000e-01 1.041001e+00 -0.625707 0.080312 0.160650 0.160789 0.161660 0.062297 0.625708 0.041198 0.065289 -0.835260 0.000000 
8.500000e-02 1.003090e-01 9.749791e-02 8.499990e-02 1.000000e-01 1.049038e+00 -0.631017 0.080995 0.162015 0.162153 0.163031 0.062825 0.631018 0.040517 0.063926 -0.836625 0.000000 
8.500000e-02 1.003090e-01 9.749791e-02 8.499990e-02 1.000000e-01 1.057058e+00 -0.636315 0.081676 0.163377 0.163515 0.164398 0.063352 0.636316 0.039837 0.062566 -0.837986 0.000000 
8.500000e-02 1.003090e-01 9.749791e-02 8.499990e-02 1.000000e-01 1.065059e+00 -0.641602 0.082355 0.164736 0.164873 0.165762 0.063877 0.641602 0.039158 0.061208 -0.839345 0.000000 
8.500000e-02 1.003090e-01 9.749791e-02 8.499990e-02 1.000000e-01 1.073042e+00 -0.646876 0.083034 0.166092 0.166228 0.167123 0.064401 0.646877 0.038481 0.059854 -0.840700 0.000000 
8.500000e-02 1.003090e-01 9.749791e-02 8.499990e-02 1.000000e-01 1.081007e+00 -0.652138 0.083711 0.167445 0.167581 0.168480 0.064924 0.652139 0.037806 0.058503 -0.842052 0.000000 
8.500000e-02 1.003090e-01 9.749791e-02 8.499989e-02 1.000000e-01 1.088953e+00 -0.657388 0.084386 0.168795 0.168929 0.169834 0.065445 0.657389 0.037132 0.057155 -0.843401 0.000000 
8.500000e-02 1.003090e-01 9.749791e-02 8.499989e-02 1.000000e-01 1.096881e+00 -0.662626 0.085061 0.170143 0.170275 0.171184 0.065965 0.662626 0.036460 0.055811 -0.844747 0.000000 
8.500000e-02 1.003090e-01 9.749791e-02 8.499989e-02 1.000000e-01 1.104790e+00 -0.667851 0.085733 0.171487 0.171618 0.172530 0.066484 0.667852 0.035789 0.054469 -0.846090 0.000000 
8.500000e-02 1.003090e-01 9.749791e-02 8.499989e-02 1.000000e-01 1.112679e+00 -0.673063 0.086405 0.172829 0.172957 0.173873 0.067001 0.673064 0.035120 0.053131 -0.847429 0.000000 
8.500000e-02 1.003090e-01 9.749791e-02 8.499988e-02 1.000000e-01 1.120550e+00 -0.678263 0.087075 0.174168 0.174293 0.175212 0.067516 0.678264 0.034453 0.051796 -0.848766 0.000000 
8.500000e-02 1.003090e-01 9.749791e-02 8.499988e-02 1.000000e-01 1.128400e+00 -0.683450 0.087744 0.175505 0.175626 0.176547 0.068030 0.683450 0.033787 0.050465 -0.850098 0.000000 
8.500000e-02 1.003090e-01 9.749791e-02 8.499987e-02 1.000000e-01 1.136231e+00 -0.688624 0.088412 0.176838 0.176955 0.177878 0.068542 0.688624 0.033123 0.049136 -0.851428 0.000000 
8.500000e-02 1.003090e-01 9.749791e-02 8.499987e-02 1.000000e-01 1.144042e+00 -0.693784 0.089079 0.178169 0.178280 0.179205 0.069052 0.693785 0.032461 0.047811 -0.852754 0.000000 
8.500000e-02 1.003090e-01 9.749791e-02 8.499986e-02 1.000000e-01 1.151833e+00 -0.698931 0.089744 0.179497 0.179603 0.180527 0.069561 0.698932 0.031801 0.046490 -0.854077 0.000000 
8.500000e-02 1.003090e-01 9.749791e-02 8.499985e-02 1.000000e-01 1.159603e+00 -0.704065 0.090409 0.180823 0.180922 0.181846 0.070068 0.704065 0.031142 0.045172 -0.855396 0.000000 
8.500000e-02 1.003090e-01 9.749791e-02 8.499985e-02 1.000000e-01 1.167352e+00 -0.709185 0.091072 0.182146 0.182237 0.183159 0.070573 0.709185 0.030485 0.043858 -0.856712 0.000000 
8.500000e-02 1.003090e-01 9.749791e-02 8.499984e-02 1.000000e-01 1.175081e+00 -0.714291 0.091734 0.183467 0.183548 0.184468 0.071076 0.714291 0.029829 0.042547 -0.858024 0.000000 
8.500000e-02 1.003090e-01 9.749791e-02 8.499983e-02 1.000000e-01 1.182788e+00 -0.719383 0.092396 0.184785 0.184856 0.185771 0.071576 0.719383 0.029176 0.041239 -0.859332 0.000000 
8.500000e-02 1.003090e-01 9.749791e-02 8.499982e-02 1.000000e-01 1.190474e+00 -0.724461 0.093056 0.186101 0.186161 0.187070 0.072075 0.724461 0.028524 0.039936 -0.860637 0.000000 
8.500000e-02 1.003090e-01 9.749791e-02 8.499980e-02 1.000000e-01 1.198139e+00 -0.729525 0.093716 0.187415 0.187461 0.188363 0.072571 0.729525 0.027874 0.038636 -0.861938 0.000000 
8.500000e-02 1.003090e-01 9.749791e-02 8.499979e-02 1.000000e-01 1.205781e+00 -0.734574 0.094376 0.188727 0.188758 0.189650 0.073065 0.734574 0.027226 0.037339 -0.863236 0.000000 
8.500000e-02 1.003090e-01 9.749791e-02 8.499977e-02 1.000000e-01 1.213401e+00 -0.739608 0.095035 0.190038 0.190051 0.190931 0.073556 0.739609 0.026580 0.036047 -0.864530 0.000000 
8.500000e-02 1.003090e-01 9.749791e-02 8.499975e-02 1.000000e-01 1.220999e+00 -0.744628 0.095693 0.191347 0.191340 0.192206 0.074044 0.744629 0.025936 0.034758 -0.865820 0.000000 
8.500000e-02 1.003090e-01 9.749791e-02 8.499973e-02 1.000000e-01 1.228574e+00 -0.749633 0.096352 0.192654 0.192625 0.193474 0.074529 0.749633 0.025293 0.033473 -0.867106 0.000000 
8.500000e-02 1.003090e-01 9.749791e-02 8.499970e-02 1.000000e-01 1.236127e+00 -0.754623 0.097010 0.193961 0.193907 0.194735 0.075011 0.754623 0.024653 0.032192 -0.868388 0.000000 
8.500000e-02 1.003090e-01 9.749791e-02 8.499967e-02 1.000000e-01 1.243656e+00 -0.759597 0.097669 0.195267 0.195184 0.195989 0.075490 0.759597 0.024015 0.030915 -0.869666 0.000000 
8.500000e-02 1.003090e-01 9.749791e-02 8.499964e-02 1.000000e-01 1.251161e+00 -0.764556 0.098328 0.196572 0.196457 0.197235 0.075965 0.764556 0.023378 0.029642 -0.870940 0.000000 
8.500000e-02 1.003090e-01 9.749791e-02 8.499960e-02 1.000000e-01 1.258643e+00 -0.769499 0.098988 0.197877 0.197727 0.198472 0.076436 0.769499 0.022744 0.028373 -0.872211 0.000000 
8.500000e-02 1.003090e-01 9.749791e-02 8.499955e-02 1.000000e-01 1.266101e+00 -0.774426 0.099649 0.199183 0.198992 0.199700 0.076903 0.774426 0.022111 0.027108 -0.873477 0.000000 
8.500000e-02 1.003090e-01 9.749791e-02 8.499950e-02 1.000000e-01 1.273534e+00 -0.779337 0.100311 0.200490 0.200253 0.200918 0.077365 0.779337 0.021481 0.025847 -0.874739 0.000000 
8.500000e-02 1.003090e-01 9.749791e-02 8.499945e-02 1.000000e-01 1.280942e+00 -0.784232 0.100975 0.201799 0.201511 0.202126 0.077822 0.784232 0.020853 0.024590 -0.875997 0.000000 
8.500000e-02 1.003090e-01 9.749791e-02 8.499938e-02 1.000000e-01 1.288326e+00 -0.789110 0.101642 0.203109 0.202764 0.203323 0.078273 0.789110 0.020227 0.023338 -0.877250 0.000000 
8.500000e-02 1.003090e-01 9.749791e-02 8.499931e-02 1.000000e-01 1.295685e+00 -0.793972 0.102310 0.204422 0.204014 0.204508 0.078719 0.793972 0.019603 0.022090 -0.878500 0.000000 
8.500000e-02 1.003090e-01 9.749791e-02 8.499922e-02 1.000000e-01 1.303018e+00 -0.798816 0.102982 0.205739 0.205260 0.205679 0.079158 0.798817 0.018981 0.020846 -0.879744 0.000000 
8.500000e-02 1.003090e-01 9.749791e-02 8.499913e-02 1.000000e-01 1.310325e+00 -0.803644 0.103657 0.207061 0.206502 0.206836 0.079589 0.803644 0.018361 0.019607 -0.880985 0.000000 
8.500000e-02 1.003090e-01 9.749791e-02 8.499902e-02 1.000000e-01 1.317605e+00 -0.808454 0.104336 0.208388 0.207742 0.207977 0.080013 0.808455 0.017744 0.018372 -0.882221 0.000000 
8.500000e-02 1.003090e-01 9.749791e-02 8.499890e-02 1.000000e-01 1.324860e+00 -0.813247 0.105019 0.209721 0.208978 0.209102 0.080428 0.813247 0.017129 0.017141 -0.883453 0.000000 
8.500000e-02 1.003090e-01 9.749791e-02 8.499876e-02 1.000000e-01 1.332087e+00 -0.818022 0.105709 0.211063 0.210212 0.210208 0.080832 0.818023 0.016516 0.015915 -0.884680 0.000000 
8.500000e-02 1.003090e-01 9.749791e-02 8.499860e-02 1.000000e-01 1.339288e+00 -0.822779 0.106403 0.212413 0.211444 0.211294 0.081226 0.822780 0.015905 0.014694 -0.885902 0.000000 
8.500000e-02 1.003090e-01 9.749791e-02 8.499842e-02 1.000000e-01 1.346460e+00 -0.827518 0.107104 0.213775 0.212675 0.212358 0.081608 0.827519 0.015297 0.013477 -0.887120 0.000000 
8.500000e-02 1.003090e-01 9.749791e-02 8.499822e-02 1.000000e-01 1.353605e+00 -0.832239 0.107812 0.215149 0.213905 0.213398 0.081976 0.832239 0.014691 0.012265 -0.888333 0.000000 
8.500000e-02 1.003090e-01 9.749791e-02 8.499800e-02 1.000000e-01 1.360722e+00 -0.836941 0.108527 0.216537 0.215137 0.214412 0.082329 0.836941 0.014088 0.011058 -0.889541 0.000000 
8.500000e-02 1.003090e-01 9.749791e-02 8.499774e-02 1.000000e-01 1.367810e+00 -0.841624 0.109251 0.217943 0.216371 0.215396 0.082664 0.841624 0.013487 0.009856 -0.890745 0.000000 
8.500000e-02 1.003090e-01 9.749791e-02 8.499745e-02 1.000000e-01 1.374869e+00 -0.846288 0.109983 0.219366 0.217609 0.216350 0.082981 0.846288 0.012888 0.008658 -0.891943 0.000000 
8.500000e-02 1.003090e-01 9.749791e-02 8.499712e-02 1.000000e-01 1.381899e+00 -0.850933 0.110725 0.220814 0.218855 0.217265 0.083275 0.850933 0.012292 0.007466 -0.893137 0.000000 
8.500000e-02 1.003090e-01 9.749791e-02 8.499675e-02 1.000000e-01 1.388899e+00 -0.855558 0.111476 0.222284 0.220110 0.218144 0.083545 0.855558 0.011699 0.006278 -0.894326 0.000000 
8.500000e-02 1.003090e-01 9.749791e-02 8.499634e-02 1.000000e-01 1.395870e+00 -0.860163 0.112236 0.223783 0.221379 0.218979 0.083787 0.860163 0.011107 0.005096 -0.895509 0.000000 
8.500000e-02 1.003090e-01 9.749791e-02 8.499587e-02 1.000000e-01 1.402809e+00 -0.864748 0.113006 0.225315 0.222666 0.219765 0.083996 0.864749 0.010519 0.003919 -0.896687 0.000000 
8.500000e-02 1.003090e-01 9.749791e-02 8.499535e-02 1.000000e-01 1.409718e+00 -0.869313 0.113784 0.226880 0.223976 0.220501 0.084172 0.869313 0.009933 0.002747 -0.897860 0.000000 
8.500000e-02 1.003090e-01 9.749791e-02 8.499476e-02 1.000000e-01 1.416596e+00 -0.873857 0.114570 0.228492 0.225320 0.221173 0.084303 0.873858 0.009350 0.001580 -0.899028 0.000000 
8.500000e-02 1.003090e-01 9.749791e-02 8.499410e-02 1.000000e-01 1.423442e+00 -0.878381 0.115362 0.230148 0.226702 0.221781 0.084389 0.878381 0.008769 0.000419 -0.900190 0.000000 
8.500000e-02 1.003090e-01 9.749791e-02 8.499336e-02 1.000000e-01 1.430256e+00 -0.882883 0.116156 0.231854 0.228133 0.222318 0.084423 0.882883 0.008192 -0.000737 -0.901347 0.000000 
8.500000e-02 1.003090e-01 9.749791e-02 8.499253e-02 1.000000e-01 1.437038e+00 -0.887364 0.116950 0.233627 0.229635 0.222763 0.084390 0.887364 0.007616 -0.001887 -0.902499 0.000000 
8.500000e-02 1.003090e-01 9.749791e-02 8.499161e-02 1.000000e-01 1.443786e+00 -0.891823 0.117737 0.235464 0.231212 0.223121 0.084290 0.891823 0.007044 -0.003032 -0.903645 0.000000 
8.500000e-02 1.003090e-01 9.749791e-02 8.499059e-02 1.000000e-01 1.450502e+00 -0.896261 0.118510 0.237379 0.232890 0.223373 0.084109 0.896261 0.006475 -0.004171 -0.904785 0.000000 
8.500000e-02 1.003090e-01 9.749791e-02 8.498945e-02 1.000000e-01 1.457184e+00 -0.900676 0.119259 0.239390 0.234704 0.223495 0.083829 0.900676 0.005908 -0.005305 -0.905920 0.000000 
8.500000e-02 1.003090e-01 9.749791e-02 8.498819e-02 1.000000e-01 1.463831e+00 -0.905068 0.119973 0.241496 0.236665 0.223488 0.083447 0.905069 0.005344 -0.006433 -0.907048 0.000000 
8.500000e-02 1.003090e-01 9.749791e-02 8.498679e-02 1.000000e-01 1.470444e+00 -0.909438 0.120636 0.243718 0.238819 0.223323 0.082943 0.909438 0.004783 -0.007554 -0.908171 0.000000 
8.500000e-02 1.003090e-01 9.749791e-02 8.498526e-02 1.000000e-01 1.477022e+00 -0.913785 0.121221 0.246085 0.241233 0.222959 0.082287 0.913785 0.004225 -0.008670 -0.909288 0.000000 
8.500000e-02 1.003090e-01 9.749791e-02 8.498358e-02 1.000000e-01 1.483564e+00 -0.918109 0.121710 0.248599 0.243929 0.222392 0.081478 0.918109 0.003671 -0.009780 -0.910399 0.000000 
8.500000e-02 1.003090e-01 9.749791e-02 8.498175e-02 1.000000e-01 1.490071e+00 -0.922409 0.122075 0.251281 0.246971 0.221587 0.080495 0.922409 0.003119 -0.010884 -0.911504 0.000000 
8.500000e-02 1.003090e-01 9.749791e-02 8.497976e-02 1.000000e-01 1.496540e+00 -0.926685 0.122244 0.254196 0.250521 0.220450 0.079276 0.926685 0.002570 -0.011982 -0.912603 0.000000 
8.500000e-02 1.003090e-01 9.749791e-02 8.497761e-02 1.000000e-01 1.502973e+00 -0.930936 0.122195 0.257336 0.254604 0.218972 0.077830 0.930936 0.002024 -0.013074 -0.913696 0.000000 
8.500000e-02 1.003090e-01 9.749791e-02 8.497532e-02 1.000000e-01 1.509366e+00 -0.935162 0.121872 0.260733 0.259333 0.217094 0.076131 0.935162 0.001482 -0.014159 -0.914782 0.000000 
8.500000e-02 1.003090e-01 9.749791e-02 8.497291e-02 1.000000e-01 1.515719e+00 -0.939361 0.121168 0.264454 0.264938 0.214681 0.074121 0.939362 0.000943 -0.015237 -0.915861 0.000000 
8.500000e-02 1.003090e-01 9.749791e-02 8.497042e-02 1.000000e-01 1.522031e+00 -0.943535 0.119988 0.268536 0.271622 0.211622 0.071767 0.943535 0.000407 -0.016308 -0.916933 0.000000 
8.500000e-02 1.003090e-01 9.749791e-02 8.496796e-02 1.000000e-01 1.528303e+00 -0.947681 0.118264 0.272986 0.279533 0.207832 0.069066 0.947681 -0.000125 -0.017373 -0.917999 0.000000 
8.500000e-02 1.003090e-01 9.749791e-02 8.496574e-02 1.000000e-01 1.534533e+00 -0.951800 0.115885 0.277828 0.288939 0.203160 0.065989 0.951800 -0.000653 -0.018430 -0.919057 0.000000 
8.500000e-02 1.003090e-01 9.749791e-02 8.496415e-02 1.000000e-01 1.540721e+00 -0.955890 0.112630 0.283103 0.300404 0.197288 0.062466 0.955890 -0.001178 -0.019480 -0.920108 0.000000 
8.500000e-02 1.003090e-01 9.749791e-02 8.496409e-02 1.000000e-01 1.546866e+00 -0.959952 0.108366 0.288744 0.314365 0.189988 0.058489 0.959952 -0.001700 -0.020523 -0.921152 0.000000 
8.500000e-02 1.003090e-01 9.749791e-02 8.496736e-02 1.000000e-01 1.552966e+00 -0.963981 0.103004 0.294583 0.331256 0.181065 0.054074 0.963981 -0.002217 -0.021558 -0.922187 0.000000 
8.500000e-02 1.003090e-01 9.749791e-02 8.497767e-02 1.000000e-01 1.559020e+00 -0.967976 0.096411 0.300330 0.351789 0.170226 0.049221 0.967976 -0.002730 -0.022583 -0.923214 0.000000 
8.500000e-02 1.003090e-01 9.749791e-02 8.500307e-02 1.000000e-01 1.565024e+00 -0.971930 0.088475 0.305410 0.376924 0.157174 0.043946 0.971930 -0.003237 -0.023598 -0.924230 0.000000 
8.500000e-02 1.003090e-01 9.749791e-02 8.506079e-02 1.000000e-01 1.570972e+00 -0.975825 0.078975 0.308366 0.408924 0.141318 0.038242 0.975825 -0.003737 -0.024598 -0.925231 0.000000 
8.500000e-02 1.003090e-01 9.749791e-02 8.519037e-02 1.000000e-01 1.576851e+00 -0.979638 0.068179 0.306937 0.449292 0.122974 0.032257 0.979638 -0.004226 -0.025577 -0.926211 0.000000 
8.500000e-02 1.003090e-01 9.749791e-02 8.548303e-02 1.000000e-01 1.582635e+00 -0.983336 0.056289 0.296486 0.502013 0.102429 0.026118 0.983336 -0.004701 -0.026527 -0.927161 0.000000 
8.500000e-02 1.003090e-01 9.749791e-02 8.616519e-02 1.000000e-01 1.588264e+00 -0.986911 0.043457 0.267065 0.576360 0.080103 0.019925 0.986911 -0.005160 -0.027444 -0.928080 0.000000 
8.500000e-02 1.003090e-01 9.749791e-02 8.778328e-02 1.000000e-01 1.593628e+00 -0.990725 0.028398 0.193598 0.701624 0.053988 0.013117 0.990725 -0.005649 -0.028424 -0.929060 0.000000 
8.500000e-02 1.003090e-01 9.749791e-02 8.932251e-02 1.000000e-01 1.597506e+00 -0.994836 0.011729 0.080781 0.873552 0.023252 0.005522 0.994836 -0.006177 -0.029479 -0.930116 0.000000 
8.500000e-02 1.003090e-01 9.749791e-02 8.932251e-02 1.000000e-01 1.597506e+00 -0.994836 0.011729 0.080781 0.873552 0.023252 0.005522 0.994836 -0.006177 -0.029479 -0.930116 0.000000 
8.500000e-02 1.003090e-01 9.749791e-02 8.932251e-02 1.000000e-01 1.597506e+00 -0.994836 0.011729 0.080781 0.873552 0.023252 0.005522 0.994836 -0.006177 -0.029479 -0.930116 0.000000 
8.500000e-02 1.003090e-01 9.749791e-02 8.932251e-02 1.000000e-01 1.597506e+00 -0.994836 0.011729 0.080781 0.873552 0.023252 0.005522 0.994836 -0.006177 -0.029479 -0.930116 0.000000 
8.500000e-02 1.003090e-01 9.749791e-02 8.932251e-02 1.000000e-01 1.597506e+00 -0.994836 0.011729 0.080781 0.873552 0.023252 0.005522 0.994836 -0.006177 -0.029479 -0.930116 0.000000 
8.500000e-02 1.003090e-01 9.749791e-02 8.932251e-02 1.000000e-01 1.597506e+00 -0.994836 0.011729 0.080781 0.873552 0.023252 0.005522 0.994836 -0.006177 -0.029479 -0.930116 0.000000 
8.500000e-02 1.003090e-01 9.749791e-02 8.932251e-02 1.000000e-01 1.597506e+00 -0.994836 0.011729 0.080781 0.873552 0.023252 0.005522 0.994836 -0.006177 -0.029479 -0.930116 0.000000 
8.500000e-02 1.003090e-01 9.749791e-02 8.932251e-02 1.000000e-01 1.597506e+00 -0.994836 0.011729 0.080781 0.873552 0.023252 0.005522 0.994836 -0.006177 -0.029479 -0.930116 0.000000 
8.500000e-02 1.003090e-01 9.749791e-02 8.932251e-02 1.000000e-01 1.597506e+00 -0.994836 0.011729 0.080781 0.873552 0.023252 0.005522 0.994836 -0.006177 -0.029479 -0.930116 0.000000 
8.500000e-02 1.003090e-01 9.749791e-02 8.932251e-02 1.000000e-01 1.597506e+00 -0.994836 0.011729 0.080781 0.873552 0.023252 0.005522 0.994836 -0.006177 -0.029479 -0.930116 0.000000 
8.500000e-02 1.003090e-01 9.749791e-02 8.932251e-02 1.000000e-01 1.597506e+00 -0.994836 0.011729 0.080781 0.873552 0.023252 0.005522 0.994836 -0.006177 -0.029479 -0.930116 0.000000 
8.500000e-02 1.003090e-01 9.749791e-02 8.932251e-02 1.000000e-01 1.597506e+00 -0.994836 0.011729 0.080781 0.873552 0.023252 0.005522 0.994836 -0.006177 -0.029479 -0.930116 0.000000 
8.500000e-02 1.003090e-01 9.749791e-02 8.932251e-02 1.000000e-01 1.597506e+00 -0.994836 0.011729 0.080781 0.873552 0.023252 0.005522 0.994836 -0.006177 -0.029479 -0.930116 0.000000 
8.500000e-02 1.003090e-01 9.749791e-02 8.932251e-02 1.000000e-01 1.597506e+00 -0.994836 0.011729 0.080781 0.873552 0.023252 0.005522 0.994836 -0.006177 -0.029479 -0.930116 0.000000 
8.500000e-02 1.003090e-01 9.749791e-02 8.932251e-02 1.000000e-01 1.597506e+00 -0.994836 0.011729 0.080781 0.873552 0.023252 0.005522 0.994836 -0.006177 -0.029479 -0.930116 0.000000 
8.500000e-02 1.003090e-01 9.749791e-02 8.932251e-02 1.000000e-01 1.597506e+00 -0.994836 0.011729 0.080781 0.873552 0.023252 0.005522 0.994836 -0.006177 -0.029479 -0.930116 0.000000 
8.500000e-02 1.003090e-01 9.749791e-02 8.932251e-02 1.000000e-01 1.597506e+00 -0.994836 0.011729 0.080781 0.873552 0.023252 0.005522 0.994836 -0.006177 -0.029479 -0.930116 0.000000 
8.500000e-02 1.003090e-01 9.749791e-02 8.932251e-02 1.000000e-01 1.597506e+00 -0.994836 0.011729 0.080781 0.873552 0.023252 0.005522 0.994836 -0.006177 -0.029479 -0.930116 0.000000 
8.500000e-02 1.003090e-01 9.749791e-02 8.932251e-02 1.000000e-01 1.597506e+00 -0.994836 0.011729 0.080781 0.873552 0.023252 0.005522 0.994836 -0.006177 -0.029479 -0.930116 0.000000 
8.500000e-02 1.003090e-01 9.749791e-02 8.932251e-02 1.000000e-01 1.597506e+00 -0.994836 0.011729 0.080781 0.873552 0.023252 0.005522 0.994836 -0.006177 -0.029479 -0.930116 0.000000 
8.500000e-02 1.003090e-01 9.749791e-02 8.932251e-02 1.000000e-01 1.597506e+00 -0.994836 0.011729 0.080781 0.873552 0.023252 0.005522 0.994836 -0.006177 -0.029479 -0.930116 0.000000 
8.500000e-02 1.003090e-01 9.749791e-02 8.932251e-02 1.000000e-01 1.597506e+00 -0.994836 0.011729 0.080781 0.873552 0.023252 0.005522 0.994836 -0.006177 -0.029479 -0.930116 0.000000 
8.500000e-02 1.003090e-01 9.749791e-02 8.932251e-02 1.000000e-01 1.597506e+00 -0.994836 0.011729 0.080781 0.873552 0.023252 0.005522 0.994836 -0.006177 -0.029479 -0.930116 0.000000 
8.500000e-02 1.003090e-01 9.749791e-02 8.932251e-02 1.000000e-01 1.597506e+00 -0.994836 0.011729 0.080781 0.873552 0.023252 0.005522 0.994836 -0.006177 -0.029479 -0.930116 0.000000 
8.500000e-02 1.003090e-01 9.749791e-02 8.932251e-02 1.000000e-01 1.597506e+00 -0.994836 0.011729 0.080781 0.873552 0.023252 0.005522 0.994836 -0.006177 -0.029479 -0.930116 0.000000 
8.500000e-02 1.003090e-01 9.749791e-02 8.932251e-02 1.000000e-01 1.597506e+00 -0.994836 0.011729 0.080781 0.873552 0.023252 0.005522 0.994836 -0.006177 -0.029479 -0.930116 0.000000 
8.500000e-02 1.003090e-01 9.749791e-02 8.932251e-02 1.000000e-01 1.597506e+00 -0.994836 0.011729 0.080781 0.873552 0.023252 0.005522 0.994836 -0.006177 -0.029479 -0.930116 0.000000 
8.500000e-02 1.003090e-01 9.749791e-02 8.932251e-02 1.000000e-01 1.597506e+00 -0.994836 0.011729 0.080781 0.873552 0.023252 0.005522 0.994836 -0.006177 -0.029479 -0.930116 0.000000 
8.500000e-02 1.003090e-01 9.749791e-02 8.932251e-02 1.000000e-01 1.597506e+00 -0.994836 0.011729 0.080781 0.873552 0.023252 0.005522 0.994836 -0.006177 -0.029479 -0.930116 0.000000 
8.500000e-02 1.003090e-01 9.749791e-02 8.932251e-02 1.000000e-01 1.597506e+00 -0.994836 0.011729 0.080781 0.873552 0.023252 0.005522 0.994836 -0.006177 -0.029479 -0.930116 0.000000 
8.500000e-02 1.003090e-01 9.749791e-02 8.932251e-02 1.000000e-01 1.597506e+00 -0.994836 0.011729 0.080781 0.873552 0.023252 0.005522 0.994836 -0.006177 -0.029479 -0.930116 0.000000 
8.500000e-02 1.003090e-01 9.749791e-02 8.932251e-02 1.000000e-01 1.597506e+00 -0.994836 0.011729 0.080781 0.873552 0.023252 0.005522 0.994836 -0.006177 -0.029479 -0.930116 0.000000 
8.500000e-02 1.003090e-01 9.749791e-02 8.932251e-02 1.000000e-01 1.597506e+00 -0.994836 0.011729 0.080781 0.873552 0.023252 0.005522 0.994836 -0.006177 -0.029479 -0.930116 0.000000 
8.500000e-02 1.003090e-01 9.749791e-02 8.932251e-02 1.000000e-01 1.597506e+00 -0.994836 0.011729 0.080781 0.873552 0.023252 0.005522 0.994836 -0.006177 -0.029479 -0.930116 0.000000 
8.500000e-02 1.003090e-01 9.749791e-02 8.932251e-02 1.000000e-01 1.597506e+00 -0.994836 0.011729 0.080781 0.873552 0.023252 0.005522 0.994836 -0.006177 -0.029479 -0.930116 0.000000 
8.500000e-02 1.003090e-01 9.749791e-02 8.932251e-02 1.000000e-01 1.597506e+00 -0.994836 0.011729 0.080781 0.873552 0.023252 0.005522 0.994836 -0.006177 -0.029479 -0.930116 0.000000 
8.500000e-02 1.003090e-01 9.749791e-02 8.932251e-02 1.000000e-01 1.597506e+00 -0.994836 0.011729 0.080781 0.873552 0.023252 0.005522 0.994836 -0.006177 -0.029479 -0.930116 0.000000 
8.500000e-02 1.003090e-01 9.749791e-02 8.932251e-02 1.000000e-01 1.597506e+00 -0.994836 0.011729 0.080781 0.873552 0.023252 0.005522 0.994836 -0.006177 -0.029479 -0.930116 0.000000 
8.500000e-02 1.003090e-01 9.749791e-02 8.932251e-02 1.000000e-01 1.597506e+00 -0.994836 0.011729 0.080781 0.873552 0.023252 0.005522 0.994836 -0.006177 -0.029479 -0.930116 0.000000 
8.500000e-02 1.003090e-01 9.749791e-02 8.932251e-02 1.000000e-01 1.597506e+00 -0.994836 0.011729 0.080781 0.873552 0.023252 0.005522 0.994836 -0.006177 -0.029479 -0.930116 0.000000 
8.500000e-02 1.003090e-01 9.749791e-02 8.932251e-02 1.000000e-01 1.597506e+00 -0.994836 0.011729 0.080781 0.873552 0.023252 0.005522 0.994836 -0.006177 -0.029479 -0.930116 0.000000 
8.500000e-02 1.003090e-01 9.749791e-02 8.932251e-02 1.000000e-01 1.597506e+00 -0.994836 0.011729 0.080781 0.873552 0.023252 0.005522 0.994836 -0.006177 -0.029479 -0.930116 0.000000 
8.500000e-02 1.003090e-01 9.749791e-02 8.932251e-02 1.000000e-01 1.597506e+00 -0.994836 0.011729 0.080781 0.873552 0.023252 0.005522 0.994836 -0.006177 -0.029479 -0.930116 0.000000 
8.500000e-02 1.003090e-01 9.749791e-02 8.932251e-02 1.000000e-01 1.597506e+00 -0.994836 0.011729 0.080781 0.873552 0.023252 0.005522 0.994836 -0.006177 -0.029479 -0.930116 0.000000 
8.500000e-02 1.003090e-01 9.749791e-02 8.932251e-02 1.000000e-01 1.597506e+00 -0.994836 0.011729 0.080781 0.873552 0.023252 0.005522 0.994836 -0.006177 -0.029479 -0.930116 0.000000 
8.500000e-02 1.003090e-01 9.749791e-02 8.932251e-02 1.000000e-01 1.597506e+00 -0.994836 0.011729 0.080781 0.873552 0.023252 0.005522 0.994836 -0.006177 -0.029479 -0.930116 0.000000 
8.500000e-02 1.003090e-01 9.749791e-02 8.932251e-02 1.000000e-01 1.597506e+00 -0.994836 0.011729 0.080781 0.873552 0.023252 0.005522 0.994836 -0.006177 -0.029479 -0.930116 0.000000 
8.500000e-02 1.003090e-01 9.749791e-02 8.932251e-02 1.000000e-01 1.597506e+00 -0.994836 0.011729 0.080781 0.873552 0.023252 0.005522 0.994836 -0.006177 -0.029479 -0.930116 0.000000 
8.500000e-02 1.003090e-01 9.749791e-02 8.932251e-02 1.000000e-01 1.597506e+00 -0.994836 0.011729 0.080781 0.873552 0.023252 0.005522 0.994836 -0.006177 -0.029479 -0.930116 0.000000 
8.500000e-02 1.003090e-01 9.749791e-02 8.932251e-02 1.000000e-01 1.597506e+00 -0.994836 0.011729 0.080781 0.873552 0.023252 0.005522 0.994836 -0.006177 -0.029479 -0.930116 0.000000 
8.500000e-02 1.003090e-01 9.749791e-02 8.932251e-02 1.000000e-01 1.597506e+00 -0.994836 0.011729 0.080781 0.873552 0.023252 0.005522 0.994836 -0.006177 -0.029479 -0.930116 0.000000 
8.500000e-02 1.003090e-01 9.749791e-02 8.932251e-02 1.000000e-01 1.597506e+00 -0.994836 0.011729 0.080781 0.873552 0.023252 0.005522 0.994836 -0.006177 -0.029479 -0.930116 0.000000 
8.500000e-02 1.003090e-01 9.749791e-02 8.932251e-02 1.000000e-01 1.597506e+00 -0.994836 0.011729 0.080781 0.873552 0.023252 0.005522 0.994836 -0.006177 -0.029479 -0.930116 0.000000 
8.500000e-02 1.003090e-01 9.749791e-02 8.932251e-02 1.000000e-01 1.597506e+00 -0.994836 0.011729 0.080781 0.873552 0.023252 0.005522 0.994836 -0.006177 -0.029479 -0.930116 0.000000 
8.500000e-02 1.003090e-01 9.749791e-02 8.932251e-02 1.000000e-01 1.597506e+00 -0.994836 0.011729 0.080781 0.873552 0.023252 0.005522 0.994836 -0.006177 -0.029479 -0.930116 0.000000 
8.500000e-02 1.003090e-01 9.749791e-02 8.932251e-02 1.000000e-01 1.597506e+00 -0.994836 0.011729 0.080781 0.873552 0.023252 0.005522 0.994836 -0.006177 -0.029479 -0.930116 0.000000 
8.500000e-02 1.003090e-01 9.749791e-02 8.932251e-02 1.000000e-01 1.597506e+00 -0.994836 0.011729 0.080781 0.873552 0.023252 0.005522 0.994836 -0.006177 -0.029479 -0.930116 0.000000 
8.500000e-02 1.003090e-01 9.749791e-02 8.932251e-02 1.000000e-01 1.597506e+00 -0.994836 0.011729 0.080781 0.873552 0.023252 0.005522 0.994836 -0.006177 -0.029479 -0.930116 0.000000 
8.500000e-02 1.003090e-01 9.749791e-02 8.932251e-02 1.000000e-01 1.597506e+00 -0.994836 0.011729 0.080781 0.873552 0.023252 0.005522 0.994836 -0.006177 -0.029479 -0.930116 0.000000 
8.500000e-02 1.003090e-01 9.749791e-02 8.932251e-02 1.000000e-01 1.597506e+00 -0.994836 0.011729 0.080781 0.873552 0.023252 0.005522 0.994836 -0.006177 -0.029479 -0.930116 0.000000 
8.500000e-02 1.003090e-01 9.749791e-02 8.932251e-02 1.000000e-01 1.597506e+00 -0.994836 0.011729 0.080781 0.873552 0.023252 0.005522 0.994836 -0.006177 -0.029479 -0.930116 0.000000 
8.500000e-02 1.003090e-01 9.749791e-02 8.932251e-02 1.000000e-01 1.597506e+00 -0.994836 0.011729 0.080781 0.873552 0.023252 0.005522 0.994836 -0.006177 -0.029479 -0.930116 0.000000 
8.500000e-02 1.003090e-01 9.749791e-02 8.932251e-02 1.000000e-01 1.597506e+00 -0.994836 0.011729 0.080781 0.873552 0.023252 0.005522 0.994836 -0.006177 -0.029479 -0.930116 0.000000 
8.500000e-02 1.003090e-01 9.749791e-02 8.932251e-02 1.000000e-01 1.597506e+00 -0.994836 0.011729 0.080781 0.873552 0.023252 0.005522 0.994836 -0.006177 -0.029479 -0.930116 0.000000 
8.500000e-02 1.003090e-01 9.749791e-02 8.932251e-02 1.000000e-01 1.597506e+00 -0.994836 0.011729 0.080781 0.873552 0.023252 0.005522 0.994836 -0.006177 -0.029479 -0.930116 0.000000 
8.500000e-02 1.003090e-01 9.749791e-02 8.932251e-02 1.000000e-01 1.597506e+00 -0.994836 0.011729 0.080781 0.873552 0.023252 0.005522 0.994836 -0.006177 -0.029479 -0.930116 0.000000 
8.500000e-02 1.003090e-01 9.749791e-02 8.932251e-02 1.000000e-01 1.597506e+00 -0.994836 0.011729 0.080781 0.873552 0.023252 0.005522 0.994836 -0.006177 -0.029479 -0.930116 0.000000 
8.500000e-02 1.003090e-01 9.749791e-02 8.932251e-02 1.000000e-01 1.597506e+00 -0.994836 0.011729 0.080781 0.873552 0.023252 0.005522 0.994836 -0.006177 -0.029479 -0.930116 0.000000 
8.500000e-02 1.003090e-01 9.749791e-02 8.932251e-02 1.000000e-01 1.597506e+00 -0.994836 0.011729 0.080781 0.873552 0.023252 0.005522 0.994836 -0.006177 -0.029479 -0.930116 0.000000 
8.500000e-02 1.003090e-01 9.749791e-02 8.932251e-02 1.000000e-01 1.597506e+00 -0.994836 0.011729 0.080781 0.873552 0.023252 0.005522 0.994836 -0.006177 -0.029479 -0.930116 0.000000 
8.500000e-02 1.003090e-01 9.749791e-02 8.932251e-02 1.000000e-01 1.597506e+00 -0.994836 0.011729 0.080781 0.873552 0.023252 0.005522 0.994836 -0.006177 -0.029479 -0.930116 0.000000 
8.500000e-02 1.003090e-01 9.749791e-02 8.932251e-02 1.000000e-01 1.597506e+00 -0.994836 0.011729 0.080781 0.873552 0.023252 0.005522 0.994836 -0.006177 -0.029479 -0.930116 0.000000 
8.500000e-02 1.003090e-01 9.749791e-02 8.932251e-02 1.000000e-01 1.597506e+00 -0.994836 0.011729 0.080781 0.873552 0.023252 0.005522 0.994836 -0.006177 -0.029479 -0.930116 0.000000 
8.500000e-02 1.003090e-01 9.749791e-02 8.932251e-02 1.000000e-01 1.597506e+00 -0.994836 0.011729 0.080781 0.873552 0.023252 0.005522 0.994836 -0.006177 -0.029479 -0.930116 0.000000 
8.500000e-02 1.003090e-01 9.749791e-02 8.932251e-02 1.000000e-01 1.597506e+00 -0.994836 0.011729 0.080781 0.873552 0.023252 0.005522 0.994836 -0.006177 -0.029479 -0.930116 0.000000 
8.500000e-02 1.003090e-01 9.749791e-02 8.932251e-02 1.000000e-01 1.597506e+00 -0.994836 0.011729 0.080781 0.873552 0.023252 0.005522 0.994836 -0.006177 -0.029479 -0.930116 0.000000 
8.500000e-02 1.003090e-01 9.749791e-02 8.932251e-02 1.000000e-01 1.597506e+00 -0.994836 0.011729 0.080781 0.873552 0.023252 0.005522 0.994836 -0.006177 -0.029479 -0.930116 0.000000 
8.500000e-02 1.003090e-01 9.749791e-02 8.932251e-02 1.000000e-01 1.597506e+00 -0.994836 0.011729 0.080781 0.873552 0.023252 0.005522 0.994836 -0.006177 -0.029479 -0.930116 0.000000 
8.500000e-02 1.003090e-01 9.749791e-02 8.932251e-02 1.000000e-01 1.597506e+00 -0.994836 0.011729 0.080781 0.873552 0.023252 0.005522 0.994836 -0.006177 -0.029479 -0.930116 0.000000 
8.500000e-02 1.003090e-01 9.749791e-02 8.932251e-02 1.000000e-01 1.597506e+00 -0.994836 0.011729 0.080781 0.873552 0.023252 0.005522 0.994836 -0.006177 -0.029479 -0.930116 0.000000 
8.500000e-02 1.003090e-01 9.749791e-02 8.932251e-02 1.000000e-01 1.597506e+00 -0.994836 0.011729 0.080781 0.873552 0.023252 0.005522 0.994836 -0.006177 -0.029479 -0.930116 0.000000 
8.500000e-02 1.003090e-01 9.749791e-02 8.932251e-02 1.000000e-01 1.597506e+00 -0.994836 0.011729 0.080781 0.873552 0.023252 0.005522 0.994836 -0.006177 -0.029479 -0.930116 0.000000 
8.500000e-02 1.003090e-01 9.749791e-02 8.932251e-02 1.000000e-01 1.597506e+00 -0.994836 0.011729 0.080781 0.873552 0.023252 0.005522 0.994836 -0.006177 -0.029479 -0.930116 0.000000 
8.500000e-02 1.003090e-01 9.749791e-02 8.932251e-02 1.000000e-01 1.597506e+00 -0.994836 0.011729 0.080781 0.873552 0.023252 0.005522 0.994836 -0.006177 -0.029479 -0.930116 0.000000 
8.500000e-02 1.003090e-01 9.749791e-02 8.932251e-02 1.000000e-01 1.597506e+00 -0.994836 0.011729 0.080781 0.873552 0.023252 0.005522 0.994836 -0.006177 -0.029479 -0.930116 0.000000 
8.500000e-02 1.003090e-01 9.749791e-02 8.932251e-02 1.000000e-01 1.597506e+00 -0.994836 0.011729 0.080781 0.873552 0.023252 0.005522 0.994836 -0.006177 -0.029479 -0.930116 0.000000 
8.500000e-02 1.003090e-01 9.749791e-02 8.932251e-02 1.000000e-01 1.597506e+00 -0.994836 0.011729 0.080781 0.873552 0.023252 0.005522 0.994836 -0.006177 -0.029479 -0.930116 0.000000 
8.500000e-02 1.003090e-01 9.749791e-02 8.932251e-02 1.000000e-01 1.597506e+00 -0.994836 0.011729 0.080781 0.873552 0.023252 0.005522 0.994836 -0.006177 -0.029479 -0.930116 0.000000 
8.500000e-02 1.003090e-01 9.749791e-02 8.932251e-02 1.000000e-01 1.597506e+00 -0.994836 0.011729 0.080781 0.873552 0.023252 0.005522 0.994836 -0.006177 -0.029479 -0.930116 0.000000 
8.500000e-02 1.003090e-01 9.749791e-02 8.932251e-02 1.000000e-01 1.597506e+00 -0.994836 0.011729 0.080781 0.873552 0.023252 0.005522 0.994836 -0.006177 -0.029479 -0.930116 0.000000 
8.500000e-02 1.003090e-01 9.749791e-02 8.932251e-02 1.000000e-01 1.597506e+00 -0.994836 0.011729 0.080781 0.873552 0.023252 0.005522 0.994836 -0.006177 -0.029479 -0.930116 0.000000 
8.500000e-02 1.003090e-01 9.749791e-02 8.932251e-02 1.000000e-01 1.597506e+00 -0.994836 0.011729 0.080781 0.873552 0.023252 0.005522 0.994836 -0.006177 -0.029479 -0.930116 0.000000 
8.500000e-02 1.003090e-01 9.749791e-02 8.932251e-02 1.000000e-01 1.597506e+00 -0.994836 0.011729 0.080781 0.873552 0.023252 0.005522 0.994836 -0.006177 -0.029479 -0.930116 0.000000 
8.500000e-02 1.003090e-01 9.749791e-02 8.932251e-02 1.000000e-01 1.597506e+00 -0.994836 0.011729 0.080781 0.873552 0.023252 0.005522 0.994836 -0.006177 -0.029479 -0.930116 0.000000 
8.500000e-02 1.003090e-01 9.749791e-02 8.932251e-02 1.000000e-01 1.597506e+00 -0.994836 0.011729 0.080781 0.873552 0.023252 0.005522 0.994836 -0.006177 -0.029479 -0.930116 0.000000 
8.500000e-02 1.003090e-01 9.749791e-02 8.932251e-02 1.000000e-01 1.597506e+00 -0.994836 0.011729 0.080781 0.873552 0.023252 0.005522 0.994836 -0.006177 -0.029479 -0.930116 0.000000 
8.500000e-02 1.003090e-01 9.749791e-02 8.932251e-02 1.000000e-01 1.597506e+00 -0.994836 0.011729 0.080781 0.873552 0.023252 0.005522 0.994836 -0.006177 -0.029479 -0.930116 0.000000 
8.500000e-02 1.003090e-01 9.749791e-02 8.932251e-02 1.000000e-01 1.597506e+00 -0.994836 0.011729 0.080781 0.873552 0.023252 0.005522 0.994836 -0.006177 -0.029479 -0.930116 0.000000 
8.500000e-02 1.003090e-01 9.749791e-02 8.932251e-02 1.000000e-01 1.597506e+00 -0.994836 0.011729 0.080781 0.873552 0.023252 0.005522 0.994836 -0.006177 -0.029479 -0.930116 0.000000 
8.500000e-02 1.003090e-01 9.749791e-02 8.932251e-02 1.000000e-01 1.597506e+00 -0.994836 0.011729 0.080781 0.873552 0.023252 0.005522 0.994836 -0.006177 -0.029479 -0.930116 0.000000 
8.500000e-02 1.003090e-01 9.749791e-02 8.932251e-02 1.000000e-01 1.597506e+00 -0.994836 0.011729 0.080781 0.873552 0.023252 0.005522 0.994836 -0.006177 -0.029479 -0.930116 0.000000 
8.500000e-02 1.003090e-01 9.749791e-02 8.932251e-02 1.000000e-01 1.597506e+00 -0.994836 0.011729 0.080781 0.873552 0.023252 0.005522 0.994836 -0.006177 -0.029479 -0.930116 0.000000 
8.500000e-02 1.003090e-01 9.749791e-02 8.932251e-02 1.000000e-01 1.597506e+00 -0.994836 0.011729 0.080781 0.873552 0.023252 0.005522 0.994836 -0.006177 -0.029479 -0.930116 0.000000 
8.500000e-02 1.003090e-01 9.749791e-02 8.932251e-02 1.000000e-01 1.597506e+00 -0.994836 0.011729 0.080781 0.873552 0.023252 0.005522 0.994836 -0.006177 -0.029479 -0.930116 0.000000 
8.500000e-02 1.003090e-01 9.749791e-02 8.932251e-02 1.000000e-01 1.597506e+00 -0.994836 0.011729 0.080781 0.873552 0.023252 0.005522 0.994836 -0.006177 -0.029479 -0.930116 0.000000 
8.500000e-02 1.003090e-01 9.749791e-02 8.932251e-02 1.000000e-01 1.597506e+00 -0.994836 0.011729 0.080781 0.873552 0.023252 0.005522 0.994836 -0.006177 -0.029479 -0.930116 0.000000 
8.500000e-02 1.003090e-01 9.749791e-02 8.932251e-02 1.000000e-01 1.597506e+00 -0.994836 0.011729 0.080781 0.873552 0.023252 0.005522 0.994836 -0.006177 -0.029479 -0.930116 0.000000 
8.500000e-02 1.003090e-01 9.749791e-02 8.932251e-02 1.000000e-01 1.597506e+00 -0.994836 0.011729 0.080781 0.873552 0.023252 0.005522 0.994836 -0.006177 -0.029479 -0.930116 0.000000 
8.500000e-02 1.003090e-01 9.749791e-02 8.932251e-02 1.000000e-01 1.597506e+00 -0.994836 0.011729 0.080781 0.873552 0.023252 0.005522 0.994836 -0.006177 -0.029479 -0.930116 0.000000 
8.500000e-02 1.003090e-01 9.749791e-02 8.932251e-02 1.000000e-01 1.597506e+00 -0.994836 0.011729 0.080781 0.873552 0.023252 0.005522 0.994836 -0.006177 -0.029479 -0.930116 0.000000 
8.500000e-02 1.003090e-01 9.749791e-02 8.932251e-02 1.000000e-01 1.597506e+00 -0.994836 0.011729 0.080781 0.873552 0.023252 0.005522 0.994836 -0.006177 -0.029479 -0.930116 0.000000 
8.500000e-02 1.003090e-01 9.749791e-02 8.932251e-02 1.000000e-01 1.597506e+00 -0.994836 0.011729 0.080781 0.873552 0.023252 0.005522 0.994836 -0.006177 -0.029479 -0.930116 0.000000 
8.500000e-02 1.003090e-01 9.749791e-02 8.932251e-02 1.000000e-01 1.597506e+00 -0.994836 0.011729 0.080781 0.873552 0.023252 0.005522 0.994836 -0.006177 -0.029479 -0.930116 0.000000 
8.500000e-02 1.003090e-01 9.749791e-02 8.932251e-02 1.000000e-01 1.597506e+00 -0.994836 0.011729 0.080781 0.873552 0.023252 0.005522 0.994836 -0.006177 -0.029479 -0.930116 0.000000 
8.500000e-02 1.003090e-01 9.749791e-02 8.932251e-02 1.000000e-01 1.597506e+00 -0.994836 0.011729 0.080781 0.873552 0.023252 0.005522 0.994836 -0.006177 -0.029479 -0.930116 0.000000 
8.500000e-02 1.003090e-01 9.749791e-02 8.932251e-02 1.000000e-01 1.597506e+00 -0.994836 0.011729 0.080781 0.873552 0.023252 0.005522 0.994836 -0.006177 -0.029479 -0.930116 0.000000 
8.500000e-02 1.003090e-01 9.749791e-02 8.932251e-02 1.000000e-01 1.597506e+00 -0.994836 0.011729 0.080781 0.873552 0.023252 0.005522 0.994836 -0.006177 -0.029479 -0.930116 0.000000 
8.500000e-02 1.003090e-01 9.749791e-02 8.932251e-02 1.000000e-01 1.597506e+00 -0.994836 0.011729 0.080781 0.873552 0.023252 0.005522 0.994836 -0.006177 -0.029479 -0.930116 0.000000 
8.500000e-02 1.003090e-01 9.749791e-02 8.932251e-02 1.000000e-01 1.597506e+00 -0.994836 0.011729 0.080781 0.873552 0.023252 0.005522 0.994836 -0.006177 -0.029479 -0.930116 0.000000 
8.500000e-02 1.003090e-01 9.749791e-02 8.932251e-02 1.000000e-01 1.597506e+00 -0.994836 0.011729 0.080781 0.873552 0.023252 0.005522 0.994836 -0.006177 -0.029479 -0.930116 0.000000 
8.500000e-02 1.003090e-01 9.749791e-02 8.932251e-02 1.000000e-01 1.597506e+00 -0.994836 0.011729 0.080781 0.873552 0.023252 0.005522 0.994836 -0.006177 -0.029479 -0.930116 0.000000 
8.500000e-02 1.003090e-01 9.749791e-02 8.932251e-02 1.000000e-01 1.597506e+00 -0.994836 0.011729 0.080781 0.873552 0.023252 0.005522 0.994836 -0.006177 -0.029479 -0.930116 0.000000 
8.500000e-02 1.003090e-01 9.749791e-02 8.932251e-02 1.000000e-01 1.597506e+00 -0.994836 0.011729 0.080781 0.873552 0.023252 0.005522 0.994836 -0.006177 -0.029479 -0.930116 0.000000 
8.500000e-02 1.003090e-01 9.749791e-02 8.932251e-02 1.000000e-01 1.597506e+00 -0.994836 0.011729 0.080781 0.873552 0.023252 0.005522 0.994836 -0.006177 -0.029479 -0.930116 0.000000 
8.500000e-02 1.003090e-01 9.749791e-02 8.932251e-02 1.000000e-01 1.597506e+00 -0.994836 0.011729 0.080781 0.873552 0.023252 0.005522 0.994836 -0.006177 -0.029479 -0.930116 0.000000 
8.500000e-02 1.003090e-01 9.749791e-02 8.932251e-02 1.000000e-01 1.597506e+00 -0.994836 0.011729 0.080781 0.873552 0.023252 0.005522 0.994836 -0.006177 -0.029479 -0.930116 0.000000 
8.500000e-02 1.003090e-01 9.749791e-02 8.932251e-02 1.000000e-01 1.597506e+00 -0.994836 0.011729 0.080781 0.873552 0.023252 0.005522 0.994836 -0.006177 -0.029479 -0.930116 0.000000 
8.500000e-02 1.003090e-01 9.749791e-02 8.932251e-02 1.000000e-01 1.597506e+00 -0.994836 0.011729 0.080781 0.873552 0.023252 0.005522 0.994836 -0.006177 -0.029479 -0.930116 0.000000 
8.500000e-02 1.003090e-01 9.749791e-02 8.932251e-02 1.000000e-01 1.597506e+00 -0.994836 0.011729 0.080781 0.873552 0.023252 0.005522 0.994836 -0.006177 -0.029479 -0.930116 0.000000 
8.500000e-02 1.003090e-01 9.749791e-02 8.932251e-02 1.000000e-01 1.597506e+00 -0.994836 0.011729 0.080781 0.873552 0.023252 0.005522 0.994836 -0.006177 -0.029479 -0.930116 0.000000 
8.500000e-02 1.003090e-01 9.749791e-02 8.932251e-02 1.000000e-01 1.597506e+00 -0.994836 0.011729 0.080781 0.873552 0.023252 0.005522 0.994836 -0.006177 -0.029479 -0.930116 0.000000 
8.500000e-02 1.003090e-01 9.749791e-02 8.932251e-02 1.000000e-01 1.597506e+00 -0.994836 0.011729 0.080781 0.873552 0.023252 0.005522 0.994836 -0.006177 -0.029479 -0.930116 0.000000 
8.500000e-02 1.003090e-01 9.749791e-02 8.932251e-02 1.000000e-01 1.597506e+00 -0.994836 0.011729 0.080781 0.873552 0.023252 0.005522 0.994836 -0.006177 -0.029479 -0.930116 0.000000 
8.500000e-02 1.003090e-01 9.749791e-02 8.932251e-02 1.000000e-01 1.597506e+00 -0.994836 0.011729 0.080781 0.873552 0.023252 0.005522 0.994836 -0.006177 -0.029479 -0.930116 0.000000 
8.500000e-02 1.003090e-01 9.749791e-02 8.932251e-02 1.000000e-01 1.597506e+00 -0.994836 0.011729 0.080781 0.873552 0.023252 0.005522 0.994836 -0.006177 -0.029479 -0.930116 0.000000 
8.500000e-02 1.003090e-01 9.749791e-02 8.932251e-02 1.000000e-01 1.597506e+00 -0.994836 0.011729 0.080781 0.873552 0.023252 0.005522 0.994836 -0.006177 -0.029479 -0.930116 0.000000 
8.500000e-02 1.003090e-01 9.749791e-02 8.932251e-02 1.000000e-01 1.597506e+00 -0.994836 0.011729 0.080781 0.873552 0.023252 0.005522 0.994836 -0.006177 -0.029479 -0.930116 0.000000 
8.500000e-02 1.003090e-01 9.749791e-02 8.932251e-02 1.000000e-01 1.597506e+00 -0.994836 0.011729 0.080781 0.873552 0.023252 0.005522 0.994836 -0.006177 -0.029479 -0.930116 0.000000 
8.500000e-02 1.003090e-01 9.749791e-02 8.932251e-02 1.000000e-01 1.597506e+00 -0.994836 0.011729 0.080781 0.873552 0.023252 0.005522 0.994836 -0.006177 -0.029479 -0.930116 0.000000 
8.500000e-02 1.003090e-01 9.749791e-02 8.932251e-02 1.000000e-01 1.597506e+00 -0.994836 0.011729 0.080781 0.873552 0.023252 0.005522 0.994836 -0.006177 -0.029479 -0.930116 0.000000 
8.500000e-02 1.003090e-01 9.749791e-02 8.932251e-02 1.000000e-01 1.597506e+00 -0.994836 0.011729 0.080781 0.873552 0.023252 0.005522 0.994836 -0.006177 -0.029479 -0.930116 0.000000 
8.500000e-02 1.003090e-01 9.749791e-02 8.932251e-02 1.000000e-01 1.597506e+00 -0.994836 0.011729 0.080781 0.873552 0.023252 0.005522 0.994836 -0.006177 -0.029479 -0.930116 0.000000 
8.500000e-02 1.003090e-01 9.749791e-02 8.932251e-02 1.000000e-01 1.597506e+00 -0.994836 0.011729 0.080781 0.873552 0.023252 0.005522 0.994836 -0.006177 -0.029479 -0.930116 0.000000 
8.500000e-02 1.003090e-01 9.749791e-02 8.932251e-02 1.000000e-01 1.597506e+00 -0.994836 0.011729 0.080781 0.873552 0.023252 0.005522 0.994836 -0.006177 -0.029479 -0.930116 0.000000 
8.500000e-02 1.003090e-01 9.749791e-02 8.932251e-02 1.000000e-01 1.597506e+00 -0.994836 0.011729 0.080781 0.873552 0.023252 0.005522 0.994836 -0.006177 -0.029479 -0.930116 0.000000 
8.500000e-02 1.003090e-01 9.749791e-02 8.932251e-02 1.000000e-01 1.597506e+00 -0.994836 0.011729 0.080781 0.873552 0.023252 0.005522 0.994836 -0.006177 -0.029479 -0.930116 0.000000 
8.500000e-02 1.003090e-01 9.749791e-02 8.932251e-02 1.000000e-01 1.597506e+00 -0.994836 0.011729 0.080781 0.873552 0.023252 0.005522 0.994836 -0.006177 -0.029479 -0.930116 0.000000 
8.500000e-02 1.003090e-01 9.749791e-02 8.932251e-02 1.000000e-01 1.597506e+00 -0.994836 0.011729 0.080781 0.873552 0.023252 0.005522 0.994836 -0.006177 -0.029479 -0.930116 0.000000 
8.500000e-02 1.003090e-01 9.749791e-02 8.932251e-02 1.000000e-01 1.597506e+00 -0.994836 0.011729 0.080781 0.873552 0.023252 0.005522 0.994836 -0.006177 -0.029479 -0.930116 0.000000 
8.500000e-02 1.003090e-01 9.749791e-02 8.932251e-02 1.000000e-01 1.597506e+00 -0.994836 0.011729 0.080781 0.873552 0.023252 0.005522 0.994836 -0.006177 -0.029479 -0.930116 0.000000 
8.500000e-02 1.003090e-01 9.749791e-02 8.932251e-02 1.000000e-01 1.597506e+00 -0.994836 0.011729 0.080781 0.873552 0.023252 0.005522 0.994836 -0.006177 -0.029479 -0.930116 0.000000 
8.500000e-02 1.003090e-01 9.749791e-02 8.932251e-02 1.000000e-01 1.597506e+00 -0.994836 0.011729 0.080781 0.873552 0.023252 0.005522 0.994836 -0.006177 -0.029479 -0.930116 0.000000 
8.500000e-02 1.003090e-01 9.749791e-02 8.932251e-02 1.000000e-01 1.597506e+00 -0.994836 0.011729 0.080781 0.873552 0.023252 0.005522 0.994836 -0.006177 -0.029479 -0.930116 0.000000 
8.500000e-02 1.003090e-01 9.749791e-02 8.932251e-02 1.000000e-01 1.597506e+00 -0.994836 0.011729 0.080781 0.873552 0.023252 0.005522 0.994836 -0.006177 -0.029479 -0.930116 0.000000 
8.500000e-02 1.003090e-01 9.749791e-02 8.932251e-02 1.000000e-01 1.597506e+00 -0.994836 0.011729 0.080781 0.873552 0.023252 0.005522 0.994836 -0.006177 -0.029479 -0.930116 0.000000 
8.500000e-02 1.003090e-01 9.749791e-02 8.932251e-02 1.000000e-01 1.597506e+00 -0.994836 0.011729 0.080781 0.873552 0.023252 0.005522 0.994836 -0.006177 -0.029479 -0.930116 0.000000 
8.500000e-02 1.003090e-01 9.749791e-02 8.932251e-02 1.000000e-01 1.597506e+00 -0.994836 0.011729 0.080781 0.873552 0.023252 0.005522 0.994836 -0.006177 -0.029479 -0.930116 0.000000 
8.500000e-02 1.003090e-01 9.749791e-02 8.932251e-02 1.000000e-01 1.597506e+00 -0.994836 0.011729 0.080781 0.873552 0.023252 0.005522 0.994836 -0.006177 -0.029479 -0.930116 0.000000 
8.500000e-02 1.003090e-01 9.749791e-02 8.932251e-02 1.000000e-01 1.597506e+00 -0.994836 0.011729 0.080781 0.873552 0.023252 0.005522 0.994836 -0.006177 -0.029479 -0.930116 0.000000 
8.500000e-02 1.003090e-01 9.749791e-02 8.932251e-02 1.000000e-01 1.597506e+00 -0.994836 0.011729 0.080781 0.873552 0.023252 0.005522 0.994836 -0.006177 -0.029479 -0.930116 0.000000 
8.500000e-02 1.003090e-01 9.749791e-02 8.932251e-02 1.000000e-01 1.597506e+00 -0.994836 0.011729 0.080781 0.873552 0.023252 0.005522 0.994836 -0.006177 -0.029479 -0.930116 0.000000 
8.500000e-02 1.003090e-01 9.749791e-02 8.932251e-02 1.000000e-01 1.597506e+00 -0.994836 0.011729 0.080781 0.873552 0.023252 0.005522 0.994836 -0.006177 -0.029479 -0.930116 0.000000 
8.500000e-02 1.003090e-01 9.749791e-02 8.932251e-02 1.000000e-01 1.597506e+00 -0.994836 0.011729 0.080781 0.873552 0.023252 0.005522 0.994836 -0.006177 -0.029479 -0.930116 0.000000 
8.500000e-02 1.003090e-01 9.749791e-02 8.932251e-02 1.000000e-01 1.597506e+00 -0.994836 0.011729 0.080781 0.873552 0.023252 0.005522 0.994836 -0.006177 -0.029479 -0.930116 0.000000 
8.500000e-02 1.003090e-01 9.749791e-02 8.932251e-02 1.000000e-01 1.597506e+00 -0.994836 0.011729 0.080781 0.873552 0.023252 0.005522 0.994836 -0.006177 -0.029479 -0.930116 0.000000 
8.500000e-02 1.003090e-01 9.749791e-02 8.932251e-02 1.000000e-01 1.597506e+00 -0.994836 0.011729 0.080781 0.873552 0.023252 0.005522 0.994836 -0.006177 -0.029479 -0.930116 0.000000 
8.500000e-02 1.003090e-01 9.749791e-02 8.932251e-02 1.000000e-01 1.597506e+00 -0.994836 0.011729 0.080781 0.873552 0.023252 0.005522 0.994836 -0.006177 -0.029479 -0.930116 0.000000 
8.500000e-02 1.003090e-01 9.749791e-02 8.932251e-02 1.000000e-01 1.597506e+00 -0.994836 0.011729 0.080781 0.873552 0.023252 0.005522 0.994836 -0.006177 -0.029479 -0.930116 0.000000 
