# TeX TeY TeZ ThX ThY THZ P1 P2
1.300000e-01 1.000000e-01 1.180000e+00 1.300000e-01 1.000000e-01 1.180000e+00 0.000000 0.000000 0.000000 0.000000 0.000000 0.000000 0.000000 0.000000 0.000000 0.000000 0.000000 
1.300000e-01 1.000000e-01 1.170080e+00 1.300000e-01 1.000000e-01 1.187694e+00 -0.011637 0.001458 0.002939 0.002994 0.003061 0.001186 0.011637 -0.001494 -0.002988 -0.002990 0.000000 
1.300000e-01 1.000000e-01 1.160102e+00 1.300000e-01 1.000000e-01 1.195366e+00 -0.023298 0.002920 0.005884 0.005993 0.006126 0.002375 0.023298 -0.002990 -0.005981 -0.005987 0.000000 
1.300000e-01 1.000000e-01 1.150067e+00 1.300000e-01 1.000000e-01 1.203016e+00 -0.034983 0.004384 0.008835 0.008999 0.009198 0.003566 0.034983 -0.004490 -0.008981 -0.008990 0.000000 
1.300000e-01 1.000000e-01 1.139975e+00 1.299999e-01 1.000000e-01 1.210645e+00 -0.046690 0.005851 0.011792 0.012011 0.012277 0.004759 0.046690 -0.005992 -0.011987 -0.011998 0.000000 
1.300000e-01 1.000000e-01 1.129828e+00 1.299999e-01 1.000000e-01 1.218251e+00 -0.058419 0.007319 0.014752 0.015028 0.015364 0.005956 0.058419 -0.007498 -0.014998 -0.015012 0.000000 
1.300000e-01 1.000000e-01 1.119624e+00 1.299999e-01 1.000000e-01 1.225834e+00 -0.070170 0.008788 0.017715 0.018052 0.018459 0.007157 0.070170 -0.009006 -0.018015 -0.018032 0.000000 
1.300000e-01 1.000000e-01 1.109366e+00 1.299999e-01 1.000000e-01 1.233395e+00 -0.081943 0.010257 0.020679 0.021081 0.021564 0.008361 0.081943 -0.010517 -0.021038 -0.021057 0.000000 
1.300001e-01 1.000000e-01 1.099053e+00 1.299999e-01 1.000000e-01 1.240932e+00 -0.093736 0.011726 0.023645 0.024116 0.024679 0.009571 0.093736 -0.012030 -0.024065 -0.024088 0.000000 
1.300001e-01 1.000000e-01 1.088686e+00 1.299998e-01 1.000000e-01 1.248446e+00 -0.105550 0.013193 0.026611 0.027156 0.027805 0.010785 0.105550 -0.013547 -0.027098 -0.027123 0.000000 
1.300001e-01 1.000000e-01 1.078265e+00 1.299998e-01 1.000000e-01 1.255937e+00 -0.117384 0.014658 0.029575 0.030202 0.030943 0.012005 0.117383 -0.015065 -0.030136 -0.030164 0.000000 
1.300001e-01 1.000000e-01 1.067791e+00 1.299998e-01 1.000000e-01 1.263403e+00 -0.129236 0.016120 0.032536 0.033254 0.034095 0.013231 0.129236 -0.016587 -0.033179 -0.033210 0.000000 
1.300001e-01 1.000000e-01 1.057264e+00 1.299997e-01 1.000000e-01 1.270845e+00 -0.141108 0.017578 0.035495 0.036312 0.037260 0.014463 0.141108 -0.018110 -0.036227 -0.036261 0.000000 
1.300001e-01 1.000000e-01 1.046685e+00 1.299997e-01 1.000000e-01 1.278263e+00 -0.152998 0.019031 0.038447 0.039375 0.040442 0.015703 0.152998 -0.019636 -0.039280 -0.039316 0.000000 
1.300001e-01 1.000000e-01 1.036054e+00 1.299996e-01 1.000000e-01 1.285655e+00 -0.164906 0.020478 0.041393 0.042444 0.043640 0.016951 0.164906 -0.021165 -0.042337 -0.042376 0.000000 
1.300001e-01 1.000000e-01 1.025372e+00 1.299995e-01 1.000000e-01 1.293023e+00 -0.176831 0.021917 0.044331 0.045518 0.046856 0.018207 0.176831 -0.022695 -0.045399 -0.045441 0.000000 
1.300001e-01 1.000000e-01 1.014639e+00 1.299995e-01 1.000000e-01 1.300365e+00 -0.188773 0.023349 0.047259 0.048599 0.050092 0.019473 0.188773 -0.024228 -0.048465 -0.048509 0.000000 
1.300001e-01 1.000000e-01 1.003855e+00 1.299994e-01 1.000000e-01 1.307682e+00 -0.200731 0.024770 0.050175 0.051686 0.053351 0.020750 0.200731 -0.025762 -0.051535 -0.051582 0.000000 
1.300001e-01 1.000000e-01 9.930216e-01 1.299993e-01 1.000000e-01 1.314972e+00 -0.212705 0.026180 0.053078 0.054778 0.056631 0.022037 0.212705 -0.027299 -0.054609 -0.054659 0.000000 
1.300001e-01 1.000000e-01 9.821385e-01 1.299992e-01 1.000000e-01 1.322236e+00 -0.224694 0.027576 0.055962 0.057878 0.059940 0.023338 0.224694 -0.028838 -0.057687 -0.057740 0.000000 
1.300001e-01 1.000000e-01 9.712062e-01 1.299991e-01 1.000000e-01 1.329473e+00 -0.236698 0.028958 0.058830 0.060984 0.063275 0.024651 0.236698 -0.030379 -0.060769 -0.060825 0.000000 
1.300001e-01 1.000000e-01 9.602252e-01 1.299989e-01 1.000000e-01 1.336683e+00 -0.248717 0.030321 0.061674 0.064097 0.066644 0.025980 0.248717 -0.031921 -0.063854 -0.063913 0.000000 
1.300001e-01 1.000000e-01 9.491960e-01 1.299987e-01 1.000000e-01 1.343866e+00 -0.260749 0.031665 0.064495 0.067219 0.070045 0.027325 0.260749 -0.033465 -0.066943 -0.067005 0.000000 
1.300001e-01 1.000000e-01 9.381190e-01 1.299986e-01 1.000000e-01 1.351021e+00 -0.272794 0.032986 0.067287 0.070349 0.073484 0.028688 0.272794 -0.035011 -0.070036 -0.070101 0.000000 
1.300001e-01 1.000000e-01 9.269945e-01 1.299984e-01 1.000000e-01 1.358148e+00 -0.284852 0.034281 0.070047 0.073489 0.076965 0.030070 0.284852 -0.036559 -0.073131 -0.073199 0.000000 
1.300001e-01 1.000000e-01 9.158231e-01 1.299981e-01 1.000000e-01 1.365246e+00 -0.296923 0.035549 0.072773 0.076639 0.080489 0.031472 0.296922 -0.038108 -0.076230 -0.076301 0.000000 
1.300001e-01 1.000000e-01 9.046050e-01 1.299978e-01 1.000000e-01 1.372316e+00 -0.309005 0.036781 0.075455 0.079802 0.084067 0.032899 0.309005 -0.039659 -0.079332 -0.079406 0.000000 
1.300001e-01 1.000000e-01 8.933409e-01 1.299975e-01 1.000000e-01 1.379356e+00 -0.321098 0.037979 0.078095 0.082978 0.087696 0.034350 0.321098 -0.041211 -0.082437 -0.082513 0.000000 
1.300001e-01 1.000000e-01 8.820309e-01 1.299972e-01 1.000000e-01 1.386367e+00 -0.333202 0.039133 0.080681 0.086171 0.091388 0.035828 0.333202 -0.042764 -0.085544 -0.085624 0.000000 
1.300001e-01 1.000000e-01 8.706757e-01 1.299968e-01 1.000000e-01 1.393348e+00 -0.345316 0.040240 0.083211 0.089382 0.095147 0.037335 0.345316 -0.044319 -0.088655 -0.088737 0.000000 
1.300001e-01 1.000000e-01 8.592754e-01 1.299963e-01 1.000000e-01 1.400299e+00 -0.357440 0.041297 0.085680 0.092614 0.098975 0.038872 0.357440 -0.045875 -0.091767 -0.091852 0.000000 
1.300001e-01 1.000000e-01 8.478306e-01 1.299958e-01 1.000000e-01 1.407219e+00 -0.369573 0.042289 0.088070 0.095875 0.102892 0.040446 0.369573 -0.047432 -0.094882 -0.094970 0.000000 
1.300001e-01 1.000000e-01 8.363417e-01 1.299952e-01 1.000000e-01 1.414108e+00 -0.381714 0.043219 0.090386 0.099164 0.106892 0.042052 0.381714 -0.048990 -0.097999 -0.098090 0.000000 
1.300001e-01 1.000000e-01 8.248089e-01 1.299945e-01 1.000000e-01 1.420965e+00 -0.393864 0.044071 0.092610 0.102491 0.110994 0.043697 0.393864 -0.050550 -0.101118 -0.101212 0.000000 
1.300001e-01 1.000000e-01 8.132328e-01 1.299938e-01 1.000000e-01 1.427791e+00 -0.406021 0.044836 0.094731 0.105863 0.115208 0.045382 0.406021 -0.052110 -0.104240 -0.104336 0.000000 
1.300001e-01 1.000000e-01 8.016137e-01 1.299929e-01 1.000000e-01 1.434584e+00 -0.418185 0.045513 0.096749 0.109285 0.119533 0.047104 0.418185 -0.053671 -0.107363 -0.107462 0.000000 
1.300001e-01 1.000000e-01 7.899519e-01 1.299919e-01 1.000000e-01 1.441344e+00 -0.430356 0.046074 0.098630 0.112776 0.124004 0.048871 0.430355 -0.055233 -0.110487 -0.110590 0.000000 
1.300001e-01 9.999999e-02 7.782478e-01 1.299907e-01 1.000000e-01 1.448072e+00 -0.442532 0.046517 0.100373 0.116344 0.128620 0.050678 0.442532 -0.056796 -0.113613 -0.113719 0.000000 
1.300001e-01 9.999999e-02 7.665019e-01 1.299894e-01 1.000000e-01 1.454765e+00 -0.454715 0.046836 0.101968 0.119999 0.133389 0.052521 0.454714 -0.058359 -0.116741 -0.116849 0.000000 
1.300001e-01 9.999999e-02 7.547144e-01 1.299879e-01 1.000000e-01 1.461425e+00 -0.466902 0.046988 0.103366 0.123779 0.138362 0.054405 0.466901 -0.059924 -0.119870 -0.119981 0.000000 
1.300001e-01 9.999999e-02 7.428857e-01 1.299862e-01 1.000000e-01 1.468050e+00 -0.479093 0.046978 0.104568 0.127693 0.143535 0.056317 0.479092 -0.061488 -0.123000 -0.123114 0.000000 
1.300001e-01 9.999999e-02 7.310163e-01 1.299843e-01 1.000000e-01 1.474640e+00 -0.491288 0.046793 0.105555 0.131764 0.148924 0.058251 0.491288 -0.063053 -0.126131 -0.126247 0.000000 
1.300001e-01 9.999999e-02 7.191063e-01 1.299821e-01 1.000000e-01 1.481194e+00 -0.503487 0.046381 0.106258 0.136053 0.154598 0.060195 0.503486 -0.064619 -0.129262 -0.129382 0.000000 
1.300001e-01 9.999998e-02 7.071562e-01 1.299795e-01 1.000000e-01 1.487713e+00 -0.515688 0.045741 0.106663 0.140586 0.160567 0.062130 0.515688 -0.066185 -0.132395 -0.132518 0.000000 
1.300001e-01 9.999998e-02 6.951664e-01 1.299766e-01 1.000000e-01 1.494196e+00 -0.527892 0.044861 0.106743 0.145397 0.166857 0.064033 0.527891 -0.067751 -0.135528 -0.135654 0.000000 
1.300001e-01 9.999998e-02 6.831371e-01 1.299733e-01 1.000000e-01 1.500641e+00 -0.540097 0.043694 0.106413 0.150572 0.173550 0.065868 0.540097 -0.069318 -0.138662 -0.138790 0.000000 
1.300001e-01 9.999997e-02 6.710687e-01 1.299695e-01 1.000000e-01 1.507048e+00 -0.552303 0.042205 0.105594 0.156196 0.180723 0.067584 0.552303 -0.070884 -0.141795 -0.141927 0.000000 
1.300001e-01 9.999997e-02 6.589616e-01 1.299652e-01 1.000000e-01 1.513414e+00 -0.564508 0.040401 0.104260 0.162307 0.188406 0.069133 0.564508 -0.072451 -0.144929 -0.145063 0.000000 
1.300001e-01 9.999996e-02 6.468160e-01 1.299604e-01 1.000000e-01 1.519741e+00 -0.576713 0.038258 0.102326 0.168993 0.196686 0.070448 0.576712 -0.074017 -0.148062 -0.148199 0.000000 
1.300001e-01 9.999995e-02 6.346324e-01 1.299550e-01 1.000000e-01 1.526027e+00 -0.588915 0.035699 0.099581 0.176461 0.205791 0.071382 0.588915 -0.075583 -0.151195 -0.151335 0.000000 
1.300001e-01 9.999994e-02 6.224109e-01 1.299490e-01 1.000000e-01 1.532271e+00 -0.601116 0.032741 0.095966 0.184768 0.215802 0.071838 0.601115 -0.077149 -0.154327 -0.154470 0.000000 
1.300001e-01 9.999993e-02 6.101520e-01 1.299426e-01 1.000000e-01 1.538473e+00 -0.613313 0.029382 0.091370 0.194009 0.226864 0.071687 0.613313 -0.078714 -0.157459 -0.157605 0.000000 
1.300001e-01 9.999992e-02 5.978559e-01 1.299360e-01 1.000000e-01 1.544633e+00 -0.625507 0.025612 0.085643 0.204304 0.239188 0.070758 0.625506 -0.080279 -0.160589 -0.160738 0.000000 
1.300001e-01 9.999990e-02 5.855231e-01 1.299298e-01 1.000000e-01 1.550748e+00 -0.637693 0.021382 0.078461 0.215894 0.253224 0.068731 0.637692 -0.081843 -0.163718 -0.163869 0.000000 
1.300001e-01 9.999988e-02 5.731536e-01 1.299251e-01 1.000000e-01 1.556817e+00 -0.649867 0.016729 0.069714 0.228771 0.269247 0.065405 0.649866 -0.083406 -0.166843 -0.166998 0.000000 
1.300001e-01 9.999986e-02 5.607480e-01 1.299244e-01 1.000000e-01 1.562835e+00 -0.662020 0.011706 0.059347 0.242805 0.287541 0.060620 0.662020 -0.084966 -0.169963 -0.170121 0.000000 
1.300001e-01 9.999983e-02 5.483065e-01 1.299329e-01 1.000000e-01 1.568795e+00 -0.674134 0.006373 0.047315 0.257698 0.308536 0.054212 0.674133 -0.086520 -0.173073 -0.173234 0.000000 
1.300001e-01 9.999979e-02 5.358293e-01 1.299625e-01 1.000000e-01 1.574679e+00 -0.686171 0.000835 0.033739 0.272697 0.332753 0.046145 0.686171 -0.088065 -0.176164 -0.176327 0.000000 
1.300001e-01 9.999975e-02 5.233168e-01 1.300408e-01 1.000000e-01 1.580449e+00 -0.698043 -0.004699 0.019034 0.285919 0.361202 0.036586 0.698042 -0.089589 -0.179212 -0.179378 0.000000 
1.300001e-01 9.999970e-02 5.107693e-01 1.302446e-01 1.000000e-01 1.586018e+00 -0.709586 -0.009826 0.004443 0.293178 0.395284 0.026505 0.709586 -0.091070 -0.182175 -0.182345 0.000000 
1.300001e-01 9.999963e-02 4.981871e-01 1.308176e-01 1.000000e-01 1.591179e+00 -0.720578 -0.014021 -0.008308 0.284776 0.440639 0.017490 0.720577 -0.092481 -0.184997 -0.185170 0.000000 
1.300001e-01 9.999956e-02 4.855704e-01 1.325138e-01 1.000000e-01 1.595662e+00 -0.731289 -0.017801 -0.020564 0.228449 0.531966 0.009238 0.731289 -0.093855 -0.187747 -0.187923 0.000000 
1.300001e-01 9.999946e-02 4.729195e-01 1.339773e-01 1.000000e-01 1.597500e+00 -0.741312 -0.020175 -0.028864 0.155259 0.631763 0.003328 0.741312 -0.095141 -0.190320 -0.190499 0.000000 
1.300001e-01 9.999934e-02 4.602347e-01 1.339773e-01 1.000000e-01 1.597500e+00 -0.749693 -0.019099 -0.026712 0.157413 0.633928 0.004162 0.749692 -0.096216 -0.192472 -0.192654 0.000000 
1.300001e-01 9.999920e-02 4.475164e-01 1.339773e-01 1.000000e-01 1.597500e+00 -0.758095 -0.018021 -0.024555 0.159572 0.636099 0.004999 0.758095 -0.097294 -0.194629 -0.194814 0.000000 
1.300001e-01 9.999903e-02 4.347647e-01 1.339773e-01 1.000000e-01 1.597500e+00 -0.766520 -0.016940 -0.022392 0.161737 0.638276 0.005838 0.766520 -0.098374 -0.196792 -0.196982 0.000000 
1.300001e-01 9.999882e-02 4.219799e-01 1.339773e-01 1.000000e-01 1.597500e+00 -0.774967 -0.015856 -0.020223 0.163907 0.640458 0.006679 0.774966 -0.099456 -0.198961 -0.199156 0.000000 
1.300001e-01 9.999857e-02 4.091623e-01 1.339773e-01 1.000000e-01 1.597500e+00 -0.783435 -0.014769 -0.018049 0.166083 0.642647 0.007522 0.783435 -0.100540 -0.201135 -0.201338 0.000000 
1.300001e-01 9.999825e-02 3.963122e-01 1.339773e-01 1.000000e-01 1.597500e+00 -0.791925 -0.013679 -0.015870 0.168265 0.644840 0.008367 0.791925 -0.101625 -0.203315 -0.203529 0.000000 
1.300001e-01 9.999787e-02 3.834298e-01 1.339773e-01 1.000000e-01 1.597500e+00 -0.800436 -0.012587 -0.013684 0.170452 0.647039 0.009215 0.800436 -0.102711 -0.205501 -0.205729 0.000000 
1.300001e-01 9.999740e-02 3.705153e-01 1.339773e-01 1.000000e-01 1.597500e+00 -0.808968 -0.011492 -0.011494 0.172645 0.649244 0.010064 0.808968 -0.103796 -0.207692 -0.207942 0.000000 
1.300001e-01 9.999683e-02 3.575691e-01 1.339773e-01 1.000000e-01 1.597500e+00 -0.817522 -0.010394 -0.009298 0.174843 0.651454 0.010916 0.817521 -0.104878 -0.209890 -0.210170 0.000000 
1.300001e-01 9.999613e-02 3.445914e-01 1.339773e-01 1.000000e-01 1.597500e+00 -0.826096 -0.009294 -0.007097 0.177046 0.653669 0.011770 0.826095 -0.105955 -0.212093 -0.212420 0.000000 
1.300001e-01 9.999528e-02 3.315825e-01 1.339773e-01 1.000000e-01 1.597500e+00 -0.834690 -0.008190 -0.004890 0.179255 0.655890 0.012625 0.834690 -0.107022 -0.214302 -0.214700 0.000000 
1.300001e-01 9.999423e-02 3.185425e-01 1.339773e-01 1.000000e-01 1.597500e+00 -0.843306 -0.007085 -0.002678 0.181469 0.658116 0.013483 0.843305 -0.108074 -0.216518 -0.217022 0.000000 
1.300001e-01 9.999295e-02 3.054717e-01 1.339773e-01 1.000000e-01 1.597500e+00 -0.851941 -0.005976 -0.000461 0.183688 0.660347 0.014343 0.851941 -0.109100 -0.218742 -0.219406 0.000000 
1.300001e-01 9.999138e-02 2.923704e-01 1.339773e-01 1.000000e-01 1.597500e+00 -0.860597 -0.004865 0.001761 0.185912 0.662584 0.015205 0.860597 -0.110084 -0.220974 -0.221883 0.000000 
1.300001e-01 9.998946e-02 2.792388e-01 1.339773e-01 1.000000e-01 1.597500e+00 -0.869273 -0.003752 0.003989 0.188142 0.664825 0.016069 0.869273 -0.111006 -0.223216 -0.224498 0.000000 
1.300001e-01 9.998711e-02 2.660771e-01 1.339773e-01 1.000000e-01 1.597500e+00 -0.877969 -0.002636 0.006221 0.190376 0.667072 0.016935 0.877969 -0.111828 -0.225470 -0.227324 0.000000 
1.300001e-01 9.998424e-02 2.528855e-01 1.339773e-01 1.000000e-01 1.597500e+00 -0.886685 -0.001517 0.008459 0.192616 0.669324 0.017803 0.886685 -0.112496 -0.227739 -0.230474 0.000000 
1.300001e-01 9.998074e-02 2.396642e-01 1.339773e-01 1.000000e-01 1.597500e+00 -0.895420 -0.000396 0.010701 0.194861 0.671581 0.018672 0.895420 -0.112936 -0.230023 -0.234107 0.000000 
1.300001e-01 9.997650e-02 2.264135e-01 1.339773e-01 1.000000e-01 1.597500e+00 -0.904176 0.000728 0.012949 0.197111 0.673844 0.019544 0.904176 -0.113012 -0.232321 -0.238519 0.000000 
1.300001e-01 9.997139e-02 2.131334e-01 1.339773e-01 1.000000e-01 1.597500e+00 -0.912951 0.001854 0.015202 0.199366 0.676111 0.020418 0.912951 -0.112546 -0.234622 -0.244119 0.000000 
1.300001e-01 9.996530e-02 1.998241e-01 1.339773e-01 1.000000e-01 1.597500e+00 -0.921746 0.002983 0.017460 0.201626 0.678383 0.021294 0.921746 -0.111281 -0.236886 -0.251545 0.000000 
1.300001e-01 9.995816e-02 1.864857e-01 1.339773e-01 1.000000e-01 1.597500e+00 -0.930561 0.004114 0.019723 0.203891 0.680661 0.022171 0.930561 -0.108767 -0.238989 -0.262023 0.000000 
1.300001e-01 9.995004e-02 1.731182e-01 1.339773e-01 1.000000e-01 1.597500e+00 -0.939397 0.005248 0.021992 0.206162 0.682944 0.023051 0.939397 -0.104482 -0.240617 -0.277323 0.000000 
1.300001e-01 9.994140e-02 1.597213e-01 1.339773e-01 1.000000e-01 1.597500e+00 -0.948256 0.006385 0.024266 0.208438 0.685233 0.023933 0.948256 -0.097713 -0.241013 -0.300516 0.000000 
1.300001e-01 9.993415e-02 1.462930e-01 1.339773e-01 1.000000e-01 1.597500e+00 -0.957143 0.007526 0.026548 0.210722 0.687529 0.024818 0.957143 -0.087422 -0.238093 -0.337974 0.000000 
1.300001e-01 9.993647e-02 1.328242e-01 1.339773e-01 1.000000e-01 1.597500e+00 -0.966088 0.008674 0.028844 0.213020 0.689840 0.025709 0.966088 -0.072710 -0.226898 -0.401155 0.000000 
1.300001e-01 9.998309e-02 1.192695e-01 1.339773e-01 1.000000e-01 1.597500e+00 -0.975231 0.009847 0.031192 0.215370 0.692203 0.026619 0.975231 -0.052644 -0.195344 -0.514049 0.000000 
1.300001e-01 1.001717e-01 1.054496e-01 1.339773e-01 1.000000e-01 1.597500e+00 -0.985201 0.011127 0.033751 0.217932 0.694779 0.027612 0.985201 -0.025429 -0.113425 -0.731619 0.000000 
1.300001e-01 1.003097e-01 9.749968e-02 1.339773e-01 1.000000e-01 1.597500e+00 -0.991698 0.011961 0.035419 0.219602 0.696458 0.028259 0.991698 -0.005779 -0.028694 -0.929261 0.000000 
1.300001e-01 1.003097e-01 9.749968e-02 1.339773e-01 1.000000e-01 1.597500e+00 -0.991698 0.011961 0.035419 0.219602 0.696458 0.028259 0.991698 -0.005779 -0.028694 -0.929261 0.000000 
1.300001e-01 1.003097e-01 9.749968e-02 1.339773e-01 1.000000e-01 1.597500e+00 -0.991698 0.011961 0.035419 0.219602 0.696458 0.028259 0.991698 -0.005779 -0.028694 -0.929261 0.000000 
1.300001e-01 1.003097e-01 9.749968e-02 1.339773e-01 1.000000e-01 1.597500e+00 -0.991698 0.011961 0.035419 0.219602 0.696458 0.028259 0.991698 -0.005779 -0.028694 -0.929261 0.000000 
1.300001e-01 1.003097e-01 9.749968e-02 1.339773e-01 1.000000e-01 1.597500e+00 -0.991698 0.011961 0.035419 0.219602 0.696458 0.028259 0.991698 -0.005779 -0.028694 -0.929261 0.000000 
1.300001e-01 1.003097e-01 9.749968e-02 1.339773e-01 1.000000e-01 1.597500e+00 -0.991698 0.011961 0.035419 0.219602 0.696458 0.028259 0.991698 -0.005779 -0.028694 -0.929261 0.000000 
1.300001e-01 1.003097e-01 9.749968e-02 1.339773e-01 1.000000e-01 1.597500e+00 -0.991698 0.011961 0.035419 0.219602 0.696458 0.028259 0.991698 -0.005779 -0.028694 -0.929261 0.000000 
1.300001e-01 1.003097e-01 9.749968e-02 1.339773e-01 1.000000e-01 1.597500e+00 -0.991698 0.011961 0.035419 0.219602 0.696458 0.028259 0.991698 -0.005779 -0.028694 -0.929261 0.000000 
1.300001e-01 1.003097e-01 9.749968e-02 1.339773e-01 1.000000e-01 1.597500e+00 -0.991698 0.011961 0.035419 0.219602 0.696458 0.028259 0.991698 -0.005779 -0.028694 -0.929261 0.000000 
1.300001e-01 1.003097e-01 9.749968e-02 1.339773e-01 1.000000e-01 1.597500e+00 -0.991698 0.011961 0.035419 0.219602 0.696458 0.028259 0.991698 -0.005779 -0.028694 -0.929261 0.000000 
1.300001e-01 1.003097e-01 9.749968e-02 1.339773e-01 1.000000e-01 1.597500e+00 -0.991698 0.011961 0.035419 0.219602 0.696458 0.028259 0.991698 -0.005779 -0.028694 -0.929261 0.000000 
1.300001e-01 1.003097e-01 9.749968e-02 1.339773e-01 1.000000e-01 1.597500e+00 -0.991698 0.011961 0.035419 0.219602 0.696458 0.028259 0.991698 -0.005779 -0.028694 -0.929261 0.000000 
1.300001e-01 1.003097e-01 9.749968e-02 1.339773e-01 1.000000e-01 1.597500e+00 -0.991698 0.011961 0.035419 0.219602 0.696458 0.028259 0.991698 -0.005779 -0.028694 -0.929261 0.000000 
1.300001e-01 1.003097e-01 9.749968e-02 1.339773e-01 1.000000e-01 1.597500e+00 -0.991698 0.011961 0.035419 0.219602 0.696458 0.028259 0.991698 -0.005779 -0.028694 -0.929261 0.000000 
1.300001e-01 1.003097e-01 9.749968e-02 1.339773e-01 1.000000e-01 1.597500e+00 -0.991698 0.011961 0.035419 0.219602 0.696458 0.028259 0.991698 -0.005779 -0.028694 -0.929261 0.000000 
1.300001e-01 1.003097e-01 9.749968e-02 1.339773e-01 1.000000e-01 1.597500e+00 -0.991698 0.011961 0.035419 0.219602 0.696458 0.028259 0.991698 -0.005779 -0.028694 -0.929261 0.000000 
1.300001e-01 1.003097e-01 9.749968e-02 1.339773e-01 1.000000e-01 1.597500e+00 -0.991698 0.011961 0.035419 0.219602 0.696458 0.028259 0.991698 -0.005779 -0.028694 -0.929261 0.000000 
1.300001e-01 1.003097e-01 9.749968e-02 1.339773e-01 1.000000e-01 1.597500e+00 -0.991698 0.011961 0.035419 0.219602 0.696458 0.028259 0.991698 -0.005779 -0.028694 -0.929261 0.000000 
1.300001e-01 1.003097e-01 9.749968e-02 1.339773e-01 1.000000e-01 1.597500e+00 -0.991698 0.011961 0.035419 0.219602 0.696458 0.028259 0.991698 -0.005779 -0.028694 -0.929261 0.000000 
1.300001e-01 1.003097e-01 9.749968e-02 1.339773e-01 1.000000e-01 1.597500e+00 -0.991698 0.011961 0.035419 0.219602 0.696458 0.028259 0.991698 -0.005779 -0.028694 -0.929261 0.000000 
1.300001e-01 1.003097e-01 9.749968e-02 1.339773e-01 1.000000e-01 1.597500e+00 -0.991698 0.011961 0.035419 0.219602 0.696458 0.028259 0.991698 -0.005779 -0.028694 -0.929261 0.000000 
1.300001e-01 1.003097e-01 9.749968e-02 1.339773e-01 1.000000e-01 1.597500e+00 -0.991698 0.011961 0.035419 0.219602 0.696458 0.028259 0.991698 -0.005779 -0.028694 -0.929261 0.000000 
1.300001e-01 1.003097e-01 9.749968e-02 1.339773e-01 1.000000e-01 1.597500e+00 -0.991698 0.011961 0.035419 0.219602 0.696458 0.028259 0.991698 -0.005779 -0.028694 -0.929261 0.000000 
1.300001e-01 1.003097e-01 9.749968e-02 1.339773e-01 1.000000e-01 1.597500e+00 -0.991698 0.011961 0.035419 0.219602 0.696458 0.028259 0.991698 -0.005779 -0.028694 -0.929261 0.000000 
1.300001e-01 1.003097e-01 9.749968e-02 1.339773e-01 1.000000e-01 1.597500e+00 -0.991698 0.011961 0.035419 0.219602 0.696458 0.028259 0.991698 -0.005779 -0.028694 -0.929261 0.000000 
1.300001e-01 1.003097e-01 9.749968e-02 1.339773e-01 1.000000e-01 1.597500e+00 -0.991698 0.011961 0.035419 0.219602 0.696458 0.028259 0.991698 -0.005779 -0.028694 -0.929261 0.000000 
1.300001e-01 1.003097e-01 9.749968e-02 1.339773e-01 1.000000e-01 1.597500e+00 -0.991698 0.011961 0.035419 0.219602 0.696458 0.028259 0.991698 -0.005779 -0.028694 -0.929261 0.000000 
1.300001e-01 1.003097e-01 9.749968e-02 1.339773e-01 1.000000e-01 1.597500e+00 -0.991698 0.011961 0.035419 0.219602 0.696458 0.028259 0.991698 -0.005779 -0.028694 -0.929261 0.000000 
1.300001e-01 1.003097e-01 9.749968e-02 1.339773e-01 1.000000e-01 1.597500e+00 -0.991698 0.011961 0.035419 0.219602 0.696458 0.028259 0.991698 -0.005779 -0.028694 -0.929261 0.000000 
1.300001e-01 1.003097e-01 9.749968e-02 1.339773e-01 1.000000e-01 1.597500e+00 -0.991698 0.011961 0.035419 0.219602 0.696458 0.028259 0.991698 -0.005779 -0.028694 -0.929261 0.000000 
1.300001e-01 1.003097e-01 9.749968e-02 1.339773e-01 1.000000e-01 1.597500e+00 -0.991698 0.011961 0.035419 0.219602 0.696458 0.028259 0.991698 -0.005779 -0.028694 -0.929261 0.000000 
1.300001e-01 1.003097e-01 9.749968e-02 1.339773e-01 1.000000e-01 1.597500e+00 -0.991698 0.011961 0.035419 0.219602 0.696458 0.028259 0.991698 -0.005779 -0.028694 -0.929261 0.000000 
1.300001e-01 1.003097e-01 9.749968e-02 1.339773e-01 1.000000e-01 1.597500e+00 -0.991698 0.011961 0.035419 0.219602 0.696458 0.028259 0.991698 -0.005779 -0.028694 -0.929261 0.000000 
1.300001e-01 1.003097e-01 9.749968e-02 1.339773e-01 1.000000e-01 1.597500e+00 -0.991698 0.011961 0.035419 0.219602 0.696458 0.028259 0.991698 -0.005779 -0.028694 -0.929261 0.000000 
1.300001e-01 1.003097e-01 9.749968e-02 1.339773e-01 1.000000e-01 1.597500e+00 -0.991698 0.011961 0.035419 0.219602 0.696458 0.028259 0.991698 -0.005779 -0.028694 -0.929261 0.000000 
1.300001e-01 1.003097e-01 9.749968e-02 1.339773e-01 1.000000e-01 1.597500e+00 -0.991698 0.011961 0.035419 0.219602 0.696458 0.028259 0.991698 -0.005779 -0.028694 -0.929261 0.000000 
1.300001e-01 1.003097e-01 9.749968e-02 1.339773e-01 1.000000e-01 1.597500e+00 -0.991698 0.011961 0.035419 0.219602 0.696458 0.028259 0.991698 -0.005779 -0.028694 -0.929261 0.000000 
1.300001e-01 1.003097e-01 9.749968e-02 1.339773e-01 1.000000e-01 1.597500e+00 -0.991698 0.011961 0.035419 0.219602 0.696458 0.028259 0.991698 -0.005779 -0.028694 -0.929261 0.000000 
1.300001e-01 1.003097e-01 9.749968e-02 1.339773e-01 1.000000e-01 1.597500e+00 -0.991698 0.011961 0.035419 0.219602 0.696458 0.028259 0.991698 -0.005779 -0.028694 -0.929261 0.000000 
1.300001e-01 1.003097e-01 9.749968e-02 1.339773e-01 1.000000e-01 1.597500e+00 -0.991698 0.011961 0.035419 0.219602 0.696458 0.028259 0.991698 -0.005779 -0.028694 -0.929261 0.000000 
1.300001e-01 1.003097e-01 9.749968e-02 1.339773e-01 1.000000e-01 1.597500e+00 -0.991698 0.011961 0.035419 0.219602 0.696458 0.028259 0.991698 -0.005779 -0.028694 -0.929261 0.000000 
1.300001e-01 1.003097e-01 9.749968e-02 1.339773e-01 1.000000e-01 1.597500e+00 -0.991698 0.011961 0.035419 0.219602 0.696458 0.028259 0.991698 -0.005779 -0.028694 -0.929261 0.000000 
1.300001e-01 1.003097e-01 9.749968e-02 1.339773e-01 1.000000e-01 1.597500e+00 -0.991698 0.011961 0.035419 0.219602 0.696458 0.028259 0.991698 -0.005779 -0.028694 -0.929261 0.000000 
1.300001e-01 1.003097e-01 9.749968e-02 1.339773e-01 1.000000e-01 1.597500e+00 -0.991698 0.011961 0.035419 0.219602 0.696458 0.028259 0.991698 -0.005779 -0.028694 -0.929261 0.000000 
1.300001e-01 1.003097e-01 9.749968e-02 1.339773e-01 1.000000e-01 1.597500e+00 -0.991698 0.011961 0.035419 0.219602 0.696458 0.028259 0.991698 -0.005779 -0.028694 -0.929261 0.000000 
1.300001e-01 1.003097e-01 9.749968e-02 1.339773e-01 1.000000e-01 1.597500e+00 -0.991698 0.011961 0.035419 0.219602 0.696458 0.028259 0.991698 -0.005779 -0.028694 -0.929261 0.000000 
1.300001e-01 1.003097e-01 9.749968e-02 1.339773e-01 1.000000e-01 1.597500e+00 -0.991698 0.011961 0.035419 0.219602 0.696458 0.028259 0.991698 -0.005779 -0.028694 -0.929261 0.000000 
1.300001e-01 1.003097e-01 9.749968e-02 1.339773e-01 1.000000e-01 1.597500e+00 -0.991698 0.011961 0.035419 0.219602 0.696458 0.028259 0.991698 -0.005779 -0.028694 -0.929261 0.000000 
1.300001e-01 1.003097e-01 9.749968e-02 1.339773e-01 1.000000e-01 1.597500e+00 -0.991698 0.011961 0.035419 0.219602 0.696458 0.028259 0.991698 -0.005779 -0.028694 -0.929261 0.000000 
1.300001e-01 1.003097e-01 9.749968e-02 1.339773e-01 1.000000e-01 1.597500e+00 -0.991698 0.011961 0.035419 0.219602 0.696458 0.028259 0.991698 -0.005779 -0.028694 -0.929261 0.000000 
1.300001e-01 1.003097e-01 9.749968e-02 1.339773e-01 1.000000e-01 1.597500e+00 -0.991698 0.011961 0.035419 0.219602 0.696458 0.028259 0.991698 -0.005779 -0.028694 -0.929261 0.000000 
1.300001e-01 1.003097e-01 9.749968e-02 1.339773e-01 1.000000e-01 1.597500e+00 -0.991698 0.011961 0.035419 0.219602 0.696458 0.028259 0.991698 -0.005779 -0.028694 -0.929261 0.000000 
1.300001e-01 1.003097e-01 9.749968e-02 1.339773e-01 1.000000e-01 1.597500e+00 -0.991698 0.011961 0.035419 0.219602 0.696458 0.028259 0.991698 -0.005779 -0.028694 -0.929261 0.000000 
1.300001e-01 1.003097e-01 9.749968e-02 1.339773e-01 1.000000e-01 1.597500e+00 -0.991698 0.011961 0.035419 0.219602 0.696458 0.028259 0.991698 -0.005779 -0.028694 -0.929261 0.000000 
1.300001e-01 1.003097e-01 9.749968e-02 1.339773e-01 1.000000e-01 1.597500e+00 -0.991698 0.011961 0.035419 0.219602 0.696458 0.028259 0.991698 -0.005779 -0.028694 -0.929261 0.000000 
1.300001e-01 1.003097e-01 9.749968e-02 1.339773e-01 1.000000e-01 1.597500e+00 -0.991698 0.011961 0.035419 0.219602 0.696458 0.028259 0.991698 -0.005779 -0.028694 -0.929261 0.000000 
1.300001e-01 1.003097e-01 9.749968e-02 1.339773e-01 1.000000e-01 1.597500e+00 -0.991698 0.011961 0.035419 0.219602 0.696458 0.028259 0.991698 -0.005779 -0.028694 -0.929261 0.000000 
1.300001e-01 1.003097e-01 9.749968e-02 1.339773e-01 1.000000e-01 1.597500e+00 -0.991698 0.011961 0.035419 0.219602 0.696458 0.028259 0.991698 -0.005779 -0.028694 -0.929261 0.000000 
1.300001e-01 1.003097e-01 9.749968e-02 1.339773e-01 1.000000e-01 1.597500e+00 -0.991698 0.011961 0.035419 0.219602 0.696458 0.028259 0.991698 -0.005779 -0.028694 -0.929261 0.000000 
1.300001e-01 1.003097e-01 9.749968e-02 1.339773e-01 1.000000e-01 1.597500e+00 -0.991698 0.011961 0.035419 0.219602 0.696458 0.028259 0.991698 -0.005779 -0.028694 -0.929261 0.000000 
1.300001e-01 1.003097e-01 9.749968e-02 1.339773e-01 1.000000e-01 1.597500e+00 -0.991698 0.011961 0.035419 0.219602 0.696458 0.028259 0.991698 -0.005779 -0.028694 -0.929261 0.000000 
1.300001e-01 1.003097e-01 9.749968e-02 1.339773e-01 1.000000e-01 1.597500e+00 -0.991698 0.011961 0.035419 0.219602 0.696458 0.028259 0.991698 -0.005779 -0.028694 -0.929261 0.000000 
1.300001e-01 1.003097e-01 9.749968e-02 1.339773e-01 1.000000e-01 1.597500e+00 -0.991698 0.011961 0.035419 0.219602 0.696458 0.028259 0.991698 -0.005779 -0.028694 -0.929261 0.000000 
1.300001e-01 1.003097e-01 9.749968e-02 1.339773e-01 1.000000e-01 1.597500e+00 -0.991698 0.011961 0.035419 0.219602 0.696458 0.028259 0.991698 -0.005779 -0.028694 -0.929261 0.000000 
1.300001e-01 1.003097e-01 9.749968e-02 1.339773e-01 1.000000e-01 1.597500e+00 -0.991698 0.011961 0.035419 0.219602 0.696458 0.028259 0.991698 -0.005779 -0.028694 -0.929261 0.000000 
1.300001e-01 1.003097e-01 9.749968e-02 1.339773e-01 1.000000e-01 1.597500e+00 -0.991698 0.011961 0.035419 0.219602 0.696458 0.028259 0.991698 -0.005779 -0.028694 -0.929261 0.000000 
1.300001e-01 1.003097e-01 9.749968e-02 1.339773e-01 1.000000e-01 1.597500e+00 -0.991698 0.011961 0.035419 0.219602 0.696458 0.028259 0.991698 -0.005779 -0.028694 -0.929261 0.000000 
1.300001e-01 1.003097e-01 9.749968e-02 1.339773e-01 1.000000e-01 1.597500e+00 -0.991698 0.011961 0.035419 0.219602 0.696458 0.028259 0.991698 -0.005779 -0.028694 -0.929261 0.000000 
1.300001e-01 1.003097e-01 9.749968e-02 1.339773e-01 1.000000e-01 1.597500e+00 -0.991698 0.011961 0.035419 0.219602 0.696458 0.028259 0.991698 -0.005779 -0.028694 -0.929261 0.000000 
1.300001e-01 1.003097e-01 9.749968e-02 1.339773e-01 1.000000e-01 1.597500e+00 -0.991698 0.011961 0.035419 0.219602 0.696458 0.028259 0.991698 -0.005779 -0.028694 -0.929261 0.000000 
1.300001e-01 1.003097e-01 9.749968e-02 1.339773e-01 1.000000e-01 1.597500e+00 -0.991698 0.011961 0.035419 0.219602 0.696458 0.028259 0.991698 -0.005779 -0.028694 -0.929261 0.000000 
1.300001e-01 1.003097e-01 9.749968e-02 1.339773e-01 1.000000e-01 1.597500e+00 -0.991698 0.011961 0.035419 0.219602 0.696458 0.028259 0.991698 -0.005779 -0.028694 -0.929261 0.000000 
1.300001e-01 1.003097e-01 9.749968e-02 1.339773e-01 1.000000e-01 1.597500e+00 -0.991698 0.011961 0.035419 0.219602 0.696458 0.028259 0.991698 -0.005779 -0.028694 -0.929261 0.000000 
1.300001e-01 1.003097e-01 9.749968e-02 1.339773e-01 1.000000e-01 1.597500e+00 -0.991698 0.011961 0.035419 0.219602 0.696458 0.028259 0.991698 -0.005779 -0.028694 -0.929261 0.000000 
1.300001e-01 1.003097e-01 9.749968e-02 1.339773e-01 1.000000e-01 1.597500e+00 -0.991698 0.011961 0.035419 0.219602 0.696458 0.028259 0.991698 -0.005779 -0.028694 -0.929261 0.000000 
1.300001e-01 1.003097e-01 9.749968e-02 1.339773e-01 1.000000e-01 1.597500e+00 -0.991698 0.011961 0.035419 0.219602 0.696458 0.028259 0.991698 -0.005779 -0.028694 -0.929261 0.000000 
1.300001e-01 1.003097e-01 9.749968e-02 1.339773e-01 1.000000e-01 1.597500e+00 -0.991698 0.011961 0.035419 0.219602 0.696458 0.028259 0.991698 -0.005779 -0.028694 -0.929261 0.000000 
1.300001e-01 1.003097e-01 9.749968e-02 1.339773e-01 1.000000e-01 1.597500e+00 -0.991698 0.011961 0.035419 0.219602 0.696458 0.028259 0.991698 -0.005779 -0.028694 -0.929261 0.000000 
1.300001e-01 1.003097e-01 9.749968e-02 1.339773e-01 1.000000e-01 1.597500e+00 -0.991698 0.011961 0.035419 0.219602 0.696458 0.028259 0.991698 -0.005779 -0.028694 -0.929261 0.000000 
1.300001e-01 1.003097e-01 9.749968e-02 1.339773e-01 1.000000e-01 1.597500e+00 -0.991698 0.011961 0.035419 0.219602 0.696458 0.028259 0.991698 -0.005779 -0.028694 -0.929261 0.000000 
1.300001e-01 1.003097e-01 9.749968e-02 1.339773e-01 1.000000e-01 1.597500e+00 -0.991698 0.011961 0.035419 0.219602 0.696458 0.028259 0.991698 -0.005779 -0.028694 -0.929261 0.000000 
1.300001e-01 1.003097e-01 9.749968e-02 1.339773e-01 1.000000e-01 1.597500e+00 -0.991698 0.011961 0.035419 0.219602 0.696458 0.028259 0.991698 -0.005779 -0.028694 -0.929261 0.000000 
1.300001e-01 1.003097e-01 9.749968e-02 1.339773e-01 1.000000e-01 1.597500e+00 -0.991698 0.011961 0.035419 0.219602 0.696458 0.028259 0.991698 -0.005779 -0.028694 -0.929261 0.000000 
1.300001e-01 1.003097e-01 9.749968e-02 1.339773e-01 1.000000e-01 1.597500e+00 -0.991698 0.011961 0.035419 0.219602 0.696458 0.028259 0.991698 -0.005779 -0.028694 -0.929261 0.000000 
1.300001e-01 1.003097e-01 9.749968e-02 1.339773e-01 1.000000e-01 1.597500e+00 -0.991698 0.011961 0.035419 0.219602 0.696458 0.028259 0.991698 -0.005779 -0.028694 -0.929261 0.000000 
1.300001e-01 1.003097e-01 9.749968e-02 1.339773e-01 1.000000e-01 1.597500e+00 -0.991698 0.011961 0.035419 0.219602 0.696458 0.028259 0.991698 -0.005779 -0.028694 -0.929261 0.000000 
1.300001e-01 1.003097e-01 9.749968e-02 1.339773e-01 1.000000e-01 1.597500e+00 -0.991698 0.011961 0.035419 0.219602 0.696458 0.028259 0.991698 -0.005779 -0.028694 -0.929261 0.000000 
1.300001e-01 1.003097e-01 9.749968e-02 1.339773e-01 1.000000e-01 1.597500e+00 -0.991698 0.011961 0.035419 0.219602 0.696458 0.028259 0.991698 -0.005779 -0.028694 -0.929261 0.000000 
1.300001e-01 1.003097e-01 9.749968e-02 1.339773e-01 1.000000e-01 1.597500e+00 -0.991698 0.011961 0.035419 0.219602 0.696458 0.028259 0.991698 -0.005779 -0.028694 -0.929261 0.000000 
1.300001e-01 1.003097e-01 9.749968e-02 1.339773e-01 1.000000e-01 1.597500e+00 -0.991698 0.011961 0.035419 0.219602 0.696458 0.028259 0.991698 -0.005779 -0.028694 -0.929261 0.000000 
1.300001e-01 1.003097e-01 9.749968e-02 1.339773e-01 1.000000e-01 1.597500e+00 -0.991698 0.011961 0.035419 0.219602 0.696458 0.028259 0.991698 -0.005779 -0.028694 -0.929261 0.000000 
1.300001e-01 1.003097e-01 9.749968e-02 1.339773e-01 1.000000e-01 1.597500e+00 -0.991698 0.011961 0.035419 0.219602 0.696458 0.028259 0.991698 -0.005779 -0.028694 -0.929261 0.000000 
1.300001e-01 1.003097e-01 9.749968e-02 1.339773e-01 1.000000e-01 1.597500e+00 -0.991698 0.011961 0.035419 0.219602 0.696458 0.028259 0.991698 -0.005779 -0.028694 -0.929261 0.000000 
1.300001e-01 1.003097e-01 9.749968e-02 1.339773e-01 1.000000e-01 1.597500e+00 -0.991698 0.011961 0.035419 0.219602 0.696458 0.028259 0.991698 -0.005779 -0.028694 -0.929261 0.000000 
1.300001e-01 1.003097e-01 9.749968e-02 1.339773e-01 1.000000e-01 1.597500e+00 -0.991698 0.011961 0.035419 0.219602 0.696458 0.028259 0.991698 -0.005779 -0.028694 -0.929261 0.000000 
1.300001e-01 1.003097e-01 9.749968e-02 1.339773e-01 1.000000e-01 1.597500e+00 -0.991698 0.011961 0.035419 0.219602 0.696458 0.028259 0.991698 -0.005779 -0.028694 -0.929261 0.000000 
1.300001e-01 1.003097e-01 9.749968e-02 1.339773e-01 1.000000e-01 1.597500e+00 -0.991698 0.011961 0.035419 0.219602 0.696458 0.028259 0.991698 -0.005779 -0.028694 -0.929261 0.000000 
1.300001e-01 1.003097e-01 9.749968e-02 1.339773e-01 1.000000e-01 1.597500e+00 -0.991698 0.011961 0.035419 0.219602 0.696458 0.028259 0.991698 -0.005779 -0.028694 -0.929261 0.000000 
1.300001e-01 1.003097e-01 9.749968e-02 1.339773e-01 1.000000e-01 1.597500e+00 -0.991698 0.011961 0.035419 0.219602 0.696458 0.028259 0.991698 -0.005779 -0.028694 -0.929261 0.000000 
1.300001e-01 1.003097e-01 9.749968e-02 1.339773e-01 1.000000e-01 1.597500e+00 -0.991698 0.011961 0.035419 0.219602 0.696458 0.028259 0.991698 -0.005779 -0.028694 -0.929261 0.000000 
1.300001e-01 1.003097e-01 9.749968e-02 1.339773e-01 1.000000e-01 1.597500e+00 -0.991698 0.011961 0.035419 0.219602 0.696458 0.028259 0.991698 -0.005779 -0.028694 -0.929261 0.000000 
1.300001e-01 1.003097e-01 9.749968e-02 1.339773e-01 1.000000e-01 1.597500e+00 -0.991698 0.011961 0.035419 0.219602 0.696458 0.028259 0.991698 -0.005779 -0.028694 -0.929261 0.000000 
1.300001e-01 1.003097e-01 9.749968e-02 1.339773e-01 1.000000e-01 1.597500e+00 -0.991698 0.011961 0.035419 0.219602 0.696458 0.028259 0.991698 -0.005779 -0.028694 -0.929261 0.000000 
1.300001e-01 1.003097e-01 9.749968e-02 1.339773e-01 1.000000e-01 1.597500e+00 -0.991698 0.011961 0.035419 0.219602 0.696458 0.028259 0.991698 -0.005779 -0.028694 -0.929261 0.000000 
1.300001e-01 1.003097e-01 9.749968e-02 1.339773e-01 1.000000e-01 1.597500e+00 -0.991698 0.011961 0.035419 0.219602 0.696458 0.028259 0.991698 -0.005779 -0.028694 -0.929261 0.000000 
1.300001e-01 1.003097e-01 9.749968e-02 1.339773e-01 1.000000e-01 1.597500e+00 -0.991698 0.011961 0.035419 0.219602 0.696458 0.028259 0.991698 -0.005779 -0.028694 -0.929261 0.000000 
1.300001e-01 1.003097e-01 9.749968e-02 1.339773e-01 1.000000e-01 1.597500e+00 -0.991698 0.011961 0.035419 0.219602 0.696458 0.028259 0.991698 -0.005779 -0.028694 -0.929261 0.000000 
1.300001e-01 1.003097e-01 9.749968e-02 1.339773e-01 1.000000e-01 1.597500e+00 -0.991698 0.011961 0.035419 0.219602 0.696458 0.028259 0.991698 -0.005779 -0.028694 -0.929261 0.000000 
1.300001e-01 1.003097e-01 9.749968e-02 1.339773e-01 1.000000e-01 1.597500e+00 -0.991698 0.011961 0.035419 0.219602 0.696458 0.028259 0.991698 -0.005779 -0.028694 -0.929261 0.000000 
1.300001e-01 1.003097e-01 9.749968e-02 1.339773e-01 1.000000e-01 1.597500e+00 -0.991698 0.011961 0.035419 0.219602 0.696458 0.028259 0.991698 -0.005779 -0.028694 -0.929261 0.000000 
1.300001e-01 1.003097e-01 9.749968e-02 1.339773e-01 1.000000e-01 1.597500e+00 -0.991698 0.011961 0.035419 0.219602 0.696458 0.028259 0.991698 -0.005779 -0.028694 -0.929261 0.000000 
1.300001e-01 1.003097e-01 9.749968e-02 1.339773e-01 1.000000e-01 1.597500e+00 -0.991698 0.011961 0.035419 0.219602 0.696458 0.028259 0.991698 -0.005779 -0.028694 -0.929261 0.000000 
1.300001e-01 1.003097e-01 9.749968e-02 1.339773e-01 1.000000e-01 1.597500e+00 -0.991698 0.011961 0.035419 0.219602 0.696458 0.028259 0.991698 -0.005779 -0.028694 -0.929261 0.000000 
1.300001e-01 1.003097e-01 9.749968e-02 1.339773e-01 1.000000e-01 1.597500e+00 -0.991698 0.011961 0.035419 0.219602 0.696458 0.028259 0.991698 -0.005779 -0.028694 -0.929261 0.000000 
1.300001e-01 1.003097e-01 9.749968e-02 1.339773e-01 1.000000e-01 1.597500e+00 -0.991698 0.011961 0.035419 0.219602 0.696458 0.028259 0.991698 -0.005779 -0.028694 -0.929261 0.000000 
1.300001e-01 1.003097e-01 9.749968e-02 1.339773e-01 1.000000e-01 1.597500e+00 -0.991698 0.011961 0.035419 0.219602 0.696458 0.028259 0.991698 -0.005779 -0.028694 -0.929261 0.000000 
1.300001e-01 1.003097e-01 9.749968e-02 1.339773e-01 1.000000e-01 1.597500e+00 -0.991698 0.011961 0.035419 0.219602 0.696458 0.028259 0.991698 -0.005779 -0.028694 -0.929261 0.000000 
1.300001e-01 1.003097e-01 9.749968e-02 1.339773e-01 1.000000e-01 1.597500e+00 -0.991698 0.011961 0.035419 0.219602 0.696458 0.028259 0.991698 -0.005779 -0.028694 -0.929261 0.000000 
1.300001e-01 1.003097e-01 9.749968e-02 1.339773e-01 1.000000e-01 1.597500e+00 -0.991698 0.011961 0.035419 0.219602 0.696458 0.028259 0.991698 -0.005779 -0.028694 -0.929261 0.000000 
1.300001e-01 1.003097e-01 9.749968e-02 1.339773e-01 1.000000e-01 1.597500e+00 -0.991698 0.011961 0.035419 0.219602 0.696458 0.028259 0.991698 -0.005779 -0.028694 -0.929261 0.000000 
1.300001e-01 1.003097e-01 9.749968e-02 1.339773e-01 1.000000e-01 1.597500e+00 -0.991698 0.011961 0.035419 0.219602 0.696458 0.028259 0.991698 -0.005779 -0.028694 -0.929261 0.000000 
1.300001e-01 1.003097e-01 9.749968e-02 1.339773e-01 1.000000e-01 1.597500e+00 -0.991698 0.011961 0.035419 0.219602 0.696458 0.028259 0.991698 -0.005779 -0.028694 -0.929261 0.000000 
1.300001e-01 1.003097e-01 9.749968e-02 1.339773e-01 1.000000e-01 1.597500e+00 -0.991698 0.011961 0.035419 0.219602 0.696458 0.028259 0.991698 -0.005779 -0.028694 -0.929261 0.000000 
1.300001e-01 1.003097e-01 9.749968e-02 1.339773e-01 1.000000e-01 1.597500e+00 -0.991698 0.011961 0.035419 0.219602 0.696458 0.028259 0.991698 -0.005779 -0.028694 -0.929261 0.000000 
1.300001e-01 1.003097e-01 9.749968e-02 1.339773e-01 1.000000e-01 1.597500e+00 -0.991698 0.011961 0.035419 0.219602 0.696458 0.028259 0.991698 -0.005779 -0.028694 -0.929261 0.000000 
1.300001e-01 1.003097e-01 9.749968e-02 1.339773e-01 1.000000e-01 1.597500e+00 -0.991698 0.011961 0.035419 0.219602 0.696458 0.028259 0.991698 -0.005779 -0.028694 -0.929261 0.000000 
1.300001e-01 1.003097e-01 9.749968e-02 1.339773e-01 1.000000e-01 1.597500e+00 -0.991698 0.011961 0.035419 0.219602 0.696458 0.028259 0.991698 -0.005779 -0.028694 -0.929261 0.000000 
1.300001e-01 1.003097e-01 9.749968e-02 1.339773e-01 1.000000e-01 1.597500e+00 -0.991698 0.011961 0.035419 0.219602 0.696458 0.028259 0.991698 -0.005779 -0.028694 -0.929261 0.000000 
1.300001e-01 1.003097e-01 9.749968e-02 1.339773e-01 1.000000e-01 1.597500e+00 -0.991698 0.011961 0.035419 0.219602 0.696458 0.028259 0.991698 -0.005779 -0.028694 -0.929261 0.000000 
1.300001e-01 1.003097e-01 9.749968e-02 1.339773e-01 1.000000e-01 1.597500e+00 -0.991698 0.011961 0.035419 0.219602 0.696458 0.028259 0.991698 -0.005779 -0.028694 -0.929261 0.000000 
1.300001e-01 1.003097e-01 9.749968e-02 1.339773e-01 1.000000e-01 1.597500e+00 -0.991698 0.011961 0.035419 0.219602 0.696458 0.028259 0.991698 -0.005779 -0.028694 -0.929261 0.000000 
1.300001e-01 1.003097e-01 9.749968e-02 1.339773e-01 1.000000e-01 1.597500e+00 -0.991698 0.011961 0.035419 0.219602 0.696458 0.028259 0.991698 -0.005779 -0.028694 -0.929261 0.000000 
1.300001e-01 1.003097e-01 9.749968e-02 1.339773e-01 1.000000e-01 1.597500e+00 -0.991698 0.011961 0.035419 0.219602 0.696458 0.028259 0.991698 -0.005779 -0.028694 -0.929261 0.000000 
1.300001e-01 1.003097e-01 9.749968e-02 1.339773e-01 1.000000e-01 1.597500e+00 -0.991698 0.011961 0.035419 0.219602 0.696458 0.028259 0.991698 -0.005779 -0.028694 -0.929261 0.000000 
1.300001e-01 1.003097e-01 9.749968e-02 1.339773e-01 1.000000e-01 1.597500e+00 -0.991698 0.011961 0.035419 0.219602 0.696458 0.028259 0.991698 -0.005779 -0.028694 -0.929261 0.000000 
1.300001e-01 1.003097e-01 9.749968e-02 1.339773e-01 1.000000e-01 1.597500e+00 -0.991698 0.011961 0.035419 0.219602 0.696458 0.028259 0.991698 -0.005779 -0.028694 -0.929261 0.000000 
1.300001e-01 1.003097e-01 9.749968e-02 1.339773e-01 1.000000e-01 1.597500e+00 -0.991698 0.011961 0.035419 0.219602 0.696458 0.028259 0.991698 -0.005779 -0.028694 -0.929261 0.000000 
1.300001e-01 1.003097e-01 9.749968e-02 1.339773e-01 1.000000e-01 1.597500e+00 -0.991698 0.011961 0.035419 0.219602 0.696458 0.028259 0.991698 -0.005779 -0.028694 -0.929261 0.000000 
1.300001e-01 1.003097e-01 9.749968e-02 1.339773e-01 1.000000e-01 1.597500e+00 -0.991698 0.011961 0.035419 0.219602 0.696458 0.028259 0.991698 -0.005779 -0.028694 -0.929261 0.000000 
1.300001e-01 1.003097e-01 9.749968e-02 1.339773e-01 1.000000e-01 1.597500e+00 -0.991698 0.011961 0.035419 0.219602 0.696458 0.028259 0.991698 -0.005779 -0.028694 -0.929261 0.000000 
1.300001e-01 1.003097e-01 9.749968e-02 1.339773e-01 1.000000e-01 1.597500e+00 -0.991698 0.011961 0.035419 0.219602 0.696458 0.028259 0.991698 -0.005779 -0.028694 -0.929261 0.000000 
1.300001e-01 1.003097e-01 9.749968e-02 1.339773e-01 1.000000e-01 1.597500e+00 -0.991698 0.011961 0.035419 0.219602 0.696458 0.028259 0.991698 -0.005779 -0.028694 -0.929261 0.000000 
1.300001e-01 1.003097e-01 9.749968e-02 1.339773e-01 1.000000e-01 1.597500e+00 -0.991698 0.011961 0.035419 0.219602 0.696458 0.028259 0.991698 -0.005779 -0.028694 -0.929261 0.000000 
1.300001e-01 1.003097e-01 9.749968e-02 1.339773e-01 1.000000e-01 1.597500e+00 -0.991698 0.011961 0.035419 0.219602 0.696458 0.028259 0.991698 -0.005779 -0.028694 -0.929261 0.000000 
1.300001e-01 1.003097e-01 9.749968e-02 1.339773e-01 1.000000e-01 1.597500e+00 -0.991698 0.011961 0.035419 0.219602 0.696458 0.028259 0.991698 -0.005779 -0.028694 -0.929261 0.000000 
1.300001e-01 1.003097e-01 9.749968e-02 1.339773e-01 1.000000e-01 1.597500e+00 -0.991698 0.011961 0.035419 0.219602 0.696458 0.028259 0.991698 -0.005779 -0.028694 -0.929261 0.000000 
1.300001e-01 1.003097e-01 9.749968e-02 1.339773e-01 1.000000e-01 1.597500e+00 -0.991698 0.011961 0.035419 0.219602 0.696458 0.028259 0.991698 -0.005779 -0.028694 -0.929261 0.000000 
1.300001e-01 1.003097e-01 9.749968e-02 1.339773e-01 1.000000e-01 1.597500e+00 -0.991698 0.011961 0.035419 0.219602 0.696458 0.028259 0.991698 -0.005779 -0.028694 -0.929261 0.000000 
1.300001e-01 1.003097e-01 9.749968e-02 1.339773e-01 1.000000e-01 1.597500e+00 -0.991698 0.011961 0.035419 0.219602 0.696458 0.028259 0.991698 -0.005779 -0.028694 -0.929261 0.000000 
1.300001e-01 1.003097e-01 9.749968e-02 1.339773e-01 1.000000e-01 1.597500e+00 -0.991698 0.011961 0.035419 0.219602 0.696458 0.028259 0.991698 -0.005779 -0.028694 -0.929261 0.000000 
1.300001e-01 1.003097e-01 9.749968e-02 1.339773e-01 1.000000e-01 1.597500e+00 -0.991698 0.011961 0.035419 0.219602 0.696458 0.028259 0.991698 -0.005779 -0.028694 -0.929261 0.000000 
1.300001e-01 1.003097e-01 9.749968e-02 1.339773e-01 1.000000e-01 1.597500e+00 -0.991698 0.011961 0.035419 0.219602 0.696458 0.028259 0.991698 -0.005779 -0.028694 -0.929261 0.000000 
1.300001e-01 1.003097e-01 9.749968e-02 1.339773e-01 1.000000e-01 1.597500e+00 -0.991698 0.011961 0.035419 0.219602 0.696458 0.028259 0.991698 -0.005779 -0.028694 -0.929261 0.000000 
1.300001e-01 1.003097e-01 9.749968e-02 1.339773e-01 1.000000e-01 1.597500e+00 -0.991698 0.011961 0.035419 0.219602 0.696458 0.028259 0.991698 -0.005779 -0.028694 -0.929261 0.000000 
1.300001e-01 1.003097e-01 9.749968e-02 1.339773e-01 1.000000e-01 1.597500e+00 -0.991698 0.011961 0.035419 0.219602 0.696458 0.028259 0.991698 -0.005779 -0.028694 -0.929261 0.000000 
1.300001e-01 1.003097e-01 9.749968e-02 1.339773e-01 1.000000e-01 1.597500e+00 -0.991698 0.011961 0.035419 0.219602 0.696458 0.028259 0.991698 -0.005779 -0.028694 -0.929261 0.000000 
1.300001e-01 1.003097e-01 9.749968e-02 1.339773e-01 1.000000e-01 1.597500e+00 -0.991698 0.011961 0.035419 0.219602 0.696458 0.028259 0.991698 -0.005779 -0.028694 -0.929261 0.000000 
1.300001e-01 1.003097e-01 9.749968e-02 1.339773e-01 1.000000e-01 1.597500e+00 -0.991698 0.011961 0.035419 0.219602 0.696458 0.028259 0.991698 -0.005779 -0.028694 -0.929261 0.000000 
1.300001e-01 1.003097e-01 9.749968e-02 1.339773e-01 1.000000e-01 1.597500e+00 -0.991698 0.011961 0.035419 0.219602 0.696458 0.028259 0.991698 -0.005779 -0.028694 -0.929261 0.000000 
1.300001e-01 1.003097e-01 9.749968e-02 1.339773e-01 1.000000e-01 1.597500e+00 -0.991698 0.011961 0.035419 0.219602 0.696458 0.028259 0.991698 -0.005779 -0.028694 -0.929261 0.000000 
1.300001e-01 1.003097e-01 9.749968e-02 1.339773e-01 1.000000e-01 1.597500e+00 -0.991698 0.011961 0.035419 0.219602 0.696458 0.028259 0.991698 -0.005779 -0.028694 -0.929261 0.000000 
1.300001e-01 1.003097e-01 9.749968e-02 1.339773e-01 1.000000e-01 1.597500e+00 -0.991698 0.011961 0.035419 0.219602 0.696458 0.028259 0.991698 -0.005779 -0.028694 -0.929261 0.000000 
1.300001e-01 1.003097e-01 9.749968e-02 1.339773e-01 1.000000e-01 1.597500e+00 -0.991698 0.011961 0.035419 0.219602 0.696458 0.028259 0.991698 -0.005779 -0.028694 -0.929261 0.000000 
1.300001e-01 1.003097e-01 9.749968e-02 1.339773e-01 1.000000e-01 1.597500e+00 -0.991698 0.011961 0.035419 0.219602 0.696458 0.028259 0.991698 -0.005779 -0.028694 -0.929261 0.000000 
1.300001e-01 1.003097e-01 9.749968e-02 1.339773e-01 1.000000e-01 1.597500e+00 -0.991698 0.011961 0.035419 0.219602 0.696458 0.028259 0.991698 -0.005779 -0.028694 -0.929261 0.000000 
1.300001e-01 1.003097e-01 9.749968e-02 1.339773e-01 1.000000e-01 1.597500e+00 -0.991698 0.011961 0.035419 0.219602 0.696458 0.028259 0.991698 -0.005779 -0.028694 -0.929261 0.000000 
1.300001e-01 1.003097e-01 9.749968e-02 1.339773e-01 1.000000e-01 1.597500e+00 -0.991698 0.011961 0.035419 0.219602 0.696458 0.028259 0.991698 -0.005779 -0.028694 -0.929261 0.000000 
1.300001e-01 1.003097e-01 9.749968e-02 1.339773e-01 1.000000e-01 1.597500e+00 -0.991698 0.011961 0.035419 0.219602 0.696458 0.028259 0.991698 -0.005779 -0.028694 -0.929261 0.000000 
1.300001e-01 1.003097e-01 9.749968e-02 1.339773e-01 1.000000e-01 1.597500e+00 -0.991698 0.011961 0.035419 0.219602 0.696458 0.028259 0.991698 -0.005779 -0.028694 -0.929261 0.000000 
1.300001e-01 1.003097e-01 9.749968e-02 1.339773e-01 1.000000e-01 1.597500e+00 -0.991698 0.011961 0.035419 0.219602 0.696458 0.028259 0.991698 -0.005779 -0.028694 -0.929261 0.000000 
1.300001e-01 1.003097e-01 9.749968e-02 1.339773e-01 1.000000e-01 1.597500e+00 -0.991698 0.011961 0.035419 0.219602 0.696458 0.028259 0.991698 -0.005779 -0.028694 -0.929261 0.000000 
1.300001e-01 1.003097e-01 9.749968e-02 1.339773e-01 1.000000e-01 1.597500e+00 -0.991698 0.011961 0.035419 0.219602 0.696458 0.028259 0.991698 -0.005779 -0.028694 -0.929261 0.000000 
1.300001e-01 1.003097e-01 9.749968e-02 1.339773e-01 1.000000e-01 1.597500e+00 -0.991698 0.011961 0.035419 0.219602 0.696458 0.028259 0.991698 -0.005779 -0.028694 -0.929261 0.000000 
1.300001e-01 1.003097e-01 9.749968e-02 1.339773e-01 1.000000e-01 1.597500e+00 -0.991698 0.011961 0.035419 0.219602 0.696458 0.028259 0.991698 -0.005779 -0.028694 -0.929261 0.000000 
1.300001e-01 1.003097e-01 9.749968e-02 1.339773e-01 1.000000e-01 1.597500e+00 -0.991698 0.011961 0.035419 0.219602 0.696458 0.028259 0.991698 -0.005779 -0.028694 -0.929261 0.000000 
1.300001e-01 1.003097e-01 9.749968e-02 1.339773e-01 1.000000e-01 1.597500e+00 -0.991698 0.011961 0.035419 0.219602 0.696458 0.028259 0.991698 -0.005779 -0.028694 -0.929261 0.000000 
1.300001e-01 1.003097e-01 9.749968e-02 1.339773e-01 1.000000e-01 1.597500e+00 -0.991698 0.011961 0.035419 0.219602 0.696458 0.028259 0.991698 -0.005779 -0.028694 -0.929261 0.000000 
1.300001e-01 1.003097e-01 9.749968e-02 1.339773e-01 1.000000e-01 1.597500e+00 -0.991698 0.011961 0.035419 0.219602 0.696458 0.028259 0.991698 -0.005779 -0.028694 -0.929261 0.000000 
1.300001e-01 1.003097e-01 9.749968e-02 1.339773e-01 1.000000e-01 1.597500e+00 -0.991698 0.011961 0.035419 0.219602 0.696458 0.028259 0.991698 -0.005779 -0.028694 -0.929261 0.000000 
1.300001e-01 1.003097e-01 9.749968e-02 1.339773e-01 1.000000e-01 1.597500e+00 -0.991698 0.011961 0.035419 0.219602 0.696458 0.028259 0.991698 -0.005779 -0.028694 -0.929261 0.000000 
1.300001e-01 1.003097e-01 9.749968e-02 1.339773e-01 1.000000e-01 1.597500e+00 -0.991698 0.011961 0.035419 0.219602 0.696458 0.028259 0.991698 -0.005779 -0.028694 -0.929261 0.000000 
1.300001e-01 1.003097e-01 9.749968e-02 1.339773e-01 1.000000e-01 1.597500e+00 -0.991698 0.011961 0.035419 0.219602 0.696458 0.028259 0.991698 -0.005779 -0.028694 -0.929261 0.000000 
1.300001e-01 1.003097e-01 9.749968e-02 1.339773e-01 1.000000e-01 1.597500e+00 -0.991698 0.011961 0.035419 0.219602 0.696458 0.028259 0.991698 -0.005779 -0.028694 -0.929261 0.000000 
1.300001e-01 1.003097e-01 9.749968e-02 1.339773e-01 1.000000e-01 1.597500e+00 -0.991698 0.011961 0.035419 0.219602 0.696458 0.028259 0.991698 -0.005779 -0.028694 -0.929261 0.000000 
1.300001e-01 1.003097e-01 9.749968e-02 1.339773e-01 1.000000e-01 1.597500e+00 -0.991698 0.011961 0.035419 0.219602 0.696458 0.028259 0.991698 -0.005779 -0.028694 -0.929261 0.000000 
1.300001e-01 1.003097e-01 9.749968e-02 1.339773e-01 1.000000e-01 1.597500e+00 -0.991698 0.011961 0.035419 0.219602 0.696458 0.028259 0.991698 -0.005779 -0.028694 -0.929261 0.000000 
1.300001e-01 1.003097e-01 9.749968e-02 1.339773e-01 1.000000e-01 1.597500e+00 -0.991698 0.011961 0.035419 0.219602 0.696458 0.028259 0.991698 -0.005779 -0.028694 -0.929261 0.000000 
1.300001e-01 1.003097e-01 9.749968e-02 1.339773e-01 1.000000e-01 1.597500e+00 -0.991698 0.011961 0.035419 0.219602 0.696458 0.028259 0.991698 -0.005779 -0.028694 -0.929261 0.000000 
1.300001e-01 1.003097e-01 9.749968e-02 1.339773e-01 1.000000e-01 1.597500e+00 -0.991698 0.011961 0.035419 0.219602 0.696458 0.028259 0.991698 -0.005779 -0.028694 -0.929261 0.000000 
1.300001e-01 1.003097e-01 9.749968e-02 1.339773e-01 1.000000e-01 1.597500e+00 -0.991698 0.011961 0.035419 0.219602 0.696458 0.028259 0.991698 -0.005779 -0.028694 -0.929261 0.000000 
1.300001e-01 1.003097e-01 9.749968e-02 1.339773e-01 1.000000e-01 1.597500e+00 -0.991698 0.011961 0.035419 0.219602 0.696458 0.028259 0.991698 -0.005779 -0.028694 -0.929261 0.000000 
1.300001e-01 1.003097e-01 9.749968e-02 1.339773e-01 1.000000e-01 1.597500e+00 -0.991698 0.011961 0.035419 0.219602 0.696458 0.028259 0.991698 -0.005779 -0.028694 -0.929261 0.000000 
1.300001e-01 1.003097e-01 9.749968e-02 1.339773e-01 1.000000e-01 1.597500e+00 -0.991698 0.011961 0.035419 0.219602 0.696458 0.028259 0.991698 -0.005779 -0.028694 -0.929261 0.000000 
1.300001e-01 1.003097e-01 9.749968e-02 1.339773e-01 1.000000e-01 1.597500e+00 -0.991698 0.011961 0.035419 0.219602 0.696458 0.028259 0.991698 -0.005779 -0.028694 -0.929261 0.000000 
1.300001e-01 1.003097e-01 9.749968e-02 1.339773e-01 1.000000e-01 1.597500e+00 -0.991698 0.011961 0.035419 0.219602 0.696458 0.028259 0.991698 -0.005779 -0.028694 -0.929261 0.000000 
1.300001e-01 1.003097e-01 9.749968e-02 1.339773e-01 1.000000e-01 1.597500e+00 -0.991698 0.011961 0.035419 0.219602 0.696458 0.028259 0.991698 -0.005779 -0.028694 -0.929261 0.000000 
1.300001e-01 1.003097e-01 9.749968e-02 1.339773e-01 1.000000e-01 1.597500e+00 -0.991698 0.011961 0.035419 0.219602 0.696458 0.028259 0.991698 -0.005779 -0.028694 -0.929261 0.000000 
1.300001e-01 1.003097e-01 9.749968e-02 1.339773e-01 1.000000e-01 1.597500e+00 -0.991698 0.011961 0.035419 0.219602 0.696458 0.028259 0.991698 -0.005779 -0.028694 -0.929261 0.000000 
1.300001e-01 1.003097e-01 9.749968e-02 1.339773e-01 1.000000e-01 1.597500e+00 -0.991698 0.011961 0.035419 0.219602 0.696458 0.028259 0.991698 -0.005779 -0.028694 -0.929261 0.000000 
1.300001e-01 1.003097e-01 9.749968e-02 1.339773e-01 1.000000e-01 1.597500e+00 -0.991698 0.011961 0.035419 0.219602 0.696458 0.028259 0.991698 -0.005779 -0.028694 -0.929261 0.000000 
1.300001e-01 1.003097e-01 9.749968e-02 1.339773e-01 1.000000e-01 1.597500e+00 -0.991698 0.011961 0.035419 0.219602 0.696458 0.028259 0.991698 -0.005779 -0.028694 -0.929261 0.000000 
1.300001e-01 1.003097e-01 9.749968e-02 1.339773e-01 1.000000e-01 1.597500e+00 -0.991698 0.011961 0.035419 0.219602 0.696458 0.028259 0.991698 -0.005779 -0.028694 -0.929261 0.000000 
1.300001e-01 1.003097e-01 9.749968e-02 1.339773e-01 1.000000e-01 1.597500e+00 -0.991698 0.011961 0.035419 0.219602 0.696458 0.028259 0.991698 -0.005779 -0.028694 -0.929261 0.000000 
1.300001e-01 1.003097e-01 9.749968e-02 1.339773e-01 1.000000e-01 1.597500e+00 -0.991698 0.011961 0.035419 0.219602 0.696458 0.028259 0.991698 -0.005779 -0.028694 -0.929261 0.000000 
1.300001e-01 1.003097e-01 9.749968e-02 1.339773e-01 1.000000e-01 1.597500e+00 -0.991698 0.011961 0.035419 0.219602 0.696458 0.028259 0.991698 -0.005779 -0.028694 -0.929261 0.000000 
1.300001e-01 1.003097e-01 9.749968e-02 1.339773e-01 1.000000e-01 1.597500e+00 -0.991698 0.011961 0.035419 0.219602 0.696458 0.028259 0.991698 -0.005779 -0.028694 -0.929261 0.000000 
1.300001e-01 1.003097e-01 9.749968e-02 1.339773e-01 1.000000e-01 1.597500e+00 -0.991698 0.011961 0.035419 0.219602 0.696458 0.028259 0.991698 -0.005779 -0.028694 -0.929261 0.000000 
1.300001e-01 1.003097e-01 9.749968e-02 1.339773e-01 1.000000e-01 1.597500e+00 -0.991698 0.011961 0.035419 0.219602 0.696458 0.028259 0.991698 -0.005779 -0.028694 -0.929261 0.000000 
1.300001e-01 1.003097e-01 9.749968e-02 1.339773e-01 1.000000e-01 1.597500e+00 -0.991698 0.011961 0.035419 0.219602 0.696458 0.028259 0.991698 -0.005779 -0.028694 -0.929261 0.000000 
1.300001e-01 1.003097e-01 9.749968e-02 1.339773e-01 1.000000e-01 1.597500e+00 -0.991698 0.011961 0.035419 0.219602 0.696458 0.028259 0.991698 -0.005779 -0.028694 -0.929261 0.000000 
