# TeX TeY TeZ ThX ThY THZ P1 P2
1.200000e-01 1.000000e-01 9.250000e-01 1.200000e-01 1.000000e-01 9.250000e-01 0.000000 0.000000 0.000000 0.000000 0.000000 0.000000 0.000000 0.000000 0.000000 0.000000 0.000000 
1.200000e-01 1.000000e-01 9.138202e-01 1.200000e-01 1.000000e-01 9.332700e-01 -0.012850 0.001649 0.003298 0.003302 0.003321 0.001280 0.012850 -0.001649 -0.003299 -0.003302 0.000000 
1.200000e-01 1.000000e-01 9.025939e-01 1.200000e-01 1.000000e-01 9.415248e-01 -0.025721 0.003300 0.006602 0.006610 0.006647 0.002562 0.025721 -0.003301 -0.006603 -0.006610 0.000000 
1.200000e-01 1.000000e-01 8.913215e-01 1.200000e-01 1.000000e-01 9.497640e-01 -0.038612 0.004954 0.009911 0.009922 0.009978 0.003846 0.038612 -0.004956 -0.009913 -0.009922 0.000000 
1.200000e-01 1.000000e-01 8.800034e-01 1.200000e-01 1.000000e-01 9.579876e-01 -0.051522 0.006611 0.013225 0.013240 0.013315 0.005131 0.051522 -0.006613 -0.013228 -0.013240 0.000000 
1.200000e-01 1.000000e-01 8.686401e-01 1.200000e-01 1.000000e-01 9.661955e-01 -0.064453 0.008270 0.016544 0.016563 0.016657 0.006419 0.064453 -0.008272 -0.016547 -0.016563 0.000000 
1.200000e-01 1.000000e-01 8.572319e-01 1.200000e-01 1.000000e-01 9.743873e-01 -0.077402 0.009931 0.019868 0.019890 0.020003 0.007709 0.077402 -0.009934 -0.019872 -0.019890 0.000000 
1.200000e-01 1.000000e-01 8.457791e-01 1.200000e-01 1.000000e-01 9.825631e-01 -0.090370 0.011595 0.023197 0.023223 0.023355 0.009001 0.090370 -0.011598 -0.023201 -0.023223 0.000000 
1.200000e-01 1.000000e-01 8.342823e-01 1.200000e-01 1.000000e-01 9.907226e-01 -0.103357 0.013261 0.026530 0.026560 0.026711 0.010294 0.103357 -0.013265 -0.026535 -0.026560 0.000000 
1.200000e-01 1.000000e-01 8.227418e-01 1.200000e-01 1.000000e-01 9.988656e-01 -0.116361 0.014930 0.029868 0.029902 0.030072 0.011590 0.116361 -0.014934 -0.029874 -0.029902 0.000000 
1.200000e-01 1.000000e-01 8.111580e-01 1.200000e-01 1.000000e-01 1.006992e+00 -0.129383 0.016600 0.033210 0.033248 0.033438 0.012887 0.129383 -0.016605 -0.033217 -0.033248 0.000000 
1.200000e-01 1.000000e-01 7.995312e-01 1.200000e-01 1.000000e-01 1.015102e+00 -0.142423 0.018273 0.036557 0.036599 0.036808 0.014186 0.142423 -0.018279 -0.036565 -0.036599 0.000000 
1.200000e-01 1.000000e-01 7.878618e-01 1.200000e-01 1.000000e-01 1.023194e+00 -0.155479 0.019948 0.039907 0.039954 0.040183 0.015487 0.155479 -0.019955 -0.039917 -0.039954 0.000000 
1.200000e-01 1.000000e-01 7.761502e-01 1.200000e-01 1.000000e-01 1.031270e+00 -0.168552 0.021625 0.043262 0.043314 0.043562 0.016789 0.168552 -0.021632 -0.043273 -0.043313 0.000000 
1.200000e-01 9.999999e-02 7.643968e-01 1.200000e-01 1.000000e-01 1.039328e+00 -0.181641 0.023303 0.046621 0.046677 0.046946 0.018093 0.181641 -0.023312 -0.046633 -0.046677 0.000000 
1.200000e-01 9.999999e-02 7.526019e-01 1.200000e-01 1.000000e-01 1.047369e+00 -0.194746 0.024984 0.049984 0.050045 0.050334 0.019399 0.194746 -0.024994 -0.049998 -0.050044 0.000000 
1.200000e-01 9.999999e-02 7.407659e-01 1.200000e-01 1.000000e-01 1.055392e+00 -0.207866 0.026667 0.053350 0.053417 0.053726 0.020707 0.207866 -0.026678 -0.053366 -0.053416 0.000000 
1.200000e-01 9.999999e-02 7.288892e-01 1.200000e-01 1.000000e-01 1.063397e+00 -0.221002 0.028351 0.056721 0.056792 0.057122 0.022016 0.221002 -0.028364 -0.056739 -0.056791 0.000000 
1.200000e-01 9.999999e-02 7.169720e-01 1.200000e-01 1.000000e-01 1.071384e+00 -0.234152 0.030037 0.060094 0.060172 0.060523 0.023327 0.234152 -0.030052 -0.060115 -0.060171 0.000000 
1.200000e-01 9.999998e-02 7.050148e-01 1.200000e-01 1.000000e-01 1.079352e+00 -0.247317 0.031724 0.063471 0.063555 0.063928 0.024639 0.247317 -0.031741 -0.063495 -0.063554 0.000000 
1.200000e-01 9.999998e-02 6.930179e-01 1.200000e-01 1.000000e-01 1.087303e+00 -0.260495 0.033413 0.066851 0.066942 0.067336 0.025953 0.260495 -0.033433 -0.066878 -0.066940 0.000000 
1.200000e-01 9.999998e-02 6.809816e-01 1.200000e-01 1.000000e-01 1.095234e+00 -0.273688 0.035104 0.070234 0.070332 0.070749 0.027269 0.273688 -0.035126 -0.070265 -0.070330 0.000000 
1.200000e-01 9.999997e-02 6.689063e-01 1.200000e-01 1.000000e-01 1.103147e+00 -0.286893 0.036796 0.073621 0.073726 0.074165 0.028586 0.286893 -0.036821 -0.073655 -0.073724 0.000000 
1.200000e-01 9.999997e-02 6.567923e-01 1.200000e-01 1.000000e-01 1.111040e+00 -0.300112 0.038489 0.077010 0.077123 0.077586 0.029905 0.300112 -0.038517 -0.077049 -0.077120 0.000000 
1.200000e-01 9.999996e-02 6.446399e-01 1.200000e-01 1.000000e-01 1.118915e+00 -0.313343 0.040183 0.080401 0.080523 0.081010 0.031225 0.313343 -0.040215 -0.080446 -0.080520 0.000000 
1.200000e-01 9.999995e-02 6.324494e-01 1.200000e-01 1.000000e-01 1.126769e+00 -0.326587 0.041878 0.083795 0.083927 0.084439 0.032547 0.326587 -0.041915 -0.083846 -0.083924 0.000000 
1.200000e-01 9.999994e-02 6.202212e-01 1.200000e-01 1.000000e-01 1.134604e+00 -0.339842 0.043575 0.087191 0.087333 0.087871 0.033871 0.339842 -0.043616 -0.087249 -0.087330 0.000000 
1.200000e-01 9.999993e-02 6.079557e-01 1.200000e-01 1.000000e-01 1.142419e+00 -0.353109 0.045272 0.090590 0.090743 0.091308 0.035196 0.353109 -0.045319 -0.090655 -0.090739 0.000000 
1.200000e-01 9.999992e-02 5.956530e-01 1.200000e-01 1.000000e-01 1.150214e+00 -0.366387 0.046970 0.093990 0.094156 0.094748 0.036523 0.366387 -0.047023 -0.094064 -0.094151 0.000000 
1.200000e-01 9.999990e-02 5.833135e-01 1.199999e-01 1.000000e-01 1.157989e+00 -0.379676 0.048668 0.097392 0.097571 0.098192 0.037852 0.379676 -0.048729 -0.097476 -0.097566 0.000000 
1.200000e-01 9.999988e-02 5.709376e-01 1.199999e-01 1.000000e-01 1.165743e+00 -0.392975 0.050367 0.100795 0.100990 0.101641 0.039183 0.392975 -0.050435 -0.100890 -0.100984 0.000000 
1.200000e-01 9.999985e-02 5.585256e-01 1.199999e-01 1.000000e-01 1.173475e+00 -0.406284 0.052066 0.104199 0.104411 0.105093 0.040515 0.406284 -0.052144 -0.104307 -0.104404 0.000000 
1.200000e-01 9.999982e-02 5.460776e-01 1.199999e-01 1.000000e-01 1.181187e+00 -0.419603 0.053765 0.107605 0.107834 0.108550 0.041849 0.419603 -0.053853 -0.107727 -0.107827 0.000000 
1.200000e-01 9.999979e-02 5.335941e-01 1.199999e-01 1.000000e-01 1.188878e+00 -0.432932 0.055464 0.111011 0.111260 0.112012 0.043185 0.432932 -0.055563 -0.111148 -0.111252 0.000000 
1.200000e-01 9.999974e-02 5.210754e-01 1.199999e-01 1.000000e-01 1.196547e+00 -0.446269 0.057162 0.114417 0.114689 0.115478 0.044524 0.446269 -0.057275 -0.114573 -0.114679 0.000000 
1.200000e-01 9.999969e-02 5.085216e-01 1.199999e-01 1.000000e-01 1.204194e+00 -0.459616 0.058860 0.117823 0.118120 0.118948 0.045864 0.459616 -0.058988 -0.117999 -0.118109 0.000000 
1.200000e-01 9.999962e-02 4.959332e-01 1.199999e-01 1.000000e-01 1.211819e+00 -0.472970 0.060557 0.121228 0.121554 0.122424 0.047207 0.472970 -0.060702 -0.121428 -0.121541 0.000000 
1.200000e-01 9.999954e-02 4.833103e-01 1.199998e-01 1.000000e-01 1.219421e+00 -0.486333 0.062254 0.124633 0.124989 0.125905 0.048552 0.486333 -0.062416 -0.124858 -0.124975 0.000000 
1.200000e-01 9.999944e-02 4.706534e-01 1.199998e-01 1.000000e-01 1.227001e+00 -0.499703 0.063948 0.128036 0.128427 0.129392 0.049899 0.499703 -0.064132 -0.128291 -0.128412 0.000000 
1.200000e-01 9.999932e-02 4.579626e-01 1.199998e-01 1.000000e-01 1.234558e+00 -0.513080 0.065641 0.131438 0.131868 0.132884 0.051250 0.513080 -0.065848 -0.131725 -0.131851 0.000000 
1.200000e-01 9.999918e-02 4.452382e-01 1.199998e-01 1.000000e-01 1.242092e+00 -0.526464 0.067331 0.134837 0.135310 0.136383 0.052603 0.526464 -0.067565 -0.135161 -0.135292 0.000000 
1.200000e-01 9.999900e-02 4.324806e-01 1.199997e-01 1.000000e-01 1.249602e+00 -0.539855 0.069020 0.138233 0.138754 0.139888 0.053960 0.539855 -0.069282 -0.138599 -0.138736 0.000000 
1.200000e-01 9.999878e-02 4.196899e-01 1.199997e-01 1.000000e-01 1.257089e+00 -0.553252 0.070704 0.141625 0.142201 0.143401 0.055320 0.553252 -0.071000 -0.142039 -0.142182 0.000000 
1.200000e-01 9.999852e-02 4.068665e-01 1.199997e-01 1.000000e-01 1.264552e+00 -0.566654 0.072386 0.145014 0.145650 0.146921 0.056684 0.566654 -0.072717 -0.145480 -0.145633 0.000000 
1.200000e-01 9.999819e-02 3.940106e-01 1.199996e-01 1.000000e-01 1.271990e+00 -0.580062 0.074063 0.148396 0.149101 0.150451 0.058052 0.580062 -0.074433 -0.148923 -0.149088 0.000000 
1.200000e-01 9.999780e-02 3.811224e-01 1.199996e-01 1.000000e-01 1.279404e+00 -0.593475 0.075735 0.151774 0.152554 0.153989 0.059424 0.593475 -0.076147 -0.152367 -0.152549 0.000000 
1.200000e-01 9.999731e-02 3.682023e-01 1.199995e-01 1.000000e-01 1.286793e+00 -0.606893 0.077401 0.155143 0.156010 0.157537 0.060801 0.606893 -0.077858 -0.155813 -0.156018 0.000000 
1.200000e-01 9.999672e-02 3.552505e-01 1.199994e-01 1.000000e-01 1.294157e+00 -0.620315 0.079061 0.158506 0.159468 0.161096 0.062184 0.620315 -0.079564 -0.159260 -0.159500 0.000000 
1.200000e-01 9.999599e-02 3.422672e-01 1.199993e-01 1.000000e-01 1.301495e+00 -0.633741 0.080714 0.161858 0.162928 0.164668 0.063572 0.633741 -0.081262 -0.162709 -0.163001 0.000000 
1.200000e-01 9.999511e-02 3.292526e-01 1.199992e-01 1.000000e-01 1.308807e+00 -0.647170 0.082358 0.165201 0.166392 0.168253 0.064967 0.647170 -0.082947 -0.166160 -0.166528 0.000000 
1.200000e-01 9.999402e-02 3.162071e-01 1.199991e-01 1.000000e-01 1.316093e+00 -0.660603 0.083993 0.168531 0.169859 0.171852 0.066368 0.660603 -0.084613 -0.169613 -0.170097 0.000000 
1.200000e-01 9.999269e-02 3.031309e-01 1.199990e-01 1.000000e-01 1.323353e+00 -0.674039 0.085617 0.171848 0.173329 0.175468 0.067777 0.674039 -0.086248 -0.173070 -0.173728 0.000000 
1.200000e-01 9.999106e-02 2.900241e-01 1.199989e-01 1.000000e-01 1.330586e+00 -0.687477 0.087229 0.175151 0.176803 0.179100 0.069194 0.687477 -0.087838 -0.176530 -0.177451 0.000000 
1.200000e-01 9.998907e-02 2.768871e-01 1.199987e-01 1.000000e-01 1.337792e+00 -0.700917 0.088826 0.178435 0.180282 0.182753 0.070621 0.700917 -0.089354 -0.179997 -0.181324 0.000000 
1.200000e-01 9.998664e-02 2.637200e-01 1.199986e-01 1.000000e-01 1.344971e+00 -0.714359 0.090409 0.181702 0.183767 0.186426 0.072056 0.714359 -0.090762 -0.183471 -0.185416 0.000000 
1.200000e-01 9.998366e-02 2.505231e-01 1.199984e-01 1.000000e-01 1.352121e+00 -0.727803 0.091971 0.184945 0.187258 0.190126 0.073503 0.727803 -0.092005 -0.186955 -0.189847 0.000000 
1.200000e-01 9.998004e-02 2.372966e-01 1.199981e-01 1.000000e-01 1.359244e+00 -0.741247 0.093515 0.188166 0.190757 0.193849 0.074961 0.741248 -0.092989 -0.190450 -0.194818 0.000000 
1.200000e-01 9.997565e-02 2.240406e-01 1.199979e-01 1.000000e-01 1.366338e+00 -0.754693 0.095035 0.191359 0.194266 0.197603 0.076431 0.754693 -0.093591 -0.193953 -0.200598 0.000000 
1.200000e-01 9.997037e-02 2.107552e-01 1.199976e-01 1.000000e-01 1.373403e+00 -0.768140 0.096529 0.194522 0.197786 0.201389 0.077914 0.768140 -0.093606 -0.197451 -0.207659 0.000000 
1.200000e-01 9.996410e-02 1.974408e-01 1.199973e-01 1.000000e-01 1.380439e+00 -0.781587 0.097995 0.197654 0.201319 0.205209 0.079411 0.781587 -0.092728 -0.200889 -0.216775 0.000000 
1.200000e-01 9.995677e-02 1.840972e-01 1.199969e-01 1.000000e-01 1.387446e+00 -0.795034 0.099424 0.200745 0.204870 0.209071 0.080924 0.795034 -0.090562 -0.204131 -0.229080 0.000000 
1.200000e-01 9.994851e-02 1.707245e-01 1.199964e-01 1.000000e-01 1.394422e+00 -0.808483 0.100819 0.203799 0.208441 0.212973 0.082451 0.808483 -0.086491 -0.206806 -0.246663 0.000000 
1.200000e-01 9.993990e-02 1.573221e-01 1.199960e-01 1.000000e-01 1.401368e+00 -0.821935 0.102168 0.206805 0.212039 0.216927 0.083996 0.821935 -0.079697 -0.207943 -0.273247 0.000000 
1.200000e-01 9.993340e-02 1.438877e-01 1.199954e-01 1.000000e-01 1.408283e+00 -0.835397 0.103470 0.209763 0.215671 0.220936 0.085558 0.835397 -0.069323 -0.205264 -0.315173 0.000000 
1.200000e-01 9.993964e-02 1.304089e-01 1.199948e-01 1.000000e-01 1.415167e+00 -0.848907 0.104726 0.212680 0.219350 0.225012 0.087140 0.848907 -0.054359 -0.193051 -0.385526 0.000000 
1.200000e-01 1.000034e-01 1.168271e-01 1.199941e-01 1.000000e-01 1.422020e+00 -0.862660 0.105943 0.215588 0.223143 0.229222 0.088765 0.862660 -0.033666 -0.155937 -0.514447 0.000000 
1.200000e-01 1.002219e-01 1.029224e-01 1.199933e-01 1.000000e-01 1.428840e+00 -0.877453 0.107226 0.218698 0.227256 0.233766 0.090507 0.877453 -0.005335 -0.060562 -0.761907 0.000000 
1.200000e-01 1.003097e-01 9.749945e-02 1.199923e-01 1.000000e-01 1.435629e+00 -0.886425 0.107680 0.220235 0.229943 0.236885 0.091683 0.886425 0.007733 -0.001664 -0.902215 0.000000 
1.200000e-01 1.003097e-01 9.749945e-02 1.199913e-01 1.000000e-01 1.442384e+00 -0.890888 0.107455 0.220519 0.231562 0.238931 0.092421 0.890888 0.007160 -0.002810 -0.903362 0.000000 
1.200000e-01 1.003097e-01 9.749945e-02 1.199901e-01 1.000000e-01 1.449106e+00 -0.895329 0.107129 0.220705 0.233273 0.241060 0.093163 0.895329 0.006590 -0.003950 -0.904503 0.000000 
1.200000e-01 1.003097e-01 9.749945e-02 1.199888e-01 1.000000e-01 1.455795e+00 -0.899747 0.106674 0.220769 0.235110 0.243291 0.093904 0.899748 0.006023 -0.005085 -0.905639 0.000000 
1.200000e-01 1.003097e-01 9.749945e-02 1.199872e-01 1.000000e-01 1.462449e+00 -0.904144 0.106073 0.220693 0.237105 0.245639 0.094634 0.904144 0.005459 -0.006213 -0.906768 0.000000 
1.200000e-01 1.003097e-01 9.749945e-02 1.199855e-01 1.000000e-01 1.469069e+00 -0.908517 0.105320 0.220475 0.239276 0.248102 0.095345 0.908517 0.004897 -0.007336 -0.907892 0.000000 
1.200000e-01 1.003097e-01 9.749945e-02 1.199836e-01 1.000000e-01 1.475654e+00 -0.912867 0.104383 0.220079 0.241681 0.250705 0.096021 0.912867 0.004339 -0.008453 -0.909010 0.000000 
1.200000e-01 1.003097e-01 9.749945e-02 1.199813e-01 1.000000e-01 1.482203e+00 -0.917194 0.103228 0.219471 0.244386 0.253471 0.096639 0.917194 0.003784 -0.009564 -0.910122 0.000000 
1.200000e-01 1.003097e-01 9.749945e-02 1.199788e-01 1.000000e-01 1.488716e+00 -0.921497 0.101853 0.218641 0.247422 0.256400 0.097182 0.921498 0.003231 -0.010669 -0.911228 0.000000 
1.200000e-01 1.003097e-01 9.749945e-02 1.199760e-01 1.000000e-01 1.495193e+00 -0.925777 0.100225 0.217547 0.250871 0.259514 0.097620 0.925777 0.002682 -0.011767 -0.912327 0.000000 
1.200000e-01 1.003097e-01 9.749945e-02 1.199728e-01 1.000000e-01 1.501633e+00 -0.930032 0.098272 0.216093 0.254906 0.262868 0.097893 0.930032 0.002136 -0.012860 -0.913421 0.000000 
1.200000e-01 1.003097e-01 9.749945e-02 1.199692e-01 1.000000e-01 1.508034e+00 -0.934261 0.096006 0.214266 0.259564 0.266452 0.097974 0.934261 0.001593 -0.013946 -0.914508 0.000000 
1.200000e-01 1.003097e-01 9.749945e-02 1.199652e-01 1.000000e-01 1.514395e+00 -0.938464 0.093396 0.211996 0.264978 0.270288 0.097807 0.938464 0.001054 -0.015025 -0.915588 0.000000 
1.200000e-01 1.003097e-01 9.749945e-02 1.199607e-01 1.000000e-01 1.520715e+00 -0.942641 0.090370 0.209130 0.271420 0.274431 0.097290 0.942641 0.000518 -0.016097 -0.916661 0.000000 
1.200000e-01 1.003097e-01 9.749945e-02 1.199556e-01 1.000000e-01 1.526995e+00 -0.946792 0.086892 0.205540 0.279126 0.278903 0.096330 0.946792 -0.000015 -0.017163 -0.917728 0.000000 
1.200000e-01 1.003097e-01 9.749945e-02 1.199497e-01 1.000000e-01 1.533234e+00 -0.950915 0.082965 0.201126 0.288278 0.283689 0.094857 0.950915 -0.000544 -0.018221 -0.918787 0.000000 
1.200000e-01 1.003097e-01 9.749945e-02 1.199428e-01 1.000000e-01 1.539430e+00 -0.955010 0.078561 0.195710 0.299201 0.288780 0.092759 0.955010 -0.001070 -0.019273 -0.919840 0.000000 
1.200000e-01 1.003097e-01 9.749945e-02 1.199342e-01 1.000000e-01 1.545583e+00 -0.959077 0.073612 0.188955 0.312521 0.294149 0.089841 0.959078 -0.001592 -0.020317 -0.920885 0.000000 
1.200000e-01 1.003097e-01 9.749945e-02 1.199224e-01 1.000000e-01 1.551693e+00 -0.963114 0.068106 0.180556 0.328859 0.299644 0.085949 0.963114 -0.002110 -0.021353 -0.921922 0.000000 
1.200000e-01 1.003097e-01 9.749945e-02 1.199044e-01 1.000000e-01 1.557757e+00 -0.967118 0.062084 0.170324 0.348729 0.304963 0.081017 0.967118 -0.002624 -0.022381 -0.922951 0.000000 
1.200000e-01 1.003097e-01 9.749945e-02 1.198734e-01 1.000000e-01 1.563773e+00 -0.971082 0.055567 0.157963 0.373039 0.309575 0.074938 0.971082 -0.003132 -0.023399 -0.923970 0.000000 
1.200000e-01 1.003097e-01 9.749945e-02 1.198147e-01 1.000000e-01 1.569734e+00 -0.974996 0.048601 0.143220 0.403037 0.312495 0.067644 0.974996 -0.003635 -0.024404 -0.924976 0.000000 
1.200000e-01 1.003097e-01 9.749945e-02 1.196959e-01 1.000000e-01 1.575631e+00 -0.978837 0.041234 0.125702 0.441500 0.311362 0.059039 0.978837 -0.004128 -0.025390 -0.925962 0.000000 
1.200000e-01 1.003097e-01 9.749945e-02 1.194394e-01 1.000000e-01 1.581442e+00 -0.982571 0.033646 0.105753 0.491818 0.302013 0.049342 0.982571 -0.004607 -0.026349 -0.926922 0.000000 
1.200000e-01 1.003097e-01 9.749945e-02 1.188583e-01 1.000000e-01 1.587120e+00 -0.986185 0.025987 0.083895 0.561561 0.275985 0.038758 0.986185 -0.005071 -0.027276 -0.927851 0.000000 
1.200000e-01 1.003097e-01 9.749945e-02 1.174776e-01 1.000000e-01 1.592552e+00 -0.989913 0.017852 0.059079 0.674152 0.212222 0.026609 0.989913 -0.005549 -0.028233 -0.928809 0.000000 
1.200000e-01 1.003097e-01 9.749945e-02 1.155661e-01 1.000000e-01 1.597502e+00 -0.994893 0.006611 0.022560 0.877079 0.078980 0.009664 0.994893 -0.006188 -0.029512 -0.930089 0.000000 
1.200000e-01 1.003097e-01 9.749945e-02 1.155661e-01 1.000000e-01 1.597502e+00 -0.994893 0.006611 0.022560 0.877079 0.078980 0.009664 0.994893 -0.006188 -0.029512 -0.930089 0.000000 
1.200000e-01 1.003097e-01 9.749945e-02 1.155661e-01 1.000000e-01 1.597502e+00 -0.994893 0.006611 0.022560 0.877079 0.078980 0.009664 0.994893 -0.006188 -0.029512 -0.930089 0.000000 
1.200000e-01 1.003097e-01 9.749945e-02 1.155661e-01 1.000000e-01 1.597502e+00 -0.994893 0.006611 0.022560 0.877079 0.078980 0.009664 0.994893 -0.006188 -0.029512 -0.930089 0.000000 
1.200000e-01 1.003097e-01 9.749945e-02 1.155661e-01 1.000000e-01 1.597502e+00 -0.994893 0.006611 0.022560 0.877079 0.078980 0.009664 0.994893 -0.006188 -0.029512 -0.930089 0.000000 
1.200000e-01 1.003097e-01 9.749945e-02 1.155661e-01 1.000000e-01 1.597502e+00 -0.994893 0.006611 0.022560 0.877079 0.078980 0.009664 0.994893 -0.006188 -0.029512 -0.930089 0.000000 
1.200000e-01 1.003097e-01 9.749945e-02 1.155661e-01 1.000000e-01 1.597502e+00 -0.994893 0.006611 0.022560 0.877079 0.078980 0.009664 0.994893 -0.006188 -0.029512 -0.930089 0.000000 
1.200000e-01 1.003097e-01 9.749945e-02 1.155661e-01 1.000000e-01 1.597502e+00 -0.994893 0.006611 0.022560 0.877079 0.078980 0.009664 0.994893 -0.006188 -0.029512 -0.930089 0.000000 
1.200000e-01 1.003097e-01 9.749945e-02 1.155661e-01 1.000000e-01 1.597502e+00 -0.994893 0.006611 0.022560 0.877079 0.078980 0.009664 0.994893 -0.006188 -0.029512 -0.930089 0.000000 
1.200000e-01 1.003097e-01 9.749945e-02 1.155661e-01 1.000000e-01 1.597502e+00 -0.994893 0.006611 0.022560 0.877079 0.078980 0.009664 0.994893 -0.006188 -0.029512 -0.930089 0.000000 
1.200000e-01 1.003097e-01 9.749945e-02 1.155661e-01 1.000000e-01 1.597502e+00 -0.994893 0.006611 0.022560 0.877079 0.078980 0.009664 0.994893 -0.006188 -0.029512 -0.930089 0.000000 
1.200000e-01 1.003097e-01 9.749945e-02 1.155661e-01 1.000000e-01 1.597502e+00 -0.994893 0.006611 0.022560 0.877079 0.078980 0.009664 0.994893 -0.006188 -0.029512 -0.930089 0.000000 
1.200000e-01 1.003097e-01 9.749945e-02 1.155661e-01 1.000000e-01 1.597502e+00 -0.994893 0.006611 0.022560 0.877079 0.078980 0.009664 0.994893 -0.006188 -0.029512 -0.930089 0.000000 
1.200000e-01 1.003097e-01 9.749945e-02 1.155661e-01 1.000000e-01 1.597502e+00 -0.994893 0.006611 0.022560 0.877079 0.078980 0.009664 0.994893 -0.006188 -0.029512 -0.930089 0.000000 
1.200000e-01 1.003097e-01 9.749945e-02 1.155661e-01 1.000000e-01 1.597502e+00 -0.994893 0.006611 0.022560 0.877079 0.078980 0.009664 0.994893 -0.006188 -0.029512 -0.930089 0.000000 
1.200000e-01 1.003097e-01 9.749945e-02 1.155661e-01 1.000000e-01 1.597502e+00 -0.994893 0.006611 0.022560 0.877079 0.078980 0.009664 0.994893 -0.006188 -0.029512 -0.930089 0.000000 
1.200000e-01 1.003097e-01 9.749945e-02 1.155661e-01 1.000000e-01 1.597502e+00 -0.994893 0.006611 0.022560 0.877079 0.078980 0.009664 0.994893 -0.006188 -0.029512 -0.930089 0.000000 
1.200000e-01 1.003097e-01 9.749945e-02 1.155661e-01 1.000000e-01 1.597502e+00 -0.994893 0.006611 0.022560 0.877079 0.078980 0.009664 0.994893 -0.006188 -0.029512 -0.930089 0.000000 
1.200000e-01 1.003097e-01 9.749945e-02 1.155661e-01 1.000000e-01 1.597502e+00 -0.994893 0.006611 0.022560 0.877079 0.078980 0.009664 0.994893 -0.006188 -0.029512 -0.930089 0.000000 
1.200000e-01 1.003097e-01 9.749945e-02 1.155661e-01 1.000000e-01 1.597502e+00 -0.994893 0.006611 0.022560 0.877079 0.078980 0.009664 0.994893 -0.006188 -0.029512 -0.930089 0.000000 
1.200000e-01 1.003097e-01 9.749945e-02 1.155661e-01 1.000000e-01 1.597502e+00 -0.994893 0.006611 0.022560 0.877079 0.078980 0.009664 0.994893 -0.006188 -0.029512 -0.930089 0.000000 
1.200000e-01 1.003097e-01 9.749945e-02 1.155661e-01 1.000000e-01 1.597502e+00 -0.994893 0.006611 0.022560 0.877079 0.078980 0.009664 0.994893 -0.006188 -0.029512 -0.930089 0.000000 
1.200000e-01 1.003097e-01 9.749945e-02 1.155661e-01 1.000000e-01 1.597502e+00 -0.994893 0.006611 0.022560 0.877079 0.078980 0.009664 0.994893 -0.006188 -0.029512 -0.930089 0.000000 
1.200000e-01 1.003097e-01 9.749945e-02 1.155661e-01 1.000000e-01 1.597502e+00 -0.994893 0.006611 0.022560 0.877079 0.078980 0.009664 0.994893 -0.006188 -0.029512 -0.930089 0.000000 
1.200000e-01 1.003097e-01 9.749945e-02 1.155661e-01 1.000000e-01 1.597502e+00 -0.994893 0.006611 0.022560 0.877079 0.078980 0.009664 0.994893 -0.006188 -0.029512 -0.930089 0.000000 
1.200000e-01 1.003097e-01 9.749945e-02 1.155661e-01 1.000000e-01 1.597502e+00 -0.994893 0.006611 0.022560 0.877079 0.078980 0.009664 0.994893 -0.006188 -0.029512 -0.930089 0.000000 
1.200000e-01 1.003097e-01 9.749945e-02 1.155661e-01 1.000000e-01 1.597502e+00 -0.994893 0.006611 0.022560 0.877079 0.078980 0.009664 0.994893 -0.006188 -0.029512 -0.930089 0.000000 
1.200000e-01 1.003097e-01 9.749945e-02 1.155661e-01 1.000000e-01 1.597502e+00 -0.994893 0.006611 0.022560 0.877079 0.078980 0.009664 0.994893 -0.006188 -0.029512 -0.930089 0.000000 
1.200000e-01 1.003097e-01 9.749945e-02 1.155661e-01 1.000000e-01 1.597502e+00 -0.994893 0.006611 0.022560 0.877079 0.078980 0.009664 0.994893 -0.006188 -0.029512 -0.930089 0.000000 
1.200000e-01 1.003097e-01 9.749945e-02 1.155661e-01 1.000000e-01 1.597502e+00 -0.994893 0.006611 0.022560 0.877079 0.078980 0.009664 0.994893 -0.006188 -0.029512 -0.930089 0.000000 
1.200000e-01 1.003097e-01 9.749945e-02 1.155661e-01 1.000000e-01 1.597502e+00 -0.994893 0.006611 0.022560 0.877079 0.078980 0.009664 0.994893 -0.006188 -0.029512 -0.930089 0.000000 
1.200000e-01 1.003097e-01 9.749945e-02 1.155661e-01 1.000000e-01 1.597502e+00 -0.994893 0.006611 0.022560 0.877079 0.078980 0.009664 0.994893 -0.006188 -0.029512 -0.930089 0.000000 
1.200000e-01 1.003097e-01 9.749945e-02 1.155661e-01 1.000000e-01 1.597502e+00 -0.994893 0.006611 0.022560 0.877079 0.078980 0.009664 0.994893 -0.006188 -0.029512 -0.930089 0.000000 
1.200000e-01 1.003097e-01 9.749945e-02 1.155661e-01 1.000000e-01 1.597502e+00 -0.994893 0.006611 0.022560 0.877079 0.078980 0.009664 0.994893 -0.006188 -0.029512 -0.930089 0.000000 
1.200000e-01 1.003097e-01 9.749945e-02 1.155661e-01 1.000000e-01 1.597502e+00 -0.994893 0.006611 0.022560 0.877079 0.078980 0.009664 0.994893 -0.006188 -0.029512 -0.930089 0.000000 
1.200000e-01 1.003097e-01 9.749945e-02 1.155661e-01 1.000000e-01 1.597502e+00 -0.994893 0.006611 0.022560 0.877079 0.078980 0.009664 0.994893 -0.006188 -0.029512 -0.930089 0.000000 
1.200000e-01 1.003097e-01 9.749945e-02 1.155661e-01 1.000000e-01 1.597502e+00 -0.994893 0.006611 0.022560 0.877079 0.078980 0.009664 0.994893 -0.006188 -0.029512 -0.930089 0.000000 
1.200000e-01 1.003097e-01 9.749945e-02 1.155661e-01 1.000000e-01 1.597502e+00 -0.994893 0.006611 0.022560 0.877079 0.078980 0.009664 0.994893 -0.006188 -0.029512 -0.930089 0.000000 
1.200000e-01 1.003097e-01 9.749945e-02 1.155661e-01 1.000000e-01 1.597502e+00 -0.994893 0.006611 0.022560 0.877079 0.078980 0.009664 0.994893 -0.006188 -0.029512 -0.930089 0.000000 
1.200000e-01 1.003097e-01 9.749945e-02 1.155661e-01 1.000000e-01 1.597502e+00 -0.994893 0.006611 0.022560 0.877079 0.078980 0.009664 0.994893 -0.006188 -0.029512 -0.930089 0.000000 
1.200000e-01 1.003097e-01 9.749945e-02 1.155661e-01 1.000000e-01 1.597502e+00 -0.994893 0.006611 0.022560 0.877079 0.078980 0.009664 0.994893 -0.006188 -0.029512 -0.930089 0.000000 
1.200000e-01 1.003097e-01 9.749945e-02 1.155661e-01 1.000000e-01 1.597502e+00 -0.994893 0.006611 0.022560 0.877079 0.078980 0.009664 0.994893 -0.006188 -0.029512 -0.930089 0.000000 
1.200000e-01 1.003097e-01 9.749945e-02 1.155661e-01 1.000000e-01 1.597502e+00 -0.994893 0.006611 0.022560 0.877079 0.078980 0.009664 0.994893 -0.006188 -0.029512 -0.930089 0.000000 
1.200000e-01 1.003097e-01 9.749945e-02 1.155661e-01 1.000000e-01 1.597502e+00 -0.994893 0.006611 0.022560 0.877079 0.078980 0.009664 0.994893 -0.006188 -0.029512 -0.930089 0.000000 
1.200000e-01 1.003097e-01 9.749945e-02 1.155661e-01 1.000000e-01 1.597502e+00 -0.994893 0.006611 0.022560 0.877079 0.078980 0.009664 0.994893 -0.006188 -0.029512 -0.930089 0.000000 
1.200000e-01 1.003097e-01 9.749945e-02 1.155661e-01 1.000000e-01 1.597502e+00 -0.994893 0.006611 0.022560 0.877079 0.078980 0.009664 0.994893 -0.006188 -0.029512 -0.930089 0.000000 
1.200000e-01 1.003097e-01 9.749945e-02 1.155661e-01 1.000000e-01 1.597502e+00 -0.994893 0.006611 0.022560 0.877079 0.078980 0.009664 0.994893 -0.006188 -0.029512 -0.930089 0.000000 
1.200000e-01 1.003097e-01 9.749945e-02 1.155661e-01 1.000000e-01 1.597502e+00 -0.994893 0.006611 0.022560 0.877079 0.078980 0.009664 0.994893 -0.006188 -0.029512 -0.930089 0.000000 
1.200000e-01 1.003097e-01 9.749945e-02 1.155661e-01 1.000000e-01 1.597502e+00 -0.994893 0.006611 0.022560 0.877079 0.078980 0.009664 0.994893 -0.006188 -0.029512 -0.930089 0.000000 
1.200000e-01 1.003097e-01 9.749945e-02 1.155661e-01 1.000000e-01 1.597502e+00 -0.994893 0.006611 0.022560 0.877079 0.078980 0.009664 0.994893 -0.006188 -0.029512 -0.930089 0.000000 
1.200000e-01 1.003097e-01 9.749945e-02 1.155661e-01 1.000000e-01 1.597502e+00 -0.994893 0.006611 0.022560 0.877079 0.078980 0.009664 0.994893 -0.006188 -0.029512 -0.930089 0.000000 
1.200000e-01 1.003097e-01 9.749945e-02 1.155661e-01 1.000000e-01 1.597502e+00 -0.994893 0.006611 0.022560 0.877079 0.078980 0.009664 0.994893 -0.006188 -0.029512 -0.930089 0.000000 
1.200000e-01 1.003097e-01 9.749945e-02 1.155661e-01 1.000000e-01 1.597502e+00 -0.994893 0.006611 0.022560 0.877079 0.078980 0.009664 0.994893 -0.006188 -0.029512 -0.930089 0.000000 
1.200000e-01 1.003097e-01 9.749945e-02 1.155661e-01 1.000000e-01 1.597502e+00 -0.994893 0.006611 0.022560 0.877079 0.078980 0.009664 0.994893 -0.006188 -0.029512 -0.930089 0.000000 
1.200000e-01 1.003097e-01 9.749945e-02 1.155661e-01 1.000000e-01 1.597502e+00 -0.994893 0.006611 0.022560 0.877079 0.078980 0.009664 0.994893 -0.006188 -0.029512 -0.930089 0.000000 
1.200000e-01 1.003097e-01 9.749945e-02 1.155661e-01 1.000000e-01 1.597502e+00 -0.994893 0.006611 0.022560 0.877079 0.078980 0.009664 0.994893 -0.006188 -0.029512 -0.930089 0.000000 
1.200000e-01 1.003097e-01 9.749945e-02 1.155661e-01 1.000000e-01 1.597502e+00 -0.994893 0.006611 0.022560 0.877079 0.078980 0.009664 0.994893 -0.006188 -0.029512 -0.930089 0.000000 
1.200000e-01 1.003097e-01 9.749945e-02 1.155661e-01 1.000000e-01 1.597502e+00 -0.994893 0.006611 0.022560 0.877079 0.078980 0.009664 0.994893 -0.006188 -0.029512 -0.930089 0.000000 
1.200000e-01 1.003097e-01 9.749945e-02 1.155661e-01 1.000000e-01 1.597502e+00 -0.994893 0.006611 0.022560 0.877079 0.078980 0.009664 0.994893 -0.006188 -0.029512 -0.930089 0.000000 
1.200000e-01 1.003097e-01 9.749945e-02 1.155661e-01 1.000000e-01 1.597502e+00 -0.994893 0.006611 0.022560 0.877079 0.078980 0.009664 0.994893 -0.006188 -0.029512 -0.930089 0.000000 
1.200000e-01 1.003097e-01 9.749945e-02 1.155661e-01 1.000000e-01 1.597502e+00 -0.994893 0.006611 0.022560 0.877079 0.078980 0.009664 0.994893 -0.006188 -0.029512 -0.930089 0.000000 
1.200000e-01 1.003097e-01 9.749945e-02 1.155661e-01 1.000000e-01 1.597502e+00 -0.994893 0.006611 0.022560 0.877079 0.078980 0.009664 0.994893 -0.006188 -0.029512 -0.930089 0.000000 
1.200000e-01 1.003097e-01 9.749945e-02 1.155661e-01 1.000000e-01 1.597502e+00 -0.994893 0.006611 0.022560 0.877079 0.078980 0.009664 0.994893 -0.006188 -0.029512 -0.930089 0.000000 
1.200000e-01 1.003097e-01 9.749945e-02 1.155661e-01 1.000000e-01 1.597502e+00 -0.994893 0.006611 0.022560 0.877079 0.078980 0.009664 0.994893 -0.006188 -0.029512 -0.930089 0.000000 
1.200000e-01 1.003097e-01 9.749945e-02 1.155661e-01 1.000000e-01 1.597502e+00 -0.994893 0.006611 0.022560 0.877079 0.078980 0.009664 0.994893 -0.006188 -0.029512 -0.930089 0.000000 
1.200000e-01 1.003097e-01 9.749945e-02 1.155661e-01 1.000000e-01 1.597502e+00 -0.994893 0.006611 0.022560 0.877079 0.078980 0.009664 0.994893 -0.006188 -0.029512 -0.930089 0.000000 
1.200000e-01 1.003097e-01 9.749945e-02 1.155661e-01 1.000000e-01 1.597502e+00 -0.994893 0.006611 0.022560 0.877079 0.078980 0.009664 0.994893 -0.006188 -0.029512 -0.930089 0.000000 
1.200000e-01 1.003097e-01 9.749945e-02 1.155661e-01 1.000000e-01 1.597502e+00 -0.994893 0.006611 0.022560 0.877079 0.078980 0.009664 0.994893 -0.006188 -0.029512 -0.930089 0.000000 
1.200000e-01 1.003097e-01 9.749945e-02 1.155661e-01 1.000000e-01 1.597502e+00 -0.994893 0.006611 0.022560 0.877079 0.078980 0.009664 0.994893 -0.006188 -0.029512 -0.930089 0.000000 
1.200000e-01 1.003097e-01 9.749945e-02 1.155661e-01 1.000000e-01 1.597502e+00 -0.994893 0.006611 0.022560 0.877079 0.078980 0.009664 0.994893 -0.006188 -0.029512 -0.930089 0.000000 
1.200000e-01 1.003097e-01 9.749945e-02 1.155661e-01 1.000000e-01 1.597502e+00 -0.994893 0.006611 0.022560 0.877079 0.078980 0.009664 0.994893 -0.006188 -0.029512 -0.930089 0.000000 
1.200000e-01 1.003097e-01 9.749945e-02 1.155661e-01 1.000000e-01 1.597502e+00 -0.994893 0.006611 0.022560 0.877079 0.078980 0.009664 0.994893 -0.006188 -0.029512 -0.930089 0.000000 
1.200000e-01 1.003097e-01 9.749945e-02 1.155661e-01 1.000000e-01 1.597502e+00 -0.994893 0.006611 0.022560 0.877079 0.078980 0.009664 0.994893 -0.006188 -0.029512 -0.930089 0.000000 
1.200000e-01 1.003097e-01 9.749945e-02 1.155661e-01 1.000000e-01 1.597502e+00 -0.994893 0.006611 0.022560 0.877079 0.078980 0.009664 0.994893 -0.006188 -0.029512 -0.930089 0.000000 
1.200000e-01 1.003097e-01 9.749945e-02 1.155661e-01 1.000000e-01 1.597502e+00 -0.994893 0.006611 0.022560 0.877079 0.078980 0.009664 0.994893 -0.006188 -0.029512 -0.930089 0.000000 
1.200000e-01 1.003097e-01 9.749945e-02 1.155661e-01 1.000000e-01 1.597502e+00 -0.994893 0.006611 0.022560 0.877079 0.078980 0.009664 0.994893 -0.006188 -0.029512 -0.930089 0.000000 
1.200000e-01 1.003097e-01 9.749945e-02 1.155661e-01 1.000000e-01 1.597502e+00 -0.994893 0.006611 0.022560 0.877079 0.078980 0.009664 0.994893 -0.006188 -0.029512 -0.930089 0.000000 
1.200000e-01 1.003097e-01 9.749945e-02 1.155661e-01 1.000000e-01 1.597502e+00 -0.994893 0.006611 0.022560 0.877079 0.078980 0.009664 0.994893 -0.006188 -0.029512 -0.930089 0.000000 
1.200000e-01 1.003097e-01 9.749945e-02 1.155661e-01 1.000000e-01 1.597502e+00 -0.994893 0.006611 0.022560 0.877079 0.078980 0.009664 0.994893 -0.006188 -0.029512 -0.930089 0.000000 
1.200000e-01 1.003097e-01 9.749945e-02 1.155661e-01 1.000000e-01 1.597502e+00 -0.994893 0.006611 0.022560 0.877079 0.078980 0.009664 0.994893 -0.006188 -0.029512 -0.930089 0.000000 
1.200000e-01 1.003097e-01 9.749945e-02 1.155661e-01 1.000000e-01 1.597502e+00 -0.994893 0.006611 0.022560 0.877079 0.078980 0.009664 0.994893 -0.006188 -0.029512 -0.930089 0.000000 
1.200000e-01 1.003097e-01 9.749945e-02 1.155661e-01 1.000000e-01 1.597502e+00 -0.994893 0.006611 0.022560 0.877079 0.078980 0.009664 0.994893 -0.006188 -0.029512 -0.930089 0.000000 
1.200000e-01 1.003097e-01 9.749945e-02 1.155661e-01 1.000000e-01 1.597502e+00 -0.994893 0.006611 0.022560 0.877079 0.078980 0.009664 0.994893 -0.006188 -0.029512 -0.930089 0.000000 
1.200000e-01 1.003097e-01 9.749945e-02 1.155661e-01 1.000000e-01 1.597502e+00 -0.994893 0.006611 0.022560 0.877079 0.078980 0.009664 0.994893 -0.006188 -0.029512 -0.930089 0.000000 
1.200000e-01 1.003097e-01 9.749945e-02 1.155661e-01 1.000000e-01 1.597502e+00 -0.994893 0.006611 0.022560 0.877079 0.078980 0.009664 0.994893 -0.006188 -0.029512 -0.930089 0.000000 
1.200000e-01 1.003097e-01 9.749945e-02 1.155661e-01 1.000000e-01 1.597502e+00 -0.994893 0.006611 0.022560 0.877079 0.078980 0.009664 0.994893 -0.006188 -0.029512 -0.930089 0.000000 
1.200000e-01 1.003097e-01 9.749945e-02 1.155661e-01 1.000000e-01 1.597502e+00 -0.994893 0.006611 0.022560 0.877079 0.078980 0.009664 0.994893 -0.006188 -0.029512 -0.930089 0.000000 
1.200000e-01 1.003097e-01 9.749945e-02 1.155661e-01 1.000000e-01 1.597502e+00 -0.994893 0.006611 0.022560 0.877079 0.078980 0.009664 0.994893 -0.006188 -0.029512 -0.930089 0.000000 
1.200000e-01 1.003097e-01 9.749945e-02 1.155661e-01 1.000000e-01 1.597502e+00 -0.994893 0.006611 0.022560 0.877079 0.078980 0.009664 0.994893 -0.006188 -0.029512 -0.930089 0.000000 
1.200000e-01 1.003097e-01 9.749945e-02 1.155661e-01 1.000000e-01 1.597502e+00 -0.994893 0.006611 0.022560 0.877079 0.078980 0.009664 0.994893 -0.006188 -0.029512 -0.930089 0.000000 
1.200000e-01 1.003097e-01 9.749945e-02 1.155661e-01 1.000000e-01 1.597502e+00 -0.994893 0.006611 0.022560 0.877079 0.078980 0.009664 0.994893 -0.006188 -0.029512 -0.930089 0.000000 
1.200000e-01 1.003097e-01 9.749945e-02 1.155661e-01 1.000000e-01 1.597502e+00 -0.994893 0.006611 0.022560 0.877079 0.078980 0.009664 0.994893 -0.006188 -0.029512 -0.930089 0.000000 
1.200000e-01 1.003097e-01 9.749945e-02 1.155661e-01 1.000000e-01 1.597502e+00 -0.994893 0.006611 0.022560 0.877079 0.078980 0.009664 0.994893 -0.006188 -0.029512 -0.930089 0.000000 
1.200000e-01 1.003097e-01 9.749945e-02 1.155661e-01 1.000000e-01 1.597502e+00 -0.994893 0.006611 0.022560 0.877079 0.078980 0.009664 0.994893 -0.006188 -0.029512 -0.930089 0.000000 
1.200000e-01 1.003097e-01 9.749945e-02 1.155661e-01 1.000000e-01 1.597502e+00 -0.994893 0.006611 0.022560 0.877079 0.078980 0.009664 0.994893 -0.006188 -0.029512 -0.930089 0.000000 
1.200000e-01 1.003097e-01 9.749945e-02 1.155661e-01 1.000000e-01 1.597502e+00 -0.994893 0.006611 0.022560 0.877079 0.078980 0.009664 0.994893 -0.006188 -0.029512 -0.930089 0.000000 
1.200000e-01 1.003097e-01 9.749945e-02 1.155661e-01 1.000000e-01 1.597502e+00 -0.994893 0.006611 0.022560 0.877079 0.078980 0.009664 0.994893 -0.006188 -0.029512 -0.930089 0.000000 
1.200000e-01 1.003097e-01 9.749945e-02 1.155661e-01 1.000000e-01 1.597502e+00 -0.994893 0.006611 0.022560 0.877079 0.078980 0.009664 0.994893 -0.006188 -0.029512 -0.930089 0.000000 
1.200000e-01 1.003097e-01 9.749945e-02 1.155661e-01 1.000000e-01 1.597502e+00 -0.994893 0.006611 0.022560 0.877079 0.078980 0.009664 0.994893 -0.006188 -0.029512 -0.930089 0.000000 
1.200000e-01 1.003097e-01 9.749945e-02 1.155661e-01 1.000000e-01 1.597502e+00 -0.994893 0.006611 0.022560 0.877079 0.078980 0.009664 0.994893 -0.006188 -0.029512 -0.930089 0.000000 
1.200000e-01 1.003097e-01 9.749945e-02 1.155661e-01 1.000000e-01 1.597502e+00 -0.994893 0.006611 0.022560 0.877079 0.078980 0.009664 0.994893 -0.006188 -0.029512 -0.930089 0.000000 
1.200000e-01 1.003097e-01 9.749945e-02 1.155661e-01 1.000000e-01 1.597502e+00 -0.994893 0.006611 0.022560 0.877079 0.078980 0.009664 0.994893 -0.006188 -0.029512 -0.930089 0.000000 
1.200000e-01 1.003097e-01 9.749945e-02 1.155661e-01 1.000000e-01 1.597502e+00 -0.994893 0.006611 0.022560 0.877079 0.078980 0.009664 0.994893 -0.006188 -0.029512 -0.930089 0.000000 
1.200000e-01 1.003097e-01 9.749945e-02 1.155661e-01 1.000000e-01 1.597502e+00 -0.994893 0.006611 0.022560 0.877079 0.078980 0.009664 0.994893 -0.006188 -0.029512 -0.930089 0.000000 
1.200000e-01 1.003097e-01 9.749945e-02 1.155661e-01 1.000000e-01 1.597502e+00 -0.994893 0.006611 0.022560 0.877079 0.078980 0.009664 0.994893 -0.006188 -0.029512 -0.930089 0.000000 
1.200000e-01 1.003097e-01 9.749945e-02 1.155661e-01 1.000000e-01 1.597502e+00 -0.994893 0.006611 0.022560 0.877079 0.078980 0.009664 0.994893 -0.006188 -0.029512 -0.930089 0.000000 
1.200000e-01 1.003097e-01 9.749945e-02 1.155661e-01 1.000000e-01 1.597502e+00 -0.994893 0.006611 0.022560 0.877079 0.078980 0.009664 0.994893 -0.006188 -0.029512 -0.930089 0.000000 
1.200000e-01 1.003097e-01 9.749945e-02 1.155661e-01 1.000000e-01 1.597502e+00 -0.994893 0.006611 0.022560 0.877079 0.078980 0.009664 0.994893 -0.006188 -0.029512 -0.930089 0.000000 
1.200000e-01 1.003097e-01 9.749945e-02 1.155661e-01 1.000000e-01 1.597502e+00 -0.994893 0.006611 0.022560 0.877079 0.078980 0.009664 0.994893 -0.006188 -0.029512 -0.930089 0.000000 
1.200000e-01 1.003097e-01 9.749945e-02 1.155661e-01 1.000000e-01 1.597502e+00 -0.994893 0.006611 0.022560 0.877079 0.078980 0.009664 0.994893 -0.006188 -0.029512 -0.930089 0.000000 
1.200000e-01 1.003097e-01 9.749945e-02 1.155661e-01 1.000000e-01 1.597502e+00 -0.994893 0.006611 0.022560 0.877079 0.078980 0.009664 0.994893 -0.006188 -0.029512 -0.930089 0.000000 
1.200000e-01 1.003097e-01 9.749945e-02 1.155661e-01 1.000000e-01 1.597502e+00 -0.994893 0.006611 0.022560 0.877079 0.078980 0.009664 0.994893 -0.006188 -0.029512 -0.930089 0.000000 
1.200000e-01 1.003097e-01 9.749945e-02 1.155661e-01 1.000000e-01 1.597502e+00 -0.994893 0.006611 0.022560 0.877079 0.078980 0.009664 0.994893 -0.006188 -0.029512 -0.930089 0.000000 
1.200000e-01 1.003097e-01 9.749945e-02 1.155661e-01 1.000000e-01 1.597502e+00 -0.994893 0.006611 0.022560 0.877079 0.078980 0.009664 0.994893 -0.006188 -0.029512 -0.930089 0.000000 
1.200000e-01 1.003097e-01 9.749945e-02 1.155661e-01 1.000000e-01 1.597502e+00 -0.994893 0.006611 0.022560 0.877079 0.078980 0.009664 0.994893 -0.006188 -0.029512 -0.930089 0.000000 
1.200000e-01 1.003097e-01 9.749945e-02 1.155661e-01 1.000000e-01 1.597502e+00 -0.994893 0.006611 0.022560 0.877079 0.078980 0.009664 0.994893 -0.006188 -0.029512 -0.930089 0.000000 
1.200000e-01 1.003097e-01 9.749945e-02 1.155661e-01 1.000000e-01 1.597502e+00 -0.994893 0.006611 0.022560 0.877079 0.078980 0.009664 0.994893 -0.006188 -0.029512 -0.930089 0.000000 
1.200000e-01 1.003097e-01 9.749945e-02 1.155661e-01 1.000000e-01 1.597502e+00 -0.994893 0.006611 0.022560 0.877079 0.078980 0.009664 0.994893 -0.006188 -0.029512 -0.930089 0.000000 
1.200000e-01 1.003097e-01 9.749945e-02 1.155661e-01 1.000000e-01 1.597502e+00 -0.994893 0.006611 0.022560 0.877079 0.078980 0.009664 0.994893 -0.006188 -0.029512 -0.930089 0.000000 
1.200000e-01 1.003097e-01 9.749945e-02 1.155661e-01 1.000000e-01 1.597502e+00 -0.994893 0.006611 0.022560 0.877079 0.078980 0.009664 0.994893 -0.006188 -0.029512 -0.930089 0.000000 
1.200000e-01 1.003097e-01 9.749945e-02 1.155661e-01 1.000000e-01 1.597502e+00 -0.994893 0.006611 0.022560 0.877079 0.078980 0.009664 0.994893 -0.006188 -0.029512 -0.930089 0.000000 
1.200000e-01 1.003097e-01 9.749945e-02 1.155661e-01 1.000000e-01 1.597502e+00 -0.994893 0.006611 0.022560 0.877079 0.078980 0.009664 0.994893 -0.006188 -0.029512 -0.930089 0.000000 
1.200000e-01 1.003097e-01 9.749945e-02 1.155661e-01 1.000000e-01 1.597502e+00 -0.994893 0.006611 0.022560 0.877079 0.078980 0.009664 0.994893 -0.006188 -0.029512 -0.930089 0.000000 
1.200000e-01 1.003097e-01 9.749945e-02 1.155661e-01 1.000000e-01 1.597502e+00 -0.994893 0.006611 0.022560 0.877079 0.078980 0.009664 0.994893 -0.006188 -0.029512 -0.930089 0.000000 
1.200000e-01 1.003097e-01 9.749945e-02 1.155661e-01 1.000000e-01 1.597502e+00 -0.994893 0.006611 0.022560 0.877079 0.078980 0.009664 0.994893 -0.006188 -0.029512 -0.930089 0.000000 
1.200000e-01 1.003097e-01 9.749945e-02 1.155661e-01 1.000000e-01 1.597502e+00 -0.994893 0.006611 0.022560 0.877079 0.078980 0.009664 0.994893 -0.006188 -0.029512 -0.930089 0.000000 
1.200000e-01 1.003097e-01 9.749945e-02 1.155661e-01 1.000000e-01 1.597502e+00 -0.994893 0.006611 0.022560 0.877079 0.078980 0.009664 0.994893 -0.006188 -0.029512 -0.930089 0.000000 
1.200000e-01 1.003097e-01 9.749945e-02 1.155661e-01 1.000000e-01 1.597502e+00 -0.994893 0.006611 0.022560 0.877079 0.078980 0.009664 0.994893 -0.006188 -0.029512 -0.930089 0.000000 
1.200000e-01 1.003097e-01 9.749945e-02 1.155661e-01 1.000000e-01 1.597502e+00 -0.994893 0.006611 0.022560 0.877079 0.078980 0.009664 0.994893 -0.006188 -0.029512 -0.930089 0.000000 
1.200000e-01 1.003097e-01 9.749945e-02 1.155661e-01 1.000000e-01 1.597502e+00 -0.994893 0.006611 0.022560 0.877079 0.078980 0.009664 0.994893 -0.006188 -0.029512 -0.930089 0.000000 
1.200000e-01 1.003097e-01 9.749945e-02 1.155661e-01 1.000000e-01 1.597502e+00 -0.994893 0.006611 0.022560 0.877079 0.078980 0.009664 0.994893 -0.006188 -0.029512 -0.930089 0.000000 
1.200000e-01 1.003097e-01 9.749945e-02 1.155661e-01 1.000000e-01 1.597502e+00 -0.994893 0.006611 0.022560 0.877079 0.078980 0.009664 0.994893 -0.006188 -0.029512 -0.930089 0.000000 
1.200000e-01 1.003097e-01 9.749945e-02 1.155661e-01 1.000000e-01 1.597502e+00 -0.994893 0.006611 0.022560 0.877079 0.078980 0.009664 0.994893 -0.006188 -0.029512 -0.930089 0.000000 
1.200000e-01 1.003097e-01 9.749945e-02 1.155661e-01 1.000000e-01 1.597502e+00 -0.994893 0.006611 0.022560 0.877079 0.078980 0.009664 0.994893 -0.006188 -0.029512 -0.930089 0.000000 
1.200000e-01 1.003097e-01 9.749945e-02 1.155661e-01 1.000000e-01 1.597502e+00 -0.994893 0.006611 0.022560 0.877079 0.078980 0.009664 0.994893 -0.006188 -0.029512 -0.930089 0.000000 
1.200000e-01 1.003097e-01 9.749945e-02 1.155661e-01 1.000000e-01 1.597502e+00 -0.994893 0.006611 0.022560 0.877079 0.078980 0.009664 0.994893 -0.006188 -0.029512 -0.930089 0.000000 
1.200000e-01 1.003097e-01 9.749945e-02 1.155661e-01 1.000000e-01 1.597502e+00 -0.994893 0.006611 0.022560 0.877079 0.078980 0.009664 0.994893 -0.006188 -0.029512 -0.930089 0.000000 
1.200000e-01 1.003097e-01 9.749945e-02 1.155661e-01 1.000000e-01 1.597502e+00 -0.994893 0.006611 0.022560 0.877079 0.078980 0.009664 0.994893 -0.006188 -0.029512 -0.930089 0.000000 
1.200000e-01 1.003097e-01 9.749945e-02 1.155661e-01 1.000000e-01 1.597502e+00 -0.994893 0.006611 0.022560 0.877079 0.078980 0.009664 0.994893 -0.006188 -0.029512 -0.930089 0.000000 
1.200000e-01 1.003097e-01 9.749945e-02 1.155661e-01 1.000000e-01 1.597502e+00 -0.994893 0.006611 0.022560 0.877079 0.078980 0.009664 0.994893 -0.006188 -0.029512 -0.930089 0.000000 
1.200000e-01 1.003097e-01 9.749945e-02 1.155661e-01 1.000000e-01 1.597502e+00 -0.994893 0.006611 0.022560 0.877079 0.078980 0.009664 0.994893 -0.006188 -0.029512 -0.930089 0.000000 
1.200000e-01 1.003097e-01 9.749945e-02 1.155661e-01 1.000000e-01 1.597502e+00 -0.994893 0.006611 0.022560 0.877079 0.078980 0.009664 0.994893 -0.006188 -0.029512 -0.930089 0.000000 
1.200000e-01 1.003097e-01 9.749945e-02 1.155661e-01 1.000000e-01 1.597502e+00 -0.994893 0.006611 0.022560 0.877079 0.078980 0.009664 0.994893 -0.006188 -0.029512 -0.930089 0.000000 
1.200000e-01 1.003097e-01 9.749945e-02 1.155661e-01 1.000000e-01 1.597502e+00 -0.994893 0.006611 0.022560 0.877079 0.078980 0.009664 0.994893 -0.006188 -0.029512 -0.930089 0.000000 
1.200000e-01 1.003097e-01 9.749945e-02 1.155661e-01 1.000000e-01 1.597502e+00 -0.994893 0.006611 0.022560 0.877079 0.078980 0.009664 0.994893 -0.006188 -0.029512 -0.930089 0.000000 
1.200000e-01 1.003097e-01 9.749945e-02 1.155661e-01 1.000000e-01 1.597502e+00 -0.994893 0.006611 0.022560 0.877079 0.078980 0.009664 0.994893 -0.006188 -0.029512 -0.930089 0.000000 
1.200000e-01 1.003097e-01 9.749945e-02 1.155661e-01 1.000000e-01 1.597502e+00 -0.994893 0.006611 0.022560 0.877079 0.078980 0.009664 0.994893 -0.006188 -0.029512 -0.930089 0.000000 
1.200000e-01 1.003097e-01 9.749945e-02 1.155661e-01 1.000000e-01 1.597502e+00 -0.994893 0.006611 0.022560 0.877079 0.078980 0.009664 0.994893 -0.006188 -0.029512 -0.930089 0.000000 
1.200000e-01 1.003097e-01 9.749945e-02 1.155661e-01 1.000000e-01 1.597502e+00 -0.994893 0.006611 0.022560 0.877079 0.078980 0.009664 0.994893 -0.006188 -0.029512 -0.930089 0.000000 
1.200000e-01 1.003097e-01 9.749945e-02 1.155661e-01 1.000000e-01 1.597502e+00 -0.994893 0.006611 0.022560 0.877079 0.078980 0.009664 0.994893 -0.006188 -0.029512 -0.930089 0.000000 
1.200000e-01 1.003097e-01 9.749945e-02 1.155661e-01 1.000000e-01 1.597502e+00 -0.994893 0.006611 0.022560 0.877079 0.078980 0.009664 0.994893 -0.006188 -0.029512 -0.930089 0.000000 
1.200000e-01 1.003097e-01 9.749945e-02 1.155661e-01 1.000000e-01 1.597502e+00 -0.994893 0.006611 0.022560 0.877079 0.078980 0.009664 0.994893 -0.006188 -0.029512 -0.930089 0.000000 
1.200000e-01 1.003097e-01 9.749945e-02 1.155661e-01 1.000000e-01 1.597502e+00 -0.994893 0.006611 0.022560 0.877079 0.078980 0.009664 0.994893 -0.006188 -0.029512 -0.930089 0.000000 
1.200000e-01 1.003097e-01 9.749945e-02 1.155661e-01 1.000000e-01 1.597502e+00 -0.994893 0.006611 0.022560 0.877079 0.078980 0.009664 0.994893 -0.006188 -0.029512 -0.930089 0.000000 
1.200000e-01 1.003097e-01 9.749945e-02 1.155661e-01 1.000000e-01 1.597502e+00 -0.994893 0.006611 0.022560 0.877079 0.078980 0.009664 0.994893 -0.006188 -0.029512 -0.930089 0.000000 
1.200000e-01 1.003097e-01 9.749945e-02 1.155661e-01 1.000000e-01 1.597502e+00 -0.994893 0.006611 0.022560 0.877079 0.078980 0.009664 0.994893 -0.006188 -0.029512 -0.930089 0.000000 
1.200000e-01 1.003097e-01 9.749945e-02 1.155661e-01 1.000000e-01 1.597502e+00 -0.994893 0.006611 0.022560 0.877079 0.078980 0.009664 0.994893 -0.006188 -0.029512 -0.930089 0.000000 
1.200000e-01 1.003097e-01 9.749945e-02 1.155661e-01 1.000000e-01 1.597502e+00 -0.994893 0.006611 0.022560 0.877079 0.078980 0.009664 0.994893 -0.006188 -0.029512 -0.930089 0.000000 
1.200000e-01 1.003097e-01 9.749945e-02 1.155661e-01 1.000000e-01 1.597502e+00 -0.994893 0.006611 0.022560 0.877079 0.078980 0.009664 0.994893 -0.006188 -0.029512 -0.930089 0.000000 
1.200000e-01 1.003097e-01 9.749945e-02 1.155661e-01 1.000000e-01 1.597502e+00 -0.994893 0.006611 0.022560 0.877079 0.078980 0.009664 0.994893 -0.006188 -0.029512 -0.930089 0.000000 
1.200000e-01 1.003097e-01 9.749945e-02 1.155661e-01 1.000000e-01 1.597502e+00 -0.994893 0.006611 0.022560 0.877079 0.078980 0.009664 0.994893 -0.006188 -0.029512 -0.930089 0.000000 
1.200000e-01 1.003097e-01 9.749945e-02 1.155661e-01 1.000000e-01 1.597502e+00 -0.994893 0.006611 0.022560 0.877079 0.078980 0.009664 0.994893 -0.006188 -0.029512 -0.930089 0.000000 
1.200000e-01 1.003097e-01 9.749945e-02 1.155661e-01 1.000000e-01 1.597502e+00 -0.994893 0.006611 0.022560 0.877079 0.078980 0.009664 0.994893 -0.006188 -0.029512 -0.930089 0.000000 
1.200000e-01 1.003097e-01 9.749945e-02 1.155661e-01 1.000000e-01 1.597502e+00 -0.994893 0.006611 0.022560 0.877079 0.078980 0.009664 0.994893 -0.006188 -0.029512 -0.930089 0.000000 
1.200000e-01 1.003097e-01 9.749945e-02 1.155661e-01 1.000000e-01 1.597502e+00 -0.994893 0.006611 0.022560 0.877079 0.078980 0.009664 0.994893 -0.006188 -0.029512 -0.930089 0.000000 
1.200000e-01 1.003097e-01 9.749945e-02 1.155661e-01 1.000000e-01 1.597502e+00 -0.994893 0.006611 0.022560 0.877079 0.078980 0.009664 0.994893 -0.006188 -0.029512 -0.930089 0.000000 
1.200000e-01 1.003097e-01 9.749945e-02 1.155661e-01 1.000000e-01 1.597502e+00 -0.994893 0.006611 0.022560 0.877079 0.078980 0.009664 0.994893 -0.006188 -0.029512 -0.930089 0.000000 
1.200000e-01 1.003097e-01 9.749945e-02 1.155661e-01 1.000000e-01 1.597502e+00 -0.994893 0.006611 0.022560 0.877079 0.078980 0.009664 0.994893 -0.006188 -0.029512 -0.930089 0.000000 
1.200000e-01 1.003097e-01 9.749945e-02 1.155661e-01 1.000000e-01 1.597502e+00 -0.994893 0.006611 0.022560 0.877079 0.078980 0.009664 0.994893 -0.006188 -0.029512 -0.930089 0.000000 
1.200000e-01 1.003097e-01 9.749945e-02 1.155661e-01 1.000000e-01 1.597502e+00 -0.994893 0.006611 0.022560 0.877079 0.078980 0.009664 0.994893 -0.006188 -0.029512 -0.930089 0.000000 
1.200000e-01 1.003097e-01 9.749945e-02 1.155661e-01 1.000000e-01 1.597502e+00 -0.994893 0.006611 0.022560 0.877079 0.078980 0.009664 0.994893 -0.006188 -0.029512 -0.930089 0.000000 
1.200000e-01 1.003097e-01 9.749945e-02 1.155661e-01 1.000000e-01 1.597502e+00 -0.994893 0.006611 0.022560 0.877079 0.078980 0.009664 0.994893 -0.006188 -0.029512 -0.930089 0.000000 
1.200000e-01 1.003097e-01 9.749945e-02 1.155661e-01 1.000000e-01 1.597502e+00 -0.994893 0.006611 0.022560 0.877079 0.078980 0.009664 0.994893 -0.006188 -0.029512 -0.930089 0.000000 
1.200000e-01 1.003097e-01 9.749945e-02 1.155661e-01 1.000000e-01 1.597502e+00 -0.994893 0.006611 0.022560 0.877079 0.078980 0.009664 0.994893 -0.006188 -0.029512 -0.930089 0.000000 
1.200000e-01 1.003097e-01 9.749945e-02 1.155661e-01 1.000000e-01 1.597502e+00 -0.994893 0.006611 0.022560 0.877079 0.078980 0.009664 0.994893 -0.006188 -0.029512 -0.930089 0.000000 
1.200000e-01 1.003097e-01 9.749945e-02 1.155661e-01 1.000000e-01 1.597502e+00 -0.994893 0.006611 0.022560 0.877079 0.078980 0.009664 0.994893 -0.006188 -0.029512 -0.930089 0.000000 
1.200000e-01 1.003097e-01 9.749945e-02 1.155661e-01 1.000000e-01 1.597502e+00 -0.994893 0.006611 0.022560 0.877079 0.078980 0.009664 0.994893 -0.006188 -0.029512 -0.930089 0.000000 
1.200000e-01 1.003097e-01 9.749945e-02 1.155661e-01 1.000000e-01 1.597502e+00 -0.994893 0.006611 0.022560 0.877079 0.078980 0.009664 0.994893 -0.006188 -0.029512 -0.930089 0.000000 
1.200000e-01 1.003097e-01 9.749945e-02 1.155661e-01 1.000000e-01 1.597502e+00 -0.994893 0.006611 0.022560 0.877079 0.078980 0.009664 0.994893 -0.006188 -0.029512 -0.930089 0.000000 
1.200000e-01 1.003097e-01 9.749945e-02 1.155661e-01 1.000000e-01 1.597502e+00 -0.994893 0.006611 0.022560 0.877079 0.078980 0.009664 0.994893 -0.006188 -0.029512 -0.930089 0.000000 
1.200000e-01 1.003097e-01 9.749945e-02 1.155661e-01 1.000000e-01 1.597502e+00 -0.994893 0.006611 0.022560 0.877079 0.078980 0.009664 0.994893 -0.006188 -0.029512 -0.930089 0.000000 
1.200000e-01 1.003097e-01 9.749945e-02 1.155661e-01 1.000000e-01 1.597502e+00 -0.994893 0.006611 0.022560 0.877079 0.078980 0.009664 0.994893 -0.006188 -0.029512 -0.930089 0.000000 
1.200000e-01 1.003097e-01 9.749945e-02 1.155661e-01 1.000000e-01 1.597502e+00 -0.994893 0.006611 0.022560 0.877079 0.078980 0.009664 0.994893 -0.006188 -0.029512 -0.930089 0.000000 
1.200000e-01 1.003097e-01 9.749945e-02 1.155661e-01 1.000000e-01 1.597502e+00 -0.994893 0.006611 0.022560 0.877079 0.078980 0.009664 0.994893 -0.006188 -0.029512 -0.930089 0.000000 
1.200000e-01 1.003097e-01 9.749945e-02 1.155661e-01 1.000000e-01 1.597502e+00 -0.994893 0.006611 0.022560 0.877079 0.078980 0.009664 0.994893 -0.006188 -0.029512 -0.930089 0.000000 
1.200000e-01 1.003097e-01 9.749945e-02 1.155661e-01 1.000000e-01 1.597502e+00 -0.994893 0.006611 0.022560 0.877079 0.078980 0.009664 0.994893 -0.006188 -0.029512 -0.930089 0.000000 
1.200000e-01 1.003097e-01 9.749945e-02 1.155661e-01 1.000000e-01 1.597502e+00 -0.994893 0.006611 0.022560 0.877079 0.078980 0.009664 0.994893 -0.006188 -0.029512 -0.930089 0.000000 
1.200000e-01 1.003097e-01 9.749945e-02 1.155661e-01 1.000000e-01 1.597502e+00 -0.994893 0.006611 0.022560 0.877079 0.078980 0.009664 0.994893 -0.006188 -0.029512 -0.930089 0.000000 
1.200000e-01 1.003097e-01 9.749945e-02 1.155661e-01 1.000000e-01 1.597502e+00 -0.994893 0.006611 0.022560 0.877079 0.078980 0.009664 0.994893 -0.006188 -0.029512 -0.930089 0.000000 
1.200000e-01 1.003097e-01 9.749945e-02 1.155661e-01 1.000000e-01 1.597502e+00 -0.994893 0.006611 0.022560 0.877079 0.078980 0.009664 0.994893 -0.006188 -0.029512 -0.930089 0.000000 
1.200000e-01 1.003097e-01 9.749945e-02 1.155661e-01 1.000000e-01 1.597502e+00 -0.994893 0.006611 0.022560 0.877079 0.078980 0.009664 0.994893 -0.006188 -0.029512 -0.930089 0.000000 
1.200000e-01 1.003097e-01 9.749945e-02 1.155661e-01 1.000000e-01 1.597502e+00 -0.994893 0.006611 0.022560 0.877079 0.078980 0.009664 0.994893 -0.006188 -0.029512 -0.930089 0.000000 
1.200000e-01 1.003097e-01 9.749945e-02 1.155661e-01 1.000000e-01 1.597502e+00 -0.994893 0.006611 0.022560 0.877079 0.078980 0.009664 0.994893 -0.006188 -0.029512 -0.930089 0.000000 
1.200000e-01 1.003097e-01 9.749945e-02 1.155661e-01 1.000000e-01 1.597502e+00 -0.994893 0.006611 0.022560 0.877079 0.078980 0.009664 0.994893 -0.006188 -0.029512 -0.930089 0.000000 
1.200000e-01 1.003097e-01 9.749945e-02 1.155661e-01 1.000000e-01 1.597502e+00 -0.994893 0.006611 0.022560 0.877079 0.078980 0.009664 0.994893 -0.006188 -0.029512 -0.930089 0.000000 
1.200000e-01 1.003097e-01 9.749945e-02 1.155661e-01 1.000000e-01 1.597502e+00 -0.994893 0.006611 0.022560 0.877079 0.078980 0.009664 0.994893 -0.006188 -0.029512 -0.930089 0.000000 
1.200000e-01 1.003097e-01 9.749945e-02 1.155661e-01 1.000000e-01 1.597502e+00 -0.994893 0.006611 0.022560 0.877079 0.078980 0.009664 0.994893 -0.006188 -0.029512 -0.930089 0.000000 
1.200000e-01 1.003097e-01 9.749945e-02 1.155661e-01 1.000000e-01 1.597502e+00 -0.994893 0.006611 0.022560 0.877079 0.078980 0.009664 0.994893 -0.006188 -0.029512 -0.930089 0.000000 
1.200000e-01 1.003097e-01 9.749945e-02 1.155661e-01 1.000000e-01 1.597502e+00 -0.994893 0.006611 0.022560 0.877079 0.078980 0.009664 0.994893 -0.006188 -0.029512 -0.930089 0.000000 
1.200000e-01 1.003097e-01 9.749945e-02 1.155661e-01 1.000000e-01 1.597502e+00 -0.994893 0.006611 0.022560 0.877079 0.078980 0.009664 0.994893 -0.006188 -0.029512 -0.930089 0.000000 
1.200000e-01 1.003097e-01 9.749945e-02 1.155661e-01 1.000000e-01 1.597502e+00 -0.994893 0.006611 0.022560 0.877079 0.078980 0.009664 0.994893 -0.006188 -0.029512 -0.930089 0.000000 
1.200000e-01 1.003097e-01 9.749945e-02 1.155661e-01 1.000000e-01 1.597502e+00 -0.994893 0.006611 0.022560 0.877079 0.078980 0.009664 0.994893 -0.006188 -0.029512 -0.930089 0.000000 
1.200000e-01 1.003097e-01 9.749945e-02 1.155661e-01 1.000000e-01 1.597502e+00 -0.994893 0.006611 0.022560 0.877079 0.078980 0.009664 0.994893 -0.006188 -0.029512 -0.930089 0.000000 
1.200000e-01 1.003097e-01 9.749945e-02 1.155661e-01 1.000000e-01 1.597502e+00 -0.994893 0.006611 0.022560 0.877079 0.078980 0.009664 0.994893 -0.006188 -0.029512 -0.930089 0.000000 
1.200000e-01 1.003097e-01 9.749945e-02 1.155661e-01 1.000000e-01 1.597502e+00 -0.994893 0.006611 0.022560 0.877079 0.078980 0.009664 0.994893 -0.006188 -0.029512 -0.930089 0.000000 
1.200000e-01 1.003097e-01 9.749945e-02 1.155661e-01 1.000000e-01 1.597502e+00 -0.994893 0.006611 0.022560 0.877079 0.078980 0.009664 0.994893 -0.006188 -0.029512 -0.930089 0.000000 
1.200000e-01 1.003097e-01 9.749945e-02 1.155661e-01 1.000000e-01 1.597502e+00 -0.994893 0.006611 0.022560 0.877079 0.078980 0.009664 0.994893 -0.006188 -0.029512 -0.930089 0.000000 
1.200000e-01 1.003097e-01 9.749945e-02 1.155661e-01 1.000000e-01 1.597502e+00 -0.994893 0.006611 0.022560 0.877079 0.078980 0.009664 0.994893 -0.006188 -0.029512 -0.930089 0.000000 
