# TeX TeY TeZ ThX ThY THZ P1 P2
8.000000e-02 1.000000e-01 9.550000e-01 8.000000e-02 1.000000e-01 9.550000e-01 0.000000 0.000000 0.000000 0.000000 0.000000 0.000000 0.000000 0.000000 0.000000 0.000000 0.000000 
8.000000e-02 1.000000e-01 9.439480e-01 8.000000e-02 1.000000e-01 9.632136e-01 -0.012728 0.001634 0.003269 0.003271 0.003288 0.001267 0.012728 -0.001634 -0.003268 -0.003271 0.000000 
8.000000e-02 1.000000e-01 9.328485e-01 8.000000e-02 1.000000e-01 9.714113e-01 -0.025478 0.003271 0.006543 0.006547 0.006581 0.002536 0.025478 -0.003270 -0.006541 -0.006547 0.000000 
8.000000e-02 1.000000e-01 9.217017e-01 8.000000e-02 1.000000e-01 9.795929e-01 -0.038248 0.004911 0.009822 0.009828 0.009879 0.003807 0.038248 -0.004909 -0.009819 -0.009829 0.000000 
8.000000e-02 1.000000e-01 9.105081e-01 8.000000e-02 1.000000e-01 9.877583e-01 -0.051038 0.006553 0.013107 0.013115 0.013183 0.005080 0.051038 -0.006550 -0.013103 -0.013115 0.000000 
8.000000e-02 1.000000e-01 8.992681e-01 8.000000e-02 1.000000e-01 9.959074e-01 -0.063848 0.008198 0.016397 0.016407 0.016492 0.006355 0.063847 -0.008194 -0.016392 -0.016407 0.000000 
8.000000e-02 1.000000e-01 8.879822e-01 8.000000e-02 1.000000e-01 1.004040e+00 -0.076677 0.009845 0.019691 0.019703 0.019805 0.007631 0.076677 -0.009841 -0.019686 -0.019704 0.000000 
8.000000e-02 1.000000e-01 8.766507e-01 8.000000e-02 1.000000e-01 1.012156e+00 -0.089525 0.011495 0.022991 0.023005 0.023124 0.008910 0.089525 -0.011490 -0.022984 -0.023005 0.000000 
8.000000e-02 1.000000e-01 8.652740e-01 8.000000e-02 1.000000e-01 1.020254e+00 -0.102392 0.013147 0.026296 0.026311 0.026447 0.010191 0.102392 -0.013141 -0.026288 -0.026312 0.000000 
8.000000e-02 1.000000e-01 8.538526e-01 8.000000e-02 1.000000e-01 1.028336e+00 -0.115278 0.014802 0.029605 0.029622 0.029775 0.011473 0.115278 -0.014795 -0.029596 -0.029623 0.000000 
8.000000e-02 1.000000e-01 8.423868e-01 8.000000e-02 1.000000e-01 1.036401e+00 -0.128181 0.016459 0.032920 0.032938 0.033107 0.012757 0.128181 -0.016451 -0.032908 -0.032939 0.000000 
8.000000e-02 1.000000e-01 8.308771e-01 7.999999e-02 1.000000e-01 1.044448e+00 -0.141102 0.018119 0.036239 0.036258 0.036444 0.014042 0.141102 -0.018109 -0.036226 -0.036259 0.000000 
8.000000e-02 1.000000e-01 8.193237e-01 7.999999e-02 1.000000e-01 1.052477e+00 -0.154040 0.019781 0.039562 0.039583 0.039784 0.015329 0.154039 -0.019770 -0.039547 -0.039584 0.000000 
8.000000e-02 1.000000e-01 8.077271e-01 7.999999e-02 1.000000e-01 1.060489e+00 -0.166994 0.021445 0.042890 0.042912 0.043129 0.016618 0.166994 -0.021433 -0.042873 -0.042913 0.000000 
8.000000e-02 1.000000e-01 7.960877e-01 7.999999e-02 1.000000e-01 1.068482e+00 -0.179965 0.023111 0.046223 0.046245 0.046478 0.017908 0.179965 -0.023097 -0.046203 -0.046246 0.000000 
8.000000e-02 1.000000e-01 7.844058e-01 7.999999e-02 1.000000e-01 1.076458e+00 -0.192952 0.024780 0.049560 0.049582 0.049831 0.019200 0.192952 -0.024764 -0.049538 -0.049583 0.000000 
8.000000e-02 9.999999e-02 7.726819e-01 7.999999e-02 1.000000e-01 1.084415e+00 -0.205955 0.026451 0.052901 0.052923 0.053187 0.020493 0.205955 -0.026433 -0.052876 -0.052925 0.000000 
8.000000e-02 9.999999e-02 7.609162e-01 7.999998e-02 1.000000e-01 1.092353e+00 -0.218973 0.028125 0.056247 0.056268 0.056547 0.021787 0.218973 -0.028104 -0.056218 -0.056270 0.000000 
8.000000e-02 9.999999e-02 7.491091e-01 7.999998e-02 1.000000e-01 1.100273e+00 -0.232006 0.029800 0.059597 0.059617 0.059910 0.023082 0.232006 -0.029776 -0.059564 -0.059619 0.000000 
8.000000e-02 9.999999e-02 7.372610e-01 7.999998e-02 1.000000e-01 1.108173e+00 -0.245054 0.031478 0.062951 0.062970 0.063276 0.024379 0.245054 -0.031451 -0.062914 -0.062972 0.000000 
8.000000e-02 9.999999e-02 7.253723e-01 7.999998e-02 1.000000e-01 1.116054e+00 -0.258115 0.033158 0.066310 0.066326 0.066645 0.025677 0.258115 -0.033127 -0.066267 -0.066328 0.000000 
8.000000e-02 9.999999e-02 7.134433e-01 7.999997e-02 1.000000e-01 1.123916e+00 -0.271191 0.034840 0.069672 0.069685 0.070017 0.026975 0.271191 -0.034805 -0.069624 -0.069688 0.000000 
8.000000e-02 9.999998e-02 7.014743e-01 7.999997e-02 1.000000e-01 1.131758e+00 -0.284280 0.036525 0.073039 0.073049 0.073392 0.028275 0.284280 -0.036485 -0.072984 -0.073052 0.000000 
8.000000e-02 9.999998e-02 6.894657e-01 7.999996e-02 1.000000e-01 1.139581e+00 -0.297382 0.038212 0.076410 0.076415 0.076769 0.029575 0.297381 -0.038167 -0.076348 -0.076419 0.000000 
8.000000e-02 9.999998e-02 6.774179e-01 7.999996e-02 1.000000e-01 1.147383e+00 -0.310496 0.039901 0.079786 0.079785 0.080149 0.030876 0.310496 -0.039850 -0.079715 -0.079789 0.000000 
8.000000e-02 9.999997e-02 6.653311e-01 7.999995e-02 1.000000e-01 1.155165e+00 -0.323623 0.041592 0.083165 0.083157 0.083530 0.032178 0.323623 -0.041535 -0.083085 -0.083162 0.000000 
8.000000e-02 9.999997e-02 6.532057e-01 7.999994e-02 1.000000e-01 1.162926e+00 -0.336762 0.043286 0.086549 0.086533 0.086913 0.033480 0.336762 -0.043221 -0.086458 -0.086538 0.000000 
8.000000e-02 9.999996e-02 6.410420e-01 7.999994e-02 1.000000e-01 1.170667e+00 -0.349912 0.044983 0.089937 0.089912 0.090298 0.034783 0.349912 -0.044909 -0.089834 -0.089918 0.000000 
8.000000e-02 9.999995e-02 6.288404e-01 7.999993e-02 1.000000e-01 1.178386e+00 -0.363073 0.046682 0.093330 0.093293 0.093683 0.036085 0.363073 -0.046598 -0.093213 -0.093300 0.000000 
8.000000e-02 9.999994e-02 6.166011e-01 7.999992e-02 1.000000e-01 1.186085e+00 -0.376246 0.048383 0.096727 0.096677 0.097070 0.037388 0.376246 -0.048288 -0.096595 -0.096685 0.000000 
8.000000e-02 9.999993e-02 6.043245e-01 7.999990e-02 1.000000e-01 1.193761e+00 -0.389429 0.050088 0.100129 0.100064 0.100457 0.038691 0.389428 -0.049980 -0.099980 -0.100072 0.000000 
8.000000e-02 9.999991e-02 5.920110e-01 7.999989e-02 1.000000e-01 1.201416e+00 -0.402621 0.051795 0.103535 0.103453 0.103845 0.039993 0.402621 -0.051674 -0.103367 -0.103463 0.000000 
8.000000e-02 9.999989e-02 5.796607e-01 7.999987e-02 1.000000e-01 1.209049e+00 -0.415824 0.053505 0.106947 0.106844 0.107232 0.041295 0.415824 -0.053368 -0.106756 -0.106855 0.000000 
8.000000e-02 9.999987e-02 5.672741e-01 7.999986e-02 1.000000e-01 1.216660e+00 -0.429036 0.055219 0.110364 0.110238 0.110618 0.042597 0.429036 -0.055064 -0.110148 -0.110250 0.000000 
8.000000e-02 9.999985e-02 5.548514e-01 7.999983e-02 1.000000e-01 1.224248e+00 -0.442256 0.056935 0.113786 0.113634 0.114003 0.043897 0.442256 -0.056760 -0.113542 -0.113648 0.000000 
8.000000e-02 9.999981e-02 5.423929e-01 7.999981e-02 1.000000e-01 1.231814e+00 -0.455486 0.058656 0.117214 0.117033 0.117387 0.045196 0.455486 -0.058458 -0.116939 -0.117047 0.000000 
8.000000e-02 9.999977e-02 5.298990e-01 7.999978e-02 1.000000e-01 1.239356e+00 -0.468723 0.060380 0.120648 0.120433 0.120768 0.046494 0.468723 -0.060157 -0.120337 -0.120449 0.000000 
8.000000e-02 9.999973e-02 5.173698e-01 7.999975e-02 1.000000e-01 1.246875e+00 -0.481969 0.062109 0.124089 0.123835 0.124147 0.047790 0.481969 -0.061857 -0.123738 -0.123853 0.000000 
8.000000e-02 9.999967e-02 5.048058e-01 7.999972e-02 1.000000e-01 1.254370e+00 -0.495222 0.063841 0.127536 0.127239 0.127522 0.049083 0.495221 -0.063558 -0.127140 -0.127259 0.000000 
8.000000e-02 9.999960e-02 4.922072e-01 7.999968e-02 1.000000e-01 1.261842e+00 -0.508481 0.065579 0.130991 0.130644 0.130892 0.050374 0.508481 -0.065259 -0.130545 -0.130667 0.000000 
8.000000e-02 9.999951e-02 4.795742e-01 7.999963e-02 1.000000e-01 1.269289e+00 -0.521748 0.067322 0.134454 0.134052 0.134258 0.051663 0.521748 -0.066962 -0.133951 -0.134076 0.000000 
8.000000e-02 9.999941e-02 4.669073e-01 7.999958e-02 1.000000e-01 1.276712e+00 -0.535021 0.069071 0.137926 0.137461 0.137617 0.052947 0.535021 -0.068665 -0.137358 -0.137488 0.000000 
8.000000e-02 9.999928e-02 4.542065e-01 7.999952e-02 1.000000e-01 1.284110e+00 -0.548300 0.070825 0.141407 0.140871 0.140969 0.054228 0.548300 -0.070368 -0.140767 -0.140902 0.000000 
8.000000e-02 9.999913e-02 4.414723e-01 7.999945e-02 1.000000e-01 1.291483e+00 -0.561584 0.072587 0.144898 0.144284 0.144313 0.055503 0.561584 -0.072072 -0.144178 -0.144318 0.000000 
8.000000e-02 9.999894e-02 4.287049e-01 7.999938e-02 1.000000e-01 1.298830e+00 -0.574874 0.074355 0.148400 0.147697 0.147647 0.056774 0.574874 -0.073776 -0.147590 -0.147736 0.000000 
8.000000e-02 9.999871e-02 4.159045e-01 7.999929e-02 1.000000e-01 1.306152e+00 -0.588168 0.076132 0.151915 0.151113 0.150971 0.058038 0.588168 -0.075480 -0.151003 -0.151157 0.000000 
8.000000e-02 9.999843e-02 4.030714e-01 7.999920e-02 1.000000e-01 1.313448e+00 -0.601467 0.077917 0.155443 0.154530 0.154281 0.059295 0.601467 -0.077183 -0.154418 -0.154581 0.000000 
8.000000e-02 9.999808e-02 3.902060e-01 7.999908e-02 1.000000e-01 1.320717e+00 -0.614770 0.079712 0.158986 0.157950 0.157579 0.060544 0.614770 -0.078885 -0.157834 -0.158010 0.000000 
8.000000e-02 9.999766e-02 3.773083e-01 7.999896e-02 1.000000e-01 1.327960e+00 -0.628076 0.081517 0.162546 0.161371 0.160859 0.061783 0.628076 -0.080585 -0.161251 -0.161446 0.000000 
8.000000e-02 9.999715e-02 3.643788e-01 7.999882e-02 1.000000e-01 1.335176e+00 -0.641386 0.083333 0.166122 0.164796 0.164122 0.063013 0.641386 -0.082281 -0.164669 -0.164891 0.000000 
8.000000e-02 9.999652e-02 3.514177e-01 7.999866e-02 1.000000e-01 1.342365e+00 -0.654699 0.085162 0.169720 0.168223 0.167363 0.064230 0.654699 -0.083971 -0.168088 -0.168349 0.000000 
8.000000e-02 9.999575e-02 3.384251e-01 7.999847e-02 1.000000e-01 1.349526e+00 -0.668014 0.087003 0.173339 0.171654 0.170583 0.065435 0.668014 -0.085651 -0.171509 -0.171828 0.000000 
8.000000e-02 9.999481e-02 3.254014e-01 7.999827e-02 1.000000e-01 1.356659e+00 -0.681331 0.088860 0.176983 0.175090 0.173775 0.066623 0.681331 -0.087317 -0.174931 -0.175336 0.000000 
8.000000e-02 9.999366e-02 3.123468e-01 7.999804e-02 1.000000e-01 1.363763e+00 -0.694650 0.090731 0.180653 0.178531 0.176939 0.067795 0.694650 -0.088960 -0.178356 -0.178891 0.000000 
8.000000e-02 9.999225e-02 2.992615e-01 7.999777e-02 1.000000e-01 1.370839e+00 -0.707970 0.092619 0.184353 0.181980 0.180071 0.068947 0.707970 -0.090569 -0.181784 -0.182515 0.000000 
8.000000e-02 9.999052e-02 2.861458e-01 7.999748e-02 1.000000e-01 1.377886e+00 -0.721291 0.094526 0.188088 0.185437 0.183164 0.070076 0.721291 -0.092124 -0.185216 -0.186248 0.000000 
8.000000e-02 9.998840e-02 2.729999e-01 7.999714e-02 1.000000e-01 1.384903e+00 -0.734613 0.096449 0.191857 0.188905 0.186220 0.071182 0.734613 -0.093598 -0.188654 -0.190144 0.000000 
8.000000e-02 9.998582e-02 2.598239e-01 7.999677e-02 1.000000e-01 1.391890e+00 -0.747935 0.098395 0.195671 0.192389 0.189225 0.072256 0.747935 -0.094951 -0.192099 -0.194287 0.000000 
8.000000e-02 9.998266e-02 2.466183e-01 7.999635e-02 1.000000e-01 1.398847e+00 -0.761257 0.100360 0.199528 0.195889 0.192181 0.073300 0.761257 -0.096110 -0.195555 -0.198829 0.000000 
8.000000e-02 9.997883e-02 2.333830e-01 7.999587e-02 1.000000e-01 1.405774e+00 -0.774578 0.102346 0.203436 0.199411 0.195079 0.074306 0.774578 -0.096982 -0.199022 -0.203968 0.000000 
8.000000e-02 9.997419e-02 2.201183e-01 7.999534e-02 1.000000e-01 1.412670e+00 -0.787899 0.104355 0.207404 0.202962 0.197910 0.075269 0.787899 -0.097425 -0.202494 -0.210023 0.000000 
8.000000e-02 9.996863e-02 2.068244e-01 7.999475e-02 1.000000e-01 1.419534e+00 -0.801219 0.106384 0.211431 0.206545 0.200673 0.076187 0.801219 -0.097186 -0.205949 -0.217587 0.000000 
8.000000e-02 9.996204e-02 1.935013e-01 7.999408e-02 1.000000e-01 1.426366e+00 -0.814538 0.108435 0.215534 0.210174 0.203349 0.077047 0.814539 -0.095967 -0.209318 -0.227450 0.000000 
8.000000e-02 9.995441e-02 1.801491e-01 7.999334e-02 1.000000e-01 1.433167e+00 -0.827857 0.110505 0.219717 0.213857 0.205934 0.077845 0.827857 -0.093308 -0.212419 -0.240971 0.000000 
8.000000e-02 9.994595e-02 1.667677e-01 7.999251e-02 1.000000e-01 1.439934e+00 -0.841175 0.112590 0.223983 0.217601 0.208423 0.078578 0.841175 -0.088477 -0.214735 -0.260790 0.000000 
8.000000e-02 9.993754e-02 1.533563e-01 7.999159e-02 1.000000e-01 1.446669e+00 -0.854495 0.114690 0.228364 0.221439 0.210782 0.079221 0.854496 -0.080723 -0.215055 -0.290950 0.000000 
8.000000e-02 9.993295e-02 1.399110e-01 7.999057e-02 1.000000e-01 1.453370e+00 -0.867830 0.116797 0.232858 0.225377 0.213019 0.079779 0.867830 -0.069117 -0.210467 -0.339155 0.000000 
8.000000e-02 9.994883e-02 1.264121e-01 7.998944e-02 1.000000e-01 1.460037e+00 -0.881243 0.118912 0.237495 0.229454 0.215136 0.080247 0.881243 -0.052491 -0.192854 -0.423209 0.000000 
8.000000e-02 1.000486e-01 1.127687e-01 7.998820e-02 1.000000e-01 1.466670e+00 -0.895035 0.121060 0.242397 0.233804 0.217156 0.080618 0.895035 -0.029864 -0.143170 -0.578667 0.000000 
8.000000e-02 1.002968e-01 9.871071e-02 7.998683e-02 1.000000e-01 1.473268e+00 -0.910269 0.123364 0.247831 0.238706 0.219362 0.081006 0.910269 0.001354 -0.022747 -0.875098 0.000000 
8.000000e-02 1.003099e-01 9.749977e-02 7.998533e-02 1.000000e-01 1.479830e+00 -0.915641 0.124356 0.250917 0.241293 0.218807 0.080268 0.915641 0.003982 -0.009169 -0.909714 0.000000 
8.000000e-02 1.003099e-01 9.749977e-02 7.998369e-02 1.000000e-01 1.486357e+00 -0.919955 0.125127 0.253984 0.243926 0.217685 0.079233 0.919955 0.003429 -0.010276 -0.910823 0.000000 
8.000000e-02 1.003099e-01 9.749977e-02 7.998192e-02 1.000000e-01 1.492848e+00 -0.924245 0.125783 0.257301 0.246897 0.216258 0.078006 0.924245 0.002878 -0.011378 -0.911925 0.000000 
8.000000e-02 1.003099e-01 9.749977e-02 7.998000e-02 1.000000e-01 1.499302e+00 -0.928510 0.126288 0.260903 0.250267 0.214483 0.076570 0.928511 0.002331 -0.012473 -0.913021 0.000000 
8.000000e-02 1.003099e-01 9.749977e-02 7.997795e-02 1.000000e-01 1.505718e+00 -0.932751 0.126569 0.264872 0.254172 0.212261 0.074877 0.932751 0.001786 -0.013561 -0.914111 0.000000 
8.000000e-02 1.003099e-01 9.749977e-02 7.997577e-02 1.000000e-01 1.512094e+00 -0.936966 0.126549 0.269274 0.258734 0.209508 0.072900 0.936966 0.001245 -0.014644 -0.915194 0.000000 
8.000000e-02 1.003099e-01 9.749977e-02 7.997347e-02 1.000000e-01 1.518430e+00 -0.941154 0.126170 0.274144 0.264027 0.206176 0.070637 0.941154 0.000708 -0.015719 -0.916270 0.000000 
8.000000e-02 1.003099e-01 9.749977e-02 7.997110e-02 1.000000e-01 1.524725e+00 -0.945316 0.125336 0.279559 0.270198 0.202161 0.068063 0.945316 0.000174 -0.016787 -0.917340 0.000000 
8.000000e-02 1.003099e-01 9.749977e-02 7.996872e-02 1.000000e-01 1.530979e+00 -0.949450 0.123840 0.285707 0.277589 0.197210 0.065104 0.949450 -0.000357 -0.017849 -0.918402 0.000000 
8.000000e-02 1.003099e-01 9.749977e-02 7.996644e-02 1.000000e-01 1.537191e+00 -0.953556 0.121580 0.292638 0.286339 0.191229 0.061771 0.953556 -0.000884 -0.018903 -0.919457 0.000000 
8.000000e-02 1.003099e-01 9.749977e-02 7.996451e-02 1.000000e-01 1.543359e+00 -0.957633 0.118419 0.300427 0.296656 0.184071 0.058061 0.957633 -0.001407 -0.019950 -0.920505 0.000000 
8.000000e-02 1.003099e-01 9.749977e-02 7.996339e-02 1.000000e-01 1.549484e+00 -0.961679 0.114185 0.309165 0.308829 0.175537 0.053963 0.961679 -0.001926 -0.020988 -0.921545 0.000000 
8.000000e-02 1.003099e-01 9.749977e-02 7.996403e-02 1.000000e-01 1.555563e+00 -0.965689 0.108580 0.318997 0.323402 0.165266 0.049445 0.965689 -0.002441 -0.022018 -0.922575 0.000000 
8.000000e-02 1.003099e-01 9.749977e-02 7.996851e-02 1.000000e-01 1.561592e+00 -0.969655 0.101423 0.329866 0.340802 0.153035 0.044529 0.969655 -0.002950 -0.023036 -0.923594 0.000000 
8.000000e-02 1.003099e-01 9.749977e-02 7.998125e-02 1.000000e-01 1.567564e+00 -0.973561 0.092706 0.341441 0.361283 0.138843 0.039288 0.973561 -0.003451 -0.024039 -0.924598 0.000000 
8.000000e-02 1.003099e-01 9.749977e-02 8.001215e-02 1.000000e-01 1.573464e+00 -0.977373 0.082454 0.353067 0.385313 0.122733 0.033806 0.977373 -0.003941 -0.025017 -0.925578 0.000000 
8.000000e-02 1.003099e-01 9.749977e-02 8.008462e-02 1.000000e-01 1.579261e+00 -0.981027 0.070935 0.363287 0.413473 0.105092 0.028239 0.981027 -0.004410 -0.025956 -0.926516 0.000000 
8.000000e-02 1.003099e-01 9.749977e-02 8.026183e-02 1.000000e-01 1.584882e+00 -0.984395 0.058808 0.368830 0.446980 0.086912 0.022865 0.984395 -0.004842 -0.026820 -0.927382 0.000000 
8.000000e-02 1.003099e-01 9.749977e-02 8.073516e-02 1.000000e-01 1.590154e+00 -0.987241 0.047335 0.361345 0.490184 0.070202 0.018176 0.987241 -0.005207 -0.027551 -0.928113 0.000000 
8.000000e-02 1.003099e-01 9.749977e-02 8.213785e-02 1.000000e-01 1.594769e+00 -0.989528 0.037029 0.317180 0.564594 0.056340 0.014385 0.989528 -0.005501 -0.028138 -0.928701 0.000000 
8.000000e-02 1.003099e-01 9.749977e-02 8.408805e-02 1.000000e-01 1.597500e+00 -0.991771 0.026297 0.218012 0.694663 0.042177 0.010622 0.991771 -0.005789 -0.028714 -0.929278 0.000000 
8.000000e-02 1.003099e-01 9.749977e-02 8.408805e-02 1.000000e-01 1.597500e+00 -0.991771 0.026297 0.218012 0.694663 0.042177 0.010622 0.991771 -0.005789 -0.028714 -0.929278 0.000000 
8.000000e-02 1.003099e-01 9.749977e-02 8.408805e-02 1.000000e-01 1.597500e+00 -0.991771 0.026297 0.218012 0.694663 0.042177 0.010622 0.991771 -0.005789 -0.028714 -0.929278 0.000000 
8.000000e-02 1.003099e-01 9.749977e-02 8.408805e-02 1.000000e-01 1.597500e+00 -0.991771 0.026297 0.218012 0.694663 0.042177 0.010622 0.991771 -0.005789 -0.028714 -0.929278 0.000000 
8.000000e-02 1.003099e-01 9.749977e-02 8.408805e-02 1.000000e-01 1.597500e+00 -0.991771 0.026297 0.218012 0.694663 0.042177 0.010622 0.991771 -0.005789 -0.028714 -0.929278 0.000000 
8.000000e-02 1.003099e-01 9.749977e-02 8.408805e-02 1.000000e-01 1.597500e+00 -0.991771 0.026297 0.218012 0.694663 0.042177 0.010622 0.991771 -0.005789 -0.028714 -0.929278 0.000000 
8.000000e-02 1.003099e-01 9.749977e-02 8.408805e-02 1.000000e-01 1.597500e+00 -0.991771 0.026297 0.218012 0.694663 0.042177 0.010622 0.991771 -0.005789 -0.028714 -0.929278 0.000000 
8.000000e-02 1.003099e-01 9.749977e-02 8.408805e-02 1.000000e-01 1.597500e+00 -0.991771 0.026297 0.218012 0.694663 0.042177 0.010622 0.991771 -0.005789 -0.028714 -0.929278 0.000000 
8.000000e-02 1.003099e-01 9.749977e-02 8.408805e-02 1.000000e-01 1.597500e+00 -0.991771 0.026297 0.218012 0.694663 0.042177 0.010622 0.991771 -0.005789 -0.028714 -0.929278 0.000000 
8.000000e-02 1.003099e-01 9.749977e-02 8.408805e-02 1.000000e-01 1.597500e+00 -0.991771 0.026297 0.218012 0.694663 0.042177 0.010622 0.991771 -0.005789 -0.028714 -0.929278 0.000000 
8.000000e-02 1.003099e-01 9.749977e-02 8.408805e-02 1.000000e-01 1.597500e+00 -0.991771 0.026297 0.218012 0.694663 0.042177 0.010622 0.991771 -0.005789 -0.028714 -0.929278 0.000000 
8.000000e-02 1.003099e-01 9.749977e-02 8.408805e-02 1.000000e-01 1.597500e+00 -0.991771 0.026297 0.218012 0.694663 0.042177 0.010622 0.991771 -0.005789 -0.028714 -0.929278 0.000000 
8.000000e-02 1.003099e-01 9.749977e-02 8.408805e-02 1.000000e-01 1.597500e+00 -0.991771 0.026297 0.218012 0.694663 0.042177 0.010622 0.991771 -0.005789 -0.028714 -0.929278 0.000000 
8.000000e-02 1.003099e-01 9.749977e-02 8.408805e-02 1.000000e-01 1.597500e+00 -0.991771 0.026297 0.218012 0.694663 0.042177 0.010622 0.991771 -0.005789 -0.028714 -0.929278 0.000000 
8.000000e-02 1.003099e-01 9.749977e-02 8.408805e-02 1.000000e-01 1.597500e+00 -0.991771 0.026297 0.218012 0.694663 0.042177 0.010622 0.991771 -0.005789 -0.028714 -0.929278 0.000000 
8.000000e-02 1.003099e-01 9.749977e-02 8.408805e-02 1.000000e-01 1.597500e+00 -0.991771 0.026297 0.218012 0.694663 0.042177 0.010622 0.991771 -0.005789 -0.028714 -0.929278 0.000000 
8.000000e-02 1.003099e-01 9.749977e-02 8.408805e-02 1.000000e-01 1.597500e+00 -0.991771 0.026297 0.218012 0.694663 0.042177 0.010622 0.991771 -0.005789 -0.028714 -0.929278 0.000000 
8.000000e-02 1.003099e-01 9.749977e-02 8.408805e-02 1.000000e-01 1.597500e+00 -0.991771 0.026297 0.218012 0.694663 0.042177 0.010622 0.991771 -0.005789 -0.028714 -0.929278 0.000000 
8.000000e-02 1.003099e-01 9.749977e-02 8.408805e-02 1.000000e-01 1.597500e+00 -0.991771 0.026297 0.218012 0.694663 0.042177 0.010622 0.991771 -0.005789 -0.028714 -0.929278 0.000000 
8.000000e-02 1.003099e-01 9.749977e-02 8.408805e-02 1.000000e-01 1.597500e+00 -0.991771 0.026297 0.218012 0.694663 0.042177 0.010622 0.991771 -0.005789 -0.028714 -0.929278 0.000000 
8.000000e-02 1.003099e-01 9.749977e-02 8.408805e-02 1.000000e-01 1.597500e+00 -0.991771 0.026297 0.218012 0.694663 0.042177 0.010622 0.991771 -0.005789 -0.028714 -0.929278 0.000000 
8.000000e-02 1.003099e-01 9.749977e-02 8.408805e-02 1.000000e-01 1.597500e+00 -0.991771 0.026297 0.218012 0.694663 0.042177 0.010622 0.991771 -0.005789 -0.028714 -0.929278 0.000000 
8.000000e-02 1.003099e-01 9.749977e-02 8.408805e-02 1.000000e-01 1.597500e+00 -0.991771 0.026297 0.218012 0.694663 0.042177 0.010622 0.991771 -0.005789 -0.028714 -0.929278 0.000000 
8.000000e-02 1.003099e-01 9.749977e-02 8.408805e-02 1.000000e-01 1.597500e+00 -0.991771 0.026297 0.218012 0.694663 0.042177 0.010622 0.991771 -0.005789 -0.028714 -0.929278 0.000000 
8.000000e-02 1.003099e-01 9.749977e-02 8.408805e-02 1.000000e-01 1.597500e+00 -0.991771 0.026297 0.218012 0.694663 0.042177 0.010622 0.991771 -0.005789 -0.028714 -0.929278 0.000000 
8.000000e-02 1.003099e-01 9.749977e-02 8.408805e-02 1.000000e-01 1.597500e+00 -0.991771 0.026297 0.218012 0.694663 0.042177 0.010622 0.991771 -0.005789 -0.028714 -0.929278 0.000000 
8.000000e-02 1.003099e-01 9.749977e-02 8.408805e-02 1.000000e-01 1.597500e+00 -0.991771 0.026297 0.218012 0.694663 0.042177 0.010622 0.991771 -0.005789 -0.028714 -0.929278 0.000000 
8.000000e-02 1.003099e-01 9.749977e-02 8.408805e-02 1.000000e-01 1.597500e+00 -0.991771 0.026297 0.218012 0.694663 0.042177 0.010622 0.991771 -0.005789 -0.028714 -0.929278 0.000000 
8.000000e-02 1.003099e-01 9.749977e-02 8.408805e-02 1.000000e-01 1.597500e+00 -0.991771 0.026297 0.218012 0.694663 0.042177 0.010622 0.991771 -0.005789 -0.028714 -0.929278 0.000000 
8.000000e-02 1.003099e-01 9.749977e-02 8.408805e-02 1.000000e-01 1.597500e+00 -0.991771 0.026297 0.218012 0.694663 0.042177 0.010622 0.991771 -0.005789 -0.028714 -0.929278 0.000000 
8.000000e-02 1.003099e-01 9.749977e-02 8.408805e-02 1.000000e-01 1.597500e+00 -0.991771 0.026297 0.218012 0.694663 0.042177 0.010622 0.991771 -0.005789 -0.028714 -0.929278 0.000000 
8.000000e-02 1.003099e-01 9.749977e-02 8.408805e-02 1.000000e-01 1.597500e+00 -0.991771 0.026297 0.218012 0.694663 0.042177 0.010622 0.991771 -0.005789 -0.028714 -0.929278 0.000000 
8.000000e-02 1.003099e-01 9.749977e-02 8.408805e-02 1.000000e-01 1.597500e+00 -0.991771 0.026297 0.218012 0.694663 0.042177 0.010622 0.991771 -0.005789 -0.028714 -0.929278 0.000000 
8.000000e-02 1.003099e-01 9.749977e-02 8.408805e-02 1.000000e-01 1.597500e+00 -0.991771 0.026297 0.218012 0.694663 0.042177 0.010622 0.991771 -0.005789 -0.028714 -0.929278 0.000000 
8.000000e-02 1.003099e-01 9.749977e-02 8.408805e-02 1.000000e-01 1.597500e+00 -0.991771 0.026297 0.218012 0.694663 0.042177 0.010622 0.991771 -0.005789 -0.028714 -0.929278 0.000000 
8.000000e-02 1.003099e-01 9.749977e-02 8.408805e-02 1.000000e-01 1.597500e+00 -0.991771 0.026297 0.218012 0.694663 0.042177 0.010622 0.991771 -0.005789 -0.028714 -0.929278 0.000000 
8.000000e-02 1.003099e-01 9.749977e-02 8.408805e-02 1.000000e-01 1.597500e+00 -0.991771 0.026297 0.218012 0.694663 0.042177 0.010622 0.991771 -0.005789 -0.028714 -0.929278 0.000000 
8.000000e-02 1.003099e-01 9.749977e-02 8.408805e-02 1.000000e-01 1.597500e+00 -0.991771 0.026297 0.218012 0.694663 0.042177 0.010622 0.991771 -0.005789 -0.028714 -0.929278 0.000000 
8.000000e-02 1.003099e-01 9.749977e-02 8.408805e-02 1.000000e-01 1.597500e+00 -0.991771 0.026297 0.218012 0.694663 0.042177 0.010622 0.991771 -0.005789 -0.028714 -0.929278 0.000000 
8.000000e-02 1.003099e-01 9.749977e-02 8.408805e-02 1.000000e-01 1.597500e+00 -0.991771 0.026297 0.218012 0.694663 0.042177 0.010622 0.991771 -0.005789 -0.028714 -0.929278 0.000000 
8.000000e-02 1.003099e-01 9.749977e-02 8.408805e-02 1.000000e-01 1.597500e+00 -0.991771 0.026297 0.218012 0.694663 0.042177 0.010622 0.991771 -0.005789 -0.028714 -0.929278 0.000000 
8.000000e-02 1.003099e-01 9.749977e-02 8.408805e-02 1.000000e-01 1.597500e+00 -0.991771 0.026297 0.218012 0.694663 0.042177 0.010622 0.991771 -0.005789 -0.028714 -0.929278 0.000000 
8.000000e-02 1.003099e-01 9.749977e-02 8.408805e-02 1.000000e-01 1.597500e+00 -0.991771 0.026297 0.218012 0.694663 0.042177 0.010622 0.991771 -0.005789 -0.028714 -0.929278 0.000000 
8.000000e-02 1.003099e-01 9.749977e-02 8.408805e-02 1.000000e-01 1.597500e+00 -0.991771 0.026297 0.218012 0.694663 0.042177 0.010622 0.991771 -0.005789 -0.028714 -0.929278 0.000000 
8.000000e-02 1.003099e-01 9.749977e-02 8.408805e-02 1.000000e-01 1.597500e+00 -0.991771 0.026297 0.218012 0.694663 0.042177 0.010622 0.991771 -0.005789 -0.028714 -0.929278 0.000000 
8.000000e-02 1.003099e-01 9.749977e-02 8.408805e-02 1.000000e-01 1.597500e+00 -0.991771 0.026297 0.218012 0.694663 0.042177 0.010622 0.991771 -0.005789 -0.028714 -0.929278 0.000000 
8.000000e-02 1.003099e-01 9.749977e-02 8.408805e-02 1.000000e-01 1.597500e+00 -0.991771 0.026297 0.218012 0.694663 0.042177 0.010622 0.991771 -0.005789 -0.028714 -0.929278 0.000000 
8.000000e-02 1.003099e-01 9.749977e-02 8.408805e-02 1.000000e-01 1.597500e+00 -0.991771 0.026297 0.218012 0.694663 0.042177 0.010622 0.991771 -0.005789 -0.028714 -0.929278 0.000000 
8.000000e-02 1.003099e-01 9.749977e-02 8.408805e-02 1.000000e-01 1.597500e+00 -0.991771 0.026297 0.218012 0.694663 0.042177 0.010622 0.991771 -0.005789 -0.028714 -0.929278 0.000000 
8.000000e-02 1.003099e-01 9.749977e-02 8.408805e-02 1.000000e-01 1.597500e+00 -0.991771 0.026297 0.218012 0.694663 0.042177 0.010622 0.991771 -0.005789 -0.028714 -0.929278 0.000000 
8.000000e-02 1.003099e-01 9.749977e-02 8.408805e-02 1.000000e-01 1.597500e+00 -0.991771 0.026297 0.218012 0.694663 0.042177 0.010622 0.991771 -0.005789 -0.028714 -0.929278 0.000000 
8.000000e-02 1.003099e-01 9.749977e-02 8.408805e-02 1.000000e-01 1.597500e+00 -0.991771 0.026297 0.218012 0.694663 0.042177 0.010622 0.991771 -0.005789 -0.028714 -0.929278 0.000000 
8.000000e-02 1.003099e-01 9.749977e-02 8.408805e-02 1.000000e-01 1.597500e+00 -0.991771 0.026297 0.218012 0.694663 0.042177 0.010622 0.991771 -0.005789 -0.028714 -0.929278 0.000000 
8.000000e-02 1.003099e-01 9.749977e-02 8.408805e-02 1.000000e-01 1.597500e+00 -0.991771 0.026297 0.218012 0.694663 0.042177 0.010622 0.991771 -0.005789 -0.028714 -0.929278 0.000000 
8.000000e-02 1.003099e-01 9.749977e-02 8.408805e-02 1.000000e-01 1.597500e+00 -0.991771 0.026297 0.218012 0.694663 0.042177 0.010622 0.991771 -0.005789 -0.028714 -0.929278 0.000000 
8.000000e-02 1.003099e-01 9.749977e-02 8.408805e-02 1.000000e-01 1.597500e+00 -0.991771 0.026297 0.218012 0.694663 0.042177 0.010622 0.991771 -0.005789 -0.028714 -0.929278 0.000000 
8.000000e-02 1.003099e-01 9.749977e-02 8.408805e-02 1.000000e-01 1.597500e+00 -0.991771 0.026297 0.218012 0.694663 0.042177 0.010622 0.991771 -0.005789 -0.028714 -0.929278 0.000000 
8.000000e-02 1.003099e-01 9.749977e-02 8.408805e-02 1.000000e-01 1.597500e+00 -0.991771 0.026297 0.218012 0.694663 0.042177 0.010622 0.991771 -0.005789 -0.028714 -0.929278 0.000000 
8.000000e-02 1.003099e-01 9.749977e-02 8.408805e-02 1.000000e-01 1.597500e+00 -0.991771 0.026297 0.218012 0.694663 0.042177 0.010622 0.991771 -0.005789 -0.028714 -0.929278 0.000000 
8.000000e-02 1.003099e-01 9.749977e-02 8.408805e-02 1.000000e-01 1.597500e+00 -0.991771 0.026297 0.218012 0.694663 0.042177 0.010622 0.991771 -0.005789 -0.028714 -0.929278 0.000000 
8.000000e-02 1.003099e-01 9.749977e-02 8.408805e-02 1.000000e-01 1.597500e+00 -0.991771 0.026297 0.218012 0.694663 0.042177 0.010622 0.991771 -0.005789 -0.028714 -0.929278 0.000000 
8.000000e-02 1.003099e-01 9.749977e-02 8.408805e-02 1.000000e-01 1.597500e+00 -0.991771 0.026297 0.218012 0.694663 0.042177 0.010622 0.991771 -0.005789 -0.028714 -0.929278 0.000000 
8.000000e-02 1.003099e-01 9.749977e-02 8.408805e-02 1.000000e-01 1.597500e+00 -0.991771 0.026297 0.218012 0.694663 0.042177 0.010622 0.991771 -0.005789 -0.028714 -0.929278 0.000000 
8.000000e-02 1.003099e-01 9.749977e-02 8.408805e-02 1.000000e-01 1.597500e+00 -0.991771 0.026297 0.218012 0.694663 0.042177 0.010622 0.991771 -0.005789 -0.028714 -0.929278 0.000000 
8.000000e-02 1.003099e-01 9.749977e-02 8.408805e-02 1.000000e-01 1.597500e+00 -0.991771 0.026297 0.218012 0.694663 0.042177 0.010622 0.991771 -0.005789 -0.028714 -0.929278 0.000000 
8.000000e-02 1.003099e-01 9.749977e-02 8.408805e-02 1.000000e-01 1.597500e+00 -0.991771 0.026297 0.218012 0.694663 0.042177 0.010622 0.991771 -0.005789 -0.028714 -0.929278 0.000000 
8.000000e-02 1.003099e-01 9.749977e-02 8.408805e-02 1.000000e-01 1.597500e+00 -0.991771 0.026297 0.218012 0.694663 0.042177 0.010622 0.991771 -0.005789 -0.028714 -0.929278 0.000000 
8.000000e-02 1.003099e-01 9.749977e-02 8.408805e-02 1.000000e-01 1.597500e+00 -0.991771 0.026297 0.218012 0.694663 0.042177 0.010622 0.991771 -0.005789 -0.028714 -0.929278 0.000000 
8.000000e-02 1.003099e-01 9.749977e-02 8.408805e-02 1.000000e-01 1.597500e+00 -0.991771 0.026297 0.218012 0.694663 0.042177 0.010622 0.991771 -0.005789 -0.028714 -0.929278 0.000000 
8.000000e-02 1.003099e-01 9.749977e-02 8.408805e-02 1.000000e-01 1.597500e+00 -0.991771 0.026297 0.218012 0.694663 0.042177 0.010622 0.991771 -0.005789 -0.028714 -0.929278 0.000000 
8.000000e-02 1.003099e-01 9.749977e-02 8.408805e-02 1.000000e-01 1.597500e+00 -0.991771 0.026297 0.218012 0.694663 0.042177 0.010622 0.991771 -0.005789 -0.028714 -0.929278 0.000000 
8.000000e-02 1.003099e-01 9.749977e-02 8.408805e-02 1.000000e-01 1.597500e+00 -0.991771 0.026297 0.218012 0.694663 0.042177 0.010622 0.991771 -0.005789 -0.028714 -0.929278 0.000000 
8.000000e-02 1.003099e-01 9.749977e-02 8.408805e-02 1.000000e-01 1.597500e+00 -0.991771 0.026297 0.218012 0.694663 0.042177 0.010622 0.991771 -0.005789 -0.028714 -0.929278 0.000000 
8.000000e-02 1.003099e-01 9.749977e-02 8.408805e-02 1.000000e-01 1.597500e+00 -0.991771 0.026297 0.218012 0.694663 0.042177 0.010622 0.991771 -0.005789 -0.028714 -0.929278 0.000000 
8.000000e-02 1.003099e-01 9.749977e-02 8.408805e-02 1.000000e-01 1.597500e+00 -0.991771 0.026297 0.218012 0.694663 0.042177 0.010622 0.991771 -0.005789 -0.028714 -0.929278 0.000000 
8.000000e-02 1.003099e-01 9.749977e-02 8.408805e-02 1.000000e-01 1.597500e+00 -0.991771 0.026297 0.218012 0.694663 0.042177 0.010622 0.991771 -0.005789 -0.028714 -0.929278 0.000000 
8.000000e-02 1.003099e-01 9.749977e-02 8.408805e-02 1.000000e-01 1.597500e+00 -0.991771 0.026297 0.218012 0.694663 0.042177 0.010622 0.991771 -0.005789 -0.028714 -0.929278 0.000000 
8.000000e-02 1.003099e-01 9.749977e-02 8.408805e-02 1.000000e-01 1.597500e+00 -0.991771 0.026297 0.218012 0.694663 0.042177 0.010622 0.991771 -0.005789 -0.028714 -0.929278 0.000000 
8.000000e-02 1.003099e-01 9.749977e-02 8.408805e-02 1.000000e-01 1.597500e+00 -0.991771 0.026297 0.218012 0.694663 0.042177 0.010622 0.991771 -0.005789 -0.028714 -0.929278 0.000000 
8.000000e-02 1.003099e-01 9.749977e-02 8.408805e-02 1.000000e-01 1.597500e+00 -0.991771 0.026297 0.218012 0.694663 0.042177 0.010622 0.991771 -0.005789 -0.028714 -0.929278 0.000000 
8.000000e-02 1.003099e-01 9.749977e-02 8.408805e-02 1.000000e-01 1.597500e+00 -0.991771 0.026297 0.218012 0.694663 0.042177 0.010622 0.991771 -0.005789 -0.028714 -0.929278 0.000000 
8.000000e-02 1.003099e-01 9.749977e-02 8.408805e-02 1.000000e-01 1.597500e+00 -0.991771 0.026297 0.218012 0.694663 0.042177 0.010622 0.991771 -0.005789 -0.028714 -0.929278 0.000000 
8.000000e-02 1.003099e-01 9.749977e-02 8.408805e-02 1.000000e-01 1.597500e+00 -0.991771 0.026297 0.218012 0.694663 0.042177 0.010622 0.991771 -0.005789 -0.028714 -0.929278 0.000000 
8.000000e-02 1.003099e-01 9.749977e-02 8.408805e-02 1.000000e-01 1.597500e+00 -0.991771 0.026297 0.218012 0.694663 0.042177 0.010622 0.991771 -0.005789 -0.028714 -0.929278 0.000000 
8.000000e-02 1.003099e-01 9.749977e-02 8.408805e-02 1.000000e-01 1.597500e+00 -0.991771 0.026297 0.218012 0.694663 0.042177 0.010622 0.991771 -0.005789 -0.028714 -0.929278 0.000000 
8.000000e-02 1.003099e-01 9.749977e-02 8.408805e-02 1.000000e-01 1.597500e+00 -0.991771 0.026297 0.218012 0.694663 0.042177 0.010622 0.991771 -0.005789 -0.028714 -0.929278 0.000000 
8.000000e-02 1.003099e-01 9.749977e-02 8.408805e-02 1.000000e-01 1.597500e+00 -0.991771 0.026297 0.218012 0.694663 0.042177 0.010622 0.991771 -0.005789 -0.028714 -0.929278 0.000000 
8.000000e-02 1.003099e-01 9.749977e-02 8.408805e-02 1.000000e-01 1.597500e+00 -0.991771 0.026297 0.218012 0.694663 0.042177 0.010622 0.991771 -0.005789 -0.028714 -0.929278 0.000000 
8.000000e-02 1.003099e-01 9.749977e-02 8.408805e-02 1.000000e-01 1.597500e+00 -0.991771 0.026297 0.218012 0.694663 0.042177 0.010622 0.991771 -0.005789 -0.028714 -0.929278 0.000000 
8.000000e-02 1.003099e-01 9.749977e-02 8.408805e-02 1.000000e-01 1.597500e+00 -0.991771 0.026297 0.218012 0.694663 0.042177 0.010622 0.991771 -0.005789 -0.028714 -0.929278 0.000000 
8.000000e-02 1.003099e-01 9.749977e-02 8.408805e-02 1.000000e-01 1.597500e+00 -0.991771 0.026297 0.218012 0.694663 0.042177 0.010622 0.991771 -0.005789 -0.028714 -0.929278 0.000000 
8.000000e-02 1.003099e-01 9.749977e-02 8.408805e-02 1.000000e-01 1.597500e+00 -0.991771 0.026297 0.218012 0.694663 0.042177 0.010622 0.991771 -0.005789 -0.028714 -0.929278 0.000000 
8.000000e-02 1.003099e-01 9.749977e-02 8.408805e-02 1.000000e-01 1.597500e+00 -0.991771 0.026297 0.218012 0.694663 0.042177 0.010622 0.991771 -0.005789 -0.028714 -0.929278 0.000000 
8.000000e-02 1.003099e-01 9.749977e-02 8.408805e-02 1.000000e-01 1.597500e+00 -0.991771 0.026297 0.218012 0.694663 0.042177 0.010622 0.991771 -0.005789 -0.028714 -0.929278 0.000000 
8.000000e-02 1.003099e-01 9.749977e-02 8.408805e-02 1.000000e-01 1.597500e+00 -0.991771 0.026297 0.218012 0.694663 0.042177 0.010622 0.991771 -0.005789 -0.028714 -0.929278 0.000000 
8.000000e-02 1.003099e-01 9.749977e-02 8.408805e-02 1.000000e-01 1.597500e+00 -0.991771 0.026297 0.218012 0.694663 0.042177 0.010622 0.991771 -0.005789 -0.028714 -0.929278 0.000000 
8.000000e-02 1.003099e-01 9.749977e-02 8.408805e-02 1.000000e-01 1.597500e+00 -0.991771 0.026297 0.218012 0.694663 0.042177 0.010622 0.991771 -0.005789 -0.028714 -0.929278 0.000000 
8.000000e-02 1.003099e-01 9.749977e-02 8.408805e-02 1.000000e-01 1.597500e+00 -0.991771 0.026297 0.218012 0.694663 0.042177 0.010622 0.991771 -0.005789 -0.028714 -0.929278 0.000000 
8.000000e-02 1.003099e-01 9.749977e-02 8.408805e-02 1.000000e-01 1.597500e+00 -0.991771 0.026297 0.218012 0.694663 0.042177 0.010622 0.991771 -0.005789 -0.028714 -0.929278 0.000000 
8.000000e-02 1.003099e-01 9.749977e-02 8.408805e-02 1.000000e-01 1.597500e+00 -0.991771 0.026297 0.218012 0.694663 0.042177 0.010622 0.991771 -0.005789 -0.028714 -0.929278 0.000000 
8.000000e-02 1.003099e-01 9.749977e-02 8.408805e-02 1.000000e-01 1.597500e+00 -0.991771 0.026297 0.218012 0.694663 0.042177 0.010622 0.991771 -0.005789 -0.028714 -0.929278 0.000000 
8.000000e-02 1.003099e-01 9.749977e-02 8.408805e-02 1.000000e-01 1.597500e+00 -0.991771 0.026297 0.218012 0.694663 0.042177 0.010622 0.991771 -0.005789 -0.028714 -0.929278 0.000000 
8.000000e-02 1.003099e-01 9.749977e-02 8.408805e-02 1.000000e-01 1.597500e+00 -0.991771 0.026297 0.218012 0.694663 0.042177 0.010622 0.991771 -0.005789 -0.028714 -0.929278 0.000000 
8.000000e-02 1.003099e-01 9.749977e-02 8.408805e-02 1.000000e-01 1.597500e+00 -0.991771 0.026297 0.218012 0.694663 0.042177 0.010622 0.991771 -0.005789 -0.028714 -0.929278 0.000000 
8.000000e-02 1.003099e-01 9.749977e-02 8.408805e-02 1.000000e-01 1.597500e+00 -0.991771 0.026297 0.218012 0.694663 0.042177 0.010622 0.991771 -0.005789 -0.028714 -0.929278 0.000000 
8.000000e-02 1.003099e-01 9.749977e-02 8.408805e-02 1.000000e-01 1.597500e+00 -0.991771 0.026297 0.218012 0.694663 0.042177 0.010622 0.991771 -0.005789 -0.028714 -0.929278 0.000000 
8.000000e-02 1.003099e-01 9.749977e-02 8.408805e-02 1.000000e-01 1.597500e+00 -0.991771 0.026297 0.218012 0.694663 0.042177 0.010622 0.991771 -0.005789 -0.028714 -0.929278 0.000000 
8.000000e-02 1.003099e-01 9.749977e-02 8.408805e-02 1.000000e-01 1.597500e+00 -0.991771 0.026297 0.218012 0.694663 0.042177 0.010622 0.991771 -0.005789 -0.028714 -0.929278 0.000000 
8.000000e-02 1.003099e-01 9.749977e-02 8.408805e-02 1.000000e-01 1.597500e+00 -0.991771 0.026297 0.218012 0.694663 0.042177 0.010622 0.991771 -0.005789 -0.028714 -0.929278 0.000000 
8.000000e-02 1.003099e-01 9.749977e-02 8.408805e-02 1.000000e-01 1.597500e+00 -0.991771 0.026297 0.218012 0.694663 0.042177 0.010622 0.991771 -0.005789 -0.028714 -0.929278 0.000000 
8.000000e-02 1.003099e-01 9.749977e-02 8.408805e-02 1.000000e-01 1.597500e+00 -0.991771 0.026297 0.218012 0.694663 0.042177 0.010622 0.991771 -0.005789 -0.028714 -0.929278 0.000000 
8.000000e-02 1.003099e-01 9.749977e-02 8.408805e-02 1.000000e-01 1.597500e+00 -0.991771 0.026297 0.218012 0.694663 0.042177 0.010622 0.991771 -0.005789 -0.028714 -0.929278 0.000000 
8.000000e-02 1.003099e-01 9.749977e-02 8.408805e-02 1.000000e-01 1.597500e+00 -0.991771 0.026297 0.218012 0.694663 0.042177 0.010622 0.991771 -0.005789 -0.028714 -0.929278 0.000000 
8.000000e-02 1.003099e-01 9.749977e-02 8.408805e-02 1.000000e-01 1.597500e+00 -0.991771 0.026297 0.218012 0.694663 0.042177 0.010622 0.991771 -0.005789 -0.028714 -0.929278 0.000000 
8.000000e-02 1.003099e-01 9.749977e-02 8.408805e-02 1.000000e-01 1.597500e+00 -0.991771 0.026297 0.218012 0.694663 0.042177 0.010622 0.991771 -0.005789 -0.028714 -0.929278 0.000000 
8.000000e-02 1.003099e-01 9.749977e-02 8.408805e-02 1.000000e-01 1.597500e+00 -0.991771 0.026297 0.218012 0.694663 0.042177 0.010622 0.991771 -0.005789 -0.028714 -0.929278 0.000000 
8.000000e-02 1.003099e-01 9.749977e-02 8.408805e-02 1.000000e-01 1.597500e+00 -0.991771 0.026297 0.218012 0.694663 0.042177 0.010622 0.991771 -0.005789 -0.028714 -0.929278 0.000000 
8.000000e-02 1.003099e-01 9.749977e-02 8.408805e-02 1.000000e-01 1.597500e+00 -0.991771 0.026297 0.218012 0.694663 0.042177 0.010622 0.991771 -0.005789 -0.028714 -0.929278 0.000000 
8.000000e-02 1.003099e-01 9.749977e-02 8.408805e-02 1.000000e-01 1.597500e+00 -0.991771 0.026297 0.218012 0.694663 0.042177 0.010622 0.991771 -0.005789 -0.028714 -0.929278 0.000000 
8.000000e-02 1.003099e-01 9.749977e-02 8.408805e-02 1.000000e-01 1.597500e+00 -0.991771 0.026297 0.218012 0.694663 0.042177 0.010622 0.991771 -0.005789 -0.028714 -0.929278 0.000000 
8.000000e-02 1.003099e-01 9.749977e-02 8.408805e-02 1.000000e-01 1.597500e+00 -0.991771 0.026297 0.218012 0.694663 0.042177 0.010622 0.991771 -0.005789 -0.028714 -0.929278 0.000000 
8.000000e-02 1.003099e-01 9.749977e-02 8.408805e-02 1.000000e-01 1.597500e+00 -0.991771 0.026297 0.218012 0.694663 0.042177 0.010622 0.991771 -0.005789 -0.028714 -0.929278 0.000000 
8.000000e-02 1.003099e-01 9.749977e-02 8.408805e-02 1.000000e-01 1.597500e+00 -0.991771 0.026297 0.218012 0.694663 0.042177 0.010622 0.991771 -0.005789 -0.028714 -0.929278 0.000000 
8.000000e-02 1.003099e-01 9.749977e-02 8.408805e-02 1.000000e-01 1.597500e+00 -0.991771 0.026297 0.218012 0.694663 0.042177 0.010622 0.991771 -0.005789 -0.028714 -0.929278 0.000000 
8.000000e-02 1.003099e-01 9.749977e-02 8.408805e-02 1.000000e-01 1.597500e+00 -0.991771 0.026297 0.218012 0.694663 0.042177 0.010622 0.991771 -0.005789 -0.028714 -0.929278 0.000000 
8.000000e-02 1.003099e-01 9.749977e-02 8.408805e-02 1.000000e-01 1.597500e+00 -0.991771 0.026297 0.218012 0.694663 0.042177 0.010622 0.991771 -0.005789 -0.028714 -0.929278 0.000000 
8.000000e-02 1.003099e-01 9.749977e-02 8.408805e-02 1.000000e-01 1.597500e+00 -0.991771 0.026297 0.218012 0.694663 0.042177 0.010622 0.991771 -0.005789 -0.028714 -0.929278 0.000000 
8.000000e-02 1.003099e-01 9.749977e-02 8.408805e-02 1.000000e-01 1.597500e+00 -0.991771 0.026297 0.218012 0.694663 0.042177 0.010622 0.991771 -0.005789 -0.028714 -0.929278 0.000000 
8.000000e-02 1.003099e-01 9.749977e-02 8.408805e-02 1.000000e-01 1.597500e+00 -0.991771 0.026297 0.218012 0.694663 0.042177 0.010622 0.991771 -0.005789 -0.028714 -0.929278 0.000000 
8.000000e-02 1.003099e-01 9.749977e-02 8.408805e-02 1.000000e-01 1.597500e+00 -0.991771 0.026297 0.218012 0.694663 0.042177 0.010622 0.991771 -0.005789 -0.028714 -0.929278 0.000000 
8.000000e-02 1.003099e-01 9.749977e-02 8.408805e-02 1.000000e-01 1.597500e+00 -0.991771 0.026297 0.218012 0.694663 0.042177 0.010622 0.991771 -0.005789 -0.028714 -0.929278 0.000000 
8.000000e-02 1.003099e-01 9.749977e-02 8.408805e-02 1.000000e-01 1.597500e+00 -0.991771 0.026297 0.218012 0.694663 0.042177 0.010622 0.991771 -0.005789 -0.028714 -0.929278 0.000000 
8.000000e-02 1.003099e-01 9.749977e-02 8.408805e-02 1.000000e-01 1.597500e+00 -0.991771 0.026297 0.218012 0.694663 0.042177 0.010622 0.991771 -0.005789 -0.028714 -0.929278 0.000000 
8.000000e-02 1.003099e-01 9.749977e-02 8.408805e-02 1.000000e-01 1.597500e+00 -0.991771 0.026297 0.218012 0.694663 0.042177 0.010622 0.991771 -0.005789 -0.028714 -0.929278 0.000000 
8.000000e-02 1.003099e-01 9.749977e-02 8.408805e-02 1.000000e-01 1.597500e+00 -0.991771 0.026297 0.218012 0.694663 0.042177 0.010622 0.991771 -0.005789 -0.028714 -0.929278 0.000000 
8.000000e-02 1.003099e-01 9.749977e-02 8.408805e-02 1.000000e-01 1.597500e+00 -0.991771 0.026297 0.218012 0.694663 0.042177 0.010622 0.991771 -0.005789 -0.028714 -0.929278 0.000000 
8.000000e-02 1.003099e-01 9.749977e-02 8.408805e-02 1.000000e-01 1.597500e+00 -0.991771 0.026297 0.218012 0.694663 0.042177 0.010622 0.991771 -0.005789 -0.028714 -0.929278 0.000000 
8.000000e-02 1.003099e-01 9.749977e-02 8.408805e-02 1.000000e-01 1.597500e+00 -0.991771 0.026297 0.218012 0.694663 0.042177 0.010622 0.991771 -0.005789 -0.028714 -0.929278 0.000000 
8.000000e-02 1.003099e-01 9.749977e-02 8.408805e-02 1.000000e-01 1.597500e+00 -0.991771 0.026297 0.218012 0.694663 0.042177 0.010622 0.991771 -0.005789 -0.028714 -0.929278 0.000000 
8.000000e-02 1.003099e-01 9.749977e-02 8.408805e-02 1.000000e-01 1.597500e+00 -0.991771 0.026297 0.218012 0.694663 0.042177 0.010622 0.991771 -0.005789 -0.028714 -0.929278 0.000000 
8.000000e-02 1.003099e-01 9.749977e-02 8.408805e-02 1.000000e-01 1.597500e+00 -0.991771 0.026297 0.218012 0.694663 0.042177 0.010622 0.991771 -0.005789 -0.028714 -0.929278 0.000000 
8.000000e-02 1.003099e-01 9.749977e-02 8.408805e-02 1.000000e-01 1.597500e+00 -0.991771 0.026297 0.218012 0.694663 0.042177 0.010622 0.991771 -0.005789 -0.028714 -0.929278 0.000000 
8.000000e-02 1.003099e-01 9.749977e-02 8.408805e-02 1.000000e-01 1.597500e+00 -0.991771 0.026297 0.218012 0.694663 0.042177 0.010622 0.991771 -0.005789 -0.028714 -0.929278 0.000000 
8.000000e-02 1.003099e-01 9.749977e-02 8.408805e-02 1.000000e-01 1.597500e+00 -0.991771 0.026297 0.218012 0.694663 0.042177 0.010622 0.991771 -0.005789 -0.028714 -0.929278 0.000000 
8.000000e-02 1.003099e-01 9.749977e-02 8.408805e-02 1.000000e-01 1.597500e+00 -0.991771 0.026297 0.218012 0.694663 0.042177 0.010622 0.991771 -0.005789 -0.028714 -0.929278 0.000000 
8.000000e-02 1.003099e-01 9.749977e-02 8.408805e-02 1.000000e-01 1.597500e+00 -0.991771 0.026297 0.218012 0.694663 0.042177 0.010622 0.991771 -0.005789 -0.028714 -0.929278 0.000000 
8.000000e-02 1.003099e-01 9.749977e-02 8.408805e-02 1.000000e-01 1.597500e+00 -0.991771 0.026297 0.218012 0.694663 0.042177 0.010622 0.991771 -0.005789 -0.028714 -0.929278 0.000000 
8.000000e-02 1.003099e-01 9.749977e-02 8.408805e-02 1.000000e-01 1.597500e+00 -0.991771 0.026297 0.218012 0.694663 0.042177 0.010622 0.991771 -0.005789 -0.028714 -0.929278 0.000000 
8.000000e-02 1.003099e-01 9.749977e-02 8.408805e-02 1.000000e-01 1.597500e+00 -0.991771 0.026297 0.218012 0.694663 0.042177 0.010622 0.991771 -0.005789 -0.028714 -0.929278 0.000000 
8.000000e-02 1.003099e-01 9.749977e-02 8.408805e-02 1.000000e-01 1.597500e+00 -0.991771 0.026297 0.218012 0.694663 0.042177 0.010622 0.991771 -0.005789 -0.028714 -0.929278 0.000000 
8.000000e-02 1.003099e-01 9.749977e-02 8.408805e-02 1.000000e-01 1.597500e+00 -0.991771 0.026297 0.218012 0.694663 0.042177 0.010622 0.991771 -0.005789 -0.028714 -0.929278 0.000000 
8.000000e-02 1.003099e-01 9.749977e-02 8.408805e-02 1.000000e-01 1.597500e+00 -0.991771 0.026297 0.218012 0.694663 0.042177 0.010622 0.991771 -0.005789 -0.028714 -0.929278 0.000000 
8.000000e-02 1.003099e-01 9.749977e-02 8.408805e-02 1.000000e-01 1.597500e+00 -0.991771 0.026297 0.218012 0.694663 0.042177 0.010622 0.991771 -0.005789 -0.028714 -0.929278 0.000000 
8.000000e-02 1.003099e-01 9.749977e-02 8.408805e-02 1.000000e-01 1.597500e+00 -0.991771 0.026297 0.218012 0.694663 0.042177 0.010622 0.991771 -0.005789 -0.028714 -0.929278 0.000000 
8.000000e-02 1.003099e-01 9.749977e-02 8.408805e-02 1.000000e-01 1.597500e+00 -0.991771 0.026297 0.218012 0.694663 0.042177 0.010622 0.991771 -0.005789 -0.028714 -0.929278 0.000000 
8.000000e-02 1.003099e-01 9.749977e-02 8.408805e-02 1.000000e-01 1.597500e+00 -0.991771 0.026297 0.218012 0.694663 0.042177 0.010622 0.991771 -0.005789 -0.028714 -0.929278 0.000000 
8.000000e-02 1.003099e-01 9.749977e-02 8.408805e-02 1.000000e-01 1.597500e+00 -0.991771 0.026297 0.218012 0.694663 0.042177 0.010622 0.991771 -0.005789 -0.028714 -0.929278 0.000000 
8.000000e-02 1.003099e-01 9.749977e-02 8.408805e-02 1.000000e-01 1.597500e+00 -0.991771 0.026297 0.218012 0.694663 0.042177 0.010622 0.991771 -0.005789 -0.028714 -0.929278 0.000000 
8.000000e-02 1.003099e-01 9.749977e-02 8.408805e-02 1.000000e-01 1.597500e+00 -0.991771 0.026297 0.218012 0.694663 0.042177 0.010622 0.991771 -0.005789 -0.028714 -0.929278 0.000000 
8.000000e-02 1.003099e-01 9.749977e-02 8.408805e-02 1.000000e-01 1.597500e+00 -0.991771 0.026297 0.218012 0.694663 0.042177 0.010622 0.991771 -0.005789 -0.028714 -0.929278 0.000000 
8.000000e-02 1.003099e-01 9.749977e-02 8.408805e-02 1.000000e-01 1.597500e+00 -0.991771 0.026297 0.218012 0.694663 0.042177 0.010622 0.991771 -0.005789 -0.028714 -0.929278 0.000000 
8.000000e-02 1.003099e-01 9.749977e-02 8.408805e-02 1.000000e-01 1.597500e+00 -0.991771 0.026297 0.218012 0.694663 0.042177 0.010622 0.991771 -0.005789 -0.028714 -0.929278 0.000000 
8.000000e-02 1.003099e-01 9.749977e-02 8.408805e-02 1.000000e-01 1.597500e+00 -0.991771 0.026297 0.218012 0.694663 0.042177 0.010622 0.991771 -0.005789 -0.028714 -0.929278 0.000000 
8.000000e-02 1.003099e-01 9.749977e-02 8.408805e-02 1.000000e-01 1.597500e+00 -0.991771 0.026297 0.218012 0.694663 0.042177 0.010622 0.991771 -0.005789 -0.028714 -0.929278 0.000000 
8.000000e-02 1.003099e-01 9.749977e-02 8.408805e-02 1.000000e-01 1.597500e+00 -0.991771 0.026297 0.218012 0.694663 0.042177 0.010622 0.991771 -0.005789 -0.028714 -0.929278 0.000000 
8.000000e-02 1.003099e-01 9.749977e-02 8.408805e-02 1.000000e-01 1.597500e+00 -0.991771 0.026297 0.218012 0.694663 0.042177 0.010622 0.991771 -0.005789 -0.028714 -0.929278 0.000000 
8.000000e-02 1.003099e-01 9.749977e-02 8.408805e-02 1.000000e-01 1.597500e+00 -0.991771 0.026297 0.218012 0.694663 0.042177 0.010622 0.991771 -0.005789 -0.028714 -0.929278 0.000000 
8.000000e-02 1.003099e-01 9.749977e-02 8.408805e-02 1.000000e-01 1.597500e+00 -0.991771 0.026297 0.218012 0.694663 0.042177 0.010622 0.991771 -0.005789 -0.028714 -0.929278 0.000000 
8.000000e-02 1.003099e-01 9.749977e-02 8.408805e-02 1.000000e-01 1.597500e+00 -0.991771 0.026297 0.218012 0.694663 0.042177 0.010622 0.991771 -0.005789 -0.028714 -0.929278 0.000000 
8.000000e-02 1.003099e-01 9.749977e-02 8.408805e-02 1.000000e-01 1.597500e+00 -0.991771 0.026297 0.218012 0.694663 0.042177 0.010622 0.991771 -0.005789 -0.028714 -0.929278 0.000000 
8.000000e-02 1.003099e-01 9.749977e-02 8.408805e-02 1.000000e-01 1.597500e+00 -0.991771 0.026297 0.218012 0.694663 0.042177 0.010622 0.991771 -0.005789 -0.028714 -0.929278 0.000000 
8.000000e-02 1.003099e-01 9.749977e-02 8.408805e-02 1.000000e-01 1.597500e+00 -0.991771 0.026297 0.218012 0.694663 0.042177 0.010622 0.991771 -0.005789 -0.028714 -0.929278 0.000000 
8.000000e-02 1.003099e-01 9.749977e-02 8.408805e-02 1.000000e-01 1.597500e+00 -0.991771 0.026297 0.218012 0.694663 0.042177 0.010622 0.991771 -0.005789 -0.028714 -0.929278 0.000000 
8.000000e-02 1.003099e-01 9.749977e-02 8.408805e-02 1.000000e-01 1.597500e+00 -0.991771 0.026297 0.218012 0.694663 0.042177 0.010622 0.991771 -0.005789 -0.028714 -0.929278 0.000000 
8.000000e-02 1.003099e-01 9.749977e-02 8.408805e-02 1.000000e-01 1.597500e+00 -0.991771 0.026297 0.218012 0.694663 0.042177 0.010622 0.991771 -0.005789 -0.028714 -0.929278 0.000000 
8.000000e-02 1.003099e-01 9.749977e-02 8.408805e-02 1.000000e-01 1.597500e+00 -0.991771 0.026297 0.218012 0.694663 0.042177 0.010622 0.991771 -0.005789 -0.028714 -0.929278 0.000000 
8.000000e-02 1.003099e-01 9.749977e-02 8.408805e-02 1.000000e-01 1.597500e+00 -0.991771 0.026297 0.218012 0.694663 0.042177 0.010622 0.991771 -0.005789 -0.028714 -0.929278 0.000000 
8.000000e-02 1.003099e-01 9.749977e-02 8.408805e-02 1.000000e-01 1.597500e+00 -0.991771 0.026297 0.218012 0.694663 0.042177 0.010622 0.991771 -0.005789 -0.028714 -0.929278 0.000000 
8.000000e-02 1.003099e-01 9.749977e-02 8.408805e-02 1.000000e-01 1.597500e+00 -0.991771 0.026297 0.218012 0.694663 0.042177 0.010622 0.991771 -0.005789 -0.028714 -0.929278 0.000000 
8.000000e-02 1.003099e-01 9.749977e-02 8.408805e-02 1.000000e-01 1.597500e+00 -0.991771 0.026297 0.218012 0.694663 0.042177 0.010622 0.991771 -0.005789 -0.028714 -0.929278 0.000000 
8.000000e-02 1.003099e-01 9.749977e-02 8.408805e-02 1.000000e-01 1.597500e+00 -0.991771 0.026297 0.218012 0.694663 0.042177 0.010622 0.991771 -0.005789 -0.028714 -0.929278 0.000000 
8.000000e-02 1.003099e-01 9.749977e-02 8.408805e-02 1.000000e-01 1.597500e+00 -0.991771 0.026297 0.218012 0.694663 0.042177 0.010622 0.991771 -0.005789 -0.028714 -0.929278 0.000000 
8.000000e-02 1.003099e-01 9.749977e-02 8.408805e-02 1.000000e-01 1.597500e+00 -0.991771 0.026297 0.218012 0.694663 0.042177 0.010622 0.991771 -0.005789 -0.028714 -0.929278 0.000000 
8.000000e-02 1.003099e-01 9.749977e-02 8.408805e-02 1.000000e-01 1.597500e+00 -0.991771 0.026297 0.218012 0.694663 0.042177 0.010622 0.991771 -0.005789 -0.028714 -0.929278 0.000000 
8.000000e-02 1.003099e-01 9.749977e-02 8.408805e-02 1.000000e-01 1.597500e+00 -0.991771 0.026297 0.218012 0.694663 0.042177 0.010622 0.991771 -0.005789 -0.028714 -0.929278 0.000000 
8.000000e-02 1.003099e-01 9.749977e-02 8.408805e-02 1.000000e-01 1.597500e+00 -0.991771 0.026297 0.218012 0.694663 0.042177 0.010622 0.991771 -0.005789 -0.028714 -0.929278 0.000000 
8.000000e-02 1.003099e-01 9.749977e-02 8.408805e-02 1.000000e-01 1.597500e+00 -0.991771 0.026297 0.218012 0.694663 0.042177 0.010622 0.991771 -0.005789 -0.028714 -0.929278 0.000000 
8.000000e-02 1.003099e-01 9.749977e-02 8.408805e-02 1.000000e-01 1.597500e+00 -0.991771 0.026297 0.218012 0.694663 0.042177 0.010622 0.991771 -0.005789 -0.028714 -0.929278 0.000000 
8.000000e-02 1.003099e-01 9.749977e-02 8.408805e-02 1.000000e-01 1.597500e+00 -0.991771 0.026297 0.218012 0.694663 0.042177 0.010622 0.991771 -0.005789 -0.028714 -0.929278 0.000000 
8.000000e-02 1.003099e-01 9.749977e-02 8.408805e-02 1.000000e-01 1.597500e+00 -0.991771 0.026297 0.218012 0.694663 0.042177 0.010622 0.991771 -0.005789 -0.028714 -0.929278 0.000000 
8.000000e-02 1.003099e-01 9.749977e-02 8.408805e-02 1.000000e-01 1.597500e+00 -0.991771 0.026297 0.218012 0.694663 0.042177 0.010622 0.991771 -0.005789 -0.028714 -0.929278 0.000000 
8.000000e-02 1.003099e-01 9.749977e-02 8.408805e-02 1.000000e-01 1.597500e+00 -0.991771 0.026297 0.218012 0.694663 0.042177 0.010622 0.991771 -0.005789 -0.028714 -0.929278 0.000000 
8.000000e-02 1.003099e-01 9.749977e-02 8.408805e-02 1.000000e-01 1.597500e+00 -0.991771 0.026297 0.218012 0.694663 0.042177 0.010622 0.991771 -0.005789 -0.028714 -0.929278 0.000000 
8.000000e-02 1.003099e-01 9.749977e-02 8.408805e-02 1.000000e-01 1.597500e+00 -0.991771 0.026297 0.218012 0.694663 0.042177 0.010622 0.991771 -0.005789 -0.028714 -0.929278 0.000000 
8.000000e-02 1.003099e-01 9.749977e-02 8.408805e-02 1.000000e-01 1.597500e+00 -0.991771 0.026297 0.218012 0.694663 0.042177 0.010622 0.991771 -0.005789 -0.028714 -0.929278 0.000000 
8.000000e-02 1.003099e-01 9.749977e-02 8.408805e-02 1.000000e-01 1.597500e+00 -0.991771 0.026297 0.218012 0.694663 0.042177 0.010622 0.991771 -0.005789 -0.028714 -0.929278 0.000000 
8.000000e-02 1.003099e-01 9.749977e-02 8.408805e-02 1.000000e-01 1.597500e+00 -0.991771 0.026297 0.218012 0.694663 0.042177 0.010622 0.991771 -0.005789 -0.028714 -0.929278 0.000000 
8.000000e-02 1.003099e-01 9.749977e-02 8.408805e-02 1.000000e-01 1.597500e+00 -0.991771 0.026297 0.218012 0.694663 0.042177 0.010622 0.991771 -0.005789 -0.028714 -0.929278 0.000000 
8.000000e-02 1.003099e-01 9.749977e-02 8.408805e-02 1.000000e-01 1.597500e+00 -0.991771 0.026297 0.218012 0.694663 0.042177 0.010622 0.991771 -0.005789 -0.028714 -0.929278 0.000000 
8.000000e-02 1.003099e-01 9.749977e-02 8.408805e-02 1.000000e-01 1.597500e+00 -0.991771 0.026297 0.218012 0.694663 0.042177 0.010622 0.991771 -0.005789 -0.028714 -0.929278 0.000000 
8.000000e-02 1.003099e-01 9.749977e-02 8.408805e-02 1.000000e-01 1.597500e+00 -0.991771 0.026297 0.218012 0.694663 0.042177 0.010622 0.991771 -0.005789 -0.028714 -0.929278 0.000000 
8.000000e-02 1.003099e-01 9.749977e-02 8.408805e-02 1.000000e-01 1.597500e+00 -0.991771 0.026297 0.218012 0.694663 0.042177 0.010622 0.991771 -0.005789 -0.028714 -0.929278 0.000000 
8.000000e-02 1.003099e-01 9.749977e-02 8.408805e-02 1.000000e-01 1.597500e+00 -0.991771 0.026297 0.218012 0.694663 0.042177 0.010622 0.991771 -0.005789 -0.028714 -0.929278 0.000000 
8.000000e-02 1.003099e-01 9.749977e-02 8.408805e-02 1.000000e-01 1.597500e+00 -0.991771 0.026297 0.218012 0.694663 0.042177 0.010622 0.991771 -0.005789 -0.028714 -0.929278 0.000000 
8.000000e-02 1.003099e-01 9.749977e-02 8.408805e-02 1.000000e-01 1.597500e+00 -0.991771 0.026297 0.218012 0.694663 0.042177 0.010622 0.991771 -0.005789 -0.028714 -0.929278 0.000000 
8.000000e-02 1.003099e-01 9.749977e-02 8.408805e-02 1.000000e-01 1.597500e+00 -0.991771 0.026297 0.218012 0.694663 0.042177 0.010622 0.991771 -0.005789 -0.028714 -0.929278 0.000000 
8.000000e-02 1.003099e-01 9.749977e-02 8.408805e-02 1.000000e-01 1.597500e+00 -0.991771 0.026297 0.218012 0.694663 0.042177 0.010622 0.991771 -0.005789 -0.028714 -0.929278 0.000000 
8.000000e-02 1.003099e-01 9.749977e-02 8.408805e-02 1.000000e-01 1.597500e+00 -0.991771 0.026297 0.218012 0.694663 0.042177 0.010622 0.991771 -0.005789 -0.028714 -0.929278 0.000000 
8.000000e-02 1.003099e-01 9.749977e-02 8.408805e-02 1.000000e-01 1.597500e+00 -0.991771 0.026297 0.218012 0.694663 0.042177 0.010622 0.991771 -0.005789 -0.028714 -0.929278 0.000000 
8.000000e-02 1.003099e-01 9.749977e-02 8.408805e-02 1.000000e-01 1.597500e+00 -0.991771 0.026297 0.218012 0.694663 0.042177 0.010622 0.991771 -0.005789 -0.028714 -0.929278 0.000000 
8.000000e-02 1.003099e-01 9.749977e-02 8.408805e-02 1.000000e-01 1.597500e+00 -0.991771 0.026297 0.218012 0.694663 0.042177 0.010622 0.991771 -0.005789 -0.028714 -0.929278 0.000000 
