# TeX TeY TeZ ThX ThY THZ P1 P2
8.000000e-02 1.000000e-01 7.750000e-01 8.000000e-02 1.000000e-01 7.750000e-01 0.000000 0.000000 0.000000 0.000000 0.000000 0.000000 0.000000 0.000000 0.000000 0.000000 0.000000 
8.000000e-02 1.000000e-01 7.632425e-01 8.000000e-02 1.000000e-01 7.835197e-01 -0.013397 0.001719 0.003439 0.003443 0.003461 0.001334 0.013397 -0.001719 -0.003439 -0.003443 0.000000 
8.000000e-02 1.000000e-01 7.514436e-01 8.000000e-02 1.000000e-01 7.920265e-01 -0.026812 0.003441 0.006884 0.006890 0.006928 0.002670 0.026812 -0.003441 -0.006884 -0.006890 0.000000 
8.000000e-02 1.000000e-01 7.396036e-01 8.000000e-02 1.000000e-01 8.005202e-01 -0.040246 0.005165 0.010333 0.010342 0.010399 0.004007 0.040246 -0.005165 -0.010333 -0.010342 0.000000 
8.000000e-02 9.999999e-02 7.277229e-01 8.000000e-02 1.000000e-01 8.090009e-01 -0.053699 0.006892 0.013787 0.013799 0.013874 0.005347 0.053699 -0.006892 -0.013786 -0.013799 0.000000 
8.000000e-02 9.999999e-02 7.158018e-01 8.000000e-02 1.000000e-01 8.174682e-01 -0.067169 0.008621 0.017245 0.017261 0.017355 0.006688 0.067169 -0.008621 -0.017245 -0.017261 0.000000 
8.000000e-02 9.999999e-02 7.038407e-01 8.000000e-02 1.000000e-01 8.259222e-01 -0.080657 0.010352 0.020708 0.020727 0.020840 0.008031 0.080657 -0.010352 -0.020707 -0.020727 0.000000 
8.000000e-02 9.999999e-02 6.918399e-01 8.000000e-02 1.000000e-01 8.343627e-01 -0.094162 0.012085 0.024175 0.024197 0.024329 0.009376 0.094162 -0.012085 -0.024175 -0.024197 0.000000 
8.000000e-02 9.999998e-02 6.797997e-01 8.000000e-02 1.000000e-01 8.427895e-01 -0.107684 0.013821 0.027647 0.027672 0.027823 0.010722 0.107684 -0.013820 -0.027646 -0.027672 0.000000 
8.000000e-02 9.999998e-02 6.677206e-01 8.000000e-02 1.000000e-01 8.512026e-01 -0.121223 0.015558 0.031123 0.031151 0.031321 0.012070 0.121223 -0.015558 -0.031122 -0.031151 0.000000 
8.000000e-02 9.999997e-02 6.556028e-01 8.000000e-02 1.000000e-01 8.596017e-01 -0.134778 0.017298 0.034603 0.034634 0.034823 0.013420 0.134778 -0.017298 -0.034602 -0.034634 0.000000 
8.000000e-02 9.999997e-02 6.434466e-01 8.000000e-02 1.000000e-01 8.679868e-01 -0.148349 0.019040 0.038087 0.038121 0.038330 0.014771 0.148349 -0.019039 -0.038086 -0.038122 0.000000 
8.000000e-02 9.999996e-02 6.312525e-01 8.000000e-02 1.000000e-01 8.763577e-01 -0.161936 0.020784 0.041575 0.041613 0.041840 0.016124 0.161936 -0.020783 -0.041574 -0.041613 0.000000 
8.000000e-02 9.999995e-02 6.190206e-01 8.000000e-02 1.000000e-01 8.847143e-01 -0.175538 0.022530 0.045068 0.045108 0.045354 0.017478 0.175538 -0.022529 -0.045067 -0.045108 0.000000 
8.000000e-02 9.999994e-02 6.067514e-01 8.000000e-02 1.000000e-01 8.930565e-01 -0.189156 0.024278 0.048564 0.048608 0.048873 0.018834 0.189156 -0.024277 -0.048563 -0.048608 0.000000 
8.000000e-02 9.999992e-02 5.944451e-01 8.000000e-02 1.000000e-01 9.013840e-01 -0.202788 0.026027 0.052064 0.052111 0.052395 0.020191 0.202788 -0.026026 -0.052063 -0.052111 0.000000 
8.000000e-02 9.999990e-02 5.821021e-01 8.000000e-02 1.000000e-01 9.096968e-01 -0.216435 0.027779 0.055568 0.055618 0.055921 0.021550 0.216435 -0.027778 -0.055566 -0.055618 0.000000 
8.000000e-02 9.999988e-02 5.697226e-01 8.000000e-02 1.000000e-01 9.179947e-01 -0.230096 0.029532 0.059075 0.059128 0.059450 0.022910 0.230096 -0.029531 -0.059073 -0.059128 0.000000 
8.000000e-02 9.999986e-02 5.573070e-01 8.000000e-02 1.000000e-01 9.262776e-01 -0.243771 0.031288 0.062586 0.062642 0.062983 0.024271 0.243771 -0.031286 -0.062584 -0.062642 0.000000 
8.000000e-02 9.999983e-02 5.448556e-01 8.000000e-02 1.000000e-01 9.345453e-01 -0.257460 0.033045 0.066101 0.066160 0.066520 0.025634 0.257460 -0.033043 -0.066099 -0.066160 0.000000 
8.000000e-02 9.999979e-02 5.323686e-01 8.000000e-02 1.000000e-01 9.427976e-01 -0.271162 0.034804 0.069619 0.069681 0.070060 0.026998 0.271162 -0.034801 -0.069616 -0.069681 0.000000 
8.000000e-02 9.999974e-02 5.198464e-01 8.000000e-02 1.000000e-01 9.510345e-01 -0.284877 0.036564 0.073141 0.073205 0.073603 0.028364 0.284877 -0.036562 -0.073138 -0.073206 0.000000 
8.000000e-02 9.999969e-02 5.072892e-01 8.000000e-02 1.000000e-01 9.592557e-01 -0.298605 0.038326 0.076665 0.076733 0.077150 0.029731 0.298605 -0.038323 -0.076662 -0.076734 0.000000 
8.000000e-02 9.999962e-02 4.946974e-01 8.000000e-02 1.000000e-01 9.674610e-01 -0.312345 0.040090 0.080194 0.080264 0.080700 0.031098 0.312345 -0.040087 -0.080190 -0.080265 0.000000 
8.000000e-02 9.999954e-02 4.820712e-01 8.000000e-02 1.000000e-01 9.756504e-01 -0.326097 0.041855 0.083725 0.083798 0.084252 0.032467 0.326097 -0.041851 -0.083720 -0.083799 0.000000 
8.000000e-02 9.999944e-02 4.694109e-01 8.000000e-02 1.000000e-01 9.838237e-01 -0.339861 0.043622 0.087259 0.087335 0.087808 0.033838 0.339862 -0.043617 -0.087254 -0.087337 0.000000 
8.000000e-02 9.999931e-02 4.567168e-01 8.000000e-02 1.000000e-01 9.919807e-01 -0.353637 0.045391 0.090797 0.090875 0.091367 0.035209 0.353637 -0.045385 -0.090791 -0.090879 0.000000 
8.000000e-02 9.999916e-02 4.439892e-01 8.000000e-02 1.000000e-01 1.000121e+00 -0.367424 0.047161 0.094337 0.094418 0.094928 0.036581 0.367425 -0.047153 -0.094331 -0.094423 0.000000 
8.000000e-02 9.999898e-02 4.312283e-01 8.000000e-02 1.000000e-01 1.008245e+00 -0.381223 0.048933 0.097880 0.097963 0.098492 0.037955 0.381223 -0.048923 -0.097873 -0.097972 0.000000 
8.000000e-02 9.999876e-02 4.184344e-01 8.000000e-02 1.000000e-01 1.016352e+00 -0.395031 0.050706 0.101427 0.101512 0.102059 0.039329 0.395031 -0.050693 -0.101418 -0.101525 0.000000 
8.000000e-02 9.999849e-02 4.056078e-01 7.999999e-02 1.000000e-01 1.024442e+00 -0.408850 0.052480 0.104976 0.105063 0.105628 0.040704 0.408851 -0.052463 -0.104967 -0.105082 0.000000 
8.000000e-02 9.999816e-02 3.927487e-01 7.999999e-02 1.000000e-01 1.032515e+00 -0.422680 0.054256 0.108528 0.108616 0.109200 0.042080 0.422680 -0.054233 -0.108517 -0.108646 0.000000 
8.000000e-02 9.999776e-02 3.798574e-01 7.999999e-02 1.000000e-01 1.040570e+00 -0.436519 0.056033 0.112082 0.112172 0.112774 0.043458 0.436519 -0.056002 -0.112071 -0.112217 0.000000 
8.000000e-02 9.999726e-02 3.669342e-01 7.999999e-02 1.000000e-01 1.048608e+00 -0.450367 0.057812 0.115639 0.115731 0.116350 0.044836 0.450368 -0.057768 -0.115627 -0.115798 0.000000 
8.000000e-02 9.999666e-02 3.539792e-01 7.999999e-02 1.000000e-01 1.056628e+00 -0.464225 0.059592 0.119199 0.119292 0.119929 0.046214 0.464226 -0.059529 -0.119187 -0.119394 0.000000 
8.000000e-02 9.999592e-02 3.409929e-01 7.999999e-02 1.000000e-01 1.064631e+00 -0.478092 0.061373 0.122761 0.122855 0.123509 0.047594 0.478092 -0.061283 -0.122749 -0.123010 0.000000 
8.000000e-02 9.999502e-02 3.279753e-01 7.999999e-02 1.000000e-01 1.072615e+00 -0.491968 0.063156 0.126326 0.126421 0.127092 0.048974 0.491968 -0.063023 -0.126314 -0.126655 0.000000 
8.000000e-02 9.999391e-02 3.149267e-01 7.999999e-02 1.000000e-01 1.080581e+00 -0.505851 0.064940 0.129894 0.129988 0.130676 0.050355 0.505852 -0.064745 -0.129884 -0.130344 0.000000 
8.000000e-02 9.999255e-02 3.018475e-01 7.999998e-02 1.000000e-01 1.088528e+00 -0.519743 0.066725 0.133463 0.133558 0.134262 0.051736 0.519744 -0.066434 -0.133458 -0.134100 0.000000 
8.000000e-02 9.999089e-02 2.887378e-01 7.999998e-02 1.000000e-01 1.096457e+00 -0.533643 0.068512 0.137036 0.137130 0.137849 0.053118 0.533643 -0.068077 -0.137037 -0.137956 0.000000 
8.000000e-02 9.998886e-02 2.755978e-01 7.999998e-02 1.000000e-01 1.104367e+00 -0.547550 0.070300 0.140610 0.140703 0.141438 0.054500 0.547551 -0.069646 -0.140624 -0.141962 0.000000 
8.000000e-02 9.998637e-02 2.624278e-01 7.999998e-02 1.000000e-01 1.112257e+00 -0.561465 0.072089 0.144187 0.144279 0.145028 0.055883 0.561465 -0.071100 -0.144220 -0.146207 0.000000 
8.000000e-02 9.998334e-02 2.492280e-01 7.999997e-02 1.000000e-01 1.120128e+00 -0.575386 0.073880 0.147767 0.147856 0.148619 0.057266 0.575387 -0.072384 -0.147828 -0.150803 0.000000 
8.000000e-02 9.997965e-02 2.359985e-01 7.999997e-02 1.000000e-01 1.127980e+00 -0.589315 0.075672 0.151349 0.151435 0.152211 0.058650 0.589315 -0.073401 -0.151448 -0.155957 0.000000 
8.000000e-02 9.997518e-02 2.227396e-01 7.999996e-02 1.000000e-01 1.135812e+00 -0.603250 0.077465 0.154934 0.155015 0.155804 0.060033 0.603250 -0.074012 -0.155078 -0.161977 0.000000 
8.000000e-02 9.996981e-02 2.094515e-01 7.999996e-02 1.000000e-01 1.143624e+00 -0.617192 0.079260 0.158521 0.158597 0.159398 0.061417 0.617192 -0.074025 -0.158700 -0.169315 0.000000 
8.000000e-02 9.996343e-02 1.961341e-01 7.999995e-02 1.000000e-01 1.151416e+00 -0.631141 0.081057 0.162111 0.162181 0.162992 0.062801 0.631141 -0.073110 -0.162257 -0.178799 0.000000 
8.000000e-02 9.995600e-02 1.827877e-01 7.999995e-02 1.000000e-01 1.159187e+00 -0.645096 0.082855 0.165704 0.165767 0.166587 0.064185 0.645096 -0.070832 -0.165591 -0.191697 0.000000 
8.000000e-02 9.994766e-02 1.694121e-01 7.999994e-02 1.000000e-01 1.166938e+00 -0.659059 0.084655 0.169300 0.169354 0.170182 0.065568 0.659059 -0.066617 -0.168310 -0.210045 0.000000 
8.000000e-02 9.993910e-02 1.560068e-01 7.999993e-02 1.000000e-01 1.174667e+00 -0.673031 0.086458 0.172900 0.172944 0.173778 0.066952 0.673031 -0.059597 -0.169364 -0.237829 0.000000 
8.000000e-02 9.993316e-02 1.425689e-01 7.999992e-02 1.000000e-01 1.182376e+00 -0.687022 0.088264 0.176506 0.176538 0.177377 0.068337 0.687022 -0.048835 -0.166145 -0.282207 0.000000 
8.000000e-02 9.994207e-02 1.290838e-01 7.999991e-02 1.000000e-01 1.190063e+00 -0.701076 0.090079 0.180131 0.180149 0.180991 0.069727 0.701076 -0.033432 -0.152456 -0.356862 0.000000 
8.000000e-02 1.000162e-01 1.154836e-01 7.999990e-02 1.000000e-01 1.197729e+00 -0.715410 0.091932 0.183829 0.183832 0.184674 0.071144 0.715410 -0.012276 -0.112355 -0.492715 0.000000 
8.000000e-02 1.002480e-01 1.015281e-01 7.999988e-02 1.000000e-01 1.205372e+00 -0.730936 0.093940 0.187836 0.187820 0.188663 0.072678 0.730937 0.016984 -0.008486 -0.757353 0.000000 
8.000000e-02 1.003094e-01 9.749932e-02 7.999986e-02 1.000000e-01 1.212994e+00 -0.739338 0.095035 0.190017 0.189978 0.190808 0.073501 0.739338 0.026611 0.036099 -0.864421 0.000000 
8.000000e-02 1.003094e-01 9.749932e-02 7.999984e-02 1.000000e-01 1.220593e+00 -0.744358 0.095698 0.191332 0.191267 0.192076 0.073986 0.744359 0.025966 0.034810 -0.865712 0.000000 
8.000000e-02 1.003094e-01 9.749932e-02 7.999982e-02 1.000000e-01 1.228169e+00 -0.749364 0.096362 0.192647 0.192552 0.193337 0.074467 0.749364 0.025324 0.033525 -0.866998 0.000000 
8.000000e-02 1.003094e-01 9.749932e-02 7.999980e-02 1.000000e-01 1.235723e+00 -0.754354 0.097026 0.193962 0.193833 0.194589 0.074945 0.754355 0.024684 0.032244 -0.868280 0.000000 
8.000000e-02 1.003094e-01 9.749932e-02 7.999977e-02 1.000000e-01 1.243253e+00 -0.759330 0.097692 0.195277 0.195110 0.195833 0.075419 0.759330 0.024045 0.030967 -0.869559 0.000000 
8.000000e-02 1.003094e-01 9.749932e-02 7.999973e-02 1.000000e-01 1.250760e+00 -0.764289 0.098359 0.196593 0.196383 0.197068 0.075888 0.764290 0.023408 0.029693 -0.870833 0.000000 
8.000000e-02 1.003094e-01 9.749932e-02 7.999970e-02 1.000000e-01 1.258243e+00 -0.769233 0.099027 0.197910 0.197651 0.198293 0.076353 0.769233 0.022774 0.028424 -0.872104 0.000000 
8.000000e-02 1.003094e-01 9.749932e-02 7.999965e-02 1.000000e-01 1.265702e+00 -0.774161 0.099698 0.199229 0.198916 0.199508 0.076812 0.774161 0.022141 0.027159 -0.873370 0.000000 
8.000000e-02 1.003094e-01 9.749932e-02 7.999960e-02 1.000000e-01 1.273136e+00 -0.779073 0.100371 0.200551 0.200176 0.200710 0.077266 0.779073 0.021511 0.025898 -0.874632 0.000000 
8.000000e-02 1.003094e-01 9.749932e-02 7.999955e-02 1.000000e-01 1.280546e+00 -0.783969 0.101047 0.201875 0.201433 0.201901 0.077714 0.783969 0.020883 0.024641 -0.875890 0.000000 
8.000000e-02 1.003094e-01 9.749932e-02 7.999949e-02 1.000000e-01 1.287931e+00 -0.788848 0.101726 0.203205 0.202685 0.203077 0.078156 0.788848 0.020257 0.023388 -0.877144 0.000000 
8.000000e-02 1.003094e-01 9.749932e-02 7.999942e-02 1.000000e-01 1.295291e+00 -0.793710 0.102410 0.204538 0.203933 0.204240 0.078590 0.793711 0.019632 0.022140 -0.878394 0.000000 
8.000000e-02 1.003094e-01 9.749932e-02 7.999933e-02 1.000000e-01 1.302625e+00 -0.798556 0.103099 0.205879 0.205177 0.205386 0.079016 0.798556 0.019011 0.020896 -0.879639 0.000000 
8.000000e-02 1.003094e-01 9.749932e-02 7.999924e-02 1.000000e-01 1.309934e+00 -0.803385 0.103793 0.207226 0.206418 0.206516 0.079434 0.803385 0.018391 0.019656 -0.880880 0.000000 
8.000000e-02 1.003094e-01 9.749932e-02 7.999914e-02 1.000000e-01 1.317216e+00 -0.808196 0.104494 0.208582 0.207655 0.207625 0.079841 0.808196 0.017773 0.018421 -0.882116 0.000000 
8.000000e-02 1.003094e-01 9.749932e-02 7.999902e-02 1.000000e-01 1.324472e+00 -0.812990 0.105201 0.209948 0.208888 0.208716 0.080238 0.812990 0.017158 0.017190 -0.883348 0.000000 
8.000000e-02 1.003094e-01 9.749932e-02 7.999889e-02 1.000000e-01 1.331701e+00 -0.817766 0.105917 0.211326 0.210118 0.209782 0.080623 0.817766 0.016545 0.015964 -0.884575 0.000000 
8.000000e-02 1.003094e-01 9.749932e-02 7.999873e-02 1.000000e-01 1.338902e+00 -0.822524 0.106642 0.212718 0.211346 0.210825 0.080995 0.822524 0.015934 0.014743 -0.885798 0.000000 
8.000000e-02 1.003094e-01 9.749932e-02 7.999856e-02 1.000000e-01 1.346077e+00 -0.827264 0.107377 0.214125 0.212572 0.211840 0.081352 0.827264 0.015326 0.013526 -0.887016 0.000000 
8.000000e-02 1.003094e-01 9.749932e-02 7.999837e-02 1.000000e-01 1.353223e+00 -0.831986 0.108123 0.215550 0.213797 0.212825 0.081692 0.831986 0.014720 0.012313 -0.888229 0.000000 
8.000000e-02 1.003094e-01 9.749932e-02 7.999815e-02 1.000000e-01 1.360341e+00 -0.836689 0.108880 0.216994 0.215021 0.213778 0.082015 0.836689 0.014116 0.011106 -0.889438 0.000000 
8.000000e-02 1.003094e-01 9.749932e-02 7.999790e-02 1.000000e-01 1.367431e+00 -0.841373 0.109653 0.218464 0.216248 0.214693 0.082316 0.841373 0.013515 0.009903 -0.890642 0.000000 
8.000000e-02 1.003094e-01 9.749932e-02 7.999762e-02 1.000000e-01 1.374492e+00 -0.846038 0.110438 0.219958 0.217476 0.215570 0.082596 0.846038 0.012917 0.008706 -0.891840 0.000000 
8.000000e-02 1.003094e-01 9.749932e-02 7.999731e-02 1.000000e-01 1.381523e+00 -0.850684 0.111241 0.221484 0.218710 0.216401 0.082848 0.850684 0.012320 0.007513 -0.893034 0.000000 
8.000000e-02 1.003094e-01 9.749932e-02 7.999695e-02 1.000000e-01 1.388525e+00 -0.855310 0.112060 0.223043 0.219951 0.217184 0.083073 0.855310 0.011727 0.006325 -0.894223 0.000000 
8.000000e-02 1.003094e-01 9.749932e-02 7.999656e-02 1.000000e-01 1.395497e+00 -0.859916 0.112896 0.224639 0.221202 0.217915 0.083265 0.859916 0.011135 0.005143 -0.895407 0.000000 
8.000000e-02 1.003094e-01 9.749932e-02 7.999611e-02 1.000000e-01 1.402438e+00 -0.864503 0.113752 0.226282 0.222469 0.218582 0.083418 0.864503 0.010547 0.003965 -0.896585 0.000000 
8.000000e-02 1.003094e-01 9.749932e-02 7.999561e-02 1.000000e-01 1.409349e+00 -0.869069 0.114625 0.227970 0.223754 0.219187 0.083533 0.869069 0.009961 0.002793 -0.897759 0.000000 
8.000000e-02 1.003094e-01 9.749932e-02 7.999504e-02 1.000000e-01 1.416229e+00 -0.873614 0.115519 0.229717 0.225067 0.219715 0.083598 0.873614 0.009377 0.001626 -0.898927 0.000000 
8.000000e-02 1.003094e-01 9.749932e-02 7.999441e-02 1.000000e-01 1.423076e+00 -0.878139 0.116431 0.231525 0.226413 0.220160 0.083610 0.878139 0.008797 0.000464 -0.900089 0.000000 
8.000000e-02 1.003094e-01 9.749932e-02 7.999371e-02 1.000000e-01 1.429892e+00 -0.882642 0.117359 0.233399 0.227799 0.220520 0.083566 0.882642 0.008219 -0.000692 -0.901247 0.000000 
8.000000e-02 1.003094e-01 9.749932e-02 7.999292e-02 1.000000e-01 1.436675e+00 -0.887124 0.118305 0.235363 0.229247 0.220765 0.083446 0.887124 0.007643 -0.001843 -0.902399 0.000000 
8.000000e-02 1.003094e-01 9.749932e-02 7.999205e-02 1.000000e-01 1.443426e+00 -0.891585 0.119261 0.237412 0.230760 0.220900 0.083252 0.891585 0.007071 -0.002988 -0.903545 0.000000 
8.000000e-02 1.003094e-01 9.749932e-02 7.999107e-02 1.000000e-01 1.450143e+00 -0.896023 0.120224 0.239558 0.232355 0.220912 0.082975 0.896024 0.006501 -0.004127 -0.904685 0.000000 
8.000000e-02 1.003094e-01 9.749932e-02 7.999000e-02 1.000000e-01 1.456827e+00 -0.900440 0.121186 0.241836 0.234072 0.220760 0.082586 0.900440 0.005934 -0.005261 -0.905820 0.000000 
8.000000e-02 1.003094e-01 9.749932e-02 7.998881e-02 1.000000e-01 1.463476e+00 -0.904834 0.122138 0.244240 0.235916 0.220451 0.082090 0.904834 0.005370 -0.006389 -0.906949 0.000000 
8.000000e-02 1.003094e-01 9.749932e-02 7.998750e-02 1.000000e-01 1.470091e+00 -0.909205 0.123067 0.246790 0.237917 0.219961 0.081471 0.909205 0.004809 -0.007512 -0.908073 0.000000 
8.000000e-02 1.003094e-01 9.749932e-02 7.998607e-02 1.000000e-01 1.476671e+00 -0.913553 0.123948 0.249539 0.240151 0.219227 0.080689 0.913554 0.004251 -0.008628 -0.909190 0.000000 
8.000000e-02 1.003094e-01 9.749932e-02 7.998450e-02 1.000000e-01 1.483215e+00 -0.917878 0.124765 0.252483 0.242627 0.218254 0.079750 0.917879 0.003696 -0.009738 -0.910301 0.000000 
8.000000e-02 1.003094e-01 9.749932e-02 7.998279e-02 1.000000e-01 1.489723e+00 -0.922180 0.125491 0.255652 0.245396 0.217007 0.078635 0.922180 0.003144 -0.010843 -0.911407 0.000000 
8.000000e-02 1.003094e-01 9.749932e-02 7.998094e-02 1.000000e-01 1.496195e+00 -0.926457 0.126067 0.259127 0.248586 0.215387 0.077291 0.926457 0.002595 -0.011941 -0.912506 0.000000 
8.000000e-02 1.003094e-01 9.749932e-02 7.997895e-02 1.000000e-01 1.502630e+00 -0.930710 0.126455 0.262926 0.252241 0.213373 0.075715 0.930710 0.002049 -0.013033 -0.913599 0.000000 
8.000000e-02 1.003094e-01 9.749932e-02 7.997683e-02 1.000000e-01 1.509025e+00 -0.934937 0.126605 0.267089 0.256438 0.210912 0.073893 0.934937 0.001507 -0.014118 -0.914685 0.000000 
8.000000e-02 1.003094e-01 9.749932e-02 7.997459e-02 1.000000e-01 1.515380e+00 -0.939138 0.126426 0.271703 0.261328 0.207898 0.071784 0.939138 0.000968 -0.015196 -0.915765 0.000000 
8.000000e-02 1.003094e-01 9.749932e-02 7.997225e-02 1.000000e-01 1.521695e+00 -0.943313 0.125786 0.276893 0.267132 0.204167 0.069335 0.943313 0.000432 -0.016268 -0.916837 0.000000 
8.000000e-02 1.003094e-01 9.749932e-02 7.996986e-02 1.000000e-01 1.527969e+00 -0.947461 0.124619 0.282683 0.273923 0.199675 0.066560 0.947461 -0.000100 -0.017333 -0.917903 0.000000 
8.000000e-02 1.003094e-01 9.749932e-02 7.996751e-02 1.000000e-01 1.534201e+00 -0.951581 0.122798 0.289169 0.281895 0.194283 0.063436 0.951581 -0.000629 -0.018391 -0.918962 0.000000 
8.000000e-02 1.003094e-01 9.749932e-02 7.996537e-02 1.000000e-01 1.540391e+00 -0.955672 0.120125 0.296502 0.291366 0.187758 0.059922 0.955672 -0.001154 -0.019441 -0.920013 0.000000 
8.000000e-02 1.003094e-01 9.749932e-02 7.996378e-02 1.000000e-01 1.546537e+00 -0.959733 0.116349 0.304848 0.302749 0.179806 0.055981 0.959733 -0.001675 -0.020484 -0.921057 0.000000 
8.000000e-02 1.003094e-01 9.749932e-02 7.996342e-02 1.000000e-01 1.552638e+00 -0.963761 0.111384 0.314185 0.316198 0.170344 0.051650 0.963761 -0.002192 -0.021518 -0.922092 0.000000 
8.000000e-02 1.003094e-01 9.749932e-02 7.996570e-02 1.000000e-01 1.558692e+00 -0.967750 0.105055 0.324526 0.332069 0.159160 0.046940 0.967750 -0.002704 -0.022542 -0.923117 0.000000 
8.000000e-02 1.003094e-01 9.749932e-02 7.997362e-02 1.000000e-01 1.564692e+00 -0.971689 0.097217 0.335755 0.350762 0.146080 0.041875 0.971689 -0.003210 -0.023553 -0.924129 0.000000 
8.000000e-02 1.003094e-01 9.749932e-02 7.999371e-02 1.000000e-01 1.570630e+00 -0.975552 0.087656 0.347507 0.373075 0.130828 0.036486 0.975552 -0.003706 -0.024545 -0.925122 0.000000 
8.000000e-02 1.003094e-01 9.749932e-02 8.004179e-02 1.000000e-01 1.576482e+00 -0.979288 0.076612 0.358627 0.399390 0.113736 0.030923 0.979288 -0.004185 -0.025504 -0.926082 0.000000 
8.000000e-02 1.003094e-01 9.749932e-02 8.015624e-02 1.000000e-01 1.582202e+00 -0.982798 0.064654 0.366782 0.430310 0.095627 0.025425 0.982798 -0.004636 -0.026405 -0.926984 0.000000 
8.000000e-02 1.003094e-01 9.749932e-02 8.044808e-02 1.000000e-01 1.587677e+00 -0.985903 0.052788 0.366750 0.467929 0.078056 0.020380 0.985903 -0.005034 -0.027202 -0.927782 0.000000 
8.000000e-02 1.003094e-01 9.749932e-02 8.128467e-02 1.000000e-01 1.592628e+00 -0.988378 0.042280 0.344586 0.521927 0.063296 0.016289 0.988378 -0.005352 -0.027838 -0.928418 0.000000 
8.000000e-02 1.003094e-01 9.749932e-02 8.363906e-02 1.000000e-01 1.596950e+00 -0.991203 0.028987 0.243744 0.661037 0.045847 0.011587 0.991203 -0.005714 -0.028563 -0.929144 0.000000 
8.000000e-02 1.003094e-01 9.749932e-02 8.409371e-02 1.000000e-01 1.597500e+00 -0.991775 0.026281 0.217806 0.694910 0.042161 0.010617 0.991775 -0.005788 -0.028710 -0.929291 0.000000 
8.000000e-02 1.003094e-01 9.749932e-02 8.409371e-02 1.000000e-01 1.597500e+00 -0.991775 0.026281 0.217806 0.694910 0.042161 0.010617 0.991775 -0.005788 -0.028710 -0.929291 0.000000 
8.000000e-02 1.003094e-01 9.749932e-02 8.409371e-02 1.000000e-01 1.597500e+00 -0.991775 0.026281 0.217806 0.694910 0.042161 0.010617 0.991775 -0.005788 -0.028710 -0.929291 0.000000 
8.000000e-02 1.003094e-01 9.749932e-02 8.409371e-02 1.000000e-01 1.597500e+00 -0.991775 0.026281 0.217806 0.694910 0.042161 0.010617 0.991775 -0.005788 -0.028710 -0.929291 0.000000 
8.000000e-02 1.003094e-01 9.749932e-02 8.409371e-02 1.000000e-01 1.597500e+00 -0.991775 0.026281 0.217806 0.694910 0.042161 0.010617 0.991775 -0.005788 -0.028710 -0.929291 0.000000 
8.000000e-02 1.003094e-01 9.749932e-02 8.409371e-02 1.000000e-01 1.597500e+00 -0.991775 0.026281 0.217806 0.694910 0.042161 0.010617 0.991775 -0.005788 -0.028710 -0.929291 0.000000 
8.000000e-02 1.003094e-01 9.749932e-02 8.409371e-02 1.000000e-01 1.597500e+00 -0.991775 0.026281 0.217806 0.694910 0.042161 0.010617 0.991775 -0.005788 -0.028710 -0.929291 0.000000 
8.000000e-02 1.003094e-01 9.749932e-02 8.409371e-02 1.000000e-01 1.597500e+00 -0.991775 0.026281 0.217806 0.694910 0.042161 0.010617 0.991775 -0.005788 -0.028710 -0.929291 0.000000 
8.000000e-02 1.003094e-01 9.749932e-02 8.409371e-02 1.000000e-01 1.597500e+00 -0.991775 0.026281 0.217806 0.694910 0.042161 0.010617 0.991775 -0.005788 -0.028710 -0.929291 0.000000 
8.000000e-02 1.003094e-01 9.749932e-02 8.409371e-02 1.000000e-01 1.597500e+00 -0.991775 0.026281 0.217806 0.694910 0.042161 0.010617 0.991775 -0.005788 -0.028710 -0.929291 0.000000 
8.000000e-02 1.003094e-01 9.749932e-02 8.409371e-02 1.000000e-01 1.597500e+00 -0.991775 0.026281 0.217806 0.694910 0.042161 0.010617 0.991775 -0.005788 -0.028710 -0.929291 0.000000 
8.000000e-02 1.003094e-01 9.749932e-02 8.409371e-02 1.000000e-01 1.597500e+00 -0.991775 0.026281 0.217806 0.694910 0.042161 0.010617 0.991775 -0.005788 -0.028710 -0.929291 0.000000 
8.000000e-02 1.003094e-01 9.749932e-02 8.409371e-02 1.000000e-01 1.597500e+00 -0.991775 0.026281 0.217806 0.694910 0.042161 0.010617 0.991775 -0.005788 -0.028710 -0.929291 0.000000 
8.000000e-02 1.003094e-01 9.749932e-02 8.409371e-02 1.000000e-01 1.597500e+00 -0.991775 0.026281 0.217806 0.694910 0.042161 0.010617 0.991775 -0.005788 -0.028710 -0.929291 0.000000 
8.000000e-02 1.003094e-01 9.749932e-02 8.409371e-02 1.000000e-01 1.597500e+00 -0.991775 0.026281 0.217806 0.694910 0.042161 0.010617 0.991775 -0.005788 -0.028710 -0.929291 0.000000 
8.000000e-02 1.003094e-01 9.749932e-02 8.409371e-02 1.000000e-01 1.597500e+00 -0.991775 0.026281 0.217806 0.694910 0.042161 0.010617 0.991775 -0.005788 -0.028710 -0.929291 0.000000 
8.000000e-02 1.003094e-01 9.749932e-02 8.409371e-02 1.000000e-01 1.597500e+00 -0.991775 0.026281 0.217806 0.694910 0.042161 0.010617 0.991775 -0.005788 -0.028710 -0.929291 0.000000 
8.000000e-02 1.003094e-01 9.749932e-02 8.409371e-02 1.000000e-01 1.597500e+00 -0.991775 0.026281 0.217806 0.694910 0.042161 0.010617 0.991775 -0.005788 -0.028710 -0.929291 0.000000 
8.000000e-02 1.003094e-01 9.749932e-02 8.409371e-02 1.000000e-01 1.597500e+00 -0.991775 0.026281 0.217806 0.694910 0.042161 0.010617 0.991775 -0.005788 -0.028710 -0.929291 0.000000 
8.000000e-02 1.003094e-01 9.749932e-02 8.409371e-02 1.000000e-01 1.597500e+00 -0.991775 0.026281 0.217806 0.694910 0.042161 0.010617 0.991775 -0.005788 -0.028710 -0.929291 0.000000 
8.000000e-02 1.003094e-01 9.749932e-02 8.409371e-02 1.000000e-01 1.597500e+00 -0.991775 0.026281 0.217806 0.694910 0.042161 0.010617 0.991775 -0.005788 -0.028710 -0.929291 0.000000 
8.000000e-02 1.003094e-01 9.749932e-02 8.409371e-02 1.000000e-01 1.597500e+00 -0.991775 0.026281 0.217806 0.694910 0.042161 0.010617 0.991775 -0.005788 -0.028710 -0.929291 0.000000 
8.000000e-02 1.003094e-01 9.749932e-02 8.409371e-02 1.000000e-01 1.597500e+00 -0.991775 0.026281 0.217806 0.694910 0.042161 0.010617 0.991775 -0.005788 -0.028710 -0.929291 0.000000 
8.000000e-02 1.003094e-01 9.749932e-02 8.409371e-02 1.000000e-01 1.597500e+00 -0.991775 0.026281 0.217806 0.694910 0.042161 0.010617 0.991775 -0.005788 -0.028710 -0.929291 0.000000 
8.000000e-02 1.003094e-01 9.749932e-02 8.409371e-02 1.000000e-01 1.597500e+00 -0.991775 0.026281 0.217806 0.694910 0.042161 0.010617 0.991775 -0.005788 -0.028710 -0.929291 0.000000 
8.000000e-02 1.003094e-01 9.749932e-02 8.409371e-02 1.000000e-01 1.597500e+00 -0.991775 0.026281 0.217806 0.694910 0.042161 0.010617 0.991775 -0.005788 -0.028710 -0.929291 0.000000 
8.000000e-02 1.003094e-01 9.749932e-02 8.409371e-02 1.000000e-01 1.597500e+00 -0.991775 0.026281 0.217806 0.694910 0.042161 0.010617 0.991775 -0.005788 -0.028710 -0.929291 0.000000 
8.000000e-02 1.003094e-01 9.749932e-02 8.409371e-02 1.000000e-01 1.597500e+00 -0.991775 0.026281 0.217806 0.694910 0.042161 0.010617 0.991775 -0.005788 -0.028710 -0.929291 0.000000 
8.000000e-02 1.003094e-01 9.749932e-02 8.409371e-02 1.000000e-01 1.597500e+00 -0.991775 0.026281 0.217806 0.694910 0.042161 0.010617 0.991775 -0.005788 -0.028710 -0.929291 0.000000 
8.000000e-02 1.003094e-01 9.749932e-02 8.409371e-02 1.000000e-01 1.597500e+00 -0.991775 0.026281 0.217806 0.694910 0.042161 0.010617 0.991775 -0.005788 -0.028710 -0.929291 0.000000 
8.000000e-02 1.003094e-01 9.749932e-02 8.409371e-02 1.000000e-01 1.597500e+00 -0.991775 0.026281 0.217806 0.694910 0.042161 0.010617 0.991775 -0.005788 -0.028710 -0.929291 0.000000 
8.000000e-02 1.003094e-01 9.749932e-02 8.409371e-02 1.000000e-01 1.597500e+00 -0.991775 0.026281 0.217806 0.694910 0.042161 0.010617 0.991775 -0.005788 -0.028710 -0.929291 0.000000 
8.000000e-02 1.003094e-01 9.749932e-02 8.409371e-02 1.000000e-01 1.597500e+00 -0.991775 0.026281 0.217806 0.694910 0.042161 0.010617 0.991775 -0.005788 -0.028710 -0.929291 0.000000 
8.000000e-02 1.003094e-01 9.749932e-02 8.409371e-02 1.000000e-01 1.597500e+00 -0.991775 0.026281 0.217806 0.694910 0.042161 0.010617 0.991775 -0.005788 -0.028710 -0.929291 0.000000 
8.000000e-02 1.003094e-01 9.749932e-02 8.409371e-02 1.000000e-01 1.597500e+00 -0.991775 0.026281 0.217806 0.694910 0.042161 0.010617 0.991775 -0.005788 -0.028710 -0.929291 0.000000 
8.000000e-02 1.003094e-01 9.749932e-02 8.409371e-02 1.000000e-01 1.597500e+00 -0.991775 0.026281 0.217806 0.694910 0.042161 0.010617 0.991775 -0.005788 -0.028710 -0.929291 0.000000 
8.000000e-02 1.003094e-01 9.749932e-02 8.409371e-02 1.000000e-01 1.597500e+00 -0.991775 0.026281 0.217806 0.694910 0.042161 0.010617 0.991775 -0.005788 -0.028710 -0.929291 0.000000 
8.000000e-02 1.003094e-01 9.749932e-02 8.409371e-02 1.000000e-01 1.597500e+00 -0.991775 0.026281 0.217806 0.694910 0.042161 0.010617 0.991775 -0.005788 -0.028710 -0.929291 0.000000 
8.000000e-02 1.003094e-01 9.749932e-02 8.409371e-02 1.000000e-01 1.597500e+00 -0.991775 0.026281 0.217806 0.694910 0.042161 0.010617 0.991775 -0.005788 -0.028710 -0.929291 0.000000 
8.000000e-02 1.003094e-01 9.749932e-02 8.409371e-02 1.000000e-01 1.597500e+00 -0.991775 0.026281 0.217806 0.694910 0.042161 0.010617 0.991775 -0.005788 -0.028710 -0.929291 0.000000 
8.000000e-02 1.003094e-01 9.749932e-02 8.409371e-02 1.000000e-01 1.597500e+00 -0.991775 0.026281 0.217806 0.694910 0.042161 0.010617 0.991775 -0.005788 -0.028710 -0.929291 0.000000 
8.000000e-02 1.003094e-01 9.749932e-02 8.409371e-02 1.000000e-01 1.597500e+00 -0.991775 0.026281 0.217806 0.694910 0.042161 0.010617 0.991775 -0.005788 -0.028710 -0.929291 0.000000 
8.000000e-02 1.003094e-01 9.749932e-02 8.409371e-02 1.000000e-01 1.597500e+00 -0.991775 0.026281 0.217806 0.694910 0.042161 0.010617 0.991775 -0.005788 -0.028710 -0.929291 0.000000 
8.000000e-02 1.003094e-01 9.749932e-02 8.409371e-02 1.000000e-01 1.597500e+00 -0.991775 0.026281 0.217806 0.694910 0.042161 0.010617 0.991775 -0.005788 -0.028710 -0.929291 0.000000 
8.000000e-02 1.003094e-01 9.749932e-02 8.409371e-02 1.000000e-01 1.597500e+00 -0.991775 0.026281 0.217806 0.694910 0.042161 0.010617 0.991775 -0.005788 -0.028710 -0.929291 0.000000 
8.000000e-02 1.003094e-01 9.749932e-02 8.409371e-02 1.000000e-01 1.597500e+00 -0.991775 0.026281 0.217806 0.694910 0.042161 0.010617 0.991775 -0.005788 -0.028710 -0.929291 0.000000 
8.000000e-02 1.003094e-01 9.749932e-02 8.409371e-02 1.000000e-01 1.597500e+00 -0.991775 0.026281 0.217806 0.694910 0.042161 0.010617 0.991775 -0.005788 -0.028710 -0.929291 0.000000 
8.000000e-02 1.003094e-01 9.749932e-02 8.409371e-02 1.000000e-01 1.597500e+00 -0.991775 0.026281 0.217806 0.694910 0.042161 0.010617 0.991775 -0.005788 -0.028710 -0.929291 0.000000 
8.000000e-02 1.003094e-01 9.749932e-02 8.409371e-02 1.000000e-01 1.597500e+00 -0.991775 0.026281 0.217806 0.694910 0.042161 0.010617 0.991775 -0.005788 -0.028710 -0.929291 0.000000 
8.000000e-02 1.003094e-01 9.749932e-02 8.409371e-02 1.000000e-01 1.597500e+00 -0.991775 0.026281 0.217806 0.694910 0.042161 0.010617 0.991775 -0.005788 -0.028710 -0.929291 0.000000 
8.000000e-02 1.003094e-01 9.749932e-02 8.409371e-02 1.000000e-01 1.597500e+00 -0.991775 0.026281 0.217806 0.694910 0.042161 0.010617 0.991775 -0.005788 -0.028710 -0.929291 0.000000 
8.000000e-02 1.003094e-01 9.749932e-02 8.409371e-02 1.000000e-01 1.597500e+00 -0.991775 0.026281 0.217806 0.694910 0.042161 0.010617 0.991775 -0.005788 -0.028710 -0.929291 0.000000 
8.000000e-02 1.003094e-01 9.749932e-02 8.409371e-02 1.000000e-01 1.597500e+00 -0.991775 0.026281 0.217806 0.694910 0.042161 0.010617 0.991775 -0.005788 -0.028710 -0.929291 0.000000 
8.000000e-02 1.003094e-01 9.749932e-02 8.409371e-02 1.000000e-01 1.597500e+00 -0.991775 0.026281 0.217806 0.694910 0.042161 0.010617 0.991775 -0.005788 -0.028710 -0.929291 0.000000 
8.000000e-02 1.003094e-01 9.749932e-02 8.409371e-02 1.000000e-01 1.597500e+00 -0.991775 0.026281 0.217806 0.694910 0.042161 0.010617 0.991775 -0.005788 -0.028710 -0.929291 0.000000 
8.000000e-02 1.003094e-01 9.749932e-02 8.409371e-02 1.000000e-01 1.597500e+00 -0.991775 0.026281 0.217806 0.694910 0.042161 0.010617 0.991775 -0.005788 -0.028710 -0.929291 0.000000 
8.000000e-02 1.003094e-01 9.749932e-02 8.409371e-02 1.000000e-01 1.597500e+00 -0.991775 0.026281 0.217806 0.694910 0.042161 0.010617 0.991775 -0.005788 -0.028710 -0.929291 0.000000 
8.000000e-02 1.003094e-01 9.749932e-02 8.409371e-02 1.000000e-01 1.597500e+00 -0.991775 0.026281 0.217806 0.694910 0.042161 0.010617 0.991775 -0.005788 -0.028710 -0.929291 0.000000 
8.000000e-02 1.003094e-01 9.749932e-02 8.409371e-02 1.000000e-01 1.597500e+00 -0.991775 0.026281 0.217806 0.694910 0.042161 0.010617 0.991775 -0.005788 -0.028710 -0.929291 0.000000 
8.000000e-02 1.003094e-01 9.749932e-02 8.409371e-02 1.000000e-01 1.597500e+00 -0.991775 0.026281 0.217806 0.694910 0.042161 0.010617 0.991775 -0.005788 -0.028710 -0.929291 0.000000 
8.000000e-02 1.003094e-01 9.749932e-02 8.409371e-02 1.000000e-01 1.597500e+00 -0.991775 0.026281 0.217806 0.694910 0.042161 0.010617 0.991775 -0.005788 -0.028710 -0.929291 0.000000 
8.000000e-02 1.003094e-01 9.749932e-02 8.409371e-02 1.000000e-01 1.597500e+00 -0.991775 0.026281 0.217806 0.694910 0.042161 0.010617 0.991775 -0.005788 -0.028710 -0.929291 0.000000 
8.000000e-02 1.003094e-01 9.749932e-02 8.409371e-02 1.000000e-01 1.597500e+00 -0.991775 0.026281 0.217806 0.694910 0.042161 0.010617 0.991775 -0.005788 -0.028710 -0.929291 0.000000 
8.000000e-02 1.003094e-01 9.749932e-02 8.409371e-02 1.000000e-01 1.597500e+00 -0.991775 0.026281 0.217806 0.694910 0.042161 0.010617 0.991775 -0.005788 -0.028710 -0.929291 0.000000 
8.000000e-02 1.003094e-01 9.749932e-02 8.409371e-02 1.000000e-01 1.597500e+00 -0.991775 0.026281 0.217806 0.694910 0.042161 0.010617 0.991775 -0.005788 -0.028710 -0.929291 0.000000 
8.000000e-02 1.003094e-01 9.749932e-02 8.409371e-02 1.000000e-01 1.597500e+00 -0.991775 0.026281 0.217806 0.694910 0.042161 0.010617 0.991775 -0.005788 -0.028710 -0.929291 0.000000 
8.000000e-02 1.003094e-01 9.749932e-02 8.409371e-02 1.000000e-01 1.597500e+00 -0.991775 0.026281 0.217806 0.694910 0.042161 0.010617 0.991775 -0.005788 -0.028710 -0.929291 0.000000 
8.000000e-02 1.003094e-01 9.749932e-02 8.409371e-02 1.000000e-01 1.597500e+00 -0.991775 0.026281 0.217806 0.694910 0.042161 0.010617 0.991775 -0.005788 -0.028710 -0.929291 0.000000 
8.000000e-02 1.003094e-01 9.749932e-02 8.409371e-02 1.000000e-01 1.597500e+00 -0.991775 0.026281 0.217806 0.694910 0.042161 0.010617 0.991775 -0.005788 -0.028710 -0.929291 0.000000 
8.000000e-02 1.003094e-01 9.749932e-02 8.409371e-02 1.000000e-01 1.597500e+00 -0.991775 0.026281 0.217806 0.694910 0.042161 0.010617 0.991775 -0.005788 -0.028710 -0.929291 0.000000 
8.000000e-02 1.003094e-01 9.749932e-02 8.409371e-02 1.000000e-01 1.597500e+00 -0.991775 0.026281 0.217806 0.694910 0.042161 0.010617 0.991775 -0.005788 -0.028710 -0.929291 0.000000 
8.000000e-02 1.003094e-01 9.749932e-02 8.409371e-02 1.000000e-01 1.597500e+00 -0.991775 0.026281 0.217806 0.694910 0.042161 0.010617 0.991775 -0.005788 -0.028710 -0.929291 0.000000 
8.000000e-02 1.003094e-01 9.749932e-02 8.409371e-02 1.000000e-01 1.597500e+00 -0.991775 0.026281 0.217806 0.694910 0.042161 0.010617 0.991775 -0.005788 -0.028710 -0.929291 0.000000 
8.000000e-02 1.003094e-01 9.749932e-02 8.409371e-02 1.000000e-01 1.597500e+00 -0.991775 0.026281 0.217806 0.694910 0.042161 0.010617 0.991775 -0.005788 -0.028710 -0.929291 0.000000 
8.000000e-02 1.003094e-01 9.749932e-02 8.409371e-02 1.000000e-01 1.597500e+00 -0.991775 0.026281 0.217806 0.694910 0.042161 0.010617 0.991775 -0.005788 -0.028710 -0.929291 0.000000 
8.000000e-02 1.003094e-01 9.749932e-02 8.409371e-02 1.000000e-01 1.597500e+00 -0.991775 0.026281 0.217806 0.694910 0.042161 0.010617 0.991775 -0.005788 -0.028710 -0.929291 0.000000 
8.000000e-02 1.003094e-01 9.749932e-02 8.409371e-02 1.000000e-01 1.597500e+00 -0.991775 0.026281 0.217806 0.694910 0.042161 0.010617 0.991775 -0.005788 -0.028710 -0.929291 0.000000 
8.000000e-02 1.003094e-01 9.749932e-02 8.409371e-02 1.000000e-01 1.597500e+00 -0.991775 0.026281 0.217806 0.694910 0.042161 0.010617 0.991775 -0.005788 -0.028710 -0.929291 0.000000 
8.000000e-02 1.003094e-01 9.749932e-02 8.409371e-02 1.000000e-01 1.597500e+00 -0.991775 0.026281 0.217806 0.694910 0.042161 0.010617 0.991775 -0.005788 -0.028710 -0.929291 0.000000 
8.000000e-02 1.003094e-01 9.749932e-02 8.409371e-02 1.000000e-01 1.597500e+00 -0.991775 0.026281 0.217806 0.694910 0.042161 0.010617 0.991775 -0.005788 -0.028710 -0.929291 0.000000 
8.000000e-02 1.003094e-01 9.749932e-02 8.409371e-02 1.000000e-01 1.597500e+00 -0.991775 0.026281 0.217806 0.694910 0.042161 0.010617 0.991775 -0.005788 -0.028710 -0.929291 0.000000 
8.000000e-02 1.003094e-01 9.749932e-02 8.409371e-02 1.000000e-01 1.597500e+00 -0.991775 0.026281 0.217806 0.694910 0.042161 0.010617 0.991775 -0.005788 -0.028710 -0.929291 0.000000 
8.000000e-02 1.003094e-01 9.749932e-02 8.409371e-02 1.000000e-01 1.597500e+00 -0.991775 0.026281 0.217806 0.694910 0.042161 0.010617 0.991775 -0.005788 -0.028710 -0.929291 0.000000 
8.000000e-02 1.003094e-01 9.749932e-02 8.409371e-02 1.000000e-01 1.597500e+00 -0.991775 0.026281 0.217806 0.694910 0.042161 0.010617 0.991775 -0.005788 -0.028710 -0.929291 0.000000 
8.000000e-02 1.003094e-01 9.749932e-02 8.409371e-02 1.000000e-01 1.597500e+00 -0.991775 0.026281 0.217806 0.694910 0.042161 0.010617 0.991775 -0.005788 -0.028710 -0.929291 0.000000 
8.000000e-02 1.003094e-01 9.749932e-02 8.409371e-02 1.000000e-01 1.597500e+00 -0.991775 0.026281 0.217806 0.694910 0.042161 0.010617 0.991775 -0.005788 -0.028710 -0.929291 0.000000 
8.000000e-02 1.003094e-01 9.749932e-02 8.409371e-02 1.000000e-01 1.597500e+00 -0.991775 0.026281 0.217806 0.694910 0.042161 0.010617 0.991775 -0.005788 -0.028710 -0.929291 0.000000 
8.000000e-02 1.003094e-01 9.749932e-02 8.409371e-02 1.000000e-01 1.597500e+00 -0.991775 0.026281 0.217806 0.694910 0.042161 0.010617 0.991775 -0.005788 -0.028710 -0.929291 0.000000 
8.000000e-02 1.003094e-01 9.749932e-02 8.409371e-02 1.000000e-01 1.597500e+00 -0.991775 0.026281 0.217806 0.694910 0.042161 0.010617 0.991775 -0.005788 -0.028710 -0.929291 0.000000 
8.000000e-02 1.003094e-01 9.749932e-02 8.409371e-02 1.000000e-01 1.597500e+00 -0.991775 0.026281 0.217806 0.694910 0.042161 0.010617 0.991775 -0.005788 -0.028710 -0.929291 0.000000 
8.000000e-02 1.003094e-01 9.749932e-02 8.409371e-02 1.000000e-01 1.597500e+00 -0.991775 0.026281 0.217806 0.694910 0.042161 0.010617 0.991775 -0.005788 -0.028710 -0.929291 0.000000 
8.000000e-02 1.003094e-01 9.749932e-02 8.409371e-02 1.000000e-01 1.597500e+00 -0.991775 0.026281 0.217806 0.694910 0.042161 0.010617 0.991775 -0.005788 -0.028710 -0.929291 0.000000 
8.000000e-02 1.003094e-01 9.749932e-02 8.409371e-02 1.000000e-01 1.597500e+00 -0.991775 0.026281 0.217806 0.694910 0.042161 0.010617 0.991775 -0.005788 -0.028710 -0.929291 0.000000 
8.000000e-02 1.003094e-01 9.749932e-02 8.409371e-02 1.000000e-01 1.597500e+00 -0.991775 0.026281 0.217806 0.694910 0.042161 0.010617 0.991775 -0.005788 -0.028710 -0.929291 0.000000 
8.000000e-02 1.003094e-01 9.749932e-02 8.409371e-02 1.000000e-01 1.597500e+00 -0.991775 0.026281 0.217806 0.694910 0.042161 0.010617 0.991775 -0.005788 -0.028710 -0.929291 0.000000 
8.000000e-02 1.003094e-01 9.749932e-02 8.409371e-02 1.000000e-01 1.597500e+00 -0.991775 0.026281 0.217806 0.694910 0.042161 0.010617 0.991775 -0.005788 -0.028710 -0.929291 0.000000 
8.000000e-02 1.003094e-01 9.749932e-02 8.409371e-02 1.000000e-01 1.597500e+00 -0.991775 0.026281 0.217806 0.694910 0.042161 0.010617 0.991775 -0.005788 -0.028710 -0.929291 0.000000 
8.000000e-02 1.003094e-01 9.749932e-02 8.409371e-02 1.000000e-01 1.597500e+00 -0.991775 0.026281 0.217806 0.694910 0.042161 0.010617 0.991775 -0.005788 -0.028710 -0.929291 0.000000 
8.000000e-02 1.003094e-01 9.749932e-02 8.409371e-02 1.000000e-01 1.597500e+00 -0.991775 0.026281 0.217806 0.694910 0.042161 0.010617 0.991775 -0.005788 -0.028710 -0.929291 0.000000 
8.000000e-02 1.003094e-01 9.749932e-02 8.409371e-02 1.000000e-01 1.597500e+00 -0.991775 0.026281 0.217806 0.694910 0.042161 0.010617 0.991775 -0.005788 -0.028710 -0.929291 0.000000 
8.000000e-02 1.003094e-01 9.749932e-02 8.409371e-02 1.000000e-01 1.597500e+00 -0.991775 0.026281 0.217806 0.694910 0.042161 0.010617 0.991775 -0.005788 -0.028710 -0.929291 0.000000 
8.000000e-02 1.003094e-01 9.749932e-02 8.409371e-02 1.000000e-01 1.597500e+00 -0.991775 0.026281 0.217806 0.694910 0.042161 0.010617 0.991775 -0.005788 -0.028710 -0.929291 0.000000 
8.000000e-02 1.003094e-01 9.749932e-02 8.409371e-02 1.000000e-01 1.597500e+00 -0.991775 0.026281 0.217806 0.694910 0.042161 0.010617 0.991775 -0.005788 -0.028710 -0.929291 0.000000 
8.000000e-02 1.003094e-01 9.749932e-02 8.409371e-02 1.000000e-01 1.597500e+00 -0.991775 0.026281 0.217806 0.694910 0.042161 0.010617 0.991775 -0.005788 -0.028710 -0.929291 0.000000 
8.000000e-02 1.003094e-01 9.749932e-02 8.409371e-02 1.000000e-01 1.597500e+00 -0.991775 0.026281 0.217806 0.694910 0.042161 0.010617 0.991775 -0.005788 -0.028710 -0.929291 0.000000 
8.000000e-02 1.003094e-01 9.749932e-02 8.409371e-02 1.000000e-01 1.597500e+00 -0.991775 0.026281 0.217806 0.694910 0.042161 0.010617 0.991775 -0.005788 -0.028710 -0.929291 0.000000 
8.000000e-02 1.003094e-01 9.749932e-02 8.409371e-02 1.000000e-01 1.597500e+00 -0.991775 0.026281 0.217806 0.694910 0.042161 0.010617 0.991775 -0.005788 -0.028710 -0.929291 0.000000 
8.000000e-02 1.003094e-01 9.749932e-02 8.409371e-02 1.000000e-01 1.597500e+00 -0.991775 0.026281 0.217806 0.694910 0.042161 0.010617 0.991775 -0.005788 -0.028710 -0.929291 0.000000 
8.000000e-02 1.003094e-01 9.749932e-02 8.409371e-02 1.000000e-01 1.597500e+00 -0.991775 0.026281 0.217806 0.694910 0.042161 0.010617 0.991775 -0.005788 -0.028710 -0.929291 0.000000 
8.000000e-02 1.003094e-01 9.749932e-02 8.409371e-02 1.000000e-01 1.597500e+00 -0.991775 0.026281 0.217806 0.694910 0.042161 0.010617 0.991775 -0.005788 -0.028710 -0.929291 0.000000 
8.000000e-02 1.003094e-01 9.749932e-02 8.409371e-02 1.000000e-01 1.597500e+00 -0.991775 0.026281 0.217806 0.694910 0.042161 0.010617 0.991775 -0.005788 -0.028710 -0.929291 0.000000 
8.000000e-02 1.003094e-01 9.749932e-02 8.409371e-02 1.000000e-01 1.597500e+00 -0.991775 0.026281 0.217806 0.694910 0.042161 0.010617 0.991775 -0.005788 -0.028710 -0.929291 0.000000 
8.000000e-02 1.003094e-01 9.749932e-02 8.409371e-02 1.000000e-01 1.597500e+00 -0.991775 0.026281 0.217806 0.694910 0.042161 0.010617 0.991775 -0.005788 -0.028710 -0.929291 0.000000 
8.000000e-02 1.003094e-01 9.749932e-02 8.409371e-02 1.000000e-01 1.597500e+00 -0.991775 0.026281 0.217806 0.694910 0.042161 0.010617 0.991775 -0.005788 -0.028710 -0.929291 0.000000 
8.000000e-02 1.003094e-01 9.749932e-02 8.409371e-02 1.000000e-01 1.597500e+00 -0.991775 0.026281 0.217806 0.694910 0.042161 0.010617 0.991775 -0.005788 -0.028710 -0.929291 0.000000 
8.000000e-02 1.003094e-01 9.749932e-02 8.409371e-02 1.000000e-01 1.597500e+00 -0.991775 0.026281 0.217806 0.694910 0.042161 0.010617 0.991775 -0.005788 -0.028710 -0.929291 0.000000 
8.000000e-02 1.003094e-01 9.749932e-02 8.409371e-02 1.000000e-01 1.597500e+00 -0.991775 0.026281 0.217806 0.694910 0.042161 0.010617 0.991775 -0.005788 -0.028710 -0.929291 0.000000 
8.000000e-02 1.003094e-01 9.749932e-02 8.409371e-02 1.000000e-01 1.597500e+00 -0.991775 0.026281 0.217806 0.694910 0.042161 0.010617 0.991775 -0.005788 -0.028710 -0.929291 0.000000 
8.000000e-02 1.003094e-01 9.749932e-02 8.409371e-02 1.000000e-01 1.597500e+00 -0.991775 0.026281 0.217806 0.694910 0.042161 0.010617 0.991775 -0.005788 -0.028710 -0.929291 0.000000 
8.000000e-02 1.003094e-01 9.749932e-02 8.409371e-02 1.000000e-01 1.597500e+00 -0.991775 0.026281 0.217806 0.694910 0.042161 0.010617 0.991775 -0.005788 -0.028710 -0.929291 0.000000 
8.000000e-02 1.003094e-01 9.749932e-02 8.409371e-02 1.000000e-01 1.597500e+00 -0.991775 0.026281 0.217806 0.694910 0.042161 0.010617 0.991775 -0.005788 -0.028710 -0.929291 0.000000 
8.000000e-02 1.003094e-01 9.749932e-02 8.409371e-02 1.000000e-01 1.597500e+00 -0.991775 0.026281 0.217806 0.694910 0.042161 0.010617 0.991775 -0.005788 -0.028710 -0.929291 0.000000 
8.000000e-02 1.003094e-01 9.749932e-02 8.409371e-02 1.000000e-01 1.597500e+00 -0.991775 0.026281 0.217806 0.694910 0.042161 0.010617 0.991775 -0.005788 -0.028710 -0.929291 0.000000 
8.000000e-02 1.003094e-01 9.749932e-02 8.409371e-02 1.000000e-01 1.597500e+00 -0.991775 0.026281 0.217806 0.694910 0.042161 0.010617 0.991775 -0.005788 -0.028710 -0.929291 0.000000 
8.000000e-02 1.003094e-01 9.749932e-02 8.409371e-02 1.000000e-01 1.597500e+00 -0.991775 0.026281 0.217806 0.694910 0.042161 0.010617 0.991775 -0.005788 -0.028710 -0.929291 0.000000 
8.000000e-02 1.003094e-01 9.749932e-02 8.409371e-02 1.000000e-01 1.597500e+00 -0.991775 0.026281 0.217806 0.694910 0.042161 0.010617 0.991775 -0.005788 -0.028710 -0.929291 0.000000 
8.000000e-02 1.003094e-01 9.749932e-02 8.409371e-02 1.000000e-01 1.597500e+00 -0.991775 0.026281 0.217806 0.694910 0.042161 0.010617 0.991775 -0.005788 -0.028710 -0.929291 0.000000 
8.000000e-02 1.003094e-01 9.749932e-02 8.409371e-02 1.000000e-01 1.597500e+00 -0.991775 0.026281 0.217806 0.694910 0.042161 0.010617 0.991775 -0.005788 -0.028710 -0.929291 0.000000 
8.000000e-02 1.003094e-01 9.749932e-02 8.409371e-02 1.000000e-01 1.597500e+00 -0.991775 0.026281 0.217806 0.694910 0.042161 0.010617 0.991775 -0.005788 -0.028710 -0.929291 0.000000 
8.000000e-02 1.003094e-01 9.749932e-02 8.409371e-02 1.000000e-01 1.597500e+00 -0.991775 0.026281 0.217806 0.694910 0.042161 0.010617 0.991775 -0.005788 -0.028710 -0.929291 0.000000 
8.000000e-02 1.003094e-01 9.749932e-02 8.409371e-02 1.000000e-01 1.597500e+00 -0.991775 0.026281 0.217806 0.694910 0.042161 0.010617 0.991775 -0.005788 -0.028710 -0.929291 0.000000 
8.000000e-02 1.003094e-01 9.749932e-02 8.409371e-02 1.000000e-01 1.597500e+00 -0.991775 0.026281 0.217806 0.694910 0.042161 0.010617 0.991775 -0.005788 -0.028710 -0.929291 0.000000 
8.000000e-02 1.003094e-01 9.749932e-02 8.409371e-02 1.000000e-01 1.597500e+00 -0.991775 0.026281 0.217806 0.694910 0.042161 0.010617 0.991775 -0.005788 -0.028710 -0.929291 0.000000 
8.000000e-02 1.003094e-01 9.749932e-02 8.409371e-02 1.000000e-01 1.597500e+00 -0.991775 0.026281 0.217806 0.694910 0.042161 0.010617 0.991775 -0.005788 -0.028710 -0.929291 0.000000 
8.000000e-02 1.003094e-01 9.749932e-02 8.409371e-02 1.000000e-01 1.597500e+00 -0.991775 0.026281 0.217806 0.694910 0.042161 0.010617 0.991775 -0.005788 -0.028710 -0.929291 0.000000 
8.000000e-02 1.003094e-01 9.749932e-02 8.409371e-02 1.000000e-01 1.597500e+00 -0.991775 0.026281 0.217806 0.694910 0.042161 0.010617 0.991775 -0.005788 -0.028710 -0.929291 0.000000 
8.000000e-02 1.003094e-01 9.749932e-02 8.409371e-02 1.000000e-01 1.597500e+00 -0.991775 0.026281 0.217806 0.694910 0.042161 0.010617 0.991775 -0.005788 -0.028710 -0.929291 0.000000 
8.000000e-02 1.003094e-01 9.749932e-02 8.409371e-02 1.000000e-01 1.597500e+00 -0.991775 0.026281 0.217806 0.694910 0.042161 0.010617 0.991775 -0.005788 -0.028710 -0.929291 0.000000 
8.000000e-02 1.003094e-01 9.749932e-02 8.409371e-02 1.000000e-01 1.597500e+00 -0.991775 0.026281 0.217806 0.694910 0.042161 0.010617 0.991775 -0.005788 -0.028710 -0.929291 0.000000 
8.000000e-02 1.003094e-01 9.749932e-02 8.409371e-02 1.000000e-01 1.597500e+00 -0.991775 0.026281 0.217806 0.694910 0.042161 0.010617 0.991775 -0.005788 -0.028710 -0.929291 0.000000 
8.000000e-02 1.003094e-01 9.749932e-02 8.409371e-02 1.000000e-01 1.597500e+00 -0.991775 0.026281 0.217806 0.694910 0.042161 0.010617 0.991775 -0.005788 -0.028710 -0.929291 0.000000 
8.000000e-02 1.003094e-01 9.749932e-02 8.409371e-02 1.000000e-01 1.597500e+00 -0.991775 0.026281 0.217806 0.694910 0.042161 0.010617 0.991775 -0.005788 -0.028710 -0.929291 0.000000 
8.000000e-02 1.003094e-01 9.749932e-02 8.409371e-02 1.000000e-01 1.597500e+00 -0.991775 0.026281 0.217806 0.694910 0.042161 0.010617 0.991775 -0.005788 -0.028710 -0.929291 0.000000 
8.000000e-02 1.003094e-01 9.749932e-02 8.409371e-02 1.000000e-01 1.597500e+00 -0.991775 0.026281 0.217806 0.694910 0.042161 0.010617 0.991775 -0.005788 -0.028710 -0.929291 0.000000 
8.000000e-02 1.003094e-01 9.749932e-02 8.409371e-02 1.000000e-01 1.597500e+00 -0.991775 0.026281 0.217806 0.694910 0.042161 0.010617 0.991775 -0.005788 -0.028710 -0.929291 0.000000 
8.000000e-02 1.003094e-01 9.749932e-02 8.409371e-02 1.000000e-01 1.597500e+00 -0.991775 0.026281 0.217806 0.694910 0.042161 0.010617 0.991775 -0.005788 -0.028710 -0.929291 0.000000 
8.000000e-02 1.003094e-01 9.749932e-02 8.409371e-02 1.000000e-01 1.597500e+00 -0.991775 0.026281 0.217806 0.694910 0.042161 0.010617 0.991775 -0.005788 -0.028710 -0.929291 0.000000 
8.000000e-02 1.003094e-01 9.749932e-02 8.409371e-02 1.000000e-01 1.597500e+00 -0.991775 0.026281 0.217806 0.694910 0.042161 0.010617 0.991775 -0.005788 -0.028710 -0.929291 0.000000 
8.000000e-02 1.003094e-01 9.749932e-02 8.409371e-02 1.000000e-01 1.597500e+00 -0.991775 0.026281 0.217806 0.694910 0.042161 0.010617 0.991775 -0.005788 -0.028710 -0.929291 0.000000 
8.000000e-02 1.003094e-01 9.749932e-02 8.409371e-02 1.000000e-01 1.597500e+00 -0.991775 0.026281 0.217806 0.694910 0.042161 0.010617 0.991775 -0.005788 -0.028710 -0.929291 0.000000 
8.000000e-02 1.003094e-01 9.749932e-02 8.409371e-02 1.000000e-01 1.597500e+00 -0.991775 0.026281 0.217806 0.694910 0.042161 0.010617 0.991775 -0.005788 -0.028710 -0.929291 0.000000 
8.000000e-02 1.003094e-01 9.749932e-02 8.409371e-02 1.000000e-01 1.597500e+00 -0.991775 0.026281 0.217806 0.694910 0.042161 0.010617 0.991775 -0.005788 -0.028710 -0.929291 0.000000 
8.000000e-02 1.003094e-01 9.749932e-02 8.409371e-02 1.000000e-01 1.597500e+00 -0.991775 0.026281 0.217806 0.694910 0.042161 0.010617 0.991775 -0.005788 -0.028710 -0.929291 0.000000 
8.000000e-02 1.003094e-01 9.749932e-02 8.409371e-02 1.000000e-01 1.597500e+00 -0.991775 0.026281 0.217806 0.694910 0.042161 0.010617 0.991775 -0.005788 -0.028710 -0.929291 0.000000 
8.000000e-02 1.003094e-01 9.749932e-02 8.409371e-02 1.000000e-01 1.597500e+00 -0.991775 0.026281 0.217806 0.694910 0.042161 0.010617 0.991775 -0.005788 -0.028710 -0.929291 0.000000 
8.000000e-02 1.003094e-01 9.749932e-02 8.409371e-02 1.000000e-01 1.597500e+00 -0.991775 0.026281 0.217806 0.694910 0.042161 0.010617 0.991775 -0.005788 -0.028710 -0.929291 0.000000 
8.000000e-02 1.003094e-01 9.749932e-02 8.409371e-02 1.000000e-01 1.597500e+00 -0.991775 0.026281 0.217806 0.694910 0.042161 0.010617 0.991775 -0.005788 -0.028710 -0.929291 0.000000 
8.000000e-02 1.003094e-01 9.749932e-02 8.409371e-02 1.000000e-01 1.597500e+00 -0.991775 0.026281 0.217806 0.694910 0.042161 0.010617 0.991775 -0.005788 -0.028710 -0.929291 0.000000 
8.000000e-02 1.003094e-01 9.749932e-02 8.409371e-02 1.000000e-01 1.597500e+00 -0.991775 0.026281 0.217806 0.694910 0.042161 0.010617 0.991775 -0.005788 -0.028710 -0.929291 0.000000 
8.000000e-02 1.003094e-01 9.749932e-02 8.409371e-02 1.000000e-01 1.597500e+00 -0.991775 0.026281 0.217806 0.694910 0.042161 0.010617 0.991775 -0.005788 -0.028710 -0.929291 0.000000 
8.000000e-02 1.003094e-01 9.749932e-02 8.409371e-02 1.000000e-01 1.597500e+00 -0.991775 0.026281 0.217806 0.694910 0.042161 0.010617 0.991775 -0.005788 -0.028710 -0.929291 0.000000 
8.000000e-02 1.003094e-01 9.749932e-02 8.409371e-02 1.000000e-01 1.597500e+00 -0.991775 0.026281 0.217806 0.694910 0.042161 0.010617 0.991775 -0.005788 -0.028710 -0.929291 0.000000 
8.000000e-02 1.003094e-01 9.749932e-02 8.409371e-02 1.000000e-01 1.597500e+00 -0.991775 0.026281 0.217806 0.694910 0.042161 0.010617 0.991775 -0.005788 -0.028710 -0.929291 0.000000 
8.000000e-02 1.003094e-01 9.749932e-02 8.409371e-02 1.000000e-01 1.597500e+00 -0.991775 0.026281 0.217806 0.694910 0.042161 0.010617 0.991775 -0.005788 -0.028710 -0.929291 0.000000 
8.000000e-02 1.003094e-01 9.749932e-02 8.409371e-02 1.000000e-01 1.597500e+00 -0.991775 0.026281 0.217806 0.694910 0.042161 0.010617 0.991775 -0.005788 -0.028710 -0.929291 0.000000 
8.000000e-02 1.003094e-01 9.749932e-02 8.409371e-02 1.000000e-01 1.597500e+00 -0.991775 0.026281 0.217806 0.694910 0.042161 0.010617 0.991775 -0.005788 -0.028710 -0.929291 0.000000 
8.000000e-02 1.003094e-01 9.749932e-02 8.409371e-02 1.000000e-01 1.597500e+00 -0.991775 0.026281 0.217806 0.694910 0.042161 0.010617 0.991775 -0.005788 -0.028710 -0.929291 0.000000 
8.000000e-02 1.003094e-01 9.749932e-02 8.409371e-02 1.000000e-01 1.597500e+00 -0.991775 0.026281 0.217806 0.694910 0.042161 0.010617 0.991775 -0.005788 -0.028710 -0.929291 0.000000 
8.000000e-02 1.003094e-01 9.749932e-02 8.409371e-02 1.000000e-01 1.597500e+00 -0.991775 0.026281 0.217806 0.694910 0.042161 0.010617 0.991775 -0.005788 -0.028710 -0.929291 0.000000 
8.000000e-02 1.003094e-01 9.749932e-02 8.409371e-02 1.000000e-01 1.597500e+00 -0.991775 0.026281 0.217806 0.694910 0.042161 0.010617 0.991775 -0.005788 -0.028710 -0.929291 0.000000 
8.000000e-02 1.003094e-01 9.749932e-02 8.409371e-02 1.000000e-01 1.597500e+00 -0.991775 0.026281 0.217806 0.694910 0.042161 0.010617 0.991775 -0.005788 -0.028710 -0.929291 0.000000 
8.000000e-02 1.003094e-01 9.749932e-02 8.409371e-02 1.000000e-01 1.597500e+00 -0.991775 0.026281 0.217806 0.694910 0.042161 0.010617 0.991775 -0.005788 -0.028710 -0.929291 0.000000 
8.000000e-02 1.003094e-01 9.749932e-02 8.409371e-02 1.000000e-01 1.597500e+00 -0.991775 0.026281 0.217806 0.694910 0.042161 0.010617 0.991775 -0.005788 -0.028710 -0.929291 0.000000 
8.000000e-02 1.003094e-01 9.749932e-02 8.409371e-02 1.000000e-01 1.597500e+00 -0.991775 0.026281 0.217806 0.694910 0.042161 0.010617 0.991775 -0.005788 -0.028710 -0.929291 0.000000 
8.000000e-02 1.003094e-01 9.749932e-02 8.409371e-02 1.000000e-01 1.597500e+00 -0.991775 0.026281 0.217806 0.694910 0.042161 0.010617 0.991775 -0.005788 -0.028710 -0.929291 0.000000 
8.000000e-02 1.003094e-01 9.749932e-02 8.409371e-02 1.000000e-01 1.597500e+00 -0.991775 0.026281 0.217806 0.694910 0.042161 0.010617 0.991775 -0.005788 -0.028710 -0.929291 0.000000 
8.000000e-02 1.003094e-01 9.749932e-02 8.409371e-02 1.000000e-01 1.597500e+00 -0.991775 0.026281 0.217806 0.694910 0.042161 0.010617 0.991775 -0.005788 -0.028710 -0.929291 0.000000 
8.000000e-02 1.003094e-01 9.749932e-02 8.409371e-02 1.000000e-01 1.597500e+00 -0.991775 0.026281 0.217806 0.694910 0.042161 0.010617 0.991775 -0.005788 -0.028710 -0.929291 0.000000 
8.000000e-02 1.003094e-01 9.749932e-02 8.409371e-02 1.000000e-01 1.597500e+00 -0.991775 0.026281 0.217806 0.694910 0.042161 0.010617 0.991775 -0.005788 -0.028710 -0.929291 0.000000 
8.000000e-02 1.003094e-01 9.749932e-02 8.409371e-02 1.000000e-01 1.597500e+00 -0.991775 0.026281 0.217806 0.694910 0.042161 0.010617 0.991775 -0.005788 -0.028710 -0.929291 0.000000 
8.000000e-02 1.003094e-01 9.749932e-02 8.409371e-02 1.000000e-01 1.597500e+00 -0.991775 0.026281 0.217806 0.694910 0.042161 0.010617 0.991775 -0.005788 -0.028710 -0.929291 0.000000 
8.000000e-02 1.003094e-01 9.749932e-02 8.409371e-02 1.000000e-01 1.597500e+00 -0.991775 0.026281 0.217806 0.694910 0.042161 0.010617 0.991775 -0.005788 -0.028710 -0.929291 0.000000 
8.000000e-02 1.003094e-01 9.749932e-02 8.409371e-02 1.000000e-01 1.597500e+00 -0.991775 0.026281 0.217806 0.694910 0.042161 0.010617 0.991775 -0.005788 -0.028710 -0.929291 0.000000 
8.000000e-02 1.003094e-01 9.749932e-02 8.409371e-02 1.000000e-01 1.597500e+00 -0.991775 0.026281 0.217806 0.694910 0.042161 0.010617 0.991775 -0.005788 -0.028710 -0.929291 0.000000 
8.000000e-02 1.003094e-01 9.749932e-02 8.409371e-02 1.000000e-01 1.597500e+00 -0.991775 0.026281 0.217806 0.694910 0.042161 0.010617 0.991775 -0.005788 -0.028710 -0.929291 0.000000 
8.000000e-02 1.003094e-01 9.749932e-02 8.409371e-02 1.000000e-01 1.597500e+00 -0.991775 0.026281 0.217806 0.694910 0.042161 0.010617 0.991775 -0.005788 -0.028710 -0.929291 0.000000 
8.000000e-02 1.003094e-01 9.749932e-02 8.409371e-02 1.000000e-01 1.597500e+00 -0.991775 0.026281 0.217806 0.694910 0.042161 0.010617 0.991775 -0.005788 -0.028710 -0.929291 0.000000 
8.000000e-02 1.003094e-01 9.749932e-02 8.409371e-02 1.000000e-01 1.597500e+00 -0.991775 0.026281 0.217806 0.694910 0.042161 0.010617 0.991775 -0.005788 -0.028710 -0.929291 0.000000 
8.000000e-02 1.003094e-01 9.749932e-02 8.409371e-02 1.000000e-01 1.597500e+00 -0.991775 0.026281 0.217806 0.694910 0.042161 0.010617 0.991775 -0.005788 -0.028710 -0.929291 0.000000 
