# TeX TeY TeZ ThX ThY THZ P1 P2
1.200000e-01 1.000000e-01 1.035000e+00 1.200000e-01 1.000000e-01 1.035000e+00 0.000000 0.000000 0.000000 0.000000 0.000000 0.000000 0.000000 0.000000 0.000000 0.000000 0.000000 
1.200000e-01 1.000000e-01 1.024313e+00 1.200000e-01 1.000000e-01 1.043050e+00 -0.012379 0.001586 0.003175 0.003181 0.003202 0.001235 0.012379 -0.001589 -0.003178 -0.003181 0.000000 
1.200000e-01 1.000000e-01 1.013575e+00 1.200000e-01 1.000000e-01 1.051083e+00 -0.024781 0.003176 0.006355 0.006368 0.006410 0.002471 0.024781 -0.003180 -0.006362 -0.006368 0.000000 
1.200000e-01 1.000000e-01 1.002786e+00 1.200000e-01 1.000000e-01 1.059097e+00 -0.037204 0.004767 0.009541 0.009561 0.009624 0.003710 0.037204 -0.004775 -0.009551 -0.009560 0.000000 
1.200000e-01 1.000000e-01 9.919475e-01 1.200000e-01 1.000000e-01 1.067094e+00 -0.049648 0.006362 0.012733 0.012759 0.012843 0.004951 0.049648 -0.006372 -0.012746 -0.012758 0.000000 
1.200000e-01 1.000000e-01 9.810594e-01 1.200000e-01 1.000000e-01 1.075073e+00 -0.062112 0.007959 0.015929 0.015962 0.016067 0.006194 0.062112 -0.007972 -0.015946 -0.015961 0.000000 
1.200000e-01 1.000000e-01 9.701223e-01 1.200000e-01 1.000000e-01 1.083033e+00 -0.074598 0.009559 0.019131 0.019171 0.019297 0.007440 0.074597 -0.009574 -0.019152 -0.019169 0.000000 
1.200000e-01 1.000000e-01 9.591366e-01 1.200000e-01 1.000000e-01 1.090974e+00 -0.087102 0.011161 0.022337 0.022384 0.022533 0.008687 0.087102 -0.011179 -0.022362 -0.022383 0.000000 
1.200000e-01 1.000000e-01 9.481026e-01 1.200000e-01 1.000000e-01 1.098897e+00 -0.099627 0.012765 0.025548 0.025603 0.025774 0.009937 0.099627 -0.012786 -0.025578 -0.025601 0.000000 
1.200000e-01 1.000000e-01 9.370208e-01 1.200000e-01 1.000000e-01 1.106801e+00 -0.112170 0.014371 0.028763 0.028827 0.029020 0.011188 0.112170 -0.014396 -0.028798 -0.028825 0.000000 
1.200000e-01 1.000000e-01 9.258917e-01 1.200000e-01 1.000000e-01 1.114686e+00 -0.124732 0.015980 0.031983 0.032055 0.032272 0.012442 0.124732 -0.016008 -0.032023 -0.032053 0.000000 
1.200000e-01 1.000000e-01 9.147157e-01 1.200000e-01 1.000000e-01 1.122551e+00 -0.137312 0.017590 0.035207 0.035288 0.035529 0.013698 0.137312 -0.017623 -0.035253 -0.035285 0.000000 
1.200000e-01 1.000000e-01 9.034931e-01 1.200000e-01 1.000000e-01 1.130397e+00 -0.149910 0.019202 0.038435 0.038526 0.038791 0.014956 0.149910 -0.019240 -0.038487 -0.038523 0.000000 
1.200000e-01 1.000000e-01 8.922243e-01 1.200000e-01 1.000000e-01 1.138222e+00 -0.162526 0.020816 0.041666 0.041768 0.042059 0.016217 0.162526 -0.020859 -0.041726 -0.041765 0.000000 
1.200000e-01 1.000000e-01 8.809099e-01 1.200000e-01 1.000000e-01 1.146028e+00 -0.175158 0.022431 0.044901 0.045015 0.045332 0.017479 0.175158 -0.022480 -0.044969 -0.045011 0.000000 
1.200000e-01 1.000000e-01 8.695502e-01 1.200000e-01 1.000000e-01 1.153814e+00 -0.187807 0.024047 0.048139 0.048266 0.048610 0.018744 0.187807 -0.024104 -0.048216 -0.048261 0.000000 
1.200000e-01 1.000000e-01 8.581455e-01 1.200000e-01 1.000000e-01 1.161579e+00 -0.200472 0.025665 0.051380 0.051521 0.051894 0.020011 0.200472 -0.025729 -0.051468 -0.051516 0.000000 
1.200000e-01 1.000000e-01 8.466963e-01 1.199999e-01 1.000000e-01 1.169323e+00 -0.213152 0.027284 0.054623 0.054781 0.055184 0.021280 0.213152 -0.027357 -0.054724 -0.054774 0.000000 
1.200000e-01 1.000000e-01 8.352030e-01 1.199999e-01 1.000000e-01 1.177046e+00 -0.225848 0.028904 0.057869 0.058044 0.058479 0.022552 0.225848 -0.028986 -0.057983 -0.058037 0.000000 
1.200000e-01 1.000000e-01 8.236660e-01 1.199999e-01 1.000000e-01 1.184748e+00 -0.238559 0.030524 0.061118 0.061311 0.061779 0.023826 0.238559 -0.030617 -0.061246 -0.061303 0.000000 
1.200000e-01 1.000000e-01 8.120856e-01 1.199999e-01 1.000000e-01 1.192428e+00 -0.251284 0.032145 0.064368 0.064583 0.065086 0.025103 0.251284 -0.032251 -0.064513 -0.064573 0.000000 
1.200000e-01 1.000000e-01 8.004622e-01 1.199999e-01 1.000000e-01 1.200087e+00 -0.264024 0.033766 0.067619 0.067858 0.068399 0.026382 0.264024 -0.033886 -0.067784 -0.067847 0.000000 
1.200000e-01 1.000000e-01 7.887962e-01 1.199999e-01 1.000000e-01 1.207724e+00 -0.276777 0.035387 0.070871 0.071136 0.071717 0.027664 0.276776 -0.035522 -0.071058 -0.071124 0.000000 
1.200000e-01 9.999999e-02 7.770880e-01 1.199999e-01 1.000000e-01 1.215339e+00 -0.289543 0.037008 0.074125 0.074419 0.075042 0.028949 0.289543 -0.037161 -0.074336 -0.074404 0.000000 
1.200000e-01 9.999999e-02 7.653379e-01 1.199998e-01 1.000000e-01 1.222931e+00 -0.302322 0.038628 0.077378 0.077705 0.078374 0.030237 0.302322 -0.038801 -0.077616 -0.077688 0.000000 
1.200000e-01 9.999999e-02 7.535464e-01 1.199998e-01 1.000000e-01 1.230500e+00 -0.315113 0.040247 0.080631 0.080994 0.081713 0.031528 0.315113 -0.040443 -0.080900 -0.080975 0.000000 
1.200000e-01 9.999999e-02 7.417136e-01 1.199998e-01 1.000000e-01 1.238046e+00 -0.327916 0.041864 0.083883 0.084287 0.085059 0.032822 0.327916 -0.042086 -0.084187 -0.084265 0.000000 
1.200000e-01 9.999999e-02 7.298401e-01 1.199998e-01 1.000000e-01 1.245569e+00 -0.340731 0.043480 0.087134 0.087583 0.088413 0.034120 0.340731 -0.043730 -0.087477 -0.087558 0.000000 
1.200000e-01 9.999999e-02 7.179262e-01 1.199997e-01 1.000000e-01 1.253069e+00 -0.353557 0.045094 0.090383 0.090883 0.091775 0.035422 0.353557 -0.045377 -0.090770 -0.090854 0.000000 
1.200000e-01 9.999998e-02 7.059722e-01 1.199997e-01 1.000000e-01 1.260545e+00 -0.366394 0.046705 0.093629 0.094186 0.095146 0.036727 0.366394 -0.047024 -0.094066 -0.094153 0.000000 
1.200000e-01 9.999998e-02 6.939784e-01 1.199996e-01 1.000000e-01 1.267996e+00 -0.379241 0.048313 0.096871 0.097492 0.098526 0.038038 0.379241 -0.048673 -0.097364 -0.097454 0.000000 
1.200000e-01 9.999998e-02 6.819453e-01 1.199996e-01 1.000000e-01 1.275423e+00 -0.392098 0.049917 0.100110 0.100802 0.101916 0.039352 0.392098 -0.050323 -0.100665 -0.100758 0.000000 
1.200000e-01 9.999997e-02 6.698730e-01 1.199995e-01 1.000000e-01 1.282825e+00 -0.404964 0.051516 0.103343 0.104115 0.105318 0.040672 0.404964 -0.051974 -0.103968 -0.104065 0.000000 
1.200000e-01 9.999997e-02 6.577621e-01 1.199995e-01 1.000000e-01 1.290203e+00 -0.417840 0.053110 0.106570 0.107432 0.108730 0.041997 0.417840 -0.053627 -0.107274 -0.107373 0.000000 
1.200000e-01 9.999996e-02 6.456127e-01 1.199994e-01 1.000000e-01 1.297555e+00 -0.430724 0.054697 0.109789 0.110753 0.112156 0.043329 0.430724 -0.055280 -0.110582 -0.110684 0.000000 
1.200000e-01 9.999995e-02 6.334253e-01 1.199993e-01 1.000000e-01 1.304881e+00 -0.443616 0.056278 0.113000 0.114077 0.115594 0.044666 0.443616 -0.056935 -0.113891 -0.113997 0.000000 
1.200000e-01 9.999994e-02 6.212002e-01 1.199992e-01 1.000000e-01 1.312181e+00 -0.456516 0.057849 0.116200 0.117406 0.119049 0.046012 0.456516 -0.058591 -0.117203 -0.117312 0.000000 
1.200000e-01 9.999993e-02 6.089376e-01 1.199991e-01 1.000000e-01 1.319455e+00 -0.469424 0.059412 0.119390 0.120738 0.122519 0.047364 0.469423 -0.060247 -0.120517 -0.120629 0.000000 
1.200000e-01 9.999992e-02 5.966378e-01 1.199990e-01 1.000000e-01 1.326703e+00 -0.482338 0.060963 0.122565 0.124076 0.126008 0.048725 0.482338 -0.061905 -0.123833 -0.123947 0.000000 
1.200000e-01 9.999990e-02 5.843013e-01 1.199988e-01 1.000000e-01 1.333923e+00 -0.495259 0.062502 0.125727 0.127420 0.129516 0.050094 0.495259 -0.063563 -0.127150 -0.127268 0.000000 
1.200000e-01 9.999988e-02 5.719283e-01 1.199987e-01 1.000000e-01 1.341117e+00 -0.508186 0.064026 0.128871 0.130769 0.133045 0.051474 0.508186 -0.065222 -0.130469 -0.130590 0.000000 
1.200000e-01 9.999986e-02 5.595191e-01 1.199985e-01 1.000000e-01 1.348282e+00 -0.521118 0.065534 0.131996 0.134125 0.136599 0.052864 0.521118 -0.066882 -0.133789 -0.133913 0.000000 
1.200000e-01 9.999983e-02 5.470740e-01 1.199983e-01 1.000000e-01 1.355420e+00 -0.534056 0.067024 0.135100 0.137490 0.140177 0.054264 0.534056 -0.068542 -0.137111 -0.137238 0.000000 
1.200000e-01 9.999979e-02 5.345934e-01 1.199980e-01 1.000000e-01 1.362530e+00 -0.546999 0.068492 0.138178 0.140864 0.143785 0.055678 0.546999 -0.070203 -0.140433 -0.140564 0.000000 
1.200000e-01 9.999975e-02 5.220774e-01 1.199978e-01 1.000000e-01 1.369610e+00 -0.559946 0.069938 0.141232 0.144249 0.147423 0.057104 0.559946 -0.071865 -0.143757 -0.143891 0.000000 
1.200000e-01 9.999969e-02 5.095265e-01 1.199974e-01 1.000000e-01 1.376662e+00 -0.572897 0.071354 0.144252 0.147648 0.151098 0.058545 0.572897 -0.073527 -0.147082 -0.147219 0.000000 
1.200000e-01 9.999963e-02 4.969408e-01 1.199971e-01 1.000000e-01 1.383684e+00 -0.585851 0.072741 0.147239 0.151062 0.154809 0.060000 0.585851 -0.075189 -0.150408 -0.150548 0.000000 
1.200000e-01 9.999955e-02 4.843207e-01 1.199967e-01 1.000000e-01 1.390677e+00 -0.598809 0.074092 0.150189 0.154496 0.158561 0.061470 0.598808 -0.076852 -0.153735 -0.153879 0.000000 
1.200000e-01 9.999945e-02 4.716665e-01 1.199962e-01 1.000000e-01 1.397639e+00 -0.611769 0.075402 0.153093 0.157953 0.162362 0.062957 0.611769 -0.078515 -0.157062 -0.157210 0.000000 
1.200000e-01 9.999933e-02 4.589784e-01 1.199957e-01 1.000000e-01 1.404571e+00 -0.624731 0.076670 0.155954 0.161437 0.166210 0.064460 0.624731 -0.080178 -0.160390 -0.160542 0.000000 
1.200000e-01 9.999919e-02 4.462567e-01 1.199951e-01 1.000000e-01 1.411472e+00 -0.637695 0.077881 0.158757 0.164958 0.170118 0.065980 0.637695 -0.081841 -0.163718 -0.163875 0.000000 
1.200000e-01 9.999901e-02 4.335017e-01 1.199945e-01 1.000000e-01 1.418342e+00 -0.650660 0.079036 0.161502 0.168520 0.174085 0.067517 0.650660 -0.083504 -0.167047 -0.167209 0.000000 
1.200000e-01 9.999880e-02 4.207137e-01 1.199937e-01 1.000000e-01 1.425179e+00 -0.663626 0.080127 0.164184 0.172130 0.178116 0.069069 0.663626 -0.085166 -0.170376 -0.170545 0.000000 
1.200000e-01 9.999854e-02 4.078928e-01 1.199929e-01 1.000000e-01 1.431985e+00 -0.676593 0.081133 0.166784 0.175809 0.182230 0.070637 0.676593 -0.086827 -0.173705 -0.173883 0.000000 
1.200000e-01 9.999822e-02 3.950395e-01 1.199919e-01 1.000000e-01 1.438758e+00 -0.689560 0.082057 0.169306 0.179560 0.186421 0.072216 0.689559 -0.088486 -0.177035 -0.177225 0.000000 
1.200000e-01 9.999783e-02 3.821539e-01 1.199908e-01 1.000000e-01 1.445498e+00 -0.702526 0.082883 0.171735 0.183404 0.190700 0.073804 0.702525 -0.090144 -0.180364 -0.180570 0.000000 
1.200000e-01 9.999735e-02 3.692363e-01 1.199895e-01 1.000000e-01 1.452205e+00 -0.715491 0.083587 0.174050 0.187371 0.195087 0.075396 0.715490 -0.091797 -0.183693 -0.183923 0.000000 
1.200000e-01 9.999677e-02 3.562870e-01 1.199881e-01 1.000000e-01 1.458877e+00 -0.728454 0.084170 0.176253 0.191470 0.199577 0.076985 0.728454 -0.093445 -0.187023 -0.187286 0.000000 
1.200000e-01 9.999606e-02 3.433062e-01 1.199865e-01 1.000000e-01 1.465516e+00 -0.741416 0.084606 0.178319 0.195740 0.204188 0.078562 0.741416 -0.095084 -0.190353 -0.190666 0.000000 
1.200000e-01 9.999519e-02 3.302942e-01 1.199846e-01 1.000000e-01 1.472120e+00 -0.754376 0.084862 0.180218 0.200237 0.208945 0.080113 0.754375 -0.096710 -0.193683 -0.194070 0.000000 
1.200000e-01 9.999412e-02 3.172511e-01 1.199826e-01 1.000000e-01 1.478688e+00 -0.767332 0.084939 0.181945 0.204980 0.213844 0.081624 0.767332 -0.098316 -0.197014 -0.197513 0.000000 
1.200000e-01 9.999281e-02 3.041773e-01 1.199802e-01 1.000000e-01 1.485221e+00 -0.780286 0.084808 0.183470 0.210028 0.218904 0.083075 0.780286 -0.099893 -0.200346 -0.201013 0.000000 
1.200000e-01 9.999121e-02 2.910730e-01 1.199776e-01 1.000000e-01 1.491717e+00 -0.793236 0.084408 0.184723 0.215507 0.224170 0.084428 0.793236 -0.101424 -0.203681 -0.204604 0.000000 
1.200000e-01 9.998925e-02 2.779384e-01 1.199746e-01 1.000000e-01 1.498177e+00 -0.806182 0.083748 0.185698 0.221443 0.229635 0.085659 0.806182 -0.102884 -0.207021 -0.208334 0.000000 
1.200000e-01 9.998685e-02 2.647737e-01 1.199712e-01 1.000000e-01 1.504599e+00 -0.819123 0.082798 0.186344 0.227931 0.235318 0.086731 0.819123 -0.104240 -0.210365 -0.212273 0.000000 
1.200000e-01 9.998392e-02 2.515792e-01 1.199674e-01 1.000000e-01 1.510982e+00 -0.832058 0.081480 0.186541 0.235194 0.241280 0.087563 0.832058 -0.105430 -0.213718 -0.216548 0.000000 
1.200000e-01 9.998036e-02 2.383550e-01 1.199632e-01 1.000000e-01 1.517324e+00 -0.844987 0.079784 0.186225 0.243352 0.247528 0.088099 0.844987 -0.106375 -0.217079 -0.221329 0.000000 
1.200000e-01 9.997603e-02 2.251014e-01 1.199584e-01 1.000000e-01 1.523626e+00 -0.857909 0.077693 0.185315 0.252553 0.254072 0.088276 0.857909 -0.106952 -0.220448 -0.226883 0.000000 
1.200000e-01 9.997083e-02 2.118184e-01 1.199530e-01 1.000000e-01 1.529887e+00 -0.870824 0.075175 0.183687 0.263024 0.260929 0.088008 0.870824 -0.106943 -0.223810 -0.233710 0.000000 
1.200000e-01 9.996464e-02 1.985062e-01 1.199467e-01 1.000000e-01 1.536106e+00 -0.883731 0.072124 0.181021 0.275337 0.268157 0.087092 0.883731 -0.106090 -0.227119 -0.242466 0.000000 
1.200000e-01 9.995739e-02 1.851650e-01 1.199391e-01 1.000000e-01 1.542282e+00 -0.896631 0.068576 0.177218 0.289686 0.275679 0.085472 0.896631 -0.103990 -0.230250 -0.254276 0.000000 
1.200000e-01 9.994919e-02 1.717946e-01 1.199293e-01 1.000000e-01 1.548415e+00 -0.909523 0.064521 0.172054 0.306510 0.283409 0.083028 0.909523 -0.099991 -0.232837 -0.271295 0.000000 
1.200000e-01 9.994056e-02 1.583947e-01 1.199152e-01 1.000000e-01 1.554504e+00 -0.922406 0.059951 0.165258 0.326398 0.291170 0.079629 0.922406 -0.093398 -0.234023 -0.296744 0.000000 
1.200000e-01 9.993369e-02 1.449630e-01 1.198924e-01 1.000000e-01 1.560546e+00 -0.935282 0.054832 0.156349 0.350488 0.298558 0.075056 0.935282 -0.083320 -0.231745 -0.336632 0.000000 
1.200000e-01 9.993813e-02 1.314889e-01 1.198511e-01 1.000000e-01 1.566538e+00 -0.948179 0.049210 0.145017 0.379984 0.304751 0.069217 0.948179 -0.068581 -0.220221 -0.404560 0.000000 
1.200000e-01 9.999363e-02 1.179203e-01 1.197701e-01 1.000000e-01 1.572471e+00 -0.961250 0.043211 0.131263 0.416202 0.308386 0.062187 0.961250 -0.048347 -0.185953 -0.526658 0.000000 
1.200000e-01 1.001998e-01 1.040549e-01 1.196006e-01 1.000000e-01 1.578333e+00 -0.975181 0.037037 0.115283 0.461835 0.306922 0.054104 0.975181 -0.020736 -0.097418 -0.760136 0.000000 
1.200000e-01 1.003097e-01 9.749937e-02 1.192290e-01 1.000000e-01 1.584090e+00 -0.984261 0.030107 0.095912 0.520263 0.293414 0.044565 0.984261 -0.004824 -0.026781 -0.927358 0.000000 
1.200000e-01 1.003097e-01 9.749937e-02 1.183700e-01 1.000000e-01 1.589674e+00 -0.987859 0.022372 0.073163 0.603351 0.255459 0.033514 0.987859 -0.005285 -0.027705 -0.928283 0.000000 
1.200000e-01 1.003097e-01 9.749937e-02 1.164850e-01 1.000000e-01 1.595079e+00 -0.992024 0.013134 0.044057 0.752971 0.162344 0.019519 0.992024 -0.005820 -0.028774 -0.929353 0.000000 
1.200000e-01 1.003097e-01 9.749937e-02 1.155648e-01 1.000000e-01 1.597509e+00 -0.994901 0.006593 0.022499 0.877403 0.078768 0.009638 0.994901 -0.006189 -0.029513 -0.930093 0.000000 
1.200000e-01 1.003097e-01 9.749937e-02 1.155648e-01 1.000000e-01 1.597509e+00 -0.994901 0.006593 0.022499 0.877403 0.078768 0.009638 0.994901 -0.006189 -0.029513 -0.930093 0.000000 
1.200000e-01 1.003097e-01 9.749937e-02 1.155648e-01 1.000000e-01 1.597509e+00 -0.994901 0.006593 0.022499 0.877403 0.078768 0.009638 0.994901 -0.006189 -0.029513 -0.930093 0.000000 
1.200000e-01 1.003097e-01 9.749937e-02 1.155648e-01 1.000000e-01 1.597509e+00 -0.994901 0.006593 0.022499 0.877403 0.078768 0.009638 0.994901 -0.006189 -0.029513 -0.930093 0.000000 
1.200000e-01 1.003097e-01 9.749937e-02 1.155648e-01 1.000000e-01 1.597509e+00 -0.994901 0.006593 0.022499 0.877403 0.078768 0.009638 0.994901 -0.006189 -0.029513 -0.930093 0.000000 
1.200000e-01 1.003097e-01 9.749937e-02 1.155648e-01 1.000000e-01 1.597509e+00 -0.994901 0.006593 0.022499 0.877403 0.078768 0.009638 0.994901 -0.006189 -0.029513 -0.930093 0.000000 
1.200000e-01 1.003097e-01 9.749937e-02 1.155648e-01 1.000000e-01 1.597509e+00 -0.994901 0.006593 0.022499 0.877403 0.078768 0.009638 0.994901 -0.006189 -0.029513 -0.930093 0.000000 
1.200000e-01 1.003097e-01 9.749937e-02 1.155648e-01 1.000000e-01 1.597509e+00 -0.994901 0.006593 0.022499 0.877403 0.078768 0.009638 0.994901 -0.006189 -0.029513 -0.930093 0.000000 
1.200000e-01 1.003097e-01 9.749937e-02 1.155648e-01 1.000000e-01 1.597509e+00 -0.994901 0.006593 0.022499 0.877403 0.078768 0.009638 0.994901 -0.006189 -0.029513 -0.930093 0.000000 
1.200000e-01 1.003097e-01 9.749937e-02 1.155648e-01 1.000000e-01 1.597509e+00 -0.994901 0.006593 0.022499 0.877403 0.078768 0.009638 0.994901 -0.006189 -0.029513 -0.930093 0.000000 
1.200000e-01 1.003097e-01 9.749937e-02 1.155648e-01 1.000000e-01 1.597509e+00 -0.994901 0.006593 0.022499 0.877403 0.078768 0.009638 0.994901 -0.006189 -0.029513 -0.930093 0.000000 
1.200000e-01 1.003097e-01 9.749937e-02 1.155648e-01 1.000000e-01 1.597509e+00 -0.994901 0.006593 0.022499 0.877403 0.078768 0.009638 0.994901 -0.006189 -0.029513 -0.930093 0.000000 
1.200000e-01 1.003097e-01 9.749937e-02 1.155648e-01 1.000000e-01 1.597509e+00 -0.994901 0.006593 0.022499 0.877403 0.078768 0.009638 0.994901 -0.006189 -0.029513 -0.930093 0.000000 
1.200000e-01 1.003097e-01 9.749937e-02 1.155648e-01 1.000000e-01 1.597509e+00 -0.994901 0.006593 0.022499 0.877403 0.078768 0.009638 0.994901 -0.006189 -0.029513 -0.930093 0.000000 
1.200000e-01 1.003097e-01 9.749937e-02 1.155648e-01 1.000000e-01 1.597509e+00 -0.994901 0.006593 0.022499 0.877403 0.078768 0.009638 0.994901 -0.006189 -0.029513 -0.930093 0.000000 
1.200000e-01 1.003097e-01 9.749937e-02 1.155648e-01 1.000000e-01 1.597509e+00 -0.994901 0.006593 0.022499 0.877403 0.078768 0.009638 0.994901 -0.006189 -0.029513 -0.930093 0.000000 
1.200000e-01 1.003097e-01 9.749937e-02 1.155648e-01 1.000000e-01 1.597509e+00 -0.994901 0.006593 0.022499 0.877403 0.078768 0.009638 0.994901 -0.006189 -0.029513 -0.930093 0.000000 
1.200000e-01 1.003097e-01 9.749937e-02 1.155648e-01 1.000000e-01 1.597509e+00 -0.994901 0.006593 0.022499 0.877403 0.078768 0.009638 0.994901 -0.006189 -0.029513 -0.930093 0.000000 
1.200000e-01 1.003097e-01 9.749937e-02 1.155648e-01 1.000000e-01 1.597509e+00 -0.994901 0.006593 0.022499 0.877403 0.078768 0.009638 0.994901 -0.006189 -0.029513 -0.930093 0.000000 
1.200000e-01 1.003097e-01 9.749937e-02 1.155648e-01 1.000000e-01 1.597509e+00 -0.994901 0.006593 0.022499 0.877403 0.078768 0.009638 0.994901 -0.006189 -0.029513 -0.930093 0.000000 
1.200000e-01 1.003097e-01 9.749937e-02 1.155648e-01 1.000000e-01 1.597509e+00 -0.994901 0.006593 0.022499 0.877403 0.078768 0.009638 0.994901 -0.006189 -0.029513 -0.930093 0.000000 
1.200000e-01 1.003097e-01 9.749937e-02 1.155648e-01 1.000000e-01 1.597509e+00 -0.994901 0.006593 0.022499 0.877403 0.078768 0.009638 0.994901 -0.006189 -0.029513 -0.930093 0.000000 
1.200000e-01 1.003097e-01 9.749937e-02 1.155648e-01 1.000000e-01 1.597509e+00 -0.994901 0.006593 0.022499 0.877403 0.078768 0.009638 0.994901 -0.006189 -0.029513 -0.930093 0.000000 
1.200000e-01 1.003097e-01 9.749937e-02 1.155648e-01 1.000000e-01 1.597509e+00 -0.994901 0.006593 0.022499 0.877403 0.078768 0.009638 0.994901 -0.006189 -0.029513 -0.930093 0.000000 
1.200000e-01 1.003097e-01 9.749937e-02 1.155648e-01 1.000000e-01 1.597509e+00 -0.994901 0.006593 0.022499 0.877403 0.078768 0.009638 0.994901 -0.006189 -0.029513 -0.930093 0.000000 
1.200000e-01 1.003097e-01 9.749937e-02 1.155648e-01 1.000000e-01 1.597509e+00 -0.994901 0.006593 0.022499 0.877403 0.078768 0.009638 0.994901 -0.006189 -0.029513 -0.930093 0.000000 
1.200000e-01 1.003097e-01 9.749937e-02 1.155648e-01 1.000000e-01 1.597509e+00 -0.994901 0.006593 0.022499 0.877403 0.078768 0.009638 0.994901 -0.006189 -0.029513 -0.930093 0.000000 
1.200000e-01 1.003097e-01 9.749937e-02 1.155648e-01 1.000000e-01 1.597509e+00 -0.994901 0.006593 0.022499 0.877403 0.078768 0.009638 0.994901 -0.006189 -0.029513 -0.930093 0.000000 
1.200000e-01 1.003097e-01 9.749937e-02 1.155648e-01 1.000000e-01 1.597509e+00 -0.994901 0.006593 0.022499 0.877403 0.078768 0.009638 0.994901 -0.006189 -0.029513 -0.930093 0.000000 
1.200000e-01 1.003097e-01 9.749937e-02 1.155648e-01 1.000000e-01 1.597509e+00 -0.994901 0.006593 0.022499 0.877403 0.078768 0.009638 0.994901 -0.006189 -0.029513 -0.930093 0.000000 
1.200000e-01 1.003097e-01 9.749937e-02 1.155648e-01 1.000000e-01 1.597509e+00 -0.994901 0.006593 0.022499 0.877403 0.078768 0.009638 0.994901 -0.006189 -0.029513 -0.930093 0.000000 
1.200000e-01 1.003097e-01 9.749937e-02 1.155648e-01 1.000000e-01 1.597509e+00 -0.994901 0.006593 0.022499 0.877403 0.078768 0.009638 0.994901 -0.006189 -0.029513 -0.930093 0.000000 
1.200000e-01 1.003097e-01 9.749937e-02 1.155648e-01 1.000000e-01 1.597509e+00 -0.994901 0.006593 0.022499 0.877403 0.078768 0.009638 0.994901 -0.006189 -0.029513 -0.930093 0.000000 
1.200000e-01 1.003097e-01 9.749937e-02 1.155648e-01 1.000000e-01 1.597509e+00 -0.994901 0.006593 0.022499 0.877403 0.078768 0.009638 0.994901 -0.006189 -0.029513 -0.930093 0.000000 
1.200000e-01 1.003097e-01 9.749937e-02 1.155648e-01 1.000000e-01 1.597509e+00 -0.994901 0.006593 0.022499 0.877403 0.078768 0.009638 0.994901 -0.006189 -0.029513 -0.930093 0.000000 
1.200000e-01 1.003097e-01 9.749937e-02 1.155648e-01 1.000000e-01 1.597509e+00 -0.994901 0.006593 0.022499 0.877403 0.078768 0.009638 0.994901 -0.006189 -0.029513 -0.930093 0.000000 
1.200000e-01 1.003097e-01 9.749937e-02 1.155648e-01 1.000000e-01 1.597509e+00 -0.994901 0.006593 0.022499 0.877403 0.078768 0.009638 0.994901 -0.006189 -0.029513 -0.930093 0.000000 
1.200000e-01 1.003097e-01 9.749937e-02 1.155648e-01 1.000000e-01 1.597509e+00 -0.994901 0.006593 0.022499 0.877403 0.078768 0.009638 0.994901 -0.006189 -0.029513 -0.930093 0.000000 
1.200000e-01 1.003097e-01 9.749937e-02 1.155648e-01 1.000000e-01 1.597509e+00 -0.994901 0.006593 0.022499 0.877403 0.078768 0.009638 0.994901 -0.006189 -0.029513 -0.930093 0.000000 
1.200000e-01 1.003097e-01 9.749937e-02 1.155648e-01 1.000000e-01 1.597509e+00 -0.994901 0.006593 0.022499 0.877403 0.078768 0.009638 0.994901 -0.006189 -0.029513 -0.930093 0.000000 
1.200000e-01 1.003097e-01 9.749937e-02 1.155648e-01 1.000000e-01 1.597509e+00 -0.994901 0.006593 0.022499 0.877403 0.078768 0.009638 0.994901 -0.006189 -0.029513 -0.930093 0.000000 
1.200000e-01 1.003097e-01 9.749937e-02 1.155648e-01 1.000000e-01 1.597509e+00 -0.994901 0.006593 0.022499 0.877403 0.078768 0.009638 0.994901 -0.006189 -0.029513 -0.930093 0.000000 
1.200000e-01 1.003097e-01 9.749937e-02 1.155648e-01 1.000000e-01 1.597509e+00 -0.994901 0.006593 0.022499 0.877403 0.078768 0.009638 0.994901 -0.006189 -0.029513 -0.930093 0.000000 
1.200000e-01 1.003097e-01 9.749937e-02 1.155648e-01 1.000000e-01 1.597509e+00 -0.994901 0.006593 0.022499 0.877403 0.078768 0.009638 0.994901 -0.006189 -0.029513 -0.930093 0.000000 
1.200000e-01 1.003097e-01 9.749937e-02 1.155648e-01 1.000000e-01 1.597509e+00 -0.994901 0.006593 0.022499 0.877403 0.078768 0.009638 0.994901 -0.006189 -0.029513 -0.930093 0.000000 
1.200000e-01 1.003097e-01 9.749937e-02 1.155648e-01 1.000000e-01 1.597509e+00 -0.994901 0.006593 0.022499 0.877403 0.078768 0.009638 0.994901 -0.006189 -0.029513 -0.930093 0.000000 
1.200000e-01 1.003097e-01 9.749937e-02 1.155648e-01 1.000000e-01 1.597509e+00 -0.994901 0.006593 0.022499 0.877403 0.078768 0.009638 0.994901 -0.006189 -0.029513 -0.930093 0.000000 
1.200000e-01 1.003097e-01 9.749937e-02 1.155648e-01 1.000000e-01 1.597509e+00 -0.994901 0.006593 0.022499 0.877403 0.078768 0.009638 0.994901 -0.006189 -0.029513 -0.930093 0.000000 
1.200000e-01 1.003097e-01 9.749937e-02 1.155648e-01 1.000000e-01 1.597509e+00 -0.994901 0.006593 0.022499 0.877403 0.078768 0.009638 0.994901 -0.006189 -0.029513 -0.930093 0.000000 
1.200000e-01 1.003097e-01 9.749937e-02 1.155648e-01 1.000000e-01 1.597509e+00 -0.994901 0.006593 0.022499 0.877403 0.078768 0.009638 0.994901 -0.006189 -0.029513 -0.930093 0.000000 
1.200000e-01 1.003097e-01 9.749937e-02 1.155648e-01 1.000000e-01 1.597509e+00 -0.994901 0.006593 0.022499 0.877403 0.078768 0.009638 0.994901 -0.006189 -0.029513 -0.930093 0.000000 
1.200000e-01 1.003097e-01 9.749937e-02 1.155648e-01 1.000000e-01 1.597509e+00 -0.994901 0.006593 0.022499 0.877403 0.078768 0.009638 0.994901 -0.006189 -0.029513 -0.930093 0.000000 
1.200000e-01 1.003097e-01 9.749937e-02 1.155648e-01 1.000000e-01 1.597509e+00 -0.994901 0.006593 0.022499 0.877403 0.078768 0.009638 0.994901 -0.006189 -0.029513 -0.930093 0.000000 
1.200000e-01 1.003097e-01 9.749937e-02 1.155648e-01 1.000000e-01 1.597509e+00 -0.994901 0.006593 0.022499 0.877403 0.078768 0.009638 0.994901 -0.006189 -0.029513 -0.930093 0.000000 
1.200000e-01 1.003097e-01 9.749937e-02 1.155648e-01 1.000000e-01 1.597509e+00 -0.994901 0.006593 0.022499 0.877403 0.078768 0.009638 0.994901 -0.006189 -0.029513 -0.930093 0.000000 
1.200000e-01 1.003097e-01 9.749937e-02 1.155648e-01 1.000000e-01 1.597509e+00 -0.994901 0.006593 0.022499 0.877403 0.078768 0.009638 0.994901 -0.006189 -0.029513 -0.930093 0.000000 
1.200000e-01 1.003097e-01 9.749937e-02 1.155648e-01 1.000000e-01 1.597509e+00 -0.994901 0.006593 0.022499 0.877403 0.078768 0.009638 0.994901 -0.006189 -0.029513 -0.930093 0.000000 
1.200000e-01 1.003097e-01 9.749937e-02 1.155648e-01 1.000000e-01 1.597509e+00 -0.994901 0.006593 0.022499 0.877403 0.078768 0.009638 0.994901 -0.006189 -0.029513 -0.930093 0.000000 
1.200000e-01 1.003097e-01 9.749937e-02 1.155648e-01 1.000000e-01 1.597509e+00 -0.994901 0.006593 0.022499 0.877403 0.078768 0.009638 0.994901 -0.006189 -0.029513 -0.930093 0.000000 
1.200000e-01 1.003097e-01 9.749937e-02 1.155648e-01 1.000000e-01 1.597509e+00 -0.994901 0.006593 0.022499 0.877403 0.078768 0.009638 0.994901 -0.006189 -0.029513 -0.930093 0.000000 
1.200000e-01 1.003097e-01 9.749937e-02 1.155648e-01 1.000000e-01 1.597509e+00 -0.994901 0.006593 0.022499 0.877403 0.078768 0.009638 0.994901 -0.006189 -0.029513 -0.930093 0.000000 
1.200000e-01 1.003097e-01 9.749937e-02 1.155648e-01 1.000000e-01 1.597509e+00 -0.994901 0.006593 0.022499 0.877403 0.078768 0.009638 0.994901 -0.006189 -0.029513 -0.930093 0.000000 
1.200000e-01 1.003097e-01 9.749937e-02 1.155648e-01 1.000000e-01 1.597509e+00 -0.994901 0.006593 0.022499 0.877403 0.078768 0.009638 0.994901 -0.006189 -0.029513 -0.930093 0.000000 
1.200000e-01 1.003097e-01 9.749937e-02 1.155648e-01 1.000000e-01 1.597509e+00 -0.994901 0.006593 0.022499 0.877403 0.078768 0.009638 0.994901 -0.006189 -0.029513 -0.930093 0.000000 
1.200000e-01 1.003097e-01 9.749937e-02 1.155648e-01 1.000000e-01 1.597509e+00 -0.994901 0.006593 0.022499 0.877403 0.078768 0.009638 0.994901 -0.006189 -0.029513 -0.930093 0.000000 
1.200000e-01 1.003097e-01 9.749937e-02 1.155648e-01 1.000000e-01 1.597509e+00 -0.994901 0.006593 0.022499 0.877403 0.078768 0.009638 0.994901 -0.006189 -0.029513 -0.930093 0.000000 
1.200000e-01 1.003097e-01 9.749937e-02 1.155648e-01 1.000000e-01 1.597509e+00 -0.994901 0.006593 0.022499 0.877403 0.078768 0.009638 0.994901 -0.006189 -0.029513 -0.930093 0.000000 
1.200000e-01 1.003097e-01 9.749937e-02 1.155648e-01 1.000000e-01 1.597509e+00 -0.994901 0.006593 0.022499 0.877403 0.078768 0.009638 0.994901 -0.006189 -0.029513 -0.930093 0.000000 
1.200000e-01 1.003097e-01 9.749937e-02 1.155648e-01 1.000000e-01 1.597509e+00 -0.994901 0.006593 0.022499 0.877403 0.078768 0.009638 0.994901 -0.006189 -0.029513 -0.930093 0.000000 
1.200000e-01 1.003097e-01 9.749937e-02 1.155648e-01 1.000000e-01 1.597509e+00 -0.994901 0.006593 0.022499 0.877403 0.078768 0.009638 0.994901 -0.006189 -0.029513 -0.930093 0.000000 
1.200000e-01 1.003097e-01 9.749937e-02 1.155648e-01 1.000000e-01 1.597509e+00 -0.994901 0.006593 0.022499 0.877403 0.078768 0.009638 0.994901 -0.006189 -0.029513 -0.930093 0.000000 
1.200000e-01 1.003097e-01 9.749937e-02 1.155648e-01 1.000000e-01 1.597509e+00 -0.994901 0.006593 0.022499 0.877403 0.078768 0.009638 0.994901 -0.006189 -0.029513 -0.930093 0.000000 
1.200000e-01 1.003097e-01 9.749937e-02 1.155648e-01 1.000000e-01 1.597509e+00 -0.994901 0.006593 0.022499 0.877403 0.078768 0.009638 0.994901 -0.006189 -0.029513 -0.930093 0.000000 
1.200000e-01 1.003097e-01 9.749937e-02 1.155648e-01 1.000000e-01 1.597509e+00 -0.994901 0.006593 0.022499 0.877403 0.078768 0.009638 0.994901 -0.006189 -0.029513 -0.930093 0.000000 
1.200000e-01 1.003097e-01 9.749937e-02 1.155648e-01 1.000000e-01 1.597509e+00 -0.994901 0.006593 0.022499 0.877403 0.078768 0.009638 0.994901 -0.006189 -0.029513 -0.930093 0.000000 
1.200000e-01 1.003097e-01 9.749937e-02 1.155648e-01 1.000000e-01 1.597509e+00 -0.994901 0.006593 0.022499 0.877403 0.078768 0.009638 0.994901 -0.006189 -0.029513 -0.930093 0.000000 
1.200000e-01 1.003097e-01 9.749937e-02 1.155648e-01 1.000000e-01 1.597509e+00 -0.994901 0.006593 0.022499 0.877403 0.078768 0.009638 0.994901 -0.006189 -0.029513 -0.930093 0.000000 
1.200000e-01 1.003097e-01 9.749937e-02 1.155648e-01 1.000000e-01 1.597509e+00 -0.994901 0.006593 0.022499 0.877403 0.078768 0.009638 0.994901 -0.006189 -0.029513 -0.930093 0.000000 
1.200000e-01 1.003097e-01 9.749937e-02 1.155648e-01 1.000000e-01 1.597509e+00 -0.994901 0.006593 0.022499 0.877403 0.078768 0.009638 0.994901 -0.006189 -0.029513 -0.930093 0.000000 
1.200000e-01 1.003097e-01 9.749937e-02 1.155648e-01 1.000000e-01 1.597509e+00 -0.994901 0.006593 0.022499 0.877403 0.078768 0.009638 0.994901 -0.006189 -0.029513 -0.930093 0.000000 
1.200000e-01 1.003097e-01 9.749937e-02 1.155648e-01 1.000000e-01 1.597509e+00 -0.994901 0.006593 0.022499 0.877403 0.078768 0.009638 0.994901 -0.006189 -0.029513 -0.930093 0.000000 
1.200000e-01 1.003097e-01 9.749937e-02 1.155648e-01 1.000000e-01 1.597509e+00 -0.994901 0.006593 0.022499 0.877403 0.078768 0.009638 0.994901 -0.006189 -0.029513 -0.930093 0.000000 
1.200000e-01 1.003097e-01 9.749937e-02 1.155648e-01 1.000000e-01 1.597509e+00 -0.994901 0.006593 0.022499 0.877403 0.078768 0.009638 0.994901 -0.006189 -0.029513 -0.930093 0.000000 
1.200000e-01 1.003097e-01 9.749937e-02 1.155648e-01 1.000000e-01 1.597509e+00 -0.994901 0.006593 0.022499 0.877403 0.078768 0.009638 0.994901 -0.006189 -0.029513 -0.930093 0.000000 
1.200000e-01 1.003097e-01 9.749937e-02 1.155648e-01 1.000000e-01 1.597509e+00 -0.994901 0.006593 0.022499 0.877403 0.078768 0.009638 0.994901 -0.006189 -0.029513 -0.930093 0.000000 
1.200000e-01 1.003097e-01 9.749937e-02 1.155648e-01 1.000000e-01 1.597509e+00 -0.994901 0.006593 0.022499 0.877403 0.078768 0.009638 0.994901 -0.006189 -0.029513 -0.930093 0.000000 
1.200000e-01 1.003097e-01 9.749937e-02 1.155648e-01 1.000000e-01 1.597509e+00 -0.994901 0.006593 0.022499 0.877403 0.078768 0.009638 0.994901 -0.006189 -0.029513 -0.930093 0.000000 
1.200000e-01 1.003097e-01 9.749937e-02 1.155648e-01 1.000000e-01 1.597509e+00 -0.994901 0.006593 0.022499 0.877403 0.078768 0.009638 0.994901 -0.006189 -0.029513 -0.930093 0.000000 
1.200000e-01 1.003097e-01 9.749937e-02 1.155648e-01 1.000000e-01 1.597509e+00 -0.994901 0.006593 0.022499 0.877403 0.078768 0.009638 0.994901 -0.006189 -0.029513 -0.930093 0.000000 
1.200000e-01 1.003097e-01 9.749937e-02 1.155648e-01 1.000000e-01 1.597509e+00 -0.994901 0.006593 0.022499 0.877403 0.078768 0.009638 0.994901 -0.006189 -0.029513 -0.930093 0.000000 
1.200000e-01 1.003097e-01 9.749937e-02 1.155648e-01 1.000000e-01 1.597509e+00 -0.994901 0.006593 0.022499 0.877403 0.078768 0.009638 0.994901 -0.006189 -0.029513 -0.930093 0.000000 
1.200000e-01 1.003097e-01 9.749937e-02 1.155648e-01 1.000000e-01 1.597509e+00 -0.994901 0.006593 0.022499 0.877403 0.078768 0.009638 0.994901 -0.006189 -0.029513 -0.930093 0.000000 
1.200000e-01 1.003097e-01 9.749937e-02 1.155648e-01 1.000000e-01 1.597509e+00 -0.994901 0.006593 0.022499 0.877403 0.078768 0.009638 0.994901 -0.006189 -0.029513 -0.930093 0.000000 
1.200000e-01 1.003097e-01 9.749937e-02 1.155648e-01 1.000000e-01 1.597509e+00 -0.994901 0.006593 0.022499 0.877403 0.078768 0.009638 0.994901 -0.006189 -0.029513 -0.930093 0.000000 
1.200000e-01 1.003097e-01 9.749937e-02 1.155648e-01 1.000000e-01 1.597509e+00 -0.994901 0.006593 0.022499 0.877403 0.078768 0.009638 0.994901 -0.006189 -0.029513 -0.930093 0.000000 
1.200000e-01 1.003097e-01 9.749937e-02 1.155648e-01 1.000000e-01 1.597509e+00 -0.994901 0.006593 0.022499 0.877403 0.078768 0.009638 0.994901 -0.006189 -0.029513 -0.930093 0.000000 
1.200000e-01 1.003097e-01 9.749937e-02 1.155648e-01 1.000000e-01 1.597509e+00 -0.994901 0.006593 0.022499 0.877403 0.078768 0.009638 0.994901 -0.006189 -0.029513 -0.930093 0.000000 
1.200000e-01 1.003097e-01 9.749937e-02 1.155648e-01 1.000000e-01 1.597509e+00 -0.994901 0.006593 0.022499 0.877403 0.078768 0.009638 0.994901 -0.006189 -0.029513 -0.930093 0.000000 
1.200000e-01 1.003097e-01 9.749937e-02 1.155648e-01 1.000000e-01 1.597509e+00 -0.994901 0.006593 0.022499 0.877403 0.078768 0.009638 0.994901 -0.006189 -0.029513 -0.930093 0.000000 
1.200000e-01 1.003097e-01 9.749937e-02 1.155648e-01 1.000000e-01 1.597509e+00 -0.994901 0.006593 0.022499 0.877403 0.078768 0.009638 0.994901 -0.006189 -0.029513 -0.930093 0.000000 
1.200000e-01 1.003097e-01 9.749937e-02 1.155648e-01 1.000000e-01 1.597509e+00 -0.994901 0.006593 0.022499 0.877403 0.078768 0.009638 0.994901 -0.006189 -0.029513 -0.930093 0.000000 
1.200000e-01 1.003097e-01 9.749937e-02 1.155648e-01 1.000000e-01 1.597509e+00 -0.994901 0.006593 0.022499 0.877403 0.078768 0.009638 0.994901 -0.006189 -0.029513 -0.930093 0.000000 
1.200000e-01 1.003097e-01 9.749937e-02 1.155648e-01 1.000000e-01 1.597509e+00 -0.994901 0.006593 0.022499 0.877403 0.078768 0.009638 0.994901 -0.006189 -0.029513 -0.930093 0.000000 
1.200000e-01 1.003097e-01 9.749937e-02 1.155648e-01 1.000000e-01 1.597509e+00 -0.994901 0.006593 0.022499 0.877403 0.078768 0.009638 0.994901 -0.006189 -0.029513 -0.930093 0.000000 
1.200000e-01 1.003097e-01 9.749937e-02 1.155648e-01 1.000000e-01 1.597509e+00 -0.994901 0.006593 0.022499 0.877403 0.078768 0.009638 0.994901 -0.006189 -0.029513 -0.930093 0.000000 
1.200000e-01 1.003097e-01 9.749937e-02 1.155648e-01 1.000000e-01 1.597509e+00 -0.994901 0.006593 0.022499 0.877403 0.078768 0.009638 0.994901 -0.006189 -0.029513 -0.930093 0.000000 
1.200000e-01 1.003097e-01 9.749937e-02 1.155648e-01 1.000000e-01 1.597509e+00 -0.994901 0.006593 0.022499 0.877403 0.078768 0.009638 0.994901 -0.006189 -0.029513 -0.930093 0.000000 
1.200000e-01 1.003097e-01 9.749937e-02 1.155648e-01 1.000000e-01 1.597509e+00 -0.994901 0.006593 0.022499 0.877403 0.078768 0.009638 0.994901 -0.006189 -0.029513 -0.930093 0.000000 
1.200000e-01 1.003097e-01 9.749937e-02 1.155648e-01 1.000000e-01 1.597509e+00 -0.994901 0.006593 0.022499 0.877403 0.078768 0.009638 0.994901 -0.006189 -0.029513 -0.930093 0.000000 
1.200000e-01 1.003097e-01 9.749937e-02 1.155648e-01 1.000000e-01 1.597509e+00 -0.994901 0.006593 0.022499 0.877403 0.078768 0.009638 0.994901 -0.006189 -0.029513 -0.930093 0.000000 
1.200000e-01 1.003097e-01 9.749937e-02 1.155648e-01 1.000000e-01 1.597509e+00 -0.994901 0.006593 0.022499 0.877403 0.078768 0.009638 0.994901 -0.006189 -0.029513 -0.930093 0.000000 
1.200000e-01 1.003097e-01 9.749937e-02 1.155648e-01 1.000000e-01 1.597509e+00 -0.994901 0.006593 0.022499 0.877403 0.078768 0.009638 0.994901 -0.006189 -0.029513 -0.930093 0.000000 
1.200000e-01 1.003097e-01 9.749937e-02 1.155648e-01 1.000000e-01 1.597509e+00 -0.994901 0.006593 0.022499 0.877403 0.078768 0.009638 0.994901 -0.006189 -0.029513 -0.930093 0.000000 
1.200000e-01 1.003097e-01 9.749937e-02 1.155648e-01 1.000000e-01 1.597509e+00 -0.994901 0.006593 0.022499 0.877403 0.078768 0.009638 0.994901 -0.006189 -0.029513 -0.930093 0.000000 
1.200000e-01 1.003097e-01 9.749937e-02 1.155648e-01 1.000000e-01 1.597509e+00 -0.994901 0.006593 0.022499 0.877403 0.078768 0.009638 0.994901 -0.006189 -0.029513 -0.930093 0.000000 
1.200000e-01 1.003097e-01 9.749937e-02 1.155648e-01 1.000000e-01 1.597509e+00 -0.994901 0.006593 0.022499 0.877403 0.078768 0.009638 0.994901 -0.006189 -0.029513 -0.930093 0.000000 
1.200000e-01 1.003097e-01 9.749937e-02 1.155648e-01 1.000000e-01 1.597509e+00 -0.994901 0.006593 0.022499 0.877403 0.078768 0.009638 0.994901 -0.006189 -0.029513 -0.930093 0.000000 
1.200000e-01 1.003097e-01 9.749937e-02 1.155648e-01 1.000000e-01 1.597509e+00 -0.994901 0.006593 0.022499 0.877403 0.078768 0.009638 0.994901 -0.006189 -0.029513 -0.930093 0.000000 
1.200000e-01 1.003097e-01 9.749937e-02 1.155648e-01 1.000000e-01 1.597509e+00 -0.994901 0.006593 0.022499 0.877403 0.078768 0.009638 0.994901 -0.006189 -0.029513 -0.930093 0.000000 
1.200000e-01 1.003097e-01 9.749937e-02 1.155648e-01 1.000000e-01 1.597509e+00 -0.994901 0.006593 0.022499 0.877403 0.078768 0.009638 0.994901 -0.006189 -0.029513 -0.930093 0.000000 
1.200000e-01 1.003097e-01 9.749937e-02 1.155648e-01 1.000000e-01 1.597509e+00 -0.994901 0.006593 0.022499 0.877403 0.078768 0.009638 0.994901 -0.006189 -0.029513 -0.930093 0.000000 
1.200000e-01 1.003097e-01 9.749937e-02 1.155648e-01 1.000000e-01 1.597509e+00 -0.994901 0.006593 0.022499 0.877403 0.078768 0.009638 0.994901 -0.006189 -0.029513 -0.930093 0.000000 
1.200000e-01 1.003097e-01 9.749937e-02 1.155648e-01 1.000000e-01 1.597509e+00 -0.994901 0.006593 0.022499 0.877403 0.078768 0.009638 0.994901 -0.006189 -0.029513 -0.930093 0.000000 
1.200000e-01 1.003097e-01 9.749937e-02 1.155648e-01 1.000000e-01 1.597509e+00 -0.994901 0.006593 0.022499 0.877403 0.078768 0.009638 0.994901 -0.006189 -0.029513 -0.930093 0.000000 
1.200000e-01 1.003097e-01 9.749937e-02 1.155648e-01 1.000000e-01 1.597509e+00 -0.994901 0.006593 0.022499 0.877403 0.078768 0.009638 0.994901 -0.006189 -0.029513 -0.930093 0.000000 
1.200000e-01 1.003097e-01 9.749937e-02 1.155648e-01 1.000000e-01 1.597509e+00 -0.994901 0.006593 0.022499 0.877403 0.078768 0.009638 0.994901 -0.006189 -0.029513 -0.930093 0.000000 
1.200000e-01 1.003097e-01 9.749937e-02 1.155648e-01 1.000000e-01 1.597509e+00 -0.994901 0.006593 0.022499 0.877403 0.078768 0.009638 0.994901 -0.006189 -0.029513 -0.930093 0.000000 
1.200000e-01 1.003097e-01 9.749937e-02 1.155648e-01 1.000000e-01 1.597509e+00 -0.994901 0.006593 0.022499 0.877403 0.078768 0.009638 0.994901 -0.006189 -0.029513 -0.930093 0.000000 
1.200000e-01 1.003097e-01 9.749937e-02 1.155648e-01 1.000000e-01 1.597509e+00 -0.994901 0.006593 0.022499 0.877403 0.078768 0.009638 0.994901 -0.006189 -0.029513 -0.930093 0.000000 
1.200000e-01 1.003097e-01 9.749937e-02 1.155648e-01 1.000000e-01 1.597509e+00 -0.994901 0.006593 0.022499 0.877403 0.078768 0.009638 0.994901 -0.006189 -0.029513 -0.930093 0.000000 
1.200000e-01 1.003097e-01 9.749937e-02 1.155648e-01 1.000000e-01 1.597509e+00 -0.994901 0.006593 0.022499 0.877403 0.078768 0.009638 0.994901 -0.006189 -0.029513 -0.930093 0.000000 
1.200000e-01 1.003097e-01 9.749937e-02 1.155648e-01 1.000000e-01 1.597509e+00 -0.994901 0.006593 0.022499 0.877403 0.078768 0.009638 0.994901 -0.006189 -0.029513 -0.930093 0.000000 
1.200000e-01 1.003097e-01 9.749937e-02 1.155648e-01 1.000000e-01 1.597509e+00 -0.994901 0.006593 0.022499 0.877403 0.078768 0.009638 0.994901 -0.006189 -0.029513 -0.930093 0.000000 
1.200000e-01 1.003097e-01 9.749937e-02 1.155648e-01 1.000000e-01 1.597509e+00 -0.994901 0.006593 0.022499 0.877403 0.078768 0.009638 0.994901 -0.006189 -0.029513 -0.930093 0.000000 
1.200000e-01 1.003097e-01 9.749937e-02 1.155648e-01 1.000000e-01 1.597509e+00 -0.994901 0.006593 0.022499 0.877403 0.078768 0.009638 0.994901 -0.006189 -0.029513 -0.930093 0.000000 
1.200000e-01 1.003097e-01 9.749937e-02 1.155648e-01 1.000000e-01 1.597509e+00 -0.994901 0.006593 0.022499 0.877403 0.078768 0.009638 0.994901 -0.006189 -0.029513 -0.930093 0.000000 
1.200000e-01 1.003097e-01 9.749937e-02 1.155648e-01 1.000000e-01 1.597509e+00 -0.994901 0.006593 0.022499 0.877403 0.078768 0.009638 0.994901 -0.006189 -0.029513 -0.930093 0.000000 
1.200000e-01 1.003097e-01 9.749937e-02 1.155648e-01 1.000000e-01 1.597509e+00 -0.994901 0.006593 0.022499 0.877403 0.078768 0.009638 0.994901 -0.006189 -0.029513 -0.930093 0.000000 
1.200000e-01 1.003097e-01 9.749937e-02 1.155648e-01 1.000000e-01 1.597509e+00 -0.994901 0.006593 0.022499 0.877403 0.078768 0.009638 0.994901 -0.006189 -0.029513 -0.930093 0.000000 
1.200000e-01 1.003097e-01 9.749937e-02 1.155648e-01 1.000000e-01 1.597509e+00 -0.994901 0.006593 0.022499 0.877403 0.078768 0.009638 0.994901 -0.006189 -0.029513 -0.930093 0.000000 
1.200000e-01 1.003097e-01 9.749937e-02 1.155648e-01 1.000000e-01 1.597509e+00 -0.994901 0.006593 0.022499 0.877403 0.078768 0.009638 0.994901 -0.006189 -0.029513 -0.930093 0.000000 
1.200000e-01 1.003097e-01 9.749937e-02 1.155648e-01 1.000000e-01 1.597509e+00 -0.994901 0.006593 0.022499 0.877403 0.078768 0.009638 0.994901 -0.006189 -0.029513 -0.930093 0.000000 
1.200000e-01 1.003097e-01 9.749937e-02 1.155648e-01 1.000000e-01 1.597509e+00 -0.994901 0.006593 0.022499 0.877403 0.078768 0.009638 0.994901 -0.006189 -0.029513 -0.930093 0.000000 
1.200000e-01 1.003097e-01 9.749937e-02 1.155648e-01 1.000000e-01 1.597509e+00 -0.994901 0.006593 0.022499 0.877403 0.078768 0.009638 0.994901 -0.006189 -0.029513 -0.930093 0.000000 
1.200000e-01 1.003097e-01 9.749937e-02 1.155648e-01 1.000000e-01 1.597509e+00 -0.994901 0.006593 0.022499 0.877403 0.078768 0.009638 0.994901 -0.006189 -0.029513 -0.930093 0.000000 
1.200000e-01 1.003097e-01 9.749937e-02 1.155648e-01 1.000000e-01 1.597509e+00 -0.994901 0.006593 0.022499 0.877403 0.078768 0.009638 0.994901 -0.006189 -0.029513 -0.930093 0.000000 
1.200000e-01 1.003097e-01 9.749937e-02 1.155648e-01 1.000000e-01 1.597509e+00 -0.994901 0.006593 0.022499 0.877403 0.078768 0.009638 0.994901 -0.006189 -0.029513 -0.930093 0.000000 
1.200000e-01 1.003097e-01 9.749937e-02 1.155648e-01 1.000000e-01 1.597509e+00 -0.994901 0.006593 0.022499 0.877403 0.078768 0.009638 0.994901 -0.006189 -0.029513 -0.930093 0.000000 
1.200000e-01 1.003097e-01 9.749937e-02 1.155648e-01 1.000000e-01 1.597509e+00 -0.994901 0.006593 0.022499 0.877403 0.078768 0.009638 0.994901 -0.006189 -0.029513 -0.930093 0.000000 
1.200000e-01 1.003097e-01 9.749937e-02 1.155648e-01 1.000000e-01 1.597509e+00 -0.994901 0.006593 0.022499 0.877403 0.078768 0.009638 0.994901 -0.006189 -0.029513 -0.930093 0.000000 
1.200000e-01 1.003097e-01 9.749937e-02 1.155648e-01 1.000000e-01 1.597509e+00 -0.994901 0.006593 0.022499 0.877403 0.078768 0.009638 0.994901 -0.006189 -0.029513 -0.930093 0.000000 
1.200000e-01 1.003097e-01 9.749937e-02 1.155648e-01 1.000000e-01 1.597509e+00 -0.994901 0.006593 0.022499 0.877403 0.078768 0.009638 0.994901 -0.006189 -0.029513 -0.930093 0.000000 
1.200000e-01 1.003097e-01 9.749937e-02 1.155648e-01 1.000000e-01 1.597509e+00 -0.994901 0.006593 0.022499 0.877403 0.078768 0.009638 0.994901 -0.006189 -0.029513 -0.930093 0.000000 
1.200000e-01 1.003097e-01 9.749937e-02 1.155648e-01 1.000000e-01 1.597509e+00 -0.994901 0.006593 0.022499 0.877403 0.078768 0.009638 0.994901 -0.006189 -0.029513 -0.930093 0.000000 
1.200000e-01 1.003097e-01 9.749937e-02 1.155648e-01 1.000000e-01 1.597509e+00 -0.994901 0.006593 0.022499 0.877403 0.078768 0.009638 0.994901 -0.006189 -0.029513 -0.930093 0.000000 
1.200000e-01 1.003097e-01 9.749937e-02 1.155648e-01 1.000000e-01 1.597509e+00 -0.994901 0.006593 0.022499 0.877403 0.078768 0.009638 0.994901 -0.006189 -0.029513 -0.930093 0.000000 
1.200000e-01 1.003097e-01 9.749937e-02 1.155648e-01 1.000000e-01 1.597509e+00 -0.994901 0.006593 0.022499 0.877403 0.078768 0.009638 0.994901 -0.006189 -0.029513 -0.930093 0.000000 
1.200000e-01 1.003097e-01 9.749937e-02 1.155648e-01 1.000000e-01 1.597509e+00 -0.994901 0.006593 0.022499 0.877403 0.078768 0.009638 0.994901 -0.006189 -0.029513 -0.930093 0.000000 
1.200000e-01 1.003097e-01 9.749937e-02 1.155648e-01 1.000000e-01 1.597509e+00 -0.994901 0.006593 0.022499 0.877403 0.078768 0.009638 0.994901 -0.006189 -0.029513 -0.930093 0.000000 
1.200000e-01 1.003097e-01 9.749937e-02 1.155648e-01 1.000000e-01 1.597509e+00 -0.994901 0.006593 0.022499 0.877403 0.078768 0.009638 0.994901 -0.006189 -0.029513 -0.930093 0.000000 
1.200000e-01 1.003097e-01 9.749937e-02 1.155648e-01 1.000000e-01 1.597509e+00 -0.994901 0.006593 0.022499 0.877403 0.078768 0.009638 0.994901 -0.006189 -0.029513 -0.930093 0.000000 
1.200000e-01 1.003097e-01 9.749937e-02 1.155648e-01 1.000000e-01 1.597509e+00 -0.994901 0.006593 0.022499 0.877403 0.078768 0.009638 0.994901 -0.006189 -0.029513 -0.930093 0.000000 
1.200000e-01 1.003097e-01 9.749937e-02 1.155648e-01 1.000000e-01 1.597509e+00 -0.994901 0.006593 0.022499 0.877403 0.078768 0.009638 0.994901 -0.006189 -0.029513 -0.930093 0.000000 
1.200000e-01 1.003097e-01 9.749937e-02 1.155648e-01 1.000000e-01 1.597509e+00 -0.994901 0.006593 0.022499 0.877403 0.078768 0.009638 0.994901 -0.006189 -0.029513 -0.930093 0.000000 
1.200000e-01 1.003097e-01 9.749937e-02 1.155648e-01 1.000000e-01 1.597509e+00 -0.994901 0.006593 0.022499 0.877403 0.078768 0.009638 0.994901 -0.006189 -0.029513 -0.930093 0.000000 
1.200000e-01 1.003097e-01 9.749937e-02 1.155648e-01 1.000000e-01 1.597509e+00 -0.994901 0.006593 0.022499 0.877403 0.078768 0.009638 0.994901 -0.006189 -0.029513 -0.930093 0.000000 
1.200000e-01 1.003097e-01 9.749937e-02 1.155648e-01 1.000000e-01 1.597509e+00 -0.994901 0.006593 0.022499 0.877403 0.078768 0.009638 0.994901 -0.006189 -0.029513 -0.930093 0.000000 
1.200000e-01 1.003097e-01 9.749937e-02 1.155648e-01 1.000000e-01 1.597509e+00 -0.994901 0.006593 0.022499 0.877403 0.078768 0.009638 0.994901 -0.006189 -0.029513 -0.930093 0.000000 
1.200000e-01 1.003097e-01 9.749937e-02 1.155648e-01 1.000000e-01 1.597509e+00 -0.994901 0.006593 0.022499 0.877403 0.078768 0.009638 0.994901 -0.006189 -0.029513 -0.930093 0.000000 
1.200000e-01 1.003097e-01 9.749937e-02 1.155648e-01 1.000000e-01 1.597509e+00 -0.994901 0.006593 0.022499 0.877403 0.078768 0.009638 0.994901 -0.006189 -0.029513 -0.930093 0.000000 
1.200000e-01 1.003097e-01 9.749937e-02 1.155648e-01 1.000000e-01 1.597509e+00 -0.994901 0.006593 0.022499 0.877403 0.078768 0.009638 0.994901 -0.006189 -0.029513 -0.930093 0.000000 
1.200000e-01 1.003097e-01 9.749937e-02 1.155648e-01 1.000000e-01 1.597509e+00 -0.994901 0.006593 0.022499 0.877403 0.078768 0.009638 0.994901 -0.006189 -0.029513 -0.930093 0.000000 
1.200000e-01 1.003097e-01 9.749937e-02 1.155648e-01 1.000000e-01 1.597509e+00 -0.994901 0.006593 0.022499 0.877403 0.078768 0.009638 0.994901 -0.006189 -0.029513 -0.930093 0.000000 
1.200000e-01 1.003097e-01 9.749937e-02 1.155648e-01 1.000000e-01 1.597509e+00 -0.994901 0.006593 0.022499 0.877403 0.078768 0.009638 0.994901 -0.006189 -0.029513 -0.930093 0.000000 
1.200000e-01 1.003097e-01 9.749937e-02 1.155648e-01 1.000000e-01 1.597509e+00 -0.994901 0.006593 0.022499 0.877403 0.078768 0.009638 0.994901 -0.006189 -0.029513 -0.930093 0.000000 
1.200000e-01 1.003097e-01 9.749937e-02 1.155648e-01 1.000000e-01 1.597509e+00 -0.994901 0.006593 0.022499 0.877403 0.078768 0.009638 0.994901 -0.006189 -0.029513 -0.930093 0.000000 
1.200000e-01 1.003097e-01 9.749937e-02 1.155648e-01 1.000000e-01 1.597509e+00 -0.994901 0.006593 0.022499 0.877403 0.078768 0.009638 0.994901 -0.006189 -0.029513 -0.930093 0.000000 
1.200000e-01 1.003097e-01 9.749937e-02 1.155648e-01 1.000000e-01 1.597509e+00 -0.994901 0.006593 0.022499 0.877403 0.078768 0.009638 0.994901 -0.006189 -0.029513 -0.930093 0.000000 
1.200000e-01 1.003097e-01 9.749937e-02 1.155648e-01 1.000000e-01 1.597509e+00 -0.994901 0.006593 0.022499 0.877403 0.078768 0.009638 0.994901 -0.006189 -0.029513 -0.930093 0.000000 
1.200000e-01 1.003097e-01 9.749937e-02 1.155648e-01 1.000000e-01 1.597509e+00 -0.994901 0.006593 0.022499 0.877403 0.078768 0.009638 0.994901 -0.006189 -0.029513 -0.930093 0.000000 
1.200000e-01 1.003097e-01 9.749937e-02 1.155648e-01 1.000000e-01 1.597509e+00 -0.994901 0.006593 0.022499 0.877403 0.078768 0.009638 0.994901 -0.006189 -0.029513 -0.930093 0.000000 
1.200000e-01 1.003097e-01 9.749937e-02 1.155648e-01 1.000000e-01 1.597509e+00 -0.994901 0.006593 0.022499 0.877403 0.078768 0.009638 0.994901 -0.006189 -0.029513 -0.930093 0.000000 
1.200000e-01 1.003097e-01 9.749937e-02 1.155648e-01 1.000000e-01 1.597509e+00 -0.994901 0.006593 0.022499 0.877403 0.078768 0.009638 0.994901 -0.006189 -0.029513 -0.930093 0.000000 
1.200000e-01 1.003097e-01 9.749937e-02 1.155648e-01 1.000000e-01 1.597509e+00 -0.994901 0.006593 0.022499 0.877403 0.078768 0.009638 0.994901 -0.006189 -0.029513 -0.930093 0.000000 
1.200000e-01 1.003097e-01 9.749937e-02 1.155648e-01 1.000000e-01 1.597509e+00 -0.994901 0.006593 0.022499 0.877403 0.078768 0.009638 0.994901 -0.006189 -0.029513 -0.930093 0.000000 
1.200000e-01 1.003097e-01 9.749937e-02 1.155648e-01 1.000000e-01 1.597509e+00 -0.994901 0.006593 0.022499 0.877403 0.078768 0.009638 0.994901 -0.006189 -0.029513 -0.930093 0.000000 
1.200000e-01 1.003097e-01 9.749937e-02 1.155648e-01 1.000000e-01 1.597509e+00 -0.994901 0.006593 0.022499 0.877403 0.078768 0.009638 0.994901 -0.006189 -0.029513 -0.930093 0.000000 
1.200000e-01 1.003097e-01 9.749937e-02 1.155648e-01 1.000000e-01 1.597509e+00 -0.994901 0.006593 0.022499 0.877403 0.078768 0.009638 0.994901 -0.006189 -0.029513 -0.930093 0.000000 
1.200000e-01 1.003097e-01 9.749937e-02 1.155648e-01 1.000000e-01 1.597509e+00 -0.994901 0.006593 0.022499 0.877403 0.078768 0.009638 0.994901 -0.006189 -0.029513 -0.930093 0.000000 
1.200000e-01 1.003097e-01 9.749937e-02 1.155648e-01 1.000000e-01 1.597509e+00 -0.994901 0.006593 0.022499 0.877403 0.078768 0.009638 0.994901 -0.006189 -0.029513 -0.930093 0.000000 
1.200000e-01 1.003097e-01 9.749937e-02 1.155648e-01 1.000000e-01 1.597509e+00 -0.994901 0.006593 0.022499 0.877403 0.078768 0.009638 0.994901 -0.006189 -0.029513 -0.930093 0.000000 
1.200000e-01 1.003097e-01 9.749937e-02 1.155648e-01 1.000000e-01 1.597509e+00 -0.994901 0.006593 0.022499 0.877403 0.078768 0.009638 0.994901 -0.006189 -0.029513 -0.930093 0.000000 
1.200000e-01 1.003097e-01 9.749937e-02 1.155648e-01 1.000000e-01 1.597509e+00 -0.994901 0.006593 0.022499 0.877403 0.078768 0.009638 0.994901 -0.006189 -0.029513 -0.930093 0.000000 
1.200000e-01 1.003097e-01 9.749937e-02 1.155648e-01 1.000000e-01 1.597509e+00 -0.994901 0.006593 0.022499 0.877403 0.078768 0.009638 0.994901 -0.006189 -0.029513 -0.930093 0.000000 
1.200000e-01 1.003097e-01 9.749937e-02 1.155648e-01 1.000000e-01 1.597509e+00 -0.994901 0.006593 0.022499 0.877403 0.078768 0.009638 0.994901 -0.006189 -0.029513 -0.930093 0.000000 
1.200000e-01 1.003097e-01 9.749937e-02 1.155648e-01 1.000000e-01 1.597509e+00 -0.994901 0.006593 0.022499 0.877403 0.078768 0.009638 0.994901 -0.006189 -0.029513 -0.930093 0.000000 
1.200000e-01 1.003097e-01 9.749937e-02 1.155648e-01 1.000000e-01 1.597509e+00 -0.994901 0.006593 0.022499 0.877403 0.078768 0.009638 0.994901 -0.006189 -0.029513 -0.930093 0.000000 
1.200000e-01 1.003097e-01 9.749937e-02 1.155648e-01 1.000000e-01 1.597509e+00 -0.994901 0.006593 0.022499 0.877403 0.078768 0.009638 0.994901 -0.006189 -0.029513 -0.930093 0.000000 
1.200000e-01 1.003097e-01 9.749937e-02 1.155648e-01 1.000000e-01 1.597509e+00 -0.994901 0.006593 0.022499 0.877403 0.078768 0.009638 0.994901 -0.006189 -0.029513 -0.930093 0.000000 
1.200000e-01 1.003097e-01 9.749937e-02 1.155648e-01 1.000000e-01 1.597509e+00 -0.994901 0.006593 0.022499 0.877403 0.078768 0.009638 0.994901 -0.006189 -0.029513 -0.930093 0.000000 
1.200000e-01 1.003097e-01 9.749937e-02 1.155648e-01 1.000000e-01 1.597509e+00 -0.994901 0.006593 0.022499 0.877403 0.078768 0.009638 0.994901 -0.006189 -0.029513 -0.930093 0.000000 
1.200000e-01 1.003097e-01 9.749937e-02 1.155648e-01 1.000000e-01 1.597509e+00 -0.994901 0.006593 0.022499 0.877403 0.078768 0.009638 0.994901 -0.006189 -0.029513 -0.930093 0.000000 
1.200000e-01 1.003097e-01 9.749937e-02 1.155648e-01 1.000000e-01 1.597509e+00 -0.994901 0.006593 0.022499 0.877403 0.078768 0.009638 0.994901 -0.006189 -0.029513 -0.930093 0.000000 
1.200000e-01 1.003097e-01 9.749937e-02 1.155648e-01 1.000000e-01 1.597509e+00 -0.994901 0.006593 0.022499 0.877403 0.078768 0.009638 0.994901 -0.006189 -0.029513 -0.930093 0.000000 
1.200000e-01 1.003097e-01 9.749937e-02 1.155648e-01 1.000000e-01 1.597509e+00 -0.994901 0.006593 0.022499 0.877403 0.078768 0.009638 0.994901 -0.006189 -0.029513 -0.930093 0.000000 
1.200000e-01 1.003097e-01 9.749937e-02 1.155648e-01 1.000000e-01 1.597509e+00 -0.994901 0.006593 0.022499 0.877403 0.078768 0.009638 0.994901 -0.006189 -0.029513 -0.930093 0.000000 
1.200000e-01 1.003097e-01 9.749937e-02 1.155648e-01 1.000000e-01 1.597509e+00 -0.994901 0.006593 0.022499 0.877403 0.078768 0.009638 0.994901 -0.006189 -0.029513 -0.930093 0.000000 
1.200000e-01 1.003097e-01 9.749937e-02 1.155648e-01 1.000000e-01 1.597509e+00 -0.994901 0.006593 0.022499 0.877403 0.078768 0.009638 0.994901 -0.006189 -0.029513 -0.930093 0.000000 
1.200000e-01 1.003097e-01 9.749937e-02 1.155648e-01 1.000000e-01 1.597509e+00 -0.994901 0.006593 0.022499 0.877403 0.078768 0.009638 0.994901 -0.006189 -0.029513 -0.930093 0.000000 
1.200000e-01 1.003097e-01 9.749937e-02 1.155648e-01 1.000000e-01 1.597509e+00 -0.994901 0.006593 0.022499 0.877403 0.078768 0.009638 0.994901 -0.006189 -0.029513 -0.930093 0.000000 
1.200000e-01 1.003097e-01 9.749937e-02 1.155648e-01 1.000000e-01 1.597509e+00 -0.994901 0.006593 0.022499 0.877403 0.078768 0.009638 0.994901 -0.006189 -0.029513 -0.930093 0.000000 
1.200000e-01 1.003097e-01 9.749937e-02 1.155648e-01 1.000000e-01 1.597509e+00 -0.994901 0.006593 0.022499 0.877403 0.078768 0.009638 0.994901 -0.006189 -0.029513 -0.930093 0.000000 
1.200000e-01 1.003097e-01 9.749937e-02 1.155648e-01 1.000000e-01 1.597509e+00 -0.994901 0.006593 0.022499 0.877403 0.078768 0.009638 0.994901 -0.006189 -0.029513 -0.930093 0.000000 
1.200000e-01 1.003097e-01 9.749937e-02 1.155648e-01 1.000000e-01 1.597509e+00 -0.994901 0.006593 0.022499 0.877403 0.078768 0.009638 0.994901 -0.006189 -0.029513 -0.930093 0.000000 
1.200000e-01 1.003097e-01 9.749937e-02 1.155648e-01 1.000000e-01 1.597509e+00 -0.994901 0.006593 0.022499 0.877403 0.078768 0.009638 0.994901 -0.006189 -0.029513 -0.930093 0.000000 
1.200000e-01 1.003097e-01 9.749937e-02 1.155648e-01 1.000000e-01 1.597509e+00 -0.994901 0.006593 0.022499 0.877403 0.078768 0.009638 0.994901 -0.006189 -0.029513 -0.930093 0.000000 
1.200000e-01 1.003097e-01 9.749937e-02 1.155648e-01 1.000000e-01 1.597509e+00 -0.994901 0.006593 0.022499 0.877403 0.078768 0.009638 0.994901 -0.006189 -0.029513 -0.930093 0.000000 
1.200000e-01 1.003097e-01 9.749937e-02 1.155648e-01 1.000000e-01 1.597509e+00 -0.994901 0.006593 0.022499 0.877403 0.078768 0.009638 0.994901 -0.006189 -0.029513 -0.930093 0.000000 
1.200000e-01 1.003097e-01 9.749937e-02 1.155648e-01 1.000000e-01 1.597509e+00 -0.994901 0.006593 0.022499 0.877403 0.078768 0.009638 0.994901 -0.006189 -0.029513 -0.930093 0.000000 
1.200000e-01 1.003097e-01 9.749937e-02 1.155648e-01 1.000000e-01 1.597509e+00 -0.994901 0.006593 0.022499 0.877403 0.078768 0.009638 0.994901 -0.006189 -0.029513 -0.930093 0.000000 
1.200000e-01 1.003097e-01 9.749937e-02 1.155648e-01 1.000000e-01 1.597509e+00 -0.994901 0.006593 0.022499 0.877403 0.078768 0.009638 0.994901 -0.006189 -0.029513 -0.930093 0.000000 
