# TeX TeY TeZ ThX ThY THZ P1 P2
1.100000e-01 1.000000e-01 1.550000e+00 1.100000e-01 1.000000e-01 1.550000e+00 0.000000 0.000000 0.000000 0.000000 0.000000 0.000000 0.000000 0.000000 0.000000 0.000000 0.000000 
1.100099e-01 1.000000e-01 1.543122e+00 1.099859e-01 1.000000e-01 1.556083e+00 -0.008583 -0.012114 -0.014023 0.045733 -0.001677 -0.009336 0.008583 -0.001102 -0.002204 -0.002206 0.000000 
1.100171e-01 1.000000e-01 1.536163e+00 1.099618e-01 1.000000e-01 1.562126e+00 -0.017199 -0.024185 -0.028945 0.093717 -0.004667 -0.018721 0.017199 -0.002207 -0.004416 -0.004420 0.000000 
1.100230e-01 1.000000e-01 1.529122e+00 1.099177e-01 1.000000e-01 1.568132e+00 -0.025859 -0.036207 -0.045775 0.146684 -0.010588 -0.028256 0.025859 -0.003319 -0.006639 -0.006645 0.000000 
1.100280e-01 1.000000e-01 1.521999e+00 1.098344e-01 1.000000e-01 1.574110e+00 -0.034585 -0.048246 -0.065698 0.208348 -0.021711 -0.038108 0.034585 -0.004439 -0.008879 -0.008887 0.000000 
1.100324e-01 1.000000e-01 1.514795e+00 1.096770e-01 1.000000e-01 1.580075e+00 -0.043423 -0.060514 -0.090174 0.284213 -0.041537 -0.048564 0.043423 -0.005573 -0.011148 -0.011159 0.000000 
1.100364e-01 1.000000e-01 1.507510e+00 1.093979e-01 1.000000e-01 1.586066e+00 -0.052505 -0.073297 -0.121727 0.385041 -0.077491 -0.060022 0.052505 -0.006739 -0.013480 -0.013492 0.000000 
1.100399e-01 1.000000e-01 1.500144e+00 1.089823e-01 1.000000e-01 1.592153e+00 -0.062043 -0.087158 -0.162213 0.520560 -0.136122 -0.073024 0.062043 -0.007963 -0.015929 -0.015943 0.000000 
1.100430e-01 1.000000e-01 1.492699e+00 1.086516e-01 1.000000e-01 1.597535e+00 -0.071533 -0.100634 -0.206152 0.673584 -0.209285 -0.085979 0.071532 -0.009181 -0.018365 -0.018382 0.000000 
1.100458e-01 1.000000e-01 1.485177e+00 1.086516e-01 1.000000e-01 1.597535e+00 -0.076503 -0.101956 -0.206146 0.677789 -0.207124 -0.086060 0.076503 -0.009819 -0.019641 -0.019659 0.000000 
1.100482e-01 1.000000e-01 1.477579e+00 1.086516e-01 1.000000e-01 1.597535e+00 -0.081523 -0.102936 -0.205923 0.681332 -0.205015 -0.085937 0.081523 -0.010463 -0.020930 -0.020949 0.000000 
1.100504e-01 1.000000e-01 1.469906e+00 1.086516e-01 1.000000e-01 1.597535e+00 -0.086592 -0.103675 -0.205553 0.684451 -0.202949 -0.085683 0.086592 -0.011114 -0.022231 -0.022252 0.000000 
1.100523e-01 1.000000e-01 1.462158e+00 1.086516e-01 1.000000e-01 1.597535e+00 -0.091711 -0.104167 -0.205034 0.687162 -0.200940 -0.085309 0.091711 -0.011771 -0.023546 -0.023567 0.000000 
1.100539e-01 1.000000e-01 1.454336e+00 1.086516e-01 1.000000e-01 1.597535e+00 -0.096879 -0.104483 -0.204410 0.689608 -0.198975 -0.084860 0.096879 -0.012434 -0.024872 -0.024895 0.000000 
1.100554e-01 1.000000e-01 1.446440e+00 1.086516e-01 1.000000e-01 1.597535e+00 -0.102096 -0.104631 -0.203682 0.691815 -0.197059 -0.084348 0.102096 -0.013103 -0.026212 -0.026236 0.000000 
1.100566e-01 1.000000e-01 1.438471e+00 1.086516e-01 1.000000e-01 1.597535e+00 -0.107362 -0.104646 -0.202870 0.693852 -0.195184 -0.083792 0.107361 -0.013779 -0.027563 -0.027589 0.000000 
1.100577e-01 1.000000e-01 1.430428e+00 1.086516e-01 1.000000e-01 1.597535e+00 -0.112675 -0.104548 -0.201982 0.695756 -0.193346 -0.083206 0.112675 -0.014461 -0.028928 -0.028954 0.000000 
1.100587e-01 1.000000e-01 1.422314e+00 1.086516e-01 1.000000e-01 1.597535e+00 -0.118036 -0.104348 -0.201022 0.697550 -0.191547 -0.082597 0.118036 -0.015149 -0.030304 -0.030332 0.000000 
1.100595e-01 1.000000e-01 1.414127e+00 1.086516e-01 1.000000e-01 1.597535e+00 -0.123445 -0.104071 -0.200004 0.699269 -0.189776 -0.081975 0.123445 -0.015843 -0.031693 -0.031722 0.000000 
1.100602e-01 1.000000e-01 1.405868e+00 1.086516e-01 1.000000e-01 1.597535e+00 -0.128901 -0.103722 -0.198928 0.700927 -0.188034 -0.081343 0.128901 -0.016544 -0.033093 -0.033124 0.000000 
1.100608e-01 1.000000e-01 1.397539e+00 1.086516e-01 1.000000e-01 1.597535e+00 -0.134404 -0.103313 -0.197802 0.702540 -0.186317 -0.080706 0.134404 -0.017250 -0.034506 -0.034538 0.000000 
1.100613e-01 1.000000e-01 1.389140e+00 1.086516e-01 1.000000e-01 1.597535e+00 -0.139953 -0.102855 -0.196631 0.704123 -0.184619 -0.080066 0.139953 -0.017962 -0.035931 -0.035964 0.000000 
1.100618e-01 1.000000e-01 1.380670e+00 1.086516e-01 1.000000e-01 1.597535e+00 -0.145549 -0.102352 -0.195417 0.705682 -0.182940 -0.079425 0.145549 -0.018680 -0.037367 -0.037402 0.000000 
1.100622e-01 1.000000e-01 1.372131e+00 1.086516e-01 1.000000e-01 1.597535e+00 -0.151190 -0.101811 -0.194164 0.707226 -0.181276 -0.078786 0.151190 -0.019404 -0.038816 -0.038852 0.000000 
1.100625e-01 1.000000e-01 1.363523e+00 1.086516e-01 1.000000e-01 1.597535e+00 -0.156877 -0.101238 -0.192876 0.708762 -0.179624 -0.078147 0.156877 -0.020134 -0.040276 -0.040313 0.000000 
1.100628e-01 1.000000e-01 1.354847e+00 1.086516e-01 1.000000e-01 1.597535e+00 -0.162609 -0.100637 -0.191556 0.710292 -0.177981 -0.077509 0.162609 -0.020870 -0.041747 -0.041786 0.000000 
1.100631e-01 1.000000e-01 1.346103e+00 1.086516e-01 1.000000e-01 1.597535e+00 -0.168386 -0.100010 -0.190205 0.711822 -0.176347 -0.076873 0.168386 -0.021611 -0.043231 -0.043271 0.000000 
1.100633e-01 1.000000e-01 1.337291e+00 1.086516e-01 1.000000e-01 1.597535e+00 -0.174208 -0.099361 -0.188827 0.713352 -0.174719 -0.076239 0.174208 -0.022358 -0.044725 -0.044767 0.000000 
1.100635e-01 1.000000e-01 1.328413e+00 1.086516e-01 1.000000e-01 1.597535e+00 -0.180073 -0.098693 -0.187422 0.714887 -0.173094 -0.075606 0.180073 -0.023111 -0.046231 -0.046274 0.000000 
1.100636e-01 1.000000e-01 1.319469e+00 1.086516e-01 1.000000e-01 1.597535e+00 -0.185983 -0.098007 -0.185994 0.716427 -0.171472 -0.074973 0.185982 -0.023870 -0.047748 -0.047793 0.000000 
1.100638e-01 1.000000e-01 1.310459e+00 1.086516e-01 1.000000e-01 1.597535e+00 -0.191936 -0.097305 -0.184543 0.717974 -0.169850 -0.074341 0.191935 -0.024634 -0.049277 -0.049322 0.000000 
1.100639e-01 1.000000e-01 1.301383e+00 1.086516e-01 1.000000e-01 1.597535e+00 -0.197931 -0.096589 -0.183071 0.719528 -0.168228 -0.073710 0.197931 -0.025403 -0.050816 -0.050863 0.000000 
1.100640e-01 1.000000e-01 1.292243e+00 1.086516e-01 1.000000e-01 1.597535e+00 -0.203970 -0.095859 -0.181579 0.721090 -0.166605 -0.073078 0.203970 -0.026178 -0.052366 -0.052415 0.000000 
1.100641e-01 1.000000e-01 1.283039e+00 1.086516e-01 1.000000e-01 1.597535e+00 -0.210051 -0.095119 -0.180069 0.722661 -0.164978 -0.072445 0.210051 -0.026959 -0.053927 -0.053977 0.000000 
1.100641e-01 1.000000e-01 1.273771e+00 1.086516e-01 1.000000e-01 1.597535e+00 -0.216174 -0.094367 -0.178541 0.724241 -0.163348 -0.071812 0.216174 -0.027745 -0.055499 -0.055551 0.000000 
1.100642e-01 1.000000e-01 1.264440e+00 1.086516e-01 1.000000e-01 1.597535e+00 -0.222339 -0.093605 -0.176997 0.725830 -0.161713 -0.071178 0.222339 -0.028536 -0.057082 -0.057135 0.000000 
1.100642e-01 1.000000e-01 1.255046e+00 1.086516e-01 1.000000e-01 1.597535e+00 -0.228545 -0.092833 -0.175437 0.727429 -0.160073 -0.070542 0.228545 -0.029332 -0.058675 -0.058730 0.000000 
1.100643e-01 1.000000e-01 1.245591e+00 1.086516e-01 1.000000e-01 1.597535e+00 -0.234792 -0.092053 -0.173862 0.729038 -0.158428 -0.069904 0.234792 -0.030134 -0.060279 -0.060335 0.000000 
1.100643e-01 1.000000e-01 1.236074e+00 1.086516e-01 1.000000e-01 1.597535e+00 -0.241080 -0.091265 -0.172272 0.730656 -0.156776 -0.069264 0.241080 -0.030941 -0.061894 -0.061951 0.000000 
1.100644e-01 1.000000e-01 1.226495e+00 1.086516e-01 1.000000e-01 1.597535e+00 -0.247408 -0.090469 -0.170669 0.732285 -0.155118 -0.068622 0.247408 -0.031753 -0.063518 -0.063577 0.000000 
1.100644e-01 1.000000e-01 1.216857e+00 1.086516e-01 1.000000e-01 1.597535e+00 -0.253776 -0.089665 -0.169052 0.733923 -0.153452 -0.067978 0.253776 -0.032571 -0.065153 -0.065214 0.000000 
1.100644e-01 1.000000e-01 1.207158e+00 1.086516e-01 1.000000e-01 1.597535e+00 -0.260184 -0.088854 -0.167423 0.735571 -0.151779 -0.067331 0.260184 -0.033393 -0.066798 -0.066860 0.000000 
1.100644e-01 1.000000e-01 1.197400e+00 1.086516e-01 1.000000e-01 1.597535e+00 -0.266631 -0.088037 -0.165782 0.737229 -0.150099 -0.066682 0.266631 -0.034220 -0.068453 -0.068517 0.000000 
1.100644e-01 1.000000e-01 1.187582e+00 1.086516e-01 1.000000e-01 1.597535e+00 -0.273117 -0.087213 -0.164128 0.738897 -0.148410 -0.066029 0.273117 -0.035053 -0.070119 -0.070184 0.000000 
1.100645e-01 1.000000e-01 1.177707e+00 1.086516e-01 1.000000e-01 1.597535e+00 -0.279642 -0.086383 -0.162463 0.740574 -0.146713 -0.065374 0.279641 -0.035890 -0.071794 -0.071860 0.000000 
1.100645e-01 1.000000e-01 1.167773e+00 1.086516e-01 1.000000e-01 1.597535e+00 -0.286205 -0.085547 -0.160787 0.742261 -0.145008 -0.064716 0.286204 -0.036732 -0.073479 -0.073547 0.000000 
1.100645e-01 1.000000e-01 1.157782e+00 1.086516e-01 1.000000e-01 1.597535e+00 -0.292806 -0.084705 -0.159100 0.743958 -0.143294 -0.064054 0.292805 -0.037580 -0.075173 -0.075243 0.000000 
1.100645e-01 1.000000e-01 1.147734e+00 1.086516e-01 1.000000e-01 1.597535e+00 -0.299444 -0.083858 -0.157402 0.745664 -0.141572 -0.063390 0.299444 -0.038432 -0.076878 -0.076949 0.000000 
1.100645e-01 1.000000e-01 1.137629e+00 1.086516e-01 1.000000e-01 1.597535e+00 -0.306120 -0.083005 -0.155693 0.747380 -0.139841 -0.062722 0.306120 -0.039289 -0.078592 -0.078665 0.000000 
1.100645e-01 1.000000e-01 1.127469e+00 1.086516e-01 1.000000e-01 1.597535e+00 -0.312833 -0.082147 -0.153975 0.749106 -0.138102 -0.062051 0.312833 -0.040150 -0.080315 -0.080390 0.000000 
1.100645e-01 1.000000e-01 1.117253e+00 1.086516e-01 1.000000e-01 1.597535e+00 -0.319583 -0.081284 -0.152246 0.750840 -0.136353 -0.061377 0.319582 -0.041016 -0.082048 -0.082124 0.000000 
1.100645e-01 1.000000e-01 1.106981e+00 1.086516e-01 1.000000e-01 1.597535e+00 -0.326369 -0.080415 -0.150507 0.752584 -0.134596 -0.060699 0.326368 -0.041887 -0.083790 -0.083868 0.000000 
1.100645e-01 1.000000e-01 1.096656e+00 1.086516e-01 1.000000e-01 1.597535e+00 -0.333190 -0.079542 -0.148759 0.754338 -0.132830 -0.060018 0.333190 -0.042763 -0.085542 -0.085621 0.000000 
1.100645e-01 1.000000e-01 1.086276e+00 1.086516e-01 1.000000e-01 1.597535e+00 -0.340048 -0.078663 -0.147000 0.756100 -0.131056 -0.059334 0.340047 -0.043643 -0.087302 -0.087383 0.000000 
1.100645e-01 1.000000e-01 1.075843e+00 1.086516e-01 1.000000e-01 1.597535e+00 -0.346941 -0.077780 -0.145233 0.757871 -0.129273 -0.058646 0.346941 -0.044528 -0.089072 -0.089154 0.000000 
1.100645e-01 1.000000e-01 1.065357e+00 1.086516e-01 1.000000e-01 1.597535e+00 -0.353869 -0.076892 -0.143456 0.759652 -0.127481 -0.057956 0.353869 -0.045417 -0.090850 -0.090935 0.000000 
1.100645e-01 1.000000e-01 1.054818e+00 1.086516e-01 1.000000e-01 1.597535e+00 -0.360832 -0.076000 -0.141670 0.761441 -0.125680 -0.057261 0.360831 -0.046310 -0.092638 -0.092724 0.000000 
1.100645e-01 1.000000e-01 1.044227e+00 1.086516e-01 1.000000e-01 1.597535e+00 -0.367829 -0.075103 -0.139875 0.763239 -0.123871 -0.056564 0.367829 -0.047208 -0.094435 -0.094522 0.000000 
1.100645e-01 1.000000e-01 1.033584e+00 1.086516e-01 1.000000e-01 1.597535e+00 -0.374861 -0.074201 -0.138070 0.765046 -0.122053 -0.055863 0.374860 -0.048111 -0.096240 -0.096329 0.000000 
1.100645e-01 1.000000e-01 1.022890e+00 1.086516e-01 1.000000e-01 1.597535e+00 -0.381926 -0.073295 -0.136257 0.766862 -0.120226 -0.055159 0.381926 -0.049018 -0.098054 -0.098145 0.000000 
1.100645e-01 1.000000e-01 1.012145e+00 1.086516e-01 1.000000e-01 1.597535e+00 -0.389025 -0.072384 -0.134436 0.768686 -0.118391 -0.054452 0.389025 -0.049929 -0.099876 -0.099969 0.000000 
1.100645e-01 1.000000e-01 1.001350e+00 1.086516e-01 1.000000e-01 1.597535e+00 -0.396157 -0.071470 -0.132605 0.770519 -0.116547 -0.053741 0.396157 -0.050844 -0.101707 -0.101802 0.000000 
1.100645e-01 1.000000e-01 9.905045e-01 1.086516e-01 1.000000e-01 1.597535e+00 -0.403322 -0.070550 -0.130766 0.772360 -0.114696 -0.053028 0.403322 -0.051764 -0.103547 -0.103643 0.000000 
1.100645e-01 1.000000e-01 9.796099e-01 1.086516e-01 1.000000e-01 1.597535e+00 -0.410520 -0.069627 -0.128919 0.774210 -0.112835 -0.052311 0.410520 -0.052688 -0.105395 -0.105492 0.000000 
1.100645e-01 1.000000e-01 9.686663e-01 1.086516e-01 1.000000e-01 1.597535e+00 -0.417750 -0.068699 -0.127063 0.776068 -0.110967 -0.051591 0.417750 -0.053615 -0.107251 -0.107350 0.000000 
1.100645e-01 1.000000e-01 9.576741e-01 1.086516e-01 1.000000e-01 1.597535e+00 -0.425013 -0.067767 -0.125199 0.777934 -0.109090 -0.050867 0.425012 -0.054548 -0.109115 -0.109217 0.000000 
1.100645e-01 1.000000e-01 9.466338e-01 1.086516e-01 1.000000e-01 1.597535e+00 -0.432307 -0.066831 -0.123327 0.779809 -0.107205 -0.050141 0.432306 -0.055484 -0.110988 -0.111091 0.000000 
1.100645e-01 1.000000e-01 9.355457e-01 1.086516e-01 1.000000e-01 1.597535e+00 -0.439633 -0.065891 -0.121446 0.781691 -0.105312 -0.049411 0.439632 -0.056424 -0.112869 -0.112973 0.000000 
1.100645e-01 1.000000e-01 9.244103e-01 1.086516e-01 1.000000e-01 1.597535e+00 -0.446989 -0.064947 -0.119557 0.783582 -0.103411 -0.048679 0.446989 -0.057368 -0.114758 -0.114864 0.000000 
1.100645e-01 1.000000e-01 9.132280e-01 1.086516e-01 1.000000e-01 1.597535e+00 -0.454377 -0.063999 -0.117661 0.785480 -0.101502 -0.047943 0.454377 -0.058316 -0.116654 -0.116762 0.000000 
1.100645e-01 1.000000e-01 9.019993e-01 1.086516e-01 1.000000e-01 1.597535e+00 -0.461796 -0.063047 -0.115756 0.787387 -0.099585 -0.047204 0.461795 -0.059268 -0.118559 -0.118669 0.000000 
1.100645e-01 1.000000e-01 8.907245e-01 1.086516e-01 1.000000e-01 1.597535e+00 -0.469245 -0.062091 -0.113844 0.789301 -0.097660 -0.046462 0.469244 -0.060224 -0.120471 -0.120583 0.000000 
1.100645e-01 1.000000e-01 8.794040e-01 1.086516e-01 1.000000e-01 1.597535e+00 -0.476724 -0.061132 -0.111924 0.791223 -0.095727 -0.045718 0.476723 -0.061184 -0.122392 -0.122505 0.000000 
1.100645e-01 1.000000e-01 8.680383e-01 1.086516e-01 1.000000e-01 1.597535e+00 -0.484233 -0.060168 -0.109996 0.793152 -0.093787 -0.044970 0.484233 -0.062148 -0.124319 -0.124435 0.000000 
1.100645e-01 1.000000e-01 8.566277e-01 1.086516e-01 1.000000e-01 1.597535e+00 -0.491772 -0.059200 -0.108061 0.795090 -0.091839 -0.044219 0.491771 -0.063116 -0.126255 -0.126372 0.000000 
1.100645e-01 1.000000e-01 8.451726e-01 1.086516e-01 1.000000e-01 1.597535e+00 -0.499340 -0.058229 -0.106118 0.797034 -0.089884 -0.043466 0.499339 -0.064087 -0.128198 -0.128317 0.000000 
1.100645e-01 1.000000e-01 8.336735e-01 1.086516e-01 1.000000e-01 1.597535e+00 -0.506937 -0.057254 -0.104168 0.798987 -0.087921 -0.042709 0.506937 -0.065062 -0.130148 -0.130269 0.000000 
1.100645e-01 1.000000e-01 8.221307e-01 1.086516e-01 1.000000e-01 1.597535e+00 -0.514563 -0.056275 -0.102210 0.800946 -0.085950 -0.041950 0.514563 -0.066041 -0.132106 -0.132229 0.000000 
1.100645e-01 1.000000e-01 8.105445e-01 1.086516e-01 1.000000e-01 1.597535e+00 -0.522218 -0.055293 -0.100244 0.802913 -0.083972 -0.041188 0.522217 -0.067023 -0.134071 -0.134196 0.000000 
1.100645e-01 1.000000e-01 7.989155e-01 1.086516e-01 1.000000e-01 1.597535e+00 -0.529901 -0.054307 -0.098272 0.804888 -0.081987 -0.040422 0.529901 -0.068009 -0.136044 -0.136170 0.000000 
1.100645e-01 1.000000e-01 7.872439e-01 1.086516e-01 1.000000e-01 1.597535e+00 -0.537612 -0.053317 -0.096292 0.806869 -0.079995 -0.039655 0.537612 -0.068999 -0.138024 -0.138152 0.000000 
1.100645e-01 9.999999e-02 7.755301e-01 1.086516e-01 1.000000e-01 1.597535e+00 -0.545351 -0.052324 -0.094305 0.808858 -0.077995 -0.038884 0.545351 -0.069992 -0.140011 -0.140140 0.000000 
1.100645e-01 9.999999e-02 7.637745e-01 1.086516e-01 1.000000e-01 1.597535e+00 -0.553118 -0.051327 -0.092311 0.810854 -0.075988 -0.038111 0.553117 -0.070989 -0.142004 -0.142136 0.000000 
1.100645e-01 9.999999e-02 7.519774e-01 1.086516e-01 1.000000e-01 1.597535e+00 -0.560912 -0.050327 -0.090311 0.812857 -0.073974 -0.037335 0.560912 -0.071989 -0.144005 -0.144139 0.000000 
1.100645e-01 9.999999e-02 7.401393e-01 1.086516e-01 1.000000e-01 1.597535e+00 -0.568733 -0.049323 -0.088303 0.814867 -0.071954 -0.036556 0.568733 -0.072993 -0.146013 -0.146149 0.000000 
1.100645e-01 9.999999e-02 7.282604e-01 1.086516e-01 1.000000e-01 1.597535e+00 -0.576581 -0.048316 -0.086288 0.816883 -0.069926 -0.035774 0.576581 -0.074000 -0.148028 -0.148166 0.000000 
1.100645e-01 9.999999e-02 7.163411e-01 1.086516e-01 1.000000e-01 1.597535e+00 -0.584456 -0.047305 -0.084266 0.818907 -0.067891 -0.034990 0.584456 -0.075011 -0.150050 -0.150189 0.000000 
1.100645e-01 9.999998e-02 7.043818e-01 1.086516e-01 1.000000e-01 1.597535e+00 -0.592358 -0.046291 -0.082237 0.820937 -0.065849 -0.034204 0.592357 -0.076025 -0.152079 -0.152220 0.000000 
1.100645e-01 9.999998e-02 6.923828e-01 1.086516e-01 1.000000e-01 1.597535e+00 -0.600285 -0.045274 -0.080202 0.822974 -0.063801 -0.033414 0.600284 -0.077042 -0.154114 -0.154257 0.000000 
1.100645e-01 9.999998e-02 6.803444e-01 1.086516e-01 1.000000e-01 1.597535e+00 -0.608239 -0.044253 -0.078160 0.825018 -0.061746 -0.032622 0.608238 -0.078063 -0.156156 -0.156301 0.000000 
1.100645e-01 9.999997e-02 6.682670e-01 1.086516e-01 1.000000e-01 1.597535e+00 -0.616218 -0.043229 -0.076112 0.827069 -0.059684 -0.031828 0.616217 -0.079087 -0.158204 -0.158351 0.000000 
1.100645e-01 9.999997e-02 6.561509e-01 1.086516e-01 1.000000e-01 1.597535e+00 -0.624223 -0.042201 -0.074057 0.829126 -0.057616 -0.031031 0.624222 -0.080115 -0.160259 -0.160408 0.000000 
1.100645e-01 9.999996e-02 6.439965e-01 1.086516e-01 1.000000e-01 1.597535e+00 -0.632253 -0.041171 -0.071995 0.831189 -0.055541 -0.030231 0.632252 -0.081145 -0.162321 -0.162472 0.000000 
1.100645e-01 9.999995e-02 6.318041e-01 1.086516e-01 1.000000e-01 1.597535e+00 -0.640308 -0.040137 -0.069927 0.833259 -0.053460 -0.029429 0.640308 -0.082179 -0.164389 -0.164542 0.000000 
1.100645e-01 9.999994e-02 6.195739e-01 1.086516e-01 1.000000e-01 1.597535e+00 -0.648388 -0.039100 -0.067852 0.835336 -0.051372 -0.028624 0.648388 -0.083216 -0.166464 -0.166618 0.000000 
1.100645e-01 9.999993e-02 6.073064e-01 1.086516e-01 1.000000e-01 1.597535e+00 -0.656493 -0.038060 -0.065772 0.837418 -0.049278 -0.027817 0.656493 -0.084256 -0.168544 -0.168701 0.000000 
1.100645e-01 9.999992e-02 5.950017e-01 1.086516e-01 1.000000e-01 1.597535e+00 -0.664623 -0.037016 -0.063685 0.839507 -0.047178 -0.027008 0.664622 -0.085300 -0.170631 -0.170790 0.000000 
1.100645e-01 9.999990e-02 5.826604e-01 1.086516e-01 1.000000e-01 1.597535e+00 -0.672776 -0.035970 -0.061591 0.841603 -0.045071 -0.026196 0.672776 -0.086346 -0.172725 -0.172885 0.000000 
1.100645e-01 9.999988e-02 5.702825e-01 1.086516e-01 1.000000e-01 1.597535e+00 -0.680954 -0.034920 -0.059492 0.843704 -0.042958 -0.025382 0.680954 -0.087396 -0.174824 -0.174986 0.000000 
1.100645e-01 9.999985e-02 5.578686e-01 1.086516e-01 1.000000e-01 1.597535e+00 -0.689156 -0.033868 -0.057386 0.845812 -0.040839 -0.024565 0.689155 -0.088448 -0.176930 -0.177094 0.000000 
1.100645e-01 9.999982e-02 5.454187e-01 1.086516e-01 1.000000e-01 1.597535e+00 -0.697381 -0.032812 -0.055274 0.847925 -0.038713 -0.023746 0.697381 -0.089504 -0.179042 -0.179208 0.000000 
1.100645e-01 9.999978e-02 5.329334e-01 1.086516e-01 1.000000e-01 1.597535e+00 -0.705630 -0.031753 -0.053157 0.850045 -0.036582 -0.022925 0.705629 -0.090562 -0.181159 -0.181328 0.000000 
1.100645e-01 9.999974e-02 5.204127e-01 1.086516e-01 1.000000e-01 1.597535e+00 -0.713902 -0.030692 -0.051033 0.852171 -0.034445 -0.022101 0.713901 -0.091624 -0.183283 -0.183454 0.000000 
1.100645e-01 9.999968e-02 5.078572e-01 1.086516e-01 1.000000e-01 1.597535e+00 -0.722197 -0.029627 -0.048903 0.854303 -0.032301 -0.021275 0.722197 -0.092689 -0.185413 -0.185585 0.000000 
1.100645e-01 9.999962e-02 4.952669e-01 1.086516e-01 1.000000e-01 1.597535e+00 -0.730515 -0.028560 -0.046768 0.856440 -0.030152 -0.020447 0.730515 -0.093756 -0.187548 -0.187723 0.000000 
1.100645e-01 9.999953e-02 4.826423e-01 1.086516e-01 1.000000e-01 1.597535e+00 -0.738856 -0.027489 -0.044626 0.858583 -0.027997 -0.019616 0.738856 -0.094826 -0.189690 -0.189867 0.000000 
1.100645e-01 9.999944e-02 4.699835e-01 1.086516e-01 1.000000e-01 1.597535e+00 -0.747219 -0.026416 -0.042479 0.860733 -0.025836 -0.018784 0.747219 -0.095899 -0.191837 -0.192017 0.000000 
1.100645e-01 9.999931e-02 4.572909e-01 1.086516e-01 1.000000e-01 1.597535e+00 -0.755605 -0.025339 -0.040326 0.862888 -0.023669 -0.017949 0.755605 -0.096975 -0.193990 -0.194173 0.000000 
1.100645e-01 9.999917e-02 4.445648e-01 1.086516e-01 1.000000e-01 1.597535e+00 -0.764013 -0.024260 -0.038168 0.865048 -0.021497 -0.017112 0.764013 -0.098053 -0.196149 -0.196336 0.000000 
1.100645e-01 9.999899e-02 4.318054e-01 1.086516e-01 1.000000e-01 1.597535e+00 -0.772443 -0.023178 -0.036003 0.867214 -0.019319 -0.016272 0.772442 -0.099133 -0.198313 -0.198505 0.000000 
1.100645e-01 9.999877e-02 4.190130e-01 1.086516e-01 1.000000e-01 1.597535e+00 -0.780895 -0.022094 -0.033833 0.869386 -0.017135 -0.015431 0.780894 -0.100216 -0.200483 -0.200681 0.000000 
1.100645e-01 9.999850e-02 4.061879e-01 1.086516e-01 1.000000e-01 1.597535e+00 -0.789368 -0.021006 -0.031658 0.871564 -0.014946 -0.014587 0.789367 -0.101300 -0.202659 -0.202864 0.000000 
1.100645e-01 9.999817e-02 3.933302e-01 1.086516e-01 1.000000e-01 1.597535e+00 -0.797863 -0.019916 -0.029477 0.873747 -0.012751 -0.013741 0.797862 -0.102386 -0.204840 -0.205057 0.000000 
1.100645e-01 9.999777e-02 3.804404e-01 1.086516e-01 1.000000e-01 1.597535e+00 -0.806379 -0.018823 -0.027291 0.875935 -0.010551 -0.012893 0.806378 -0.103471 -0.207027 -0.207260 0.000000 
1.100645e-01 9.999728e-02 3.675186e-01 1.086516e-01 1.000000e-01 1.597535e+00 -0.814916 -0.017727 -0.025099 0.878129 -0.008345 -0.012043 0.814915 -0.104556 -0.209220 -0.209476 0.000000 
1.100645e-01 9.999668e-02 3.545651e-01 1.086516e-01 1.000000e-01 1.597535e+00 -0.823474 -0.016629 -0.022902 0.880328 -0.006133 -0.011191 0.823474 -0.105637 -0.211418 -0.211709 0.000000 
1.100645e-01 9.999595e-02 3.415801e-01 1.086516e-01 1.000000e-01 1.597535e+00 -0.832053 -0.015528 -0.020699 0.882533 -0.003917 -0.010337 0.832053 -0.106712 -0.213623 -0.213965 0.000000 
1.100645e-01 9.999506e-02 3.285639e-01 1.086516e-01 1.000000e-01 1.597535e+00 -0.840652 -0.014424 -0.018492 0.884742 -0.001695 -0.009480 0.840652 -0.107777 -0.215834 -0.216253 0.000000 
1.100645e-01 9.999396e-02 3.155168e-01 1.086516e-01 1.000000e-01 1.597535e+00 -0.849272 -0.013318 -0.016278 0.886957 0.000532 -0.008622 0.849272 -0.108824 -0.218052 -0.218587 0.000000 
1.100645e-01 9.999261e-02 3.024389e-01 1.086516e-01 1.000000e-01 1.597535e+00 -0.857913 -0.012209 -0.014060 0.889178 0.002765 -0.007762 0.857912 -0.109841 -0.220277 -0.220990 0.000000 
1.100645e-01 9.999097e-02 2.893306e-01 1.086516e-01 1.000000e-01 1.597535e+00 -0.866573 -0.011097 -0.011837 0.891403 0.005003 -0.006899 0.866573 -0.110814 -0.222511 -0.223493 0.000000 
1.100645e-01 9.998895e-02 2.761920e-01 1.086516e-01 1.000000e-01 1.597535e+00 -0.875254 -0.009983 -0.009608 0.893634 0.007246 -0.006035 0.875254 -0.111716 -0.224756 -0.226150 0.000000 
1.100645e-01 9.998649e-02 2.630233e-01 1.086516e-01 1.000000e-01 1.597535e+00 -0.883954 -0.008867 -0.007374 0.895870 0.009494 -0.005169 0.883954 -0.112507 -0.227013 -0.229041 0.000000 
1.100645e-01 9.998349e-02 2.498248e-01 1.086516e-01 1.000000e-01 1.597535e+00 -0.892675 -0.007747 -0.005136 0.898111 0.011747 -0.004300 0.892674 -0.113135 -0.229285 -0.232277 0.000000 
1.100645e-01 9.997983e-02 2.365967e-01 1.086516e-01 1.000000e-01 1.597535e+00 -0.901415 -0.006626 -0.002892 0.900357 0.014005 -0.003430 0.901415 -0.113498 -0.231573 -0.236074 0.000000 
1.100645e-01 9.997540e-02 2.233391e-01 1.086516e-01 1.000000e-01 1.597535e+00 -0.910175 -0.005501 -0.000643 0.902608 0.016268 -0.002558 0.910175 -0.113469 -0.233874 -0.240712 0.000000 
1.100645e-01 9.997007e-02 2.100523e-01 1.086516e-01 1.000000e-01 1.597535e+00 -0.918954 -0.004375 0.001611 0.904864 0.018537 -0.001684 0.918954 -0.112857 -0.236172 -0.246637 0.000000 
1.100645e-01 9.996374e-02 1.967363e-01 1.086516e-01 1.000000e-01 1.597535e+00 -0.927754 -0.003245 0.003871 0.907125 0.020811 -0.000807 0.927754 -0.111321 -0.238412 -0.254705 0.000000 
1.100645e-01 9.995636e-02 1.833912e-01 1.086516e-01 1.000000e-01 1.597535e+00 -0.936574 -0.002113 0.006135 0.909392 0.023090 0.000071 0.936574 -0.108466 -0.240444 -0.266070 0.000000 
1.100645e-01 9.994805e-02 1.700169e-01 1.086516e-01 1.000000e-01 1.597535e+00 -0.945415 -0.000979 0.008405 0.911664 0.025374 0.000951 0.945415 -0.103714 -0.241902 -0.282733 0.000000 
1.100645e-01 9.993947e-02 1.566129e-01 1.086516e-01 1.000000e-01 1.597535e+00 -0.954279 0.000159 0.010681 0.913941 0.027664 0.001834 0.954279 -0.096149 -0.241732 -0.308791 0.000000 
1.100645e-01 9.993323e-02 1.431767e-01 1.086516e-01 1.000000e-01 1.597535e+00 -0.963176 0.001301 0.012964 0.916228 0.029963 0.002720 0.963175 -0.084943 -0.237516 -0.350792 0.000000 
1.100645e-01 9.994084e-02 1.296945e-01 1.086516e-01 1.000000e-01 1.597535e+00 -0.972144 0.002452 0.015267 0.918532 0.032280 0.003613 0.972144 -0.069151 -0.223385 -0.421938 0.000000 
1.100645e-01 1.000100e-01 1.161034e-01 1.086516e-01 1.000000e-01 1.597535e+00 -0.981394 0.003639 0.017642 0.920909 0.034670 0.004534 0.981394 -0.047563 -0.183309 -0.553635 0.000000 
1.100645e-01 1.002360e-01 1.021715e-01 1.086516e-01 1.000000e-01 1.597535e+00 -0.991782 0.004972 0.020309 0.923579 0.037354 0.005568 0.991782 -0.018115 -0.082124 -0.809110 0.000000 
1.100645e-01 1.003097e-01 9.749682e-02 1.086516e-01 1.000000e-01 1.597535e+00 -0.995668 0.005471 0.021307 0.924577 0.038358 0.005955 0.995668 -0.006281 -0.029678 -0.930360 0.000000 
1.100645e-01 1.003097e-01 9.749682e-02 1.086516e-01 1.000000e-01 1.597535e+00 -0.995668 0.005471 0.021307 0.924577 0.038358 0.005955 0.995668 -0.006281 -0.029678 -0.930360 0.000000 
1.100645e-01 1.003097e-01 9.749682e-02 1.086516e-01 1.000000e-01 1.597535e+00 -0.995668 0.005471 0.021307 0.924577 0.038358 0.005955 0.995668 -0.006281 -0.029678 -0.930360 0.000000 
1.100645e-01 1.003097e-01 9.749682e-02 1.086516e-01 1.000000e-01 1.597535e+00 -0.995668 0.005471 0.021307 0.924577 0.038358 0.005955 0.995668 -0.006281 -0.029678 -0.930360 0.000000 
1.100645e-01 1.003097e-01 9.749682e-02 1.086516e-01 1.000000e-01 1.597535e+00 -0.995668 0.005471 0.021307 0.924577 0.038358 0.005955 0.995668 -0.006281 -0.029678 -0.930360 0.000000 
1.100645e-01 1.003097e-01 9.749682e-02 1.086516e-01 1.000000e-01 1.597535e+00 -0.995668 0.005471 0.021307 0.924577 0.038358 0.005955 0.995668 -0.006281 -0.029678 -0.930360 0.000000 
1.100645e-01 1.003097e-01 9.749682e-02 1.086516e-01 1.000000e-01 1.597535e+00 -0.995668 0.005471 0.021307 0.924577 0.038358 0.005955 0.995668 -0.006281 -0.029678 -0.930360 0.000000 
1.100645e-01 1.003097e-01 9.749682e-02 1.086516e-01 1.000000e-01 1.597535e+00 -0.995668 0.005471 0.021307 0.924577 0.038358 0.005955 0.995668 -0.006281 -0.029678 -0.930360 0.000000 
1.100645e-01 1.003097e-01 9.749682e-02 1.086516e-01 1.000000e-01 1.597535e+00 -0.995668 0.005471 0.021307 0.924577 0.038358 0.005955 0.995668 -0.006281 -0.029678 -0.930360 0.000000 
1.100645e-01 1.003097e-01 9.749682e-02 1.086516e-01 1.000000e-01 1.597535e+00 -0.995668 0.005471 0.021307 0.924577 0.038358 0.005955 0.995668 -0.006281 -0.029678 -0.930360 0.000000 
1.100645e-01 1.003097e-01 9.749682e-02 1.086516e-01 1.000000e-01 1.597535e+00 -0.995668 0.005471 0.021307 0.924577 0.038358 0.005955 0.995668 -0.006281 -0.029678 -0.930360 0.000000 
1.100645e-01 1.003097e-01 9.749682e-02 1.086516e-01 1.000000e-01 1.597535e+00 -0.995668 0.005471 0.021307 0.924577 0.038358 0.005955 0.995668 -0.006281 -0.029678 -0.930360 0.000000 
1.100645e-01 1.003097e-01 9.749682e-02 1.086516e-01 1.000000e-01 1.597535e+00 -0.995668 0.005471 0.021307 0.924577 0.038358 0.005955 0.995668 -0.006281 -0.029678 -0.930360 0.000000 
1.100645e-01 1.003097e-01 9.749682e-02 1.086516e-01 1.000000e-01 1.597535e+00 -0.995668 0.005471 0.021307 0.924577 0.038358 0.005955 0.995668 -0.006281 -0.029678 -0.930360 0.000000 
1.100645e-01 1.003097e-01 9.749682e-02 1.086516e-01 1.000000e-01 1.597535e+00 -0.995668 0.005471 0.021307 0.924577 0.038358 0.005955 0.995668 -0.006281 -0.029678 -0.930360 0.000000 
1.100645e-01 1.003097e-01 9.749682e-02 1.086516e-01 1.000000e-01 1.597535e+00 -0.995668 0.005471 0.021307 0.924577 0.038358 0.005955 0.995668 -0.006281 -0.029678 -0.930360 0.000000 
1.100645e-01 1.003097e-01 9.749682e-02 1.086516e-01 1.000000e-01 1.597535e+00 -0.995668 0.005471 0.021307 0.924577 0.038358 0.005955 0.995668 -0.006281 -0.029678 -0.930360 0.000000 
1.100645e-01 1.003097e-01 9.749682e-02 1.086516e-01 1.000000e-01 1.597535e+00 -0.995668 0.005471 0.021307 0.924577 0.038358 0.005955 0.995668 -0.006281 -0.029678 -0.930360 0.000000 
1.100645e-01 1.003097e-01 9.749682e-02 1.086516e-01 1.000000e-01 1.597535e+00 -0.995668 0.005471 0.021307 0.924577 0.038358 0.005955 0.995668 -0.006281 -0.029678 -0.930360 0.000000 
1.100645e-01 1.003097e-01 9.749682e-02 1.086516e-01 1.000000e-01 1.597535e+00 -0.995668 0.005471 0.021307 0.924577 0.038358 0.005955 0.995668 -0.006281 -0.029678 -0.930360 0.000000 
1.100645e-01 1.003097e-01 9.749682e-02 1.086516e-01 1.000000e-01 1.597535e+00 -0.995668 0.005471 0.021307 0.924577 0.038358 0.005955 0.995668 -0.006281 -0.029678 -0.930360 0.000000 
1.100645e-01 1.003097e-01 9.749682e-02 1.086516e-01 1.000000e-01 1.597535e+00 -0.995668 0.005471 0.021307 0.924577 0.038358 0.005955 0.995668 -0.006281 -0.029678 -0.930360 0.000000 
1.100645e-01 1.003097e-01 9.749682e-02 1.086516e-01 1.000000e-01 1.597535e+00 -0.995668 0.005471 0.021307 0.924577 0.038358 0.005955 0.995668 -0.006281 -0.029678 -0.930360 0.000000 
1.100645e-01 1.003097e-01 9.749682e-02 1.086516e-01 1.000000e-01 1.597535e+00 -0.995668 0.005471 0.021307 0.924577 0.038358 0.005955 0.995668 -0.006281 -0.029678 -0.930360 0.000000 
1.100645e-01 1.003097e-01 9.749682e-02 1.086516e-01 1.000000e-01 1.597535e+00 -0.995668 0.005471 0.021307 0.924577 0.038358 0.005955 0.995668 -0.006281 -0.029678 -0.930360 0.000000 
1.100645e-01 1.003097e-01 9.749682e-02 1.086516e-01 1.000000e-01 1.597535e+00 -0.995668 0.005471 0.021307 0.924577 0.038358 0.005955 0.995668 -0.006281 -0.029678 -0.930360 0.000000 
1.100645e-01 1.003097e-01 9.749682e-02 1.086516e-01 1.000000e-01 1.597535e+00 -0.995668 0.005471 0.021307 0.924577 0.038358 0.005955 0.995668 -0.006281 -0.029678 -0.930360 0.000000 
1.100645e-01 1.003097e-01 9.749682e-02 1.086516e-01 1.000000e-01 1.597535e+00 -0.995668 0.005471 0.021307 0.924577 0.038358 0.005955 0.995668 -0.006281 -0.029678 -0.930360 0.000000 
1.100645e-01 1.003097e-01 9.749682e-02 1.086516e-01 1.000000e-01 1.597535e+00 -0.995668 0.005471 0.021307 0.924577 0.038358 0.005955 0.995668 -0.006281 -0.029678 -0.930360 0.000000 
1.100645e-01 1.003097e-01 9.749682e-02 1.086516e-01 1.000000e-01 1.597535e+00 -0.995668 0.005471 0.021307 0.924577 0.038358 0.005955 0.995668 -0.006281 -0.029678 -0.930360 0.000000 
1.100645e-01 1.003097e-01 9.749682e-02 1.086516e-01 1.000000e-01 1.597535e+00 -0.995668 0.005471 0.021307 0.924577 0.038358 0.005955 0.995668 -0.006281 -0.029678 -0.930360 0.000000 
1.100645e-01 1.003097e-01 9.749682e-02 1.086516e-01 1.000000e-01 1.597535e+00 -0.995668 0.005471 0.021307 0.924577 0.038358 0.005955 0.995668 -0.006281 -0.029678 -0.930360 0.000000 
1.100645e-01 1.003097e-01 9.749682e-02 1.086516e-01 1.000000e-01 1.597535e+00 -0.995668 0.005471 0.021307 0.924577 0.038358 0.005955 0.995668 -0.006281 -0.029678 -0.930360 0.000000 
1.100645e-01 1.003097e-01 9.749682e-02 1.086516e-01 1.000000e-01 1.597535e+00 -0.995668 0.005471 0.021307 0.924577 0.038358 0.005955 0.995668 -0.006281 -0.029678 -0.930360 0.000000 
1.100645e-01 1.003097e-01 9.749682e-02 1.086516e-01 1.000000e-01 1.597535e+00 -0.995668 0.005471 0.021307 0.924577 0.038358 0.005955 0.995668 -0.006281 -0.029678 -0.930360 0.000000 
1.100645e-01 1.003097e-01 9.749682e-02 1.086516e-01 1.000000e-01 1.597535e+00 -0.995668 0.005471 0.021307 0.924577 0.038358 0.005955 0.995668 -0.006281 -0.029678 -0.930360 0.000000 
1.100645e-01 1.003097e-01 9.749682e-02 1.086516e-01 1.000000e-01 1.597535e+00 -0.995668 0.005471 0.021307 0.924577 0.038358 0.005955 0.995668 -0.006281 -0.029678 -0.930360 0.000000 
1.100645e-01 1.003097e-01 9.749682e-02 1.086516e-01 1.000000e-01 1.597535e+00 -0.995668 0.005471 0.021307 0.924577 0.038358 0.005955 0.995668 -0.006281 -0.029678 -0.930360 0.000000 
1.100645e-01 1.003097e-01 9.749682e-02 1.086516e-01 1.000000e-01 1.597535e+00 -0.995668 0.005471 0.021307 0.924577 0.038358 0.005955 0.995668 -0.006281 -0.029678 -0.930360 0.000000 
1.100645e-01 1.003097e-01 9.749682e-02 1.086516e-01 1.000000e-01 1.597535e+00 -0.995668 0.005471 0.021307 0.924577 0.038358 0.005955 0.995668 -0.006281 -0.029678 -0.930360 0.000000 
1.100645e-01 1.003097e-01 9.749682e-02 1.086516e-01 1.000000e-01 1.597535e+00 -0.995668 0.005471 0.021307 0.924577 0.038358 0.005955 0.995668 -0.006281 -0.029678 -0.930360 0.000000 
1.100645e-01 1.003097e-01 9.749682e-02 1.086516e-01 1.000000e-01 1.597535e+00 -0.995668 0.005471 0.021307 0.924577 0.038358 0.005955 0.995668 -0.006281 -0.029678 -0.930360 0.000000 
1.100645e-01 1.003097e-01 9.749682e-02 1.086516e-01 1.000000e-01 1.597535e+00 -0.995668 0.005471 0.021307 0.924577 0.038358 0.005955 0.995668 -0.006281 -0.029678 -0.930360 0.000000 
1.100645e-01 1.003097e-01 9.749682e-02 1.086516e-01 1.000000e-01 1.597535e+00 -0.995668 0.005471 0.021307 0.924577 0.038358 0.005955 0.995668 -0.006281 -0.029678 -0.930360 0.000000 
1.100645e-01 1.003097e-01 9.749682e-02 1.086516e-01 1.000000e-01 1.597535e+00 -0.995668 0.005471 0.021307 0.924577 0.038358 0.005955 0.995668 -0.006281 -0.029678 -0.930360 0.000000 
1.100645e-01 1.003097e-01 9.749682e-02 1.086516e-01 1.000000e-01 1.597535e+00 -0.995668 0.005471 0.021307 0.924577 0.038358 0.005955 0.995668 -0.006281 -0.029678 -0.930360 0.000000 
1.100645e-01 1.003097e-01 9.749682e-02 1.086516e-01 1.000000e-01 1.597535e+00 -0.995668 0.005471 0.021307 0.924577 0.038358 0.005955 0.995668 -0.006281 -0.029678 -0.930360 0.000000 
1.100645e-01 1.003097e-01 9.749682e-02 1.086516e-01 1.000000e-01 1.597535e+00 -0.995668 0.005471 0.021307 0.924577 0.038358 0.005955 0.995668 -0.006281 -0.029678 -0.930360 0.000000 
1.100645e-01 1.003097e-01 9.749682e-02 1.086516e-01 1.000000e-01 1.597535e+00 -0.995668 0.005471 0.021307 0.924577 0.038358 0.005955 0.995668 -0.006281 -0.029678 -0.930360 0.000000 
1.100645e-01 1.003097e-01 9.749682e-02 1.086516e-01 1.000000e-01 1.597535e+00 -0.995668 0.005471 0.021307 0.924577 0.038358 0.005955 0.995668 -0.006281 -0.029678 -0.930360 0.000000 
1.100645e-01 1.003097e-01 9.749682e-02 1.086516e-01 1.000000e-01 1.597535e+00 -0.995668 0.005471 0.021307 0.924577 0.038358 0.005955 0.995668 -0.006281 -0.029678 -0.930360 0.000000 
1.100645e-01 1.003097e-01 9.749682e-02 1.086516e-01 1.000000e-01 1.597535e+00 -0.995668 0.005471 0.021307 0.924577 0.038358 0.005955 0.995668 -0.006281 -0.029678 -0.930360 0.000000 
1.100645e-01 1.003097e-01 9.749682e-02 1.086516e-01 1.000000e-01 1.597535e+00 -0.995668 0.005471 0.021307 0.924577 0.038358 0.005955 0.995668 -0.006281 -0.029678 -0.930360 0.000000 
1.100645e-01 1.003097e-01 9.749682e-02 1.086516e-01 1.000000e-01 1.597535e+00 -0.995668 0.005471 0.021307 0.924577 0.038358 0.005955 0.995668 -0.006281 -0.029678 -0.930360 0.000000 
1.100645e-01 1.003097e-01 9.749682e-02 1.086516e-01 1.000000e-01 1.597535e+00 -0.995668 0.005471 0.021307 0.924577 0.038358 0.005955 0.995668 -0.006281 -0.029678 -0.930360 0.000000 
1.100645e-01 1.003097e-01 9.749682e-02 1.086516e-01 1.000000e-01 1.597535e+00 -0.995668 0.005471 0.021307 0.924577 0.038358 0.005955 0.995668 -0.006281 -0.029678 -0.930360 0.000000 
1.100645e-01 1.003097e-01 9.749682e-02 1.086516e-01 1.000000e-01 1.597535e+00 -0.995668 0.005471 0.021307 0.924577 0.038358 0.005955 0.995668 -0.006281 -0.029678 -0.930360 0.000000 
1.100645e-01 1.003097e-01 9.749682e-02 1.086516e-01 1.000000e-01 1.597535e+00 -0.995668 0.005471 0.021307 0.924577 0.038358 0.005955 0.995668 -0.006281 -0.029678 -0.930360 0.000000 
1.100645e-01 1.003097e-01 9.749682e-02 1.086516e-01 1.000000e-01 1.597535e+00 -0.995668 0.005471 0.021307 0.924577 0.038358 0.005955 0.995668 -0.006281 -0.029678 -0.930360 0.000000 
1.100645e-01 1.003097e-01 9.749682e-02 1.086516e-01 1.000000e-01 1.597535e+00 -0.995668 0.005471 0.021307 0.924577 0.038358 0.005955 0.995668 -0.006281 -0.029678 -0.930360 0.000000 
1.100645e-01 1.003097e-01 9.749682e-02 1.086516e-01 1.000000e-01 1.597535e+00 -0.995668 0.005471 0.021307 0.924577 0.038358 0.005955 0.995668 -0.006281 -0.029678 -0.930360 0.000000 
1.100645e-01 1.003097e-01 9.749682e-02 1.086516e-01 1.000000e-01 1.597535e+00 -0.995668 0.005471 0.021307 0.924577 0.038358 0.005955 0.995668 -0.006281 -0.029678 -0.930360 0.000000 
1.100645e-01 1.003097e-01 9.749682e-02 1.086516e-01 1.000000e-01 1.597535e+00 -0.995668 0.005471 0.021307 0.924577 0.038358 0.005955 0.995668 -0.006281 -0.029678 -0.930360 0.000000 
1.100645e-01 1.003097e-01 9.749682e-02 1.086516e-01 1.000000e-01 1.597535e+00 -0.995668 0.005471 0.021307 0.924577 0.038358 0.005955 0.995668 -0.006281 -0.029678 -0.930360 0.000000 
1.100645e-01 1.003097e-01 9.749682e-02 1.086516e-01 1.000000e-01 1.597535e+00 -0.995668 0.005471 0.021307 0.924577 0.038358 0.005955 0.995668 -0.006281 -0.029678 -0.930360 0.000000 
1.100645e-01 1.003097e-01 9.749682e-02 1.086516e-01 1.000000e-01 1.597535e+00 -0.995668 0.005471 0.021307 0.924577 0.038358 0.005955 0.995668 -0.006281 -0.029678 -0.930360 0.000000 
1.100645e-01 1.003097e-01 9.749682e-02 1.086516e-01 1.000000e-01 1.597535e+00 -0.995668 0.005471 0.021307 0.924577 0.038358 0.005955 0.995668 -0.006281 -0.029678 -0.930360 0.000000 
1.100645e-01 1.003097e-01 9.749682e-02 1.086516e-01 1.000000e-01 1.597535e+00 -0.995668 0.005471 0.021307 0.924577 0.038358 0.005955 0.995668 -0.006281 -0.029678 -0.930360 0.000000 
1.100645e-01 1.003097e-01 9.749682e-02 1.086516e-01 1.000000e-01 1.597535e+00 -0.995668 0.005471 0.021307 0.924577 0.038358 0.005955 0.995668 -0.006281 -0.029678 -0.930360 0.000000 
1.100645e-01 1.003097e-01 9.749682e-02 1.086516e-01 1.000000e-01 1.597535e+00 -0.995668 0.005471 0.021307 0.924577 0.038358 0.005955 0.995668 -0.006281 -0.029678 -0.930360 0.000000 
1.100645e-01 1.003097e-01 9.749682e-02 1.086516e-01 1.000000e-01 1.597535e+00 -0.995668 0.005471 0.021307 0.924577 0.038358 0.005955 0.995668 -0.006281 -0.029678 -0.930360 0.000000 
1.100645e-01 1.003097e-01 9.749682e-02 1.086516e-01 1.000000e-01 1.597535e+00 -0.995668 0.005471 0.021307 0.924577 0.038358 0.005955 0.995668 -0.006281 -0.029678 -0.930360 0.000000 
1.100645e-01 1.003097e-01 9.749682e-02 1.086516e-01 1.000000e-01 1.597535e+00 -0.995668 0.005471 0.021307 0.924577 0.038358 0.005955 0.995668 -0.006281 -0.029678 -0.930360 0.000000 
1.100645e-01 1.003097e-01 9.749682e-02 1.086516e-01 1.000000e-01 1.597535e+00 -0.995668 0.005471 0.021307 0.924577 0.038358 0.005955 0.995668 -0.006281 -0.029678 -0.930360 0.000000 
1.100645e-01 1.003097e-01 9.749682e-02 1.086516e-01 1.000000e-01 1.597535e+00 -0.995668 0.005471 0.021307 0.924577 0.038358 0.005955 0.995668 -0.006281 -0.029678 -0.930360 0.000000 
1.100645e-01 1.003097e-01 9.749682e-02 1.086516e-01 1.000000e-01 1.597535e+00 -0.995668 0.005471 0.021307 0.924577 0.038358 0.005955 0.995668 -0.006281 -0.029678 -0.930360 0.000000 
1.100645e-01 1.003097e-01 9.749682e-02 1.086516e-01 1.000000e-01 1.597535e+00 -0.995668 0.005471 0.021307 0.924577 0.038358 0.005955 0.995668 -0.006281 -0.029678 -0.930360 0.000000 
1.100645e-01 1.003097e-01 9.749682e-02 1.086516e-01 1.000000e-01 1.597535e+00 -0.995668 0.005471 0.021307 0.924577 0.038358 0.005955 0.995668 -0.006281 -0.029678 -0.930360 0.000000 
1.100645e-01 1.003097e-01 9.749682e-02 1.086516e-01 1.000000e-01 1.597535e+00 -0.995668 0.005471 0.021307 0.924577 0.038358 0.005955 0.995668 -0.006281 -0.029678 -0.930360 0.000000 
1.100645e-01 1.003097e-01 9.749682e-02 1.086516e-01 1.000000e-01 1.597535e+00 -0.995668 0.005471 0.021307 0.924577 0.038358 0.005955 0.995668 -0.006281 -0.029678 -0.930360 0.000000 
1.100645e-01 1.003097e-01 9.749682e-02 1.086516e-01 1.000000e-01 1.597535e+00 -0.995668 0.005471 0.021307 0.924577 0.038358 0.005955 0.995668 -0.006281 -0.029678 -0.930360 0.000000 
1.100645e-01 1.003097e-01 9.749682e-02 1.086516e-01 1.000000e-01 1.597535e+00 -0.995668 0.005471 0.021307 0.924577 0.038358 0.005955 0.995668 -0.006281 -0.029678 -0.930360 0.000000 
1.100645e-01 1.003097e-01 9.749682e-02 1.086516e-01 1.000000e-01 1.597535e+00 -0.995668 0.005471 0.021307 0.924577 0.038358 0.005955 0.995668 -0.006281 -0.029678 -0.930360 0.000000 
1.100645e-01 1.003097e-01 9.749682e-02 1.086516e-01 1.000000e-01 1.597535e+00 -0.995668 0.005471 0.021307 0.924577 0.038358 0.005955 0.995668 -0.006281 -0.029678 -0.930360 0.000000 
1.100645e-01 1.003097e-01 9.749682e-02 1.086516e-01 1.000000e-01 1.597535e+00 -0.995668 0.005471 0.021307 0.924577 0.038358 0.005955 0.995668 -0.006281 -0.029678 -0.930360 0.000000 
1.100645e-01 1.003097e-01 9.749682e-02 1.086516e-01 1.000000e-01 1.597535e+00 -0.995668 0.005471 0.021307 0.924577 0.038358 0.005955 0.995668 -0.006281 -0.029678 -0.930360 0.000000 
1.100645e-01 1.003097e-01 9.749682e-02 1.086516e-01 1.000000e-01 1.597535e+00 -0.995668 0.005471 0.021307 0.924577 0.038358 0.005955 0.995668 -0.006281 -0.029678 -0.930360 0.000000 
1.100645e-01 1.003097e-01 9.749682e-02 1.086516e-01 1.000000e-01 1.597535e+00 -0.995668 0.005471 0.021307 0.924577 0.038358 0.005955 0.995668 -0.006281 -0.029678 -0.930360 0.000000 
1.100645e-01 1.003097e-01 9.749682e-02 1.086516e-01 1.000000e-01 1.597535e+00 -0.995668 0.005471 0.021307 0.924577 0.038358 0.005955 0.995668 -0.006281 -0.029678 -0.930360 0.000000 
1.100645e-01 1.003097e-01 9.749682e-02 1.086516e-01 1.000000e-01 1.597535e+00 -0.995668 0.005471 0.021307 0.924577 0.038358 0.005955 0.995668 -0.006281 -0.029678 -0.930360 0.000000 
1.100645e-01 1.003097e-01 9.749682e-02 1.086516e-01 1.000000e-01 1.597535e+00 -0.995668 0.005471 0.021307 0.924577 0.038358 0.005955 0.995668 -0.006281 -0.029678 -0.930360 0.000000 
1.100645e-01 1.003097e-01 9.749682e-02 1.086516e-01 1.000000e-01 1.597535e+00 -0.995668 0.005471 0.021307 0.924577 0.038358 0.005955 0.995668 -0.006281 -0.029678 -0.930360 0.000000 
1.100645e-01 1.003097e-01 9.749682e-02 1.086516e-01 1.000000e-01 1.597535e+00 -0.995668 0.005471 0.021307 0.924577 0.038358 0.005955 0.995668 -0.006281 -0.029678 -0.930360 0.000000 
1.100645e-01 1.003097e-01 9.749682e-02 1.086516e-01 1.000000e-01 1.597535e+00 -0.995668 0.005471 0.021307 0.924577 0.038358 0.005955 0.995668 -0.006281 -0.029678 -0.930360 0.000000 
1.100645e-01 1.003097e-01 9.749682e-02 1.086516e-01 1.000000e-01 1.597535e+00 -0.995668 0.005471 0.021307 0.924577 0.038358 0.005955 0.995668 -0.006281 -0.029678 -0.930360 0.000000 
1.100645e-01 1.003097e-01 9.749682e-02 1.086516e-01 1.000000e-01 1.597535e+00 -0.995668 0.005471 0.021307 0.924577 0.038358 0.005955 0.995668 -0.006281 -0.029678 -0.930360 0.000000 
1.100645e-01 1.003097e-01 9.749682e-02 1.086516e-01 1.000000e-01 1.597535e+00 -0.995668 0.005471 0.021307 0.924577 0.038358 0.005955 0.995668 -0.006281 -0.029678 -0.930360 0.000000 
1.100645e-01 1.003097e-01 9.749682e-02 1.086516e-01 1.000000e-01 1.597535e+00 -0.995668 0.005471 0.021307 0.924577 0.038358 0.005955 0.995668 -0.006281 -0.029678 -0.930360 0.000000 
1.100645e-01 1.003097e-01 9.749682e-02 1.086516e-01 1.000000e-01 1.597535e+00 -0.995668 0.005471 0.021307 0.924577 0.038358 0.005955 0.995668 -0.006281 -0.029678 -0.930360 0.000000 
1.100645e-01 1.003097e-01 9.749682e-02 1.086516e-01 1.000000e-01 1.597535e+00 -0.995668 0.005471 0.021307 0.924577 0.038358 0.005955 0.995668 -0.006281 -0.029678 -0.930360 0.000000 
1.100645e-01 1.003097e-01 9.749682e-02 1.086516e-01 1.000000e-01 1.597535e+00 -0.995668 0.005471 0.021307 0.924577 0.038358 0.005955 0.995668 -0.006281 -0.029678 -0.930360 0.000000 
1.100645e-01 1.003097e-01 9.749682e-02 1.086516e-01 1.000000e-01 1.597535e+00 -0.995668 0.005471 0.021307 0.924577 0.038358 0.005955 0.995668 -0.006281 -0.029678 -0.930360 0.000000 
1.100645e-01 1.003097e-01 9.749682e-02 1.086516e-01 1.000000e-01 1.597535e+00 -0.995668 0.005471 0.021307 0.924577 0.038358 0.005955 0.995668 -0.006281 -0.029678 -0.930360 0.000000 
1.100645e-01 1.003097e-01 9.749682e-02 1.086516e-01 1.000000e-01 1.597535e+00 -0.995668 0.005471 0.021307 0.924577 0.038358 0.005955 0.995668 -0.006281 -0.029678 -0.930360 0.000000 
1.100645e-01 1.003097e-01 9.749682e-02 1.086516e-01 1.000000e-01 1.597535e+00 -0.995668 0.005471 0.021307 0.924577 0.038358 0.005955 0.995668 -0.006281 -0.029678 -0.930360 0.000000 
1.100645e-01 1.003097e-01 9.749682e-02 1.086516e-01 1.000000e-01 1.597535e+00 -0.995668 0.005471 0.021307 0.924577 0.038358 0.005955 0.995668 -0.006281 -0.029678 -0.930360 0.000000 
1.100645e-01 1.003097e-01 9.749682e-02 1.086516e-01 1.000000e-01 1.597535e+00 -0.995668 0.005471 0.021307 0.924577 0.038358 0.005955 0.995668 -0.006281 -0.029678 -0.930360 0.000000 
1.100645e-01 1.003097e-01 9.749682e-02 1.086516e-01 1.000000e-01 1.597535e+00 -0.995668 0.005471 0.021307 0.924577 0.038358 0.005955 0.995668 -0.006281 -0.029678 -0.930360 0.000000 
1.100645e-01 1.003097e-01 9.749682e-02 1.086516e-01 1.000000e-01 1.597535e+00 -0.995668 0.005471 0.021307 0.924577 0.038358 0.005955 0.995668 -0.006281 -0.029678 -0.930360 0.000000 
1.100645e-01 1.003097e-01 9.749682e-02 1.086516e-01 1.000000e-01 1.597535e+00 -0.995668 0.005471 0.021307 0.924577 0.038358 0.005955 0.995668 -0.006281 -0.029678 -0.930360 0.000000 
1.100645e-01 1.003097e-01 9.749682e-02 1.086516e-01 1.000000e-01 1.597535e+00 -0.995668 0.005471 0.021307 0.924577 0.038358 0.005955 0.995668 -0.006281 -0.029678 -0.930360 0.000000 
1.100645e-01 1.003097e-01 9.749682e-02 1.086516e-01 1.000000e-01 1.597535e+00 -0.995668 0.005471 0.021307 0.924577 0.038358 0.005955 0.995668 -0.006281 -0.029678 -0.930360 0.000000 
1.100645e-01 1.003097e-01 9.749682e-02 1.086516e-01 1.000000e-01 1.597535e+00 -0.995668 0.005471 0.021307 0.924577 0.038358 0.005955 0.995668 -0.006281 -0.029678 -0.930360 0.000000 
1.100645e-01 1.003097e-01 9.749682e-02 1.086516e-01 1.000000e-01 1.597535e+00 -0.995668 0.005471 0.021307 0.924577 0.038358 0.005955 0.995668 -0.006281 -0.029678 -0.930360 0.000000 
1.100645e-01 1.003097e-01 9.749682e-02 1.086516e-01 1.000000e-01 1.597535e+00 -0.995668 0.005471 0.021307 0.924577 0.038358 0.005955 0.995668 -0.006281 -0.029678 -0.930360 0.000000 
1.100645e-01 1.003097e-01 9.749682e-02 1.086516e-01 1.000000e-01 1.597535e+00 -0.995668 0.005471 0.021307 0.924577 0.038358 0.005955 0.995668 -0.006281 -0.029678 -0.930360 0.000000 
1.100645e-01 1.003097e-01 9.749682e-02 1.086516e-01 1.000000e-01 1.597535e+00 -0.995668 0.005471 0.021307 0.924577 0.038358 0.005955 0.995668 -0.006281 -0.029678 -0.930360 0.000000 
1.100645e-01 1.003097e-01 9.749682e-02 1.086516e-01 1.000000e-01 1.597535e+00 -0.995668 0.005471 0.021307 0.924577 0.038358 0.005955 0.995668 -0.006281 -0.029678 -0.930360 0.000000 
1.100645e-01 1.003097e-01 9.749682e-02 1.086516e-01 1.000000e-01 1.597535e+00 -0.995668 0.005471 0.021307 0.924577 0.038358 0.005955 0.995668 -0.006281 -0.029678 -0.930360 0.000000 
1.100645e-01 1.003097e-01 9.749682e-02 1.086516e-01 1.000000e-01 1.597535e+00 -0.995668 0.005471 0.021307 0.924577 0.038358 0.005955 0.995668 -0.006281 -0.029678 -0.930360 0.000000 
1.100645e-01 1.003097e-01 9.749682e-02 1.086516e-01 1.000000e-01 1.597535e+00 -0.995668 0.005471 0.021307 0.924577 0.038358 0.005955 0.995668 -0.006281 -0.029678 -0.930360 0.000000 
1.100645e-01 1.003097e-01 9.749682e-02 1.086516e-01 1.000000e-01 1.597535e+00 -0.995668 0.005471 0.021307 0.924577 0.038358 0.005955 0.995668 -0.006281 -0.029678 -0.930360 0.000000 
1.100645e-01 1.003097e-01 9.749682e-02 1.086516e-01 1.000000e-01 1.597535e+00 -0.995668 0.005471 0.021307 0.924577 0.038358 0.005955 0.995668 -0.006281 -0.029678 -0.930360 0.000000 
1.100645e-01 1.003097e-01 9.749682e-02 1.086516e-01 1.000000e-01 1.597535e+00 -0.995668 0.005471 0.021307 0.924577 0.038358 0.005955 0.995668 -0.006281 -0.029678 -0.930360 0.000000 
1.100645e-01 1.003097e-01 9.749682e-02 1.086516e-01 1.000000e-01 1.597535e+00 -0.995668 0.005471 0.021307 0.924577 0.038358 0.005955 0.995668 -0.006281 -0.029678 -0.930360 0.000000 
1.100645e-01 1.003097e-01 9.749682e-02 1.086516e-01 1.000000e-01 1.597535e+00 -0.995668 0.005471 0.021307 0.924577 0.038358 0.005955 0.995668 -0.006281 -0.029678 -0.930360 0.000000 
1.100645e-01 1.003097e-01 9.749682e-02 1.086516e-01 1.000000e-01 1.597535e+00 -0.995668 0.005471 0.021307 0.924577 0.038358 0.005955 0.995668 -0.006281 -0.029678 -0.930360 0.000000 
1.100645e-01 1.003097e-01 9.749682e-02 1.086516e-01 1.000000e-01 1.597535e+00 -0.995668 0.005471 0.021307 0.924577 0.038358 0.005955 0.995668 -0.006281 -0.029678 -0.930360 0.000000 
1.100645e-01 1.003097e-01 9.749682e-02 1.086516e-01 1.000000e-01 1.597535e+00 -0.995668 0.005471 0.021307 0.924577 0.038358 0.005955 0.995668 -0.006281 -0.029678 -0.930360 0.000000 
1.100645e-01 1.003097e-01 9.749682e-02 1.086516e-01 1.000000e-01 1.597535e+00 -0.995668 0.005471 0.021307 0.924577 0.038358 0.005955 0.995668 -0.006281 -0.029678 -0.930360 0.000000 
1.100645e-01 1.003097e-01 9.749682e-02 1.086516e-01 1.000000e-01 1.597535e+00 -0.995668 0.005471 0.021307 0.924577 0.038358 0.005955 0.995668 -0.006281 -0.029678 -0.930360 0.000000 
1.100645e-01 1.003097e-01 9.749682e-02 1.086516e-01 1.000000e-01 1.597535e+00 -0.995668 0.005471 0.021307 0.924577 0.038358 0.005955 0.995668 -0.006281 -0.029678 -0.930360 0.000000 
1.100645e-01 1.003097e-01 9.749682e-02 1.086516e-01 1.000000e-01 1.597535e+00 -0.995668 0.005471 0.021307 0.924577 0.038358 0.005955 0.995668 -0.006281 -0.029678 -0.930360 0.000000 
1.100645e-01 1.003097e-01 9.749682e-02 1.086516e-01 1.000000e-01 1.597535e+00 -0.995668 0.005471 0.021307 0.924577 0.038358 0.005955 0.995668 -0.006281 -0.029678 -0.930360 0.000000 
1.100645e-01 1.003097e-01 9.749682e-02 1.086516e-01 1.000000e-01 1.597535e+00 -0.995668 0.005471 0.021307 0.924577 0.038358 0.005955 0.995668 -0.006281 -0.029678 -0.930360 0.000000 
1.100645e-01 1.003097e-01 9.749682e-02 1.086516e-01 1.000000e-01 1.597535e+00 -0.995668 0.005471 0.021307 0.924577 0.038358 0.005955 0.995668 -0.006281 -0.029678 -0.930360 0.000000 
1.100645e-01 1.003097e-01 9.749682e-02 1.086516e-01 1.000000e-01 1.597535e+00 -0.995668 0.005471 0.021307 0.924577 0.038358 0.005955 0.995668 -0.006281 -0.029678 -0.930360 0.000000 
1.100645e-01 1.003097e-01 9.749682e-02 1.086516e-01 1.000000e-01 1.597535e+00 -0.995668 0.005471 0.021307 0.924577 0.038358 0.005955 0.995668 -0.006281 -0.029678 -0.930360 0.000000 
1.100645e-01 1.003097e-01 9.749682e-02 1.086516e-01 1.000000e-01 1.597535e+00 -0.995668 0.005471 0.021307 0.924577 0.038358 0.005955 0.995668 -0.006281 -0.029678 -0.930360 0.000000 
1.100645e-01 1.003097e-01 9.749682e-02 1.086516e-01 1.000000e-01 1.597535e+00 -0.995668 0.005471 0.021307 0.924577 0.038358 0.005955 0.995668 -0.006281 -0.029678 -0.930360 0.000000 
1.100645e-01 1.003097e-01 9.749682e-02 1.086516e-01 1.000000e-01 1.597535e+00 -0.995668 0.005471 0.021307 0.924577 0.038358 0.005955 0.995668 -0.006281 -0.029678 -0.930360 0.000000 
1.100645e-01 1.003097e-01 9.749682e-02 1.086516e-01 1.000000e-01 1.597535e+00 -0.995668 0.005471 0.021307 0.924577 0.038358 0.005955 0.995668 -0.006281 -0.029678 -0.930360 0.000000 
1.100645e-01 1.003097e-01 9.749682e-02 1.086516e-01 1.000000e-01 1.597535e+00 -0.995668 0.005471 0.021307 0.924577 0.038358 0.005955 0.995668 -0.006281 -0.029678 -0.930360 0.000000 
1.100645e-01 1.003097e-01 9.749682e-02 1.086516e-01 1.000000e-01 1.597535e+00 -0.995668 0.005471 0.021307 0.924577 0.038358 0.005955 0.995668 -0.006281 -0.029678 -0.930360 0.000000 
1.100645e-01 1.003097e-01 9.749682e-02 1.086516e-01 1.000000e-01 1.597535e+00 -0.995668 0.005471 0.021307 0.924577 0.038358 0.005955 0.995668 -0.006281 -0.029678 -0.930360 0.000000 
1.100645e-01 1.003097e-01 9.749682e-02 1.086516e-01 1.000000e-01 1.597535e+00 -0.995668 0.005471 0.021307 0.924577 0.038358 0.005955 0.995668 -0.006281 -0.029678 -0.930360 0.000000 
1.100645e-01 1.003097e-01 9.749682e-02 1.086516e-01 1.000000e-01 1.597535e+00 -0.995668 0.005471 0.021307 0.924577 0.038358 0.005955 0.995668 -0.006281 -0.029678 -0.930360 0.000000 
1.100645e-01 1.003097e-01 9.749682e-02 1.086516e-01 1.000000e-01 1.597535e+00 -0.995668 0.005471 0.021307 0.924577 0.038358 0.005955 0.995668 -0.006281 -0.029678 -0.930360 0.000000 
1.100645e-01 1.003097e-01 9.749682e-02 1.086516e-01 1.000000e-01 1.597535e+00 -0.995668 0.005471 0.021307 0.924577 0.038358 0.005955 0.995668 -0.006281 -0.029678 -0.930360 0.000000 
1.100645e-01 1.003097e-01 9.749682e-02 1.086516e-01 1.000000e-01 1.597535e+00 -0.995668 0.005471 0.021307 0.924577 0.038358 0.005955 0.995668 -0.006281 -0.029678 -0.930360 0.000000 
1.100645e-01 1.003097e-01 9.749682e-02 1.086516e-01 1.000000e-01 1.597535e+00 -0.995668 0.005471 0.021307 0.924577 0.038358 0.005955 0.995668 -0.006281 -0.029678 -0.930360 0.000000 
1.100645e-01 1.003097e-01 9.749682e-02 1.086516e-01 1.000000e-01 1.597535e+00 -0.995668 0.005471 0.021307 0.924577 0.038358 0.005955 0.995668 -0.006281 -0.029678 -0.930360 0.000000 
1.100645e-01 1.003097e-01 9.749682e-02 1.086516e-01 1.000000e-01 1.597535e+00 -0.995668 0.005471 0.021307 0.924577 0.038358 0.005955 0.995668 -0.006281 -0.029678 -0.930360 0.000000 
1.100645e-01 1.003097e-01 9.749682e-02 1.086516e-01 1.000000e-01 1.597535e+00 -0.995668 0.005471 0.021307 0.924577 0.038358 0.005955 0.995668 -0.006281 -0.029678 -0.930360 0.000000 
1.100645e-01 1.003097e-01 9.749682e-02 1.086516e-01 1.000000e-01 1.597535e+00 -0.995668 0.005471 0.021307 0.924577 0.038358 0.005955 0.995668 -0.006281 -0.029678 -0.930360 0.000000 
1.100645e-01 1.003097e-01 9.749682e-02 1.086516e-01 1.000000e-01 1.597535e+00 -0.995668 0.005471 0.021307 0.924577 0.038358 0.005955 0.995668 -0.006281 -0.029678 -0.930360 0.000000 
1.100645e-01 1.003097e-01 9.749682e-02 1.086516e-01 1.000000e-01 1.597535e+00 -0.995668 0.005471 0.021307 0.924577 0.038358 0.005955 0.995668 -0.006281 -0.029678 -0.930360 0.000000 
1.100645e-01 1.003097e-01 9.749682e-02 1.086516e-01 1.000000e-01 1.597535e+00 -0.995668 0.005471 0.021307 0.924577 0.038358 0.005955 0.995668 -0.006281 -0.029678 -0.930360 0.000000 
1.100645e-01 1.003097e-01 9.749682e-02 1.086516e-01 1.000000e-01 1.597535e+00 -0.995668 0.005471 0.021307 0.924577 0.038358 0.005955 0.995668 -0.006281 -0.029678 -0.930360 0.000000 
1.100645e-01 1.003097e-01 9.749682e-02 1.086516e-01 1.000000e-01 1.597535e+00 -0.995668 0.005471 0.021307 0.924577 0.038358 0.005955 0.995668 -0.006281 -0.029678 -0.930360 0.000000 
1.100645e-01 1.003097e-01 9.749682e-02 1.086516e-01 1.000000e-01 1.597535e+00 -0.995668 0.005471 0.021307 0.924577 0.038358 0.005955 0.995668 -0.006281 -0.029678 -0.930360 0.000000 
1.100645e-01 1.003097e-01 9.749682e-02 1.086516e-01 1.000000e-01 1.597535e+00 -0.995668 0.005471 0.021307 0.924577 0.038358 0.005955 0.995668 -0.006281 -0.029678 -0.930360 0.000000 
1.100645e-01 1.003097e-01 9.749682e-02 1.086516e-01 1.000000e-01 1.597535e+00 -0.995668 0.005471 0.021307 0.924577 0.038358 0.005955 0.995668 -0.006281 -0.029678 -0.930360 0.000000 
1.100645e-01 1.003097e-01 9.749682e-02 1.086516e-01 1.000000e-01 1.597535e+00 -0.995668 0.005471 0.021307 0.924577 0.038358 0.005955 0.995668 -0.006281 -0.029678 -0.930360 0.000000 
1.100645e-01 1.003097e-01 9.749682e-02 1.086516e-01 1.000000e-01 1.597535e+00 -0.995668 0.005471 0.021307 0.924577 0.038358 0.005955 0.995668 -0.006281 -0.029678 -0.930360 0.000000 
1.100645e-01 1.003097e-01 9.749682e-02 1.086516e-01 1.000000e-01 1.597535e+00 -0.995668 0.005471 0.021307 0.924577 0.038358 0.005955 0.995668 -0.006281 -0.029678 -0.930360 0.000000 
