# TeX TeY TeZ ThX ThY THZ P1 P2
1.000000e-01 1.000000e-01 1.435000e+00 1.000000e-01 1.000000e-01 1.435000e+00 0.000000 0.000000 0.000000 0.000000 0.000000 0.000000 0.000000 0.000000 0.000000 0.000000 0.000000 
1.000010e-01 1.000000e-01 1.426926e+00 9.999901e-02 1.000000e-01 1.441759e+00 -0.009800 0.000769 0.002548 0.003503 0.002397 0.000582 0.009800 -0.001258 -0.002516 -0.002518 0.000000 
1.000019e-01 1.000000e-01 1.418780e+00 9.999791e-02 1.000000e-01 1.448484e+00 -0.019626 0.001536 0.005102 0.007028 0.004798 0.001162 0.019626 -0.002519 -0.005039 -0.005043 0.000000 
1.000026e-01 1.000000e-01 1.410562e+00 9.999667e-02 1.000000e-01 1.455176e+00 -0.029477 0.002279 0.007662 0.010616 0.007197 0.001723 0.029477 -0.003783 -0.007568 -0.007575 0.000000 
1.000033e-01 1.000000e-01 1.402273e+00 9.999528e-02 1.000000e-01 1.461834e+00 -0.039352 0.002962 0.010229 0.014347 0.009579 0.002236 0.039352 -0.005051 -0.010103 -0.010112 0.000000 
1.000038e-01 1.000000e-01 1.393913e+00 9.999373e-02 1.000000e-01 1.468457e+00 -0.049252 0.003572 0.012801 0.018249 0.011940 0.002689 0.049252 -0.006321 -0.012645 -0.012656 0.000000 
1.000043e-01 1.000000e-01 1.385483e+00 9.999201e-02 1.000000e-01 1.475045e+00 -0.059175 0.004084 0.015378 0.022380 0.014269 0.003064 0.059174 -0.007595 -0.015192 -0.015206 0.000000 
1.000047e-01 1.000000e-01 1.376983e+00 9.999009e-02 1.000000e-01 1.481598e+00 -0.069120 0.004438 0.017954 0.026873 0.016541 0.003313 0.069120 -0.008871 -0.017746 -0.017762 0.000000 
1.000051e-01 1.000000e-01 1.368415e+00 9.998797e-02 1.000000e-01 1.488115e+00 -0.079088 0.004628 0.020527 0.031755 0.018748 0.003430 0.079088 -0.010150 -0.020305 -0.020324 0.000000 
1.000054e-01 1.000000e-01 1.359777e+00 9.998563e-02 1.000000e-01 1.494596e+00 -0.089078 0.004617 0.023086 0.037119 0.020868 0.003386 0.089077 -0.011433 -0.022869 -0.022891 0.000000 
1.000057e-01 1.000000e-01 1.351071e+00 9.998306e-02 1.000000e-01 1.501039e+00 -0.099088 0.004326 0.025613 0.043177 0.022852 0.003119 0.099088 -0.012717 -0.025439 -0.025463 0.000000 
1.000059e-01 1.000000e-01 1.342298e+00 9.998026e-02 1.000000e-01 1.507444e+00 -0.109117 0.003720 0.028086 0.050045 0.024663 0.002602 0.109117 -0.014004 -0.028014 -0.028040 0.000000 
1.000061e-01 1.000000e-01 1.333458e+00 9.997722e-02 1.000000e-01 1.513809e+00 -0.119165 0.002761 0.030474 0.057870 0.026255 0.001804 0.119165 -0.015294 -0.030594 -0.030622 0.000000 
1.000063e-01 1.000000e-01 1.324551e+00 9.997396e-02 1.000000e-01 1.520134e+00 -0.129230 0.001381 0.032725 0.066901 0.027548 0.000674 0.129230 -0.016586 -0.033178 -0.033209 0.000000 
1.000065e-01 1.000000e-01 1.315578e+00 9.997053e-02 1.000000e-01 1.526418e+00 -0.139313 -0.000564 0.034722 0.077687 0.028367 -0.000899 0.139313 -0.017880 -0.035767 -0.035800 0.000000 
1.000066e-01 1.000000e-01 1.306539e+00 9.996698e-02 1.000000e-01 1.532661e+00 -0.149413 -0.003074 0.036371 0.090413 0.028616 -0.002914 0.149413 -0.019176 -0.038359 -0.038395 0.000000 
1.000067e-01 1.000000e-01 1.297436e+00 9.996348e-02 1.000000e-01 1.538863e+00 -0.159529 -0.006222 0.037501 0.105578 0.028096 -0.005425 0.159529 -0.020475 -0.040957 -0.040995 0.000000 
1.000068e-01 1.000000e-01 1.288268e+00 9.996032e-02 1.000000e-01 1.545023e+00 -0.169662 -0.010085 0.037862 0.123838 0.026534 -0.008487 0.169662 -0.021775 -0.043558 -0.043599 0.000000 
1.000069e-01 1.000000e-01 1.279036e+00 9.995809e-02 1.000000e-01 1.551141e+00 -0.179814 -0.014869 0.036845 0.146824 0.023268 -0.012254 0.179814 -0.023078 -0.046165 -0.046207 0.000000 
1.000069e-01 1.000000e-01 1.269741e+00 9.995798e-02 1.000000e-01 1.557219e+00 -0.189989 -0.020519 0.033996 0.175264 0.017925 -0.016679 0.189988 -0.024384 -0.048777 -0.048822 0.000000 
1.000070e-01 1.000000e-01 1.260383e+00 9.996232e-02 1.000000e-01 1.563259e+00 -0.200193 -0.027095 0.028464 0.210862 0.009762 -0.021802 0.200193 -0.025693 -0.051396 -0.051444 0.000000 
1.000070e-01 1.000000e-01 1.250962e+00 9.997542e-02 1.000000e-01 1.569268e+00 -0.210444 -0.034659 0.019010 0.255977 -0.002224 -0.027662 0.210443 -0.027009 -0.054028 -0.054078 0.000000 
1.000071e-01 1.000000e-01 1.241480e+00 1.000054e-01 1.000000e-01 1.575259e+00 -0.220777 -0.043334 0.003520 0.314569 -0.019633 -0.034347 0.220776 -0.028335 -0.056681 -0.056734 0.000000 
1.000071e-01 1.000000e-01 1.231936e+00 1.000647e-01 1.000000e-01 1.581259e+00 -0.231270 -0.053352 -0.021620 0.393276 -0.045011 -0.042025 0.231269 -0.029682 -0.059375 -0.059430 0.000000 
1.000072e-01 1.000000e-01 1.222332e+00 1.001657e-01 1.000000e-01 1.587308e+00 -0.242034 -0.064877 -0.059574 0.497481 -0.080180 -0.050816 0.242034 -0.031064 -0.062139 -0.062196 0.000000 
1.000072e-01 1.000000e-01 1.212667e+00 1.002979e-01 1.000000e-01 1.593464e+00 -0.253234 -0.078288 -0.114221 0.634403 -0.127649 -0.061012 0.253233 -0.032501 -0.065014 -0.065074 0.000000 
1.000072e-01 1.000000e-01 1.202942e+00 1.003674e-01 1.000000e-01 1.597530e+00 -0.263057 -0.087826 -0.158816 0.742848 -0.164909 -0.068241 0.263056 -0.033762 -0.067536 -0.067598 0.000000 
1.000072e-01 1.000000e-01 1.193158e+00 1.003674e-01 1.000000e-01 1.597530e+00 -0.269521 -0.086997 -0.157156 0.744509 -0.163239 -0.067598 0.269520 -0.034591 -0.069195 -0.069259 0.000000 
1.000072e-01 1.000000e-01 1.183316e+00 1.003674e-01 1.000000e-01 1.597530e+00 -0.276024 -0.086162 -0.155487 0.746180 -0.161559 -0.066950 0.276023 -0.035426 -0.070865 -0.070931 0.000000 
1.000072e-01 1.000000e-01 1.173415e+00 1.003674e-01 1.000000e-01 1.597530e+00 -0.282565 -0.085323 -0.153807 0.747861 -0.159869 -0.066299 0.282564 -0.036265 -0.072544 -0.072611 0.000000 
1.000073e-01 1.000000e-01 1.163456e+00 1.003674e-01 1.000000e-01 1.597530e+00 -0.289144 -0.084479 -0.152118 0.749552 -0.158169 -0.065644 0.289144 -0.037110 -0.074233 -0.074302 0.000000 
1.000073e-01 1.000000e-01 1.153440e+00 1.003674e-01 1.000000e-01 1.597530e+00 -0.295762 -0.083629 -0.150419 0.751253 -0.156459 -0.064985 0.295761 -0.037959 -0.075932 -0.076003 0.000000 
1.000073e-01 1.000000e-01 1.143368e+00 1.003674e-01 1.000000e-01 1.597530e+00 -0.302416 -0.082775 -0.148711 0.752963 -0.154739 -0.064323 0.302416 -0.038813 -0.077641 -0.077713 0.000000 
1.000073e-01 1.000000e-01 1.133239e+00 1.003674e-01 1.000000e-01 1.597530e+00 -0.309108 -0.081916 -0.146993 0.754683 -0.153010 -0.063656 0.309108 -0.039672 -0.079359 -0.079432 0.000000 
1.000073e-01 1.000000e-01 1.123054e+00 1.003674e-01 1.000000e-01 1.597530e+00 -0.315837 -0.081053 -0.145265 0.756412 -0.151272 -0.062986 0.315837 -0.040536 -0.081086 -0.081161 0.000000 
1.000073e-01 1.000000e-01 1.112814e+00 1.003674e-01 1.000000e-01 1.597530e+00 -0.322602 -0.080185 -0.143528 0.758150 -0.149524 -0.062313 0.322602 -0.041404 -0.082823 -0.082900 0.000000 
1.000073e-01 1.000000e-01 1.102520e+00 1.003674e-01 1.000000e-01 1.597530e+00 -0.329404 -0.079312 -0.141782 0.759898 -0.147766 -0.061636 0.329403 -0.042277 -0.084569 -0.084648 0.000000 
1.000073e-01 1.000000e-01 1.092171e+00 1.003674e-01 1.000000e-01 1.597530e+00 -0.336241 -0.078434 -0.140027 0.761655 -0.146000 -0.060955 0.336241 -0.043154 -0.086325 -0.086405 0.000000 
1.000073e-01 1.000000e-01 1.081768e+00 1.003674e-01 1.000000e-01 1.597530e+00 -0.343114 -0.077552 -0.138262 0.763421 -0.144224 -0.060270 0.343114 -0.044036 -0.088089 -0.088171 0.000000 
1.000073e-01 1.000000e-01 1.071311e+00 1.003674e-01 1.000000e-01 1.597530e+00 -0.350022 -0.076666 -0.136489 0.765196 -0.142439 -0.059583 0.350022 -0.044923 -0.089863 -0.089946 0.000000 
1.000073e-01 1.000000e-01 1.060802e+00 1.003674e-01 1.000000e-01 1.597530e+00 -0.356966 -0.075774 -0.134706 0.766981 -0.140645 -0.058891 0.356965 -0.045814 -0.091645 -0.091730 0.000000 
1.000073e-01 1.000000e-01 1.050241e+00 1.003674e-01 1.000000e-01 1.597530e+00 -0.363943 -0.074879 -0.132915 0.768774 -0.138842 -0.058196 0.363943 -0.046710 -0.093437 -0.093524 0.000000 
1.000073e-01 1.000000e-01 1.039627e+00 1.003674e-01 1.000000e-01 1.597530e+00 -0.370956 -0.073979 -0.131114 0.770576 -0.137030 -0.057498 0.370955 -0.047610 -0.095237 -0.095325 0.000000 
1.000073e-01 1.000000e-01 1.028962e+00 1.003674e-01 1.000000e-01 1.597530e+00 -0.378002 -0.073075 -0.129305 0.772386 -0.135210 -0.056797 0.378001 -0.048514 -0.097046 -0.097136 0.000000 
1.000073e-01 1.000000e-01 1.018246e+00 1.003674e-01 1.000000e-01 1.597530e+00 -0.385082 -0.072166 -0.127488 0.774206 -0.133380 -0.056092 0.385081 -0.049423 -0.098864 -0.098955 0.000000 
1.000073e-01 1.000000e-01 1.007479e+00 1.003674e-01 1.000000e-01 1.597530e+00 -0.392195 -0.071253 -0.125661 0.776034 -0.131542 -0.055383 0.392194 -0.050336 -0.100690 -0.100783 0.000000 
1.000073e-01 1.000000e-01 9.966623e-01 1.003674e-01 1.000000e-01 1.597530e+00 -0.399342 -0.070336 -0.123827 0.777870 -0.129696 -0.054672 0.399341 -0.051253 -0.102525 -0.102620 0.000000 
1.000073e-01 1.000000e-01 9.857958e-01 1.003674e-01 1.000000e-01 1.597530e+00 -0.406521 -0.069414 -0.121984 0.779715 -0.127841 -0.053957 0.406520 -0.052174 -0.104368 -0.104465 0.000000 
1.000073e-01 1.000000e-01 9.748799e-01 1.003674e-01 1.000000e-01 1.597530e+00 -0.413733 -0.068489 -0.120132 0.781568 -0.125977 -0.053239 0.413732 -0.053100 -0.106220 -0.106318 0.000000 
1.000073e-01 1.000000e-01 9.639152e-01 1.003674e-01 1.000000e-01 1.597530e+00 -0.420977 -0.067559 -0.118272 0.783430 -0.124106 -0.052518 0.420976 -0.054030 -0.108079 -0.108180 0.000000 
1.000073e-01 1.000000e-01 9.529022e-01 1.003674e-01 1.000000e-01 1.597530e+00 -0.428253 -0.066625 -0.116404 0.785299 -0.122226 -0.051793 0.428252 -0.054963 -0.109947 -0.110049 0.000000 
1.000073e-01 1.000000e-01 9.418411e-01 1.003674e-01 1.000000e-01 1.597530e+00 -0.435561 -0.065687 -0.114528 0.787177 -0.120338 -0.051065 0.435560 -0.055901 -0.111824 -0.111927 0.000000 
1.000073e-01 1.000000e-01 9.307325e-01 1.003674e-01 1.000000e-01 1.597530e+00 -0.442900 -0.064745 -0.112644 0.789063 -0.118441 -0.050335 0.442899 -0.056843 -0.113708 -0.113813 0.000000 
1.000073e-01 1.000000e-01 9.195768e-01 1.003674e-01 1.000000e-01 1.597530e+00 -0.450270 -0.063800 -0.110752 0.790957 -0.116537 -0.049601 0.450270 -0.057789 -0.115600 -0.115707 0.000000 
1.000073e-01 1.000000e-01 9.083744e-01 1.003674e-01 1.000000e-01 1.597530e+00 -0.457672 -0.062850 -0.108851 0.792859 -0.114625 -0.048864 0.457671 -0.058739 -0.117500 -0.117609 0.000000 
1.000073e-01 1.000000e-01 8.971256e-01 1.003674e-01 1.000000e-01 1.597530e+00 -0.465103 -0.061896 -0.106943 0.794769 -0.112704 -0.048124 0.465103 -0.059693 -0.119408 -0.119519 0.000000 
1.000073e-01 1.000000e-01 8.858310e-01 1.003674e-01 1.000000e-01 1.597530e+00 -0.472565 -0.060938 -0.105028 0.796687 -0.110776 -0.047381 0.472565 -0.060651 -0.121324 -0.121436 0.000000 
1.000073e-01 1.000000e-01 8.744909e-01 1.003674e-01 1.000000e-01 1.597530e+00 -0.480058 -0.059977 -0.103104 0.798612 -0.108840 -0.046635 0.480057 -0.061612 -0.123247 -0.123362 0.000000 
1.000073e-01 1.000000e-01 8.631057e-01 1.003674e-01 1.000000e-01 1.597530e+00 -0.487580 -0.059011 -0.101173 0.800545 -0.106897 -0.045886 0.487579 -0.062578 -0.125179 -0.125295 0.000000 
1.000073e-01 1.000000e-01 8.516758e-01 1.003674e-01 1.000000e-01 1.597530e+00 -0.495131 -0.058042 -0.099234 0.802485 -0.104946 -0.045134 0.495130 -0.063547 -0.127117 -0.127235 0.000000 
1.000073e-01 1.000000e-01 8.402016e-01 1.003674e-01 1.000000e-01 1.597530e+00 -0.502712 -0.057069 -0.097288 0.804433 -0.102987 -0.044379 0.502711 -0.064520 -0.129063 -0.129183 0.000000 
1.000073e-01 1.000000e-01 8.286836e-01 1.003674e-01 1.000000e-01 1.597530e+00 -0.510322 -0.056092 -0.095334 0.806389 -0.101021 -0.043621 0.510321 -0.065496 -0.131017 -0.131139 0.000000 
1.000073e-01 1.000000e-01 8.171219e-01 1.003674e-01 1.000000e-01 1.597530e+00 -0.517960 -0.055112 -0.093373 0.808352 -0.099047 -0.042861 0.517959 -0.066477 -0.132978 -0.133101 0.000000 
1.000073e-01 1.000000e-01 8.055172e-01 1.003674e-01 1.000000e-01 1.597530e+00 -0.525627 -0.054128 -0.091405 0.810322 -0.097066 -0.042097 0.525626 -0.067461 -0.134947 -0.135072 0.000000 
1.000073e-01 1.000000e-01 7.938697e-01 1.003674e-01 1.000000e-01 1.597530e+00 -0.533322 -0.053140 -0.089429 0.812299 -0.095078 -0.041331 0.533322 -0.068448 -0.136922 -0.137049 0.000000 
1.000073e-01 1.000000e-01 7.821798e-01 1.003674e-01 1.000000e-01 1.597530e+00 -0.541046 -0.052149 -0.087446 0.814284 -0.093082 -0.040562 0.541045 -0.069440 -0.138905 -0.139034 0.000000 
1.000073e-01 9.999999e-02 7.704478e-01 1.003674e-01 1.000000e-01 1.597530e+00 -0.548797 -0.051154 -0.085457 0.816276 -0.091080 -0.039790 0.548796 -0.070434 -0.140895 -0.141026 0.000000 
1.000073e-01 9.999999e-02 7.586742e-01 1.003674e-01 1.000000e-01 1.597530e+00 -0.556575 -0.050156 -0.083459 0.818275 -0.089070 -0.039016 0.556575 -0.071433 -0.142892 -0.143025 0.000000 
1.000073e-01 9.999999e-02 7.468594e-01 1.003674e-01 1.000000e-01 1.597530e+00 -0.564381 -0.049154 -0.081455 0.820281 -0.087053 -0.038239 0.564380 -0.072434 -0.144896 -0.145030 0.000000 
1.000073e-01 9.999999e-02 7.350035e-01 1.003674e-01 1.000000e-01 1.597530e+00 -0.572214 -0.048149 -0.079444 0.822293 -0.085029 -0.037459 0.572213 -0.073440 -0.146907 -0.147043 0.000000 
1.000073e-01 9.999999e-02 7.231071e-01 1.003674e-01 1.000000e-01 1.597530e+00 -0.580074 -0.047140 -0.077427 0.824313 -0.082998 -0.036676 0.580073 -0.074448 -0.148925 -0.149063 0.000000 
1.000073e-01 9.999999e-02 7.111705e-01 1.003674e-01 1.000000e-01 1.597530e+00 -0.587960 -0.046128 -0.075402 0.826340 -0.080961 -0.035891 0.587959 -0.075461 -0.150950 -0.151089 0.000000 
1.000073e-01 9.999998e-02 6.991939e-01 1.003674e-01 1.000000e-01 1.597530e+00 -0.595873 -0.045113 -0.073371 0.828373 -0.078916 -0.035103 0.595872 -0.076476 -0.152981 -0.153123 0.000000 
1.000073e-01 9.999998e-02 6.871778e-01 1.003674e-01 1.000000e-01 1.597530e+00 -0.603811 -0.044094 -0.071332 0.830413 -0.076865 -0.034313 0.603811 -0.077495 -0.155019 -0.155163 0.000000 
1.000073e-01 9.999998e-02 6.751226e-01 1.003674e-01 1.000000e-01 1.597530e+00 -0.611776 -0.043071 -0.069288 0.832460 -0.074807 -0.033520 0.611775 -0.078517 -0.157064 -0.157210 0.000000 
1.000073e-01 9.999997e-02 6.630284e-01 1.003674e-01 1.000000e-01 1.597530e+00 -0.619766 -0.042046 -0.067236 0.834513 -0.072742 -0.032724 0.619766 -0.079543 -0.159115 -0.159263 0.000000 
1.000073e-01 9.999996e-02 6.508957e-01 1.003674e-01 1.000000e-01 1.597530e+00 -0.627782 -0.041017 -0.065178 0.836573 -0.070671 -0.031926 0.627782 -0.080571 -0.161173 -0.161323 0.000000 
1.000073e-01 9.999996e-02 6.387248e-01 1.003674e-01 1.000000e-01 1.597530e+00 -0.635823 -0.039985 -0.063114 0.838639 -0.068594 -0.031125 0.635823 -0.081603 -0.163238 -0.163389 0.000000 
1.000073e-01 9.999995e-02 6.265160e-01 1.003674e-01 1.000000e-01 1.597530e+00 -0.643889 -0.038950 -0.061043 0.840712 -0.066510 -0.030322 0.643889 -0.082639 -0.165309 -0.165462 0.000000 
1.000073e-01 9.999994e-02 6.142696e-01 1.003674e-01 1.000000e-01 1.597530e+00 -0.651980 -0.037912 -0.058966 0.842791 -0.064419 -0.029516 0.651980 -0.083677 -0.167386 -0.167541 0.000000 
1.000073e-01 9.999992e-02 6.019860e-01 1.003674e-01 1.000000e-01 1.597530e+00 -0.660096 -0.036870 -0.056882 0.844877 -0.062322 -0.028708 0.660095 -0.084719 -0.169469 -0.169626 0.000000 
1.000073e-01 9.999991e-02 5.896654e-01 1.003674e-01 1.000000e-01 1.597530e+00 -0.668236 -0.035825 -0.054792 0.846968 -0.060219 -0.027898 0.668235 -0.085763 -0.171559 -0.171718 0.000000 
1.000073e-01 9.999989e-02 5.773082e-01 1.003674e-01 1.000000e-01 1.597530e+00 -0.676400 -0.034777 -0.052696 0.849066 -0.058109 -0.027085 0.676399 -0.086811 -0.173655 -0.173816 0.000000 
1.000073e-01 9.999987e-02 5.649147e-01 1.003674e-01 1.000000e-01 1.597530e+00 -0.684588 -0.033727 -0.050594 0.851170 -0.055994 -0.026270 0.684587 -0.087862 -0.175757 -0.175920 0.000000 
1.000073e-01 9.999984e-02 5.524852e-01 1.003674e-01 1.000000e-01 1.597530e+00 -0.692800 -0.032673 -0.048486 0.853281 -0.053872 -0.025452 0.692799 -0.088916 -0.177866 -0.178031 0.000000 
1.000073e-01 9.999981e-02 5.400199e-01 1.003674e-01 1.000000e-01 1.597530e+00 -0.701035 -0.031616 -0.046372 0.855397 -0.051744 -0.024632 0.701035 -0.089973 -0.179980 -0.180147 0.000000 
1.000073e-01 9.999977e-02 5.275193e-01 1.003674e-01 1.000000e-01 1.597530e+00 -0.709294 -0.030556 -0.044251 0.857519 -0.049610 -0.023809 0.709294 -0.091033 -0.182100 -0.182269 0.000000 
1.000073e-01 9.999972e-02 5.149835e-01 1.003674e-01 1.000000e-01 1.597530e+00 -0.717576 -0.029493 -0.042125 0.859648 -0.047470 -0.022985 0.717576 -0.092096 -0.184227 -0.184398 0.000000 
1.000073e-01 9.999966e-02 5.024128e-01 1.003674e-01 1.000000e-01 1.597530e+00 -0.725882 -0.028427 -0.039993 0.861782 -0.045324 -0.022158 0.725881 -0.093161 -0.186359 -0.186532 0.000000 
1.000073e-01 9.999958e-02 4.898077e-01 1.003674e-01 1.000000e-01 1.597530e+00 -0.734210 -0.027358 -0.037855 0.863922 -0.043173 -0.021329 0.734209 -0.094230 -0.188497 -0.188673 0.000000 
1.000073e-01 9.999949e-02 4.771682e-01 1.003674e-01 1.000000e-01 1.597530e+00 -0.742560 -0.026286 -0.035711 0.866068 -0.041015 -0.020497 0.742560 -0.095301 -0.190641 -0.190819 0.000000 
1.000073e-01 9.999939e-02 4.644948e-01 1.003674e-01 1.000000e-01 1.597530e+00 -0.750933 -0.025212 -0.033561 0.868219 -0.038851 -0.019663 0.750933 -0.096376 -0.192790 -0.192972 0.000000 
1.000073e-01 9.999925e-02 4.517877e-01 1.003674e-01 1.000000e-01 1.597530e+00 -0.759329 -0.024134 -0.031406 0.870377 -0.036682 -0.018827 0.759328 -0.097452 -0.194946 -0.195131 0.000000 
1.000073e-01 9.999909e-02 4.390471e-01 1.003674e-01 1.000000e-01 1.597530e+00 -0.767746 -0.023054 -0.029245 0.872540 -0.034507 -0.017989 0.767746 -0.098531 -0.197107 -0.197296 0.000000 
1.000073e-01 9.999890e-02 4.262734e-01 1.003674e-01 1.000000e-01 1.597530e+00 -0.776185 -0.021971 -0.027078 0.874708 -0.032327 -0.017149 0.776185 -0.099613 -0.199274 -0.199468 0.000000 
1.000073e-01 9.999866e-02 4.134668e-01 1.003674e-01 1.000000e-01 1.597530e+00 -0.784646 -0.020885 -0.024906 0.876883 -0.030141 -0.016307 0.784646 -0.100696 -0.201446 -0.201647 0.000000 
1.000073e-01 9.999837e-02 4.006276e-01 1.003674e-01 1.000000e-01 1.597530e+00 -0.793129 -0.019796 -0.022728 0.879063 -0.027949 -0.015462 0.793129 -0.101781 -0.203624 -0.203835 0.000000 
1.000073e-01 9.999801e-02 3.877560e-01 1.003674e-01 1.000000e-01 1.597530e+00 -0.801633 -0.018705 -0.020545 0.881248 -0.025752 -0.014615 0.801633 -0.102867 -0.205808 -0.206032 0.000000 
1.000073e-01 9.999757e-02 3.748523e-01 1.003674e-01 1.000000e-01 1.597530e+00 -0.810158 -0.017610 -0.018356 0.883439 -0.023549 -0.013766 0.810158 -0.103952 -0.207997 -0.208240 0.000000 
1.000073e-01 9.999704e-02 3.619167e-01 1.003674e-01 1.000000e-01 1.597530e+00 -0.818704 -0.016514 -0.016162 0.885635 -0.021341 -0.012915 0.818704 -0.105036 -0.210193 -0.210463 0.000000 
1.000073e-01 9.999639e-02 3.489495e-01 1.003674e-01 1.000000e-01 1.597530e+00 -0.827272 -0.015414 -0.013962 0.887836 -0.019127 -0.012062 0.827271 -0.106115 -0.212394 -0.212705 0.000000 
1.000073e-01 9.999559e-02 3.359510e-01 1.003674e-01 1.000000e-01 1.597530e+00 -0.835859 -0.014312 -0.011758 0.890043 -0.016908 -0.011207 0.835859 -0.107186 -0.214601 -0.214973 0.000000 
1.000073e-01 9.999461e-02 3.229214e-01 1.003674e-01 1.000000e-01 1.597530e+00 -0.844468 -0.013207 -0.009547 0.892255 -0.014684 -0.010350 0.844467 -0.108244 -0.216815 -0.217279 0.000000 
1.000073e-01 9.999341e-02 3.098610e-01 1.003674e-01 1.000000e-01 1.597530e+00 -0.853097 -0.012100 -0.007332 0.894473 -0.012454 -0.009491 0.853096 -0.109280 -0.219036 -0.219639 0.000000 
1.000073e-01 9.999194e-02 2.967699e-01 1.003674e-01 1.000000e-01 1.597530e+00 -0.861746 -0.010989 -0.005112 0.896695 -0.010220 -0.008630 0.861745 -0.110280 -0.221265 -0.222081 0.000000 
1.000073e-01 9.999015e-02 2.836484e-01 1.003674e-01 1.000000e-01 1.597530e+00 -0.870415 -0.009877 -0.002886 0.898923 -0.007980 -0.007766 0.870415 -0.111226 -0.223504 -0.224644 0.000000 
1.000073e-01 9.998795e-02 2.704968e-01 1.003674e-01 1.000000e-01 1.597530e+00 -0.879104 -0.008762 -0.000655 0.901156 -0.005735 -0.006901 0.879104 -0.112087 -0.225754 -0.227387 0.000000 
1.000073e-01 9.998526e-02 2.573152e-01 1.003674e-01 1.000000e-01 1.597530e+00 -0.887813 -0.007644 0.001581 0.903394 -0.003484 -0.006034 0.887813 -0.112814 -0.228017 -0.230415 0.000000 
1.000073e-01 9.998199e-02 2.441038e-01 1.003674e-01 1.000000e-01 1.597530e+00 -0.896542 -0.006524 0.003822 0.905637 -0.001229 -0.005165 0.896542 -0.113341 -0.230296 -0.233863 0.000000 
1.000073e-01 9.997801e-02 2.308630e-01 1.003674e-01 1.000000e-01 1.597530e+00 -0.905291 -0.005401 0.006068 0.907885 0.001032 -0.004294 0.905291 -0.113558 -0.232590 -0.237971 0.000000 
1.000073e-01 9.997321e-02 2.175927e-01 1.003674e-01 1.000000e-01 1.597530e+00 -0.914059 -0.004275 0.008319 0.910138 0.003297 -0.003421 0.914059 -0.113297 -0.234893 -0.243116 0.000000 
1.000073e-01 9.996746e-02 2.042932e-01 1.003674e-01 1.000000e-01 1.597530e+00 -0.922848 -0.003147 0.010575 0.912397 0.005568 -0.002546 0.922848 -0.112336 -0.237176 -0.249838 0.000000 
1.000073e-01 9.996067e-02 1.909646e-01 1.003674e-01 1.000000e-01 1.597530e+00 -0.931656 -0.002017 0.012837 0.914660 0.007844 -0.001668 0.931656 -0.110299 -0.239356 -0.259119 0.000000 
1.000073e-01 9.995286e-02 1.776069e-01 1.003674e-01 1.000000e-01 1.597530e+00 -0.940485 -0.000884 0.015104 0.916929 0.010125 -0.000789 0.940485 -0.106678 -0.241198 -0.272539 0.000000 
1.000073e-01 9.994429e-02 1.642199e-01 1.003674e-01 1.000000e-01 1.597530e+00 -0.949336 0.000252 0.017376 0.919204 0.012412 0.000092 0.949336 -0.100834 -0.242139 -0.292622 0.000000 
1.000073e-01 9.993616e-02 1.508026e-01 1.003674e-01 1.000000e-01 1.597530e+00 -0.958212 0.001391 0.019655 0.921484 0.014705 0.000976 0.958212 -0.091847 -0.240704 -0.324300 0.000000 
1.000073e-01 9.993348e-02 1.373496e-01 1.003674e-01 1.000000e-01 1.597530e+00 -0.967130 0.002536 0.021944 0.923776 0.017010 0.001864 0.967130 -0.078714 -0.233139 -0.377037 0.000000 
1.000073e-01 9.995782e-02 1.238339e-01 1.003674e-01 1.000000e-01 1.597530e+00 -0.976175 0.003697 0.024267 0.926101 0.019347 0.002764 0.976175 -0.060567 -0.210541 -0.469234 0.000000 
1.000073e-01 1.000865e-01 1.101376e-01 1.003674e-01 1.000000e-01 1.597530e+00 -0.985730 0.004923 0.026719 0.928556 0.021815 0.003716 0.985730 -0.036117 -0.150844 -0.642061 0.000000 
1.000073e-01 1.003091e-01 9.749935e-02 1.003674e-01 1.000000e-01 1.597530e+00 -0.995754 0.006210 0.029293 0.931132 0.024406 0.004714 0.995754 -0.006299 -0.029732 -0.930312 0.000000 
1.000073e-01 1.003091e-01 9.749935e-02 1.003674e-01 1.000000e-01 1.597530e+00 -0.995754 0.006210 0.029293 0.931132 0.024406 0.004714 0.995754 -0.006299 -0.029732 -0.930312 0.000000 
1.000073e-01 1.003091e-01 9.749935e-02 1.003674e-01 1.000000e-01 1.597530e+00 -0.995754 0.006210 0.029293 0.931132 0.024406 0.004714 0.995754 -0.006299 -0.029732 -0.930312 0.000000 
1.000073e-01 1.003091e-01 9.749935e-02 1.003674e-01 1.000000e-01 1.597530e+00 -0.995754 0.006210 0.029293 0.931132 0.024406 0.004714 0.995754 -0.006299 -0.029732 -0.930312 0.000000 
1.000073e-01 1.003091e-01 9.749935e-02 1.003674e-01 1.000000e-01 1.597530e+00 -0.995754 0.006210 0.029293 0.931132 0.024406 0.004714 0.995754 -0.006299 -0.029732 -0.930312 0.000000 
1.000073e-01 1.003091e-01 9.749935e-02 1.003674e-01 1.000000e-01 1.597530e+00 -0.995754 0.006210 0.029293 0.931132 0.024406 0.004714 0.995754 -0.006299 -0.029732 -0.930312 0.000000 
1.000073e-01 1.003091e-01 9.749935e-02 1.003674e-01 1.000000e-01 1.597530e+00 -0.995754 0.006210 0.029293 0.931132 0.024406 0.004714 0.995754 -0.006299 -0.029732 -0.930312 0.000000 
1.000073e-01 1.003091e-01 9.749935e-02 1.003674e-01 1.000000e-01 1.597530e+00 -0.995754 0.006210 0.029293 0.931132 0.024406 0.004714 0.995754 -0.006299 -0.029732 -0.930312 0.000000 
1.000073e-01 1.003091e-01 9.749935e-02 1.003674e-01 1.000000e-01 1.597530e+00 -0.995754 0.006210 0.029293 0.931132 0.024406 0.004714 0.995754 -0.006299 -0.029732 -0.930312 0.000000 
1.000073e-01 1.003091e-01 9.749935e-02 1.003674e-01 1.000000e-01 1.597530e+00 -0.995754 0.006210 0.029293 0.931132 0.024406 0.004714 0.995754 -0.006299 -0.029732 -0.930312 0.000000 
1.000073e-01 1.003091e-01 9.749935e-02 1.003674e-01 1.000000e-01 1.597530e+00 -0.995754 0.006210 0.029293 0.931132 0.024406 0.004714 0.995754 -0.006299 -0.029732 -0.930312 0.000000 
1.000073e-01 1.003091e-01 9.749935e-02 1.003674e-01 1.000000e-01 1.597530e+00 -0.995754 0.006210 0.029293 0.931132 0.024406 0.004714 0.995754 -0.006299 -0.029732 -0.930312 0.000000 
1.000073e-01 1.003091e-01 9.749935e-02 1.003674e-01 1.000000e-01 1.597530e+00 -0.995754 0.006210 0.029293 0.931132 0.024406 0.004714 0.995754 -0.006299 -0.029732 -0.930312 0.000000 
1.000073e-01 1.003091e-01 9.749935e-02 1.003674e-01 1.000000e-01 1.597530e+00 -0.995754 0.006210 0.029293 0.931132 0.024406 0.004714 0.995754 -0.006299 -0.029732 -0.930312 0.000000 
1.000073e-01 1.003091e-01 9.749935e-02 1.003674e-01 1.000000e-01 1.597530e+00 -0.995754 0.006210 0.029293 0.931132 0.024406 0.004714 0.995754 -0.006299 -0.029732 -0.930312 0.000000 
1.000073e-01 1.003091e-01 9.749935e-02 1.003674e-01 1.000000e-01 1.597530e+00 -0.995754 0.006210 0.029293 0.931132 0.024406 0.004714 0.995754 -0.006299 -0.029732 -0.930312 0.000000 
1.000073e-01 1.003091e-01 9.749935e-02 1.003674e-01 1.000000e-01 1.597530e+00 -0.995754 0.006210 0.029293 0.931132 0.024406 0.004714 0.995754 -0.006299 -0.029732 -0.930312 0.000000 
1.000073e-01 1.003091e-01 9.749935e-02 1.003674e-01 1.000000e-01 1.597530e+00 -0.995754 0.006210 0.029293 0.931132 0.024406 0.004714 0.995754 -0.006299 -0.029732 -0.930312 0.000000 
1.000073e-01 1.003091e-01 9.749935e-02 1.003674e-01 1.000000e-01 1.597530e+00 -0.995754 0.006210 0.029293 0.931132 0.024406 0.004714 0.995754 -0.006299 -0.029732 -0.930312 0.000000 
1.000073e-01 1.003091e-01 9.749935e-02 1.003674e-01 1.000000e-01 1.597530e+00 -0.995754 0.006210 0.029293 0.931132 0.024406 0.004714 0.995754 -0.006299 -0.029732 -0.930312 0.000000 
1.000073e-01 1.003091e-01 9.749935e-02 1.003674e-01 1.000000e-01 1.597530e+00 -0.995754 0.006210 0.029293 0.931132 0.024406 0.004714 0.995754 -0.006299 -0.029732 -0.930312 0.000000 
1.000073e-01 1.003091e-01 9.749935e-02 1.003674e-01 1.000000e-01 1.597530e+00 -0.995754 0.006210 0.029293 0.931132 0.024406 0.004714 0.995754 -0.006299 -0.029732 -0.930312 0.000000 
1.000073e-01 1.003091e-01 9.749935e-02 1.003674e-01 1.000000e-01 1.597530e+00 -0.995754 0.006210 0.029293 0.931132 0.024406 0.004714 0.995754 -0.006299 -0.029732 -0.930312 0.000000 
1.000073e-01 1.003091e-01 9.749935e-02 1.003674e-01 1.000000e-01 1.597530e+00 -0.995754 0.006210 0.029293 0.931132 0.024406 0.004714 0.995754 -0.006299 -0.029732 -0.930312 0.000000 
1.000073e-01 1.003091e-01 9.749935e-02 1.003674e-01 1.000000e-01 1.597530e+00 -0.995754 0.006210 0.029293 0.931132 0.024406 0.004714 0.995754 -0.006299 -0.029732 -0.930312 0.000000 
1.000073e-01 1.003091e-01 9.749935e-02 1.003674e-01 1.000000e-01 1.597530e+00 -0.995754 0.006210 0.029293 0.931132 0.024406 0.004714 0.995754 -0.006299 -0.029732 -0.930312 0.000000 
1.000073e-01 1.003091e-01 9.749935e-02 1.003674e-01 1.000000e-01 1.597530e+00 -0.995754 0.006210 0.029293 0.931132 0.024406 0.004714 0.995754 -0.006299 -0.029732 -0.930312 0.000000 
1.000073e-01 1.003091e-01 9.749935e-02 1.003674e-01 1.000000e-01 1.597530e+00 -0.995754 0.006210 0.029293 0.931132 0.024406 0.004714 0.995754 -0.006299 -0.029732 -0.930312 0.000000 
1.000073e-01 1.003091e-01 9.749935e-02 1.003674e-01 1.000000e-01 1.597530e+00 -0.995754 0.006210 0.029293 0.931132 0.024406 0.004714 0.995754 -0.006299 -0.029732 -0.930312 0.000000 
1.000073e-01 1.003091e-01 9.749935e-02 1.003674e-01 1.000000e-01 1.597530e+00 -0.995754 0.006210 0.029293 0.931132 0.024406 0.004714 0.995754 -0.006299 -0.029732 -0.930312 0.000000 
1.000073e-01 1.003091e-01 9.749935e-02 1.003674e-01 1.000000e-01 1.597530e+00 -0.995754 0.006210 0.029293 0.931132 0.024406 0.004714 0.995754 -0.006299 -0.029732 -0.930312 0.000000 
1.000073e-01 1.003091e-01 9.749935e-02 1.003674e-01 1.000000e-01 1.597530e+00 -0.995754 0.006210 0.029293 0.931132 0.024406 0.004714 0.995754 -0.006299 -0.029732 -0.930312 0.000000 
1.000073e-01 1.003091e-01 9.749935e-02 1.003674e-01 1.000000e-01 1.597530e+00 -0.995754 0.006210 0.029293 0.931132 0.024406 0.004714 0.995754 -0.006299 -0.029732 -0.930312 0.000000 
1.000073e-01 1.003091e-01 9.749935e-02 1.003674e-01 1.000000e-01 1.597530e+00 -0.995754 0.006210 0.029293 0.931132 0.024406 0.004714 0.995754 -0.006299 -0.029732 -0.930312 0.000000 
1.000073e-01 1.003091e-01 9.749935e-02 1.003674e-01 1.000000e-01 1.597530e+00 -0.995754 0.006210 0.029293 0.931132 0.024406 0.004714 0.995754 -0.006299 -0.029732 -0.930312 0.000000 
1.000073e-01 1.003091e-01 9.749935e-02 1.003674e-01 1.000000e-01 1.597530e+00 -0.995754 0.006210 0.029293 0.931132 0.024406 0.004714 0.995754 -0.006299 -0.029732 -0.930312 0.000000 
1.000073e-01 1.003091e-01 9.749935e-02 1.003674e-01 1.000000e-01 1.597530e+00 -0.995754 0.006210 0.029293 0.931132 0.024406 0.004714 0.995754 -0.006299 -0.029732 -0.930312 0.000000 
1.000073e-01 1.003091e-01 9.749935e-02 1.003674e-01 1.000000e-01 1.597530e+00 -0.995754 0.006210 0.029293 0.931132 0.024406 0.004714 0.995754 -0.006299 -0.029732 -0.930312 0.000000 
1.000073e-01 1.003091e-01 9.749935e-02 1.003674e-01 1.000000e-01 1.597530e+00 -0.995754 0.006210 0.029293 0.931132 0.024406 0.004714 0.995754 -0.006299 -0.029732 -0.930312 0.000000 
1.000073e-01 1.003091e-01 9.749935e-02 1.003674e-01 1.000000e-01 1.597530e+00 -0.995754 0.006210 0.029293 0.931132 0.024406 0.004714 0.995754 -0.006299 -0.029732 -0.930312 0.000000 
1.000073e-01 1.003091e-01 9.749935e-02 1.003674e-01 1.000000e-01 1.597530e+00 -0.995754 0.006210 0.029293 0.931132 0.024406 0.004714 0.995754 -0.006299 -0.029732 -0.930312 0.000000 
1.000073e-01 1.003091e-01 9.749935e-02 1.003674e-01 1.000000e-01 1.597530e+00 -0.995754 0.006210 0.029293 0.931132 0.024406 0.004714 0.995754 -0.006299 -0.029732 -0.930312 0.000000 
1.000073e-01 1.003091e-01 9.749935e-02 1.003674e-01 1.000000e-01 1.597530e+00 -0.995754 0.006210 0.029293 0.931132 0.024406 0.004714 0.995754 -0.006299 -0.029732 -0.930312 0.000000 
1.000073e-01 1.003091e-01 9.749935e-02 1.003674e-01 1.000000e-01 1.597530e+00 -0.995754 0.006210 0.029293 0.931132 0.024406 0.004714 0.995754 -0.006299 -0.029732 -0.930312 0.000000 
1.000073e-01 1.003091e-01 9.749935e-02 1.003674e-01 1.000000e-01 1.597530e+00 -0.995754 0.006210 0.029293 0.931132 0.024406 0.004714 0.995754 -0.006299 -0.029732 -0.930312 0.000000 
1.000073e-01 1.003091e-01 9.749935e-02 1.003674e-01 1.000000e-01 1.597530e+00 -0.995754 0.006210 0.029293 0.931132 0.024406 0.004714 0.995754 -0.006299 -0.029732 -0.930312 0.000000 
1.000073e-01 1.003091e-01 9.749935e-02 1.003674e-01 1.000000e-01 1.597530e+00 -0.995754 0.006210 0.029293 0.931132 0.024406 0.004714 0.995754 -0.006299 -0.029732 -0.930312 0.000000 
1.000073e-01 1.003091e-01 9.749935e-02 1.003674e-01 1.000000e-01 1.597530e+00 -0.995754 0.006210 0.029293 0.931132 0.024406 0.004714 0.995754 -0.006299 -0.029732 -0.930312 0.000000 
1.000073e-01 1.003091e-01 9.749935e-02 1.003674e-01 1.000000e-01 1.597530e+00 -0.995754 0.006210 0.029293 0.931132 0.024406 0.004714 0.995754 -0.006299 -0.029732 -0.930312 0.000000 
1.000073e-01 1.003091e-01 9.749935e-02 1.003674e-01 1.000000e-01 1.597530e+00 -0.995754 0.006210 0.029293 0.931132 0.024406 0.004714 0.995754 -0.006299 -0.029732 -0.930312 0.000000 
1.000073e-01 1.003091e-01 9.749935e-02 1.003674e-01 1.000000e-01 1.597530e+00 -0.995754 0.006210 0.029293 0.931132 0.024406 0.004714 0.995754 -0.006299 -0.029732 -0.930312 0.000000 
1.000073e-01 1.003091e-01 9.749935e-02 1.003674e-01 1.000000e-01 1.597530e+00 -0.995754 0.006210 0.029293 0.931132 0.024406 0.004714 0.995754 -0.006299 -0.029732 -0.930312 0.000000 
1.000073e-01 1.003091e-01 9.749935e-02 1.003674e-01 1.000000e-01 1.597530e+00 -0.995754 0.006210 0.029293 0.931132 0.024406 0.004714 0.995754 -0.006299 -0.029732 -0.930312 0.000000 
1.000073e-01 1.003091e-01 9.749935e-02 1.003674e-01 1.000000e-01 1.597530e+00 -0.995754 0.006210 0.029293 0.931132 0.024406 0.004714 0.995754 -0.006299 -0.029732 -0.930312 0.000000 
1.000073e-01 1.003091e-01 9.749935e-02 1.003674e-01 1.000000e-01 1.597530e+00 -0.995754 0.006210 0.029293 0.931132 0.024406 0.004714 0.995754 -0.006299 -0.029732 -0.930312 0.000000 
1.000073e-01 1.003091e-01 9.749935e-02 1.003674e-01 1.000000e-01 1.597530e+00 -0.995754 0.006210 0.029293 0.931132 0.024406 0.004714 0.995754 -0.006299 -0.029732 -0.930312 0.000000 
1.000073e-01 1.003091e-01 9.749935e-02 1.003674e-01 1.000000e-01 1.597530e+00 -0.995754 0.006210 0.029293 0.931132 0.024406 0.004714 0.995754 -0.006299 -0.029732 -0.930312 0.000000 
1.000073e-01 1.003091e-01 9.749935e-02 1.003674e-01 1.000000e-01 1.597530e+00 -0.995754 0.006210 0.029293 0.931132 0.024406 0.004714 0.995754 -0.006299 -0.029732 -0.930312 0.000000 
1.000073e-01 1.003091e-01 9.749935e-02 1.003674e-01 1.000000e-01 1.597530e+00 -0.995754 0.006210 0.029293 0.931132 0.024406 0.004714 0.995754 -0.006299 -0.029732 -0.930312 0.000000 
1.000073e-01 1.003091e-01 9.749935e-02 1.003674e-01 1.000000e-01 1.597530e+00 -0.995754 0.006210 0.029293 0.931132 0.024406 0.004714 0.995754 -0.006299 -0.029732 -0.930312 0.000000 
1.000073e-01 1.003091e-01 9.749935e-02 1.003674e-01 1.000000e-01 1.597530e+00 -0.995754 0.006210 0.029293 0.931132 0.024406 0.004714 0.995754 -0.006299 -0.029732 -0.930312 0.000000 
1.000073e-01 1.003091e-01 9.749935e-02 1.003674e-01 1.000000e-01 1.597530e+00 -0.995754 0.006210 0.029293 0.931132 0.024406 0.004714 0.995754 -0.006299 -0.029732 -0.930312 0.000000 
1.000073e-01 1.003091e-01 9.749935e-02 1.003674e-01 1.000000e-01 1.597530e+00 -0.995754 0.006210 0.029293 0.931132 0.024406 0.004714 0.995754 -0.006299 -0.029732 -0.930312 0.000000 
1.000073e-01 1.003091e-01 9.749935e-02 1.003674e-01 1.000000e-01 1.597530e+00 -0.995754 0.006210 0.029293 0.931132 0.024406 0.004714 0.995754 -0.006299 -0.029732 -0.930312 0.000000 
1.000073e-01 1.003091e-01 9.749935e-02 1.003674e-01 1.000000e-01 1.597530e+00 -0.995754 0.006210 0.029293 0.931132 0.024406 0.004714 0.995754 -0.006299 -0.029732 -0.930312 0.000000 
1.000073e-01 1.003091e-01 9.749935e-02 1.003674e-01 1.000000e-01 1.597530e+00 -0.995754 0.006210 0.029293 0.931132 0.024406 0.004714 0.995754 -0.006299 -0.029732 -0.930312 0.000000 
1.000073e-01 1.003091e-01 9.749935e-02 1.003674e-01 1.000000e-01 1.597530e+00 -0.995754 0.006210 0.029293 0.931132 0.024406 0.004714 0.995754 -0.006299 -0.029732 -0.930312 0.000000 
1.000073e-01 1.003091e-01 9.749935e-02 1.003674e-01 1.000000e-01 1.597530e+00 -0.995754 0.006210 0.029293 0.931132 0.024406 0.004714 0.995754 -0.006299 -0.029732 -0.930312 0.000000 
1.000073e-01 1.003091e-01 9.749935e-02 1.003674e-01 1.000000e-01 1.597530e+00 -0.995754 0.006210 0.029293 0.931132 0.024406 0.004714 0.995754 -0.006299 -0.029732 -0.930312 0.000000 
1.000073e-01 1.003091e-01 9.749935e-02 1.003674e-01 1.000000e-01 1.597530e+00 -0.995754 0.006210 0.029293 0.931132 0.024406 0.004714 0.995754 -0.006299 -0.029732 -0.930312 0.000000 
1.000073e-01 1.003091e-01 9.749935e-02 1.003674e-01 1.000000e-01 1.597530e+00 -0.995754 0.006210 0.029293 0.931132 0.024406 0.004714 0.995754 -0.006299 -0.029732 -0.930312 0.000000 
1.000073e-01 1.003091e-01 9.749935e-02 1.003674e-01 1.000000e-01 1.597530e+00 -0.995754 0.006210 0.029293 0.931132 0.024406 0.004714 0.995754 -0.006299 -0.029732 -0.930312 0.000000 
1.000073e-01 1.003091e-01 9.749935e-02 1.003674e-01 1.000000e-01 1.597530e+00 -0.995754 0.006210 0.029293 0.931132 0.024406 0.004714 0.995754 -0.006299 -0.029732 -0.930312 0.000000 
1.000073e-01 1.003091e-01 9.749935e-02 1.003674e-01 1.000000e-01 1.597530e+00 -0.995754 0.006210 0.029293 0.931132 0.024406 0.004714 0.995754 -0.006299 -0.029732 -0.930312 0.000000 
1.000073e-01 1.003091e-01 9.749935e-02 1.003674e-01 1.000000e-01 1.597530e+00 -0.995754 0.006210 0.029293 0.931132 0.024406 0.004714 0.995754 -0.006299 -0.029732 -0.930312 0.000000 
1.000073e-01 1.003091e-01 9.749935e-02 1.003674e-01 1.000000e-01 1.597530e+00 -0.995754 0.006210 0.029293 0.931132 0.024406 0.004714 0.995754 -0.006299 -0.029732 -0.930312 0.000000 
1.000073e-01 1.003091e-01 9.749935e-02 1.003674e-01 1.000000e-01 1.597530e+00 -0.995754 0.006210 0.029293 0.931132 0.024406 0.004714 0.995754 -0.006299 -0.029732 -0.930312 0.000000 
1.000073e-01 1.003091e-01 9.749935e-02 1.003674e-01 1.000000e-01 1.597530e+00 -0.995754 0.006210 0.029293 0.931132 0.024406 0.004714 0.995754 -0.006299 -0.029732 -0.930312 0.000000 
1.000073e-01 1.003091e-01 9.749935e-02 1.003674e-01 1.000000e-01 1.597530e+00 -0.995754 0.006210 0.029293 0.931132 0.024406 0.004714 0.995754 -0.006299 -0.029732 -0.930312 0.000000 
1.000073e-01 1.003091e-01 9.749935e-02 1.003674e-01 1.000000e-01 1.597530e+00 -0.995754 0.006210 0.029293 0.931132 0.024406 0.004714 0.995754 -0.006299 -0.029732 -0.930312 0.000000 
1.000073e-01 1.003091e-01 9.749935e-02 1.003674e-01 1.000000e-01 1.597530e+00 -0.995754 0.006210 0.029293 0.931132 0.024406 0.004714 0.995754 -0.006299 -0.029732 -0.930312 0.000000 
1.000073e-01 1.003091e-01 9.749935e-02 1.003674e-01 1.000000e-01 1.597530e+00 -0.995754 0.006210 0.029293 0.931132 0.024406 0.004714 0.995754 -0.006299 -0.029732 -0.930312 0.000000 
1.000073e-01 1.003091e-01 9.749935e-02 1.003674e-01 1.000000e-01 1.597530e+00 -0.995754 0.006210 0.029293 0.931132 0.024406 0.004714 0.995754 -0.006299 -0.029732 -0.930312 0.000000 
1.000073e-01 1.003091e-01 9.749935e-02 1.003674e-01 1.000000e-01 1.597530e+00 -0.995754 0.006210 0.029293 0.931132 0.024406 0.004714 0.995754 -0.006299 -0.029732 -0.930312 0.000000 
1.000073e-01 1.003091e-01 9.749935e-02 1.003674e-01 1.000000e-01 1.597530e+00 -0.995754 0.006210 0.029293 0.931132 0.024406 0.004714 0.995754 -0.006299 -0.029732 -0.930312 0.000000 
1.000073e-01 1.003091e-01 9.749935e-02 1.003674e-01 1.000000e-01 1.597530e+00 -0.995754 0.006210 0.029293 0.931132 0.024406 0.004714 0.995754 -0.006299 -0.029732 -0.930312 0.000000 
1.000073e-01 1.003091e-01 9.749935e-02 1.003674e-01 1.000000e-01 1.597530e+00 -0.995754 0.006210 0.029293 0.931132 0.024406 0.004714 0.995754 -0.006299 -0.029732 -0.930312 0.000000 
1.000073e-01 1.003091e-01 9.749935e-02 1.003674e-01 1.000000e-01 1.597530e+00 -0.995754 0.006210 0.029293 0.931132 0.024406 0.004714 0.995754 -0.006299 -0.029732 -0.930312 0.000000 
1.000073e-01 1.003091e-01 9.749935e-02 1.003674e-01 1.000000e-01 1.597530e+00 -0.995754 0.006210 0.029293 0.931132 0.024406 0.004714 0.995754 -0.006299 -0.029732 -0.930312 0.000000 
1.000073e-01 1.003091e-01 9.749935e-02 1.003674e-01 1.000000e-01 1.597530e+00 -0.995754 0.006210 0.029293 0.931132 0.024406 0.004714 0.995754 -0.006299 -0.029732 -0.930312 0.000000 
1.000073e-01 1.003091e-01 9.749935e-02 1.003674e-01 1.000000e-01 1.597530e+00 -0.995754 0.006210 0.029293 0.931132 0.024406 0.004714 0.995754 -0.006299 -0.029732 -0.930312 0.000000 
1.000073e-01 1.003091e-01 9.749935e-02 1.003674e-01 1.000000e-01 1.597530e+00 -0.995754 0.006210 0.029293 0.931132 0.024406 0.004714 0.995754 -0.006299 -0.029732 -0.930312 0.000000 
1.000073e-01 1.003091e-01 9.749935e-02 1.003674e-01 1.000000e-01 1.597530e+00 -0.995754 0.006210 0.029293 0.931132 0.024406 0.004714 0.995754 -0.006299 -0.029732 -0.930312 0.000000 
1.000073e-01 1.003091e-01 9.749935e-02 1.003674e-01 1.000000e-01 1.597530e+00 -0.995754 0.006210 0.029293 0.931132 0.024406 0.004714 0.995754 -0.006299 -0.029732 -0.930312 0.000000 
1.000073e-01 1.003091e-01 9.749935e-02 1.003674e-01 1.000000e-01 1.597530e+00 -0.995754 0.006210 0.029293 0.931132 0.024406 0.004714 0.995754 -0.006299 -0.029732 -0.930312 0.000000 
1.000073e-01 1.003091e-01 9.749935e-02 1.003674e-01 1.000000e-01 1.597530e+00 -0.995754 0.006210 0.029293 0.931132 0.024406 0.004714 0.995754 -0.006299 -0.029732 -0.930312 0.000000 
1.000073e-01 1.003091e-01 9.749935e-02 1.003674e-01 1.000000e-01 1.597530e+00 -0.995754 0.006210 0.029293 0.931132 0.024406 0.004714 0.995754 -0.006299 -0.029732 -0.930312 0.000000 
1.000073e-01 1.003091e-01 9.749935e-02 1.003674e-01 1.000000e-01 1.597530e+00 -0.995754 0.006210 0.029293 0.931132 0.024406 0.004714 0.995754 -0.006299 -0.029732 -0.930312 0.000000 
1.000073e-01 1.003091e-01 9.749935e-02 1.003674e-01 1.000000e-01 1.597530e+00 -0.995754 0.006210 0.029293 0.931132 0.024406 0.004714 0.995754 -0.006299 -0.029732 -0.930312 0.000000 
1.000073e-01 1.003091e-01 9.749935e-02 1.003674e-01 1.000000e-01 1.597530e+00 -0.995754 0.006210 0.029293 0.931132 0.024406 0.004714 0.995754 -0.006299 -0.029732 -0.930312 0.000000 
1.000073e-01 1.003091e-01 9.749935e-02 1.003674e-01 1.000000e-01 1.597530e+00 -0.995754 0.006210 0.029293 0.931132 0.024406 0.004714 0.995754 -0.006299 -0.029732 -0.930312 0.000000 
1.000073e-01 1.003091e-01 9.749935e-02 1.003674e-01 1.000000e-01 1.597530e+00 -0.995754 0.006210 0.029293 0.931132 0.024406 0.004714 0.995754 -0.006299 -0.029732 -0.930312 0.000000 
1.000073e-01 1.003091e-01 9.749935e-02 1.003674e-01 1.000000e-01 1.597530e+00 -0.995754 0.006210 0.029293 0.931132 0.024406 0.004714 0.995754 -0.006299 -0.029732 -0.930312 0.000000 
1.000073e-01 1.003091e-01 9.749935e-02 1.003674e-01 1.000000e-01 1.597530e+00 -0.995754 0.006210 0.029293 0.931132 0.024406 0.004714 0.995754 -0.006299 -0.029732 -0.930312 0.000000 
1.000073e-01 1.003091e-01 9.749935e-02 1.003674e-01 1.000000e-01 1.597530e+00 -0.995754 0.006210 0.029293 0.931132 0.024406 0.004714 0.995754 -0.006299 -0.029732 -0.930312 0.000000 
1.000073e-01 1.003091e-01 9.749935e-02 1.003674e-01 1.000000e-01 1.597530e+00 -0.995754 0.006210 0.029293 0.931132 0.024406 0.004714 0.995754 -0.006299 -0.029732 -0.930312 0.000000 
1.000073e-01 1.003091e-01 9.749935e-02 1.003674e-01 1.000000e-01 1.597530e+00 -0.995754 0.006210 0.029293 0.931132 0.024406 0.004714 0.995754 -0.006299 -0.029732 -0.930312 0.000000 
1.000073e-01 1.003091e-01 9.749935e-02 1.003674e-01 1.000000e-01 1.597530e+00 -0.995754 0.006210 0.029293 0.931132 0.024406 0.004714 0.995754 -0.006299 -0.029732 -0.930312 0.000000 
1.000073e-01 1.003091e-01 9.749935e-02 1.003674e-01 1.000000e-01 1.597530e+00 -0.995754 0.006210 0.029293 0.931132 0.024406 0.004714 0.995754 -0.006299 -0.029732 -0.930312 0.000000 
1.000073e-01 1.003091e-01 9.749935e-02 1.003674e-01 1.000000e-01 1.597530e+00 -0.995754 0.006210 0.029293 0.931132 0.024406 0.004714 0.995754 -0.006299 -0.029732 -0.930312 0.000000 
1.000073e-01 1.003091e-01 9.749935e-02 1.003674e-01 1.000000e-01 1.597530e+00 -0.995754 0.006210 0.029293 0.931132 0.024406 0.004714 0.995754 -0.006299 -0.029732 -0.930312 0.000000 
1.000073e-01 1.003091e-01 9.749935e-02 1.003674e-01 1.000000e-01 1.597530e+00 -0.995754 0.006210 0.029293 0.931132 0.024406 0.004714 0.995754 -0.006299 -0.029732 -0.930312 0.000000 
1.000073e-01 1.003091e-01 9.749935e-02 1.003674e-01 1.000000e-01 1.597530e+00 -0.995754 0.006210 0.029293 0.931132 0.024406 0.004714 0.995754 -0.006299 -0.029732 -0.930312 0.000000 
1.000073e-01 1.003091e-01 9.749935e-02 1.003674e-01 1.000000e-01 1.597530e+00 -0.995754 0.006210 0.029293 0.931132 0.024406 0.004714 0.995754 -0.006299 -0.029732 -0.930312 0.000000 
1.000073e-01 1.003091e-01 9.749935e-02 1.003674e-01 1.000000e-01 1.597530e+00 -0.995754 0.006210 0.029293 0.931132 0.024406 0.004714 0.995754 -0.006299 -0.029732 -0.930312 0.000000 
1.000073e-01 1.003091e-01 9.749935e-02 1.003674e-01 1.000000e-01 1.597530e+00 -0.995754 0.006210 0.029293 0.931132 0.024406 0.004714 0.995754 -0.006299 -0.029732 -0.930312 0.000000 
1.000073e-01 1.003091e-01 9.749935e-02 1.003674e-01 1.000000e-01 1.597530e+00 -0.995754 0.006210 0.029293 0.931132 0.024406 0.004714 0.995754 -0.006299 -0.029732 -0.930312 0.000000 
1.000073e-01 1.003091e-01 9.749935e-02 1.003674e-01 1.000000e-01 1.597530e+00 -0.995754 0.006210 0.029293 0.931132 0.024406 0.004714 0.995754 -0.006299 -0.029732 -0.930312 0.000000 
1.000073e-01 1.003091e-01 9.749935e-02 1.003674e-01 1.000000e-01 1.597530e+00 -0.995754 0.006210 0.029293 0.931132 0.024406 0.004714 0.995754 -0.006299 -0.029732 -0.930312 0.000000 
1.000073e-01 1.003091e-01 9.749935e-02 1.003674e-01 1.000000e-01 1.597530e+00 -0.995754 0.006210 0.029293 0.931132 0.024406 0.004714 0.995754 -0.006299 -0.029732 -0.930312 0.000000 
1.000073e-01 1.003091e-01 9.749935e-02 1.003674e-01 1.000000e-01 1.597530e+00 -0.995754 0.006210 0.029293 0.931132 0.024406 0.004714 0.995754 -0.006299 -0.029732 -0.930312 0.000000 
1.000073e-01 1.003091e-01 9.749935e-02 1.003674e-01 1.000000e-01 1.597530e+00 -0.995754 0.006210 0.029293 0.931132 0.024406 0.004714 0.995754 -0.006299 -0.029732 -0.930312 0.000000 
1.000073e-01 1.003091e-01 9.749935e-02 1.003674e-01 1.000000e-01 1.597530e+00 -0.995754 0.006210 0.029293 0.931132 0.024406 0.004714 0.995754 -0.006299 -0.029732 -0.930312 0.000000 
1.000073e-01 1.003091e-01 9.749935e-02 1.003674e-01 1.000000e-01 1.597530e+00 -0.995754 0.006210 0.029293 0.931132 0.024406 0.004714 0.995754 -0.006299 -0.029732 -0.930312 0.000000 
1.000073e-01 1.003091e-01 9.749935e-02 1.003674e-01 1.000000e-01 1.597530e+00 -0.995754 0.006210 0.029293 0.931132 0.024406 0.004714 0.995754 -0.006299 -0.029732 -0.930312 0.000000 
1.000073e-01 1.003091e-01 9.749935e-02 1.003674e-01 1.000000e-01 1.597530e+00 -0.995754 0.006210 0.029293 0.931132 0.024406 0.004714 0.995754 -0.006299 -0.029732 -0.930312 0.000000 
1.000073e-01 1.003091e-01 9.749935e-02 1.003674e-01 1.000000e-01 1.597530e+00 -0.995754 0.006210 0.029293 0.931132 0.024406 0.004714 0.995754 -0.006299 -0.029732 -0.930312 0.000000 
1.000073e-01 1.003091e-01 9.749935e-02 1.003674e-01 1.000000e-01 1.597530e+00 -0.995754 0.006210 0.029293 0.931132 0.024406 0.004714 0.995754 -0.006299 -0.029732 -0.930312 0.000000 
1.000073e-01 1.003091e-01 9.749935e-02 1.003674e-01 1.000000e-01 1.597530e+00 -0.995754 0.006210 0.029293 0.931132 0.024406 0.004714 0.995754 -0.006299 -0.029732 -0.930312 0.000000 
1.000073e-01 1.003091e-01 9.749935e-02 1.003674e-01 1.000000e-01 1.597530e+00 -0.995754 0.006210 0.029293 0.931132 0.024406 0.004714 0.995754 -0.006299 -0.029732 -0.930312 0.000000 
1.000073e-01 1.003091e-01 9.749935e-02 1.003674e-01 1.000000e-01 1.597530e+00 -0.995754 0.006210 0.029293 0.931132 0.024406 0.004714 0.995754 -0.006299 -0.029732 -0.930312 0.000000 
1.000073e-01 1.003091e-01 9.749935e-02 1.003674e-01 1.000000e-01 1.597530e+00 -0.995754 0.006210 0.029293 0.931132 0.024406 0.004714 0.995754 -0.006299 -0.029732 -0.930312 0.000000 
1.000073e-01 1.003091e-01 9.749935e-02 1.003674e-01 1.000000e-01 1.597530e+00 -0.995754 0.006210 0.029293 0.931132 0.024406 0.004714 0.995754 -0.006299 -0.029732 -0.930312 0.000000 
1.000073e-01 1.003091e-01 9.749935e-02 1.003674e-01 1.000000e-01 1.597530e+00 -0.995754 0.006210 0.029293 0.931132 0.024406 0.004714 0.995754 -0.006299 -0.029732 -0.930312 0.000000 
1.000073e-01 1.003091e-01 9.749935e-02 1.003674e-01 1.000000e-01 1.597530e+00 -0.995754 0.006210 0.029293 0.931132 0.024406 0.004714 0.995754 -0.006299 -0.029732 -0.930312 0.000000 
1.000073e-01 1.003091e-01 9.749935e-02 1.003674e-01 1.000000e-01 1.597530e+00 -0.995754 0.006210 0.029293 0.931132 0.024406 0.004714 0.995754 -0.006299 -0.029732 -0.930312 0.000000 
1.000073e-01 1.003091e-01 9.749935e-02 1.003674e-01 1.000000e-01 1.597530e+00 -0.995754 0.006210 0.029293 0.931132 0.024406 0.004714 0.995754 -0.006299 -0.029732 -0.930312 0.000000 
1.000073e-01 1.003091e-01 9.749935e-02 1.003674e-01 1.000000e-01 1.597530e+00 -0.995754 0.006210 0.029293 0.931132 0.024406 0.004714 0.995754 -0.006299 -0.029732 -0.930312 0.000000 
1.000073e-01 1.003091e-01 9.749935e-02 1.003674e-01 1.000000e-01 1.597530e+00 -0.995754 0.006210 0.029293 0.931132 0.024406 0.004714 0.995754 -0.006299 -0.029732 -0.930312 0.000000 
1.000073e-01 1.003091e-01 9.749935e-02 1.003674e-01 1.000000e-01 1.597530e+00 -0.995754 0.006210 0.029293 0.931132 0.024406 0.004714 0.995754 -0.006299 -0.029732 -0.930312 0.000000 
1.000073e-01 1.003091e-01 9.749935e-02 1.003674e-01 1.000000e-01 1.597530e+00 -0.995754 0.006210 0.029293 0.931132 0.024406 0.004714 0.995754 -0.006299 -0.029732 -0.930312 0.000000 
1.000073e-01 1.003091e-01 9.749935e-02 1.003674e-01 1.000000e-01 1.597530e+00 -0.995754 0.006210 0.029293 0.931132 0.024406 0.004714 0.995754 -0.006299 -0.029732 -0.930312 0.000000 
1.000073e-01 1.003091e-01 9.749935e-02 1.003674e-01 1.000000e-01 1.597530e+00 -0.995754 0.006210 0.029293 0.931132 0.024406 0.004714 0.995754 -0.006299 -0.029732 -0.930312 0.000000 
1.000073e-01 1.003091e-01 9.749935e-02 1.003674e-01 1.000000e-01 1.597530e+00 -0.995754 0.006210 0.029293 0.931132 0.024406 0.004714 0.995754 -0.006299 -0.029732 -0.930312 0.000000 
1.000073e-01 1.003091e-01 9.749935e-02 1.003674e-01 1.000000e-01 1.597530e+00 -0.995754 0.006210 0.029293 0.931132 0.024406 0.004714 0.995754 -0.006299 -0.029732 -0.930312 0.000000 
1.000073e-01 1.003091e-01 9.749935e-02 1.003674e-01 1.000000e-01 1.597530e+00 -0.995754 0.006210 0.029293 0.931132 0.024406 0.004714 0.995754 -0.006299 -0.029732 -0.930312 0.000000 
1.000073e-01 1.003091e-01 9.749935e-02 1.003674e-01 1.000000e-01 1.597530e+00 -0.995754 0.006210 0.029293 0.931132 0.024406 0.004714 0.995754 -0.006299 -0.029732 -0.930312 0.000000 
1.000073e-01 1.003091e-01 9.749935e-02 1.003674e-01 1.000000e-01 1.597530e+00 -0.995754 0.006210 0.029293 0.931132 0.024406 0.004714 0.995754 -0.006299 -0.029732 -0.930312 0.000000 
1.000073e-01 1.003091e-01 9.749935e-02 1.003674e-01 1.000000e-01 1.597530e+00 -0.995754 0.006210 0.029293 0.931132 0.024406 0.004714 0.995754 -0.006299 -0.029732 -0.930312 0.000000 
1.000073e-01 1.003091e-01 9.749935e-02 1.003674e-01 1.000000e-01 1.597530e+00 -0.995754 0.006210 0.029293 0.931132 0.024406 0.004714 0.995754 -0.006299 -0.029732 -0.930312 0.000000 
1.000073e-01 1.003091e-01 9.749935e-02 1.003674e-01 1.000000e-01 1.597530e+00 -0.995754 0.006210 0.029293 0.931132 0.024406 0.004714 0.995754 -0.006299 -0.029732 -0.930312 0.000000 
1.000073e-01 1.003091e-01 9.749935e-02 1.003674e-01 1.000000e-01 1.597530e+00 -0.995754 0.006210 0.029293 0.931132 0.024406 0.004714 0.995754 -0.006299 -0.029732 -0.930312 0.000000 
1.000073e-01 1.003091e-01 9.749935e-02 1.003674e-01 1.000000e-01 1.597530e+00 -0.995754 0.006210 0.029293 0.931132 0.024406 0.004714 0.995754 -0.006299 -0.029732 -0.930312 0.000000 
1.000073e-01 1.003091e-01 9.749935e-02 1.003674e-01 1.000000e-01 1.597530e+00 -0.995754 0.006210 0.029293 0.931132 0.024406 0.004714 0.995754 -0.006299 -0.029732 -0.930312 0.000000 
1.000073e-01 1.003091e-01 9.749935e-02 1.003674e-01 1.000000e-01 1.597530e+00 -0.995754 0.006210 0.029293 0.931132 0.024406 0.004714 0.995754 -0.006299 -0.029732 -0.930312 0.000000 
1.000073e-01 1.003091e-01 9.749935e-02 1.003674e-01 1.000000e-01 1.597530e+00 -0.995754 0.006210 0.029293 0.931132 0.024406 0.004714 0.995754 -0.006299 -0.029732 -0.930312 0.000000 
1.000073e-01 1.003091e-01 9.749935e-02 1.003674e-01 1.000000e-01 1.597530e+00 -0.995754 0.006210 0.029293 0.931132 0.024406 0.004714 0.995754 -0.006299 -0.029732 -0.930312 0.000000 
1.000073e-01 1.003091e-01 9.749935e-02 1.003674e-01 1.000000e-01 1.597530e+00 -0.995754 0.006210 0.029293 0.931132 0.024406 0.004714 0.995754 -0.006299 -0.029732 -0.930312 0.000000 
1.000073e-01 1.003091e-01 9.749935e-02 1.003674e-01 1.000000e-01 1.597530e+00 -0.995754 0.006210 0.029293 0.931132 0.024406 0.004714 0.995754 -0.006299 -0.029732 -0.930312 0.000000 
1.000073e-01 1.003091e-01 9.749935e-02 1.003674e-01 1.000000e-01 1.597530e+00 -0.995754 0.006210 0.029293 0.931132 0.024406 0.004714 0.995754 -0.006299 -0.029732 -0.930312 0.000000 
1.000073e-01 1.003091e-01 9.749935e-02 1.003674e-01 1.000000e-01 1.597530e+00 -0.995754 0.006210 0.029293 0.931132 0.024406 0.004714 0.995754 -0.006299 -0.029732 -0.930312 0.000000 
1.000073e-01 1.003091e-01 9.749935e-02 1.003674e-01 1.000000e-01 1.597530e+00 -0.995754 0.006210 0.029293 0.931132 0.024406 0.004714 0.995754 -0.006299 -0.029732 -0.930312 0.000000 
1.000073e-01 1.003091e-01 9.749935e-02 1.003674e-01 1.000000e-01 1.597530e+00 -0.995754 0.006210 0.029293 0.931132 0.024406 0.004714 0.995754 -0.006299 -0.029732 -0.930312 0.000000 
1.000073e-01 1.003091e-01 9.749935e-02 1.003674e-01 1.000000e-01 1.597530e+00 -0.995754 0.006210 0.029293 0.931132 0.024406 0.004714 0.995754 -0.006299 -0.029732 -0.930312 0.000000 
1.000073e-01 1.003091e-01 9.749935e-02 1.003674e-01 1.000000e-01 1.597530e+00 -0.995754 0.006210 0.029293 0.931132 0.024406 0.004714 0.995754 -0.006299 -0.029732 -0.930312 0.000000 
1.000073e-01 1.003091e-01 9.749935e-02 1.003674e-01 1.000000e-01 1.597530e+00 -0.995754 0.006210 0.029293 0.931132 0.024406 0.004714 0.995754 -0.006299 -0.029732 -0.930312 0.000000 
1.000073e-01 1.003091e-01 9.749935e-02 1.003674e-01 1.000000e-01 1.597530e+00 -0.995754 0.006210 0.029293 0.931132 0.024406 0.004714 0.995754 -0.006299 -0.029732 -0.930312 0.000000 
1.000073e-01 1.003091e-01 9.749935e-02 1.003674e-01 1.000000e-01 1.597530e+00 -0.995754 0.006210 0.029293 0.931132 0.024406 0.004714 0.995754 -0.006299 -0.029732 -0.930312 0.000000 
1.000073e-01 1.003091e-01 9.749935e-02 1.003674e-01 1.000000e-01 1.597530e+00 -0.995754 0.006210 0.029293 0.931132 0.024406 0.004714 0.995754 -0.006299 -0.029732 -0.930312 0.000000 
1.000073e-01 1.003091e-01 9.749935e-02 1.003674e-01 1.000000e-01 1.597530e+00 -0.995754 0.006210 0.029293 0.931132 0.024406 0.004714 0.995754 -0.006299 -0.029732 -0.930312 0.000000 
1.000073e-01 1.003091e-01 9.749935e-02 1.003674e-01 1.000000e-01 1.597530e+00 -0.995754 0.006210 0.029293 0.931132 0.024406 0.004714 0.995754 -0.006299 -0.029732 -0.930312 0.000000 
1.000073e-01 1.003091e-01 9.749935e-02 1.003674e-01 1.000000e-01 1.597530e+00 -0.995754 0.006210 0.029293 0.931132 0.024406 0.004714 0.995754 -0.006299 -0.029732 -0.930312 0.000000 
1.000073e-01 1.003091e-01 9.749935e-02 1.003674e-01 1.000000e-01 1.597530e+00 -0.995754 0.006210 0.029293 0.931132 0.024406 0.004714 0.995754 -0.006299 -0.029732 -0.930312 0.000000 
1.000073e-01 1.003091e-01 9.749935e-02 1.003674e-01 1.000000e-01 1.597530e+00 -0.995754 0.006210 0.029293 0.931132 0.024406 0.004714 0.995754 -0.006299 -0.029732 -0.930312 0.000000 
1.000073e-01 1.003091e-01 9.749935e-02 1.003674e-01 1.000000e-01 1.597530e+00 -0.995754 0.006210 0.029293 0.931132 0.024406 0.004714 0.995754 -0.006299 -0.029732 -0.930312 0.000000 
1.000073e-01 1.003091e-01 9.749935e-02 1.003674e-01 1.000000e-01 1.597530e+00 -0.995754 0.006210 0.029293 0.931132 0.024406 0.004714 0.995754 -0.006299 -0.029732 -0.930312 0.000000 
1.000073e-01 1.003091e-01 9.749935e-02 1.003674e-01 1.000000e-01 1.597530e+00 -0.995754 0.006210 0.029293 0.931132 0.024406 0.004714 0.995754 -0.006299 -0.029732 -0.930312 0.000000 
1.000073e-01 1.003091e-01 9.749935e-02 1.003674e-01 1.000000e-01 1.597530e+00 -0.995754 0.006210 0.029293 0.931132 0.024406 0.004714 0.995754 -0.006299 -0.029732 -0.930312 0.000000 
1.000073e-01 1.003091e-01 9.749935e-02 1.003674e-01 1.000000e-01 1.597530e+00 -0.995754 0.006210 0.029293 0.931132 0.024406 0.004714 0.995754 -0.006299 -0.029732 -0.930312 0.000000 
1.000073e-01 1.003091e-01 9.749935e-02 1.003674e-01 1.000000e-01 1.597530e+00 -0.995754 0.006210 0.029293 0.931132 0.024406 0.004714 0.995754 -0.006299 -0.029732 -0.930312 0.000000 
1.000073e-01 1.003091e-01 9.749935e-02 1.003674e-01 1.000000e-01 1.597530e+00 -0.995754 0.006210 0.029293 0.931132 0.024406 0.004714 0.995754 -0.006299 -0.029732 -0.930312 0.000000 
1.000073e-01 1.003091e-01 9.749935e-02 1.003674e-01 1.000000e-01 1.597530e+00 -0.995754 0.006210 0.029293 0.931132 0.024406 0.004714 0.995754 -0.006299 -0.029732 -0.930312 0.000000 
