# TeX TeY TeZ ThX ThY THZ P1 P2
1.300000e-01 1.000000e-01 6.600000e-01 1.300000e-01 1.000000e-01 6.600000e-01 0.000000 0.000000 0.000000 0.000000 0.000000 0.000000 0.000000 0.000000 0.000000 0.000000 0.000000 
1.300000e-01 9.999999e-02 6.478577e-01 1.300000e-01 1.000000e-01 6.686811e-01 -0.013758 0.001766 0.003532 0.003535 0.003555 0.001370 0.013758 -0.001766 -0.003532 -0.003535 0.000000 
1.300000e-01 9.999999e-02 6.356773e-01 1.300000e-01 1.000000e-01 6.773509e-01 -0.027533 0.003534 0.007069 0.007075 0.007114 0.002741 0.027533 -0.003534 -0.007069 -0.007075 0.000000 
1.300000e-01 9.999998e-02 6.234591e-01 1.300000e-01 1.000000e-01 6.860090e-01 -0.041325 0.005304 0.010610 0.010619 0.010678 0.004115 0.041325 -0.005304 -0.010610 -0.010619 0.000000 
1.300000e-01 9.999997e-02 6.112034e-01 1.300000e-01 1.000000e-01 6.946556e-01 -0.055135 0.007076 0.014155 0.014168 0.014246 0.005490 0.055135 -0.007076 -0.014155 -0.014168 0.000000 
1.300000e-01 9.999995e-02 5.989105e-01 1.300000e-01 1.000000e-01 7.032904e-01 -0.068962 0.008851 0.017705 0.017721 0.017818 0.006867 0.068962 -0.008851 -0.017705 -0.017721 0.000000 
1.300000e-01 9.999994e-02 5.865807e-01 1.300000e-01 1.000000e-01 7.119134e-01 -0.082805 0.010627 0.021259 0.021279 0.021395 0.008245 0.082805 -0.010627 -0.021259 -0.021278 0.000000 
1.300000e-01 9.999992e-02 5.742144e-01 1.300000e-01 1.000000e-01 7.205244e-01 -0.096664 0.012406 0.024817 0.024840 0.024976 0.009625 0.096664 -0.012406 -0.024817 -0.024840 0.000000 
1.300000e-01 9.999989e-02 5.618119e-01 1.300000e-01 1.000000e-01 7.291234e-01 -0.110539 0.014187 0.028379 0.028406 0.028561 0.011007 0.110539 -0.014187 -0.028379 -0.028406 0.000000 
1.300000e-01 9.999986e-02 5.493734e-01 1.300000e-01 1.000000e-01 7.377102e-01 -0.124430 0.015970 0.031945 0.031975 0.032150 0.012390 0.124430 -0.015970 -0.031945 -0.031975 0.000000 
1.300000e-01 9.999983e-02 5.368993e-01 1.300000e-01 1.000000e-01 7.462847e-01 -0.138336 0.017754 0.035516 0.035549 0.035744 0.013774 0.138337 -0.017754 -0.035516 -0.035549 0.000000 
1.300000e-01 9.999979e-02 5.243898e-01 1.300000e-01 1.000000e-01 7.548468e-01 -0.152258 0.019541 0.039090 0.039126 0.039341 0.015161 0.152258 -0.019541 -0.039090 -0.039126 0.000000 
1.300000e-01 9.999973e-02 5.118453e-01 1.300000e-01 1.000000e-01 7.633965e-01 -0.166194 0.021330 0.042668 0.042707 0.042942 0.016548 0.166195 -0.021329 -0.042668 -0.042708 0.000000 
1.300000e-01 9.999967e-02 4.992660e-01 1.300000e-01 1.000000e-01 7.719335e-01 -0.180146 0.023120 0.046249 0.046292 0.046546 0.017938 0.180146 -0.023120 -0.046249 -0.046293 0.000000 
1.300000e-01 9.999959e-02 4.866522e-01 1.300000e-01 1.000000e-01 7.804578e-01 -0.194111 0.024913 0.049835 0.049881 0.050155 0.019328 0.194111 -0.024912 -0.049835 -0.049882 0.000000 
1.300000e-01 9.999950e-02 4.740043e-01 1.300000e-01 1.000000e-01 7.889692e-01 -0.208091 0.026707 0.053424 0.053474 0.053767 0.020720 0.208091 -0.026706 -0.053424 -0.053476 0.000000 
1.300000e-01 9.999939e-02 4.613224e-01 1.300000e-01 1.000000e-01 7.974677e-01 -0.222084 0.028503 0.057016 0.057069 0.057383 0.022113 0.222084 -0.028501 -0.057017 -0.057072 0.000000 
1.300000e-01 9.999925e-02 4.486069e-01 1.300000e-01 1.000000e-01 8.059531e-01 -0.236091 0.030300 0.060612 0.060669 0.061002 0.023508 0.236091 -0.030298 -0.060613 -0.060674 0.000000 
1.300000e-01 9.999908e-02 4.358580e-01 1.300000e-01 1.000000e-01 8.144252e-01 -0.250111 0.032100 0.064212 0.064272 0.064624 0.024904 0.250111 -0.032096 -0.064212 -0.064279 0.000000 
1.300000e-01 9.999887e-02 4.230761e-01 1.300000e-01 1.000000e-01 8.228840e-01 -0.264144 0.033901 0.067814 0.067878 0.068250 0.026302 0.264145 -0.033895 -0.067815 -0.067889 0.000000 
1.300000e-01 9.999862e-02 4.102613e-01 1.300000e-01 1.000000e-01 8.313294e-01 -0.278191 0.035703 0.071421 0.071487 0.071880 0.027700 0.278191 -0.035695 -0.071422 -0.071504 0.000000 
1.300000e-01 9.999831e-02 3.974139e-01 1.300000e-01 1.000000e-01 8.397611e-01 -0.292249 0.037508 0.075030 0.075100 0.075512 0.029100 0.292249 -0.037495 -0.075031 -0.075125 0.000000 
1.300000e-01 9.999794e-02 3.845343e-01 1.300000e-01 1.000000e-01 8.481791e-01 -0.306320 0.039313 0.078642 0.078716 0.079148 0.030501 0.306320 -0.039295 -0.078644 -0.078753 0.000000 
1.300000e-01 9.999748e-02 3.716226e-01 1.300000e-01 1.000000e-01 8.565833e-01 -0.320403 0.041121 0.082258 0.082335 0.082787 0.031904 0.320403 -0.041093 -0.082261 -0.082392 0.000000 
1.300000e-01 9.999692e-02 3.586791e-01 1.300000e-01 1.000000e-01 8.649734e-01 -0.334498 0.042930 0.085876 0.085957 0.086429 0.033307 0.334498 -0.042887 -0.085880 -0.086043 0.000000 
1.300000e-01 9.999623e-02 3.457041e-01 1.300000e-01 1.000000e-01 8.733495e-01 -0.348604 0.044740 0.089497 0.089582 0.090074 0.034712 0.348604 -0.044675 -0.089504 -0.089713 0.000000 
1.300000e-01 9.999539e-02 3.326978e-01 1.300000e-01 1.000000e-01 8.817112e-01 -0.362721 0.046552 0.093122 0.093210 0.093722 0.036118 0.362722 -0.046452 -0.093131 -0.093410 0.000000 
1.300000e-01 9.999436e-02 3.196605e-01 1.300000e-01 1.000000e-01 8.900586e-01 -0.376850 0.048365 0.096749 0.096840 0.097373 0.037524 0.376850 -0.048213 -0.096763 -0.097144 0.000000 
1.300000e-01 9.999310e-02 3.065923e-01 1.300000e-01 1.000000e-01 8.983914e-01 -0.390989 0.050179 0.100379 0.100474 0.101026 0.038932 0.390989 -0.049948 -0.100399 -0.100937 0.000000 
1.300000e-01 9.999156e-02 2.934936e-01 1.300000e-01 1.000000e-01 9.067095e-01 -0.405139 0.051995 0.104011 0.104110 0.104682 0.040342 0.405139 -0.051642 -0.104041 -0.104817 0.000000 
1.300000e-01 9.998967e-02 2.803646e-01 1.300000e-01 1.000000e-01 9.150128e-01 -0.419299 0.053812 0.107646 0.107748 0.108341 0.041752 0.419299 -0.053275 -0.107691 -0.108826 0.000000 
1.300000e-01 9.998736e-02 2.672055e-01 1.300000e-01 1.000000e-01 9.233011e-01 -0.433469 0.055631 0.111284 0.111390 0.112003 0.043163 0.433469 -0.054809 -0.111350 -0.113040 0.000000 
1.300000e-01 9.998454e-02 2.540164e-01 1.300000e-01 1.000000e-01 9.315743e-01 -0.447649 0.057450 0.114924 0.115034 0.115667 0.044575 0.447649 -0.056197 -0.115020 -0.117557 0.000000 
1.300000e-01 9.998110e-02 2.407977e-01 1.300000e-01 1.000000e-01 9.398322e-01 -0.461839 0.059271 0.118566 0.118680 0.119334 0.045988 0.461839 -0.057358 -0.118703 -0.122547 0.000000 
1.300000e-01 9.997692e-02 2.275494e-01 1.300000e-01 1.000000e-01 9.480746e-01 -0.476038 0.061093 0.122211 0.122329 0.123004 0.047402 0.476038 -0.058169 -0.122399 -0.128280 0.000000 
1.300000e-01 9.997189e-02 2.142719e-01 1.300000e-01 1.000000e-01 9.563014e-01 -0.490247 0.062916 0.125858 0.125980 0.126675 0.048817 0.490247 -0.058464 -0.126096 -0.135135 0.000000 
1.300000e-01 9.996589e-02 2.009651e-01 1.300000e-01 1.000000e-01 9.645125e-01 -0.504465 0.064741 0.129508 0.129634 0.130350 0.050233 0.504465 -0.057963 -0.129758 -0.143796 0.000000 
1.300000e-01 9.995884e-02 1.876292e-01 1.300000e-01 1.000000e-01 9.727077e-01 -0.518693 0.066566 0.133160 0.133290 0.134027 0.051651 0.518693 -0.056273 -0.133272 -0.155343 0.000000 
1.300000e-01 9.995080e-02 1.742642e-01 1.300000e-01 1.000000e-01 9.808868e-01 -0.532931 0.068393 0.136815 0.136949 0.137707 0.053069 0.532931 -0.052885 -0.136359 -0.171444 0.000000 
1.300000e-01 9.994216e-02 1.608698e-01 1.300000e-01 1.000000e-01 9.890496e-01 -0.547180 0.070221 0.140472 0.140611 0.141390 0.054488 0.547181 -0.047019 -0.138277 -0.195287 0.000000 
1.300000e-01 9.993464e-02 1.474444e-01 1.300000e-01 1.000000e-01 9.971960e-01 -0.561446 0.072051 0.144133 0.144277 0.145077 0.055909 0.561447 -0.037755 -0.137135 -0.232612 0.000000 
1.300000e-01 9.993536e-02 1.339799e-01 1.300000e-01 1.000000e-01 1.005326e+00 -0.575754 0.073887 0.147806 0.147954 0.148775 0.057335 0.575755 -0.024198 -0.128483 -0.293922 0.000000 
1.300000e-01 9.997529e-02 1.204370e-01 1.300000e-01 1.000000e-01 1.013439e+00 -0.590226 0.075743 0.151519 0.151673 0.152516 0.058777 0.590226 -0.005321 -0.100986 -0.402206 0.000000 
1.300000e-01 1.001482e-01 1.066532e-01 1.300000e-01 1.000000e-01 1.021535e+00 -0.605441 0.077694 0.155424 0.155583 0.156449 0.060292 0.605441 0.020578 -0.025568 -0.610862 0.000000 
1.300000e-01 1.003097e-01 9.749963e-02 1.300000e-01 1.000000e-01 1.029614e+00 -0.618183 0.079328 0.158693 0.158857 0.159743 0.061562 0.618183 0.042159 0.067201 -0.833279 0.000000 
1.300000e-01 1.003097e-01 9.749963e-02 1.300000e-01 1.000000e-01 1.037676e+00 -0.623509 0.080010 0.160059 0.160226 0.161122 0.062094 0.623509 0.041476 0.065833 -0.834648 0.000000 
1.300000e-01 1.003097e-01 9.749963e-02 1.300000e-01 1.000000e-01 1.045720e+00 -0.628823 0.080691 0.161421 0.161592 0.162498 0.062624 0.628824 0.040794 0.064469 -0.836014 0.000000 
1.300000e-01 1.003097e-01 9.749963e-02 1.300000e-01 1.000000e-01 1.053747e+00 -0.634126 0.081369 0.162779 0.162955 0.163871 0.063154 0.634127 0.040113 0.063107 -0.837376 0.000000 
1.300000e-01 1.003097e-01 9.749963e-02 1.300000e-01 1.000000e-01 1.061756e+00 -0.639418 0.082046 0.164135 0.164314 0.165242 0.063683 0.639418 0.039434 0.061749 -0.838736 0.000000 
1.300000e-01 1.003097e-01 9.749963e-02 1.300000e-01 1.000000e-01 1.069746e+00 -0.644697 0.082721 0.165486 0.165671 0.166610 0.064210 0.644697 0.038756 0.060393 -0.840093 0.000000 
1.300000e-01 1.003097e-01 9.749963e-02 1.300000e-01 1.000000e-01 1.077719e+00 -0.649964 0.083394 0.166835 0.167025 0.167975 0.064737 0.649965 0.038080 0.059041 -0.841446 0.000000 
1.300000e-01 1.003097e-01 9.749963e-02 1.300000e-01 1.000000e-01 1.085673e+00 -0.655219 0.084065 0.168179 0.168376 0.169338 0.065263 0.655220 0.037406 0.057692 -0.842797 0.000000 
1.300000e-01 1.003097e-01 9.749963e-02 1.300000e-01 1.000000e-01 1.093608e+00 -0.660462 0.084734 0.169520 0.169723 0.170698 0.065788 0.660463 0.036733 0.056346 -0.844144 0.000000 
1.300000e-01 1.003097e-01 9.749963e-02 1.300000e-01 1.000000e-01 1.101525e+00 -0.665692 0.085401 0.170857 0.171068 0.172056 0.066312 0.665693 0.036062 0.055003 -0.845488 0.000000 
1.300000e-01 1.003097e-01 9.749963e-02 1.300000e-01 1.000000e-01 1.109422e+00 -0.670910 0.086066 0.172190 0.172409 0.173412 0.066835 0.670911 0.035392 0.053664 -0.846829 0.000000 
1.300000e-01 1.003097e-01 9.749963e-02 1.300000e-01 1.000000e-01 1.117300e+00 -0.676115 0.086728 0.173518 0.173747 0.174765 0.067358 0.676115 0.034724 0.052327 -0.848166 0.000000 
1.300000e-01 1.003097e-01 9.749963e-02 1.300000e-01 1.000000e-01 1.125159e+00 -0.681307 0.087389 0.174843 0.175082 0.176116 0.067880 0.681308 0.034058 0.050994 -0.849501 0.000000 
1.300000e-01 1.003097e-01 9.749963e-02 1.299999e-01 1.000000e-01 1.132998e+00 -0.686486 0.088046 0.176162 0.176413 0.177465 0.068401 0.686487 0.033393 0.049665 -0.850831 0.000000 
1.300000e-01 1.003097e-01 9.749963e-02 1.299999e-01 1.000000e-01 1.140817e+00 -0.691652 0.088701 0.177478 0.177741 0.178812 0.068922 0.691653 0.032730 0.048338 -0.852159 0.000000 
1.300000e-01 1.003097e-01 9.749963e-02 1.299999e-01 1.000000e-01 1.148616e+00 -0.696805 0.089354 0.178788 0.179066 0.180157 0.069442 0.696805 0.032069 0.047015 -0.853483 0.000000 
1.300000e-01 1.003097e-01 9.749963e-02 1.299999e-01 1.000000e-01 1.156395e+00 -0.701944 0.090003 0.180093 0.180388 0.181500 0.069962 0.701944 0.031409 0.045696 -0.854804 0.000000 
1.300000e-01 1.003097e-01 9.749963e-02 1.299999e-01 1.000000e-01 1.164153e+00 -0.707070 0.090649 0.181393 0.181706 0.182842 0.070481 0.707070 0.030751 0.044380 -0.856121 0.000000 
1.300000e-01 1.003097e-01 9.749963e-02 1.299999e-01 1.000000e-01 1.171890e+00 -0.712181 0.091292 0.182688 0.183021 0.184182 0.071000 0.712182 0.030095 0.043068 -0.857434 0.000000 
1.300000e-01 1.003097e-01 9.749963e-02 1.299999e-01 1.000000e-01 1.179607e+00 -0.717279 0.091932 0.183976 0.184332 0.185522 0.071519 0.717280 0.029441 0.041759 -0.858744 0.000000 
1.300000e-01 1.003097e-01 9.749963e-02 1.299999e-01 1.000000e-01 1.187301e+00 -0.722363 0.092568 0.185258 0.185640 0.186860 0.072038 0.722364 0.028789 0.040454 -0.860051 0.000000 
1.300000e-01 1.003097e-01 9.749963e-02 1.299999e-01 1.000000e-01 1.194975e+00 -0.727433 0.093200 0.186534 0.186944 0.188198 0.072558 0.727433 0.028138 0.039152 -0.861354 0.000000 
1.300000e-01 1.003097e-01 9.749963e-02 1.299999e-01 1.000000e-01 1.202626e+00 -0.732488 0.093827 0.187802 0.188245 0.189537 0.073078 0.732488 0.027489 0.037854 -0.862653 0.000000 
1.300000e-01 1.003097e-01 9.749963e-02 1.299999e-01 1.000000e-01 1.210256e+00 -0.737529 0.094450 0.189064 0.189543 0.190875 0.073598 0.737529 0.026842 0.036560 -0.863948 0.000000 
1.300000e-01 1.003097e-01 9.749963e-02 1.299998e-01 1.000000e-01 1.217863e+00 -0.742554 0.095068 0.190317 0.190837 0.192215 0.074120 0.742555 0.026197 0.035270 -0.865239 0.000000 
1.300000e-01 1.003097e-01 9.749963e-02 1.299998e-01 1.000000e-01 1.225448e+00 -0.747565 0.095681 0.191561 0.192127 0.193555 0.074642 0.747566 0.025554 0.033984 -0.866527 0.000000 
1.300000e-01 1.003097e-01 9.749963e-02 1.299998e-01 1.000000e-01 1.233009e+00 -0.752561 0.096288 0.192797 0.193415 0.194897 0.075166 0.752562 0.024913 0.032701 -0.867811 0.000000 
1.300000e-01 1.003097e-01 9.749963e-02 1.299998e-01 1.000000e-01 1.240548e+00 -0.757542 0.096888 0.194022 0.194698 0.196242 0.075692 0.757542 0.024274 0.031422 -0.869091 0.000000 
1.300000e-01 1.003097e-01 9.749963e-02 1.299997e-01 1.000000e-01 1.248063e+00 -0.762507 0.097482 0.195237 0.195978 0.197591 0.076220 0.762507 0.023636 0.030147 -0.870367 0.000000 
1.300000e-01 1.003097e-01 9.749963e-02 1.299997e-01 1.000000e-01 1.255555e+00 -0.767456 0.098068 0.196441 0.197255 0.198943 0.076751 0.767457 0.023001 0.028877 -0.871639 0.000000 
1.300000e-01 1.003097e-01 9.749963e-02 1.299997e-01 1.000000e-01 1.263022e+00 -0.772390 0.098646 0.197632 0.198529 0.200300 0.077284 0.772390 0.022368 0.027610 -0.872906 0.000000 
1.300000e-01 1.003097e-01 9.749963e-02 1.299996e-01 1.000000e-01 1.270466e+00 -0.777308 0.099215 0.198809 0.199799 0.201664 0.077822 0.777308 0.021737 0.026348 -0.874170 0.000000 
1.300000e-01 1.003097e-01 9.749963e-02 1.299996e-01 1.000000e-01 1.277885e+00 -0.782209 0.099774 0.199972 0.201066 0.203035 0.078363 0.782210 0.021108 0.025089 -0.875430 0.000000 
1.300000e-01 1.003097e-01 9.749963e-02 1.299995e-01 1.000000e-01 1.285279e+00 -0.787094 0.100323 0.201119 0.202330 0.204413 0.078909 0.787095 0.020481 0.023835 -0.876685 0.000000 
1.300000e-01 1.003097e-01 9.749963e-02 1.299995e-01 1.000000e-01 1.292648e+00 -0.791963 0.100860 0.202248 0.203591 0.205803 0.079462 0.791963 0.019856 0.022585 -0.877936 0.000000 
1.300000e-01 1.003097e-01 9.749963e-02 1.299994e-01 1.000000e-01 1.299991e+00 -0.796814 0.101384 0.203360 0.204849 0.207203 0.080019 0.796815 0.019233 0.021340 -0.879183 0.000000 
1.300000e-01 1.003097e-01 9.749963e-02 1.299993e-01 1.000000e-01 1.307309e+00 -0.801649 0.101892 0.204449 0.206105 0.208619 0.080585 0.801649 0.018613 0.020098 -0.880425 0.000000 
1.300000e-01 1.003097e-01 9.749963e-02 1.299992e-01 1.000000e-01 1.314600e+00 -0.806466 0.102386 0.205517 0.207358 0.210047 0.081159 0.806467 0.017994 0.018862 -0.881663 0.000000 
1.300000e-01 1.003097e-01 9.749963e-02 1.299991e-01 1.000000e-01 1.321866e+00 -0.811266 0.102861 0.206558 0.208610 0.211496 0.081742 0.811266 0.017378 0.017629 -0.882896 0.000000 
1.300000e-01 1.003097e-01 9.749963e-02 1.299990e-01 1.000000e-01 1.329104e+00 -0.816048 0.103317 0.207574 0.209860 0.212963 0.082335 0.816049 0.016765 0.016402 -0.884125 0.000000 
1.300000e-01 1.003097e-01 9.749963e-02 1.299988e-01 1.000000e-01 1.336316e+00 -0.820813 0.103751 0.208559 0.211109 0.214454 0.082940 0.820813 0.016153 0.015178 -0.885350 0.000000 
1.300000e-01 1.003097e-01 9.749963e-02 1.299987e-01 1.000000e-01 1.343500e+00 -0.825559 0.104162 0.209511 0.212358 0.215970 0.083559 0.825559 0.015544 0.013960 -0.886569 0.000000 
1.300000e-01 1.003097e-01 9.749963e-02 1.299985e-01 1.000000e-01 1.350656e+00 -0.830287 0.104546 0.210428 0.213608 0.217515 0.084191 0.830287 0.014937 0.012746 -0.887784 0.000000 
1.300000e-01 1.003097e-01 9.749963e-02 1.299983e-01 1.000000e-01 1.357785e+00 -0.834996 0.104899 0.211303 0.214859 0.219095 0.084841 0.834997 0.014333 0.011537 -0.888994 0.000000 
1.300000e-01 1.003097e-01 9.749963e-02 1.299980e-01 1.000000e-01 1.364885e+00 -0.839687 0.105223 0.212138 0.216112 0.220709 0.085507 0.839687 0.013731 0.010333 -0.890200 0.000000 
1.300000e-01 1.003097e-01 9.749963e-02 1.299978e-01 1.000000e-01 1.371956e+00 -0.844359 0.105505 0.212919 0.217370 0.222370 0.086195 0.844359 0.013131 0.009133 -0.891400 0.000000 
1.300000e-01 1.003097e-01 9.749963e-02 1.299975e-01 1.000000e-01 1.378998e+00 -0.849011 0.105750 0.213651 0.218634 0.224074 0.086903 0.849011 0.012534 0.007939 -0.892596 0.000000 
1.300000e-01 1.003097e-01 9.749963e-02 1.299971e-01 1.000000e-01 1.386010e+00 -0.853644 0.105949 0.214324 0.219905 0.225831 0.087635 0.853644 0.011940 0.006750 -0.893786 0.000000 
1.300000e-01 1.003097e-01 9.749963e-02 1.299967e-01 1.000000e-01 1.392993e+00 -0.858256 0.106095 0.214930 0.221188 0.227649 0.088394 0.858257 0.011348 0.005565 -0.894972 0.000000 
1.300000e-01 1.003097e-01 9.749963e-02 1.299963e-01 1.000000e-01 1.399945e+00 -0.862849 0.106190 0.215471 0.222484 0.229526 0.089179 0.862850 0.010758 0.004386 -0.896152 0.000000 
1.300000e-01 1.003097e-01 9.749963e-02 1.299957e-01 1.000000e-01 1.406867e+00 -0.867422 0.106214 0.215923 0.223800 0.231486 0.089998 0.867422 0.010171 0.003212 -0.897327 0.000000 
1.300000e-01 1.003097e-01 9.749963e-02 1.299952e-01 1.000000e-01 1.413757e+00 -0.871974 0.106173 0.216295 0.225138 0.233522 0.090847 0.871974 0.009587 0.002043 -0.898497 0.000000 
1.300000e-01 1.003097e-01 9.749963e-02 1.299945e-01 1.000000e-01 1.420616e+00 -0.876505 0.106053 0.216570 0.226505 0.235647 0.091731 0.876505 0.009005 0.000880 -0.899661 0.000000 
1.300000e-01 1.003097e-01 9.749963e-02 1.299937e-01 1.000000e-01 1.427443e+00 -0.881015 0.105840 0.216732 0.227910 0.237880 0.092653 0.881016 0.008427 -0.000278 -0.900820 0.000000 
1.300000e-01 1.003097e-01 9.749963e-02 1.299928e-01 1.000000e-01 1.434238e+00 -0.885504 0.105536 0.216783 0.229358 0.240218 0.093609 0.885504 0.007851 -0.001430 -0.901974 0.000000 
1.300000e-01 1.003097e-01 9.749963e-02 1.299918e-01 1.000000e-01 1.441000e+00 -0.889971 0.105117 0.216697 0.230864 0.242688 0.094606 0.889971 0.007277 -0.002577 -0.903121 0.000000 
1.300000e-01 1.003097e-01 9.749963e-02 1.299907e-01 1.000000e-01 1.447729e+00 -0.894416 0.104573 0.216461 0.232442 0.245300 0.095641 0.894416 0.006707 -0.003718 -0.904264 0.000000 
1.300000e-01 1.003097e-01 9.749963e-02 1.299894e-01 1.000000e-01 1.454424e+00 -0.898839 0.103901 0.216070 0.234099 0.248059 0.096711 0.898839 0.006139 -0.004854 -0.905400 0.000000 
1.300000e-01 1.003097e-01 9.749963e-02 1.299879e-01 1.000000e-01 1.461086e+00 -0.903240 0.103066 0.215484 0.235869 0.251005 0.097816 0.903240 0.005574 -0.005983 -0.906531 0.000000 
1.300000e-01 1.003097e-01 9.749963e-02 1.299862e-01 1.000000e-01 1.467712e+00 -0.907617 0.102060 0.214688 0.237770 0.254150 0.098950 0.907617 0.005012 -0.007107 -0.907656 0.000000 
1.300000e-01 1.003097e-01 9.749963e-02 1.299843e-01 1.000000e-01 1.474304e+00 -0.911972 0.100876 0.213672 0.239818 0.257504 0.100102 0.911972 0.004454 -0.008225 -0.908775 0.000000 
1.300000e-01 1.003097e-01 9.749963e-02 1.299821e-01 1.000000e-01 1.480861e+00 -0.916303 0.099472 0.212376 0.242069 0.261123 0.101263 0.916303 0.003898 -0.009337 -0.909888 0.000000 
1.300000e-01 1.003097e-01 9.749963e-02 1.299795e-01 1.000000e-01 1.487381e+00 -0.920610 0.097829 0.210767 0.244562 0.265040 0.102413 0.920610 0.003345 -0.010443 -0.910995 0.000000 
1.300000e-01 1.003097e-01 9.749963e-02 1.299767e-01 1.000000e-01 1.493866e+00 -0.924894 0.095942 0.208828 0.247326 0.269270 0.103529 0.924894 0.002795 -0.011543 -0.912096 0.000000 
1.300000e-01 1.003097e-01 9.749963e-02 1.299734e-01 1.000000e-01 1.500313e+00 -0.929153 0.093779 0.206492 0.250428 0.273875 0.104580 0.929153 0.002248 -0.012636 -0.913190 0.000000 
1.300000e-01 1.003097e-01 9.749963e-02 1.299696e-01 1.000000e-01 1.506721e+00 -0.933387 0.091279 0.203648 0.253984 0.278968 0.105508 0.933387 0.001705 -0.013723 -0.914278 0.000000 
1.300000e-01 1.003097e-01 9.749963e-02 1.299653e-01 1.000000e-01 1.513090e+00 -0.937594 0.088462 0.200283 0.258018 0.284562 0.106269 0.937595 0.001165 -0.014804 -0.915359 0.000000 
1.300000e-01 1.003097e-01 9.749963e-02 1.299605e-01 1.000000e-01 1.519419e+00 -0.941776 0.085304 0.196316 0.262617 0.290744 0.106795 0.941776 0.000628 -0.015877 -0.916434 0.000000 
1.300000e-01 1.003097e-01 9.749963e-02 1.299552e-01 1.000000e-01 1.525707e+00 -0.945930 0.081745 0.191570 0.267953 0.297701 0.106961 0.945931 0.000095 -0.016944 -0.917501 0.000000 
1.300000e-01 1.003097e-01 9.749963e-02 1.299493e-01 1.000000e-01 1.531953e+00 -0.950058 0.077767 0.185921 0.274148 0.305585 0.106636 0.950058 -0.000435 -0.018003 -0.918562 0.000000 
1.300000e-01 1.003097e-01 9.749963e-02 1.299429e-01 1.000000e-01 1.538158e+00 -0.954158 0.073386 0.179291 0.281267 0.314507 0.105708 0.954158 -0.000961 -0.019056 -0.919616 0.000000 
1.300000e-01 1.003097e-01 9.749963e-02 1.299363e-01 1.000000e-01 1.544319e+00 -0.958229 0.068591 0.171528 0.289429 0.324675 0.104006 0.958229 -0.001483 -0.020101 -0.920662 0.000000 
1.300000e-01 1.003097e-01 9.749963e-02 1.299300e-01 1.000000e-01 1.550437e+00 -0.962268 0.063352 0.162378 0.298818 0.336458 0.101263 0.962268 -0.002002 -0.021138 -0.921700 0.000000 
1.300000e-01 1.003097e-01 9.749963e-02 1.299251e-01 1.000000e-01 1.556508e+00 -0.966272 0.057667 0.151601 0.309544 0.350277 0.097184 0.966272 -0.002516 -0.022166 -0.922729 0.000000 
1.300000e-01 1.003097e-01 9.749963e-02 1.299241e-01 1.000000e-01 1.562529e+00 -0.970232 0.051607 0.139203 0.321426 0.366346 0.091651 0.970232 -0.003024 -0.023183 -0.923746 0.000000 
1.300000e-01 1.003097e-01 9.749963e-02 1.299321e-01 1.000000e-01 1.568493e+00 -0.974130 0.045230 0.125132 0.334180 0.385091 0.084497 0.974130 -0.003524 -0.024183 -0.924748 0.000000 
1.300000e-01 1.003097e-01 9.749963e-02 1.299600e-01 1.000000e-01 1.574381e+00 -0.977929 0.038642 0.109504 0.347077 0.407026 0.075680 0.977929 -0.004012 -0.025159 -0.925724 0.000000 
1.300000e-01 1.003097e-01 9.749963e-02 1.300349e-01 1.000000e-01 1.580158e+00 -0.981553 0.032036 0.092739 0.358405 0.432968 0.065404 0.981553 -0.004477 -0.026089 -0.926655 0.000000 
1.300000e-01 1.003097e-01 9.749963e-02 1.302287e-01 1.000000e-01 1.585741e+00 -0.984831 0.025807 0.075952 0.364024 0.464579 0.054469 0.984831 -0.004897 -0.026931 -0.927498 0.000000 
1.300000e-01 1.003097e-01 9.749963e-02 1.307690e-01 1.000000e-01 1.590928e+00 -0.987546 0.020483 0.060920 0.354803 0.506828 0.044512 0.987546 -0.005246 -0.027628 -0.928196 0.000000 
1.300000e-01 1.003097e-01 9.749963e-02 1.323731e-01 1.000000e-01 1.595445e+00 -0.989885 0.015717 0.046807 0.301510 0.590264 0.035588 0.989885 -0.005546 -0.028228 -0.928797 0.000000 
1.300000e-01 1.003097e-01 9.749963e-02 1.339805e-01 1.000000e-01 1.597505e+00 -0.991703 0.011952 0.035393 0.219413 0.696705 0.028241 0.991703 -0.005779 -0.028695 -0.929264 0.000000 
1.300000e-01 1.003097e-01 9.749963e-02 1.339805e-01 1.000000e-01 1.597505e+00 -0.991703 0.011952 0.035393 0.219413 0.696705 0.028241 0.991703 -0.005779 -0.028695 -0.929264 0.000000 
1.300000e-01 1.003097e-01 9.749963e-02 1.339805e-01 1.000000e-01 1.597505e+00 -0.991703 0.011952 0.035393 0.219413 0.696705 0.028241 0.991703 -0.005779 -0.028695 -0.929264 0.000000 
1.300000e-01 1.003097e-01 9.749963e-02 1.339805e-01 1.000000e-01 1.597505e+00 -0.991703 0.011952 0.035393 0.219413 0.696705 0.028241 0.991703 -0.005779 -0.028695 -0.929264 0.000000 
1.300000e-01 1.003097e-01 9.749963e-02 1.339805e-01 1.000000e-01 1.597505e+00 -0.991703 0.011952 0.035393 0.219413 0.696705 0.028241 0.991703 -0.005779 -0.028695 -0.929264 0.000000 
1.300000e-01 1.003097e-01 9.749963e-02 1.339805e-01 1.000000e-01 1.597505e+00 -0.991703 0.011952 0.035393 0.219413 0.696705 0.028241 0.991703 -0.005779 -0.028695 -0.929264 0.000000 
1.300000e-01 1.003097e-01 9.749963e-02 1.339805e-01 1.000000e-01 1.597505e+00 -0.991703 0.011952 0.035393 0.219413 0.696705 0.028241 0.991703 -0.005779 -0.028695 -0.929264 0.000000 
1.300000e-01 1.003097e-01 9.749963e-02 1.339805e-01 1.000000e-01 1.597505e+00 -0.991703 0.011952 0.035393 0.219413 0.696705 0.028241 0.991703 -0.005779 -0.028695 -0.929264 0.000000 
1.300000e-01 1.003097e-01 9.749963e-02 1.339805e-01 1.000000e-01 1.597505e+00 -0.991703 0.011952 0.035393 0.219413 0.696705 0.028241 0.991703 -0.005779 -0.028695 -0.929264 0.000000 
1.300000e-01 1.003097e-01 9.749963e-02 1.339805e-01 1.000000e-01 1.597505e+00 -0.991703 0.011952 0.035393 0.219413 0.696705 0.028241 0.991703 -0.005779 -0.028695 -0.929264 0.000000 
1.300000e-01 1.003097e-01 9.749963e-02 1.339805e-01 1.000000e-01 1.597505e+00 -0.991703 0.011952 0.035393 0.219413 0.696705 0.028241 0.991703 -0.005779 -0.028695 -0.929264 0.000000 
1.300000e-01 1.003097e-01 9.749963e-02 1.339805e-01 1.000000e-01 1.597505e+00 -0.991703 0.011952 0.035393 0.219413 0.696705 0.028241 0.991703 -0.005779 -0.028695 -0.929264 0.000000 
1.300000e-01 1.003097e-01 9.749963e-02 1.339805e-01 1.000000e-01 1.597505e+00 -0.991703 0.011952 0.035393 0.219413 0.696705 0.028241 0.991703 -0.005779 -0.028695 -0.929264 0.000000 
1.300000e-01 1.003097e-01 9.749963e-02 1.339805e-01 1.000000e-01 1.597505e+00 -0.991703 0.011952 0.035393 0.219413 0.696705 0.028241 0.991703 -0.005779 -0.028695 -0.929264 0.000000 
1.300000e-01 1.003097e-01 9.749963e-02 1.339805e-01 1.000000e-01 1.597505e+00 -0.991703 0.011952 0.035393 0.219413 0.696705 0.028241 0.991703 -0.005779 -0.028695 -0.929264 0.000000 
1.300000e-01 1.003097e-01 9.749963e-02 1.339805e-01 1.000000e-01 1.597505e+00 -0.991703 0.011952 0.035393 0.219413 0.696705 0.028241 0.991703 -0.005779 -0.028695 -0.929264 0.000000 
1.300000e-01 1.003097e-01 9.749963e-02 1.339805e-01 1.000000e-01 1.597505e+00 -0.991703 0.011952 0.035393 0.219413 0.696705 0.028241 0.991703 -0.005779 -0.028695 -0.929264 0.000000 
1.300000e-01 1.003097e-01 9.749963e-02 1.339805e-01 1.000000e-01 1.597505e+00 -0.991703 0.011952 0.035393 0.219413 0.696705 0.028241 0.991703 -0.005779 -0.028695 -0.929264 0.000000 
1.300000e-01 1.003097e-01 9.749963e-02 1.339805e-01 1.000000e-01 1.597505e+00 -0.991703 0.011952 0.035393 0.219413 0.696705 0.028241 0.991703 -0.005779 -0.028695 -0.929264 0.000000 
1.300000e-01 1.003097e-01 9.749963e-02 1.339805e-01 1.000000e-01 1.597505e+00 -0.991703 0.011952 0.035393 0.219413 0.696705 0.028241 0.991703 -0.005779 -0.028695 -0.929264 0.000000 
1.300000e-01 1.003097e-01 9.749963e-02 1.339805e-01 1.000000e-01 1.597505e+00 -0.991703 0.011952 0.035393 0.219413 0.696705 0.028241 0.991703 -0.005779 -0.028695 -0.929264 0.000000 
1.300000e-01 1.003097e-01 9.749963e-02 1.339805e-01 1.000000e-01 1.597505e+00 -0.991703 0.011952 0.035393 0.219413 0.696705 0.028241 0.991703 -0.005779 -0.028695 -0.929264 0.000000 
1.300000e-01 1.003097e-01 9.749963e-02 1.339805e-01 1.000000e-01 1.597505e+00 -0.991703 0.011952 0.035393 0.219413 0.696705 0.028241 0.991703 -0.005779 -0.028695 -0.929264 0.000000 
1.300000e-01 1.003097e-01 9.749963e-02 1.339805e-01 1.000000e-01 1.597505e+00 -0.991703 0.011952 0.035393 0.219413 0.696705 0.028241 0.991703 -0.005779 -0.028695 -0.929264 0.000000 
1.300000e-01 1.003097e-01 9.749963e-02 1.339805e-01 1.000000e-01 1.597505e+00 -0.991703 0.011952 0.035393 0.219413 0.696705 0.028241 0.991703 -0.005779 -0.028695 -0.929264 0.000000 
1.300000e-01 1.003097e-01 9.749963e-02 1.339805e-01 1.000000e-01 1.597505e+00 -0.991703 0.011952 0.035393 0.219413 0.696705 0.028241 0.991703 -0.005779 -0.028695 -0.929264 0.000000 
1.300000e-01 1.003097e-01 9.749963e-02 1.339805e-01 1.000000e-01 1.597505e+00 -0.991703 0.011952 0.035393 0.219413 0.696705 0.028241 0.991703 -0.005779 -0.028695 -0.929264 0.000000 
1.300000e-01 1.003097e-01 9.749963e-02 1.339805e-01 1.000000e-01 1.597505e+00 -0.991703 0.011952 0.035393 0.219413 0.696705 0.028241 0.991703 -0.005779 -0.028695 -0.929264 0.000000 
1.300000e-01 1.003097e-01 9.749963e-02 1.339805e-01 1.000000e-01 1.597505e+00 -0.991703 0.011952 0.035393 0.219413 0.696705 0.028241 0.991703 -0.005779 -0.028695 -0.929264 0.000000 
1.300000e-01 1.003097e-01 9.749963e-02 1.339805e-01 1.000000e-01 1.597505e+00 -0.991703 0.011952 0.035393 0.219413 0.696705 0.028241 0.991703 -0.005779 -0.028695 -0.929264 0.000000 
1.300000e-01 1.003097e-01 9.749963e-02 1.339805e-01 1.000000e-01 1.597505e+00 -0.991703 0.011952 0.035393 0.219413 0.696705 0.028241 0.991703 -0.005779 -0.028695 -0.929264 0.000000 
1.300000e-01 1.003097e-01 9.749963e-02 1.339805e-01 1.000000e-01 1.597505e+00 -0.991703 0.011952 0.035393 0.219413 0.696705 0.028241 0.991703 -0.005779 -0.028695 -0.929264 0.000000 
1.300000e-01 1.003097e-01 9.749963e-02 1.339805e-01 1.000000e-01 1.597505e+00 -0.991703 0.011952 0.035393 0.219413 0.696705 0.028241 0.991703 -0.005779 -0.028695 -0.929264 0.000000 
1.300000e-01 1.003097e-01 9.749963e-02 1.339805e-01 1.000000e-01 1.597505e+00 -0.991703 0.011952 0.035393 0.219413 0.696705 0.028241 0.991703 -0.005779 -0.028695 -0.929264 0.000000 
1.300000e-01 1.003097e-01 9.749963e-02 1.339805e-01 1.000000e-01 1.597505e+00 -0.991703 0.011952 0.035393 0.219413 0.696705 0.028241 0.991703 -0.005779 -0.028695 -0.929264 0.000000 
1.300000e-01 1.003097e-01 9.749963e-02 1.339805e-01 1.000000e-01 1.597505e+00 -0.991703 0.011952 0.035393 0.219413 0.696705 0.028241 0.991703 -0.005779 -0.028695 -0.929264 0.000000 
1.300000e-01 1.003097e-01 9.749963e-02 1.339805e-01 1.000000e-01 1.597505e+00 -0.991703 0.011952 0.035393 0.219413 0.696705 0.028241 0.991703 -0.005779 -0.028695 -0.929264 0.000000 
1.300000e-01 1.003097e-01 9.749963e-02 1.339805e-01 1.000000e-01 1.597505e+00 -0.991703 0.011952 0.035393 0.219413 0.696705 0.028241 0.991703 -0.005779 -0.028695 -0.929264 0.000000 
1.300000e-01 1.003097e-01 9.749963e-02 1.339805e-01 1.000000e-01 1.597505e+00 -0.991703 0.011952 0.035393 0.219413 0.696705 0.028241 0.991703 -0.005779 -0.028695 -0.929264 0.000000 
1.300000e-01 1.003097e-01 9.749963e-02 1.339805e-01 1.000000e-01 1.597505e+00 -0.991703 0.011952 0.035393 0.219413 0.696705 0.028241 0.991703 -0.005779 -0.028695 -0.929264 0.000000 
1.300000e-01 1.003097e-01 9.749963e-02 1.339805e-01 1.000000e-01 1.597505e+00 -0.991703 0.011952 0.035393 0.219413 0.696705 0.028241 0.991703 -0.005779 -0.028695 -0.929264 0.000000 
1.300000e-01 1.003097e-01 9.749963e-02 1.339805e-01 1.000000e-01 1.597505e+00 -0.991703 0.011952 0.035393 0.219413 0.696705 0.028241 0.991703 -0.005779 -0.028695 -0.929264 0.000000 
1.300000e-01 1.003097e-01 9.749963e-02 1.339805e-01 1.000000e-01 1.597505e+00 -0.991703 0.011952 0.035393 0.219413 0.696705 0.028241 0.991703 -0.005779 -0.028695 -0.929264 0.000000 
1.300000e-01 1.003097e-01 9.749963e-02 1.339805e-01 1.000000e-01 1.597505e+00 -0.991703 0.011952 0.035393 0.219413 0.696705 0.028241 0.991703 -0.005779 -0.028695 -0.929264 0.000000 
1.300000e-01 1.003097e-01 9.749963e-02 1.339805e-01 1.000000e-01 1.597505e+00 -0.991703 0.011952 0.035393 0.219413 0.696705 0.028241 0.991703 -0.005779 -0.028695 -0.929264 0.000000 
1.300000e-01 1.003097e-01 9.749963e-02 1.339805e-01 1.000000e-01 1.597505e+00 -0.991703 0.011952 0.035393 0.219413 0.696705 0.028241 0.991703 -0.005779 -0.028695 -0.929264 0.000000 
1.300000e-01 1.003097e-01 9.749963e-02 1.339805e-01 1.000000e-01 1.597505e+00 -0.991703 0.011952 0.035393 0.219413 0.696705 0.028241 0.991703 -0.005779 -0.028695 -0.929264 0.000000 
1.300000e-01 1.003097e-01 9.749963e-02 1.339805e-01 1.000000e-01 1.597505e+00 -0.991703 0.011952 0.035393 0.219413 0.696705 0.028241 0.991703 -0.005779 -0.028695 -0.929264 0.000000 
1.300000e-01 1.003097e-01 9.749963e-02 1.339805e-01 1.000000e-01 1.597505e+00 -0.991703 0.011952 0.035393 0.219413 0.696705 0.028241 0.991703 -0.005779 -0.028695 -0.929264 0.000000 
1.300000e-01 1.003097e-01 9.749963e-02 1.339805e-01 1.000000e-01 1.597505e+00 -0.991703 0.011952 0.035393 0.219413 0.696705 0.028241 0.991703 -0.005779 -0.028695 -0.929264 0.000000 
1.300000e-01 1.003097e-01 9.749963e-02 1.339805e-01 1.000000e-01 1.597505e+00 -0.991703 0.011952 0.035393 0.219413 0.696705 0.028241 0.991703 -0.005779 -0.028695 -0.929264 0.000000 
1.300000e-01 1.003097e-01 9.749963e-02 1.339805e-01 1.000000e-01 1.597505e+00 -0.991703 0.011952 0.035393 0.219413 0.696705 0.028241 0.991703 -0.005779 -0.028695 -0.929264 0.000000 
1.300000e-01 1.003097e-01 9.749963e-02 1.339805e-01 1.000000e-01 1.597505e+00 -0.991703 0.011952 0.035393 0.219413 0.696705 0.028241 0.991703 -0.005779 -0.028695 -0.929264 0.000000 
1.300000e-01 1.003097e-01 9.749963e-02 1.339805e-01 1.000000e-01 1.597505e+00 -0.991703 0.011952 0.035393 0.219413 0.696705 0.028241 0.991703 -0.005779 -0.028695 -0.929264 0.000000 
1.300000e-01 1.003097e-01 9.749963e-02 1.339805e-01 1.000000e-01 1.597505e+00 -0.991703 0.011952 0.035393 0.219413 0.696705 0.028241 0.991703 -0.005779 -0.028695 -0.929264 0.000000 
1.300000e-01 1.003097e-01 9.749963e-02 1.339805e-01 1.000000e-01 1.597505e+00 -0.991703 0.011952 0.035393 0.219413 0.696705 0.028241 0.991703 -0.005779 -0.028695 -0.929264 0.000000 
1.300000e-01 1.003097e-01 9.749963e-02 1.339805e-01 1.000000e-01 1.597505e+00 -0.991703 0.011952 0.035393 0.219413 0.696705 0.028241 0.991703 -0.005779 -0.028695 -0.929264 0.000000 
1.300000e-01 1.003097e-01 9.749963e-02 1.339805e-01 1.000000e-01 1.597505e+00 -0.991703 0.011952 0.035393 0.219413 0.696705 0.028241 0.991703 -0.005779 -0.028695 -0.929264 0.000000 
1.300000e-01 1.003097e-01 9.749963e-02 1.339805e-01 1.000000e-01 1.597505e+00 -0.991703 0.011952 0.035393 0.219413 0.696705 0.028241 0.991703 -0.005779 -0.028695 -0.929264 0.000000 
1.300000e-01 1.003097e-01 9.749963e-02 1.339805e-01 1.000000e-01 1.597505e+00 -0.991703 0.011952 0.035393 0.219413 0.696705 0.028241 0.991703 -0.005779 -0.028695 -0.929264 0.000000 
1.300000e-01 1.003097e-01 9.749963e-02 1.339805e-01 1.000000e-01 1.597505e+00 -0.991703 0.011952 0.035393 0.219413 0.696705 0.028241 0.991703 -0.005779 -0.028695 -0.929264 0.000000 
1.300000e-01 1.003097e-01 9.749963e-02 1.339805e-01 1.000000e-01 1.597505e+00 -0.991703 0.011952 0.035393 0.219413 0.696705 0.028241 0.991703 -0.005779 -0.028695 -0.929264 0.000000 
1.300000e-01 1.003097e-01 9.749963e-02 1.339805e-01 1.000000e-01 1.597505e+00 -0.991703 0.011952 0.035393 0.219413 0.696705 0.028241 0.991703 -0.005779 -0.028695 -0.929264 0.000000 
1.300000e-01 1.003097e-01 9.749963e-02 1.339805e-01 1.000000e-01 1.597505e+00 -0.991703 0.011952 0.035393 0.219413 0.696705 0.028241 0.991703 -0.005779 -0.028695 -0.929264 0.000000 
1.300000e-01 1.003097e-01 9.749963e-02 1.339805e-01 1.000000e-01 1.597505e+00 -0.991703 0.011952 0.035393 0.219413 0.696705 0.028241 0.991703 -0.005779 -0.028695 -0.929264 0.000000 
1.300000e-01 1.003097e-01 9.749963e-02 1.339805e-01 1.000000e-01 1.597505e+00 -0.991703 0.011952 0.035393 0.219413 0.696705 0.028241 0.991703 -0.005779 -0.028695 -0.929264 0.000000 
1.300000e-01 1.003097e-01 9.749963e-02 1.339805e-01 1.000000e-01 1.597505e+00 -0.991703 0.011952 0.035393 0.219413 0.696705 0.028241 0.991703 -0.005779 -0.028695 -0.929264 0.000000 
1.300000e-01 1.003097e-01 9.749963e-02 1.339805e-01 1.000000e-01 1.597505e+00 -0.991703 0.011952 0.035393 0.219413 0.696705 0.028241 0.991703 -0.005779 -0.028695 -0.929264 0.000000 
1.300000e-01 1.003097e-01 9.749963e-02 1.339805e-01 1.000000e-01 1.597505e+00 -0.991703 0.011952 0.035393 0.219413 0.696705 0.028241 0.991703 -0.005779 -0.028695 -0.929264 0.000000 
1.300000e-01 1.003097e-01 9.749963e-02 1.339805e-01 1.000000e-01 1.597505e+00 -0.991703 0.011952 0.035393 0.219413 0.696705 0.028241 0.991703 -0.005779 -0.028695 -0.929264 0.000000 
1.300000e-01 1.003097e-01 9.749963e-02 1.339805e-01 1.000000e-01 1.597505e+00 -0.991703 0.011952 0.035393 0.219413 0.696705 0.028241 0.991703 -0.005779 -0.028695 -0.929264 0.000000 
1.300000e-01 1.003097e-01 9.749963e-02 1.339805e-01 1.000000e-01 1.597505e+00 -0.991703 0.011952 0.035393 0.219413 0.696705 0.028241 0.991703 -0.005779 -0.028695 -0.929264 0.000000 
1.300000e-01 1.003097e-01 9.749963e-02 1.339805e-01 1.000000e-01 1.597505e+00 -0.991703 0.011952 0.035393 0.219413 0.696705 0.028241 0.991703 -0.005779 -0.028695 -0.929264 0.000000 
1.300000e-01 1.003097e-01 9.749963e-02 1.339805e-01 1.000000e-01 1.597505e+00 -0.991703 0.011952 0.035393 0.219413 0.696705 0.028241 0.991703 -0.005779 -0.028695 -0.929264 0.000000 
1.300000e-01 1.003097e-01 9.749963e-02 1.339805e-01 1.000000e-01 1.597505e+00 -0.991703 0.011952 0.035393 0.219413 0.696705 0.028241 0.991703 -0.005779 -0.028695 -0.929264 0.000000 
1.300000e-01 1.003097e-01 9.749963e-02 1.339805e-01 1.000000e-01 1.597505e+00 -0.991703 0.011952 0.035393 0.219413 0.696705 0.028241 0.991703 -0.005779 -0.028695 -0.929264 0.000000 
1.300000e-01 1.003097e-01 9.749963e-02 1.339805e-01 1.000000e-01 1.597505e+00 -0.991703 0.011952 0.035393 0.219413 0.696705 0.028241 0.991703 -0.005779 -0.028695 -0.929264 0.000000 
1.300000e-01 1.003097e-01 9.749963e-02 1.339805e-01 1.000000e-01 1.597505e+00 -0.991703 0.011952 0.035393 0.219413 0.696705 0.028241 0.991703 -0.005779 -0.028695 -0.929264 0.000000 
1.300000e-01 1.003097e-01 9.749963e-02 1.339805e-01 1.000000e-01 1.597505e+00 -0.991703 0.011952 0.035393 0.219413 0.696705 0.028241 0.991703 -0.005779 -0.028695 -0.929264 0.000000 
1.300000e-01 1.003097e-01 9.749963e-02 1.339805e-01 1.000000e-01 1.597505e+00 -0.991703 0.011952 0.035393 0.219413 0.696705 0.028241 0.991703 -0.005779 -0.028695 -0.929264 0.000000 
1.300000e-01 1.003097e-01 9.749963e-02 1.339805e-01 1.000000e-01 1.597505e+00 -0.991703 0.011952 0.035393 0.219413 0.696705 0.028241 0.991703 -0.005779 -0.028695 -0.929264 0.000000 
1.300000e-01 1.003097e-01 9.749963e-02 1.339805e-01 1.000000e-01 1.597505e+00 -0.991703 0.011952 0.035393 0.219413 0.696705 0.028241 0.991703 -0.005779 -0.028695 -0.929264 0.000000 
1.300000e-01 1.003097e-01 9.749963e-02 1.339805e-01 1.000000e-01 1.597505e+00 -0.991703 0.011952 0.035393 0.219413 0.696705 0.028241 0.991703 -0.005779 -0.028695 -0.929264 0.000000 
1.300000e-01 1.003097e-01 9.749963e-02 1.339805e-01 1.000000e-01 1.597505e+00 -0.991703 0.011952 0.035393 0.219413 0.696705 0.028241 0.991703 -0.005779 -0.028695 -0.929264 0.000000 
1.300000e-01 1.003097e-01 9.749963e-02 1.339805e-01 1.000000e-01 1.597505e+00 -0.991703 0.011952 0.035393 0.219413 0.696705 0.028241 0.991703 -0.005779 -0.028695 -0.929264 0.000000 
1.300000e-01 1.003097e-01 9.749963e-02 1.339805e-01 1.000000e-01 1.597505e+00 -0.991703 0.011952 0.035393 0.219413 0.696705 0.028241 0.991703 -0.005779 -0.028695 -0.929264 0.000000 
1.300000e-01 1.003097e-01 9.749963e-02 1.339805e-01 1.000000e-01 1.597505e+00 -0.991703 0.011952 0.035393 0.219413 0.696705 0.028241 0.991703 -0.005779 -0.028695 -0.929264 0.000000 
1.300000e-01 1.003097e-01 9.749963e-02 1.339805e-01 1.000000e-01 1.597505e+00 -0.991703 0.011952 0.035393 0.219413 0.696705 0.028241 0.991703 -0.005779 -0.028695 -0.929264 0.000000 
1.300000e-01 1.003097e-01 9.749963e-02 1.339805e-01 1.000000e-01 1.597505e+00 -0.991703 0.011952 0.035393 0.219413 0.696705 0.028241 0.991703 -0.005779 -0.028695 -0.929264 0.000000 
1.300000e-01 1.003097e-01 9.749963e-02 1.339805e-01 1.000000e-01 1.597505e+00 -0.991703 0.011952 0.035393 0.219413 0.696705 0.028241 0.991703 -0.005779 -0.028695 -0.929264 0.000000 
1.300000e-01 1.003097e-01 9.749963e-02 1.339805e-01 1.000000e-01 1.597505e+00 -0.991703 0.011952 0.035393 0.219413 0.696705 0.028241 0.991703 -0.005779 -0.028695 -0.929264 0.000000 
1.300000e-01 1.003097e-01 9.749963e-02 1.339805e-01 1.000000e-01 1.597505e+00 -0.991703 0.011952 0.035393 0.219413 0.696705 0.028241 0.991703 -0.005779 -0.028695 -0.929264 0.000000 
1.300000e-01 1.003097e-01 9.749963e-02 1.339805e-01 1.000000e-01 1.597505e+00 -0.991703 0.011952 0.035393 0.219413 0.696705 0.028241 0.991703 -0.005779 -0.028695 -0.929264 0.000000 
1.300000e-01 1.003097e-01 9.749963e-02 1.339805e-01 1.000000e-01 1.597505e+00 -0.991703 0.011952 0.035393 0.219413 0.696705 0.028241 0.991703 -0.005779 -0.028695 -0.929264 0.000000 
1.300000e-01 1.003097e-01 9.749963e-02 1.339805e-01 1.000000e-01 1.597505e+00 -0.991703 0.011952 0.035393 0.219413 0.696705 0.028241 0.991703 -0.005779 -0.028695 -0.929264 0.000000 
1.300000e-01 1.003097e-01 9.749963e-02 1.339805e-01 1.000000e-01 1.597505e+00 -0.991703 0.011952 0.035393 0.219413 0.696705 0.028241 0.991703 -0.005779 -0.028695 -0.929264 0.000000 
1.300000e-01 1.003097e-01 9.749963e-02 1.339805e-01 1.000000e-01 1.597505e+00 -0.991703 0.011952 0.035393 0.219413 0.696705 0.028241 0.991703 -0.005779 -0.028695 -0.929264 0.000000 
1.300000e-01 1.003097e-01 9.749963e-02 1.339805e-01 1.000000e-01 1.597505e+00 -0.991703 0.011952 0.035393 0.219413 0.696705 0.028241 0.991703 -0.005779 -0.028695 -0.929264 0.000000 
1.300000e-01 1.003097e-01 9.749963e-02 1.339805e-01 1.000000e-01 1.597505e+00 -0.991703 0.011952 0.035393 0.219413 0.696705 0.028241 0.991703 -0.005779 -0.028695 -0.929264 0.000000 
1.300000e-01 1.003097e-01 9.749963e-02 1.339805e-01 1.000000e-01 1.597505e+00 -0.991703 0.011952 0.035393 0.219413 0.696705 0.028241 0.991703 -0.005779 -0.028695 -0.929264 0.000000 
1.300000e-01 1.003097e-01 9.749963e-02 1.339805e-01 1.000000e-01 1.597505e+00 -0.991703 0.011952 0.035393 0.219413 0.696705 0.028241 0.991703 -0.005779 -0.028695 -0.929264 0.000000 
1.300000e-01 1.003097e-01 9.749963e-02 1.339805e-01 1.000000e-01 1.597505e+00 -0.991703 0.011952 0.035393 0.219413 0.696705 0.028241 0.991703 -0.005779 -0.028695 -0.929264 0.000000 
1.300000e-01 1.003097e-01 9.749963e-02 1.339805e-01 1.000000e-01 1.597505e+00 -0.991703 0.011952 0.035393 0.219413 0.696705 0.028241 0.991703 -0.005779 -0.028695 -0.929264 0.000000 
1.300000e-01 1.003097e-01 9.749963e-02 1.339805e-01 1.000000e-01 1.597505e+00 -0.991703 0.011952 0.035393 0.219413 0.696705 0.028241 0.991703 -0.005779 -0.028695 -0.929264 0.000000 
1.300000e-01 1.003097e-01 9.749963e-02 1.339805e-01 1.000000e-01 1.597505e+00 -0.991703 0.011952 0.035393 0.219413 0.696705 0.028241 0.991703 -0.005779 -0.028695 -0.929264 0.000000 
1.300000e-01 1.003097e-01 9.749963e-02 1.339805e-01 1.000000e-01 1.597505e+00 -0.991703 0.011952 0.035393 0.219413 0.696705 0.028241 0.991703 -0.005779 -0.028695 -0.929264 0.000000 
1.300000e-01 1.003097e-01 9.749963e-02 1.339805e-01 1.000000e-01 1.597505e+00 -0.991703 0.011952 0.035393 0.219413 0.696705 0.028241 0.991703 -0.005779 -0.028695 -0.929264 0.000000 
1.300000e-01 1.003097e-01 9.749963e-02 1.339805e-01 1.000000e-01 1.597505e+00 -0.991703 0.011952 0.035393 0.219413 0.696705 0.028241 0.991703 -0.005779 -0.028695 -0.929264 0.000000 
1.300000e-01 1.003097e-01 9.749963e-02 1.339805e-01 1.000000e-01 1.597505e+00 -0.991703 0.011952 0.035393 0.219413 0.696705 0.028241 0.991703 -0.005779 -0.028695 -0.929264 0.000000 
1.300000e-01 1.003097e-01 9.749963e-02 1.339805e-01 1.000000e-01 1.597505e+00 -0.991703 0.011952 0.035393 0.219413 0.696705 0.028241 0.991703 -0.005779 -0.028695 -0.929264 0.000000 
1.300000e-01 1.003097e-01 9.749963e-02 1.339805e-01 1.000000e-01 1.597505e+00 -0.991703 0.011952 0.035393 0.219413 0.696705 0.028241 0.991703 -0.005779 -0.028695 -0.929264 0.000000 
1.300000e-01 1.003097e-01 9.749963e-02 1.339805e-01 1.000000e-01 1.597505e+00 -0.991703 0.011952 0.035393 0.219413 0.696705 0.028241 0.991703 -0.005779 -0.028695 -0.929264 0.000000 
1.300000e-01 1.003097e-01 9.749963e-02 1.339805e-01 1.000000e-01 1.597505e+00 -0.991703 0.011952 0.035393 0.219413 0.696705 0.028241 0.991703 -0.005779 -0.028695 -0.929264 0.000000 
1.300000e-01 1.003097e-01 9.749963e-02 1.339805e-01 1.000000e-01 1.597505e+00 -0.991703 0.011952 0.035393 0.219413 0.696705 0.028241 0.991703 -0.005779 -0.028695 -0.929264 0.000000 
1.300000e-01 1.003097e-01 9.749963e-02 1.339805e-01 1.000000e-01 1.597505e+00 -0.991703 0.011952 0.035393 0.219413 0.696705 0.028241 0.991703 -0.005779 -0.028695 -0.929264 0.000000 
1.300000e-01 1.003097e-01 9.749963e-02 1.339805e-01 1.000000e-01 1.597505e+00 -0.991703 0.011952 0.035393 0.219413 0.696705 0.028241 0.991703 -0.005779 -0.028695 -0.929264 0.000000 
1.300000e-01 1.003097e-01 9.749963e-02 1.339805e-01 1.000000e-01 1.597505e+00 -0.991703 0.011952 0.035393 0.219413 0.696705 0.028241 0.991703 -0.005779 -0.028695 -0.929264 0.000000 
1.300000e-01 1.003097e-01 9.749963e-02 1.339805e-01 1.000000e-01 1.597505e+00 -0.991703 0.011952 0.035393 0.219413 0.696705 0.028241 0.991703 -0.005779 -0.028695 -0.929264 0.000000 
1.300000e-01 1.003097e-01 9.749963e-02 1.339805e-01 1.000000e-01 1.597505e+00 -0.991703 0.011952 0.035393 0.219413 0.696705 0.028241 0.991703 -0.005779 -0.028695 -0.929264 0.000000 
1.300000e-01 1.003097e-01 9.749963e-02 1.339805e-01 1.000000e-01 1.597505e+00 -0.991703 0.011952 0.035393 0.219413 0.696705 0.028241 0.991703 -0.005779 -0.028695 -0.929264 0.000000 
1.300000e-01 1.003097e-01 9.749963e-02 1.339805e-01 1.000000e-01 1.597505e+00 -0.991703 0.011952 0.035393 0.219413 0.696705 0.028241 0.991703 -0.005779 -0.028695 -0.929264 0.000000 
1.300000e-01 1.003097e-01 9.749963e-02 1.339805e-01 1.000000e-01 1.597505e+00 -0.991703 0.011952 0.035393 0.219413 0.696705 0.028241 0.991703 -0.005779 -0.028695 -0.929264 0.000000 
1.300000e-01 1.003097e-01 9.749963e-02 1.339805e-01 1.000000e-01 1.597505e+00 -0.991703 0.011952 0.035393 0.219413 0.696705 0.028241 0.991703 -0.005779 -0.028695 -0.929264 0.000000 
1.300000e-01 1.003097e-01 9.749963e-02 1.339805e-01 1.000000e-01 1.597505e+00 -0.991703 0.011952 0.035393 0.219413 0.696705 0.028241 0.991703 -0.005779 -0.028695 -0.929264 0.000000 
1.300000e-01 1.003097e-01 9.749963e-02 1.339805e-01 1.000000e-01 1.597505e+00 -0.991703 0.011952 0.035393 0.219413 0.696705 0.028241 0.991703 -0.005779 -0.028695 -0.929264 0.000000 
1.300000e-01 1.003097e-01 9.749963e-02 1.339805e-01 1.000000e-01 1.597505e+00 -0.991703 0.011952 0.035393 0.219413 0.696705 0.028241 0.991703 -0.005779 -0.028695 -0.929264 0.000000 
1.300000e-01 1.003097e-01 9.749963e-02 1.339805e-01 1.000000e-01 1.597505e+00 -0.991703 0.011952 0.035393 0.219413 0.696705 0.028241 0.991703 -0.005779 -0.028695 -0.929264 0.000000 
1.300000e-01 1.003097e-01 9.749963e-02 1.339805e-01 1.000000e-01 1.597505e+00 -0.991703 0.011952 0.035393 0.219413 0.696705 0.028241 0.991703 -0.005779 -0.028695 -0.929264 0.000000 
1.300000e-01 1.003097e-01 9.749963e-02 1.339805e-01 1.000000e-01 1.597505e+00 -0.991703 0.011952 0.035393 0.219413 0.696705 0.028241 0.991703 -0.005779 -0.028695 -0.929264 0.000000 
1.300000e-01 1.003097e-01 9.749963e-02 1.339805e-01 1.000000e-01 1.597505e+00 -0.991703 0.011952 0.035393 0.219413 0.696705 0.028241 0.991703 -0.005779 -0.028695 -0.929264 0.000000 
1.300000e-01 1.003097e-01 9.749963e-02 1.339805e-01 1.000000e-01 1.597505e+00 -0.991703 0.011952 0.035393 0.219413 0.696705 0.028241 0.991703 -0.005779 -0.028695 -0.929264 0.000000 
1.300000e-01 1.003097e-01 9.749963e-02 1.339805e-01 1.000000e-01 1.597505e+00 -0.991703 0.011952 0.035393 0.219413 0.696705 0.028241 0.991703 -0.005779 -0.028695 -0.929264 0.000000 
1.300000e-01 1.003097e-01 9.749963e-02 1.339805e-01 1.000000e-01 1.597505e+00 -0.991703 0.011952 0.035393 0.219413 0.696705 0.028241 0.991703 -0.005779 -0.028695 -0.929264 0.000000 
1.300000e-01 1.003097e-01 9.749963e-02 1.339805e-01 1.000000e-01 1.597505e+00 -0.991703 0.011952 0.035393 0.219413 0.696705 0.028241 0.991703 -0.005779 -0.028695 -0.929264 0.000000 
1.300000e-01 1.003097e-01 9.749963e-02 1.339805e-01 1.000000e-01 1.597505e+00 -0.991703 0.011952 0.035393 0.219413 0.696705 0.028241 0.991703 -0.005779 -0.028695 -0.929264 0.000000 
1.300000e-01 1.003097e-01 9.749963e-02 1.339805e-01 1.000000e-01 1.597505e+00 -0.991703 0.011952 0.035393 0.219413 0.696705 0.028241 0.991703 -0.005779 -0.028695 -0.929264 0.000000 
1.300000e-01 1.003097e-01 9.749963e-02 1.339805e-01 1.000000e-01 1.597505e+00 -0.991703 0.011952 0.035393 0.219413 0.696705 0.028241 0.991703 -0.005779 -0.028695 -0.929264 0.000000 
1.300000e-01 1.003097e-01 9.749963e-02 1.339805e-01 1.000000e-01 1.597505e+00 -0.991703 0.011952 0.035393 0.219413 0.696705 0.028241 0.991703 -0.005779 -0.028695 -0.929264 0.000000 
1.300000e-01 1.003097e-01 9.749963e-02 1.339805e-01 1.000000e-01 1.597505e+00 -0.991703 0.011952 0.035393 0.219413 0.696705 0.028241 0.991703 -0.005779 -0.028695 -0.929264 0.000000 
1.300000e-01 1.003097e-01 9.749963e-02 1.339805e-01 1.000000e-01 1.597505e+00 -0.991703 0.011952 0.035393 0.219413 0.696705 0.028241 0.991703 -0.005779 -0.028695 -0.929264 0.000000 
1.300000e-01 1.003097e-01 9.749963e-02 1.339805e-01 1.000000e-01 1.597505e+00 -0.991703 0.011952 0.035393 0.219413 0.696705 0.028241 0.991703 -0.005779 -0.028695 -0.929264 0.000000 
1.300000e-01 1.003097e-01 9.749963e-02 1.339805e-01 1.000000e-01 1.597505e+00 -0.991703 0.011952 0.035393 0.219413 0.696705 0.028241 0.991703 -0.005779 -0.028695 -0.929264 0.000000 
1.300000e-01 1.003097e-01 9.749963e-02 1.339805e-01 1.000000e-01 1.597505e+00 -0.991703 0.011952 0.035393 0.219413 0.696705 0.028241 0.991703 -0.005779 -0.028695 -0.929264 0.000000 
1.300000e-01 1.003097e-01 9.749963e-02 1.339805e-01 1.000000e-01 1.597505e+00 -0.991703 0.011952 0.035393 0.219413 0.696705 0.028241 0.991703 -0.005779 -0.028695 -0.929264 0.000000 
1.300000e-01 1.003097e-01 9.749963e-02 1.339805e-01 1.000000e-01 1.597505e+00 -0.991703 0.011952 0.035393 0.219413 0.696705 0.028241 0.991703 -0.005779 -0.028695 -0.929264 0.000000 
1.300000e-01 1.003097e-01 9.749963e-02 1.339805e-01 1.000000e-01 1.597505e+00 -0.991703 0.011952 0.035393 0.219413 0.696705 0.028241 0.991703 -0.005779 -0.028695 -0.929264 0.000000 
1.300000e-01 1.003097e-01 9.749963e-02 1.339805e-01 1.000000e-01 1.597505e+00 -0.991703 0.011952 0.035393 0.219413 0.696705 0.028241 0.991703 -0.005779 -0.028695 -0.929264 0.000000 
1.300000e-01 1.003097e-01 9.749963e-02 1.339805e-01 1.000000e-01 1.597505e+00 -0.991703 0.011952 0.035393 0.219413 0.696705 0.028241 0.991703 -0.005779 -0.028695 -0.929264 0.000000 
1.300000e-01 1.003097e-01 9.749963e-02 1.339805e-01 1.000000e-01 1.597505e+00 -0.991703 0.011952 0.035393 0.219413 0.696705 0.028241 0.991703 -0.005779 -0.028695 -0.929264 0.000000 
1.300000e-01 1.003097e-01 9.749963e-02 1.339805e-01 1.000000e-01 1.597505e+00 -0.991703 0.011952 0.035393 0.219413 0.696705 0.028241 0.991703 -0.005779 -0.028695 -0.929264 0.000000 
1.300000e-01 1.003097e-01 9.749963e-02 1.339805e-01 1.000000e-01 1.597505e+00 -0.991703 0.011952 0.035393 0.219413 0.696705 0.028241 0.991703 -0.005779 -0.028695 -0.929264 0.000000 
1.300000e-01 1.003097e-01 9.749963e-02 1.339805e-01 1.000000e-01 1.597505e+00 -0.991703 0.011952 0.035393 0.219413 0.696705 0.028241 0.991703 -0.005779 -0.028695 -0.929264 0.000000 
1.300000e-01 1.003097e-01 9.749963e-02 1.339805e-01 1.000000e-01 1.597505e+00 -0.991703 0.011952 0.035393 0.219413 0.696705 0.028241 0.991703 -0.005779 -0.028695 -0.929264 0.000000 
1.300000e-01 1.003097e-01 9.749963e-02 1.339805e-01 1.000000e-01 1.597505e+00 -0.991703 0.011952 0.035393 0.219413 0.696705 0.028241 0.991703 -0.005779 -0.028695 -0.929264 0.000000 
1.300000e-01 1.003097e-01 9.749963e-02 1.339805e-01 1.000000e-01 1.597505e+00 -0.991703 0.011952 0.035393 0.219413 0.696705 0.028241 0.991703 -0.005779 -0.028695 -0.929264 0.000000 
1.300000e-01 1.003097e-01 9.749963e-02 1.339805e-01 1.000000e-01 1.597505e+00 -0.991703 0.011952 0.035393 0.219413 0.696705 0.028241 0.991703 -0.005779 -0.028695 -0.929264 0.000000 
1.300000e-01 1.003097e-01 9.749963e-02 1.339805e-01 1.000000e-01 1.597505e+00 -0.991703 0.011952 0.035393 0.219413 0.696705 0.028241 0.991703 -0.005779 -0.028695 -0.929264 0.000000 
1.300000e-01 1.003097e-01 9.749963e-02 1.339805e-01 1.000000e-01 1.597505e+00 -0.991703 0.011952 0.035393 0.219413 0.696705 0.028241 0.991703 -0.005779 -0.028695 -0.929264 0.000000 
1.300000e-01 1.003097e-01 9.749963e-02 1.339805e-01 1.000000e-01 1.597505e+00 -0.991703 0.011952 0.035393 0.219413 0.696705 0.028241 0.991703 -0.005779 -0.028695 -0.929264 0.000000 
1.300000e-01 1.003097e-01 9.749963e-02 1.339805e-01 1.000000e-01 1.597505e+00 -0.991703 0.011952 0.035393 0.219413 0.696705 0.028241 0.991703 -0.005779 -0.028695 -0.929264 0.000000 
1.300000e-01 1.003097e-01 9.749963e-02 1.339805e-01 1.000000e-01 1.597505e+00 -0.991703 0.011952 0.035393 0.219413 0.696705 0.028241 0.991703 -0.005779 -0.028695 -0.929264 0.000000 
1.300000e-01 1.003097e-01 9.749963e-02 1.339805e-01 1.000000e-01 1.597505e+00 -0.991703 0.011952 0.035393 0.219413 0.696705 0.028241 0.991703 -0.005779 -0.028695 -0.929264 0.000000 
1.300000e-01 1.003097e-01 9.749963e-02 1.339805e-01 1.000000e-01 1.597505e+00 -0.991703 0.011952 0.035393 0.219413 0.696705 0.028241 0.991703 -0.005779 -0.028695 -0.929264 0.000000 
1.300000e-01 1.003097e-01 9.749963e-02 1.339805e-01 1.000000e-01 1.597505e+00 -0.991703 0.011952 0.035393 0.219413 0.696705 0.028241 0.991703 -0.005779 -0.028695 -0.929264 0.000000 
1.300000e-01 1.003097e-01 9.749963e-02 1.339805e-01 1.000000e-01 1.597505e+00 -0.991703 0.011952 0.035393 0.219413 0.696705 0.028241 0.991703 -0.005779 -0.028695 -0.929264 0.000000 
1.300000e-01 1.003097e-01 9.749963e-02 1.339805e-01 1.000000e-01 1.597505e+00 -0.991703 0.011952 0.035393 0.219413 0.696705 0.028241 0.991703 -0.005779 -0.028695 -0.929264 0.000000 
1.300000e-01 1.003097e-01 9.749963e-02 1.339805e-01 1.000000e-01 1.597505e+00 -0.991703 0.011952 0.035393 0.219413 0.696705 0.028241 0.991703 -0.005779 -0.028695 -0.929264 0.000000 
1.300000e-01 1.003097e-01 9.749963e-02 1.339805e-01 1.000000e-01 1.597505e+00 -0.991703 0.011952 0.035393 0.219413 0.696705 0.028241 0.991703 -0.005779 -0.028695 -0.929264 0.000000 
1.300000e-01 1.003097e-01 9.749963e-02 1.339805e-01 1.000000e-01 1.597505e+00 -0.991703 0.011952 0.035393 0.219413 0.696705 0.028241 0.991703 -0.005779 -0.028695 -0.929264 0.000000 
1.300000e-01 1.003097e-01 9.749963e-02 1.339805e-01 1.000000e-01 1.597505e+00 -0.991703 0.011952 0.035393 0.219413 0.696705 0.028241 0.991703 -0.005779 -0.028695 -0.929264 0.000000 
1.300000e-01 1.003097e-01 9.749963e-02 1.339805e-01 1.000000e-01 1.597505e+00 -0.991703 0.011952 0.035393 0.219413 0.696705 0.028241 0.991703 -0.005779 -0.028695 -0.929264 0.000000 
1.300000e-01 1.003097e-01 9.749963e-02 1.339805e-01 1.000000e-01 1.597505e+00 -0.991703 0.011952 0.035393 0.219413 0.696705 0.028241 0.991703 -0.005779 -0.028695 -0.929264 0.000000 
1.300000e-01 1.003097e-01 9.749963e-02 1.339805e-01 1.000000e-01 1.597505e+00 -0.991703 0.011952 0.035393 0.219413 0.696705 0.028241 0.991703 -0.005779 -0.028695 -0.929264 0.000000 
1.300000e-01 1.003097e-01 9.749963e-02 1.339805e-01 1.000000e-01 1.597505e+00 -0.991703 0.011952 0.035393 0.219413 0.696705 0.028241 0.991703 -0.005779 -0.028695 -0.929264 0.000000 
1.300000e-01 1.003097e-01 9.749963e-02 1.339805e-01 1.000000e-01 1.597505e+00 -0.991703 0.011952 0.035393 0.219413 0.696705 0.028241 0.991703 -0.005779 -0.028695 -0.929264 0.000000 
1.300000e-01 1.003097e-01 9.749963e-02 1.339805e-01 1.000000e-01 1.597505e+00 -0.991703 0.011952 0.035393 0.219413 0.696705 0.028241 0.991703 -0.005779 -0.028695 -0.929264 0.000000 
