# TeX TeY TeZ ThX ThY THZ P1 P2
1.150000e-01 1.000000e-01 4.400000e-01 1.150000e-01 1.000000e-01 4.400000e-01 0.000000 0.000000 0.000000 0.000000 0.000000 0.000000 0.000000 0.000000 0.000000 0.000000 0.000000 
1.150000e-01 9.999981e-02 4.272288e-01 1.149999e-01 1.000000e-01 4.489370e-01 -0.014342 0.001841 0.003682 0.003686 0.003706 0.001428 0.014342 -0.001838 -0.003682 -0.003690 0.000000 
1.150000e-01 9.999957e-02 4.144246e-01 1.149998e-01 1.000000e-01 4.578646e-01 -0.028700 0.003683 0.007368 0.007375 0.007416 0.002858 0.028700 -0.003678 -0.007369 -0.007386 0.000000 
1.150000e-01 9.999928e-02 4.015878e-01 1.149997e-01 1.000000e-01 4.667830e-01 -0.043073 0.005528 0.011058 0.011069 0.011129 0.004289 0.043073 -0.005518 -0.011059 -0.011088 0.000000 
1.150000e-01 9.999893e-02 3.887186e-01 1.149996e-01 1.000000e-01 4.756919e-01 -0.057461 0.007375 0.014752 0.014766 0.014847 0.005722 0.057461 -0.007359 -0.014754 -0.014797 0.000000 
1.150000e-01 9.999850e-02 3.758173e-01 1.149995e-01 1.000000e-01 4.845913e-01 -0.071865 0.009223 0.018450 0.018467 0.018568 0.007156 0.071865 -0.009199 -0.018452 -0.018516 0.000000 
1.150000e-01 9.999798e-02 3.628841e-01 1.149995e-01 1.000000e-01 4.934811e-01 -0.086283 0.011074 0.022152 0.022172 0.022294 0.008591 0.086283 -0.011036 -0.022155 -0.022247 0.000000 
1.150000e-01 9.999733e-02 3.499193e-01 1.149994e-01 1.000000e-01 5.023612e-01 -0.100715 0.012926 0.025857 0.025881 0.026023 0.010028 0.100715 -0.012869 -0.025862 -0.025995 0.000000 
1.150000e-01 9.999655e-02 3.369231e-01 1.149994e-01 1.000000e-01 5.112317e-01 -0.115162 0.014780 0.029566 0.029594 0.029756 0.011467 0.115162 -0.014693 -0.029573 -0.029768 0.000000 
1.150000e-01 9.999558e-02 3.238958e-01 1.149993e-01 1.000000e-01 5.200923e-01 -0.129623 0.016636 0.033279 0.033310 0.033492 0.012907 0.129623 -0.016503 -0.033289 -0.033575 0.000000 
1.150000e-01 9.999440e-02 3.108377e-01 1.149993e-01 1.000000e-01 5.289430e-01 -0.144098 0.018494 0.036995 0.037029 0.037232 0.014348 0.144098 -0.018291 -0.037011 -0.037433 0.000000 
1.150000e-01 9.999296e-02 2.977488e-01 1.149993e-01 1.000000e-01 5.377838e-01 -0.158586 0.020353 0.040715 0.040752 0.040976 0.015791 0.158586 -0.020044 -0.040739 -0.041369 0.000000 
1.150000e-01 9.999119e-02 2.846296e-01 1.149992e-01 1.000000e-01 5.466144e-01 -0.173088 0.022215 0.044438 0.044479 0.044723 0.017235 0.173088 -0.021745 -0.044475 -0.045418 0.000000 
1.150000e-01 9.998902e-02 2.714802e-01 1.149992e-01 1.000000e-01 5.554350e-01 -0.187603 0.024078 0.048164 0.048209 0.048473 0.018680 0.187604 -0.023360 -0.048220 -0.049646 0.000000 
1.150000e-01 9.998638e-02 2.583009e-01 1.149992e-01 1.000000e-01 5.642453e-01 -0.202132 0.025942 0.051894 0.051942 0.052227 0.020127 0.202132 -0.024846 -0.051976 -0.054142 0.000000 
1.150000e-01 9.998315e-02 2.450918e-01 1.149992e-01 1.000000e-01 5.730453e-01 -0.216673 0.027809 0.055628 0.055679 0.055984 0.021575 0.216673 -0.026141 -0.055746 -0.059040 0.000000 
1.150000e-01 9.997923e-02 2.318531e-01 1.149992e-01 1.000000e-01 5.818349e-01 -0.231227 0.029677 0.059364 0.059419 0.059745 0.023024 0.231228 -0.027125 -0.059530 -0.064593 0.000000 
1.150000e-01 9.997449e-02 2.185850e-01 1.149992e-01 1.000000e-01 5.906140e-01 -0.245795 0.031546 0.063104 0.063163 0.063509 0.024474 0.245795 -0.027656 -0.063322 -0.071124 0.000000 
1.150000e-01 9.996881e-02 2.052877e-01 1.149991e-01 1.000000e-01 5.993825e-01 -0.260375 0.033417 0.066847 0.066909 0.067276 0.025926 0.260375 -0.027505 -0.067097 -0.079180 0.000000 
1.150000e-01 9.996211e-02 1.919613e-01 1.149991e-01 1.000000e-01 6.081403e-01 -0.274968 0.035290 0.070594 0.070659 0.071046 0.027379 0.274968 -0.026292 -0.070772 -0.089751 0.000000 
1.150000e-01 9.995437e-02 1.786057e-01 1.149991e-01 1.000000e-01 6.168874e-01 -0.289574 0.037165 0.074344 0.074413 0.074821 0.028833 0.289575 -0.023567 -0.074140 -0.104232 0.000000 
1.150000e-01 9.994583e-02 1.652209e-01 1.149991e-01 1.000000e-01 6.256237e-01 -0.304195 0.039041 0.078098 0.078170 0.078598 0.030289 0.304195 -0.018673 -0.076678 -0.125110 0.000000 
1.150000e-01 9.993759e-02 1.518060e-01 1.149991e-01 1.000000e-01 6.343490e-01 -0.318833 0.040920 0.081856 0.081932 0.082381 0.031747 0.318834 -0.010645 -0.076935 -0.157367 0.000000 
1.150000e-01 9.993402e-02 1.383560e-01 1.149991e-01 1.000000e-01 6.430632e-01 -0.333505 0.042803 0.085622 0.085702 0.086171 0.033208 0.333505 0.001372 -0.071572 -0.209355 0.000000 
1.150000e-01 9.995466e-02 1.248472e-01 1.149991e-01 1.000000e-01 6.517663e-01 -0.348280 0.044699 0.089416 0.089499 0.089989 0.034679 0.348281 0.018317 -0.052448 -0.298298 0.000000 
1.150000e-01 1.000716e-01 1.111738e-01 1.149991e-01 1.000000e-01 6.604582e-01 -0.363523 0.046656 0.093329 0.093416 0.093927 0.036197 0.363523 0.041618 0.002752 -0.466384 0.000000 
1.150000e-01 1.003105e-01 9.749543e-02 1.149991e-01 1.000000e-01 6.691387e-01 -0.380028 0.048774 0.097566 0.097657 0.098192 0.037840 0.380028 0.072736 0.128396 -0.772195 0.000000 
1.150000e-01 1.003105e-01 9.749543e-02 1.149991e-01 1.000000e-01 6.778079e-01 -0.385755 0.049509 0.099037 0.099129 0.099672 0.038410 0.385756 0.072001 0.126925 -0.773667 0.000000 
1.150000e-01 1.003105e-01 9.749543e-02 1.149991e-01 1.000000e-01 6.864654e-01 -0.391475 0.050243 0.100505 0.100599 0.101150 0.038980 0.391476 0.071267 0.125457 -0.775137 0.000000 
1.150000e-01 1.003105e-01 9.749543e-02 1.149991e-01 1.000000e-01 6.951114e-01 -0.397187 0.050976 0.101972 0.102066 0.102626 0.039549 0.397188 0.070534 0.123990 -0.776605 0.000000 
1.150000e-01 1.003105e-01 9.749543e-02 1.149991e-01 1.000000e-01 7.037456e-01 -0.402892 0.051708 0.103436 0.103532 0.104100 0.040117 0.402892 0.069802 0.122526 -0.778071 0.000000 
1.150000e-01 1.003105e-01 9.749543e-02 1.149991e-01 1.000000e-01 7.123679e-01 -0.408588 0.052440 0.104899 0.104996 0.105572 0.040684 0.408589 0.069071 0.121063 -0.779535 0.000000 
1.150000e-01 1.003105e-01 9.749543e-02 1.149991e-01 1.000000e-01 7.209783e-01 -0.414277 0.053170 0.106359 0.106458 0.107041 0.041250 0.414278 0.068341 0.119603 -0.780997 0.000000 
1.150000e-01 1.003105e-01 9.749543e-02 1.149991e-01 1.000000e-01 7.295766e-01 -0.419958 0.053899 0.107818 0.107918 0.108509 0.041816 0.419958 0.067612 0.118144 -0.782456 0.000000 
1.150000e-01 1.003105e-01 9.749543e-02 1.149991e-01 1.000000e-01 7.381628e-01 -0.425630 0.054627 0.109274 0.109376 0.109975 0.042381 0.425631 0.066884 0.116688 -0.783914 0.000000 
1.150000e-01 1.003105e-01 9.749543e-02 1.149991e-01 1.000000e-01 7.467367e-01 -0.431295 0.055354 0.110728 0.110831 0.111439 0.042945 0.431296 0.066157 0.115234 -0.785370 0.000000 
1.150000e-01 1.003105e-01 9.749543e-02 1.149991e-01 1.000000e-01 7.552981e-01 -0.436951 0.056080 0.112181 0.112285 0.112900 0.043508 0.436952 0.065431 0.113782 -0.786823 0.000000 
1.150000e-01 1.003105e-01 9.749543e-02 1.149991e-01 1.000000e-01 7.638471e-01 -0.442599 0.056805 0.113631 0.113736 0.114359 0.044071 0.442600 0.064706 0.112332 -0.788275 0.000000 
1.150000e-01 1.003105e-01 9.749543e-02 1.149991e-01 1.000000e-01 7.723835e-01 -0.448239 0.057528 0.115079 0.115185 0.115817 0.044632 0.448240 0.063982 0.110884 -0.789724 0.000000 
1.150000e-01 1.003105e-01 9.749543e-02 1.149991e-01 1.000000e-01 7.809071e-01 -0.453871 0.058251 0.116524 0.116632 0.117272 0.045193 0.453871 0.063259 0.109438 -0.791171 0.000000 
1.150000e-01 1.003105e-01 9.749543e-02 1.149991e-01 1.000000e-01 7.894178e-01 -0.459494 0.058973 0.117968 0.118077 0.118725 0.045753 0.459494 0.062538 0.107994 -0.792616 0.000000 
1.150000e-01 1.003105e-01 9.749543e-02 1.149991e-01 1.000000e-01 7.979156e-01 -0.465108 0.059693 0.119409 0.119520 0.120175 0.046312 0.465108 0.061817 0.106553 -0.794059 0.000000 
1.150000e-01 1.003105e-01 9.749543e-02 1.149991e-01 1.000000e-01 8.064003e-01 -0.470713 0.060413 0.120848 0.120961 0.121624 0.046870 0.470714 0.061098 0.105114 -0.795499 0.000000 
1.150000e-01 1.003105e-01 9.749543e-02 1.149991e-01 1.000000e-01 8.148717e-01 -0.476310 0.061131 0.122285 0.122399 0.123070 0.047427 0.476311 0.060379 0.103677 -0.796937 0.000000 
1.150000e-01 1.003105e-01 9.749543e-02 1.149991e-01 1.000000e-01 8.233298e-01 -0.481898 0.061848 0.123720 0.123835 0.124514 0.047984 0.481899 0.059662 0.102242 -0.798373 0.000000 
1.150000e-01 1.003105e-01 9.749543e-02 1.149991e-01 1.000000e-01 8.317745e-01 -0.487478 0.062564 0.125152 0.125269 0.125955 0.048539 0.487478 0.058946 0.100810 -0.799807 0.000000 
1.150000e-01 1.003105e-01 9.749543e-02 1.149991e-01 1.000000e-01 8.402055e-01 -0.493048 0.063279 0.126582 0.126700 0.127395 0.049094 0.493048 0.058231 0.099380 -0.801238 0.000000 
1.150000e-01 1.003105e-01 9.749543e-02 1.149991e-01 1.000000e-01 8.486228e-01 -0.498609 0.063993 0.128010 0.128129 0.128832 0.049648 0.498610 0.057517 0.097952 -0.802667 0.000000 
1.150000e-01 1.003105e-01 9.749543e-02 1.149991e-01 1.000000e-01 8.570262e-01 -0.504161 0.064705 0.129435 0.129556 0.130266 0.050200 0.504162 0.056805 0.096527 -0.804094 0.000000 
1.150000e-01 1.003105e-01 9.749543e-02 1.149991e-01 1.000000e-01 8.654156e-01 -0.509704 0.065417 0.130858 0.130980 0.131698 0.050752 0.509704 0.056094 0.095104 -0.805519 0.000000 
1.150000e-01 1.003105e-01 9.749543e-02 1.149991e-01 1.000000e-01 8.737909e-01 -0.515237 0.066127 0.132279 0.132402 0.133128 0.051303 0.515238 0.055383 0.093683 -0.806940 0.000000 
1.150000e-01 1.003105e-01 9.749543e-02 1.149991e-01 1.000000e-01 8.821519e-01 -0.520761 0.066836 0.133697 0.133821 0.134555 0.051854 0.520762 0.054674 0.092265 -0.808360 0.000000 
1.150000e-01 1.003105e-01 9.749543e-02 1.149991e-01 1.000000e-01 8.904985e-01 -0.526275 0.067543 0.135112 0.135239 0.135980 0.052403 0.526276 0.053967 0.090849 -0.809777 0.000000 
1.150000e-01 1.003105e-01 9.749543e-02 1.149991e-01 1.000000e-01 8.988306e-01 -0.531780 0.068250 0.136526 0.136653 0.137403 0.052951 0.531781 0.053260 0.089436 -0.811192 0.000000 
1.150000e-01 1.003105e-01 9.749543e-02 1.149991e-01 1.000000e-01 9.071479e-01 -0.537275 0.068955 0.137936 0.138065 0.138823 0.053498 0.537276 0.052555 0.088025 -0.812604 0.000000 
1.150000e-01 1.003105e-01 9.749543e-02 1.149991e-01 1.000000e-01 9.154504e-01 -0.542761 0.069659 0.139344 0.139475 0.140240 0.054044 0.542761 0.051851 0.086617 -0.814013 0.000000 
1.150000e-01 1.003105e-01 9.749543e-02 1.149991e-01 1.000000e-01 9.237379e-01 -0.548236 0.070361 0.140750 0.140882 0.141655 0.054590 0.548237 0.051148 0.085211 -0.815420 0.000000 
1.150000e-01 1.003105e-01 9.749543e-02 1.149991e-01 1.000000e-01 9.320103e-01 -0.553701 0.071063 0.142153 0.142286 0.143068 0.055134 0.553702 0.050447 0.083808 -0.816825 0.000000 
1.150000e-01 1.003105e-01 9.749543e-02 1.149991e-01 1.000000e-01 9.402673e-01 -0.559157 0.071763 0.143553 0.143688 0.144477 0.055677 0.559157 0.049747 0.082407 -0.818227 0.000000 
1.150000e-01 1.003105e-01 9.749543e-02 1.149991e-01 1.000000e-01 9.485089e-01 -0.564602 0.072461 0.144951 0.145087 0.145885 0.056220 0.564602 0.049048 0.081009 -0.819626 0.000000 
1.150000e-01 1.003105e-01 9.749543e-02 1.149991e-01 1.000000e-01 9.567350e-01 -0.570036 0.073159 0.146346 0.146484 0.147289 0.056761 0.570037 0.048350 0.079614 -0.821022 0.000000 
1.150000e-01 1.003105e-01 9.749543e-02 1.149991e-01 1.000000e-01 9.649452e-01 -0.575461 0.073854 0.147738 0.147878 0.148691 0.057301 0.575461 0.047654 0.078222 -0.822416 0.000000 
1.150000e-01 1.003105e-01 9.749543e-02 1.149991e-01 1.000000e-01 9.731395e-01 -0.580875 0.074549 0.149127 0.149269 0.150090 0.057840 0.580875 0.046959 0.076832 -0.823807 0.000000 
1.150000e-01 1.003105e-01 9.749543e-02 1.149991e-01 1.000000e-01 9.813177e-01 -0.586278 0.075242 0.150514 0.150658 0.151487 0.058379 0.586278 0.046266 0.075444 -0.825196 0.000000 
1.150000e-01 1.003105e-01 9.749543e-02 1.149991e-01 1.000000e-01 9.894797e-01 -0.591670 0.075934 0.151898 0.152043 0.152881 0.058916 0.591671 0.045574 0.074060 -0.826582 0.000000 
1.150000e-01 1.003105e-01 9.749543e-02 1.149991e-01 1.000000e-01 9.976253e-01 -0.597052 0.076624 0.153279 0.153426 0.154272 0.059452 0.597052 0.044883 0.072678 -0.827965 0.000000 
1.150000e-01 1.003105e-01 9.749543e-02 1.149991e-01 1.000000e-01 1.005754e+00 -0.602422 0.077313 0.154657 0.154806 0.155660 0.059987 0.602423 0.044194 0.071300 -0.829345 0.000000 
1.150000e-01 1.003105e-01 9.749543e-02 1.149991e-01 1.000000e-01 1.013866e+00 -0.607782 0.078000 0.156032 0.156184 0.157046 0.060521 0.607783 0.043506 0.069924 -0.830722 0.000000 
1.150000e-01 1.003105e-01 9.749543e-02 1.149991e-01 1.000000e-01 1.021962e+00 -0.613130 0.078686 0.157405 0.157558 0.158429 0.061054 0.613131 0.042819 0.068550 -0.832096 0.000000 
1.150000e-01 1.003105e-01 9.749543e-02 1.149991e-01 1.000000e-01 1.030040e+00 -0.618467 0.079370 0.158774 0.158930 0.159809 0.061586 0.618468 0.042134 0.067180 -0.833468 0.000000 
1.150000e-01 1.003105e-01 9.749543e-02 1.149991e-01 1.000000e-01 1.038101e+00 -0.623793 0.080053 0.160140 0.160298 0.161186 0.062117 0.623794 0.041451 0.065813 -0.834836 0.000000 
1.150000e-01 1.003105e-01 9.749543e-02 1.149991e-01 1.000000e-01 1.046144e+00 -0.629107 0.080734 0.161503 0.161664 0.162561 0.062647 0.629108 0.040769 0.064449 -0.836202 0.000000 
1.150000e-01 1.003105e-01 9.749543e-02 1.149991e-01 1.000000e-01 1.054170e+00 -0.634409 0.081413 0.162863 0.163027 0.163932 0.063176 0.634410 0.040088 0.063087 -0.837564 0.000000 
1.150000e-01 1.003105e-01 9.749543e-02 1.149991e-01 1.000000e-01 1.062177e+00 -0.639700 0.082091 0.164220 0.164386 0.165301 0.063704 0.639701 0.039409 0.061729 -0.838924 0.000000 
1.150000e-01 1.003105e-01 9.749543e-02 1.149991e-01 1.000000e-01 1.070167e+00 -0.644979 0.082767 0.165573 0.165743 0.166667 0.064230 0.644979 0.038732 0.060374 -0.840280 0.000000 
1.150000e-01 1.003105e-01 9.749543e-02 1.149991e-01 1.000000e-01 1.078139e+00 -0.650245 0.083442 0.166923 0.167096 0.168030 0.064756 0.650246 0.038056 0.059022 -0.841634 0.000000 
1.150000e-01 1.003105e-01 9.749543e-02 1.149991e-01 1.000000e-01 1.086092e+00 -0.655500 0.084114 0.168270 0.168447 0.169390 0.065280 0.655500 0.037382 0.057673 -0.842984 0.000000 
1.150000e-01 1.003105e-01 9.749543e-02 1.149991e-01 1.000000e-01 1.094026e+00 -0.660742 0.084785 0.169613 0.169794 0.170748 0.065804 0.660742 0.036709 0.056327 -0.844331 0.000000 
1.150000e-01 1.003105e-01 9.749543e-02 1.149991e-01 1.000000e-01 1.101942e+00 -0.665971 0.085454 0.170952 0.171138 0.172102 0.066326 0.665972 0.036038 0.054984 -0.845675 0.000000 
1.150000e-01 1.003105e-01 9.749543e-02 1.149990e-01 1.000000e-01 1.109838e+00 -0.671188 0.086121 0.172288 0.172479 0.173454 0.066848 0.671189 0.035368 0.053645 -0.847016 0.000000 
1.150000e-01 1.003105e-01 9.749543e-02 1.149990e-01 1.000000e-01 1.117715e+00 -0.676393 0.086786 0.173620 0.173816 0.174803 0.067368 0.676393 0.034700 0.052309 -0.848353 0.000000 
1.150000e-01 1.003105e-01 9.749543e-02 1.149990e-01 1.000000e-01 1.125573e+00 -0.681584 0.087449 0.174949 0.175151 0.176149 0.067888 0.681585 0.034034 0.050976 -0.849687 0.000000 
1.150000e-01 1.003105e-01 9.749543e-02 1.149990e-01 1.000000e-01 1.133411e+00 -0.686763 0.088110 0.176273 0.176482 0.177493 0.068406 0.686763 0.033369 0.049646 -0.851018 0.000000 
1.150000e-01 1.003105e-01 9.749543e-02 1.149990e-01 1.000000e-01 1.141229e+00 -0.691928 0.088769 0.177593 0.177810 0.178834 0.068924 0.691928 0.032706 0.048320 -0.852345 0.000000 
1.150000e-01 1.003105e-01 9.749543e-02 1.149990e-01 1.000000e-01 1.149027e+00 -0.697080 0.089426 0.178910 0.179134 0.180172 0.069440 0.697080 0.032045 0.046998 -0.853669 0.000000 
1.150000e-01 1.003105e-01 9.749543e-02 1.149990e-01 1.000000e-01 1.156805e+00 -0.702218 0.090080 0.180222 0.180455 0.181508 0.069956 0.702219 0.031386 0.045678 -0.854989 0.000000 
1.150000e-01 1.003105e-01 9.749543e-02 1.149990e-01 1.000000e-01 1.164562e+00 -0.707343 0.090732 0.181529 0.181772 0.182841 0.070471 0.707344 0.030728 0.044363 -0.856306 0.000000 
1.150000e-01 1.003105e-01 9.749543e-02 1.149990e-01 1.000000e-01 1.172298e+00 -0.712454 0.091381 0.182832 0.183086 0.184172 0.070985 0.712455 0.030072 0.043051 -0.857620 0.000000 
1.150000e-01 1.003105e-01 9.749543e-02 1.149990e-01 1.000000e-01 1.180013e+00 -0.717551 0.092027 0.184130 0.184397 0.185500 0.071499 0.717552 0.029418 0.041742 -0.858930 0.000000 
1.150000e-01 1.003105e-01 9.749543e-02 1.149990e-01 1.000000e-01 1.187707e+00 -0.722635 0.092671 0.185423 0.185704 0.186827 0.072011 0.722635 0.028765 0.040437 -0.860236 0.000000 
1.150000e-01 1.003105e-01 9.749543e-02 1.149990e-01 1.000000e-01 1.195379e+00 -0.727703 0.093312 0.186711 0.187008 0.188151 0.072524 0.727704 0.028115 0.039136 -0.861538 0.000000 
1.150000e-01 1.003105e-01 9.749543e-02 1.149990e-01 1.000000e-01 1.203029e+00 -0.732758 0.093949 0.187993 0.188308 0.189473 0.073035 0.732758 0.027466 0.037838 -0.862837 0.000000 
1.150000e-01 1.003105e-01 9.749543e-02 1.149989e-01 1.000000e-01 1.210658e+00 -0.737798 0.094584 0.189270 0.189604 0.190794 0.073547 0.737798 0.026819 0.036544 -0.864132 0.000000 
1.150000e-01 1.003105e-01 9.749543e-02 1.149989e-01 1.000000e-01 1.218264e+00 -0.742823 0.095214 0.190541 0.190897 0.192114 0.074058 0.742823 0.026174 0.035254 -0.865424 0.000000 
1.150000e-01 1.003105e-01 9.749543e-02 1.149989e-01 1.000000e-01 1.225847e+00 -0.747833 0.095842 0.191806 0.192186 0.193432 0.074569 0.747833 0.025531 0.033968 -0.866711 0.000000 
1.150000e-01 1.003105e-01 9.749543e-02 1.149989e-01 1.000000e-01 1.233407e+00 -0.752828 0.096465 0.193064 0.193472 0.194749 0.075080 0.752828 0.024890 0.032685 -0.867995 0.000000 
1.150000e-01 1.003105e-01 9.749543e-02 1.149988e-01 1.000000e-01 1.240945e+00 -0.757808 0.097083 0.194315 0.194754 0.196066 0.075591 0.757808 0.024251 0.031407 -0.869274 0.000000 
1.150000e-01 1.003105e-01 9.749543e-02 1.149988e-01 1.000000e-01 1.248459e+00 -0.762772 0.097698 0.195558 0.196033 0.197382 0.076103 0.762773 0.023614 0.030132 -0.870550 0.000000 
1.150000e-01 1.003105e-01 9.749543e-02 1.149988e-01 1.000000e-01 1.255949e+00 -0.767721 0.098307 0.196794 0.197308 0.198699 0.076615 0.767721 0.022979 0.028862 -0.871822 0.000000 
1.150000e-01 1.003105e-01 9.749543e-02 1.149987e-01 1.000000e-01 1.263416e+00 -0.772654 0.098911 0.198021 0.198579 0.200016 0.077127 0.772654 0.022346 0.027595 -0.873089 0.000000 
1.150000e-01 1.003105e-01 9.749543e-02 1.149987e-01 1.000000e-01 1.270858e+00 -0.777570 0.099509 0.199239 0.199847 0.201334 0.077641 0.777571 0.021715 0.026333 -0.874353 0.000000 
1.150000e-01 1.003105e-01 9.749543e-02 1.149986e-01 1.000000e-01 1.278275e+00 -0.782471 0.100101 0.200448 0.201112 0.202655 0.078156 0.782471 0.021086 0.025075 -0.875612 0.000000 
1.150000e-01 1.003105e-01 9.749543e-02 1.149986e-01 1.000000e-01 1.285668e+00 -0.787355 0.100686 0.201647 0.202374 0.203977 0.078672 0.787356 0.020459 0.023821 -0.876867 0.000000 
1.150000e-01 1.003105e-01 9.749543e-02 1.149985e-01 1.000000e-01 1.293036e+00 -0.792223 0.101264 0.202834 0.203633 0.205302 0.079191 0.792223 0.019834 0.022571 -0.878118 0.000000 
1.150000e-01 1.003105e-01 9.749543e-02 1.149984e-01 1.000000e-01 1.300378e+00 -0.797074 0.101834 0.204010 0.204889 0.206631 0.079711 0.797074 0.019212 0.021326 -0.879365 0.000000 
1.150000e-01 1.003105e-01 9.749543e-02 1.149983e-01 1.000000e-01 1.307694e+00 -0.801907 0.102394 0.205172 0.206142 0.207966 0.080235 0.801908 0.018591 0.020085 -0.880607 0.000000 
1.150000e-01 1.003105e-01 9.749543e-02 1.149982e-01 1.000000e-01 1.314984e+00 -0.806724 0.102945 0.206322 0.207393 0.209305 0.080760 0.806724 0.017973 0.018848 -0.881845 0.000000 
1.150000e-01 1.003105e-01 9.749543e-02 1.149981e-01 1.000000e-01 1.322248e+00 -0.811523 0.103484 0.207455 0.208643 0.210652 0.081290 0.811523 0.017357 0.017616 -0.883078 0.000000 
1.150000e-01 1.003105e-01 9.749543e-02 1.149980e-01 1.000000e-01 1.329485e+00 -0.816304 0.104012 0.208573 0.209891 0.212006 0.081823 0.816305 0.016743 0.016389 -0.884306 0.000000 
1.150000e-01 1.003105e-01 9.749543e-02 1.149978e-01 1.000000e-01 1.336696e+00 -0.821068 0.104526 0.209673 0.211139 0.213370 0.082361 0.821068 0.016132 0.015166 -0.885531 0.000000 
1.150000e-01 1.003105e-01 9.749543e-02 1.149976e-01 1.000000e-01 1.343878e+00 -0.825813 0.105026 0.210754 0.212387 0.214744 0.082903 0.825814 0.015523 0.013947 -0.886750 0.000000 
1.150000e-01 1.003105e-01 9.749543e-02 1.149974e-01 1.000000e-01 1.351033e+00 -0.830540 0.105508 0.211814 0.213637 0.216131 0.083451 0.830541 0.014916 0.012734 -0.887965 0.000000 
1.150000e-01 1.003105e-01 9.749543e-02 1.149972e-01 1.000000e-01 1.358160e+00 -0.835249 0.105972 0.212851 0.214889 0.217533 0.084004 0.835249 0.014312 0.011525 -0.889175 0.000000 
1.150000e-01 1.003105e-01 9.749543e-02 1.149969e-01 1.000000e-01 1.365259e+00 -0.839939 0.106416 0.213864 0.216146 0.218950 0.084564 0.839939 0.013710 0.010321 -0.890380 0.000000 
1.150000e-01 1.003105e-01 9.749543e-02 1.149967e-01 1.000000e-01 1.372328e+00 -0.844609 0.106835 0.214848 0.217410 0.220387 0.085130 0.844609 0.013111 0.009122 -0.891580 0.000000 
1.150000e-01 1.003105e-01 9.749543e-02 1.149963e-01 1.000000e-01 1.379369e+00 -0.849261 0.107229 0.215805 0.218682 0.221843 0.085703 0.849261 0.012514 0.007928 -0.892775 0.000000 
1.150000e-01 1.003105e-01 9.749543e-02 1.149960e-01 1.000000e-01 1.386380e+00 -0.853892 0.107592 0.216727 0.219967 0.223324 0.086284 0.853893 0.011919 0.006738 -0.893966 0.000000 
1.150000e-01 1.003105e-01 9.749543e-02 1.149955e-01 1.000000e-01 1.393361e+00 -0.858505 0.107921 0.217614 0.221268 0.224831 0.086871 0.858505 0.011327 0.005554 -0.895151 0.000000 
1.150000e-01 1.003105e-01 9.749543e-02 1.149950e-01 1.000000e-01 1.400311e+00 -0.863097 0.108214 0.218464 0.222588 0.226366 0.087465 0.863097 0.010738 0.004375 -0.896331 0.000000 
1.150000e-01 1.003105e-01 9.749543e-02 1.149945e-01 1.000000e-01 1.407231e+00 -0.867668 0.108460 0.219267 0.223938 0.227937 0.088067 0.867669 0.010151 0.003202 -0.897506 0.000000 
1.150000e-01 1.003105e-01 9.749543e-02 1.149939e-01 1.000000e-01 1.414120e+00 -0.872220 0.108659 0.220026 0.225320 0.229542 0.088674 0.872220 0.009567 0.002033 -0.898675 0.000000 
1.150000e-01 1.003105e-01 9.749543e-02 1.149932e-01 1.000000e-01 1.420977e+00 -0.876750 0.108800 0.220731 0.226746 0.231188 0.089285 0.876750 0.008986 0.000870 -0.899839 0.000000 
1.150000e-01 1.003105e-01 9.749543e-02 1.149924e-01 1.000000e-01 1.427803e+00 -0.881259 0.108875 0.221378 0.228228 0.232881 0.089899 0.881259 0.008407 -0.000288 -0.900998 0.000000 
1.150000e-01 1.003105e-01 9.749543e-02 1.149915e-01 1.000000e-01 1.434596e+00 -0.885747 0.108880 0.221964 0.229771 0.234620 0.090512 0.885747 0.007831 -0.001440 -0.902151 0.000000 
1.150000e-01 1.003105e-01 9.749543e-02 1.149905e-01 1.000000e-01 1.441357e+00 -0.890214 0.108794 0.222474 0.231407 0.236418 0.091120 0.890214 0.007258 -0.002586 -0.903299 0.000000 
1.150000e-01 1.003105e-01 9.749543e-02 1.149893e-01 1.000000e-01 1.448084e+00 -0.894658 0.108611 0.222905 0.233146 0.238277 0.091719 0.894658 0.006687 -0.003727 -0.904441 0.000000 
1.150000e-01 1.003105e-01 9.749543e-02 1.149880e-01 1.000000e-01 1.454778e+00 -0.899080 0.108324 0.223253 0.235006 0.240197 0.092301 0.899081 0.006120 -0.004863 -0.905578 0.000000 
1.150000e-01 1.003105e-01 9.749543e-02 1.149865e-01 1.000000e-01 1.461437e+00 -0.903480 0.107895 0.223489 0.237043 0.242199 0.092854 0.903480 0.005555 -0.005992 -0.906708 0.000000 
1.150000e-01 1.003105e-01 9.749543e-02 1.149848e-01 1.000000e-01 1.468062e+00 -0.907857 0.107322 0.223612 0.239275 0.244279 0.093369 0.907857 0.004993 -0.007116 -0.907833 0.000000 
1.150000e-01 1.003105e-01 9.749543e-02 1.149829e-01 1.000000e-01 1.474653e+00 -0.912211 0.106590 0.223611 0.241736 0.246442 0.093833 0.912211 0.004434 -0.008234 -0.908952 0.000000 
1.150000e-01 1.003105e-01 9.749543e-02 1.149808e-01 1.000000e-01 1.481207e+00 -0.916542 0.105646 0.223442 0.244528 0.248710 0.094216 0.916542 0.003879 -0.009346 -0.910065 0.000000 
1.150000e-01 1.003105e-01 9.749543e-02 1.149784e-01 1.000000e-01 1.487726e+00 -0.920849 0.104482 0.223092 0.247693 0.251082 0.094500 0.920849 0.003326 -0.010452 -0.911172 0.000000 
1.150000e-01 1.003105e-01 9.749543e-02 1.149758e-01 1.000000e-01 1.494209e+00 -0.925133 0.103077 0.222539 0.251295 0.253561 0.094661 0.925133 0.002776 -0.011551 -0.912272 0.000000 
1.150000e-01 1.003105e-01 9.749543e-02 1.149727e-01 1.000000e-01 1.500655e+00 -0.929392 0.101375 0.221719 0.255486 0.256165 0.094648 0.929392 0.002229 -0.012645 -0.913367 0.000000 
1.150000e-01 1.003105e-01 9.749543e-02 1.149694e-01 1.000000e-01 1.507062e+00 -0.933625 0.099331 0.220567 0.260421 0.258900 0.094407 0.933625 0.001686 -0.013732 -0.914455 0.000000 
1.150000e-01 1.003105e-01 9.749543e-02 1.149656e-01 1.000000e-01 1.513429e+00 -0.937833 0.096937 0.219043 0.266195 0.261754 0.093904 0.937833 0.001146 -0.014812 -0.915536 0.000000 
1.150000e-01 1.003105e-01 9.749543e-02 1.149614e-01 1.000000e-01 1.519756e+00 -0.942014 0.094156 0.217064 0.272996 0.264721 0.093079 0.942015 0.000609 -0.015886 -0.916611 0.000000 
1.150000e-01 1.003105e-01 9.749543e-02 1.149567e-01 1.000000e-01 1.526042e+00 -0.946169 0.090879 0.214422 0.281280 0.267795 0.091794 0.946170 0.000076 -0.016952 -0.917678 0.000000 
1.150000e-01 1.003105e-01 9.749543e-02 1.149513e-01 1.000000e-01 1.532287e+00 -0.950298 0.087110 0.211014 0.291260 0.270916 0.089998 0.950298 -0.000454 -0.018012 -0.918739 0.000000 
1.150000e-01 1.003105e-01 9.749543e-02 1.149448e-01 1.000000e-01 1.538490e+00 -0.954399 0.082827 0.206670 0.303294 0.273999 0.087609 0.954399 -0.000980 -0.019065 -0.919793 0.000000 
1.150000e-01 1.003105e-01 9.749543e-02 1.149366e-01 1.000000e-01 1.544651e+00 -0.958473 0.077997 0.201153 0.317891 0.276905 0.084527 0.958473 -0.001503 -0.020111 -0.920840 0.000000 
1.150000e-01 1.003105e-01 9.749543e-02 1.149252e-01 1.000000e-01 1.550769e+00 -0.962519 0.072526 0.193966 0.336159 0.279321 0.080547 0.962519 -0.002022 -0.021150 -0.921880 0.000000 
1.150000e-01 1.003105e-01 9.749543e-02 1.149070e-01 1.000000e-01 1.556844e+00 -0.966538 0.066432 0.184770 0.358957 0.280777 0.075602 0.966538 -0.002538 -0.022182 -0.922912 0.000000 
1.150000e-01 1.003105e-01 9.749543e-02 1.148749e-01 1.000000e-01 1.562875e+00 -0.970529 0.059746 0.173205 0.387393 0.280543 0.069642 0.970529 -0.003050 -0.023206 -0.923938 0.000000 
1.150000e-01 1.003105e-01 9.749543e-02 1.148145e-01 1.000000e-01 1.568861e+00 -0.974494 0.052481 0.158799 0.423253 0.277361 0.062601 0.974494 -0.003559 -0.024224 -0.924957 0.000000 
1.150000e-01 1.003105e-01 9.749543e-02 1.146949e-01 1.000000e-01 1.574805e+00 -0.978439 0.044660 0.141076 0.469187 0.269082 0.054435 0.978439 -0.004065 -0.025237 -0.925971 0.000000 
1.150000e-01 1.003105e-01 9.749543e-02 1.144551e-01 1.000000e-01 1.580710e+00 -0.982391 0.036224 0.119053 0.531548 0.250586 0.044980 0.982391 -0.004573 -0.026251 -0.926986 0.000000 
1.150000e-01 1.003105e-01 9.749543e-02 1.139828e-01 1.000000e-01 1.586596e+00 -0.986448 0.027078 0.092196 0.618875 0.214185 0.034115 0.986448 -0.005093 -0.027293 -0.928029 0.000000 
1.150000e-01 1.003105e-01 9.749543e-02 1.131737e-01 1.000000e-01 1.592547e+00 -0.990940 0.016517 0.057992 0.749240 0.146168 0.021023 0.990940 -0.005670 -0.028446 -0.929183 0.000000 
1.150000e-01 1.003105e-01 9.749543e-02 1.125221e-01 1.000000e-01 1.597563e+00 -0.995478 0.005559 0.020088 0.910264 0.052413 0.007153 0.995478 -0.006252 -0.029611 -0.930349 0.000000 
1.150000e-01 1.003105e-01 9.749543e-02 1.125221e-01 1.000000e-01 1.597563e+00 -0.995478 0.005559 0.020088 0.910264 0.052413 0.007153 0.995478 -0.006252 -0.029611 -0.930349 0.000000 
1.150000e-01 1.003105e-01 9.749543e-02 1.125221e-01 1.000000e-01 1.597563e+00 -0.995478 0.005559 0.020088 0.910264 0.052413 0.007153 0.995478 -0.006252 -0.029611 -0.930349 0.000000 
1.150000e-01 1.003105e-01 9.749543e-02 1.125221e-01 1.000000e-01 1.597563e+00 -0.995478 0.005559 0.020088 0.910264 0.052413 0.007153 0.995478 -0.006252 -0.029611 -0.930349 0.000000 
1.150000e-01 1.003105e-01 9.749543e-02 1.125221e-01 1.000000e-01 1.597563e+00 -0.995478 0.005559 0.020088 0.910264 0.052413 0.007153 0.995478 -0.006252 -0.029611 -0.930349 0.000000 
1.150000e-01 1.003105e-01 9.749543e-02 1.125221e-01 1.000000e-01 1.597563e+00 -0.995478 0.005559 0.020088 0.910264 0.052413 0.007153 0.995478 -0.006252 -0.029611 -0.930349 0.000000 
1.150000e-01 1.003105e-01 9.749543e-02 1.125221e-01 1.000000e-01 1.597563e+00 -0.995478 0.005559 0.020088 0.910264 0.052413 0.007153 0.995478 -0.006252 -0.029611 -0.930349 0.000000 
1.150000e-01 1.003105e-01 9.749543e-02 1.125221e-01 1.000000e-01 1.597563e+00 -0.995478 0.005559 0.020088 0.910264 0.052413 0.007153 0.995478 -0.006252 -0.029611 -0.930349 0.000000 
1.150000e-01 1.003105e-01 9.749543e-02 1.125221e-01 1.000000e-01 1.597563e+00 -0.995478 0.005559 0.020088 0.910264 0.052413 0.007153 0.995478 -0.006252 -0.029611 -0.930349 0.000000 
1.150000e-01 1.003105e-01 9.749543e-02 1.125221e-01 1.000000e-01 1.597563e+00 -0.995478 0.005559 0.020088 0.910264 0.052413 0.007153 0.995478 -0.006252 -0.029611 -0.930349 0.000000 
1.150000e-01 1.003105e-01 9.749543e-02 1.125221e-01 1.000000e-01 1.597563e+00 -0.995478 0.005559 0.020088 0.910264 0.052413 0.007153 0.995478 -0.006252 -0.029611 -0.930349 0.000000 
1.150000e-01 1.003105e-01 9.749543e-02 1.125221e-01 1.000000e-01 1.597563e+00 -0.995478 0.005559 0.020088 0.910264 0.052413 0.007153 0.995478 -0.006252 -0.029611 -0.930349 0.000000 
1.150000e-01 1.003105e-01 9.749543e-02 1.125221e-01 1.000000e-01 1.597563e+00 -0.995478 0.005559 0.020088 0.910264 0.052413 0.007153 0.995478 -0.006252 -0.029611 -0.930349 0.000000 
1.150000e-01 1.003105e-01 9.749543e-02 1.125221e-01 1.000000e-01 1.597563e+00 -0.995478 0.005559 0.020088 0.910264 0.052413 0.007153 0.995478 -0.006252 -0.029611 -0.930349 0.000000 
1.150000e-01 1.003105e-01 9.749543e-02 1.125221e-01 1.000000e-01 1.597563e+00 -0.995478 0.005559 0.020088 0.910264 0.052413 0.007153 0.995478 -0.006252 -0.029611 -0.930349 0.000000 
1.150000e-01 1.003105e-01 9.749543e-02 1.125221e-01 1.000000e-01 1.597563e+00 -0.995478 0.005559 0.020088 0.910264 0.052413 0.007153 0.995478 -0.006252 -0.029611 -0.930349 0.000000 
1.150000e-01 1.003105e-01 9.749543e-02 1.125221e-01 1.000000e-01 1.597563e+00 -0.995478 0.005559 0.020088 0.910264 0.052413 0.007153 0.995478 -0.006252 -0.029611 -0.930349 0.000000 
1.150000e-01 1.003105e-01 9.749543e-02 1.125221e-01 1.000000e-01 1.597563e+00 -0.995478 0.005559 0.020088 0.910264 0.052413 0.007153 0.995478 -0.006252 -0.029611 -0.930349 0.000000 
1.150000e-01 1.003105e-01 9.749543e-02 1.125221e-01 1.000000e-01 1.597563e+00 -0.995478 0.005559 0.020088 0.910264 0.052413 0.007153 0.995478 -0.006252 -0.029611 -0.930349 0.000000 
1.150000e-01 1.003105e-01 9.749543e-02 1.125221e-01 1.000000e-01 1.597563e+00 -0.995478 0.005559 0.020088 0.910264 0.052413 0.007153 0.995478 -0.006252 -0.029611 -0.930349 0.000000 
1.150000e-01 1.003105e-01 9.749543e-02 1.125221e-01 1.000000e-01 1.597563e+00 -0.995478 0.005559 0.020088 0.910264 0.052413 0.007153 0.995478 -0.006252 -0.029611 -0.930349 0.000000 
1.150000e-01 1.003105e-01 9.749543e-02 1.125221e-01 1.000000e-01 1.597563e+00 -0.995478 0.005559 0.020088 0.910264 0.052413 0.007153 0.995478 -0.006252 -0.029611 -0.930349 0.000000 
1.150000e-01 1.003105e-01 9.749543e-02 1.125221e-01 1.000000e-01 1.597563e+00 -0.995478 0.005559 0.020088 0.910264 0.052413 0.007153 0.995478 -0.006252 -0.029611 -0.930349 0.000000 
1.150000e-01 1.003105e-01 9.749543e-02 1.125221e-01 1.000000e-01 1.597563e+00 -0.995478 0.005559 0.020088 0.910264 0.052413 0.007153 0.995478 -0.006252 -0.029611 -0.930349 0.000000 
1.150000e-01 1.003105e-01 9.749543e-02 1.125221e-01 1.000000e-01 1.597563e+00 -0.995478 0.005559 0.020088 0.910264 0.052413 0.007153 0.995478 -0.006252 -0.029611 -0.930349 0.000000 
1.150000e-01 1.003105e-01 9.749543e-02 1.125221e-01 1.000000e-01 1.597563e+00 -0.995478 0.005559 0.020088 0.910264 0.052413 0.007153 0.995478 -0.006252 -0.029611 -0.930349 0.000000 
1.150000e-01 1.003105e-01 9.749543e-02 1.125221e-01 1.000000e-01 1.597563e+00 -0.995478 0.005559 0.020088 0.910264 0.052413 0.007153 0.995478 -0.006252 -0.029611 -0.930349 0.000000 
1.150000e-01 1.003105e-01 9.749543e-02 1.125221e-01 1.000000e-01 1.597563e+00 -0.995478 0.005559 0.020088 0.910264 0.052413 0.007153 0.995478 -0.006252 -0.029611 -0.930349 0.000000 
1.150000e-01 1.003105e-01 9.749543e-02 1.125221e-01 1.000000e-01 1.597563e+00 -0.995478 0.005559 0.020088 0.910264 0.052413 0.007153 0.995478 -0.006252 -0.029611 -0.930349 0.000000 
1.150000e-01 1.003105e-01 9.749543e-02 1.125221e-01 1.000000e-01 1.597563e+00 -0.995478 0.005559 0.020088 0.910264 0.052413 0.007153 0.995478 -0.006252 -0.029611 -0.930349 0.000000 
1.150000e-01 1.003105e-01 9.749543e-02 1.125221e-01 1.000000e-01 1.597563e+00 -0.995478 0.005559 0.020088 0.910264 0.052413 0.007153 0.995478 -0.006252 -0.029611 -0.930349 0.000000 
1.150000e-01 1.003105e-01 9.749543e-02 1.125221e-01 1.000000e-01 1.597563e+00 -0.995478 0.005559 0.020088 0.910264 0.052413 0.007153 0.995478 -0.006252 -0.029611 -0.930349 0.000000 
1.150000e-01 1.003105e-01 9.749543e-02 1.125221e-01 1.000000e-01 1.597563e+00 -0.995478 0.005559 0.020088 0.910264 0.052413 0.007153 0.995478 -0.006252 -0.029611 -0.930349 0.000000 
1.150000e-01 1.003105e-01 9.749543e-02 1.125221e-01 1.000000e-01 1.597563e+00 -0.995478 0.005559 0.020088 0.910264 0.052413 0.007153 0.995478 -0.006252 -0.029611 -0.930349 0.000000 
1.150000e-01 1.003105e-01 9.749543e-02 1.125221e-01 1.000000e-01 1.597563e+00 -0.995478 0.005559 0.020088 0.910264 0.052413 0.007153 0.995478 -0.006252 -0.029611 -0.930349 0.000000 
1.150000e-01 1.003105e-01 9.749543e-02 1.125221e-01 1.000000e-01 1.597563e+00 -0.995478 0.005559 0.020088 0.910264 0.052413 0.007153 0.995478 -0.006252 -0.029611 -0.930349 0.000000 
1.150000e-01 1.003105e-01 9.749543e-02 1.125221e-01 1.000000e-01 1.597563e+00 -0.995478 0.005559 0.020088 0.910264 0.052413 0.007153 0.995478 -0.006252 -0.029611 -0.930349 0.000000 
1.150000e-01 1.003105e-01 9.749543e-02 1.125221e-01 1.000000e-01 1.597563e+00 -0.995478 0.005559 0.020088 0.910264 0.052413 0.007153 0.995478 -0.006252 -0.029611 -0.930349 0.000000 
1.150000e-01 1.003105e-01 9.749543e-02 1.125221e-01 1.000000e-01 1.597563e+00 -0.995478 0.005559 0.020088 0.910264 0.052413 0.007153 0.995478 -0.006252 -0.029611 -0.930349 0.000000 
1.150000e-01 1.003105e-01 9.749543e-02 1.125221e-01 1.000000e-01 1.597563e+00 -0.995478 0.005559 0.020088 0.910264 0.052413 0.007153 0.995478 -0.006252 -0.029611 -0.930349 0.000000 
1.150000e-01 1.003105e-01 9.749543e-02 1.125221e-01 1.000000e-01 1.597563e+00 -0.995478 0.005559 0.020088 0.910264 0.052413 0.007153 0.995478 -0.006252 -0.029611 -0.930349 0.000000 
1.150000e-01 1.003105e-01 9.749543e-02 1.125221e-01 1.000000e-01 1.597563e+00 -0.995478 0.005559 0.020088 0.910264 0.052413 0.007153 0.995478 -0.006252 -0.029611 -0.930349 0.000000 
1.150000e-01 1.003105e-01 9.749543e-02 1.125221e-01 1.000000e-01 1.597563e+00 -0.995478 0.005559 0.020088 0.910264 0.052413 0.007153 0.995478 -0.006252 -0.029611 -0.930349 0.000000 
1.150000e-01 1.003105e-01 9.749543e-02 1.125221e-01 1.000000e-01 1.597563e+00 -0.995478 0.005559 0.020088 0.910264 0.052413 0.007153 0.995478 -0.006252 -0.029611 -0.930349 0.000000 
1.150000e-01 1.003105e-01 9.749543e-02 1.125221e-01 1.000000e-01 1.597563e+00 -0.995478 0.005559 0.020088 0.910264 0.052413 0.007153 0.995478 -0.006252 -0.029611 -0.930349 0.000000 
1.150000e-01 1.003105e-01 9.749543e-02 1.125221e-01 1.000000e-01 1.597563e+00 -0.995478 0.005559 0.020088 0.910264 0.052413 0.007153 0.995478 -0.006252 -0.029611 -0.930349 0.000000 
1.150000e-01 1.003105e-01 9.749543e-02 1.125221e-01 1.000000e-01 1.597563e+00 -0.995478 0.005559 0.020088 0.910264 0.052413 0.007153 0.995478 -0.006252 -0.029611 -0.930349 0.000000 
1.150000e-01 1.003105e-01 9.749543e-02 1.125221e-01 1.000000e-01 1.597563e+00 -0.995478 0.005559 0.020088 0.910264 0.052413 0.007153 0.995478 -0.006252 -0.029611 -0.930349 0.000000 
1.150000e-01 1.003105e-01 9.749543e-02 1.125221e-01 1.000000e-01 1.597563e+00 -0.995478 0.005559 0.020088 0.910264 0.052413 0.007153 0.995478 -0.006252 -0.029611 -0.930349 0.000000 
1.150000e-01 1.003105e-01 9.749543e-02 1.125221e-01 1.000000e-01 1.597563e+00 -0.995478 0.005559 0.020088 0.910264 0.052413 0.007153 0.995478 -0.006252 -0.029611 -0.930349 0.000000 
1.150000e-01 1.003105e-01 9.749543e-02 1.125221e-01 1.000000e-01 1.597563e+00 -0.995478 0.005559 0.020088 0.910264 0.052413 0.007153 0.995478 -0.006252 -0.029611 -0.930349 0.000000 
1.150000e-01 1.003105e-01 9.749543e-02 1.125221e-01 1.000000e-01 1.597563e+00 -0.995478 0.005559 0.020088 0.910264 0.052413 0.007153 0.995478 -0.006252 -0.029611 -0.930349 0.000000 
1.150000e-01 1.003105e-01 9.749543e-02 1.125221e-01 1.000000e-01 1.597563e+00 -0.995478 0.005559 0.020088 0.910264 0.052413 0.007153 0.995478 -0.006252 -0.029611 -0.930349 0.000000 
1.150000e-01 1.003105e-01 9.749543e-02 1.125221e-01 1.000000e-01 1.597563e+00 -0.995478 0.005559 0.020088 0.910264 0.052413 0.007153 0.995478 -0.006252 -0.029611 -0.930349 0.000000 
1.150000e-01 1.003105e-01 9.749543e-02 1.125221e-01 1.000000e-01 1.597563e+00 -0.995478 0.005559 0.020088 0.910264 0.052413 0.007153 0.995478 -0.006252 -0.029611 -0.930349 0.000000 
1.150000e-01 1.003105e-01 9.749543e-02 1.125221e-01 1.000000e-01 1.597563e+00 -0.995478 0.005559 0.020088 0.910264 0.052413 0.007153 0.995478 -0.006252 -0.029611 -0.930349 0.000000 
1.150000e-01 1.003105e-01 9.749543e-02 1.125221e-01 1.000000e-01 1.597563e+00 -0.995478 0.005559 0.020088 0.910264 0.052413 0.007153 0.995478 -0.006252 -0.029611 -0.930349 0.000000 
1.150000e-01 1.003105e-01 9.749543e-02 1.125221e-01 1.000000e-01 1.597563e+00 -0.995478 0.005559 0.020088 0.910264 0.052413 0.007153 0.995478 -0.006252 -0.029611 -0.930349 0.000000 
1.150000e-01 1.003105e-01 9.749543e-02 1.125221e-01 1.000000e-01 1.597563e+00 -0.995478 0.005559 0.020088 0.910264 0.052413 0.007153 0.995478 -0.006252 -0.029611 -0.930349 0.000000 
1.150000e-01 1.003105e-01 9.749543e-02 1.125221e-01 1.000000e-01 1.597563e+00 -0.995478 0.005559 0.020088 0.910264 0.052413 0.007153 0.995478 -0.006252 -0.029611 -0.930349 0.000000 
1.150000e-01 1.003105e-01 9.749543e-02 1.125221e-01 1.000000e-01 1.597563e+00 -0.995478 0.005559 0.020088 0.910264 0.052413 0.007153 0.995478 -0.006252 -0.029611 -0.930349 0.000000 
1.150000e-01 1.003105e-01 9.749543e-02 1.125221e-01 1.000000e-01 1.597563e+00 -0.995478 0.005559 0.020088 0.910264 0.052413 0.007153 0.995478 -0.006252 -0.029611 -0.930349 0.000000 
1.150000e-01 1.003105e-01 9.749543e-02 1.125221e-01 1.000000e-01 1.597563e+00 -0.995478 0.005559 0.020088 0.910264 0.052413 0.007153 0.995478 -0.006252 -0.029611 -0.930349 0.000000 
1.150000e-01 1.003105e-01 9.749543e-02 1.125221e-01 1.000000e-01 1.597563e+00 -0.995478 0.005559 0.020088 0.910264 0.052413 0.007153 0.995478 -0.006252 -0.029611 -0.930349 0.000000 
1.150000e-01 1.003105e-01 9.749543e-02 1.125221e-01 1.000000e-01 1.597563e+00 -0.995478 0.005559 0.020088 0.910264 0.052413 0.007153 0.995478 -0.006252 -0.029611 -0.930349 0.000000 
1.150000e-01 1.003105e-01 9.749543e-02 1.125221e-01 1.000000e-01 1.597563e+00 -0.995478 0.005559 0.020088 0.910264 0.052413 0.007153 0.995478 -0.006252 -0.029611 -0.930349 0.000000 
1.150000e-01 1.003105e-01 9.749543e-02 1.125221e-01 1.000000e-01 1.597563e+00 -0.995478 0.005559 0.020088 0.910264 0.052413 0.007153 0.995478 -0.006252 -0.029611 -0.930349 0.000000 
1.150000e-01 1.003105e-01 9.749543e-02 1.125221e-01 1.000000e-01 1.597563e+00 -0.995478 0.005559 0.020088 0.910264 0.052413 0.007153 0.995478 -0.006252 -0.029611 -0.930349 0.000000 
1.150000e-01 1.003105e-01 9.749543e-02 1.125221e-01 1.000000e-01 1.597563e+00 -0.995478 0.005559 0.020088 0.910264 0.052413 0.007153 0.995478 -0.006252 -0.029611 -0.930349 0.000000 
1.150000e-01 1.003105e-01 9.749543e-02 1.125221e-01 1.000000e-01 1.597563e+00 -0.995478 0.005559 0.020088 0.910264 0.052413 0.007153 0.995478 -0.006252 -0.029611 -0.930349 0.000000 
1.150000e-01 1.003105e-01 9.749543e-02 1.125221e-01 1.000000e-01 1.597563e+00 -0.995478 0.005559 0.020088 0.910264 0.052413 0.007153 0.995478 -0.006252 -0.029611 -0.930349 0.000000 
1.150000e-01 1.003105e-01 9.749543e-02 1.125221e-01 1.000000e-01 1.597563e+00 -0.995478 0.005559 0.020088 0.910264 0.052413 0.007153 0.995478 -0.006252 -0.029611 -0.930349 0.000000 
1.150000e-01 1.003105e-01 9.749543e-02 1.125221e-01 1.000000e-01 1.597563e+00 -0.995478 0.005559 0.020088 0.910264 0.052413 0.007153 0.995478 -0.006252 -0.029611 -0.930349 0.000000 
1.150000e-01 1.003105e-01 9.749543e-02 1.125221e-01 1.000000e-01 1.597563e+00 -0.995478 0.005559 0.020088 0.910264 0.052413 0.007153 0.995478 -0.006252 -0.029611 -0.930349 0.000000 
1.150000e-01 1.003105e-01 9.749543e-02 1.125221e-01 1.000000e-01 1.597563e+00 -0.995478 0.005559 0.020088 0.910264 0.052413 0.007153 0.995478 -0.006252 -0.029611 -0.930349 0.000000 
1.150000e-01 1.003105e-01 9.749543e-02 1.125221e-01 1.000000e-01 1.597563e+00 -0.995478 0.005559 0.020088 0.910264 0.052413 0.007153 0.995478 -0.006252 -0.029611 -0.930349 0.000000 
1.150000e-01 1.003105e-01 9.749543e-02 1.125221e-01 1.000000e-01 1.597563e+00 -0.995478 0.005559 0.020088 0.910264 0.052413 0.007153 0.995478 -0.006252 -0.029611 -0.930349 0.000000 
1.150000e-01 1.003105e-01 9.749543e-02 1.125221e-01 1.000000e-01 1.597563e+00 -0.995478 0.005559 0.020088 0.910264 0.052413 0.007153 0.995478 -0.006252 -0.029611 -0.930349 0.000000 
1.150000e-01 1.003105e-01 9.749543e-02 1.125221e-01 1.000000e-01 1.597563e+00 -0.995478 0.005559 0.020088 0.910264 0.052413 0.007153 0.995478 -0.006252 -0.029611 -0.930349 0.000000 
1.150000e-01 1.003105e-01 9.749543e-02 1.125221e-01 1.000000e-01 1.597563e+00 -0.995478 0.005559 0.020088 0.910264 0.052413 0.007153 0.995478 -0.006252 -0.029611 -0.930349 0.000000 
1.150000e-01 1.003105e-01 9.749543e-02 1.125221e-01 1.000000e-01 1.597563e+00 -0.995478 0.005559 0.020088 0.910264 0.052413 0.007153 0.995478 -0.006252 -0.029611 -0.930349 0.000000 
1.150000e-01 1.003105e-01 9.749543e-02 1.125221e-01 1.000000e-01 1.597563e+00 -0.995478 0.005559 0.020088 0.910264 0.052413 0.007153 0.995478 -0.006252 -0.029611 -0.930349 0.000000 
1.150000e-01 1.003105e-01 9.749543e-02 1.125221e-01 1.000000e-01 1.597563e+00 -0.995478 0.005559 0.020088 0.910264 0.052413 0.007153 0.995478 -0.006252 -0.029611 -0.930349 0.000000 
1.150000e-01 1.003105e-01 9.749543e-02 1.125221e-01 1.000000e-01 1.597563e+00 -0.995478 0.005559 0.020088 0.910264 0.052413 0.007153 0.995478 -0.006252 -0.029611 -0.930349 0.000000 
1.150000e-01 1.003105e-01 9.749543e-02 1.125221e-01 1.000000e-01 1.597563e+00 -0.995478 0.005559 0.020088 0.910264 0.052413 0.007153 0.995478 -0.006252 -0.029611 -0.930349 0.000000 
1.150000e-01 1.003105e-01 9.749543e-02 1.125221e-01 1.000000e-01 1.597563e+00 -0.995478 0.005559 0.020088 0.910264 0.052413 0.007153 0.995478 -0.006252 -0.029611 -0.930349 0.000000 
1.150000e-01 1.003105e-01 9.749543e-02 1.125221e-01 1.000000e-01 1.597563e+00 -0.995478 0.005559 0.020088 0.910264 0.052413 0.007153 0.995478 -0.006252 -0.029611 -0.930349 0.000000 
1.150000e-01 1.003105e-01 9.749543e-02 1.125221e-01 1.000000e-01 1.597563e+00 -0.995478 0.005559 0.020088 0.910264 0.052413 0.007153 0.995478 -0.006252 -0.029611 -0.930349 0.000000 
1.150000e-01 1.003105e-01 9.749543e-02 1.125221e-01 1.000000e-01 1.597563e+00 -0.995478 0.005559 0.020088 0.910264 0.052413 0.007153 0.995478 -0.006252 -0.029611 -0.930349 0.000000 
1.150000e-01 1.003105e-01 9.749543e-02 1.125221e-01 1.000000e-01 1.597563e+00 -0.995478 0.005559 0.020088 0.910264 0.052413 0.007153 0.995478 -0.006252 -0.029611 -0.930349 0.000000 
1.150000e-01 1.003105e-01 9.749543e-02 1.125221e-01 1.000000e-01 1.597563e+00 -0.995478 0.005559 0.020088 0.910264 0.052413 0.007153 0.995478 -0.006252 -0.029611 -0.930349 0.000000 
1.150000e-01 1.003105e-01 9.749543e-02 1.125221e-01 1.000000e-01 1.597563e+00 -0.995478 0.005559 0.020088 0.910264 0.052413 0.007153 0.995478 -0.006252 -0.029611 -0.930349 0.000000 
1.150000e-01 1.003105e-01 9.749543e-02 1.125221e-01 1.000000e-01 1.597563e+00 -0.995478 0.005559 0.020088 0.910264 0.052413 0.007153 0.995478 -0.006252 -0.029611 -0.930349 0.000000 
1.150000e-01 1.003105e-01 9.749543e-02 1.125221e-01 1.000000e-01 1.597563e+00 -0.995478 0.005559 0.020088 0.910264 0.052413 0.007153 0.995478 -0.006252 -0.029611 -0.930349 0.000000 
1.150000e-01 1.003105e-01 9.749543e-02 1.125221e-01 1.000000e-01 1.597563e+00 -0.995478 0.005559 0.020088 0.910264 0.052413 0.007153 0.995478 -0.006252 -0.029611 -0.930349 0.000000 
1.150000e-01 1.003105e-01 9.749543e-02 1.125221e-01 1.000000e-01 1.597563e+00 -0.995478 0.005559 0.020088 0.910264 0.052413 0.007153 0.995478 -0.006252 -0.029611 -0.930349 0.000000 
1.150000e-01 1.003105e-01 9.749543e-02 1.125221e-01 1.000000e-01 1.597563e+00 -0.995478 0.005559 0.020088 0.910264 0.052413 0.007153 0.995478 -0.006252 -0.029611 -0.930349 0.000000 
1.150000e-01 1.003105e-01 9.749543e-02 1.125221e-01 1.000000e-01 1.597563e+00 -0.995478 0.005559 0.020088 0.910264 0.052413 0.007153 0.995478 -0.006252 -0.029611 -0.930349 0.000000 
1.150000e-01 1.003105e-01 9.749543e-02 1.125221e-01 1.000000e-01 1.597563e+00 -0.995478 0.005559 0.020088 0.910264 0.052413 0.007153 0.995478 -0.006252 -0.029611 -0.930349 0.000000 
1.150000e-01 1.003105e-01 9.749543e-02 1.125221e-01 1.000000e-01 1.597563e+00 -0.995478 0.005559 0.020088 0.910264 0.052413 0.007153 0.995478 -0.006252 -0.029611 -0.930349 0.000000 
1.150000e-01 1.003105e-01 9.749543e-02 1.125221e-01 1.000000e-01 1.597563e+00 -0.995478 0.005559 0.020088 0.910264 0.052413 0.007153 0.995478 -0.006252 -0.029611 -0.930349 0.000000 
1.150000e-01 1.003105e-01 9.749543e-02 1.125221e-01 1.000000e-01 1.597563e+00 -0.995478 0.005559 0.020088 0.910264 0.052413 0.007153 0.995478 -0.006252 -0.029611 -0.930349 0.000000 
1.150000e-01 1.003105e-01 9.749543e-02 1.125221e-01 1.000000e-01 1.597563e+00 -0.995478 0.005559 0.020088 0.910264 0.052413 0.007153 0.995478 -0.006252 -0.029611 -0.930349 0.000000 
1.150000e-01 1.003105e-01 9.749543e-02 1.125221e-01 1.000000e-01 1.597563e+00 -0.995478 0.005559 0.020088 0.910264 0.052413 0.007153 0.995478 -0.006252 -0.029611 -0.930349 0.000000 
1.150000e-01 1.003105e-01 9.749543e-02 1.125221e-01 1.000000e-01 1.597563e+00 -0.995478 0.005559 0.020088 0.910264 0.052413 0.007153 0.995478 -0.006252 -0.029611 -0.930349 0.000000 
1.150000e-01 1.003105e-01 9.749543e-02 1.125221e-01 1.000000e-01 1.597563e+00 -0.995478 0.005559 0.020088 0.910264 0.052413 0.007153 0.995478 -0.006252 -0.029611 -0.930349 0.000000 
1.150000e-01 1.003105e-01 9.749543e-02 1.125221e-01 1.000000e-01 1.597563e+00 -0.995478 0.005559 0.020088 0.910264 0.052413 0.007153 0.995478 -0.006252 -0.029611 -0.930349 0.000000 
1.150000e-01 1.003105e-01 9.749543e-02 1.125221e-01 1.000000e-01 1.597563e+00 -0.995478 0.005559 0.020088 0.910264 0.052413 0.007153 0.995478 -0.006252 -0.029611 -0.930349 0.000000 
1.150000e-01 1.003105e-01 9.749543e-02 1.125221e-01 1.000000e-01 1.597563e+00 -0.995478 0.005559 0.020088 0.910264 0.052413 0.007153 0.995478 -0.006252 -0.029611 -0.930349 0.000000 
1.150000e-01 1.003105e-01 9.749543e-02 1.125221e-01 1.000000e-01 1.597563e+00 -0.995478 0.005559 0.020088 0.910264 0.052413 0.007153 0.995478 -0.006252 -0.029611 -0.930349 0.000000 
1.150000e-01 1.003105e-01 9.749543e-02 1.125221e-01 1.000000e-01 1.597563e+00 -0.995478 0.005559 0.020088 0.910264 0.052413 0.007153 0.995478 -0.006252 -0.029611 -0.930349 0.000000 
1.150000e-01 1.003105e-01 9.749543e-02 1.125221e-01 1.000000e-01 1.597563e+00 -0.995478 0.005559 0.020088 0.910264 0.052413 0.007153 0.995478 -0.006252 -0.029611 -0.930349 0.000000 
1.150000e-01 1.003105e-01 9.749543e-02 1.125221e-01 1.000000e-01 1.597563e+00 -0.995478 0.005559 0.020088 0.910264 0.052413 0.007153 0.995478 -0.006252 -0.029611 -0.930349 0.000000 
1.150000e-01 1.003105e-01 9.749543e-02 1.125221e-01 1.000000e-01 1.597563e+00 -0.995478 0.005559 0.020088 0.910264 0.052413 0.007153 0.995478 -0.006252 -0.029611 -0.930349 0.000000 
1.150000e-01 1.003105e-01 9.749543e-02 1.125221e-01 1.000000e-01 1.597563e+00 -0.995478 0.005559 0.020088 0.910264 0.052413 0.007153 0.995478 -0.006252 -0.029611 -0.930349 0.000000 
1.150000e-01 1.003105e-01 9.749543e-02 1.125221e-01 1.000000e-01 1.597563e+00 -0.995478 0.005559 0.020088 0.910264 0.052413 0.007153 0.995478 -0.006252 -0.029611 -0.930349 0.000000 
1.150000e-01 1.003105e-01 9.749543e-02 1.125221e-01 1.000000e-01 1.597563e+00 -0.995478 0.005559 0.020088 0.910264 0.052413 0.007153 0.995478 -0.006252 -0.029611 -0.930349 0.000000 
1.150000e-01 1.003105e-01 9.749543e-02 1.125221e-01 1.000000e-01 1.597563e+00 -0.995478 0.005559 0.020088 0.910264 0.052413 0.007153 0.995478 -0.006252 -0.029611 -0.930349 0.000000 
1.150000e-01 1.003105e-01 9.749543e-02 1.125221e-01 1.000000e-01 1.597563e+00 -0.995478 0.005559 0.020088 0.910264 0.052413 0.007153 0.995478 -0.006252 -0.029611 -0.930349 0.000000 
1.150000e-01 1.003105e-01 9.749543e-02 1.125221e-01 1.000000e-01 1.597563e+00 -0.995478 0.005559 0.020088 0.910264 0.052413 0.007153 0.995478 -0.006252 -0.029611 -0.930349 0.000000 
1.150000e-01 1.003105e-01 9.749543e-02 1.125221e-01 1.000000e-01 1.597563e+00 -0.995478 0.005559 0.020088 0.910264 0.052413 0.007153 0.995478 -0.006252 -0.029611 -0.930349 0.000000 
1.150000e-01 1.003105e-01 9.749543e-02 1.125221e-01 1.000000e-01 1.597563e+00 -0.995478 0.005559 0.020088 0.910264 0.052413 0.007153 0.995478 -0.006252 -0.029611 -0.930349 0.000000 
1.150000e-01 1.003105e-01 9.749543e-02 1.125221e-01 1.000000e-01 1.597563e+00 -0.995478 0.005559 0.020088 0.910264 0.052413 0.007153 0.995478 -0.006252 -0.029611 -0.930349 0.000000 
1.150000e-01 1.003105e-01 9.749543e-02 1.125221e-01 1.000000e-01 1.597563e+00 -0.995478 0.005559 0.020088 0.910264 0.052413 0.007153 0.995478 -0.006252 -0.029611 -0.930349 0.000000 
1.150000e-01 1.003105e-01 9.749543e-02 1.125221e-01 1.000000e-01 1.597563e+00 -0.995478 0.005559 0.020088 0.910264 0.052413 0.007153 0.995478 -0.006252 -0.029611 -0.930349 0.000000 
1.150000e-01 1.003105e-01 9.749543e-02 1.125221e-01 1.000000e-01 1.597563e+00 -0.995478 0.005559 0.020088 0.910264 0.052413 0.007153 0.995478 -0.006252 -0.029611 -0.930349 0.000000 
1.150000e-01 1.003105e-01 9.749543e-02 1.125221e-01 1.000000e-01 1.597563e+00 -0.995478 0.005559 0.020088 0.910264 0.052413 0.007153 0.995478 -0.006252 -0.029611 -0.930349 0.000000 
1.150000e-01 1.003105e-01 9.749543e-02 1.125221e-01 1.000000e-01 1.597563e+00 -0.995478 0.005559 0.020088 0.910264 0.052413 0.007153 0.995478 -0.006252 -0.029611 -0.930349 0.000000 
1.150000e-01 1.003105e-01 9.749543e-02 1.125221e-01 1.000000e-01 1.597563e+00 -0.995478 0.005559 0.020088 0.910264 0.052413 0.007153 0.995478 -0.006252 -0.029611 -0.930349 0.000000 
1.150000e-01 1.003105e-01 9.749543e-02 1.125221e-01 1.000000e-01 1.597563e+00 -0.995478 0.005559 0.020088 0.910264 0.052413 0.007153 0.995478 -0.006252 -0.029611 -0.930349 0.000000 
1.150000e-01 1.003105e-01 9.749543e-02 1.125221e-01 1.000000e-01 1.597563e+00 -0.995478 0.005559 0.020088 0.910264 0.052413 0.007153 0.995478 -0.006252 -0.029611 -0.930349 0.000000 
1.150000e-01 1.003105e-01 9.749543e-02 1.125221e-01 1.000000e-01 1.597563e+00 -0.995478 0.005559 0.020088 0.910264 0.052413 0.007153 0.995478 -0.006252 -0.029611 -0.930349 0.000000 
1.150000e-01 1.003105e-01 9.749543e-02 1.125221e-01 1.000000e-01 1.597563e+00 -0.995478 0.005559 0.020088 0.910264 0.052413 0.007153 0.995478 -0.006252 -0.029611 -0.930349 0.000000 
1.150000e-01 1.003105e-01 9.749543e-02 1.125221e-01 1.000000e-01 1.597563e+00 -0.995478 0.005559 0.020088 0.910264 0.052413 0.007153 0.995478 -0.006252 -0.029611 -0.930349 0.000000 
1.150000e-01 1.003105e-01 9.749543e-02 1.125221e-01 1.000000e-01 1.597563e+00 -0.995478 0.005559 0.020088 0.910264 0.052413 0.007153 0.995478 -0.006252 -0.029611 -0.930349 0.000000 
1.150000e-01 1.003105e-01 9.749543e-02 1.125221e-01 1.000000e-01 1.597563e+00 -0.995478 0.005559 0.020088 0.910264 0.052413 0.007153 0.995478 -0.006252 -0.029611 -0.930349 0.000000 
1.150000e-01 1.003105e-01 9.749543e-02 1.125221e-01 1.000000e-01 1.597563e+00 -0.995478 0.005559 0.020088 0.910264 0.052413 0.007153 0.995478 -0.006252 -0.029611 -0.930349 0.000000 
1.150000e-01 1.003105e-01 9.749543e-02 1.125221e-01 1.000000e-01 1.597563e+00 -0.995478 0.005559 0.020088 0.910264 0.052413 0.007153 0.995478 -0.006252 -0.029611 -0.930349 0.000000 
1.150000e-01 1.003105e-01 9.749543e-02 1.125221e-01 1.000000e-01 1.597563e+00 -0.995478 0.005559 0.020088 0.910264 0.052413 0.007153 0.995478 -0.006252 -0.029611 -0.930349 0.000000 
1.150000e-01 1.003105e-01 9.749543e-02 1.125221e-01 1.000000e-01 1.597563e+00 -0.995478 0.005559 0.020088 0.910264 0.052413 0.007153 0.995478 -0.006252 -0.029611 -0.930349 0.000000 
1.150000e-01 1.003105e-01 9.749543e-02 1.125221e-01 1.000000e-01 1.597563e+00 -0.995478 0.005559 0.020088 0.910264 0.052413 0.007153 0.995478 -0.006252 -0.029611 -0.930349 0.000000 
1.150000e-01 1.003105e-01 9.749543e-02 1.125221e-01 1.000000e-01 1.597563e+00 -0.995478 0.005559 0.020088 0.910264 0.052413 0.007153 0.995478 -0.006252 -0.029611 -0.930349 0.000000 
1.150000e-01 1.003105e-01 9.749543e-02 1.125221e-01 1.000000e-01 1.597563e+00 -0.995478 0.005559 0.020088 0.910264 0.052413 0.007153 0.995478 -0.006252 -0.029611 -0.930349 0.000000 
1.150000e-01 1.003105e-01 9.749543e-02 1.125221e-01 1.000000e-01 1.597563e+00 -0.995478 0.005559 0.020088 0.910264 0.052413 0.007153 0.995478 -0.006252 -0.029611 -0.930349 0.000000 
1.150000e-01 1.003105e-01 9.749543e-02 1.125221e-01 1.000000e-01 1.597563e+00 -0.995478 0.005559 0.020088 0.910264 0.052413 0.007153 0.995478 -0.006252 -0.029611 -0.930349 0.000000 
1.150000e-01 1.003105e-01 9.749543e-02 1.125221e-01 1.000000e-01 1.597563e+00 -0.995478 0.005559 0.020088 0.910264 0.052413 0.007153 0.995478 -0.006252 -0.029611 -0.930349 0.000000 
1.150000e-01 1.003105e-01 9.749543e-02 1.125221e-01 1.000000e-01 1.597563e+00 -0.995478 0.005559 0.020088 0.910264 0.052413 0.007153 0.995478 -0.006252 -0.029611 -0.930349 0.000000 
1.150000e-01 1.003105e-01 9.749543e-02 1.125221e-01 1.000000e-01 1.597563e+00 -0.995478 0.005559 0.020088 0.910264 0.052413 0.007153 0.995478 -0.006252 -0.029611 -0.930349 0.000000 
1.150000e-01 1.003105e-01 9.749543e-02 1.125221e-01 1.000000e-01 1.597563e+00 -0.995478 0.005559 0.020088 0.910264 0.052413 0.007153 0.995478 -0.006252 -0.029611 -0.930349 0.000000 
1.150000e-01 1.003105e-01 9.749543e-02 1.125221e-01 1.000000e-01 1.597563e+00 -0.995478 0.005559 0.020088 0.910264 0.052413 0.007153 0.995478 -0.006252 -0.029611 -0.930349 0.000000 
1.150000e-01 1.003105e-01 9.749543e-02 1.125221e-01 1.000000e-01 1.597563e+00 -0.995478 0.005559 0.020088 0.910264 0.052413 0.007153 0.995478 -0.006252 -0.029611 -0.930349 0.000000 
1.150000e-01 1.003105e-01 9.749543e-02 1.125221e-01 1.000000e-01 1.597563e+00 -0.995478 0.005559 0.020088 0.910264 0.052413 0.007153 0.995478 -0.006252 -0.029611 -0.930349 0.000000 
