# TeX TeY TeZ ThX ThY THZ P1 P2
1.050000e-01 1.000000e-01 5.350000e-01 1.050000e-01 1.000000e-01 5.350000e-01 0.000000 0.000000 0.000000 0.000000 0.000000 0.000000 0.000000 0.000000 0.000000 0.000000 0.000000 
1.050000e-01 9.999996e-02 5.224852e-01 1.050000e-01 1.000000e-01 5.438339e-01 -0.014105 0.001810 0.003621 0.003624 0.003644 0.001404 0.014105 -0.001810 -0.003621 -0.003625 0.000000 
1.050000e-01 9.999990e-02 5.099354e-01 1.049999e-01 1.000000e-01 5.526576e-01 -0.028226 0.003623 0.007247 0.007253 0.007293 0.002810 0.028226 -0.003622 -0.007246 -0.007254 0.000000 
1.050000e-01 9.999984e-02 4.973508e-01 1.049999e-01 1.000000e-01 5.614711e-01 -0.042363 0.005437 0.010876 0.010886 0.010946 0.004218 0.042363 -0.005437 -0.010876 -0.010887 0.000000 
1.050000e-01 9.999976e-02 4.847318e-01 1.049999e-01 1.000000e-01 5.702744e-01 -0.056516 0.007253 0.014510 0.014523 0.014603 0.005627 0.056516 -0.007253 -0.014510 -0.014524 0.000000 
1.050000e-01 9.999966e-02 4.720787e-01 1.049999e-01 1.000000e-01 5.790673e-01 -0.070685 0.009072 0.018147 0.018164 0.018264 0.007038 0.070685 -0.009071 -0.018147 -0.018166 0.000000 
1.050000e-01 9.999954e-02 4.593917e-01 1.049999e-01 1.000000e-01 5.878497e-01 -0.084869 0.010892 0.021789 0.021809 0.021929 0.008451 0.084869 -0.010891 -0.021789 -0.021812 0.000000 
1.050000e-01 9.999940e-02 4.466711e-01 1.049999e-01 1.000000e-01 5.966216e-01 -0.099069 0.012715 0.025434 0.025458 0.025598 0.009864 0.099069 -0.012712 -0.025435 -0.025463 0.000000 
1.050000e-01 9.999923e-02 4.339172e-01 1.049999e-01 1.000000e-01 6.053828e-01 -0.113284 0.014539 0.029084 0.029111 0.029270 0.011280 0.113284 -0.014535 -0.029084 -0.029118 0.000000 
1.050000e-01 9.999902e-02 4.211302e-01 1.049998e-01 1.000000e-01 6.141333e-01 -0.127513 0.016365 0.032737 0.032767 0.032947 0.012697 0.127513 -0.016359 -0.032737 -0.032779 0.000000 
1.050000e-01 9.999876e-02 4.083105e-01 1.049998e-01 1.000000e-01 6.228729e-01 -0.141757 0.018194 0.036394 0.036428 0.036627 0.014115 0.141757 -0.018185 -0.036394 -0.036445 0.000000 
1.050000e-01 9.999844e-02 3.954582e-01 1.049998e-01 1.000000e-01 6.316017e-01 -0.156015 0.020023 0.040054 0.040092 0.040311 0.015535 0.156015 -0.020010 -0.040055 -0.040118 0.000000 
1.050000e-01 9.999805e-02 3.825737e-01 1.049998e-01 1.000000e-01 6.403194e-01 -0.170287 0.021855 0.043719 0.043759 0.043999 0.016956 0.170287 -0.021835 -0.043720 -0.043799 0.000000 
1.050000e-01 9.999758e-02 3.696571e-01 1.049998e-01 1.000000e-01 6.490261e-01 -0.184573 0.023689 0.047386 0.047430 0.047690 0.018378 0.184573 -0.023658 -0.047389 -0.047491 0.000000 
1.050000e-01 9.999700e-02 3.567088e-01 1.049998e-01 1.000000e-01 6.577215e-01 -0.198873 0.025524 0.051058 0.051105 0.051385 0.019802 0.198873 -0.025477 -0.051061 -0.051197 0.000000 
1.050000e-01 9.999629e-02 3.437291e-01 1.049998e-01 1.000000e-01 6.664056e-01 -0.213185 0.027361 0.054732 0.054783 0.055083 0.021227 0.213186 -0.027290 -0.054738 -0.054923 0.000000 
1.050000e-01 9.999543e-02 3.307180e-01 1.049998e-01 1.000000e-01 6.750783e-01 -0.227511 0.029200 0.058410 0.058464 0.058785 0.022654 0.227512 -0.029092 -0.058419 -0.058677 0.000000 
1.050000e-01 9.999436e-02 3.176760e-01 1.049998e-01 1.000000e-01 6.837395e-01 -0.241850 0.031040 0.062091 0.062149 0.062490 0.024081 0.241851 -0.030877 -0.062104 -0.062474 0.000000 
1.050000e-01 9.999306e-02 3.046032e-01 1.049998e-01 1.000000e-01 6.923891e-01 -0.256202 0.032882 0.065776 0.065837 0.066198 0.025511 0.256202 -0.032634 -0.065796 -0.066331 0.000000 
1.050000e-01 9.999147e-02 2.914999e-01 1.049998e-01 1.000000e-01 7.010270e-01 -0.270566 0.034725 0.069464 0.069528 0.069909 0.026941 0.270566 -0.034347 -0.069494 -0.070282 0.000000 
1.050000e-01 9.998952e-02 2.783662e-01 1.049998e-01 1.000000e-01 7.096531e-01 -0.284942 0.036570 0.073155 0.073222 0.073624 0.028372 0.284943 -0.035994 -0.073200 -0.074374 0.000000 
1.050000e-01 9.998714e-02 2.652025e-01 1.049998e-01 1.000000e-01 7.182673e-01 -0.299331 0.038417 0.076849 0.076920 0.077341 0.029805 0.299331 -0.037541 -0.076916 -0.078676 0.000000 
1.050000e-01 9.998423e-02 2.520090e-01 1.049998e-01 1.000000e-01 7.268694e-01 -0.313731 0.040265 0.080546 0.080620 0.081062 0.031239 0.313732 -0.038925 -0.080644 -0.083315 0.000000 
1.050000e-01 9.998069e-02 2.387857e-01 1.049998e-01 1.000000e-01 7.354595e-01 -0.328143 0.042115 0.084246 0.084324 0.084786 0.032674 0.328144 -0.040071 -0.084386 -0.088455 0.000000 
1.050000e-01 9.997640e-02 2.255330e-01 1.049998e-01 1.000000e-01 7.440372e-01 -0.342567 0.043966 0.087949 0.088030 0.088513 0.034110 0.342567 -0.040851 -0.088140 -0.094371 0.000000 
1.050000e-01 9.997122e-02 2.122510e-01 1.049998e-01 1.000000e-01 7.526026e-01 -0.357002 0.045819 0.091655 0.091740 0.092243 0.035547 0.357003 -0.041062 -0.091893 -0.101535 0.000000 
1.050000e-01 9.996506e-02 1.989398e-01 1.049998e-01 1.000000e-01 7.611555e-01 -0.371450 0.047673 0.095364 0.095452 0.095976 0.036986 0.371450 -0.040445 -0.095601 -0.110597 0.000000 
1.050000e-01 9.995786e-02 1.855995e-01 1.049998e-01 1.000000e-01 7.696959e-01 -0.385909 0.049529 0.099076 0.099168 0.099712 0.038426 0.385909 -0.038581 -0.099138 -0.122715 0.000000 
1.050000e-01 9.994968e-02 1.722301e-01 1.049998e-01 1.000000e-01 7.782235e-01 -0.400380 0.051386 0.102792 0.102887 0.103451 0.039867 0.400381 -0.034862 -0.102158 -0.139917 0.000000 
1.050000e-01 9.994104e-02 1.588311e-01 1.049998e-01 1.000000e-01 7.867383e-01 -0.414866 0.053245 0.106510 0.106609 0.107193 0.041309 0.414866 -0.028587 -0.103836 -0.165376 0.000000 
1.050000e-01 9.993404e-02 1.454006e-01 1.049998e-01 1.000000e-01 7.952402e-01 -0.429372 0.055107 0.110235 0.110337 0.110942 0.042753 0.429372 -0.018819 -0.102107 -0.205202 0.000000 
1.050000e-01 9.993778e-02 1.319283e-01 1.049998e-01 1.000000e-01 8.037290e-01 -0.443932 0.056976 0.113973 0.114078 0.114704 0.044203 0.443932 -0.004467 -0.091446 -0.272348 0.000000 
1.050000e-01 9.999000e-02 1.183643e-01 1.049998e-01 1.000000e-01 8.122047e-01 -0.458705 0.058872 0.117766 0.117875 0.118521 0.045674 0.458706 0.015327 -0.058843 -0.392185 0.000000 
1.050000e-01 1.001899e-01 1.045142e-01 1.049998e-01 1.000000e-01 8.206670e-01 -0.474368 0.060882 0.121787 0.121900 0.122568 0.047234 0.474368 0.042380 0.026378 -0.620537 0.000000 
1.050000e-01 1.003090e-01 9.749828e-02 1.049998e-01 1.000000e-01 8.291159e-01 -0.485719 0.062339 0.124701 0.124817 0.125501 0.048364 0.485719 0.059164 0.101224 -0.799277 0.000000 
1.050000e-01 1.003090e-01 9.749828e-02 1.049998e-01 1.000000e-01 8.375512e-01 -0.491292 0.063054 0.126132 0.126249 0.126941 0.048919 0.491292 0.058449 0.099793 -0.800709 0.000000 
1.050000e-01 1.003090e-01 9.749828e-02 1.049998e-01 1.000000e-01 8.459728e-01 -0.496856 0.063768 0.127560 0.127678 0.128378 0.049473 0.496856 0.057734 0.098365 -0.802139 0.000000 
1.050000e-01 1.003090e-01 9.749828e-02 1.049998e-01 1.000000e-01 8.543806e-01 -0.502411 0.064481 0.128986 0.129106 0.129813 0.050026 0.502411 0.057022 0.096939 -0.803566 0.000000 
1.050000e-01 1.003090e-01 9.749828e-02 1.049998e-01 1.000000e-01 8.627745e-01 -0.507956 0.065193 0.130410 0.130531 0.131246 0.050578 0.507957 0.056310 0.095515 -0.804991 0.000000 
1.050000e-01 1.003090e-01 9.749828e-02 1.049998e-01 1.000000e-01 8.711542e-01 -0.513493 0.065903 0.131831 0.131954 0.132677 0.051129 0.513493 0.055599 0.094094 -0.806414 0.000000 
1.050000e-01 1.003090e-01 9.749828e-02 1.049998e-01 1.000000e-01 8.795197e-01 -0.519019 0.066613 0.133250 0.133374 0.134105 0.051680 0.519020 0.054890 0.092675 -0.807834 0.000000 
1.050000e-01 1.003090e-01 9.749828e-02 1.049998e-01 1.000000e-01 8.878709e-01 -0.524537 0.067321 0.134667 0.134792 0.135531 0.052229 0.524538 0.054182 0.091258 -0.809252 0.000000 
1.050000e-01 1.003090e-01 9.749828e-02 1.049998e-01 1.000000e-01 8.962075e-01 -0.530045 0.068027 0.136081 0.136207 0.136954 0.052778 0.530045 0.053475 0.089844 -0.810667 0.000000 
1.050000e-01 1.003090e-01 9.749828e-02 1.049998e-01 1.000000e-01 9.045295e-01 -0.535543 0.068733 0.137492 0.137620 0.138374 0.053325 0.535544 0.052769 0.088433 -0.812080 0.000000 
1.050000e-01 1.003090e-01 9.749828e-02 1.049998e-01 1.000000e-01 9.128367e-01 -0.541031 0.069437 0.138901 0.139030 0.139793 0.053872 0.541032 0.052065 0.087024 -0.813490 0.000000 
1.050000e-01 1.003090e-01 9.749828e-02 1.049998e-01 1.000000e-01 9.211290e-01 -0.546510 0.070141 0.140308 0.140438 0.141208 0.054417 0.546510 0.051362 0.085617 -0.814898 0.000000 
1.050000e-01 1.003090e-01 9.749828e-02 1.049998e-01 1.000000e-01 9.294061e-01 -0.551978 0.070842 0.141712 0.141843 0.142621 0.054962 0.551979 0.050660 0.084213 -0.816304 0.000000 
1.050000e-01 1.003090e-01 9.749828e-02 1.049998e-01 1.000000e-01 9.376680e-01 -0.557437 0.071543 0.143113 0.143246 0.144032 0.055505 0.557437 0.049959 0.082812 -0.817706 0.000000 
1.050000e-01 1.003090e-01 9.749828e-02 1.049998e-01 1.000000e-01 9.459145e-01 -0.562885 0.072242 0.144511 0.144646 0.145439 0.056048 0.562886 0.049260 0.081413 -0.819106 0.000000 
1.050000e-01 1.003090e-01 9.749828e-02 1.049998e-01 1.000000e-01 9.541454e-01 -0.568323 0.072940 0.145907 0.146044 0.146845 0.056589 0.568324 0.048562 0.080017 -0.820504 0.000000 
1.050000e-01 1.003090e-01 9.749828e-02 1.049998e-01 1.000000e-01 9.623607e-01 -0.573751 0.073636 0.147301 0.147438 0.148247 0.057130 0.573751 0.047866 0.078623 -0.821898 0.000000 
1.050000e-01 1.003090e-01 9.749828e-02 1.049998e-01 1.000000e-01 9.705600e-01 -0.579168 0.074332 0.148691 0.148830 0.149647 0.057669 0.579168 0.047170 0.077233 -0.823291 0.000000 
1.050000e-01 1.003090e-01 9.749828e-02 1.049998e-01 1.000000e-01 9.787433e-01 -0.584574 0.075025 0.150079 0.150220 0.151044 0.058208 0.584575 0.046476 0.075845 -0.824680 0.000000 
1.050000e-01 1.003090e-01 9.749828e-02 1.049998e-01 1.000000e-01 9.869105e-01 -0.589970 0.075718 0.151464 0.151606 0.152438 0.058745 0.589971 0.045784 0.074459 -0.826066 0.000000 
1.050000e-01 1.003090e-01 9.749828e-02 1.049998e-01 1.000000e-01 9.950612e-01 -0.595355 0.076409 0.152847 0.152990 0.153830 0.059281 0.595356 0.045093 0.073077 -0.827450 0.000000 
1.050000e-01 1.003090e-01 9.749828e-02 1.049998e-01 1.000000e-01 1.003195e+00 -0.600729 0.077098 0.154226 0.154371 0.155219 0.059817 0.600730 0.044403 0.071697 -0.828831 0.000000 
1.050000e-01 1.003090e-01 9.749828e-02 1.049998e-01 1.000000e-01 1.011313e+00 -0.606092 0.077786 0.155603 0.155749 0.156605 0.060351 0.606093 0.043715 0.070320 -0.830209 0.000000 
1.050000e-01 1.003090e-01 9.749828e-02 1.049998e-01 1.000000e-01 1.019414e+00 -0.611444 0.078473 0.156977 0.157125 0.157988 0.060884 0.611445 0.043028 0.068946 -0.831585 0.000000 
1.050000e-01 1.003090e-01 9.749828e-02 1.049998e-01 1.000000e-01 1.027497e+00 -0.616785 0.079158 0.158347 0.158497 0.159368 0.061416 0.616786 0.042342 0.067575 -0.832957 0.000000 
1.050000e-01 1.003090e-01 9.749828e-02 1.049998e-01 1.000000e-01 1.035563e+00 -0.622114 0.079842 0.159715 0.159867 0.160746 0.061947 0.622115 0.041658 0.066207 -0.834327 0.000000 
1.050000e-01 1.003090e-01 9.749828e-02 1.049998e-01 1.000000e-01 1.043612e+00 -0.627432 0.080524 0.161080 0.161233 0.162120 0.062476 0.627432 0.040976 0.064842 -0.835693 0.000000 
1.050000e-01 1.003090e-01 9.749828e-02 1.049998e-01 1.000000e-01 1.051643e+00 -0.632738 0.081205 0.162442 0.162597 0.163491 0.063005 0.632739 0.040295 0.063479 -0.837057 0.000000 
1.050000e-01 1.003090e-01 9.749828e-02 1.049998e-01 1.000000e-01 1.059657e+00 -0.638032 0.081884 0.163801 0.163957 0.164860 0.063532 0.638033 0.039615 0.062120 -0.838417 0.000000 
1.050000e-01 1.003090e-01 9.749828e-02 1.049998e-01 1.000000e-01 1.067652e+00 -0.643315 0.082561 0.165156 0.165315 0.166226 0.064059 0.643315 0.038937 0.060764 -0.839774 0.000000 
1.050000e-01 1.003090e-01 9.749828e-02 1.049998e-01 1.000000e-01 1.075630e+00 -0.648585 0.083237 0.166509 0.166669 0.167588 0.064584 0.648586 0.038261 0.059411 -0.841129 0.000000 
1.050000e-01 1.003090e-01 9.749828e-02 1.049998e-01 1.000000e-01 1.083589e+00 -0.653843 0.083912 0.167858 0.168020 0.168948 0.065108 0.653844 0.037586 0.058061 -0.842480 0.000000 
1.050000e-01 1.003090e-01 9.749828e-02 1.049998e-01 1.000000e-01 1.091529e+00 -0.659089 0.084584 0.169204 0.169368 0.170304 0.065631 0.659090 0.036913 0.056714 -0.843828 0.000000 
1.050000e-01 1.003090e-01 9.749828e-02 1.049998e-01 1.000000e-01 1.099450e+00 -0.664323 0.085255 0.170546 0.170713 0.171657 0.066152 0.664324 0.036241 0.055370 -0.845173 0.000000 
1.050000e-01 1.003090e-01 9.749828e-02 1.049998e-01 1.000000e-01 1.107353e+00 -0.669544 0.085925 0.171886 0.172055 0.173008 0.066673 0.669545 0.035571 0.054030 -0.846515 0.000000 
1.050000e-01 1.003090e-01 9.749828e-02 1.049998e-01 1.000000e-01 1.115236e+00 -0.674752 0.086592 0.173222 0.173394 0.174355 0.067192 0.674753 0.034903 0.052693 -0.847853 0.000000 
1.050000e-01 1.003090e-01 9.749828e-02 1.049998e-01 1.000000e-01 1.123100e+00 -0.679948 0.087258 0.174554 0.174729 0.175699 0.067710 0.679948 0.034236 0.051359 -0.849188 0.000000 
1.050000e-01 1.003090e-01 9.749828e-02 1.049998e-01 1.000000e-01 1.130944e+00 -0.685130 0.087922 0.175883 0.176061 0.177039 0.068227 0.685131 0.033571 0.050028 -0.850520 0.000000 
1.050000e-01 1.003090e-01 9.749828e-02 1.049998e-01 1.000000e-01 1.138769e+00 -0.690300 0.088584 0.177208 0.177389 0.178377 0.068743 0.690300 0.032907 0.048701 -0.851848 0.000000 
1.050000e-01 1.003090e-01 9.749828e-02 1.049997e-01 1.000000e-01 1.146573e+00 -0.695456 0.089244 0.178530 0.178714 0.179712 0.069258 0.695456 0.032246 0.047378 -0.853173 0.000000 
1.050000e-01 1.003090e-01 9.749828e-02 1.049997e-01 1.000000e-01 1.154357e+00 -0.700599 0.089902 0.179848 0.180036 0.181043 0.069771 0.700599 0.031585 0.046057 -0.854495 0.000000 
1.050000e-01 1.003090e-01 9.749828e-02 1.049997e-01 1.000000e-01 1.162121e+00 -0.705728 0.090559 0.181162 0.181354 0.182371 0.070283 0.705728 0.030927 0.044740 -0.855813 0.000000 
1.050000e-01 1.003090e-01 9.749828e-02 1.049997e-01 1.000000e-01 1.169863e+00 -0.710843 0.091213 0.182472 0.182669 0.183696 0.070794 0.710844 0.030271 0.043427 -0.857127 0.000000 
1.050000e-01 1.003090e-01 9.749828e-02 1.049997e-01 1.000000e-01 1.177585e+00 -0.715945 0.091865 0.183779 0.183980 0.185018 0.071304 0.715945 0.029616 0.042117 -0.858438 0.000000 
1.050000e-01 1.003090e-01 9.749828e-02 1.049997e-01 1.000000e-01 1.185286e+00 -0.721033 0.092515 0.185081 0.185288 0.186337 0.071813 0.721033 0.028963 0.040811 -0.859746 0.000000 
1.050000e-01 1.003090e-01 9.749828e-02 1.049997e-01 1.000000e-01 1.192965e+00 -0.726106 0.093163 0.186379 0.186592 0.187652 0.072320 0.726106 0.028312 0.039509 -0.861050 0.000000 
1.050000e-01 1.003090e-01 9.749828e-02 1.049997e-01 1.000000e-01 1.200622e+00 -0.731165 0.093809 0.187673 0.187893 0.188965 0.072827 0.731165 0.027663 0.038210 -0.862350 0.000000 
1.050000e-01 1.003090e-01 9.749828e-02 1.049997e-01 1.000000e-01 1.208257e+00 -0.736209 0.094452 0.188962 0.189190 0.190274 0.073332 0.736210 0.027015 0.036915 -0.863646 0.000000 
1.050000e-01 1.003090e-01 9.749828e-02 1.049996e-01 1.000000e-01 1.215870e+00 -0.741239 0.095093 0.190248 0.190483 0.191581 0.073836 0.741240 0.026370 0.035623 -0.864938 0.000000 
1.050000e-01 1.003090e-01 9.749828e-02 1.049996e-01 1.000000e-01 1.223461e+00 -0.746254 0.095731 0.191528 0.191773 0.192884 0.074339 0.746254 0.025726 0.034336 -0.866227 0.000000 
1.050000e-01 1.003090e-01 9.749828e-02 1.049996e-01 1.000000e-01 1.231028e+00 -0.751254 0.096367 0.192804 0.193059 0.194185 0.074841 0.751254 0.025084 0.033052 -0.867512 0.000000 
1.050000e-01 1.003090e-01 9.749828e-02 1.049996e-01 1.000000e-01 1.238573e+00 -0.756238 0.097000 0.194075 0.194341 0.195482 0.075342 0.756239 0.024444 0.031773 -0.868793 0.000000 
1.050000e-01 1.003090e-01 9.749828e-02 1.049995e-01 1.000000e-01 1.246095e+00 -0.761208 0.097630 0.195340 0.195619 0.196777 0.075842 0.761208 0.023807 0.030497 -0.870070 0.000000 
1.050000e-01 1.003090e-01 9.749828e-02 1.049995e-01 1.000000e-01 1.253592e+00 -0.766161 0.098257 0.196601 0.196894 0.198069 0.076342 0.766162 0.023171 0.029225 -0.871343 0.000000 
1.050000e-01 1.003090e-01 9.749828e-02 1.049995e-01 1.000000e-01 1.261066e+00 -0.771099 0.098880 0.197856 0.198166 0.199359 0.076840 0.771100 0.022537 0.027957 -0.872612 0.000000 
1.050000e-01 1.003090e-01 9.749828e-02 1.049994e-01 1.000000e-01 1.268516e+00 -0.776021 0.099501 0.199105 0.199433 0.200646 0.077337 0.776022 0.021906 0.026694 -0.873876 0.000000 
1.050000e-01 1.003090e-01 9.749828e-02 1.049994e-01 1.000000e-01 1.275941e+00 -0.780927 0.100117 0.200349 0.200698 0.201930 0.077834 0.780927 0.021276 0.025434 -0.875137 0.000000 
1.050000e-01 1.003090e-01 9.749828e-02 1.049993e-01 1.000000e-01 1.283342e+00 -0.785816 0.100730 0.201586 0.201959 0.203213 0.078329 0.785817 0.020648 0.024179 -0.876393 0.000000 
1.050000e-01 1.003090e-01 9.749828e-02 1.049992e-01 1.000000e-01 1.290718e+00 -0.790689 0.101339 0.202817 0.203216 0.204494 0.078824 0.790690 0.020023 0.022928 -0.877646 0.000000 
1.050000e-01 1.003090e-01 9.749828e-02 1.049991e-01 1.000000e-01 1.298068e+00 -0.795545 0.101943 0.204042 0.204471 0.205772 0.079319 0.795546 0.019400 0.021681 -0.878894 0.000000 
1.050000e-01 1.003090e-01 9.749828e-02 1.049991e-01 1.000000e-01 1.305392e+00 -0.800384 0.102543 0.205259 0.205722 0.207050 0.079812 0.800385 0.018779 0.020439 -0.880137 0.000000 
1.050000e-01 1.003090e-01 9.749828e-02 1.049990e-01 1.000000e-01 1.312691e+00 -0.805206 0.103137 0.206468 0.206972 0.208326 0.080305 0.805207 0.018160 0.019201 -0.881376 0.000000 
1.050000e-01 1.003090e-01 9.749828e-02 1.049988e-01 1.000000e-01 1.319963e+00 -0.810011 0.103725 0.207671 0.208219 0.209601 0.080797 0.810011 0.017543 0.017967 -0.882611 0.000000 
1.050000e-01 1.003090e-01 9.749828e-02 1.049987e-01 1.000000e-01 1.327209e+00 -0.814798 0.104307 0.208864 0.209465 0.210875 0.081289 0.814798 0.016929 0.016738 -0.883841 0.000000 
1.050000e-01 1.003090e-01 9.749828e-02 1.049985e-01 1.000000e-01 1.334427e+00 -0.819567 0.104882 0.210049 0.210709 0.212149 0.081779 0.819568 0.016317 0.015514 -0.885067 0.000000 
1.050000e-01 1.003090e-01 9.749828e-02 1.049984e-01 1.000000e-01 1.341619e+00 -0.824318 0.105448 0.211225 0.211954 0.213423 0.082269 0.824319 0.015707 0.014294 -0.886287 0.000000 
1.050000e-01 1.003090e-01 9.749828e-02 1.049982e-01 1.000000e-01 1.348783e+00 -0.829051 0.106007 0.212391 0.213200 0.214697 0.082758 0.829052 0.015099 0.013079 -0.887504 0.000000 
1.050000e-01 1.003090e-01 9.749828e-02 1.049980e-01 1.000000e-01 1.355918e+00 -0.833766 0.106555 0.213546 0.214448 0.215972 0.083246 0.833766 0.014494 0.011869 -0.888715 0.000000 
1.050000e-01 1.003090e-01 9.749828e-02 1.049977e-01 1.000000e-01 1.363026e+00 -0.838462 0.107091 0.214691 0.215700 0.217249 0.083732 0.838462 0.013892 0.010663 -0.889922 0.000000 
1.050000e-01 1.003090e-01 9.749828e-02 1.049974e-01 1.000000e-01 1.370104e+00 -0.843138 0.107616 0.215824 0.216957 0.218527 0.084216 0.843139 0.013291 0.009462 -0.891124 0.000000 
1.050000e-01 1.003090e-01 9.749828e-02 1.049971e-01 1.000000e-01 1.377154e+00 -0.847796 0.108125 0.216943 0.218224 0.219807 0.084698 0.847796 0.012694 0.008267 -0.892321 0.000000 
1.050000e-01 1.003090e-01 9.749828e-02 1.049967e-01 1.000000e-01 1.384174e+00 -0.852434 0.108617 0.218050 0.219502 0.221090 0.085176 0.852434 0.012098 0.007076 -0.893512 0.000000 
1.050000e-01 1.003090e-01 9.749828e-02 1.049963e-01 1.000000e-01 1.391165e+00 -0.857052 0.109090 0.219142 0.220796 0.222377 0.085649 0.857053 0.011506 0.005890 -0.894699 0.000000 
1.050000e-01 1.003090e-01 9.749828e-02 1.049959e-01 1.000000e-01 1.398125e+00 -0.861651 0.109540 0.220218 0.222110 0.223667 0.086117 0.861651 0.010915 0.004709 -0.895881 0.000000 
1.050000e-01 1.003090e-01 9.749828e-02 1.049953e-01 1.000000e-01 1.405055e+00 -0.866229 0.109965 0.221278 0.223449 0.224961 0.086577 0.866230 0.010328 0.003534 -0.897057 0.000000 
1.050000e-01 1.003090e-01 9.749828e-02 1.049948e-01 1.000000e-01 1.411954e+00 -0.870787 0.110356 0.222319 0.224826 0.226262 0.087026 0.870787 0.009743 0.002364 -0.898229 0.000000 
1.050000e-01 1.003090e-01 9.749828e-02 1.049941e-01 1.000000e-01 1.418821e+00 -0.875324 0.110712 0.223341 0.226242 0.227566 0.087463 0.875325 0.009161 0.001199 -0.899395 0.000000 
1.050000e-01 1.003090e-01 9.749828e-02 1.049933e-01 1.000000e-01 1.425657e+00 -0.879841 0.111026 0.224342 0.227713 0.228876 0.087884 0.879841 0.008581 0.000040 -0.900555 0.000000 
1.050000e-01 1.003090e-01 9.749828e-02 1.049925e-01 1.000000e-01 1.432460e+00 -0.884336 0.111287 0.225319 0.229256 0.230192 0.088282 0.884336 0.008004 -0.001114 -0.901710 0.000000 
1.050000e-01 1.003090e-01 9.749828e-02 1.049915e-01 1.000000e-01 1.439231e+00 -0.888809 0.111493 0.226272 0.230878 0.231512 0.088655 0.888809 0.007430 -0.002263 -0.902860 0.000000 
1.050000e-01 1.003090e-01 9.749828e-02 1.049904e-01 1.000000e-01 1.445969e+00 -0.893261 0.111625 0.227196 0.232611 0.232838 0.088992 0.893261 0.006859 -0.003406 -0.904004 0.000000 
1.050000e-01 1.003090e-01 9.749828e-02 1.049892e-01 1.000000e-01 1.452673e+00 -0.897690 0.111671 0.228088 0.234479 0.234168 0.089284 0.897691 0.006290 -0.004543 -0.905142 0.000000 
1.050000e-01 1.003090e-01 9.749828e-02 1.049878e-01 1.000000e-01 1.459344e+00 -0.902098 0.111625 0.228946 0.236501 0.235500 0.089526 0.902098 0.005724 -0.005675 -0.906275 0.000000 
1.050000e-01 1.003090e-01 9.749828e-02 1.049863e-01 1.000000e-01 1.465980e+00 -0.906482 0.111456 0.229761 0.238737 0.236832 0.089696 0.906482 0.005162 -0.006800 -0.907401 0.000000 
1.050000e-01 1.003090e-01 9.749828e-02 1.049846e-01 1.000000e-01 1.472581e+00 -0.910844 0.111146 0.230528 0.241231 0.238159 0.089780 0.910844 0.004602 -0.007920 -0.908522 0.000000 
1.050000e-01 1.003090e-01 9.749828e-02 1.049827e-01 1.000000e-01 1.479148e+00 -0.915183 0.110681 0.231241 0.244018 0.239477 0.089766 0.915183 0.004045 -0.009034 -0.909637 0.000000 
1.050000e-01 1.003090e-01 9.749828e-02 1.049805e-01 1.000000e-01 1.485678e+00 -0.919498 0.110018 0.231883 0.247202 0.240776 0.089619 0.919498 0.003491 -0.010142 -0.910746 0.000000 
1.050000e-01 1.003090e-01 9.749828e-02 1.049782e-01 1.000000e-01 1.492172e+00 -0.923789 0.109117 0.232434 0.250891 0.242042 0.089306 0.923789 0.002940 -0.011244 -0.911849 0.000000 
1.050000e-01 1.003090e-01 9.749828e-02 1.049755e-01 1.000000e-01 1.498630e+00 -0.928057 0.107961 0.232879 0.255145 0.243261 0.088810 0.928057 0.002393 -0.012339 -0.912945 0.000000 
1.050000e-01 1.003090e-01 9.749828e-02 1.049726e-01 1.000000e-01 1.505049e+00 -0.932299 0.106511 0.233189 0.260097 0.244408 0.088093 0.932299 0.001848 -0.013428 -0.914036 0.000000 
1.050000e-01 1.003090e-01 9.749828e-02 1.049694e-01 1.000000e-01 1.511429e+00 -0.936516 0.104657 0.233285 0.266083 0.245429 0.087063 0.936516 0.001307 -0.014511 -0.915119 0.000000 
1.050000e-01 1.003090e-01 9.749828e-02 1.049660e-01 1.000000e-01 1.517769e+00 -0.940706 0.102402 0.233131 0.273179 0.246285 0.085710 0.940706 0.000769 -0.015587 -0.916196 0.000000 
1.050000e-01 1.003090e-01 9.749828e-02 1.049622e-01 1.000000e-01 1.524069e+00 -0.944870 0.099693 0.232644 0.281649 0.246902 0.083982 0.944870 0.000235 -0.016656 -0.917266 0.000000 
1.050000e-01 1.003090e-01 9.749828e-02 1.049580e-01 1.000000e-01 1.530327e+00 -0.949008 0.096448 0.231681 0.291926 0.247159 0.081795 0.949008 -0.000296 -0.017718 -0.918329 0.000000 
1.050000e-01 1.003090e-01 9.749828e-02 1.049535e-01 1.000000e-01 1.536544e+00 -0.953120 0.092550 0.229994 0.304710 0.246834 0.079033 0.953120 -0.000824 -0.018774 -0.919386 0.000000 
1.050000e-01 1.003090e-01 9.749828e-02 1.049484e-01 1.000000e-01 1.542720e+00 -0.957205 0.088007 0.227399 0.320375 0.245737 0.075687 0.957206 -0.001348 -0.019823 -0.920436 0.000000 
1.050000e-01 1.003090e-01 9.749828e-02 1.049425e-01 1.000000e-01 1.548853e+00 -0.961266 0.082765 0.223561 0.339716 0.243536 0.071689 0.961267 -0.001870 -0.020865 -0.921479 0.000000 
1.050000e-01 1.003090e-01 9.749828e-02 1.049350e-01 1.000000e-01 1.554946e+00 -0.965305 0.076774 0.218023 0.363785 0.239750 0.066974 0.965306 -0.002388 -0.021902 -0.922517 0.000000 
1.050000e-01 1.003090e-01 9.749828e-02 1.049244e-01 1.000000e-01 1.561000e+00 -0.969331 0.069863 0.209703 0.395168 0.233234 0.061363 0.969331 -0.002904 -0.022936 -0.923552 0.000000 
1.050000e-01 1.003090e-01 9.749828e-02 1.049075e-01 1.000000e-01 1.567020e+00 -0.973355 0.062101 0.197918 0.435338 0.223094 0.054904 0.973355 -0.003421 -0.023969 -0.924586 0.000000 
1.050000e-01 1.003090e-01 9.749828e-02 1.048785e-01 1.000000e-01 1.573015e+00 -0.977405 0.053443 0.181444 0.487244 0.207735 0.047539 0.977405 -0.003941 -0.025009 -0.925626 0.000000 
1.050000e-01 1.003090e-01 9.749828e-02 1.048277e-01 1.000000e-01 1.579008e+00 -0.981531 0.043792 0.158632 0.555102 0.184832 0.039174 0.981531 -0.004470 -0.026068 -0.926687 0.000000 
1.050000e-01 1.003090e-01 9.749828e-02 1.047423e-01 1.000000e-01 1.585033e+00 -0.985826 0.032958 0.127264 0.644891 0.151082 0.029631 0.985827 -0.005022 -0.027171 -0.927791 0.000000 
1.050000e-01 1.003090e-01 9.749828e-02 1.046198e-01 1.000000e-01 1.591143e+00 -0.990489 0.020401 0.082904 0.768820 0.099951 0.018412 0.990489 -0.005620 -0.028368 -0.928989 0.000000 
1.050000e-01 1.003090e-01 9.749828e-02 1.045072e-01 1.000000e-01 1.597372e+00 -0.995619 0.006075 0.025821 0.926760 0.031449 0.005514 0.995619 -0.006278 -0.029685 -0.930307 0.000000 
1.050000e-01 1.003090e-01 9.749828e-02 1.045058e-01 1.000000e-01 1.597519e+00 -0.995745 0.005719 0.024343 0.930839 0.029651 0.005192 0.995745 -0.006295 -0.029717 -0.930339 0.000000 
1.050000e-01 1.003090e-01 9.749828e-02 1.045058e-01 1.000000e-01 1.597519e+00 -0.995745 0.005719 0.024343 0.930839 0.029651 0.005192 0.995745 -0.006295 -0.029717 -0.930339 0.000000 
1.050000e-01 1.003090e-01 9.749828e-02 1.045058e-01 1.000000e-01 1.597519e+00 -0.995745 0.005719 0.024343 0.930839 0.029651 0.005192 0.995745 -0.006295 -0.029717 -0.930339 0.000000 
1.050000e-01 1.003090e-01 9.749828e-02 1.045058e-01 1.000000e-01 1.597519e+00 -0.995745 0.005719 0.024343 0.930839 0.029651 0.005192 0.995745 -0.006295 -0.029717 -0.930339 0.000000 
1.050000e-01 1.003090e-01 9.749828e-02 1.045058e-01 1.000000e-01 1.597519e+00 -0.995745 0.005719 0.024343 0.930839 0.029651 0.005192 0.995745 -0.006295 -0.029717 -0.930339 0.000000 
1.050000e-01 1.003090e-01 9.749828e-02 1.045058e-01 1.000000e-01 1.597519e+00 -0.995745 0.005719 0.024343 0.930839 0.029651 0.005192 0.995745 -0.006295 -0.029717 -0.930339 0.000000 
1.050000e-01 1.003090e-01 9.749828e-02 1.045058e-01 1.000000e-01 1.597519e+00 -0.995745 0.005719 0.024343 0.930839 0.029651 0.005192 0.995745 -0.006295 -0.029717 -0.930339 0.000000 
1.050000e-01 1.003090e-01 9.749828e-02 1.045058e-01 1.000000e-01 1.597519e+00 -0.995745 0.005719 0.024343 0.930839 0.029651 0.005192 0.995745 -0.006295 -0.029717 -0.930339 0.000000 
1.050000e-01 1.003090e-01 9.749828e-02 1.045058e-01 1.000000e-01 1.597519e+00 -0.995745 0.005719 0.024343 0.930839 0.029651 0.005192 0.995745 -0.006295 -0.029717 -0.930339 0.000000 
1.050000e-01 1.003090e-01 9.749828e-02 1.045058e-01 1.000000e-01 1.597519e+00 -0.995745 0.005719 0.024343 0.930839 0.029651 0.005192 0.995745 -0.006295 -0.029717 -0.930339 0.000000 
1.050000e-01 1.003090e-01 9.749828e-02 1.045058e-01 1.000000e-01 1.597519e+00 -0.995745 0.005719 0.024343 0.930839 0.029651 0.005192 0.995745 -0.006295 -0.029717 -0.930339 0.000000 
1.050000e-01 1.003090e-01 9.749828e-02 1.045058e-01 1.000000e-01 1.597519e+00 -0.995745 0.005719 0.024343 0.930839 0.029651 0.005192 0.995745 -0.006295 -0.029717 -0.930339 0.000000 
1.050000e-01 1.003090e-01 9.749828e-02 1.045058e-01 1.000000e-01 1.597519e+00 -0.995745 0.005719 0.024343 0.930839 0.029651 0.005192 0.995745 -0.006295 -0.029717 -0.930339 0.000000 
1.050000e-01 1.003090e-01 9.749828e-02 1.045058e-01 1.000000e-01 1.597519e+00 -0.995745 0.005719 0.024343 0.930839 0.029651 0.005192 0.995745 -0.006295 -0.029717 -0.930339 0.000000 
1.050000e-01 1.003090e-01 9.749828e-02 1.045058e-01 1.000000e-01 1.597519e+00 -0.995745 0.005719 0.024343 0.930839 0.029651 0.005192 0.995745 -0.006295 -0.029717 -0.930339 0.000000 
1.050000e-01 1.003090e-01 9.749828e-02 1.045058e-01 1.000000e-01 1.597519e+00 -0.995745 0.005719 0.024343 0.930839 0.029651 0.005192 0.995745 -0.006295 -0.029717 -0.930339 0.000000 
1.050000e-01 1.003090e-01 9.749828e-02 1.045058e-01 1.000000e-01 1.597519e+00 -0.995745 0.005719 0.024343 0.930839 0.029651 0.005192 0.995745 -0.006295 -0.029717 -0.930339 0.000000 
1.050000e-01 1.003090e-01 9.749828e-02 1.045058e-01 1.000000e-01 1.597519e+00 -0.995745 0.005719 0.024343 0.930839 0.029651 0.005192 0.995745 -0.006295 -0.029717 -0.930339 0.000000 
1.050000e-01 1.003090e-01 9.749828e-02 1.045058e-01 1.000000e-01 1.597519e+00 -0.995745 0.005719 0.024343 0.930839 0.029651 0.005192 0.995745 -0.006295 -0.029717 -0.930339 0.000000 
1.050000e-01 1.003090e-01 9.749828e-02 1.045058e-01 1.000000e-01 1.597519e+00 -0.995745 0.005719 0.024343 0.930839 0.029651 0.005192 0.995745 -0.006295 -0.029717 -0.930339 0.000000 
1.050000e-01 1.003090e-01 9.749828e-02 1.045058e-01 1.000000e-01 1.597519e+00 -0.995745 0.005719 0.024343 0.930839 0.029651 0.005192 0.995745 -0.006295 -0.029717 -0.930339 0.000000 
1.050000e-01 1.003090e-01 9.749828e-02 1.045058e-01 1.000000e-01 1.597519e+00 -0.995745 0.005719 0.024343 0.930839 0.029651 0.005192 0.995745 -0.006295 -0.029717 -0.930339 0.000000 
1.050000e-01 1.003090e-01 9.749828e-02 1.045058e-01 1.000000e-01 1.597519e+00 -0.995745 0.005719 0.024343 0.930839 0.029651 0.005192 0.995745 -0.006295 -0.029717 -0.930339 0.000000 
1.050000e-01 1.003090e-01 9.749828e-02 1.045058e-01 1.000000e-01 1.597519e+00 -0.995745 0.005719 0.024343 0.930839 0.029651 0.005192 0.995745 -0.006295 -0.029717 -0.930339 0.000000 
1.050000e-01 1.003090e-01 9.749828e-02 1.045058e-01 1.000000e-01 1.597519e+00 -0.995745 0.005719 0.024343 0.930839 0.029651 0.005192 0.995745 -0.006295 -0.029717 -0.930339 0.000000 
1.050000e-01 1.003090e-01 9.749828e-02 1.045058e-01 1.000000e-01 1.597519e+00 -0.995745 0.005719 0.024343 0.930839 0.029651 0.005192 0.995745 -0.006295 -0.029717 -0.930339 0.000000 
1.050000e-01 1.003090e-01 9.749828e-02 1.045058e-01 1.000000e-01 1.597519e+00 -0.995745 0.005719 0.024343 0.930839 0.029651 0.005192 0.995745 -0.006295 -0.029717 -0.930339 0.000000 
1.050000e-01 1.003090e-01 9.749828e-02 1.045058e-01 1.000000e-01 1.597519e+00 -0.995745 0.005719 0.024343 0.930839 0.029651 0.005192 0.995745 -0.006295 -0.029717 -0.930339 0.000000 
1.050000e-01 1.003090e-01 9.749828e-02 1.045058e-01 1.000000e-01 1.597519e+00 -0.995745 0.005719 0.024343 0.930839 0.029651 0.005192 0.995745 -0.006295 -0.029717 -0.930339 0.000000 
1.050000e-01 1.003090e-01 9.749828e-02 1.045058e-01 1.000000e-01 1.597519e+00 -0.995745 0.005719 0.024343 0.930839 0.029651 0.005192 0.995745 -0.006295 -0.029717 -0.930339 0.000000 
1.050000e-01 1.003090e-01 9.749828e-02 1.045058e-01 1.000000e-01 1.597519e+00 -0.995745 0.005719 0.024343 0.930839 0.029651 0.005192 0.995745 -0.006295 -0.029717 -0.930339 0.000000 
1.050000e-01 1.003090e-01 9.749828e-02 1.045058e-01 1.000000e-01 1.597519e+00 -0.995745 0.005719 0.024343 0.930839 0.029651 0.005192 0.995745 -0.006295 -0.029717 -0.930339 0.000000 
1.050000e-01 1.003090e-01 9.749828e-02 1.045058e-01 1.000000e-01 1.597519e+00 -0.995745 0.005719 0.024343 0.930839 0.029651 0.005192 0.995745 -0.006295 -0.029717 -0.930339 0.000000 
1.050000e-01 1.003090e-01 9.749828e-02 1.045058e-01 1.000000e-01 1.597519e+00 -0.995745 0.005719 0.024343 0.930839 0.029651 0.005192 0.995745 -0.006295 -0.029717 -0.930339 0.000000 
1.050000e-01 1.003090e-01 9.749828e-02 1.045058e-01 1.000000e-01 1.597519e+00 -0.995745 0.005719 0.024343 0.930839 0.029651 0.005192 0.995745 -0.006295 -0.029717 -0.930339 0.000000 
1.050000e-01 1.003090e-01 9.749828e-02 1.045058e-01 1.000000e-01 1.597519e+00 -0.995745 0.005719 0.024343 0.930839 0.029651 0.005192 0.995745 -0.006295 -0.029717 -0.930339 0.000000 
1.050000e-01 1.003090e-01 9.749828e-02 1.045058e-01 1.000000e-01 1.597519e+00 -0.995745 0.005719 0.024343 0.930839 0.029651 0.005192 0.995745 -0.006295 -0.029717 -0.930339 0.000000 
1.050000e-01 1.003090e-01 9.749828e-02 1.045058e-01 1.000000e-01 1.597519e+00 -0.995745 0.005719 0.024343 0.930839 0.029651 0.005192 0.995745 -0.006295 -0.029717 -0.930339 0.000000 
1.050000e-01 1.003090e-01 9.749828e-02 1.045058e-01 1.000000e-01 1.597519e+00 -0.995745 0.005719 0.024343 0.930839 0.029651 0.005192 0.995745 -0.006295 -0.029717 -0.930339 0.000000 
1.050000e-01 1.003090e-01 9.749828e-02 1.045058e-01 1.000000e-01 1.597519e+00 -0.995745 0.005719 0.024343 0.930839 0.029651 0.005192 0.995745 -0.006295 -0.029717 -0.930339 0.000000 
1.050000e-01 1.003090e-01 9.749828e-02 1.045058e-01 1.000000e-01 1.597519e+00 -0.995745 0.005719 0.024343 0.930839 0.029651 0.005192 0.995745 -0.006295 -0.029717 -0.930339 0.000000 
1.050000e-01 1.003090e-01 9.749828e-02 1.045058e-01 1.000000e-01 1.597519e+00 -0.995745 0.005719 0.024343 0.930839 0.029651 0.005192 0.995745 -0.006295 -0.029717 -0.930339 0.000000 
1.050000e-01 1.003090e-01 9.749828e-02 1.045058e-01 1.000000e-01 1.597519e+00 -0.995745 0.005719 0.024343 0.930839 0.029651 0.005192 0.995745 -0.006295 -0.029717 -0.930339 0.000000 
1.050000e-01 1.003090e-01 9.749828e-02 1.045058e-01 1.000000e-01 1.597519e+00 -0.995745 0.005719 0.024343 0.930839 0.029651 0.005192 0.995745 -0.006295 -0.029717 -0.930339 0.000000 
1.050000e-01 1.003090e-01 9.749828e-02 1.045058e-01 1.000000e-01 1.597519e+00 -0.995745 0.005719 0.024343 0.930839 0.029651 0.005192 0.995745 -0.006295 -0.029717 -0.930339 0.000000 
1.050000e-01 1.003090e-01 9.749828e-02 1.045058e-01 1.000000e-01 1.597519e+00 -0.995745 0.005719 0.024343 0.930839 0.029651 0.005192 0.995745 -0.006295 -0.029717 -0.930339 0.000000 
1.050000e-01 1.003090e-01 9.749828e-02 1.045058e-01 1.000000e-01 1.597519e+00 -0.995745 0.005719 0.024343 0.930839 0.029651 0.005192 0.995745 -0.006295 -0.029717 -0.930339 0.000000 
1.050000e-01 1.003090e-01 9.749828e-02 1.045058e-01 1.000000e-01 1.597519e+00 -0.995745 0.005719 0.024343 0.930839 0.029651 0.005192 0.995745 -0.006295 -0.029717 -0.930339 0.000000 
1.050000e-01 1.003090e-01 9.749828e-02 1.045058e-01 1.000000e-01 1.597519e+00 -0.995745 0.005719 0.024343 0.930839 0.029651 0.005192 0.995745 -0.006295 -0.029717 -0.930339 0.000000 
1.050000e-01 1.003090e-01 9.749828e-02 1.045058e-01 1.000000e-01 1.597519e+00 -0.995745 0.005719 0.024343 0.930839 0.029651 0.005192 0.995745 -0.006295 -0.029717 -0.930339 0.000000 
1.050000e-01 1.003090e-01 9.749828e-02 1.045058e-01 1.000000e-01 1.597519e+00 -0.995745 0.005719 0.024343 0.930839 0.029651 0.005192 0.995745 -0.006295 -0.029717 -0.930339 0.000000 
1.050000e-01 1.003090e-01 9.749828e-02 1.045058e-01 1.000000e-01 1.597519e+00 -0.995745 0.005719 0.024343 0.930839 0.029651 0.005192 0.995745 -0.006295 -0.029717 -0.930339 0.000000 
1.050000e-01 1.003090e-01 9.749828e-02 1.045058e-01 1.000000e-01 1.597519e+00 -0.995745 0.005719 0.024343 0.930839 0.029651 0.005192 0.995745 -0.006295 -0.029717 -0.930339 0.000000 
1.050000e-01 1.003090e-01 9.749828e-02 1.045058e-01 1.000000e-01 1.597519e+00 -0.995745 0.005719 0.024343 0.930839 0.029651 0.005192 0.995745 -0.006295 -0.029717 -0.930339 0.000000 
1.050000e-01 1.003090e-01 9.749828e-02 1.045058e-01 1.000000e-01 1.597519e+00 -0.995745 0.005719 0.024343 0.930839 0.029651 0.005192 0.995745 -0.006295 -0.029717 -0.930339 0.000000 
1.050000e-01 1.003090e-01 9.749828e-02 1.045058e-01 1.000000e-01 1.597519e+00 -0.995745 0.005719 0.024343 0.930839 0.029651 0.005192 0.995745 -0.006295 -0.029717 -0.930339 0.000000 
1.050000e-01 1.003090e-01 9.749828e-02 1.045058e-01 1.000000e-01 1.597519e+00 -0.995745 0.005719 0.024343 0.930839 0.029651 0.005192 0.995745 -0.006295 -0.029717 -0.930339 0.000000 
1.050000e-01 1.003090e-01 9.749828e-02 1.045058e-01 1.000000e-01 1.597519e+00 -0.995745 0.005719 0.024343 0.930839 0.029651 0.005192 0.995745 -0.006295 -0.029717 -0.930339 0.000000 
1.050000e-01 1.003090e-01 9.749828e-02 1.045058e-01 1.000000e-01 1.597519e+00 -0.995745 0.005719 0.024343 0.930839 0.029651 0.005192 0.995745 -0.006295 -0.029717 -0.930339 0.000000 
1.050000e-01 1.003090e-01 9.749828e-02 1.045058e-01 1.000000e-01 1.597519e+00 -0.995745 0.005719 0.024343 0.930839 0.029651 0.005192 0.995745 -0.006295 -0.029717 -0.930339 0.000000 
1.050000e-01 1.003090e-01 9.749828e-02 1.045058e-01 1.000000e-01 1.597519e+00 -0.995745 0.005719 0.024343 0.930839 0.029651 0.005192 0.995745 -0.006295 -0.029717 -0.930339 0.000000 
1.050000e-01 1.003090e-01 9.749828e-02 1.045058e-01 1.000000e-01 1.597519e+00 -0.995745 0.005719 0.024343 0.930839 0.029651 0.005192 0.995745 -0.006295 -0.029717 -0.930339 0.000000 
1.050000e-01 1.003090e-01 9.749828e-02 1.045058e-01 1.000000e-01 1.597519e+00 -0.995745 0.005719 0.024343 0.930839 0.029651 0.005192 0.995745 -0.006295 -0.029717 -0.930339 0.000000 
1.050000e-01 1.003090e-01 9.749828e-02 1.045058e-01 1.000000e-01 1.597519e+00 -0.995745 0.005719 0.024343 0.930839 0.029651 0.005192 0.995745 -0.006295 -0.029717 -0.930339 0.000000 
1.050000e-01 1.003090e-01 9.749828e-02 1.045058e-01 1.000000e-01 1.597519e+00 -0.995745 0.005719 0.024343 0.930839 0.029651 0.005192 0.995745 -0.006295 -0.029717 -0.930339 0.000000 
1.050000e-01 1.003090e-01 9.749828e-02 1.045058e-01 1.000000e-01 1.597519e+00 -0.995745 0.005719 0.024343 0.930839 0.029651 0.005192 0.995745 -0.006295 -0.029717 -0.930339 0.000000 
1.050000e-01 1.003090e-01 9.749828e-02 1.045058e-01 1.000000e-01 1.597519e+00 -0.995745 0.005719 0.024343 0.930839 0.029651 0.005192 0.995745 -0.006295 -0.029717 -0.930339 0.000000 
1.050000e-01 1.003090e-01 9.749828e-02 1.045058e-01 1.000000e-01 1.597519e+00 -0.995745 0.005719 0.024343 0.930839 0.029651 0.005192 0.995745 -0.006295 -0.029717 -0.930339 0.000000 
1.050000e-01 1.003090e-01 9.749828e-02 1.045058e-01 1.000000e-01 1.597519e+00 -0.995745 0.005719 0.024343 0.930839 0.029651 0.005192 0.995745 -0.006295 -0.029717 -0.930339 0.000000 
1.050000e-01 1.003090e-01 9.749828e-02 1.045058e-01 1.000000e-01 1.597519e+00 -0.995745 0.005719 0.024343 0.930839 0.029651 0.005192 0.995745 -0.006295 -0.029717 -0.930339 0.000000 
1.050000e-01 1.003090e-01 9.749828e-02 1.045058e-01 1.000000e-01 1.597519e+00 -0.995745 0.005719 0.024343 0.930839 0.029651 0.005192 0.995745 -0.006295 -0.029717 -0.930339 0.000000 
1.050000e-01 1.003090e-01 9.749828e-02 1.045058e-01 1.000000e-01 1.597519e+00 -0.995745 0.005719 0.024343 0.930839 0.029651 0.005192 0.995745 -0.006295 -0.029717 -0.930339 0.000000 
1.050000e-01 1.003090e-01 9.749828e-02 1.045058e-01 1.000000e-01 1.597519e+00 -0.995745 0.005719 0.024343 0.930839 0.029651 0.005192 0.995745 -0.006295 -0.029717 -0.930339 0.000000 
1.050000e-01 1.003090e-01 9.749828e-02 1.045058e-01 1.000000e-01 1.597519e+00 -0.995745 0.005719 0.024343 0.930839 0.029651 0.005192 0.995745 -0.006295 -0.029717 -0.930339 0.000000 
1.050000e-01 1.003090e-01 9.749828e-02 1.045058e-01 1.000000e-01 1.597519e+00 -0.995745 0.005719 0.024343 0.930839 0.029651 0.005192 0.995745 -0.006295 -0.029717 -0.930339 0.000000 
1.050000e-01 1.003090e-01 9.749828e-02 1.045058e-01 1.000000e-01 1.597519e+00 -0.995745 0.005719 0.024343 0.930839 0.029651 0.005192 0.995745 -0.006295 -0.029717 -0.930339 0.000000 
1.050000e-01 1.003090e-01 9.749828e-02 1.045058e-01 1.000000e-01 1.597519e+00 -0.995745 0.005719 0.024343 0.930839 0.029651 0.005192 0.995745 -0.006295 -0.029717 -0.930339 0.000000 
1.050000e-01 1.003090e-01 9.749828e-02 1.045058e-01 1.000000e-01 1.597519e+00 -0.995745 0.005719 0.024343 0.930839 0.029651 0.005192 0.995745 -0.006295 -0.029717 -0.930339 0.000000 
1.050000e-01 1.003090e-01 9.749828e-02 1.045058e-01 1.000000e-01 1.597519e+00 -0.995745 0.005719 0.024343 0.930839 0.029651 0.005192 0.995745 -0.006295 -0.029717 -0.930339 0.000000 
1.050000e-01 1.003090e-01 9.749828e-02 1.045058e-01 1.000000e-01 1.597519e+00 -0.995745 0.005719 0.024343 0.930839 0.029651 0.005192 0.995745 -0.006295 -0.029717 -0.930339 0.000000 
1.050000e-01 1.003090e-01 9.749828e-02 1.045058e-01 1.000000e-01 1.597519e+00 -0.995745 0.005719 0.024343 0.930839 0.029651 0.005192 0.995745 -0.006295 -0.029717 -0.930339 0.000000 
1.050000e-01 1.003090e-01 9.749828e-02 1.045058e-01 1.000000e-01 1.597519e+00 -0.995745 0.005719 0.024343 0.930839 0.029651 0.005192 0.995745 -0.006295 -0.029717 -0.930339 0.000000 
1.050000e-01 1.003090e-01 9.749828e-02 1.045058e-01 1.000000e-01 1.597519e+00 -0.995745 0.005719 0.024343 0.930839 0.029651 0.005192 0.995745 -0.006295 -0.029717 -0.930339 0.000000 
1.050000e-01 1.003090e-01 9.749828e-02 1.045058e-01 1.000000e-01 1.597519e+00 -0.995745 0.005719 0.024343 0.930839 0.029651 0.005192 0.995745 -0.006295 -0.029717 -0.930339 0.000000 
1.050000e-01 1.003090e-01 9.749828e-02 1.045058e-01 1.000000e-01 1.597519e+00 -0.995745 0.005719 0.024343 0.930839 0.029651 0.005192 0.995745 -0.006295 -0.029717 -0.930339 0.000000 
1.050000e-01 1.003090e-01 9.749828e-02 1.045058e-01 1.000000e-01 1.597519e+00 -0.995745 0.005719 0.024343 0.930839 0.029651 0.005192 0.995745 -0.006295 -0.029717 -0.930339 0.000000 
1.050000e-01 1.003090e-01 9.749828e-02 1.045058e-01 1.000000e-01 1.597519e+00 -0.995745 0.005719 0.024343 0.930839 0.029651 0.005192 0.995745 -0.006295 -0.029717 -0.930339 0.000000 
1.050000e-01 1.003090e-01 9.749828e-02 1.045058e-01 1.000000e-01 1.597519e+00 -0.995745 0.005719 0.024343 0.930839 0.029651 0.005192 0.995745 -0.006295 -0.029717 -0.930339 0.000000 
1.050000e-01 1.003090e-01 9.749828e-02 1.045058e-01 1.000000e-01 1.597519e+00 -0.995745 0.005719 0.024343 0.930839 0.029651 0.005192 0.995745 -0.006295 -0.029717 -0.930339 0.000000 
1.050000e-01 1.003090e-01 9.749828e-02 1.045058e-01 1.000000e-01 1.597519e+00 -0.995745 0.005719 0.024343 0.930839 0.029651 0.005192 0.995745 -0.006295 -0.029717 -0.930339 0.000000 
1.050000e-01 1.003090e-01 9.749828e-02 1.045058e-01 1.000000e-01 1.597519e+00 -0.995745 0.005719 0.024343 0.930839 0.029651 0.005192 0.995745 -0.006295 -0.029717 -0.930339 0.000000 
1.050000e-01 1.003090e-01 9.749828e-02 1.045058e-01 1.000000e-01 1.597519e+00 -0.995745 0.005719 0.024343 0.930839 0.029651 0.005192 0.995745 -0.006295 -0.029717 -0.930339 0.000000 
1.050000e-01 1.003090e-01 9.749828e-02 1.045058e-01 1.000000e-01 1.597519e+00 -0.995745 0.005719 0.024343 0.930839 0.029651 0.005192 0.995745 -0.006295 -0.029717 -0.930339 0.000000 
1.050000e-01 1.003090e-01 9.749828e-02 1.045058e-01 1.000000e-01 1.597519e+00 -0.995745 0.005719 0.024343 0.930839 0.029651 0.005192 0.995745 -0.006295 -0.029717 -0.930339 0.000000 
1.050000e-01 1.003090e-01 9.749828e-02 1.045058e-01 1.000000e-01 1.597519e+00 -0.995745 0.005719 0.024343 0.930839 0.029651 0.005192 0.995745 -0.006295 -0.029717 -0.930339 0.000000 
1.050000e-01 1.003090e-01 9.749828e-02 1.045058e-01 1.000000e-01 1.597519e+00 -0.995745 0.005719 0.024343 0.930839 0.029651 0.005192 0.995745 -0.006295 -0.029717 -0.930339 0.000000 
1.050000e-01 1.003090e-01 9.749828e-02 1.045058e-01 1.000000e-01 1.597519e+00 -0.995745 0.005719 0.024343 0.930839 0.029651 0.005192 0.995745 -0.006295 -0.029717 -0.930339 0.000000 
1.050000e-01 1.003090e-01 9.749828e-02 1.045058e-01 1.000000e-01 1.597519e+00 -0.995745 0.005719 0.024343 0.930839 0.029651 0.005192 0.995745 -0.006295 -0.029717 -0.930339 0.000000 
1.050000e-01 1.003090e-01 9.749828e-02 1.045058e-01 1.000000e-01 1.597519e+00 -0.995745 0.005719 0.024343 0.930839 0.029651 0.005192 0.995745 -0.006295 -0.029717 -0.930339 0.000000 
1.050000e-01 1.003090e-01 9.749828e-02 1.045058e-01 1.000000e-01 1.597519e+00 -0.995745 0.005719 0.024343 0.930839 0.029651 0.005192 0.995745 -0.006295 -0.029717 -0.930339 0.000000 
1.050000e-01 1.003090e-01 9.749828e-02 1.045058e-01 1.000000e-01 1.597519e+00 -0.995745 0.005719 0.024343 0.930839 0.029651 0.005192 0.995745 -0.006295 -0.029717 -0.930339 0.000000 
1.050000e-01 1.003090e-01 9.749828e-02 1.045058e-01 1.000000e-01 1.597519e+00 -0.995745 0.005719 0.024343 0.930839 0.029651 0.005192 0.995745 -0.006295 -0.029717 -0.930339 0.000000 
1.050000e-01 1.003090e-01 9.749828e-02 1.045058e-01 1.000000e-01 1.597519e+00 -0.995745 0.005719 0.024343 0.930839 0.029651 0.005192 0.995745 -0.006295 -0.029717 -0.930339 0.000000 
1.050000e-01 1.003090e-01 9.749828e-02 1.045058e-01 1.000000e-01 1.597519e+00 -0.995745 0.005719 0.024343 0.930839 0.029651 0.005192 0.995745 -0.006295 -0.029717 -0.930339 0.000000 
1.050000e-01 1.003090e-01 9.749828e-02 1.045058e-01 1.000000e-01 1.597519e+00 -0.995745 0.005719 0.024343 0.930839 0.029651 0.005192 0.995745 -0.006295 -0.029717 -0.930339 0.000000 
1.050000e-01 1.003090e-01 9.749828e-02 1.045058e-01 1.000000e-01 1.597519e+00 -0.995745 0.005719 0.024343 0.930839 0.029651 0.005192 0.995745 -0.006295 -0.029717 -0.930339 0.000000 
1.050000e-01 1.003090e-01 9.749828e-02 1.045058e-01 1.000000e-01 1.597519e+00 -0.995745 0.005719 0.024343 0.930839 0.029651 0.005192 0.995745 -0.006295 -0.029717 -0.930339 0.000000 
1.050000e-01 1.003090e-01 9.749828e-02 1.045058e-01 1.000000e-01 1.597519e+00 -0.995745 0.005719 0.024343 0.930839 0.029651 0.005192 0.995745 -0.006295 -0.029717 -0.930339 0.000000 
1.050000e-01 1.003090e-01 9.749828e-02 1.045058e-01 1.000000e-01 1.597519e+00 -0.995745 0.005719 0.024343 0.930839 0.029651 0.005192 0.995745 -0.006295 -0.029717 -0.930339 0.000000 
1.050000e-01 1.003090e-01 9.749828e-02 1.045058e-01 1.000000e-01 1.597519e+00 -0.995745 0.005719 0.024343 0.930839 0.029651 0.005192 0.995745 -0.006295 -0.029717 -0.930339 0.000000 
1.050000e-01 1.003090e-01 9.749828e-02 1.045058e-01 1.000000e-01 1.597519e+00 -0.995745 0.005719 0.024343 0.930839 0.029651 0.005192 0.995745 -0.006295 -0.029717 -0.930339 0.000000 
1.050000e-01 1.003090e-01 9.749828e-02 1.045058e-01 1.000000e-01 1.597519e+00 -0.995745 0.005719 0.024343 0.930839 0.029651 0.005192 0.995745 -0.006295 -0.029717 -0.930339 0.000000 
1.050000e-01 1.003090e-01 9.749828e-02 1.045058e-01 1.000000e-01 1.597519e+00 -0.995745 0.005719 0.024343 0.930839 0.029651 0.005192 0.995745 -0.006295 -0.029717 -0.930339 0.000000 
1.050000e-01 1.003090e-01 9.749828e-02 1.045058e-01 1.000000e-01 1.597519e+00 -0.995745 0.005719 0.024343 0.930839 0.029651 0.005192 0.995745 -0.006295 -0.029717 -0.930339 0.000000 
1.050000e-01 1.003090e-01 9.749828e-02 1.045058e-01 1.000000e-01 1.597519e+00 -0.995745 0.005719 0.024343 0.930839 0.029651 0.005192 0.995745 -0.006295 -0.029717 -0.930339 0.000000 
1.050000e-01 1.003090e-01 9.749828e-02 1.045058e-01 1.000000e-01 1.597519e+00 -0.995745 0.005719 0.024343 0.930839 0.029651 0.005192 0.995745 -0.006295 -0.029717 -0.930339 0.000000 
1.050000e-01 1.003090e-01 9.749828e-02 1.045058e-01 1.000000e-01 1.597519e+00 -0.995745 0.005719 0.024343 0.930839 0.029651 0.005192 0.995745 -0.006295 -0.029717 -0.930339 0.000000 
1.050000e-01 1.003090e-01 9.749828e-02 1.045058e-01 1.000000e-01 1.597519e+00 -0.995745 0.005719 0.024343 0.930839 0.029651 0.005192 0.995745 -0.006295 -0.029717 -0.930339 0.000000 
1.050000e-01 1.003090e-01 9.749828e-02 1.045058e-01 1.000000e-01 1.597519e+00 -0.995745 0.005719 0.024343 0.930839 0.029651 0.005192 0.995745 -0.006295 -0.029717 -0.930339 0.000000 
1.050000e-01 1.003090e-01 9.749828e-02 1.045058e-01 1.000000e-01 1.597519e+00 -0.995745 0.005719 0.024343 0.930839 0.029651 0.005192 0.995745 -0.006295 -0.029717 -0.930339 0.000000 
1.050000e-01 1.003090e-01 9.749828e-02 1.045058e-01 1.000000e-01 1.597519e+00 -0.995745 0.005719 0.024343 0.930839 0.029651 0.005192 0.995745 -0.006295 -0.029717 -0.930339 0.000000 
1.050000e-01 1.003090e-01 9.749828e-02 1.045058e-01 1.000000e-01 1.597519e+00 -0.995745 0.005719 0.024343 0.930839 0.029651 0.005192 0.995745 -0.006295 -0.029717 -0.930339 0.000000 
1.050000e-01 1.003090e-01 9.749828e-02 1.045058e-01 1.000000e-01 1.597519e+00 -0.995745 0.005719 0.024343 0.930839 0.029651 0.005192 0.995745 -0.006295 -0.029717 -0.930339 0.000000 
1.050000e-01 1.003090e-01 9.749828e-02 1.045058e-01 1.000000e-01 1.597519e+00 -0.995745 0.005719 0.024343 0.930839 0.029651 0.005192 0.995745 -0.006295 -0.029717 -0.930339 0.000000 
1.050000e-01 1.003090e-01 9.749828e-02 1.045058e-01 1.000000e-01 1.597519e+00 -0.995745 0.005719 0.024343 0.930839 0.029651 0.005192 0.995745 -0.006295 -0.029717 -0.930339 0.000000 
1.050000e-01 1.003090e-01 9.749828e-02 1.045058e-01 1.000000e-01 1.597519e+00 -0.995745 0.005719 0.024343 0.930839 0.029651 0.005192 0.995745 -0.006295 -0.029717 -0.930339 0.000000 
1.050000e-01 1.003090e-01 9.749828e-02 1.045058e-01 1.000000e-01 1.597519e+00 -0.995745 0.005719 0.024343 0.930839 0.029651 0.005192 0.995745 -0.006295 -0.029717 -0.930339 0.000000 
1.050000e-01 1.003090e-01 9.749828e-02 1.045058e-01 1.000000e-01 1.597519e+00 -0.995745 0.005719 0.024343 0.930839 0.029651 0.005192 0.995745 -0.006295 -0.029717 -0.930339 0.000000 
1.050000e-01 1.003090e-01 9.749828e-02 1.045058e-01 1.000000e-01 1.597519e+00 -0.995745 0.005719 0.024343 0.930839 0.029651 0.005192 0.995745 -0.006295 -0.029717 -0.930339 0.000000 
1.050000e-01 1.003090e-01 9.749828e-02 1.045058e-01 1.000000e-01 1.597519e+00 -0.995745 0.005719 0.024343 0.930839 0.029651 0.005192 0.995745 -0.006295 -0.029717 -0.930339 0.000000 
1.050000e-01 1.003090e-01 9.749828e-02 1.045058e-01 1.000000e-01 1.597519e+00 -0.995745 0.005719 0.024343 0.930839 0.029651 0.005192 0.995745 -0.006295 -0.029717 -0.930339 0.000000 
1.050000e-01 1.003090e-01 9.749828e-02 1.045058e-01 1.000000e-01 1.597519e+00 -0.995745 0.005719 0.024343 0.930839 0.029651 0.005192 0.995745 -0.006295 -0.029717 -0.930339 0.000000 
1.050000e-01 1.003090e-01 9.749828e-02 1.045058e-01 1.000000e-01 1.597519e+00 -0.995745 0.005719 0.024343 0.930839 0.029651 0.005192 0.995745 -0.006295 -0.029717 -0.930339 0.000000 
1.050000e-01 1.003090e-01 9.749828e-02 1.045058e-01 1.000000e-01 1.597519e+00 -0.995745 0.005719 0.024343 0.930839 0.029651 0.005192 0.995745 -0.006295 -0.029717 -0.930339 0.000000 
1.050000e-01 1.003090e-01 9.749828e-02 1.045058e-01 1.000000e-01 1.597519e+00 -0.995745 0.005719 0.024343 0.930839 0.029651 0.005192 0.995745 -0.006295 -0.029717 -0.930339 0.000000 
1.050000e-01 1.003090e-01 9.749828e-02 1.045058e-01 1.000000e-01 1.597519e+00 -0.995745 0.005719 0.024343 0.930839 0.029651 0.005192 0.995745 -0.006295 -0.029717 -0.930339 0.000000 
1.050000e-01 1.003090e-01 9.749828e-02 1.045058e-01 1.000000e-01 1.597519e+00 -0.995745 0.005719 0.024343 0.930839 0.029651 0.005192 0.995745 -0.006295 -0.029717 -0.930339 0.000000 
1.050000e-01 1.003090e-01 9.749828e-02 1.045058e-01 1.000000e-01 1.597519e+00 -0.995745 0.005719 0.024343 0.930839 0.029651 0.005192 0.995745 -0.006295 -0.029717 -0.930339 0.000000 
1.050000e-01 1.003090e-01 9.749828e-02 1.045058e-01 1.000000e-01 1.597519e+00 -0.995745 0.005719 0.024343 0.930839 0.029651 0.005192 0.995745 -0.006295 -0.029717 -0.930339 0.000000 
1.050000e-01 1.003090e-01 9.749828e-02 1.045058e-01 1.000000e-01 1.597519e+00 -0.995745 0.005719 0.024343 0.930839 0.029651 0.005192 0.995745 -0.006295 -0.029717 -0.930339 0.000000 
1.050000e-01 1.003090e-01 9.749828e-02 1.045058e-01 1.000000e-01 1.597519e+00 -0.995745 0.005719 0.024343 0.930839 0.029651 0.005192 0.995745 -0.006295 -0.029717 -0.930339 0.000000 
1.050000e-01 1.003090e-01 9.749828e-02 1.045058e-01 1.000000e-01 1.597519e+00 -0.995745 0.005719 0.024343 0.930839 0.029651 0.005192 0.995745 -0.006295 -0.029717 -0.930339 0.000000 
1.050000e-01 1.003090e-01 9.749828e-02 1.045058e-01 1.000000e-01 1.597519e+00 -0.995745 0.005719 0.024343 0.930839 0.029651 0.005192 0.995745 -0.006295 -0.029717 -0.930339 0.000000 
1.050000e-01 1.003090e-01 9.749828e-02 1.045058e-01 1.000000e-01 1.597519e+00 -0.995745 0.005719 0.024343 0.930839 0.029651 0.005192 0.995745 -0.006295 -0.029717 -0.930339 0.000000 
1.050000e-01 1.003090e-01 9.749828e-02 1.045058e-01 1.000000e-01 1.597519e+00 -0.995745 0.005719 0.024343 0.930839 0.029651 0.005192 0.995745 -0.006295 -0.029717 -0.930339 0.000000 
1.050000e-01 1.003090e-01 9.749828e-02 1.045058e-01 1.000000e-01 1.597519e+00 -0.995745 0.005719 0.024343 0.930839 0.029651 0.005192 0.995745 -0.006295 -0.029717 -0.930339 0.000000 
1.050000e-01 1.003090e-01 9.749828e-02 1.045058e-01 1.000000e-01 1.597519e+00 -0.995745 0.005719 0.024343 0.930839 0.029651 0.005192 0.995745 -0.006295 -0.029717 -0.930339 0.000000 
1.050000e-01 1.003090e-01 9.749828e-02 1.045058e-01 1.000000e-01 1.597519e+00 -0.995745 0.005719 0.024343 0.930839 0.029651 0.005192 0.995745 -0.006295 -0.029717 -0.930339 0.000000 
1.050000e-01 1.003090e-01 9.749828e-02 1.045058e-01 1.000000e-01 1.597519e+00 -0.995745 0.005719 0.024343 0.930839 0.029651 0.005192 0.995745 -0.006295 -0.029717 -0.930339 0.000000 
1.050000e-01 1.003090e-01 9.749828e-02 1.045058e-01 1.000000e-01 1.597519e+00 -0.995745 0.005719 0.024343 0.930839 0.029651 0.005192 0.995745 -0.006295 -0.029717 -0.930339 0.000000 
1.050000e-01 1.003090e-01 9.749828e-02 1.045058e-01 1.000000e-01 1.597519e+00 -0.995745 0.005719 0.024343 0.930839 0.029651 0.005192 0.995745 -0.006295 -0.029717 -0.930339 0.000000 
1.050000e-01 1.003090e-01 9.749828e-02 1.045058e-01 1.000000e-01 1.597519e+00 -0.995745 0.005719 0.024343 0.930839 0.029651 0.005192 0.995745 -0.006295 -0.029717 -0.930339 0.000000 
1.050000e-01 1.003090e-01 9.749828e-02 1.045058e-01 1.000000e-01 1.597519e+00 -0.995745 0.005719 0.024343 0.930839 0.029651 0.005192 0.995745 -0.006295 -0.029717 -0.930339 0.000000 
1.050000e-01 1.003090e-01 9.749828e-02 1.045058e-01 1.000000e-01 1.597519e+00 -0.995745 0.005719 0.024343 0.930839 0.029651 0.005192 0.995745 -0.006295 -0.029717 -0.930339 0.000000 
1.050000e-01 1.003090e-01 9.749828e-02 1.045058e-01 1.000000e-01 1.597519e+00 -0.995745 0.005719 0.024343 0.930839 0.029651 0.005192 0.995745 -0.006295 -0.029717 -0.930339 0.000000 
1.050000e-01 1.003090e-01 9.749828e-02 1.045058e-01 1.000000e-01 1.597519e+00 -0.995745 0.005719 0.024343 0.930839 0.029651 0.005192 0.995745 -0.006295 -0.029717 -0.930339 0.000000 
1.050000e-01 1.003090e-01 9.749828e-02 1.045058e-01 1.000000e-01 1.597519e+00 -0.995745 0.005719 0.024343 0.930839 0.029651 0.005192 0.995745 -0.006295 -0.029717 -0.930339 0.000000 
1.050000e-01 1.003090e-01 9.749828e-02 1.045058e-01 1.000000e-01 1.597519e+00 -0.995745 0.005719 0.024343 0.930839 0.029651 0.005192 0.995745 -0.006295 -0.029717 -0.930339 0.000000 
1.050000e-01 1.003090e-01 9.749828e-02 1.045058e-01 1.000000e-01 1.597519e+00 -0.995745 0.005719 0.024343 0.930839 0.029651 0.005192 0.995745 -0.006295 -0.029717 -0.930339 0.000000 
1.050000e-01 1.003090e-01 9.749828e-02 1.045058e-01 1.000000e-01 1.597519e+00 -0.995745 0.005719 0.024343 0.930839 0.029651 0.005192 0.995745 -0.006295 -0.029717 -0.930339 0.000000 
1.050000e-01 1.003090e-01 9.749828e-02 1.045058e-01 1.000000e-01 1.597519e+00 -0.995745 0.005719 0.024343 0.930839 0.029651 0.005192 0.995745 -0.006295 -0.029717 -0.930339 0.000000 
1.050000e-01 1.003090e-01 9.749828e-02 1.045058e-01 1.000000e-01 1.597519e+00 -0.995745 0.005719 0.024343 0.930839 0.029651 0.005192 0.995745 -0.006295 -0.029717 -0.930339 0.000000 
