# TeX TeY TeZ ThX ThY THZ P1 P2
1.050000e-01 1.000000e-01 2.300000e-01 1.050000e-01 1.000000e-01 2.300000e-01 0.000000 0.000000 0.000000 0.000000 0.000000 0.000000 0.000000 0.000000 0.000000 0.000000 0.000000 
1.050000e-01 9.999514e-02 2.167278e-01 1.049970e-01 1.000000e-01 2.391335e-01 -0.014805 0.001900 0.003801 0.003804 0.003825 0.001474 0.014805 0.000210 -0.003880 -0.008183 0.000000 
1.050000e-01 9.998932e-02 2.034265e-01 1.049943e-01 1.000000e-01 2.482592e-01 -0.029624 0.003802 0.007606 0.007613 0.007654 0.002950 0.029624 0.000977 -0.007730 -0.017647 0.000000 
1.050000e-01 9.998246e-02 1.900959e-01 1.049920e-01 1.000000e-01 2.573771e-01 -0.044458 0.005706 0.011414 0.011425 0.011487 0.004427 0.044458 0.002690 -0.011464 -0.029409 0.000000 
1.050000e-01 9.997458e-02 1.767363e-01 1.049900e-01 1.000000e-01 2.664870e-01 -0.059307 0.007612 0.015226 0.015240 0.015324 0.005905 0.059307 0.005963 -0.014824 -0.045325 0.000000 
1.050000e-01 9.996598e-02 1.633474e-01 1.049883e-01 1.000000e-01 2.755890e-01 -0.074173 0.009520 0.019043 0.019061 0.019165 0.007386 0.074173 0.011452 -0.017199 -0.068044 0.000000 
1.050000e-01 9.995796e-02 1.499280e-01 1.049867e-01 1.000000e-01 2.846830e-01 -0.089059 0.011430 0.022865 0.022886 0.023011 0.008868 0.089059 0.020014 -0.017114 -0.102363 0.000000 
1.050000e-01 9.995599e-02 1.364721e-01 1.049854e-01 1.000000e-01 2.937689e-01 -0.103985 0.013346 0.026697 0.026721 0.026868 0.010354 0.103985 0.032816 -0.010454 -0.158792 0.000000 
1.050000e-01 9.998366e-02 1.229503e-01 1.049843e-01 1.000000e-01 3.028467e-01 -0.119045 0.015279 0.030563 0.030591 0.030759 0.011854 0.119045 0.050684 0.012378 -0.256860 0.000000 
1.050000e-01 1.001222e-01 1.092335e-01 1.049833e-01 1.000000e-01 3.119162e-01 -0.134667 0.017284 0.034574 0.034606 0.034795 0.013409 0.134667 0.074950 0.074728 -0.439823 0.000000 
1.050000e-01 1.003282e-01 9.749774e-02 1.049824e-01 1.000000e-01 3.209776e-01 -0.150003 0.019252 0.038511 0.038547 0.038758 0.014936 0.150003 0.102107 0.187455 -0.712730 0.000000 
1.050000e-01 1.003282e-01 9.749774e-02 1.049816e-01 1.000000e-01 3.300306e-01 -0.155984 0.020020 0.040047 0.040084 0.040303 0.015532 0.155985 0.101377 0.185917 -0.714341 0.000000 
1.050000e-01 1.003282e-01 9.749774e-02 1.049810e-01 1.000000e-01 3.390753e-01 -0.161960 0.020787 0.041581 0.041619 0.041847 0.016127 0.161960 0.100638 0.184381 -0.715932 0.000000 
1.050000e-01 1.003282e-01 9.749774e-02 1.049804e-01 1.000000e-01 3.481115e-01 -0.167930 0.021553 0.043114 0.043154 0.043390 0.016721 0.167930 0.099892 0.182847 -0.717507 0.000000 
1.050000e-01 1.003282e-01 9.749774e-02 1.049799e-01 1.000000e-01 3.571392e-01 -0.173894 0.022318 0.044645 0.044686 0.044931 0.017315 0.173895 0.099142 0.181314 -0.719070 0.000000 
1.050000e-01 1.003282e-01 9.749774e-02 1.049795e-01 1.000000e-01 3.661584e-01 -0.179853 0.023083 0.046175 0.046217 0.046471 0.017908 0.179853 0.098389 0.179783 -0.720625 0.000000 
1.050000e-01 1.003282e-01 9.749774e-02 1.049791e-01 1.000000e-01 3.751689e-01 -0.185806 0.023847 0.047703 0.047747 0.048009 0.018501 0.185807 0.097633 0.178254 -0.722172 0.000000 
1.050000e-01 1.003282e-01 9.749774e-02 1.049787e-01 1.000000e-01 3.841707e-01 -0.191754 0.024610 0.049230 0.049276 0.049546 0.019093 0.191754 0.096877 0.176727 -0.723713 0.000000 
1.050000e-01 1.003282e-01 9.749774e-02 1.049785e-01 1.000000e-01 3.931638e-01 -0.197695 0.025373 0.050755 0.050802 0.051081 0.019685 0.197695 0.096119 0.175201 -0.725249 0.000000 
1.050000e-01 1.003282e-01 9.749774e-02 1.049782e-01 1.000000e-01 4.021481e-01 -0.203631 0.026135 0.052279 0.052328 0.052614 0.020276 0.203631 0.095361 0.173677 -0.726782 0.000000 
1.050000e-01 1.003282e-01 9.749774e-02 1.049780e-01 1.000000e-01 4.111234e-01 -0.209561 0.026896 0.053802 0.053851 0.054147 0.020866 0.209561 0.094602 0.172154 -0.728311 0.000000 
1.050000e-01 1.003282e-01 9.749774e-02 1.049778e-01 1.000000e-01 4.200898e-01 -0.215484 0.027656 0.055322 0.055374 0.055677 0.021456 0.215485 0.093844 0.170633 -0.729837 0.000000 
1.050000e-01 1.003282e-01 9.749774e-02 1.049776e-01 1.000000e-01 4.290471e-01 -0.221402 0.028416 0.056842 0.056894 0.057206 0.022046 0.221403 0.093086 0.169114 -0.731361 0.000000 
1.050000e-01 1.003282e-01 9.749774e-02 1.049775e-01 1.000000e-01 4.379953e-01 -0.227314 0.029174 0.058360 0.058414 0.058734 0.022634 0.227315 0.092329 0.167596 -0.732882 0.000000 
1.050000e-01 1.003282e-01 9.749774e-02 1.049774e-01 1.000000e-01 4.469343e-01 -0.233220 0.029932 0.059876 0.059931 0.060260 0.023222 0.233220 0.091571 0.166080 -0.734402 0.000000 
1.050000e-01 1.003282e-01 9.749774e-02 1.049773e-01 1.000000e-01 4.558641e-01 -0.239120 0.030690 0.061390 0.061447 0.061784 0.023810 0.239120 0.090815 0.164565 -0.735919 0.000000 
1.050000e-01 1.003282e-01 9.749774e-02 1.049772e-01 1.000000e-01 4.647845e-01 -0.245013 0.031446 0.062904 0.062962 0.063307 0.024396 0.245014 0.090059 0.163052 -0.737434 0.000000 
1.050000e-01 1.003282e-01 9.749774e-02 1.049771e-01 1.000000e-01 4.736955e-01 -0.250901 0.032202 0.064415 0.064475 0.064828 0.024983 0.250901 0.089304 0.161541 -0.738948 0.000000 
1.050000e-01 1.003282e-01 9.749774e-02 1.049770e-01 1.000000e-01 4.825971e-01 -0.256782 0.032956 0.065925 0.065986 0.066348 0.025568 0.256782 0.088549 0.160031 -0.740460 0.000000 
1.050000e-01 1.003282e-01 9.749774e-02 1.049770e-01 1.000000e-01 4.914890e-01 -0.262656 0.033710 0.067433 0.067496 0.067865 0.026153 0.262657 0.087795 0.158522 -0.741970 0.000000 
1.050000e-01 1.003282e-01 9.749774e-02 1.049769e-01 1.000000e-01 5.003714e-01 -0.268525 0.034463 0.068940 0.069004 0.069382 0.026738 0.268525 0.087042 0.157016 -0.743478 0.000000 
1.050000e-01 1.003282e-01 9.749774e-02 1.049769e-01 1.000000e-01 5.092440e-01 -0.274387 0.035216 0.070445 0.070510 0.070896 0.027321 0.274387 0.086290 0.155511 -0.744985 0.000000 
1.050000e-01 1.003282e-01 9.749774e-02 1.049768e-01 1.000000e-01 5.181068e-01 -0.280242 0.035967 0.071948 0.072015 0.072409 0.027904 0.280243 0.085539 0.154008 -0.746490 0.000000 
1.050000e-01 1.003282e-01 9.749774e-02 1.049768e-01 1.000000e-01 5.269598e-01 -0.286091 0.036718 0.073450 0.073518 0.073921 0.028487 0.286092 0.084788 0.152506 -0.747993 0.000000 
1.050000e-01 1.003282e-01 9.749774e-02 1.049768e-01 1.000000e-01 5.358027e-01 -0.291934 0.037468 0.074950 0.075019 0.075430 0.029068 0.291934 0.084038 0.151006 -0.749494 0.000000 
1.050000e-01 1.003282e-01 9.749774e-02 1.049767e-01 1.000000e-01 5.446357e-01 -0.297769 0.038217 0.076448 0.076519 0.076938 0.029650 0.297770 0.083289 0.149508 -0.750994 0.000000 
1.050000e-01 1.003282e-01 9.749774e-02 1.049767e-01 1.000000e-01 5.534585e-01 -0.303598 0.038965 0.077944 0.078017 0.078444 0.030230 0.303599 0.082541 0.148011 -0.752492 0.000000 
1.050000e-01 1.003282e-01 9.749774e-02 1.049767e-01 1.000000e-01 5.622711e-01 -0.309421 0.039712 0.079439 0.079513 0.079948 0.030810 0.309421 0.081794 0.146516 -0.753988 0.000000 
1.050000e-01 1.003282e-01 9.749774e-02 1.049767e-01 1.000000e-01 5.710734e-01 -0.315236 0.040459 0.080932 0.081007 0.081451 0.031389 0.315237 0.081048 0.145023 -0.755482 0.000000 
1.050000e-01 1.003282e-01 9.749774e-02 1.049766e-01 1.000000e-01 5.798654e-01 -0.321045 0.041204 0.082423 0.082500 0.082952 0.031967 0.321045 0.080302 0.143532 -0.756975 0.000000 
1.050000e-01 1.003282e-01 9.749774e-02 1.049766e-01 1.000000e-01 5.886468e-01 -0.326846 0.041949 0.083913 0.083991 0.084451 0.032545 0.326847 0.079558 0.142043 -0.758466 0.000000 
1.050000e-01 1.003282e-01 9.749774e-02 1.049766e-01 1.000000e-01 5.974177e-01 -0.332641 0.042692 0.085401 0.085480 0.085948 0.033122 0.332642 0.078814 0.140555 -0.759955 0.000000 
1.050000e-01 1.003282e-01 9.749774e-02 1.049766e-01 1.000000e-01 6.061780e-01 -0.338429 0.043435 0.086887 0.086967 0.087444 0.033698 0.338429 0.078071 0.139069 -0.761442 0.000000 
1.050000e-01 1.003282e-01 9.749774e-02 1.049766e-01 1.000000e-01 6.149275e-01 -0.344210 0.044177 0.088371 0.088453 0.088937 0.034274 0.344210 0.077329 0.137585 -0.762928 0.000000 
1.050000e-01 1.003282e-01 9.749774e-02 1.049766e-01 1.000000e-01 6.236662e-01 -0.349983 0.044918 0.089853 0.089936 0.090429 0.034849 0.349984 0.076588 0.136103 -0.764411 0.000000 
1.050000e-01 1.003282e-01 9.749774e-02 1.049766e-01 1.000000e-01 6.323939e-01 -0.355749 0.045658 0.091333 0.091418 0.091919 0.035423 0.355750 0.075848 0.134622 -0.765893 0.000000 
1.050000e-01 1.003282e-01 9.749774e-02 1.049766e-01 1.000000e-01 6.411107e-01 -0.361508 0.046397 0.092812 0.092898 0.093407 0.035996 0.361509 0.075109 0.133144 -0.767373 0.000000 
1.050000e-01 1.003282e-01 9.749774e-02 1.049766e-01 1.000000e-01 6.498163e-01 -0.367260 0.047135 0.094288 0.094376 0.094893 0.036569 0.367260 0.074371 0.131667 -0.768851 0.000000 
1.050000e-01 1.003282e-01 9.749774e-02 1.049766e-01 1.000000e-01 6.585107e-01 -0.373004 0.047873 0.095763 0.095852 0.096377 0.037141 0.373005 0.073634 0.130192 -0.770327 0.000000 
1.050000e-01 1.003282e-01 9.749774e-02 1.049766e-01 1.000000e-01 6.671938e-01 -0.378741 0.048609 0.097236 0.097326 0.097859 0.037712 0.378741 0.072898 0.128720 -0.771801 0.000000 
1.050000e-01 1.003282e-01 9.749774e-02 1.049766e-01 1.000000e-01 6.758654e-01 -0.384470 0.049344 0.098707 0.098798 0.099340 0.038282 0.384471 0.072162 0.127249 -0.773274 0.000000 
1.050000e-01 1.003282e-01 9.749774e-02 1.049766e-01 1.000000e-01 6.845256e-01 -0.390191 0.050079 0.100176 0.100269 0.100818 0.038852 0.390192 0.071428 0.125780 -0.774744 0.000000 
1.050000e-01 1.003282e-01 9.749774e-02 1.049766e-01 1.000000e-01 6.931742e-01 -0.395905 0.050812 0.101643 0.101737 0.102294 0.039421 0.395906 0.070695 0.124313 -0.776212 0.000000 
1.050000e-01 1.003282e-01 9.749774e-02 1.049766e-01 1.000000e-01 7.018110e-01 -0.401612 0.051544 0.103108 0.103203 0.103769 0.039989 0.401612 0.069962 0.122848 -0.777679 0.000000 
1.050000e-01 1.003282e-01 9.749774e-02 1.049766e-01 1.000000e-01 7.104360e-01 -0.407310 0.052276 0.104571 0.104668 0.105241 0.040557 0.407311 0.069231 0.121385 -0.779143 0.000000 
1.050000e-01 1.003282e-01 9.749774e-02 1.049765e-01 1.000000e-01 7.190491e-01 -0.413000 0.053006 0.106032 0.106130 0.106712 0.041123 0.413001 0.068501 0.119924 -0.780605 0.000000 
1.050000e-01 1.003282e-01 9.749774e-02 1.049765e-01 1.000000e-01 7.276501e-01 -0.418683 0.053735 0.107491 0.107590 0.108180 0.041689 0.418684 0.067771 0.118465 -0.782065 0.000000 
1.050000e-01 1.003282e-01 9.749774e-02 1.049765e-01 1.000000e-01 7.362390e-01 -0.424357 0.054463 0.108947 0.109048 0.109646 0.042254 0.424358 0.067043 0.117008 -0.783524 0.000000 
1.050000e-01 1.003282e-01 9.749774e-02 1.049765e-01 1.000000e-01 7.448157e-01 -0.430024 0.055191 0.110402 0.110504 0.111110 0.042818 0.430024 0.066316 0.115554 -0.784980 0.000000 
1.050000e-01 1.003282e-01 9.749774e-02 1.049765e-01 1.000000e-01 7.533799e-01 -0.435682 0.055917 0.111855 0.111959 0.112572 0.043382 0.435683 0.065590 0.114101 -0.786434 0.000000 
1.050000e-01 1.003282e-01 9.749774e-02 1.049765e-01 1.000000e-01 7.619317e-01 -0.441332 0.056642 0.113305 0.113410 0.114032 0.043944 0.441333 0.064864 0.112650 -0.787886 0.000000 
1.050000e-01 1.003282e-01 9.749774e-02 1.049765e-01 1.000000e-01 7.704709e-01 -0.446974 0.057366 0.114754 0.114860 0.115490 0.044506 0.446974 0.064140 0.111202 -0.789335 0.000000 
1.050000e-01 1.003282e-01 9.749774e-02 1.049765e-01 1.000000e-01 7.789974e-01 -0.452607 0.058089 0.116200 0.116308 0.116945 0.045067 0.452608 0.063417 0.109756 -0.790783 0.000000 
1.050000e-01 1.003282e-01 9.749774e-02 1.049765e-01 1.000000e-01 7.875111e-01 -0.458232 0.058811 0.117644 0.117753 0.118398 0.045627 0.458232 0.062695 0.108312 -0.792228 0.000000 
1.050000e-01 1.003282e-01 9.749774e-02 1.049765e-01 1.000000e-01 7.960118e-01 -0.463848 0.059532 0.119086 0.119196 0.119850 0.046186 0.463849 0.061975 0.106870 -0.793672 0.000000 
1.050000e-01 1.003282e-01 9.749774e-02 1.049765e-01 1.000000e-01 8.044994e-01 -0.469456 0.060251 0.120526 0.120637 0.121298 0.046745 0.469456 0.061255 0.105430 -0.795113 0.000000 
1.050000e-01 1.003282e-01 9.749774e-02 1.049765e-01 1.000000e-01 8.129738e-01 -0.475054 0.060970 0.121963 0.122076 0.122745 0.047302 0.475055 0.060536 0.103993 -0.796551 0.000000 
1.050000e-01 1.003282e-01 9.749774e-02 1.049765e-01 1.000000e-01 8.214349e-01 -0.480645 0.061687 0.123398 0.123513 0.124190 0.047859 0.480645 0.059819 0.102557 -0.797988 0.000000 
1.050000e-01 1.003282e-01 9.749774e-02 1.049765e-01 1.000000e-01 8.298826e-01 -0.486226 0.062404 0.124831 0.124947 0.125632 0.048414 0.486226 0.059103 0.101125 -0.799422 0.000000 
1.050000e-01 1.003282e-01 9.749774e-02 1.049765e-01 1.000000e-01 8.383167e-01 -0.491798 0.063119 0.126262 0.126379 0.127071 0.048969 0.491799 0.058387 0.099694 -0.800854 0.000000 
1.050000e-01 1.003282e-01 9.749774e-02 1.049765e-01 1.000000e-01 8.467370e-01 -0.497361 0.063833 0.127690 0.127808 0.128509 0.049523 0.497362 0.057674 0.098266 -0.802283 0.000000 
1.050000e-01 1.003282e-01 9.749774e-02 1.049765e-01 1.000000e-01 8.551436e-01 -0.502915 0.064546 0.129116 0.129236 0.129944 0.050076 0.502916 0.056961 0.096840 -0.803711 0.000000 
1.050000e-01 1.003282e-01 9.749774e-02 1.049765e-01 1.000000e-01 8.635361e-01 -0.508460 0.065257 0.130539 0.130660 0.131377 0.050628 0.508461 0.056249 0.095416 -0.805136 0.000000 
1.050000e-01 1.003282e-01 9.749774e-02 1.049765e-01 1.000000e-01 8.719146e-01 -0.513995 0.065968 0.131960 0.132083 0.132807 0.051180 0.513996 0.055539 0.093995 -0.806558 0.000000 
1.050000e-01 1.003282e-01 9.749774e-02 1.049765e-01 1.000000e-01 8.802788e-01 -0.519521 0.066677 0.133379 0.133503 0.134235 0.051730 0.519522 0.054829 0.092576 -0.807978 0.000000 
1.050000e-01 1.003282e-01 9.749774e-02 1.049765e-01 1.000000e-01 8.886287e-01 -0.525038 0.067385 0.134795 0.134921 0.135660 0.052279 0.525039 0.054121 0.091160 -0.809396 0.000000 
1.050000e-01 1.003282e-01 9.749774e-02 1.049765e-01 1.000000e-01 8.969640e-01 -0.530545 0.068092 0.136209 0.136336 0.137083 0.052827 0.530546 0.053415 0.089746 -0.810811 0.000000 
1.050000e-01 1.003282e-01 9.749774e-02 1.049765e-01 1.000000e-01 9.052846e-01 -0.536042 0.068797 0.137620 0.137748 0.138503 0.053375 0.536043 0.052709 0.088335 -0.812223 0.000000 
1.050000e-01 1.003282e-01 9.749774e-02 1.049765e-01 1.000000e-01 9.135905e-01 -0.541530 0.069501 0.139029 0.139158 0.139921 0.053921 0.541530 0.052005 0.086926 -0.813634 0.000000 
1.050000e-01 1.003282e-01 9.749774e-02 1.049765e-01 1.000000e-01 9.218813e-01 -0.547007 0.070204 0.140435 0.140566 0.141337 0.054467 0.547008 0.051302 0.085520 -0.815041 0.000000 
1.050000e-01 1.003282e-01 9.749774e-02 1.049765e-01 1.000000e-01 9.301571e-01 -0.552475 0.070906 0.141839 0.141971 0.142750 0.055011 0.552476 0.050600 0.084116 -0.816446 0.000000 
1.050000e-01 1.003282e-01 9.749774e-02 1.049765e-01 1.000000e-01 9.384176e-01 -0.557933 0.071606 0.143240 0.143373 0.144160 0.055555 0.557933 0.049900 0.082715 -0.817849 0.000000 
1.050000e-01 1.003282e-01 9.749774e-02 1.049765e-01 1.000000e-01 9.466627e-01 -0.563380 0.072306 0.144638 0.144773 0.145567 0.056097 0.563381 0.049200 0.081316 -0.819248 0.000000 
1.050000e-01 1.003282e-01 9.749774e-02 1.049765e-01 1.000000e-01 9.548922e-01 -0.568817 0.073003 0.146034 0.146170 0.146972 0.056639 0.568818 0.048503 0.079921 -0.820646 0.000000 
1.050000e-01 1.003282e-01 9.749774e-02 1.049765e-01 1.000000e-01 9.631060e-01 -0.574244 0.073700 0.147427 0.147565 0.148375 0.057179 0.574244 0.047806 0.078527 -0.822040 0.000000 
1.050000e-01 1.003282e-01 9.749774e-02 1.049765e-01 1.000000e-01 9.713039e-01 -0.579660 0.074395 0.148818 0.148957 0.149774 0.057718 0.579660 0.047111 0.077137 -0.823432 0.000000 
1.050000e-01 1.003282e-01 9.749774e-02 1.049765e-01 1.000000e-01 9.794858e-01 -0.585065 0.075088 0.150205 0.150346 0.151171 0.058257 0.585066 0.046417 0.075749 -0.824821 0.000000 
1.050000e-01 1.003282e-01 9.749774e-02 1.049765e-01 1.000000e-01 9.876514e-01 -0.590460 0.075781 0.151590 0.151732 0.152565 0.058794 0.590461 0.045725 0.074364 -0.826207 0.000000 
1.050000e-01 1.003282e-01 9.749774e-02 1.049765e-01 1.000000e-01 9.958007e-01 -0.595844 0.076471 0.152972 0.153116 0.153956 0.059330 0.595845 0.045034 0.072982 -0.827591 0.000000 
1.050000e-01 1.003282e-01 9.749774e-02 1.049765e-01 1.000000e-01 1.003933e+00 -0.601217 0.077161 0.154352 0.154497 0.155345 0.059865 0.601218 0.044344 0.071602 -0.828972 0.000000 
1.050000e-01 1.003282e-01 9.749774e-02 1.049765e-01 1.000000e-01 1.012049e+00 -0.606579 0.077849 0.155728 0.155874 0.156731 0.060399 0.606580 0.043656 0.070226 -0.830350 0.000000 
1.050000e-01 1.003282e-01 9.749774e-02 1.049765e-01 1.000000e-01 1.020148e+00 -0.611930 0.078535 0.157101 0.157249 0.158114 0.060932 0.611931 0.042969 0.068852 -0.831725 0.000000 
1.050000e-01 1.003282e-01 9.749774e-02 1.049765e-01 1.000000e-01 1.028230e+00 -0.617270 0.079220 0.158472 0.158622 0.159494 0.061464 0.617271 0.042284 0.067481 -0.833097 0.000000 
1.050000e-01 1.003282e-01 9.749774e-02 1.049765e-01 1.000000e-01 1.036295e+00 -0.622598 0.079904 0.159840 0.159991 0.160871 0.061995 0.622599 0.041600 0.066113 -0.834466 0.000000 
1.050000e-01 1.003282e-01 9.749774e-02 1.049765e-01 1.000000e-01 1.044342e+00 -0.627915 0.080586 0.161204 0.161357 0.162245 0.062524 0.627915 0.040918 0.064748 -0.835832 0.000000 
1.050000e-01 1.003282e-01 9.749774e-02 1.049765e-01 1.000000e-01 1.052372e+00 -0.633220 0.081267 0.162566 0.162720 0.163616 0.063053 0.633220 0.040237 0.063386 -0.837195 0.000000 
1.050000e-01 1.003282e-01 9.749774e-02 1.049765e-01 1.000000e-01 1.060384e+00 -0.638513 0.081946 0.163924 0.164081 0.164984 0.063580 0.638514 0.039558 0.062027 -0.838556 0.000000 
1.050000e-01 1.003282e-01 9.749774e-02 1.049765e-01 1.000000e-01 1.068378e+00 -0.643794 0.082623 0.165279 0.165438 0.166350 0.064106 0.643795 0.038880 0.060671 -0.839913 0.000000 
1.050000e-01 1.003282e-01 9.749774e-02 1.049765e-01 1.000000e-01 1.076353e+00 -0.649064 0.083299 0.166631 0.166792 0.167712 0.064632 0.649064 0.038204 0.059318 -0.841267 0.000000 
1.050000e-01 1.003282e-01 9.749774e-02 1.049765e-01 1.000000e-01 1.084310e+00 -0.654321 0.083973 0.167980 0.168143 0.169071 0.065155 0.654321 0.037529 0.057969 -0.842618 0.000000 
1.050000e-01 1.003282e-01 9.749774e-02 1.049765e-01 1.000000e-01 1.092249e+00 -0.659566 0.084645 0.169326 0.169491 0.170427 0.065678 0.659566 0.036856 0.056622 -0.843966 0.000000 
1.050000e-01 1.003282e-01 9.749774e-02 1.049765e-01 1.000000e-01 1.100169e+00 -0.664798 0.085316 0.170668 0.170835 0.171780 0.066200 0.664799 0.036184 0.055279 -0.845310 0.000000 
1.050000e-01 1.003282e-01 9.749774e-02 1.049765e-01 1.000000e-01 1.108070e+00 -0.670018 0.085985 0.172007 0.172177 0.173130 0.066720 0.670019 0.035514 0.053939 -0.846652 0.000000 
1.050000e-01 1.003282e-01 9.749774e-02 1.049765e-01 1.000000e-01 1.115951e+00 -0.675225 0.086653 0.173343 0.173515 0.174477 0.067239 0.675226 0.034846 0.052602 -0.847990 0.000000 
1.050000e-01 1.003282e-01 9.749774e-02 1.049765e-01 1.000000e-01 1.123813e+00 -0.680420 0.087318 0.174675 0.174850 0.175821 0.067757 0.680420 0.034179 0.051268 -0.849324 0.000000 
1.050000e-01 1.003282e-01 9.749774e-02 1.049765e-01 1.000000e-01 1.131656e+00 -0.685601 0.087982 0.176004 0.176182 0.177161 0.068274 0.685601 0.033514 0.049938 -0.850656 0.000000 
1.050000e-01 1.003282e-01 9.749774e-02 1.049765e-01 1.000000e-01 1.139478e+00 -0.690769 0.088644 0.177329 0.177510 0.178499 0.068790 0.690770 0.032851 0.048611 -0.851984 0.000000 
1.050000e-01 1.003282e-01 9.749774e-02 1.049765e-01 1.000000e-01 1.147281e+00 -0.695924 0.089304 0.178650 0.178835 0.179833 0.069304 0.695925 0.032189 0.047288 -0.853309 0.000000 
1.050000e-01 1.003282e-01 9.749774e-02 1.049765e-01 1.000000e-01 1.155063e+00 -0.701066 0.089962 0.179968 0.180156 0.181164 0.069818 0.701066 0.031529 0.045968 -0.854630 0.000000 
1.050000e-01 1.003282e-01 9.749774e-02 1.049765e-01 1.000000e-01 1.162825e+00 -0.706194 0.090618 0.181281 0.181474 0.182492 0.070330 0.706194 0.030871 0.044651 -0.855948 0.000000 
1.050000e-01 1.003282e-01 9.749774e-02 1.049765e-01 1.000000e-01 1.170566e+00 -0.711308 0.091272 0.182591 0.182789 0.183816 0.070841 0.711308 0.030215 0.043338 -0.857262 0.000000 
1.050000e-01 1.003282e-01 9.749774e-02 1.049765e-01 1.000000e-01 1.178285e+00 -0.716408 0.091924 0.183897 0.184099 0.185138 0.071350 0.716409 0.029560 0.042029 -0.858572 0.000000 
1.050000e-01 1.003282e-01 9.749774e-02 1.049765e-01 1.000000e-01 1.185984e+00 -0.721494 0.092574 0.185199 0.185407 0.186456 0.071859 0.721495 0.028908 0.040723 -0.859880 0.000000 
1.050000e-01 1.003282e-01 9.749774e-02 1.049764e-01 1.000000e-01 1.193661e+00 -0.726566 0.093222 0.186497 0.186711 0.187772 0.072366 0.726567 0.028257 0.039421 -0.861183 0.000000 
1.050000e-01 1.003282e-01 9.749774e-02 1.049764e-01 1.000000e-01 1.201316e+00 -0.731624 0.093867 0.187791 0.188011 0.189084 0.072873 0.731625 0.027608 0.038122 -0.862483 0.000000 
1.050000e-01 1.003282e-01 9.749774e-02 1.049764e-01 1.000000e-01 1.208949e+00 -0.736667 0.094511 0.189080 0.189308 0.190393 0.073378 0.736668 0.026960 0.036828 -0.863779 0.000000 
1.050000e-01 1.003282e-01 9.749774e-02 1.049764e-01 1.000000e-01 1.216560e+00 -0.741696 0.095151 0.190364 0.190600 0.191699 0.073882 0.741696 0.026315 0.035537 -0.865071 0.000000 
1.050000e-01 1.003282e-01 9.749774e-02 1.049764e-01 1.000000e-01 1.224149e+00 -0.746709 0.095789 0.191645 0.191890 0.193002 0.074385 0.746710 0.025671 0.034250 -0.866359 0.000000 
1.050000e-01 1.003282e-01 9.749774e-02 1.049763e-01 1.000000e-01 1.231715e+00 -0.751708 0.096425 0.192920 0.193175 0.194302 0.074887 0.751708 0.025030 0.032966 -0.867644 0.000000 
1.050000e-01 1.003282e-01 9.749774e-02 1.049763e-01 1.000000e-01 1.239257e+00 -0.756691 0.097057 0.194190 0.194457 0.195600 0.075388 0.756691 0.024390 0.031687 -0.868924 0.000000 
1.050000e-01 1.003282e-01 9.749774e-02 1.049763e-01 1.000000e-01 1.246776e+00 -0.761659 0.097687 0.195456 0.195736 0.196894 0.075888 0.761659 0.023753 0.030411 -0.870201 0.000000 
1.050000e-01 1.003282e-01 9.749774e-02 1.049762e-01 1.000000e-01 1.254272e+00 -0.766611 0.098314 0.196716 0.197010 0.198186 0.076387 0.766611 0.023117 0.029140 -0.871473 0.000000 
1.050000e-01 1.003282e-01 9.749774e-02 1.049762e-01 1.000000e-01 1.261744e+00 -0.771547 0.098937 0.197970 0.198281 0.199475 0.076885 0.771548 0.022484 0.027873 -0.872742 0.000000 
1.050000e-01 1.003282e-01 9.749774e-02 1.049762e-01 1.000000e-01 1.269191e+00 -0.776468 0.099557 0.199219 0.199548 0.200762 0.077382 0.776468 0.021852 0.026609 -0.874006 0.000000 
1.050000e-01 1.003282e-01 9.749774e-02 1.049761e-01 1.000000e-01 1.276615e+00 -0.781372 0.100174 0.200462 0.200812 0.202046 0.077878 0.781372 0.021223 0.025350 -0.875266 0.000000 
1.050000e-01 1.003282e-01 9.749774e-02 1.049760e-01 1.000000e-01 1.284013e+00 -0.786260 0.100786 0.201699 0.202073 0.203329 0.078374 0.786260 0.020595 0.024095 -0.876523 0.000000 
1.050000e-01 1.003282e-01 9.749774e-02 1.049760e-01 1.000000e-01 1.291386e+00 -0.791131 0.101395 0.202930 0.203330 0.204609 0.078869 0.791132 0.019970 0.022845 -0.877774 0.000000 
1.050000e-01 1.003282e-01 9.749774e-02 1.049759e-01 1.000000e-01 1.298734e+00 -0.795986 0.101999 0.204153 0.204585 0.205888 0.079363 0.795986 0.019347 0.021598 -0.879022 0.000000 
1.050000e-01 1.003282e-01 9.749774e-02 1.049758e-01 1.000000e-01 1.306056e+00 -0.800824 0.102598 0.205370 0.205836 0.207165 0.079856 0.800824 0.018726 0.020356 -0.880265 0.000000 
1.050000e-01 1.003282e-01 9.749774e-02 1.049757e-01 1.000000e-01 1.313352e+00 -0.805644 0.103191 0.206579 0.207085 0.208440 0.080349 0.805644 0.018108 0.019119 -0.881504 0.000000 
1.050000e-01 1.003282e-01 9.749774e-02 1.049756e-01 1.000000e-01 1.320622e+00 -0.810447 0.103779 0.207781 0.208332 0.209715 0.080841 0.810447 0.017491 0.017886 -0.882738 0.000000 
1.050000e-01 1.003282e-01 9.749774e-02 1.049754e-01 1.000000e-01 1.327865e+00 -0.815232 0.104360 0.208974 0.209578 0.210989 0.081332 0.815233 0.016877 0.016657 -0.883968 0.000000 
1.050000e-01 1.003282e-01 9.749774e-02 1.049753e-01 1.000000e-01 1.335082e+00 -0.820000 0.104935 0.210158 0.210822 0.212263 0.081823 0.820000 0.016265 0.015433 -0.885193 0.000000 
1.050000e-01 1.003282e-01 9.749774e-02 1.049751e-01 1.000000e-01 1.342271e+00 -0.824750 0.105501 0.211333 0.212067 0.213537 0.082313 0.824750 0.015655 0.014214 -0.886413 0.000000 
1.050000e-01 1.003282e-01 9.749774e-02 1.049749e-01 1.000000e-01 1.349432e+00 -0.829481 0.106059 0.212499 0.213313 0.214811 0.082801 0.829481 0.015048 0.012999 -0.887629 0.000000 
1.050000e-01 1.003282e-01 9.749774e-02 1.049747e-01 1.000000e-01 1.356565e+00 -0.834194 0.106606 0.213653 0.214561 0.216086 0.083289 0.834194 0.014443 0.011789 -0.888840 0.000000 
1.050000e-01 1.003282e-01 9.749774e-02 1.049744e-01 1.000000e-01 1.363670e+00 -0.838888 0.107142 0.214797 0.215813 0.217362 0.083775 0.838888 0.013841 0.010584 -0.890046 0.000000 
1.050000e-01 1.003282e-01 9.749774e-02 1.049742e-01 1.000000e-01 1.370746e+00 -0.843563 0.107665 0.215929 0.217072 0.218640 0.084258 0.843563 0.013241 0.009384 -0.891248 0.000000 
1.050000e-01 1.003282e-01 9.749774e-02 1.049738e-01 1.000000e-01 1.377793e+00 -0.848218 0.108172 0.217048 0.218340 0.219920 0.084739 0.848219 0.012643 0.008189 -0.892444 0.000000 
1.050000e-01 1.003282e-01 9.749774e-02 1.049735e-01 1.000000e-01 1.384811e+00 -0.852855 0.108664 0.218154 0.219618 0.221203 0.085217 0.852855 0.012048 0.006998 -0.893636 0.000000 
1.050000e-01 1.003282e-01 9.749774e-02 1.049731e-01 1.000000e-01 1.391798e+00 -0.857471 0.109135 0.219244 0.220914 0.222490 0.085689 0.857472 0.011456 0.005813 -0.894822 0.000000 
1.050000e-01 1.003282e-01 9.749774e-02 1.049726e-01 1.000000e-01 1.398756e+00 -0.862068 0.109583 0.220320 0.222230 0.223780 0.086156 0.862068 0.010866 0.004633 -0.896003 0.000000 
1.050000e-01 1.003282e-01 9.749774e-02 1.049721e-01 1.000000e-01 1.405683e+00 -0.866645 0.110005 0.221379 0.223573 0.225074 0.086615 0.866645 0.010279 0.003458 -0.897179 0.000000 
1.050000e-01 1.003282e-01 9.749774e-02 1.049715e-01 1.000000e-01 1.412579e+00 -0.871201 0.110394 0.222419 0.224952 0.226373 0.087063 0.871201 0.009694 0.002288 -0.898350 0.000000 
1.050000e-01 1.003282e-01 9.749774e-02 1.049708e-01 1.000000e-01 1.419443e+00 -0.875736 0.110748 0.223440 0.226372 0.227677 0.087499 0.875736 0.009112 0.001124 -0.899515 0.000000 
1.050000e-01 1.003282e-01 9.749774e-02 1.049700e-01 1.000000e-01 1.426276e+00 -0.880250 0.111057 0.224439 0.227851 0.228987 0.087916 0.880250 0.008532 -0.000035 -0.900675 0.000000 
1.050000e-01 1.003282e-01 9.749774e-02 1.049691e-01 1.000000e-01 1.433077e+00 -0.884743 0.111315 0.225415 0.229399 0.230302 0.088312 0.884743 0.007956 -0.001189 -0.901830 0.000000 
1.050000e-01 1.003282e-01 9.749774e-02 1.049682e-01 1.000000e-01 1.439844e+00 -0.889215 0.111516 0.226367 0.231027 0.231622 0.088683 0.889215 0.007382 -0.002337 -0.902979 0.000000 
1.050000e-01 1.003282e-01 9.749774e-02 1.049671e-01 1.000000e-01 1.446579e+00 -0.893664 0.111639 0.227289 0.232776 0.232948 0.089014 0.893665 0.006811 -0.003479 -0.904123 0.000000 
1.050000e-01 1.003282e-01 9.749774e-02 1.049658e-01 1.000000e-01 1.453281e+00 -0.898092 0.111680 0.228179 0.234655 0.234276 0.089303 0.898092 0.006242 -0.004616 -0.905260 0.000000 
1.050000e-01 1.003282e-01 9.749774e-02 1.049645e-01 1.000000e-01 1.459948e+00 -0.902497 0.111628 0.229036 0.236688 0.235607 0.089539 0.902497 0.005677 -0.005747 -0.906392 0.000000 
1.050000e-01 1.003282e-01 9.749774e-02 1.049629e-01 1.000000e-01 1.466581e+00 -0.906880 0.111442 0.229847 0.238955 0.236937 0.089699 0.906880 0.005115 -0.006872 -0.907519 0.000000 
1.050000e-01 1.003282e-01 9.749774e-02 1.049612e-01 1.000000e-01 1.473179e+00 -0.911240 0.111122 0.230612 0.241469 0.238262 0.089775 0.911240 0.004555 -0.007991 -0.908639 0.000000 
1.050000e-01 1.003282e-01 9.749774e-02 1.049592e-01 1.000000e-01 1.479742e+00 -0.915576 0.110646 0.231323 0.244279 0.239576 0.089752 0.915576 0.003998 -0.009104 -0.909753 0.000000 
1.050000e-01 1.003282e-01 9.749774e-02 1.049571e-01 1.000000e-01 1.486269e+00 -0.919889 0.109955 0.231956 0.247524 0.240870 0.089584 0.919889 0.003445 -0.010212 -0.910862 0.000000 
1.050000e-01 1.003282e-01 9.749774e-02 1.049547e-01 1.000000e-01 1.492760e+00 -0.924178 0.109037 0.232503 0.251251 0.242130 0.089258 0.924178 0.002894 -0.011313 -0.911964 0.000000 
1.050000e-01 1.003282e-01 9.749774e-02 1.049520e-01 1.000000e-01 1.499215e+00 -0.928444 0.107863 0.232942 0.255551 0.243341 0.088746 0.928444 0.002347 -0.012408 -0.913060 0.000000 
1.050000e-01 1.003282e-01 9.749774e-02 1.049491e-01 1.000000e-01 1.505631e+00 -0.932684 0.106366 0.233231 0.260624 0.244472 0.087991 0.932684 0.001803 -0.013497 -0.914149 0.000000 
1.050000e-01 1.003282e-01 9.749774e-02 1.049459e-01 1.000000e-01 1.512007e+00 -0.936898 0.104484 0.233314 0.266686 0.245478 0.086936 0.936898 0.001262 -0.014578 -0.915232 0.000000 
1.050000e-01 1.003282e-01 9.749774e-02 1.049424e-01 1.000000e-01 1.518343e+00 -0.941086 0.102198 0.233143 0.273875 0.246314 0.085557 0.941086 0.000724 -0.015654 -0.916309 0.000000 
1.050000e-01 1.003282e-01 9.749774e-02 1.049386e-01 1.000000e-01 1.524639e+00 -0.945248 0.099456 0.232633 0.282456 0.246906 0.083797 0.945248 0.000190 -0.016722 -0.917378 0.000000 
1.050000e-01 1.003282e-01 9.749774e-02 1.049344e-01 1.000000e-01 1.530893e+00 -0.949383 0.096127 0.231592 0.293037 0.247091 0.081536 0.949383 -0.000340 -0.017784 -0.918441 0.000000 
1.050000e-01 1.003282e-01 9.749774e-02 1.049298e-01 1.000000e-01 1.537107e+00 -0.953492 0.092182 0.229850 0.306022 0.246707 0.078731 0.953493 -0.000868 -0.018839 -0.919497 0.000000 
1.050000e-01 1.003282e-01 9.749774e-02 1.049247e-01 1.000000e-01 1.543278e+00 -0.957576 0.087589 0.227182 0.321936 0.245532 0.075337 0.957576 -0.001392 -0.019887 -0.920546 0.000000 
1.050000e-01 1.003282e-01 9.749774e-02 1.049187e-01 1.000000e-01 1.549408e+00 -0.961635 0.082293 0.223246 0.341584 0.243225 0.071287 0.961635 -0.001913 -0.020929 -0.921589 0.000000 
1.050000e-01 1.003282e-01 9.749774e-02 1.049110e-01 1.000000e-01 1.555497e+00 -0.965672 0.076184 0.217405 0.366492 0.239131 0.066460 0.965672 -0.002431 -0.021966 -0.922627 0.000000 
1.050000e-01 1.003282e-01 9.749774e-02 1.049001e-01 1.000000e-01 1.561548e+00 -0.969697 0.069202 0.208833 0.398547 0.232335 0.060780 0.969697 -0.002948 -0.022999 -0.923661 0.000000 
1.050000e-01 1.003282e-01 9.749774e-02 1.048825e-01 1.000000e-01 1.567565e+00 -0.973721 0.061372 0.196737 0.439523 0.221837 0.054253 0.973722 -0.003464 -0.024032 -0.924695 0.000000 
1.050000e-01 1.003282e-01 9.749774e-02 1.048523e-01 1.000000e-01 1.573559e+00 -0.977775 0.052640 0.179851 0.492481 0.205986 0.046817 0.977775 -0.003984 -0.025073 -0.925737 0.000000 
1.050000e-01 1.003282e-01 9.749774e-02 1.047993e-01 1.000000e-01 1.579553e+00 -0.981910 0.042904 0.156491 0.561734 0.182410 0.038371 0.981910 -0.004515 -0.026135 -0.926799 0.000000 
1.050000e-01 1.003282e-01 9.749774e-02 1.047111e-01 1.000000e-01 1.585584e+00 -0.986242 0.031861 0.123540 0.655600 0.146611 0.028630 0.986242 -0.005071 -0.027247 -0.927912 0.000000 
1.050000e-01 1.003282e-01 9.749774e-02 1.045880e-01 1.000000e-01 1.591704e+00 -0.990940 0.019159 0.078137 0.782245 0.094118 0.017281 0.990940 -0.005674 -0.028453 -0.929120 0.000000 
1.050000e-01 1.003282e-01 9.749774e-02 1.044868e-01 1.000000e-01 1.597513e+00 -0.995740 0.005737 0.024430 0.930665 0.029704 0.005204 0.995740 -0.006290 -0.029685 -0.930353 0.000000 
1.050000e-01 1.003282e-01 9.749774e-02 1.044868e-01 1.000000e-01 1.597513e+00 -0.995740 0.005737 0.024430 0.930665 0.029704 0.005204 0.995740 -0.006290 -0.029685 -0.930353 0.000000 
1.050000e-01 1.003282e-01 9.749774e-02 1.044868e-01 1.000000e-01 1.597513e+00 -0.995740 0.005737 0.024430 0.930665 0.029704 0.005204 0.995740 -0.006290 -0.029685 -0.930353 0.000000 
1.050000e-01 1.003282e-01 9.749774e-02 1.044868e-01 1.000000e-01 1.597513e+00 -0.995740 0.005737 0.024430 0.930665 0.029704 0.005204 0.995740 -0.006290 -0.029685 -0.930353 0.000000 
1.050000e-01 1.003282e-01 9.749774e-02 1.044868e-01 1.000000e-01 1.597513e+00 -0.995740 0.005737 0.024430 0.930665 0.029704 0.005204 0.995740 -0.006290 -0.029685 -0.930353 0.000000 
1.050000e-01 1.003282e-01 9.749774e-02 1.044868e-01 1.000000e-01 1.597513e+00 -0.995740 0.005737 0.024430 0.930665 0.029704 0.005204 0.995740 -0.006290 -0.029685 -0.930353 0.000000 
1.050000e-01 1.003282e-01 9.749774e-02 1.044868e-01 1.000000e-01 1.597513e+00 -0.995740 0.005737 0.024430 0.930665 0.029704 0.005204 0.995740 -0.006290 -0.029685 -0.930353 0.000000 
1.050000e-01 1.003282e-01 9.749774e-02 1.044868e-01 1.000000e-01 1.597513e+00 -0.995740 0.005737 0.024430 0.930665 0.029704 0.005204 0.995740 -0.006290 -0.029685 -0.930353 0.000000 
1.050000e-01 1.003282e-01 9.749774e-02 1.044868e-01 1.000000e-01 1.597513e+00 -0.995740 0.005737 0.024430 0.930665 0.029704 0.005204 0.995740 -0.006290 -0.029685 -0.930353 0.000000 
1.050000e-01 1.003282e-01 9.749774e-02 1.044868e-01 1.000000e-01 1.597513e+00 -0.995740 0.005737 0.024430 0.930665 0.029704 0.005204 0.995740 -0.006290 -0.029685 -0.930353 0.000000 
1.050000e-01 1.003282e-01 9.749774e-02 1.044868e-01 1.000000e-01 1.597513e+00 -0.995740 0.005737 0.024430 0.930665 0.029704 0.005204 0.995740 -0.006290 -0.029685 -0.930353 0.000000 
1.050000e-01 1.003282e-01 9.749774e-02 1.044868e-01 1.000000e-01 1.597513e+00 -0.995740 0.005737 0.024430 0.930665 0.029704 0.005204 0.995740 -0.006290 -0.029685 -0.930353 0.000000 
1.050000e-01 1.003282e-01 9.749774e-02 1.044868e-01 1.000000e-01 1.597513e+00 -0.995740 0.005737 0.024430 0.930665 0.029704 0.005204 0.995740 -0.006290 -0.029685 -0.930353 0.000000 
1.050000e-01 1.003282e-01 9.749774e-02 1.044868e-01 1.000000e-01 1.597513e+00 -0.995740 0.005737 0.024430 0.930665 0.029704 0.005204 0.995740 -0.006290 -0.029685 -0.930353 0.000000 
1.050000e-01 1.003282e-01 9.749774e-02 1.044868e-01 1.000000e-01 1.597513e+00 -0.995740 0.005737 0.024430 0.930665 0.029704 0.005204 0.995740 -0.006290 -0.029685 -0.930353 0.000000 
1.050000e-01 1.003282e-01 9.749774e-02 1.044868e-01 1.000000e-01 1.597513e+00 -0.995740 0.005737 0.024430 0.930665 0.029704 0.005204 0.995740 -0.006290 -0.029685 -0.930353 0.000000 
1.050000e-01 1.003282e-01 9.749774e-02 1.044868e-01 1.000000e-01 1.597513e+00 -0.995740 0.005737 0.024430 0.930665 0.029704 0.005204 0.995740 -0.006290 -0.029685 -0.930353 0.000000 
1.050000e-01 1.003282e-01 9.749774e-02 1.044868e-01 1.000000e-01 1.597513e+00 -0.995740 0.005737 0.024430 0.930665 0.029704 0.005204 0.995740 -0.006290 -0.029685 -0.930353 0.000000 
1.050000e-01 1.003282e-01 9.749774e-02 1.044868e-01 1.000000e-01 1.597513e+00 -0.995740 0.005737 0.024430 0.930665 0.029704 0.005204 0.995740 -0.006290 -0.029685 -0.930353 0.000000 
1.050000e-01 1.003282e-01 9.749774e-02 1.044868e-01 1.000000e-01 1.597513e+00 -0.995740 0.005737 0.024430 0.930665 0.029704 0.005204 0.995740 -0.006290 -0.029685 -0.930353 0.000000 
1.050000e-01 1.003282e-01 9.749774e-02 1.044868e-01 1.000000e-01 1.597513e+00 -0.995740 0.005737 0.024430 0.930665 0.029704 0.005204 0.995740 -0.006290 -0.029685 -0.930353 0.000000 
1.050000e-01 1.003282e-01 9.749774e-02 1.044868e-01 1.000000e-01 1.597513e+00 -0.995740 0.005737 0.024430 0.930665 0.029704 0.005204 0.995740 -0.006290 -0.029685 -0.930353 0.000000 
1.050000e-01 1.003282e-01 9.749774e-02 1.044868e-01 1.000000e-01 1.597513e+00 -0.995740 0.005737 0.024430 0.930665 0.029704 0.005204 0.995740 -0.006290 -0.029685 -0.930353 0.000000 
1.050000e-01 1.003282e-01 9.749774e-02 1.044868e-01 1.000000e-01 1.597513e+00 -0.995740 0.005737 0.024430 0.930665 0.029704 0.005204 0.995740 -0.006290 -0.029685 -0.930353 0.000000 
1.050000e-01 1.003282e-01 9.749774e-02 1.044868e-01 1.000000e-01 1.597513e+00 -0.995740 0.005737 0.024430 0.930665 0.029704 0.005204 0.995740 -0.006290 -0.029685 -0.930353 0.000000 
1.050000e-01 1.003282e-01 9.749774e-02 1.044868e-01 1.000000e-01 1.597513e+00 -0.995740 0.005737 0.024430 0.930665 0.029704 0.005204 0.995740 -0.006290 -0.029685 -0.930353 0.000000 
1.050000e-01 1.003282e-01 9.749774e-02 1.044868e-01 1.000000e-01 1.597513e+00 -0.995740 0.005737 0.024430 0.930665 0.029704 0.005204 0.995740 -0.006290 -0.029685 -0.930353 0.000000 
1.050000e-01 1.003282e-01 9.749774e-02 1.044868e-01 1.000000e-01 1.597513e+00 -0.995740 0.005737 0.024430 0.930665 0.029704 0.005204 0.995740 -0.006290 -0.029685 -0.930353 0.000000 
1.050000e-01 1.003282e-01 9.749774e-02 1.044868e-01 1.000000e-01 1.597513e+00 -0.995740 0.005737 0.024430 0.930665 0.029704 0.005204 0.995740 -0.006290 -0.029685 -0.930353 0.000000 
1.050000e-01 1.003282e-01 9.749774e-02 1.044868e-01 1.000000e-01 1.597513e+00 -0.995740 0.005737 0.024430 0.930665 0.029704 0.005204 0.995740 -0.006290 -0.029685 -0.930353 0.000000 
1.050000e-01 1.003282e-01 9.749774e-02 1.044868e-01 1.000000e-01 1.597513e+00 -0.995740 0.005737 0.024430 0.930665 0.029704 0.005204 0.995740 -0.006290 -0.029685 -0.930353 0.000000 
1.050000e-01 1.003282e-01 9.749774e-02 1.044868e-01 1.000000e-01 1.597513e+00 -0.995740 0.005737 0.024430 0.930665 0.029704 0.005204 0.995740 -0.006290 -0.029685 -0.930353 0.000000 
1.050000e-01 1.003282e-01 9.749774e-02 1.044868e-01 1.000000e-01 1.597513e+00 -0.995740 0.005737 0.024430 0.930665 0.029704 0.005204 0.995740 -0.006290 -0.029685 -0.930353 0.000000 
1.050000e-01 1.003282e-01 9.749774e-02 1.044868e-01 1.000000e-01 1.597513e+00 -0.995740 0.005737 0.024430 0.930665 0.029704 0.005204 0.995740 -0.006290 -0.029685 -0.930353 0.000000 
1.050000e-01 1.003282e-01 9.749774e-02 1.044868e-01 1.000000e-01 1.597513e+00 -0.995740 0.005737 0.024430 0.930665 0.029704 0.005204 0.995740 -0.006290 -0.029685 -0.930353 0.000000 
1.050000e-01 1.003282e-01 9.749774e-02 1.044868e-01 1.000000e-01 1.597513e+00 -0.995740 0.005737 0.024430 0.930665 0.029704 0.005204 0.995740 -0.006290 -0.029685 -0.930353 0.000000 
1.050000e-01 1.003282e-01 9.749774e-02 1.044868e-01 1.000000e-01 1.597513e+00 -0.995740 0.005737 0.024430 0.930665 0.029704 0.005204 0.995740 -0.006290 -0.029685 -0.930353 0.000000 
1.050000e-01 1.003282e-01 9.749774e-02 1.044868e-01 1.000000e-01 1.597513e+00 -0.995740 0.005737 0.024430 0.930665 0.029704 0.005204 0.995740 -0.006290 -0.029685 -0.930353 0.000000 
1.050000e-01 1.003282e-01 9.749774e-02 1.044868e-01 1.000000e-01 1.597513e+00 -0.995740 0.005737 0.024430 0.930665 0.029704 0.005204 0.995740 -0.006290 -0.029685 -0.930353 0.000000 
1.050000e-01 1.003282e-01 9.749774e-02 1.044868e-01 1.000000e-01 1.597513e+00 -0.995740 0.005737 0.024430 0.930665 0.029704 0.005204 0.995740 -0.006290 -0.029685 -0.930353 0.000000 
1.050000e-01 1.003282e-01 9.749774e-02 1.044868e-01 1.000000e-01 1.597513e+00 -0.995740 0.005737 0.024430 0.930665 0.029704 0.005204 0.995740 -0.006290 -0.029685 -0.930353 0.000000 
1.050000e-01 1.003282e-01 9.749774e-02 1.044868e-01 1.000000e-01 1.597513e+00 -0.995740 0.005737 0.024430 0.930665 0.029704 0.005204 0.995740 -0.006290 -0.029685 -0.930353 0.000000 
1.050000e-01 1.003282e-01 9.749774e-02 1.044868e-01 1.000000e-01 1.597513e+00 -0.995740 0.005737 0.024430 0.930665 0.029704 0.005204 0.995740 -0.006290 -0.029685 -0.930353 0.000000 
1.050000e-01 1.003282e-01 9.749774e-02 1.044868e-01 1.000000e-01 1.597513e+00 -0.995740 0.005737 0.024430 0.930665 0.029704 0.005204 0.995740 -0.006290 -0.029685 -0.930353 0.000000 
1.050000e-01 1.003282e-01 9.749774e-02 1.044868e-01 1.000000e-01 1.597513e+00 -0.995740 0.005737 0.024430 0.930665 0.029704 0.005204 0.995740 -0.006290 -0.029685 -0.930353 0.000000 
1.050000e-01 1.003282e-01 9.749774e-02 1.044868e-01 1.000000e-01 1.597513e+00 -0.995740 0.005737 0.024430 0.930665 0.029704 0.005204 0.995740 -0.006290 -0.029685 -0.930353 0.000000 
1.050000e-01 1.003282e-01 9.749774e-02 1.044868e-01 1.000000e-01 1.597513e+00 -0.995740 0.005737 0.024430 0.930665 0.029704 0.005204 0.995740 -0.006290 -0.029685 -0.930353 0.000000 
1.050000e-01 1.003282e-01 9.749774e-02 1.044868e-01 1.000000e-01 1.597513e+00 -0.995740 0.005737 0.024430 0.930665 0.029704 0.005204 0.995740 -0.006290 -0.029685 -0.930353 0.000000 
1.050000e-01 1.003282e-01 9.749774e-02 1.044868e-01 1.000000e-01 1.597513e+00 -0.995740 0.005737 0.024430 0.930665 0.029704 0.005204 0.995740 -0.006290 -0.029685 -0.930353 0.000000 
1.050000e-01 1.003282e-01 9.749774e-02 1.044868e-01 1.000000e-01 1.597513e+00 -0.995740 0.005737 0.024430 0.930665 0.029704 0.005204 0.995740 -0.006290 -0.029685 -0.930353 0.000000 
1.050000e-01 1.003282e-01 9.749774e-02 1.044868e-01 1.000000e-01 1.597513e+00 -0.995740 0.005737 0.024430 0.930665 0.029704 0.005204 0.995740 -0.006290 -0.029685 -0.930353 0.000000 
1.050000e-01 1.003282e-01 9.749774e-02 1.044868e-01 1.000000e-01 1.597513e+00 -0.995740 0.005737 0.024430 0.930665 0.029704 0.005204 0.995740 -0.006290 -0.029685 -0.930353 0.000000 
1.050000e-01 1.003282e-01 9.749774e-02 1.044868e-01 1.000000e-01 1.597513e+00 -0.995740 0.005737 0.024430 0.930665 0.029704 0.005204 0.995740 -0.006290 -0.029685 -0.930353 0.000000 
1.050000e-01 1.003282e-01 9.749774e-02 1.044868e-01 1.000000e-01 1.597513e+00 -0.995740 0.005737 0.024430 0.930665 0.029704 0.005204 0.995740 -0.006290 -0.029685 -0.930353 0.000000 
1.050000e-01 1.003282e-01 9.749774e-02 1.044868e-01 1.000000e-01 1.597513e+00 -0.995740 0.005737 0.024430 0.930665 0.029704 0.005204 0.995740 -0.006290 -0.029685 -0.930353 0.000000 
1.050000e-01 1.003282e-01 9.749774e-02 1.044868e-01 1.000000e-01 1.597513e+00 -0.995740 0.005737 0.024430 0.930665 0.029704 0.005204 0.995740 -0.006290 -0.029685 -0.930353 0.000000 
1.050000e-01 1.003282e-01 9.749774e-02 1.044868e-01 1.000000e-01 1.597513e+00 -0.995740 0.005737 0.024430 0.930665 0.029704 0.005204 0.995740 -0.006290 -0.029685 -0.930353 0.000000 
1.050000e-01 1.003282e-01 9.749774e-02 1.044868e-01 1.000000e-01 1.597513e+00 -0.995740 0.005737 0.024430 0.930665 0.029704 0.005204 0.995740 -0.006290 -0.029685 -0.930353 0.000000 
1.050000e-01 1.003282e-01 9.749774e-02 1.044868e-01 1.000000e-01 1.597513e+00 -0.995740 0.005737 0.024430 0.930665 0.029704 0.005204 0.995740 -0.006290 -0.029685 -0.930353 0.000000 
1.050000e-01 1.003282e-01 9.749774e-02 1.044868e-01 1.000000e-01 1.597513e+00 -0.995740 0.005737 0.024430 0.930665 0.029704 0.005204 0.995740 -0.006290 -0.029685 -0.930353 0.000000 
1.050000e-01 1.003282e-01 9.749774e-02 1.044868e-01 1.000000e-01 1.597513e+00 -0.995740 0.005737 0.024430 0.930665 0.029704 0.005204 0.995740 -0.006290 -0.029685 -0.930353 0.000000 
1.050000e-01 1.003282e-01 9.749774e-02 1.044868e-01 1.000000e-01 1.597513e+00 -0.995740 0.005737 0.024430 0.930665 0.029704 0.005204 0.995740 -0.006290 -0.029685 -0.930353 0.000000 
1.050000e-01 1.003282e-01 9.749774e-02 1.044868e-01 1.000000e-01 1.597513e+00 -0.995740 0.005737 0.024430 0.930665 0.029704 0.005204 0.995740 -0.006290 -0.029685 -0.930353 0.000000 
1.050000e-01 1.003282e-01 9.749774e-02 1.044868e-01 1.000000e-01 1.597513e+00 -0.995740 0.005737 0.024430 0.930665 0.029704 0.005204 0.995740 -0.006290 -0.029685 -0.930353 0.000000 
1.050000e-01 1.003282e-01 9.749774e-02 1.044868e-01 1.000000e-01 1.597513e+00 -0.995740 0.005737 0.024430 0.930665 0.029704 0.005204 0.995740 -0.006290 -0.029685 -0.930353 0.000000 
1.050000e-01 1.003282e-01 9.749774e-02 1.044868e-01 1.000000e-01 1.597513e+00 -0.995740 0.005737 0.024430 0.930665 0.029704 0.005204 0.995740 -0.006290 -0.029685 -0.930353 0.000000 
1.050000e-01 1.003282e-01 9.749774e-02 1.044868e-01 1.000000e-01 1.597513e+00 -0.995740 0.005737 0.024430 0.930665 0.029704 0.005204 0.995740 -0.006290 -0.029685 -0.930353 0.000000 
1.050000e-01 1.003282e-01 9.749774e-02 1.044868e-01 1.000000e-01 1.597513e+00 -0.995740 0.005737 0.024430 0.930665 0.029704 0.005204 0.995740 -0.006290 -0.029685 -0.930353 0.000000 
1.050000e-01 1.003282e-01 9.749774e-02 1.044868e-01 1.000000e-01 1.597513e+00 -0.995740 0.005737 0.024430 0.930665 0.029704 0.005204 0.995740 -0.006290 -0.029685 -0.930353 0.000000 
1.050000e-01 1.003282e-01 9.749774e-02 1.044868e-01 1.000000e-01 1.597513e+00 -0.995740 0.005737 0.024430 0.930665 0.029704 0.005204 0.995740 -0.006290 -0.029685 -0.930353 0.000000 
1.050000e-01 1.003282e-01 9.749774e-02 1.044868e-01 1.000000e-01 1.597513e+00 -0.995740 0.005737 0.024430 0.930665 0.029704 0.005204 0.995740 -0.006290 -0.029685 -0.930353 0.000000 
1.050000e-01 1.003282e-01 9.749774e-02 1.044868e-01 1.000000e-01 1.597513e+00 -0.995740 0.005737 0.024430 0.930665 0.029704 0.005204 0.995740 -0.006290 -0.029685 -0.930353 0.000000 
1.050000e-01 1.003282e-01 9.749774e-02 1.044868e-01 1.000000e-01 1.597513e+00 -0.995740 0.005737 0.024430 0.930665 0.029704 0.005204 0.995740 -0.006290 -0.029685 -0.930353 0.000000 
1.050000e-01 1.003282e-01 9.749774e-02 1.044868e-01 1.000000e-01 1.597513e+00 -0.995740 0.005737 0.024430 0.930665 0.029704 0.005204 0.995740 -0.006290 -0.029685 -0.930353 0.000000 
1.050000e-01 1.003282e-01 9.749774e-02 1.044868e-01 1.000000e-01 1.597513e+00 -0.995740 0.005737 0.024430 0.930665 0.029704 0.005204 0.995740 -0.006290 -0.029685 -0.930353 0.000000 
1.050000e-01 1.003282e-01 9.749774e-02 1.044868e-01 1.000000e-01 1.597513e+00 -0.995740 0.005737 0.024430 0.930665 0.029704 0.005204 0.995740 -0.006290 -0.029685 -0.930353 0.000000 
1.050000e-01 1.003282e-01 9.749774e-02 1.044868e-01 1.000000e-01 1.597513e+00 -0.995740 0.005737 0.024430 0.930665 0.029704 0.005204 0.995740 -0.006290 -0.029685 -0.930353 0.000000 
1.050000e-01 1.003282e-01 9.749774e-02 1.044868e-01 1.000000e-01 1.597513e+00 -0.995740 0.005737 0.024430 0.930665 0.029704 0.005204 0.995740 -0.006290 -0.029685 -0.930353 0.000000 
1.050000e-01 1.003282e-01 9.749774e-02 1.044868e-01 1.000000e-01 1.597513e+00 -0.995740 0.005737 0.024430 0.930665 0.029704 0.005204 0.995740 -0.006290 -0.029685 -0.930353 0.000000 
1.050000e-01 1.003282e-01 9.749774e-02 1.044868e-01 1.000000e-01 1.597513e+00 -0.995740 0.005737 0.024430 0.930665 0.029704 0.005204 0.995740 -0.006290 -0.029685 -0.930353 0.000000 
1.050000e-01 1.003282e-01 9.749774e-02 1.044868e-01 1.000000e-01 1.597513e+00 -0.995740 0.005737 0.024430 0.930665 0.029704 0.005204 0.995740 -0.006290 -0.029685 -0.930353 0.000000 
1.050000e-01 1.003282e-01 9.749774e-02 1.044868e-01 1.000000e-01 1.597513e+00 -0.995740 0.005737 0.024430 0.930665 0.029704 0.005204 0.995740 -0.006290 -0.029685 -0.930353 0.000000 
1.050000e-01 1.003282e-01 9.749774e-02 1.044868e-01 1.000000e-01 1.597513e+00 -0.995740 0.005737 0.024430 0.930665 0.029704 0.005204 0.995740 -0.006290 -0.029685 -0.930353 0.000000 
1.050000e-01 1.003282e-01 9.749774e-02 1.044868e-01 1.000000e-01 1.597513e+00 -0.995740 0.005737 0.024430 0.930665 0.029704 0.005204 0.995740 -0.006290 -0.029685 -0.930353 0.000000 
1.050000e-01 1.003282e-01 9.749774e-02 1.044868e-01 1.000000e-01 1.597513e+00 -0.995740 0.005737 0.024430 0.930665 0.029704 0.005204 0.995740 -0.006290 -0.029685 -0.930353 0.000000 
1.050000e-01 1.003282e-01 9.749774e-02 1.044868e-01 1.000000e-01 1.597513e+00 -0.995740 0.005737 0.024430 0.930665 0.029704 0.005204 0.995740 -0.006290 -0.029685 -0.930353 0.000000 
1.050000e-01 1.003282e-01 9.749774e-02 1.044868e-01 1.000000e-01 1.597513e+00 -0.995740 0.005737 0.024430 0.930665 0.029704 0.005204 0.995740 -0.006290 -0.029685 -0.930353 0.000000 
1.050000e-01 1.003282e-01 9.749774e-02 1.044868e-01 1.000000e-01 1.597513e+00 -0.995740 0.005737 0.024430 0.930665 0.029704 0.005204 0.995740 -0.006290 -0.029685 -0.930353 0.000000 
1.050000e-01 1.003282e-01 9.749774e-02 1.044868e-01 1.000000e-01 1.597513e+00 -0.995740 0.005737 0.024430 0.930665 0.029704 0.005204 0.995740 -0.006290 -0.029685 -0.930353 0.000000 
1.050000e-01 1.003282e-01 9.749774e-02 1.044868e-01 1.000000e-01 1.597513e+00 -0.995740 0.005737 0.024430 0.930665 0.029704 0.005204 0.995740 -0.006290 -0.029685 -0.930353 0.000000 
1.050000e-01 1.003282e-01 9.749774e-02 1.044868e-01 1.000000e-01 1.597513e+00 -0.995740 0.005737 0.024430 0.930665 0.029704 0.005204 0.995740 -0.006290 -0.029685 -0.930353 0.000000 
1.050000e-01 1.003282e-01 9.749774e-02 1.044868e-01 1.000000e-01 1.597513e+00 -0.995740 0.005737 0.024430 0.930665 0.029704 0.005204 0.995740 -0.006290 -0.029685 -0.930353 0.000000 
1.050000e-01 1.003282e-01 9.749774e-02 1.044868e-01 1.000000e-01 1.597513e+00 -0.995740 0.005737 0.024430 0.930665 0.029704 0.005204 0.995740 -0.006290 -0.029685 -0.930353 0.000000 
1.050000e-01 1.003282e-01 9.749774e-02 1.044868e-01 1.000000e-01 1.597513e+00 -0.995740 0.005737 0.024430 0.930665 0.029704 0.005204 0.995740 -0.006290 -0.029685 -0.930353 0.000000 
1.050000e-01 1.003282e-01 9.749774e-02 1.044868e-01 1.000000e-01 1.597513e+00 -0.995740 0.005737 0.024430 0.930665 0.029704 0.005204 0.995740 -0.006290 -0.029685 -0.930353 0.000000 
1.050000e-01 1.003282e-01 9.749774e-02 1.044868e-01 1.000000e-01 1.597513e+00 -0.995740 0.005737 0.024430 0.930665 0.029704 0.005204 0.995740 -0.006290 -0.029685 -0.930353 0.000000 
1.050000e-01 1.003282e-01 9.749774e-02 1.044868e-01 1.000000e-01 1.597513e+00 -0.995740 0.005737 0.024430 0.930665 0.029704 0.005204 0.995740 -0.006290 -0.029685 -0.930353 0.000000 
1.050000e-01 1.003282e-01 9.749774e-02 1.044868e-01 1.000000e-01 1.597513e+00 -0.995740 0.005737 0.024430 0.930665 0.029704 0.005204 0.995740 -0.006290 -0.029685 -0.930353 0.000000 
1.050000e-01 1.003282e-01 9.749774e-02 1.044868e-01 1.000000e-01 1.597513e+00 -0.995740 0.005737 0.024430 0.930665 0.029704 0.005204 0.995740 -0.006290 -0.029685 -0.930353 0.000000 
1.050000e-01 1.003282e-01 9.749774e-02 1.044868e-01 1.000000e-01 1.597513e+00 -0.995740 0.005737 0.024430 0.930665 0.029704 0.005204 0.995740 -0.006290 -0.029685 -0.930353 0.000000 
1.050000e-01 1.003282e-01 9.749774e-02 1.044868e-01 1.000000e-01 1.597513e+00 -0.995740 0.005737 0.024430 0.930665 0.029704 0.005204 0.995740 -0.006290 -0.029685 -0.930353 0.000000 
1.050000e-01 1.003282e-01 9.749774e-02 1.044868e-01 1.000000e-01 1.597513e+00 -0.995740 0.005737 0.024430 0.930665 0.029704 0.005204 0.995740 -0.006290 -0.029685 -0.930353 0.000000 
1.050000e-01 1.003282e-01 9.749774e-02 1.044868e-01 1.000000e-01 1.597513e+00 -0.995740 0.005737 0.024430 0.930665 0.029704 0.005204 0.995740 -0.006290 -0.029685 -0.930353 0.000000 
1.050000e-01 1.003282e-01 9.749774e-02 1.044868e-01 1.000000e-01 1.597513e+00 -0.995740 0.005737 0.024430 0.930665 0.029704 0.005204 0.995740 -0.006290 -0.029685 -0.930353 0.000000 
1.050000e-01 1.003282e-01 9.749774e-02 1.044868e-01 1.000000e-01 1.597513e+00 -0.995740 0.005737 0.024430 0.930665 0.029704 0.005204 0.995740 -0.006290 -0.029685 -0.930353 0.000000 
1.050000e-01 1.003282e-01 9.749774e-02 1.044868e-01 1.000000e-01 1.597513e+00 -0.995740 0.005737 0.024430 0.930665 0.029704 0.005204 0.995740 -0.006290 -0.029685 -0.930353 0.000000 
1.050000e-01 1.003282e-01 9.749774e-02 1.044868e-01 1.000000e-01 1.597513e+00 -0.995740 0.005737 0.024430 0.930665 0.029704 0.005204 0.995740 -0.006290 -0.029685 -0.930353 0.000000 
1.050000e-01 1.003282e-01 9.749774e-02 1.044868e-01 1.000000e-01 1.597513e+00 -0.995740 0.005737 0.024430 0.930665 0.029704 0.005204 0.995740 -0.006290 -0.029685 -0.930353 0.000000 
1.050000e-01 1.003282e-01 9.749774e-02 1.044868e-01 1.000000e-01 1.597513e+00 -0.995740 0.005737 0.024430 0.930665 0.029704 0.005204 0.995740 -0.006290 -0.029685 -0.930353 0.000000 
1.050000e-01 1.003282e-01 9.749774e-02 1.044868e-01 1.000000e-01 1.597513e+00 -0.995740 0.005737 0.024430 0.930665 0.029704 0.005204 0.995740 -0.006290 -0.029685 -0.930353 0.000000 
1.050000e-01 1.003282e-01 9.749774e-02 1.044868e-01 1.000000e-01 1.597513e+00 -0.995740 0.005737 0.024430 0.930665 0.029704 0.005204 0.995740 -0.006290 -0.029685 -0.930353 0.000000 
1.050000e-01 1.003282e-01 9.749774e-02 1.044868e-01 1.000000e-01 1.597513e+00 -0.995740 0.005737 0.024430 0.930665 0.029704 0.005204 0.995740 -0.006290 -0.029685 -0.930353 0.000000 
1.050000e-01 1.003282e-01 9.749774e-02 1.044868e-01 1.000000e-01 1.597513e+00 -0.995740 0.005737 0.024430 0.930665 0.029704 0.005204 0.995740 -0.006290 -0.029685 -0.930353 0.000000 
1.050000e-01 1.003282e-01 9.749774e-02 1.044868e-01 1.000000e-01 1.597513e+00 -0.995740 0.005737 0.024430 0.930665 0.029704 0.005204 0.995740 -0.006290 -0.029685 -0.930353 0.000000 
1.050000e-01 1.003282e-01 9.749774e-02 1.044868e-01 1.000000e-01 1.597513e+00 -0.995740 0.005737 0.024430 0.930665 0.029704 0.005204 0.995740 -0.006290 -0.029685 -0.930353 0.000000 
1.050000e-01 1.003282e-01 9.749774e-02 1.044868e-01 1.000000e-01 1.597513e+00 -0.995740 0.005737 0.024430 0.930665 0.029704 0.005204 0.995740 -0.006290 -0.029685 -0.930353 0.000000 
1.050000e-01 1.003282e-01 9.749774e-02 1.044868e-01 1.000000e-01 1.597513e+00 -0.995740 0.005737 0.024430 0.930665 0.029704 0.005204 0.995740 -0.006290 -0.029685 -0.930353 0.000000 
1.050000e-01 1.003282e-01 9.749774e-02 1.044868e-01 1.000000e-01 1.597513e+00 -0.995740 0.005737 0.024430 0.930665 0.029704 0.005204 0.995740 -0.006290 -0.029685 -0.930353 0.000000 
1.050000e-01 1.003282e-01 9.749774e-02 1.044868e-01 1.000000e-01 1.597513e+00 -0.995740 0.005737 0.024430 0.930665 0.029704 0.005204 0.995740 -0.006290 -0.029685 -0.930353 0.000000 
1.050000e-01 1.003282e-01 9.749774e-02 1.044868e-01 1.000000e-01 1.597513e+00 -0.995740 0.005737 0.024430 0.930665 0.029704 0.005204 0.995740 -0.006290 -0.029685 -0.930353 0.000000 
1.050000e-01 1.003282e-01 9.749774e-02 1.044868e-01 1.000000e-01 1.597513e+00 -0.995740 0.005737 0.024430 0.930665 0.029704 0.005204 0.995740 -0.006290 -0.029685 -0.930353 0.000000 
1.050000e-01 1.003282e-01 9.749774e-02 1.044868e-01 1.000000e-01 1.597513e+00 -0.995740 0.005737 0.024430 0.930665 0.029704 0.005204 0.995740 -0.006290 -0.029685 -0.930353 0.000000 
1.050000e-01 1.003282e-01 9.749774e-02 1.044868e-01 1.000000e-01 1.597513e+00 -0.995740 0.005737 0.024430 0.930665 0.029704 0.005204 0.995740 -0.006290 -0.029685 -0.930353 0.000000 
1.050000e-01 1.003282e-01 9.749774e-02 1.044868e-01 1.000000e-01 1.597513e+00 -0.995740 0.005737 0.024430 0.930665 0.029704 0.005204 0.995740 -0.006290 -0.029685 -0.930353 0.000000 
1.050000e-01 1.003282e-01 9.749774e-02 1.044868e-01 1.000000e-01 1.597513e+00 -0.995740 0.005737 0.024430 0.930665 0.029704 0.005204 0.995740 -0.006290 -0.029685 -0.930353 0.000000 
1.050000e-01 1.003282e-01 9.749774e-02 1.044868e-01 1.000000e-01 1.597513e+00 -0.995740 0.005737 0.024430 0.930665 0.029704 0.005204 0.995740 -0.006290 -0.029685 -0.930353 0.000000 
1.050000e-01 1.003282e-01 9.749774e-02 1.044868e-01 1.000000e-01 1.597513e+00 -0.995740 0.005737 0.024430 0.930665 0.029704 0.005204 0.995740 -0.006290 -0.029685 -0.930353 0.000000 
1.050000e-01 1.003282e-01 9.749774e-02 1.044868e-01 1.000000e-01 1.597513e+00 -0.995740 0.005737 0.024430 0.930665 0.029704 0.005204 0.995740 -0.006290 -0.029685 -0.930353 0.000000 
1.050000e-01 1.003282e-01 9.749774e-02 1.044868e-01 1.000000e-01 1.597513e+00 -0.995740 0.005737 0.024430 0.930665 0.029704 0.005204 0.995740 -0.006290 -0.029685 -0.930353 0.000000 
