# TeX TeY TeZ ThX ThY THZ P1 P2
8.000000e-02 1.000000e-01 1.375000e+00 8.000000e-02 1.000000e-01 1.375000e+00 0.000000 0.000000 0.000000 0.000000 0.000000 0.000000 0.000000 0.000000 0.000000 0.000000 0.000000 
8.000033e-02 1.000000e-01 1.366415e+00 7.999968e-02 1.000000e-01 1.382029e+00 -0.010316 0.001759 0.003344 0.002728 0.001895 0.000591 0.010316 -0.001324 -0.002649 -0.002651 0.000000 
8.000061e-02 1.000000e-01 1.357762e+00 7.999933e-02 1.000000e-01 1.389029e+00 -0.020659 0.003515 0.006688 0.005463 0.003805 0.001188 0.020659 -0.002651 -0.005304 -0.005309 0.000000 
8.000085e-02 1.000000e-01 1.349040e+00 7.999892e-02 1.000000e-01 1.395999e+00 -0.031026 0.005273 0.010044 0.008213 0.005713 0.001782 0.031026 -0.003982 -0.007965 -0.007973 0.000000 
8.000106e-02 1.000000e-01 1.340251e+00 7.999847e-02 1.000000e-01 1.402938e+00 -0.041417 0.007035 0.013422 0.010985 0.007610 0.002365 0.041417 -0.005316 -0.010633 -0.010643 0.000000 
8.000124e-02 1.000000e-01 1.331395e+00 7.999796e-02 1.000000e-01 1.409846e+00 -0.051833 0.008801 0.016824 0.013781 0.009492 0.002934 0.051833 -0.006652 -0.013307 -0.013320 0.000000 
8.000140e-02 1.000000e-01 1.322473e+00 7.999740e-02 1.000000e-01 1.416723e+00 -0.062272 0.010578 0.020274 0.016615 0.011333 0.003471 0.062272 -0.007992 -0.015987 -0.016002 0.000000 
8.000153e-02 1.000000e-01 1.313485e+00 7.999676e-02 1.000000e-01 1.423569e+00 -0.072733 0.012363 0.023771 0.019491 0.013131 0.003977 0.072733 -0.009335 -0.018673 -0.018691 0.000000 
8.000165e-02 1.000000e-01 1.304431e+00 7.999605e-02 1.000000e-01 1.430382e+00 -0.083217 0.014157 0.027328 0.022418 0.014874 0.004440 0.083217 -0.010680 -0.021365 -0.021385 0.000000 
8.000175e-02 1.000000e-01 1.295312e+00 7.999526e-02 1.000000e-01 1.437163e+00 -0.093722 0.015961 0.030965 0.025417 0.016535 0.004844 0.093722 -0.012029 -0.024062 -0.024084 0.000000 
8.000183e-02 1.000000e-01 1.286130e+00 7.999438e-02 1.000000e-01 1.443912e+00 -0.104248 0.017770 0.034682 0.028492 0.018116 0.005188 0.104248 -0.013380 -0.026764 -0.026789 0.000000 
8.000190e-02 1.000000e-01 1.276883e+00 7.999340e-02 1.000000e-01 1.450626e+00 -0.114794 0.019581 0.038500 0.031666 0.019591 0.005456 0.114794 -0.014733 -0.029472 -0.029499 0.000000 
8.000196e-02 1.000000e-01 1.267573e+00 7.999232e-02 1.000000e-01 1.457307e+00 -0.125360 0.021388 0.042443 0.034968 0.020933 0.005627 0.125360 -0.016089 -0.032184 -0.032214 0.000000 
8.000202e-02 1.000000e-01 1.258200e+00 7.999112e-02 1.000000e-01 1.463954e+00 -0.135945 0.023182 0.046513 0.038409 0.022139 0.005701 0.135945 -0.017448 -0.034902 -0.034934 0.000000 
8.000206e-02 1.000000e-01 1.248765e+00 7.998980e-02 1.000000e-01 1.470567e+00 -0.146548 0.024949 0.050741 0.042031 0.023172 0.005654 0.146548 -0.018808 -0.037624 -0.037659 0.000000 
8.000210e-02 1.000000e-01 1.239269e+00 7.998835e-02 1.000000e-01 1.477144e+00 -0.157169 0.026669 0.055163 0.045888 0.023990 0.005458 0.157168 -0.020172 -0.040351 -0.040388 0.000000 
8.000213e-02 1.000000e-01 1.229711e+00 7.998677e-02 1.000000e-01 1.483686e+00 -0.167807 0.028323 0.059785 0.050000 0.024585 0.005113 0.167806 -0.021537 -0.043082 -0.043122 0.000000 
8.000216e-02 1.000000e-01 1.220092e+00 7.998506e-02 1.000000e-01 1.490191e+00 -0.178461 0.029882 0.064643 0.054428 0.024913 0.004593 0.178461 -0.022904 -0.045817 -0.045860 0.000000 
8.000218e-02 1.000000e-01 1.210414e+00 7.998320e-02 1.000000e-01 1.496661e+00 -0.189131 0.031288 0.069820 0.059298 0.024877 0.003847 0.189131 -0.024274 -0.048557 -0.048602 0.000000 
8.000220e-02 1.000000e-01 1.200675e+00 7.998120e-02 1.000000e-01 1.503092e+00 -0.199816 0.032510 0.075319 0.064634 0.024470 0.002882 0.199816 -0.025645 -0.051300 -0.051347 0.000000 
8.000222e-02 1.000000e-01 1.190878e+00 7.997907e-02 1.000000e-01 1.509484e+00 -0.210515 0.033491 0.081190 0.070528 0.023628 0.001676 0.210514 -0.027018 -0.054046 -0.054097 0.000000 
8.000223e-02 1.000000e-01 1.181022e+00 7.997682e-02 1.000000e-01 1.515837e+00 -0.221226 0.034120 0.087553 0.077180 0.022203 0.000168 0.221225 -0.028393 -0.056796 -0.056849 0.000000 
8.000224e-02 1.000000e-01 1.171107e+00 7.997448e-02 1.000000e-01 1.522149e+00 -0.231949 0.034304 0.094476 0.084722 0.020103 -0.001657 0.231948 -0.029769 -0.059549 -0.059604 0.000000 
8.000225e-02 1.000000e-01 1.161135e+00 7.997209e-02 1.000000e-01 1.528420e+00 -0.242682 0.033958 0.102011 0.093270 0.017248 -0.003805 0.242682 -0.031147 -0.062305 -0.062363 0.000000 
8.000226e-02 1.000000e-01 1.151106e+00 7.996975e-02 1.000000e-01 1.534649e+00 -0.253426 0.032954 0.110254 0.103019 0.013496 -0.006298 0.253426 -0.032526 -0.065063 -0.065124 0.000000 
8.000227e-02 1.000000e-01 1.141020e+00 7.996763e-02 1.000000e-01 1.540835e+00 -0.264179 0.031033 0.119415 0.114397 0.008535 -0.009202 0.264179 -0.033906 -0.067824 -0.067887 0.000000 
8.000228e-02 1.000000e-01 1.130879e+00 7.996610e-02 1.000000e-01 1.546979e+00 -0.274938 0.028055 0.129548 0.127621 0.002218 -0.012505 0.274938 -0.035287 -0.070586 -0.070652 0.000000 
8.000228e-02 1.000000e-01 1.120681e+00 7.996588e-02 1.000000e-01 1.553076e+00 -0.285701 0.023882 0.140683 0.142939 -0.005612 -0.016192 0.285701 -0.036668 -0.073349 -0.073417 0.000000 
8.000229e-02 1.000000e-01 1.110428e+00 7.996842e-02 1.000000e-01 1.559126e+00 -0.296461 0.018340 0.152827 0.160709 -0.015162 -0.020255 0.296461 -0.038049 -0.076112 -0.076182 0.000000 
8.000229e-02 1.000000e-01 1.100121e+00 7.997694e-02 1.000000e-01 1.565123e+00 -0.307206 0.011258 0.165868 0.181396 -0.026645 -0.024672 0.307205 -0.039428 -0.078870 -0.078944 0.000000 
8.000229e-02 1.000000e-01 1.089759e+00 7.999846e-02 1.000000e-01 1.571055e+00 -0.317906 0.002412 0.179390 0.205859 -0.040346 -0.029410 0.317905 -0.040801 -0.081617 -0.081693 0.000000 
8.000229e-02 1.000000e-01 1.079344e+00 8.004973e-02 1.000000e-01 1.576900e+00 -0.328511 -0.007817 0.192152 0.234216 -0.055749 -0.034292 0.328510 -0.042162 -0.084340 -0.084418 0.000000 
8.000230e-02 1.000000e-01 1.068875e+00 8.017245e-02 1.000000e-01 1.582607e+00 -0.338917 -0.018913 0.201724 0.267285 -0.072093 -0.039086 0.338917 -0.043498 -0.087012 -0.087093 0.000000 
8.000230e-02 1.000000e-01 1.058354e+00 8.048615e-02 1.000000e-01 1.588059e+00 -0.348939 -0.029840 0.202549 0.307395 -0.087771 -0.043396 0.348939 -0.044784 -0.089585 -0.089668 0.000000 
8.000230e-02 1.000000e-01 1.047780e+00 8.139431e-02 1.000000e-01 1.592957e+00 -0.358358 -0.039361 0.179406 0.365542 -0.100508 -0.046723 0.358357 -0.045993 -0.092003 -0.092088 0.000000 
8.000230e-02 1.000000e-01 1.037155e+00 8.389440e-02 1.000000e-01 1.597262e+00 -0.368355 -0.052502 0.069364 0.519674 -0.117191 -0.050992 0.368354 -0.047276 -0.094569 -0.094657 0.000000 
8.000230e-02 1.000000e-01 1.026478e+00 8.409320e-02 1.000000e-01 1.597503e+00 -0.375666 -0.052807 0.059582 0.536647 -0.117031 -0.050727 0.375665 -0.048214 -0.096446 -0.096536 0.000000 
8.000230e-02 1.000000e-01 1.015750e+00 8.409320e-02 1.000000e-01 1.597503e+00 -0.382753 -0.051896 0.061403 0.538469 -0.115202 -0.050022 0.382753 -0.049124 -0.098266 -0.098357 0.000000 
8.000230e-02 1.000000e-01 1.004972e+00 8.409320e-02 1.000000e-01 1.597503e+00 -0.389875 -0.050981 0.063233 0.540298 -0.113363 -0.049314 0.389874 -0.050038 -0.100094 -0.100187 0.000000 
8.000230e-02 1.000000e-01 9.941431e-01 8.409320e-02 1.000000e-01 1.597503e+00 -0.397029 -0.050062 0.065070 0.542137 -0.111516 -0.048602 0.397028 -0.050956 -0.101931 -0.102025 0.000000 
8.000230e-02 1.000000e-01 9.832651e-01 8.409320e-02 1.000000e-01 1.597503e+00 -0.404216 -0.049139 0.066917 0.543984 -0.109660 -0.047887 0.404215 -0.051878 -0.103776 -0.103872 0.000000 
8.000231e-02 1.000000e-01 9.723378e-01 8.409320e-02 1.000000e-01 1.597503e+00 -0.411435 -0.048212 0.068771 0.545839 -0.107796 -0.047169 0.411434 -0.052805 -0.105630 -0.105728 0.000000 
8.000231e-02 1.000000e-01 9.613619e-01 8.409320e-02 1.000000e-01 1.597503e+00 -0.418687 -0.047280 0.070633 0.547702 -0.105923 -0.046447 0.418686 -0.053736 -0.107491 -0.107591 0.000000 
8.000231e-02 1.000000e-01 9.503376e-01 8.409320e-02 1.000000e-01 1.597503e+00 -0.425970 -0.046345 0.072504 0.549574 -0.104042 -0.045722 0.425969 -0.054670 -0.109361 -0.109463 0.000000 
8.000231e-02 1.000000e-01 9.392655e-01 8.409320e-02 1.000000e-01 1.597503e+00 -0.433285 -0.045406 0.074382 0.551453 -0.102152 -0.044994 0.433285 -0.055609 -0.111239 -0.111342 0.000000 
8.000231e-02 1.000000e-01 9.281459e-01 8.409320e-02 1.000000e-01 1.597503e+00 -0.440632 -0.044463 0.076269 0.553341 -0.100254 -0.044263 0.440631 -0.056552 -0.113125 -0.113230 0.000000 
8.000231e-02 1.000000e-01 9.169793e-01 8.409320e-02 1.000000e-01 1.597503e+00 -0.448009 -0.043516 0.078163 0.555237 -0.098348 -0.043529 0.448009 -0.057499 -0.115019 -0.115126 0.000000 
8.000231e-02 1.000000e-01 9.057661e-01 8.409320e-02 1.000000e-01 1.597503e+00 -0.455418 -0.042565 0.080065 0.557141 -0.096435 -0.042791 0.455417 -0.058450 -0.116921 -0.117030 0.000000 
8.000231e-02 1.000000e-01 8.945067e-01 8.409320e-02 1.000000e-01 1.597503e+00 -0.462856 -0.041610 0.081975 0.559052 -0.094513 -0.042051 0.462856 -0.059404 -0.118831 -0.118941 0.000000 
8.000231e-02 1.000000e-01 8.832014e-01 8.409320e-02 1.000000e-01 1.597503e+00 -0.470325 -0.040651 0.083893 0.560972 -0.092583 -0.041307 0.470325 -0.060363 -0.120749 -0.120861 0.000000 
8.000231e-02 1.000000e-01 8.718508e-01 8.409320e-02 1.000000e-01 1.597503e+00 -0.477825 -0.039689 0.085819 0.562899 -0.090646 -0.040560 0.477824 -0.061326 -0.122674 -0.122788 0.000000 
8.000231e-02 1.000000e-01 8.604552e-01 8.409320e-02 1.000000e-01 1.597503e+00 -0.485353 -0.038722 0.087752 0.564833 -0.088701 -0.039811 0.485353 -0.062292 -0.124607 -0.124722 0.000000 
8.000231e-02 1.000000e-01 8.490150e-01 8.409320e-02 1.000000e-01 1.597503e+00 -0.492912 -0.037752 0.089692 0.566776 -0.086748 -0.039058 0.492911 -0.063262 -0.126547 -0.126665 0.000000 
8.000231e-02 1.000000e-01 8.375306e-01 8.409320e-02 1.000000e-01 1.597503e+00 -0.500499 -0.036778 0.091640 0.568725 -0.084787 -0.038303 0.500499 -0.064236 -0.128495 -0.128615 0.000000 
8.000231e-02 1.000000e-01 8.260024e-01 8.409320e-02 1.000000e-01 1.597503e+00 -0.508116 -0.035801 0.093596 0.570683 -0.082820 -0.037544 0.508115 -0.065213 -0.130451 -0.130572 0.000000 
8.000231e-02 1.000000e-01 8.144307e-01 8.409320e-02 1.000000e-01 1.597503e+00 -0.515761 -0.034819 0.095559 0.572647 -0.080844 -0.036783 0.515760 -0.066194 -0.132414 -0.132536 0.000000 
8.000231e-02 1.000000e-01 8.028160e-01 8.409320e-02 1.000000e-01 1.597503e+00 -0.523434 -0.033834 0.097529 0.574619 -0.078862 -0.036019 0.523434 -0.067179 -0.134384 -0.134508 0.000000 
8.000231e-02 1.000000e-01 7.911586e-01 8.409320e-02 1.000000e-01 1.597503e+00 -0.531136 -0.032846 0.099506 0.576598 -0.076872 -0.035252 0.531136 -0.068168 -0.136361 -0.136487 0.000000 
8.000231e-02 9.999999e-02 7.794589e-01 8.409320e-02 1.000000e-01 1.597503e+00 -0.538866 -0.031854 0.101491 0.578585 -0.074875 -0.034483 0.538865 -0.069160 -0.138345 -0.138474 0.000000 
8.000231e-02 9.999999e-02 7.677173e-01 8.409320e-02 1.000000e-01 1.597503e+00 -0.546623 -0.030858 0.103482 0.580578 -0.072870 -0.033710 0.546623 -0.070155 -0.140337 -0.140467 0.000000 
8.000231e-02 9.999999e-02 7.559341e-01 8.409320e-02 1.000000e-01 1.597503e+00 -0.554408 -0.029859 0.105481 0.582579 -0.070859 -0.032935 0.554408 -0.071155 -0.142336 -0.142468 0.000000 
8.000231e-02 9.999999e-02 7.441096e-01 8.409320e-02 1.000000e-01 1.597503e+00 -0.562220 -0.028856 0.107487 0.584586 -0.068840 -0.032157 0.562220 -0.072157 -0.144341 -0.144475 0.000000 
8.000231e-02 9.999999e-02 7.322443e-01 8.409320e-02 1.000000e-01 1.597503e+00 -0.570060 -0.027850 0.109499 0.586601 -0.066815 -0.031377 0.570059 -0.073163 -0.146354 -0.146490 0.000000 
8.000231e-02 9.999999e-02 7.203386e-01 8.409320e-02 1.000000e-01 1.597503e+00 -0.577926 -0.026841 0.111519 0.588622 -0.064782 -0.030594 0.577925 -0.074173 -0.148373 -0.148511 0.000000 
8.000231e-02 9.999999e-02 7.083926e-01 8.409320e-02 1.000000e-01 1.597503e+00 -0.585818 -0.025828 0.113545 0.590650 -0.062743 -0.029808 0.585817 -0.075186 -0.150400 -0.150539 0.000000 
8.000231e-02 9.999998e-02 6.964069e-01 8.409320e-02 1.000000e-01 1.597503e+00 -0.593737 -0.024812 0.115578 0.592685 -0.060697 -0.029019 0.593736 -0.076202 -0.152433 -0.152574 0.000000 
8.000231e-02 9.999998e-02 6.843816e-01 8.409320e-02 1.000000e-01 1.597503e+00 -0.601681 -0.023792 0.117618 0.594726 -0.058644 -0.028228 0.601681 -0.077222 -0.154472 -0.154616 0.000000 
8.000231e-02 9.999997e-02 6.723173e-01 8.409320e-02 1.000000e-01 1.597503e+00 -0.609652 -0.022769 0.119664 0.596775 -0.056585 -0.027435 0.609652 -0.078245 -0.156519 -0.156664 0.000000 
8.000231e-02 9.999997e-02 6.602141e-01 8.409320e-02 1.000000e-01 1.597503e+00 -0.617648 -0.021743 0.121717 0.598830 -0.054519 -0.026638 0.617648 -0.079271 -0.158572 -0.158719 0.000000 
8.000231e-02 9.999996e-02 6.480725e-01 8.409320e-02 1.000000e-01 1.597503e+00 -0.625670 -0.020713 0.123776 0.600891 -0.052446 -0.025840 0.625670 -0.080300 -0.160631 -0.160780 0.000000 
8.000231e-02 9.999996e-02 6.358928e-01 8.409320e-02 1.000000e-01 1.597503e+00 -0.633717 -0.019680 0.125842 0.602959 -0.050367 -0.025038 0.633716 -0.081333 -0.162697 -0.162848 0.000000 
8.000231e-02 9.999995e-02 6.236752e-01 8.409320e-02 1.000000e-01 1.597503e+00 -0.641789 -0.018644 0.127915 0.605033 -0.048281 -0.024235 0.641788 -0.082369 -0.164769 -0.164922 0.000000 
8.000231e-02 9.999993e-02 6.114202e-01 8.409320e-02 1.000000e-01 1.597503e+00 -0.649886 -0.017605 0.129993 0.607114 -0.046189 -0.023428 0.649885 -0.083408 -0.166848 -0.167003 0.000000 
8.000231e-02 9.999992e-02 5.991279e-01 8.409320e-02 1.000000e-01 1.597503e+00 -0.658007 -0.016563 0.132078 0.609200 -0.044091 -0.022620 0.658006 -0.084451 -0.168933 -0.169090 0.000000 
8.000231e-02 9.999991e-02 5.867988e-01 8.409320e-02 1.000000e-01 1.597503e+00 -0.666152 -0.015517 0.134170 0.611294 -0.041986 -0.021809 0.666152 -0.085496 -0.171024 -0.171183 0.000000 
8.000231e-02 9.999989e-02 5.744332e-01 8.409320e-02 1.000000e-01 1.597503e+00 -0.674322 -0.014469 0.136267 0.613393 -0.039876 -0.020995 0.674322 -0.086544 -0.173122 -0.173282 0.000000 
8.000231e-02 9.999986e-02 5.620313e-01 8.409320e-02 1.000000e-01 1.597503e+00 -0.682516 -0.013417 0.138371 0.615499 -0.037758 -0.020179 0.682515 -0.087596 -0.175225 -0.175388 0.000000 
8.000231e-02 9.999983e-02 5.495934e-01 8.409320e-02 1.000000e-01 1.597503e+00 -0.690733 -0.012363 0.140480 0.617610 -0.035635 -0.019361 0.690733 -0.088651 -0.177335 -0.177499 0.000000 
8.000231e-02 9.999980e-02 5.371199e-01 8.409320e-02 1.000000e-01 1.597503e+00 -0.698974 -0.011305 0.142596 0.619728 -0.033506 -0.018541 0.698974 -0.089708 -0.179451 -0.179617 0.000000 
8.000231e-02 9.999976e-02 5.246111e-01 8.409320e-02 1.000000e-01 1.597503e+00 -0.707238 -0.010244 0.144718 0.621852 -0.031371 -0.017718 0.707238 -0.090769 -0.181572 -0.181741 0.000000 
8.000231e-02 9.999970e-02 5.120672e-01 8.409320e-02 1.000000e-01 1.597503e+00 -0.715526 -0.009181 0.146846 0.623981 -0.029229 -0.016893 0.715525 -0.091832 -0.183700 -0.183871 0.000000 
8.000231e-02 9.999964e-02 4.994885e-01 8.409320e-02 1.000000e-01 1.597503e+00 -0.723836 -0.008114 0.148979 0.626117 -0.027082 -0.016065 0.723836 -0.092899 -0.185834 -0.186007 0.000000 
8.000231e-02 9.999956e-02 4.868754e-01 8.409320e-02 1.000000e-01 1.597503e+00 -0.732170 -0.007045 0.151119 0.628258 -0.024929 -0.015235 0.732169 -0.093968 -0.187973 -0.188149 0.000000 
8.000231e-02 9.999947e-02 4.742280e-01 8.409320e-02 1.000000e-01 1.597503e+00 -0.740525 -0.005972 0.153264 0.630406 -0.022770 -0.014403 0.740525 -0.095040 -0.190118 -0.190297 0.000000 
8.000231e-02 9.999936e-02 4.615467e-01 8.409320e-02 1.000000e-01 1.597503e+00 -0.748904 -0.004897 0.155415 0.632559 -0.020605 -0.013569 0.748903 -0.096115 -0.192269 -0.192451 0.000000 
8.000231e-02 9.999922e-02 4.488318e-01 8.409320e-02 1.000000e-01 1.597503e+00 -0.757304 -0.003819 0.157572 0.634717 -0.018435 -0.012733 0.757304 -0.097192 -0.194426 -0.194611 0.000000 
8.000231e-02 9.999905e-02 4.360835e-01 8.409320e-02 1.000000e-01 1.597503e+00 -0.765727 -0.002738 0.159734 0.636882 -0.016258 -0.011894 0.765726 -0.098272 -0.196589 -0.196778 0.000000 
8.000231e-02 9.999885e-02 4.233022e-01 8.409320e-02 1.000000e-01 1.597503e+00 -0.774171 -0.001654 0.161902 0.639052 -0.014076 -0.011053 0.774171 -0.099354 -0.198757 -0.198951 0.000000 
8.000231e-02 9.999859e-02 4.104880e-01 8.409320e-02 1.000000e-01 1.597503e+00 -0.782637 -0.000567 0.164075 0.641227 -0.011889 -0.010210 0.782637 -0.100438 -0.200930 -0.201132 0.000000 
8.000231e-02 9.999829e-02 3.976412e-01 8.409320e-02 1.000000e-01 1.597503e+00 -0.791125 0.000522 0.166254 0.643408 -0.009696 -0.009365 0.791124 -0.101523 -0.203110 -0.203322 0.000000 
8.000231e-02 9.999791e-02 3.847621e-01 8.409320e-02 1.000000e-01 1.597503e+00 -0.799634 0.001614 0.168439 0.645595 -0.007497 -0.008518 0.799633 -0.102608 -0.205295 -0.205521 0.000000 
8.000231e-02 9.999746e-02 3.718510e-01 8.409320e-02 1.000000e-01 1.597503e+00 -0.808164 0.002709 0.170629 0.647787 -0.005293 -0.007668 0.808163 -0.103693 -0.207486 -0.207733 0.000000 
8.000231e-02 9.999690e-02 3.589080e-01 8.409320e-02 1.000000e-01 1.597503e+00 -0.816715 0.003806 0.172824 0.649984 -0.003084 -0.006817 0.816715 -0.104776 -0.209682 -0.209959 0.000000 
8.000231e-02 9.999621e-02 3.459336e-01 8.409320e-02 1.000000e-01 1.597503e+00 -0.825287 0.004906 0.175025 0.652187 -0.000869 -0.005963 0.825286 -0.105854 -0.211885 -0.212207 0.000000 
8.000231e-02 9.999538e-02 3.329278e-01 8.409320e-02 1.000000e-01 1.597503e+00 -0.833879 0.006009 0.177231 0.654395 0.001351 -0.005108 0.833879 -0.106923 -0.214094 -0.214483 0.000000 
8.000231e-02 9.999435e-02 3.198911e-01 8.409320e-02 1.000000e-01 1.597503e+00 -0.842493 0.007115 0.179442 0.656608 0.003577 -0.004250 0.842492 -0.107977 -0.216309 -0.216799 0.000000 
8.000231e-02 9.999309e-02 3.068235e-01 8.409320e-02 1.000000e-01 1.597503e+00 -0.851126 0.008223 0.181659 0.658827 0.005807 -0.003391 0.851126 -0.109005 -0.218532 -0.219177 0.000000 
8.000231e-02 9.999156e-02 2.937253e-01 8.409320e-02 1.000000e-01 1.597503e+00 -0.859780 0.009333 0.183881 0.661051 0.008043 -0.002529 0.859780 -0.109995 -0.220763 -0.221642 0.000000 
8.000231e-02 9.998967e-02 2.805968e-01 8.409320e-02 1.000000e-01 1.597503e+00 -0.868454 0.010447 0.186108 0.663280 0.010284 -0.001665 0.868454 -0.110925 -0.223004 -0.224239 0.000000 
8.000231e-02 9.998737e-02 2.674382e-01 8.409320e-02 1.000000e-01 1.597503e+00 -0.877148 0.011562 0.188340 0.665514 0.012531 -0.000800 0.877147 -0.111758 -0.225257 -0.227041 0.000000 
8.000231e-02 9.998456e-02 2.542497e-01 8.409320e-02 1.000000e-01 1.597503e+00 -0.885861 0.012681 0.190577 0.667753 0.014782 0.000068 0.885861 -0.112448 -0.227523 -0.230146 0.000000 
8.000231e-02 9.998113e-02 2.410314e-01 8.409320e-02 1.000000e-01 1.597503e+00 -0.894595 0.013802 0.192819 0.669997 0.017039 0.000938 0.894595 -0.112913 -0.229806 -0.233726 0.000000 
8.000231e-02 9.997697e-02 2.277837e-01 8.409320e-02 1.000000e-01 1.597503e+00 -0.903348 0.014925 0.195066 0.672247 0.019300 0.001809 0.903348 -0.113033 -0.232103 -0.238042 0.000000 
8.000231e-02 9.997196e-02 2.145067e-01 8.409320e-02 1.000000e-01 1.597503e+00 -0.912121 0.016051 0.197319 0.674501 0.021567 0.002683 0.912121 -0.112644 -0.234406 -0.243471 0.000000 
8.000231e-02 9.996597e-02 2.012004e-01 8.409320e-02 1.000000e-01 1.597503e+00 -0.920914 0.017180 0.199576 0.676761 0.023839 0.003558 0.920914 -0.111459 -0.236675 -0.250708 0.000000 
8.000231e-02 9.995894e-02 1.878650e-01 8.409320e-02 1.000000e-01 1.597503e+00 -0.929728 0.018311 0.201839 0.679025 0.026116 0.004436 0.929727 -0.109102 -0.238804 -0.260794 0.000000 
8.000231e-02 9.995091e-02 1.745006e-01 8.409320e-02 1.000000e-01 1.597503e+00 -0.938561 0.019445 0.204107 0.681295 0.028399 0.005316 0.938561 -0.105062 -0.240519 -0.275386 0.000000 
8.000231e-02 9.994228e-02 1.611067e-01 8.409320e-02 1.000000e-01 1.597503e+00 -0.947417 0.020581 0.206380 0.683571 0.030687 0.006197 0.947417 -0.098542 -0.241075 -0.297713 0.000000 
8.000231e-02 9.993470e-02 1.476819e-01 8.409320e-02 1.000000e-01 1.597503e+00 -0.956301 0.021721 0.208661 0.685854 0.032982 0.007082 0.956301 -0.088663 -0.238637 -0.333320 0.000000 
8.000231e-02 9.993513e-02 1.342182e-01 8.409320e-02 1.000000e-01 1.597503e+00 -0.965236 0.022868 0.210955 0.688150 0.035291 0.007972 0.965236 -0.074512 -0.228847 -0.392579 0.000000 
8.000231e-02 9.997386e-02 1.206777e-01 8.409320e-02 1.000000e-01 1.597503e+00 -0.974342 0.024037 0.213293 0.690490 0.037644 0.008878 0.974342 -0.055025 -0.200346 -0.498634 0.000000 
8.000231e-02 1.001435e-01 1.069015e-01 8.409320e-02 1.000000e-01 1.597503e+00 -0.984185 0.025300 0.215820 0.693020 0.040187 0.009858 0.984185 -0.028596 -0.124794 -0.703408 0.000000 
8.000231e-02 1.003100e-01 9.749276e-02 8.409320e-02 1.000000e-01 1.597503e+00 -0.991782 0.026275 0.217770 0.694972 0.042150 0.010615 0.991782 -0.005771 -0.028630 -0.929473 0.000000 
8.000231e-02 1.003100e-01 9.749276e-02 8.409320e-02 1.000000e-01 1.597503e+00 -0.991782 0.026275 0.217770 0.694972 0.042150 0.010615 0.991782 -0.005771 -0.028630 -0.929473 0.000000 
8.000231e-02 1.003100e-01 9.749276e-02 8.409320e-02 1.000000e-01 1.597503e+00 -0.991782 0.026275 0.217770 0.694972 0.042150 0.010615 0.991782 -0.005771 -0.028630 -0.929473 0.000000 
8.000231e-02 1.003100e-01 9.749276e-02 8.409320e-02 1.000000e-01 1.597503e+00 -0.991782 0.026275 0.217770 0.694972 0.042150 0.010615 0.991782 -0.005771 -0.028630 -0.929473 0.000000 
8.000231e-02 1.003100e-01 9.749276e-02 8.409320e-02 1.000000e-01 1.597503e+00 -0.991782 0.026275 0.217770 0.694972 0.042150 0.010615 0.991782 -0.005771 -0.028630 -0.929473 0.000000 
8.000231e-02 1.003100e-01 9.749276e-02 8.409320e-02 1.000000e-01 1.597503e+00 -0.991782 0.026275 0.217770 0.694972 0.042150 0.010615 0.991782 -0.005771 -0.028630 -0.929473 0.000000 
8.000231e-02 1.003100e-01 9.749276e-02 8.409320e-02 1.000000e-01 1.597503e+00 -0.991782 0.026275 0.217770 0.694972 0.042150 0.010615 0.991782 -0.005771 -0.028630 -0.929473 0.000000 
8.000231e-02 1.003100e-01 9.749276e-02 8.409320e-02 1.000000e-01 1.597503e+00 -0.991782 0.026275 0.217770 0.694972 0.042150 0.010615 0.991782 -0.005771 -0.028630 -0.929473 0.000000 
8.000231e-02 1.003100e-01 9.749276e-02 8.409320e-02 1.000000e-01 1.597503e+00 -0.991782 0.026275 0.217770 0.694972 0.042150 0.010615 0.991782 -0.005771 -0.028630 -0.929473 0.000000 
8.000231e-02 1.003100e-01 9.749276e-02 8.409320e-02 1.000000e-01 1.597503e+00 -0.991782 0.026275 0.217770 0.694972 0.042150 0.010615 0.991782 -0.005771 -0.028630 -0.929473 0.000000 
8.000231e-02 1.003100e-01 9.749276e-02 8.409320e-02 1.000000e-01 1.597503e+00 -0.991782 0.026275 0.217770 0.694972 0.042150 0.010615 0.991782 -0.005771 -0.028630 -0.929473 0.000000 
8.000231e-02 1.003100e-01 9.749276e-02 8.409320e-02 1.000000e-01 1.597503e+00 -0.991782 0.026275 0.217770 0.694972 0.042150 0.010615 0.991782 -0.005771 -0.028630 -0.929473 0.000000 
8.000231e-02 1.003100e-01 9.749276e-02 8.409320e-02 1.000000e-01 1.597503e+00 -0.991782 0.026275 0.217770 0.694972 0.042150 0.010615 0.991782 -0.005771 -0.028630 -0.929473 0.000000 
8.000231e-02 1.003100e-01 9.749276e-02 8.409320e-02 1.000000e-01 1.597503e+00 -0.991782 0.026275 0.217770 0.694972 0.042150 0.010615 0.991782 -0.005771 -0.028630 -0.929473 0.000000 
8.000231e-02 1.003100e-01 9.749276e-02 8.409320e-02 1.000000e-01 1.597503e+00 -0.991782 0.026275 0.217770 0.694972 0.042150 0.010615 0.991782 -0.005771 -0.028630 -0.929473 0.000000 
8.000231e-02 1.003100e-01 9.749276e-02 8.409320e-02 1.000000e-01 1.597503e+00 -0.991782 0.026275 0.217770 0.694972 0.042150 0.010615 0.991782 -0.005771 -0.028630 -0.929473 0.000000 
8.000231e-02 1.003100e-01 9.749276e-02 8.409320e-02 1.000000e-01 1.597503e+00 -0.991782 0.026275 0.217770 0.694972 0.042150 0.010615 0.991782 -0.005771 -0.028630 -0.929473 0.000000 
8.000231e-02 1.003100e-01 9.749276e-02 8.409320e-02 1.000000e-01 1.597503e+00 -0.991782 0.026275 0.217770 0.694972 0.042150 0.010615 0.991782 -0.005771 -0.028630 -0.929473 0.000000 
8.000231e-02 1.003100e-01 9.749276e-02 8.409320e-02 1.000000e-01 1.597503e+00 -0.991782 0.026275 0.217770 0.694972 0.042150 0.010615 0.991782 -0.005771 -0.028630 -0.929473 0.000000 
8.000231e-02 1.003100e-01 9.749276e-02 8.409320e-02 1.000000e-01 1.597503e+00 -0.991782 0.026275 0.217770 0.694972 0.042150 0.010615 0.991782 -0.005771 -0.028630 -0.929473 0.000000 
8.000231e-02 1.003100e-01 9.749276e-02 8.409320e-02 1.000000e-01 1.597503e+00 -0.991782 0.026275 0.217770 0.694972 0.042150 0.010615 0.991782 -0.005771 -0.028630 -0.929473 0.000000 
8.000231e-02 1.003100e-01 9.749276e-02 8.409320e-02 1.000000e-01 1.597503e+00 -0.991782 0.026275 0.217770 0.694972 0.042150 0.010615 0.991782 -0.005771 -0.028630 -0.929473 0.000000 
8.000231e-02 1.003100e-01 9.749276e-02 8.409320e-02 1.000000e-01 1.597503e+00 -0.991782 0.026275 0.217770 0.694972 0.042150 0.010615 0.991782 -0.005771 -0.028630 -0.929473 0.000000 
8.000231e-02 1.003100e-01 9.749276e-02 8.409320e-02 1.000000e-01 1.597503e+00 -0.991782 0.026275 0.217770 0.694972 0.042150 0.010615 0.991782 -0.005771 -0.028630 -0.929473 0.000000 
8.000231e-02 1.003100e-01 9.749276e-02 8.409320e-02 1.000000e-01 1.597503e+00 -0.991782 0.026275 0.217770 0.694972 0.042150 0.010615 0.991782 -0.005771 -0.028630 -0.929473 0.000000 
8.000231e-02 1.003100e-01 9.749276e-02 8.409320e-02 1.000000e-01 1.597503e+00 -0.991782 0.026275 0.217770 0.694972 0.042150 0.010615 0.991782 -0.005771 -0.028630 -0.929473 0.000000 
8.000231e-02 1.003100e-01 9.749276e-02 8.409320e-02 1.000000e-01 1.597503e+00 -0.991782 0.026275 0.217770 0.694972 0.042150 0.010615 0.991782 -0.005771 -0.028630 -0.929473 0.000000 
8.000231e-02 1.003100e-01 9.749276e-02 8.409320e-02 1.000000e-01 1.597503e+00 -0.991782 0.026275 0.217770 0.694972 0.042150 0.010615 0.991782 -0.005771 -0.028630 -0.929473 0.000000 
8.000231e-02 1.003100e-01 9.749276e-02 8.409320e-02 1.000000e-01 1.597503e+00 -0.991782 0.026275 0.217770 0.694972 0.042150 0.010615 0.991782 -0.005771 -0.028630 -0.929473 0.000000 
8.000231e-02 1.003100e-01 9.749276e-02 8.409320e-02 1.000000e-01 1.597503e+00 -0.991782 0.026275 0.217770 0.694972 0.042150 0.010615 0.991782 -0.005771 -0.028630 -0.929473 0.000000 
8.000231e-02 1.003100e-01 9.749276e-02 8.409320e-02 1.000000e-01 1.597503e+00 -0.991782 0.026275 0.217770 0.694972 0.042150 0.010615 0.991782 -0.005771 -0.028630 -0.929473 0.000000 
8.000231e-02 1.003100e-01 9.749276e-02 8.409320e-02 1.000000e-01 1.597503e+00 -0.991782 0.026275 0.217770 0.694972 0.042150 0.010615 0.991782 -0.005771 -0.028630 -0.929473 0.000000 
8.000231e-02 1.003100e-01 9.749276e-02 8.409320e-02 1.000000e-01 1.597503e+00 -0.991782 0.026275 0.217770 0.694972 0.042150 0.010615 0.991782 -0.005771 -0.028630 -0.929473 0.000000 
8.000231e-02 1.003100e-01 9.749276e-02 8.409320e-02 1.000000e-01 1.597503e+00 -0.991782 0.026275 0.217770 0.694972 0.042150 0.010615 0.991782 -0.005771 -0.028630 -0.929473 0.000000 
8.000231e-02 1.003100e-01 9.749276e-02 8.409320e-02 1.000000e-01 1.597503e+00 -0.991782 0.026275 0.217770 0.694972 0.042150 0.010615 0.991782 -0.005771 -0.028630 -0.929473 0.000000 
8.000231e-02 1.003100e-01 9.749276e-02 8.409320e-02 1.000000e-01 1.597503e+00 -0.991782 0.026275 0.217770 0.694972 0.042150 0.010615 0.991782 -0.005771 -0.028630 -0.929473 0.000000 
8.000231e-02 1.003100e-01 9.749276e-02 8.409320e-02 1.000000e-01 1.597503e+00 -0.991782 0.026275 0.217770 0.694972 0.042150 0.010615 0.991782 -0.005771 -0.028630 -0.929473 0.000000 
8.000231e-02 1.003100e-01 9.749276e-02 8.409320e-02 1.000000e-01 1.597503e+00 -0.991782 0.026275 0.217770 0.694972 0.042150 0.010615 0.991782 -0.005771 -0.028630 -0.929473 0.000000 
8.000231e-02 1.003100e-01 9.749276e-02 8.409320e-02 1.000000e-01 1.597503e+00 -0.991782 0.026275 0.217770 0.694972 0.042150 0.010615 0.991782 -0.005771 -0.028630 -0.929473 0.000000 
8.000231e-02 1.003100e-01 9.749276e-02 8.409320e-02 1.000000e-01 1.597503e+00 -0.991782 0.026275 0.217770 0.694972 0.042150 0.010615 0.991782 -0.005771 -0.028630 -0.929473 0.000000 
8.000231e-02 1.003100e-01 9.749276e-02 8.409320e-02 1.000000e-01 1.597503e+00 -0.991782 0.026275 0.217770 0.694972 0.042150 0.010615 0.991782 -0.005771 -0.028630 -0.929473 0.000000 
8.000231e-02 1.003100e-01 9.749276e-02 8.409320e-02 1.000000e-01 1.597503e+00 -0.991782 0.026275 0.217770 0.694972 0.042150 0.010615 0.991782 -0.005771 -0.028630 -0.929473 0.000000 
8.000231e-02 1.003100e-01 9.749276e-02 8.409320e-02 1.000000e-01 1.597503e+00 -0.991782 0.026275 0.217770 0.694972 0.042150 0.010615 0.991782 -0.005771 -0.028630 -0.929473 0.000000 
8.000231e-02 1.003100e-01 9.749276e-02 8.409320e-02 1.000000e-01 1.597503e+00 -0.991782 0.026275 0.217770 0.694972 0.042150 0.010615 0.991782 -0.005771 -0.028630 -0.929473 0.000000 
8.000231e-02 1.003100e-01 9.749276e-02 8.409320e-02 1.000000e-01 1.597503e+00 -0.991782 0.026275 0.217770 0.694972 0.042150 0.010615 0.991782 -0.005771 -0.028630 -0.929473 0.000000 
8.000231e-02 1.003100e-01 9.749276e-02 8.409320e-02 1.000000e-01 1.597503e+00 -0.991782 0.026275 0.217770 0.694972 0.042150 0.010615 0.991782 -0.005771 -0.028630 -0.929473 0.000000 
8.000231e-02 1.003100e-01 9.749276e-02 8.409320e-02 1.000000e-01 1.597503e+00 -0.991782 0.026275 0.217770 0.694972 0.042150 0.010615 0.991782 -0.005771 -0.028630 -0.929473 0.000000 
8.000231e-02 1.003100e-01 9.749276e-02 8.409320e-02 1.000000e-01 1.597503e+00 -0.991782 0.026275 0.217770 0.694972 0.042150 0.010615 0.991782 -0.005771 -0.028630 -0.929473 0.000000 
8.000231e-02 1.003100e-01 9.749276e-02 8.409320e-02 1.000000e-01 1.597503e+00 -0.991782 0.026275 0.217770 0.694972 0.042150 0.010615 0.991782 -0.005771 -0.028630 -0.929473 0.000000 
8.000231e-02 1.003100e-01 9.749276e-02 8.409320e-02 1.000000e-01 1.597503e+00 -0.991782 0.026275 0.217770 0.694972 0.042150 0.010615 0.991782 -0.005771 -0.028630 -0.929473 0.000000 
8.000231e-02 1.003100e-01 9.749276e-02 8.409320e-02 1.000000e-01 1.597503e+00 -0.991782 0.026275 0.217770 0.694972 0.042150 0.010615 0.991782 -0.005771 -0.028630 -0.929473 0.000000 
8.000231e-02 1.003100e-01 9.749276e-02 8.409320e-02 1.000000e-01 1.597503e+00 -0.991782 0.026275 0.217770 0.694972 0.042150 0.010615 0.991782 -0.005771 -0.028630 -0.929473 0.000000 
8.000231e-02 1.003100e-01 9.749276e-02 8.409320e-02 1.000000e-01 1.597503e+00 -0.991782 0.026275 0.217770 0.694972 0.042150 0.010615 0.991782 -0.005771 -0.028630 -0.929473 0.000000 
8.000231e-02 1.003100e-01 9.749276e-02 8.409320e-02 1.000000e-01 1.597503e+00 -0.991782 0.026275 0.217770 0.694972 0.042150 0.010615 0.991782 -0.005771 -0.028630 -0.929473 0.000000 
8.000231e-02 1.003100e-01 9.749276e-02 8.409320e-02 1.000000e-01 1.597503e+00 -0.991782 0.026275 0.217770 0.694972 0.042150 0.010615 0.991782 -0.005771 -0.028630 -0.929473 0.000000 
8.000231e-02 1.003100e-01 9.749276e-02 8.409320e-02 1.000000e-01 1.597503e+00 -0.991782 0.026275 0.217770 0.694972 0.042150 0.010615 0.991782 -0.005771 -0.028630 -0.929473 0.000000 
8.000231e-02 1.003100e-01 9.749276e-02 8.409320e-02 1.000000e-01 1.597503e+00 -0.991782 0.026275 0.217770 0.694972 0.042150 0.010615 0.991782 -0.005771 -0.028630 -0.929473 0.000000 
8.000231e-02 1.003100e-01 9.749276e-02 8.409320e-02 1.000000e-01 1.597503e+00 -0.991782 0.026275 0.217770 0.694972 0.042150 0.010615 0.991782 -0.005771 -0.028630 -0.929473 0.000000 
8.000231e-02 1.003100e-01 9.749276e-02 8.409320e-02 1.000000e-01 1.597503e+00 -0.991782 0.026275 0.217770 0.694972 0.042150 0.010615 0.991782 -0.005771 -0.028630 -0.929473 0.000000 
8.000231e-02 1.003100e-01 9.749276e-02 8.409320e-02 1.000000e-01 1.597503e+00 -0.991782 0.026275 0.217770 0.694972 0.042150 0.010615 0.991782 -0.005771 -0.028630 -0.929473 0.000000 
8.000231e-02 1.003100e-01 9.749276e-02 8.409320e-02 1.000000e-01 1.597503e+00 -0.991782 0.026275 0.217770 0.694972 0.042150 0.010615 0.991782 -0.005771 -0.028630 -0.929473 0.000000 
8.000231e-02 1.003100e-01 9.749276e-02 8.409320e-02 1.000000e-01 1.597503e+00 -0.991782 0.026275 0.217770 0.694972 0.042150 0.010615 0.991782 -0.005771 -0.028630 -0.929473 0.000000 
8.000231e-02 1.003100e-01 9.749276e-02 8.409320e-02 1.000000e-01 1.597503e+00 -0.991782 0.026275 0.217770 0.694972 0.042150 0.010615 0.991782 -0.005771 -0.028630 -0.929473 0.000000 
8.000231e-02 1.003100e-01 9.749276e-02 8.409320e-02 1.000000e-01 1.597503e+00 -0.991782 0.026275 0.217770 0.694972 0.042150 0.010615 0.991782 -0.005771 -0.028630 -0.929473 0.000000 
8.000231e-02 1.003100e-01 9.749276e-02 8.409320e-02 1.000000e-01 1.597503e+00 -0.991782 0.026275 0.217770 0.694972 0.042150 0.010615 0.991782 -0.005771 -0.028630 -0.929473 0.000000 
8.000231e-02 1.003100e-01 9.749276e-02 8.409320e-02 1.000000e-01 1.597503e+00 -0.991782 0.026275 0.217770 0.694972 0.042150 0.010615 0.991782 -0.005771 -0.028630 -0.929473 0.000000 
8.000231e-02 1.003100e-01 9.749276e-02 8.409320e-02 1.000000e-01 1.597503e+00 -0.991782 0.026275 0.217770 0.694972 0.042150 0.010615 0.991782 -0.005771 -0.028630 -0.929473 0.000000 
8.000231e-02 1.003100e-01 9.749276e-02 8.409320e-02 1.000000e-01 1.597503e+00 -0.991782 0.026275 0.217770 0.694972 0.042150 0.010615 0.991782 -0.005771 -0.028630 -0.929473 0.000000 
8.000231e-02 1.003100e-01 9.749276e-02 8.409320e-02 1.000000e-01 1.597503e+00 -0.991782 0.026275 0.217770 0.694972 0.042150 0.010615 0.991782 -0.005771 -0.028630 -0.929473 0.000000 
8.000231e-02 1.003100e-01 9.749276e-02 8.409320e-02 1.000000e-01 1.597503e+00 -0.991782 0.026275 0.217770 0.694972 0.042150 0.010615 0.991782 -0.005771 -0.028630 -0.929473 0.000000 
8.000231e-02 1.003100e-01 9.749276e-02 8.409320e-02 1.000000e-01 1.597503e+00 -0.991782 0.026275 0.217770 0.694972 0.042150 0.010615 0.991782 -0.005771 -0.028630 -0.929473 0.000000 
8.000231e-02 1.003100e-01 9.749276e-02 8.409320e-02 1.000000e-01 1.597503e+00 -0.991782 0.026275 0.217770 0.694972 0.042150 0.010615 0.991782 -0.005771 -0.028630 -0.929473 0.000000 
8.000231e-02 1.003100e-01 9.749276e-02 8.409320e-02 1.000000e-01 1.597503e+00 -0.991782 0.026275 0.217770 0.694972 0.042150 0.010615 0.991782 -0.005771 -0.028630 -0.929473 0.000000 
8.000231e-02 1.003100e-01 9.749276e-02 8.409320e-02 1.000000e-01 1.597503e+00 -0.991782 0.026275 0.217770 0.694972 0.042150 0.010615 0.991782 -0.005771 -0.028630 -0.929473 0.000000 
8.000231e-02 1.003100e-01 9.749276e-02 8.409320e-02 1.000000e-01 1.597503e+00 -0.991782 0.026275 0.217770 0.694972 0.042150 0.010615 0.991782 -0.005771 -0.028630 -0.929473 0.000000 
8.000231e-02 1.003100e-01 9.749276e-02 8.409320e-02 1.000000e-01 1.597503e+00 -0.991782 0.026275 0.217770 0.694972 0.042150 0.010615 0.991782 -0.005771 -0.028630 -0.929473 0.000000 
8.000231e-02 1.003100e-01 9.749276e-02 8.409320e-02 1.000000e-01 1.597503e+00 -0.991782 0.026275 0.217770 0.694972 0.042150 0.010615 0.991782 -0.005771 -0.028630 -0.929473 0.000000 
8.000231e-02 1.003100e-01 9.749276e-02 8.409320e-02 1.000000e-01 1.597503e+00 -0.991782 0.026275 0.217770 0.694972 0.042150 0.010615 0.991782 -0.005771 -0.028630 -0.929473 0.000000 
8.000231e-02 1.003100e-01 9.749276e-02 8.409320e-02 1.000000e-01 1.597503e+00 -0.991782 0.026275 0.217770 0.694972 0.042150 0.010615 0.991782 -0.005771 -0.028630 -0.929473 0.000000 
8.000231e-02 1.003100e-01 9.749276e-02 8.409320e-02 1.000000e-01 1.597503e+00 -0.991782 0.026275 0.217770 0.694972 0.042150 0.010615 0.991782 -0.005771 -0.028630 -0.929473 0.000000 
8.000231e-02 1.003100e-01 9.749276e-02 8.409320e-02 1.000000e-01 1.597503e+00 -0.991782 0.026275 0.217770 0.694972 0.042150 0.010615 0.991782 -0.005771 -0.028630 -0.929473 0.000000 
8.000231e-02 1.003100e-01 9.749276e-02 8.409320e-02 1.000000e-01 1.597503e+00 -0.991782 0.026275 0.217770 0.694972 0.042150 0.010615 0.991782 -0.005771 -0.028630 -0.929473 0.000000 
8.000231e-02 1.003100e-01 9.749276e-02 8.409320e-02 1.000000e-01 1.597503e+00 -0.991782 0.026275 0.217770 0.694972 0.042150 0.010615 0.991782 -0.005771 -0.028630 -0.929473 0.000000 
8.000231e-02 1.003100e-01 9.749276e-02 8.409320e-02 1.000000e-01 1.597503e+00 -0.991782 0.026275 0.217770 0.694972 0.042150 0.010615 0.991782 -0.005771 -0.028630 -0.929473 0.000000 
8.000231e-02 1.003100e-01 9.749276e-02 8.409320e-02 1.000000e-01 1.597503e+00 -0.991782 0.026275 0.217770 0.694972 0.042150 0.010615 0.991782 -0.005771 -0.028630 -0.929473 0.000000 
8.000231e-02 1.003100e-01 9.749276e-02 8.409320e-02 1.000000e-01 1.597503e+00 -0.991782 0.026275 0.217770 0.694972 0.042150 0.010615 0.991782 -0.005771 -0.028630 -0.929473 0.000000 
8.000231e-02 1.003100e-01 9.749276e-02 8.409320e-02 1.000000e-01 1.597503e+00 -0.991782 0.026275 0.217770 0.694972 0.042150 0.010615 0.991782 -0.005771 -0.028630 -0.929473 0.000000 
8.000231e-02 1.003100e-01 9.749276e-02 8.409320e-02 1.000000e-01 1.597503e+00 -0.991782 0.026275 0.217770 0.694972 0.042150 0.010615 0.991782 -0.005771 -0.028630 -0.929473 0.000000 
8.000231e-02 1.003100e-01 9.749276e-02 8.409320e-02 1.000000e-01 1.597503e+00 -0.991782 0.026275 0.217770 0.694972 0.042150 0.010615 0.991782 -0.005771 -0.028630 -0.929473 0.000000 
8.000231e-02 1.003100e-01 9.749276e-02 8.409320e-02 1.000000e-01 1.597503e+00 -0.991782 0.026275 0.217770 0.694972 0.042150 0.010615 0.991782 -0.005771 -0.028630 -0.929473 0.000000 
8.000231e-02 1.003100e-01 9.749276e-02 8.409320e-02 1.000000e-01 1.597503e+00 -0.991782 0.026275 0.217770 0.694972 0.042150 0.010615 0.991782 -0.005771 -0.028630 -0.929473 0.000000 
8.000231e-02 1.003100e-01 9.749276e-02 8.409320e-02 1.000000e-01 1.597503e+00 -0.991782 0.026275 0.217770 0.694972 0.042150 0.010615 0.991782 -0.005771 -0.028630 -0.929473 0.000000 
8.000231e-02 1.003100e-01 9.749276e-02 8.409320e-02 1.000000e-01 1.597503e+00 -0.991782 0.026275 0.217770 0.694972 0.042150 0.010615 0.991782 -0.005771 -0.028630 -0.929473 0.000000 
8.000231e-02 1.003100e-01 9.749276e-02 8.409320e-02 1.000000e-01 1.597503e+00 -0.991782 0.026275 0.217770 0.694972 0.042150 0.010615 0.991782 -0.005771 -0.028630 -0.929473 0.000000 
8.000231e-02 1.003100e-01 9.749276e-02 8.409320e-02 1.000000e-01 1.597503e+00 -0.991782 0.026275 0.217770 0.694972 0.042150 0.010615 0.991782 -0.005771 -0.028630 -0.929473 0.000000 
8.000231e-02 1.003100e-01 9.749276e-02 8.409320e-02 1.000000e-01 1.597503e+00 -0.991782 0.026275 0.217770 0.694972 0.042150 0.010615 0.991782 -0.005771 -0.028630 -0.929473 0.000000 
8.000231e-02 1.003100e-01 9.749276e-02 8.409320e-02 1.000000e-01 1.597503e+00 -0.991782 0.026275 0.217770 0.694972 0.042150 0.010615 0.991782 -0.005771 -0.028630 -0.929473 0.000000 
8.000231e-02 1.003100e-01 9.749276e-02 8.409320e-02 1.000000e-01 1.597503e+00 -0.991782 0.026275 0.217770 0.694972 0.042150 0.010615 0.991782 -0.005771 -0.028630 -0.929473 0.000000 
8.000231e-02 1.003100e-01 9.749276e-02 8.409320e-02 1.000000e-01 1.597503e+00 -0.991782 0.026275 0.217770 0.694972 0.042150 0.010615 0.991782 -0.005771 -0.028630 -0.929473 0.000000 
8.000231e-02 1.003100e-01 9.749276e-02 8.409320e-02 1.000000e-01 1.597503e+00 -0.991782 0.026275 0.217770 0.694972 0.042150 0.010615 0.991782 -0.005771 -0.028630 -0.929473 0.000000 
8.000231e-02 1.003100e-01 9.749276e-02 8.409320e-02 1.000000e-01 1.597503e+00 -0.991782 0.026275 0.217770 0.694972 0.042150 0.010615 0.991782 -0.005771 -0.028630 -0.929473 0.000000 
8.000231e-02 1.003100e-01 9.749276e-02 8.409320e-02 1.000000e-01 1.597503e+00 -0.991782 0.026275 0.217770 0.694972 0.042150 0.010615 0.991782 -0.005771 -0.028630 -0.929473 0.000000 
8.000231e-02 1.003100e-01 9.749276e-02 8.409320e-02 1.000000e-01 1.597503e+00 -0.991782 0.026275 0.217770 0.694972 0.042150 0.010615 0.991782 -0.005771 -0.028630 -0.929473 0.000000 
8.000231e-02 1.003100e-01 9.749276e-02 8.409320e-02 1.000000e-01 1.597503e+00 -0.991782 0.026275 0.217770 0.694972 0.042150 0.010615 0.991782 -0.005771 -0.028630 -0.929473 0.000000 
8.000231e-02 1.003100e-01 9.749276e-02 8.409320e-02 1.000000e-01 1.597503e+00 -0.991782 0.026275 0.217770 0.694972 0.042150 0.010615 0.991782 -0.005771 -0.028630 -0.929473 0.000000 
8.000231e-02 1.003100e-01 9.749276e-02 8.409320e-02 1.000000e-01 1.597503e+00 -0.991782 0.026275 0.217770 0.694972 0.042150 0.010615 0.991782 -0.005771 -0.028630 -0.929473 0.000000 
8.000231e-02 1.003100e-01 9.749276e-02 8.409320e-02 1.000000e-01 1.597503e+00 -0.991782 0.026275 0.217770 0.694972 0.042150 0.010615 0.991782 -0.005771 -0.028630 -0.929473 0.000000 
8.000231e-02 1.003100e-01 9.749276e-02 8.409320e-02 1.000000e-01 1.597503e+00 -0.991782 0.026275 0.217770 0.694972 0.042150 0.010615 0.991782 -0.005771 -0.028630 -0.929473 0.000000 
8.000231e-02 1.003100e-01 9.749276e-02 8.409320e-02 1.000000e-01 1.597503e+00 -0.991782 0.026275 0.217770 0.694972 0.042150 0.010615 0.991782 -0.005771 -0.028630 -0.929473 0.000000 
8.000231e-02 1.003100e-01 9.749276e-02 8.409320e-02 1.000000e-01 1.597503e+00 -0.991782 0.026275 0.217770 0.694972 0.042150 0.010615 0.991782 -0.005771 -0.028630 -0.929473 0.000000 
8.000231e-02 1.003100e-01 9.749276e-02 8.409320e-02 1.000000e-01 1.597503e+00 -0.991782 0.026275 0.217770 0.694972 0.042150 0.010615 0.991782 -0.005771 -0.028630 -0.929473 0.000000 
8.000231e-02 1.003100e-01 9.749276e-02 8.409320e-02 1.000000e-01 1.597503e+00 -0.991782 0.026275 0.217770 0.694972 0.042150 0.010615 0.991782 -0.005771 -0.028630 -0.929473 0.000000 
8.000231e-02 1.003100e-01 9.749276e-02 8.409320e-02 1.000000e-01 1.597503e+00 -0.991782 0.026275 0.217770 0.694972 0.042150 0.010615 0.991782 -0.005771 -0.028630 -0.929473 0.000000 
8.000231e-02 1.003100e-01 9.749276e-02 8.409320e-02 1.000000e-01 1.597503e+00 -0.991782 0.026275 0.217770 0.694972 0.042150 0.010615 0.991782 -0.005771 -0.028630 -0.929473 0.000000 
8.000231e-02 1.003100e-01 9.749276e-02 8.409320e-02 1.000000e-01 1.597503e+00 -0.991782 0.026275 0.217770 0.694972 0.042150 0.010615 0.991782 -0.005771 -0.028630 -0.929473 0.000000 
8.000231e-02 1.003100e-01 9.749276e-02 8.409320e-02 1.000000e-01 1.597503e+00 -0.991782 0.026275 0.217770 0.694972 0.042150 0.010615 0.991782 -0.005771 -0.028630 -0.929473 0.000000 
8.000231e-02 1.003100e-01 9.749276e-02 8.409320e-02 1.000000e-01 1.597503e+00 -0.991782 0.026275 0.217770 0.694972 0.042150 0.010615 0.991782 -0.005771 -0.028630 -0.929473 0.000000 
8.000231e-02 1.003100e-01 9.749276e-02 8.409320e-02 1.000000e-01 1.597503e+00 -0.991782 0.026275 0.217770 0.694972 0.042150 0.010615 0.991782 -0.005771 -0.028630 -0.929473 0.000000 
8.000231e-02 1.003100e-01 9.749276e-02 8.409320e-02 1.000000e-01 1.597503e+00 -0.991782 0.026275 0.217770 0.694972 0.042150 0.010615 0.991782 -0.005771 -0.028630 -0.929473 0.000000 
8.000231e-02 1.003100e-01 9.749276e-02 8.409320e-02 1.000000e-01 1.597503e+00 -0.991782 0.026275 0.217770 0.694972 0.042150 0.010615 0.991782 -0.005771 -0.028630 -0.929473 0.000000 
8.000231e-02 1.003100e-01 9.749276e-02 8.409320e-02 1.000000e-01 1.597503e+00 -0.991782 0.026275 0.217770 0.694972 0.042150 0.010615 0.991782 -0.005771 -0.028630 -0.929473 0.000000 
8.000231e-02 1.003100e-01 9.749276e-02 8.409320e-02 1.000000e-01 1.597503e+00 -0.991782 0.026275 0.217770 0.694972 0.042150 0.010615 0.991782 -0.005771 -0.028630 -0.929473 0.000000 
8.000231e-02 1.003100e-01 9.749276e-02 8.409320e-02 1.000000e-01 1.597503e+00 -0.991782 0.026275 0.217770 0.694972 0.042150 0.010615 0.991782 -0.005771 -0.028630 -0.929473 0.000000 
8.000231e-02 1.003100e-01 9.749276e-02 8.409320e-02 1.000000e-01 1.597503e+00 -0.991782 0.026275 0.217770 0.694972 0.042150 0.010615 0.991782 -0.005771 -0.028630 -0.929473 0.000000 
8.000231e-02 1.003100e-01 9.749276e-02 8.409320e-02 1.000000e-01 1.597503e+00 -0.991782 0.026275 0.217770 0.694972 0.042150 0.010615 0.991782 -0.005771 -0.028630 -0.929473 0.000000 
8.000231e-02 1.003100e-01 9.749276e-02 8.409320e-02 1.000000e-01 1.597503e+00 -0.991782 0.026275 0.217770 0.694972 0.042150 0.010615 0.991782 -0.005771 -0.028630 -0.929473 0.000000 
8.000231e-02 1.003100e-01 9.749276e-02 8.409320e-02 1.000000e-01 1.597503e+00 -0.991782 0.026275 0.217770 0.694972 0.042150 0.010615 0.991782 -0.005771 -0.028630 -0.929473 0.000000 
8.000231e-02 1.003100e-01 9.749276e-02 8.409320e-02 1.000000e-01 1.597503e+00 -0.991782 0.026275 0.217770 0.694972 0.042150 0.010615 0.991782 -0.005771 -0.028630 -0.929473 0.000000 
8.000231e-02 1.003100e-01 9.749276e-02 8.409320e-02 1.000000e-01 1.597503e+00 -0.991782 0.026275 0.217770 0.694972 0.042150 0.010615 0.991782 -0.005771 -0.028630 -0.929473 0.000000 
8.000231e-02 1.003100e-01 9.749276e-02 8.409320e-02 1.000000e-01 1.597503e+00 -0.991782 0.026275 0.217770 0.694972 0.042150 0.010615 0.991782 -0.005771 -0.028630 -0.929473 0.000000 
8.000231e-02 1.003100e-01 9.749276e-02 8.409320e-02 1.000000e-01 1.597503e+00 -0.991782 0.026275 0.217770 0.694972 0.042150 0.010615 0.991782 -0.005771 -0.028630 -0.929473 0.000000 
8.000231e-02 1.003100e-01 9.749276e-02 8.409320e-02 1.000000e-01 1.597503e+00 -0.991782 0.026275 0.217770 0.694972 0.042150 0.010615 0.991782 -0.005771 -0.028630 -0.929473 0.000000 
8.000231e-02 1.003100e-01 9.749276e-02 8.409320e-02 1.000000e-01 1.597503e+00 -0.991782 0.026275 0.217770 0.694972 0.042150 0.010615 0.991782 -0.005771 -0.028630 -0.929473 0.000000 
8.000231e-02 1.003100e-01 9.749276e-02 8.409320e-02 1.000000e-01 1.597503e+00 -0.991782 0.026275 0.217770 0.694972 0.042150 0.010615 0.991782 -0.005771 -0.028630 -0.929473 0.000000 
8.000231e-02 1.003100e-01 9.749276e-02 8.409320e-02 1.000000e-01 1.597503e+00 -0.991782 0.026275 0.217770 0.694972 0.042150 0.010615 0.991782 -0.005771 -0.028630 -0.929473 0.000000 
8.000231e-02 1.003100e-01 9.749276e-02 8.409320e-02 1.000000e-01 1.597503e+00 -0.991782 0.026275 0.217770 0.694972 0.042150 0.010615 0.991782 -0.005771 -0.028630 -0.929473 0.000000 
8.000231e-02 1.003100e-01 9.749276e-02 8.409320e-02 1.000000e-01 1.597503e+00 -0.991782 0.026275 0.217770 0.694972 0.042150 0.010615 0.991782 -0.005771 -0.028630 -0.929473 0.000000 
8.000231e-02 1.003100e-01 9.749276e-02 8.409320e-02 1.000000e-01 1.597503e+00 -0.991782 0.026275 0.217770 0.694972 0.042150 0.010615 0.991782 -0.005771 -0.028630 -0.929473 0.000000 
8.000231e-02 1.003100e-01 9.749276e-02 8.409320e-02 1.000000e-01 1.597503e+00 -0.991782 0.026275 0.217770 0.694972 0.042150 0.010615 0.991782 -0.005771 -0.028630 -0.929473 0.000000 
8.000231e-02 1.003100e-01 9.749276e-02 8.409320e-02 1.000000e-01 1.597503e+00 -0.991782 0.026275 0.217770 0.694972 0.042150 0.010615 0.991782 -0.005771 -0.028630 -0.929473 0.000000 
8.000231e-02 1.003100e-01 9.749276e-02 8.409320e-02 1.000000e-01 1.597503e+00 -0.991782 0.026275 0.217770 0.694972 0.042150 0.010615 0.991782 -0.005771 -0.028630 -0.929473 0.000000 
8.000231e-02 1.003100e-01 9.749276e-02 8.409320e-02 1.000000e-01 1.597503e+00 -0.991782 0.026275 0.217770 0.694972 0.042150 0.010615 0.991782 -0.005771 -0.028630 -0.929473 0.000000 
8.000231e-02 1.003100e-01 9.749276e-02 8.409320e-02 1.000000e-01 1.597503e+00 -0.991782 0.026275 0.217770 0.694972 0.042150 0.010615 0.991782 -0.005771 -0.028630 -0.929473 0.000000 
8.000231e-02 1.003100e-01 9.749276e-02 8.409320e-02 1.000000e-01 1.597503e+00 -0.991782 0.026275 0.217770 0.694972 0.042150 0.010615 0.991782 -0.005771 -0.028630 -0.929473 0.000000 
8.000231e-02 1.003100e-01 9.749276e-02 8.409320e-02 1.000000e-01 1.597503e+00 -0.991782 0.026275 0.217770 0.694972 0.042150 0.010615 0.991782 -0.005771 -0.028630 -0.929473 0.000000 
8.000231e-02 1.003100e-01 9.749276e-02 8.409320e-02 1.000000e-01 1.597503e+00 -0.991782 0.026275 0.217770 0.694972 0.042150 0.010615 0.991782 -0.005771 -0.028630 -0.929473 0.000000 
8.000231e-02 1.003100e-01 9.749276e-02 8.409320e-02 1.000000e-01 1.597503e+00 -0.991782 0.026275 0.217770 0.694972 0.042150 0.010615 0.991782 -0.005771 -0.028630 -0.929473 0.000000 
8.000231e-02 1.003100e-01 9.749276e-02 8.409320e-02 1.000000e-01 1.597503e+00 -0.991782 0.026275 0.217770 0.694972 0.042150 0.010615 0.991782 -0.005771 -0.028630 -0.929473 0.000000 
8.000231e-02 1.003100e-01 9.749276e-02 8.409320e-02 1.000000e-01 1.597503e+00 -0.991782 0.026275 0.217770 0.694972 0.042150 0.010615 0.991782 -0.005771 -0.028630 -0.929473 0.000000 
8.000231e-02 1.003100e-01 9.749276e-02 8.409320e-02 1.000000e-01 1.597503e+00 -0.991782 0.026275 0.217770 0.694972 0.042150 0.010615 0.991782 -0.005771 -0.028630 -0.929473 0.000000 
8.000231e-02 1.003100e-01 9.749276e-02 8.409320e-02 1.000000e-01 1.597503e+00 -0.991782 0.026275 0.217770 0.694972 0.042150 0.010615 0.991782 -0.005771 -0.028630 -0.929473 0.000000 
8.000231e-02 1.003100e-01 9.749276e-02 8.409320e-02 1.000000e-01 1.597503e+00 -0.991782 0.026275 0.217770 0.694972 0.042150 0.010615 0.991782 -0.005771 -0.028630 -0.929473 0.000000 
8.000231e-02 1.003100e-01 9.749276e-02 8.409320e-02 1.000000e-01 1.597503e+00 -0.991782 0.026275 0.217770 0.694972 0.042150 0.010615 0.991782 -0.005771 -0.028630 -0.929473 0.000000 
8.000231e-02 1.003100e-01 9.749276e-02 8.409320e-02 1.000000e-01 1.597503e+00 -0.991782 0.026275 0.217770 0.694972 0.042150 0.010615 0.991782 -0.005771 -0.028630 -0.929473 0.000000 
8.000231e-02 1.003100e-01 9.749276e-02 8.409320e-02 1.000000e-01 1.597503e+00 -0.991782 0.026275 0.217770 0.694972 0.042150 0.010615 0.991782 -0.005771 -0.028630 -0.929473 0.000000 
8.000231e-02 1.003100e-01 9.749276e-02 8.409320e-02 1.000000e-01 1.597503e+00 -0.991782 0.026275 0.217770 0.694972 0.042150 0.010615 0.991782 -0.005771 -0.028630 -0.929473 0.000000 
8.000231e-02 1.003100e-01 9.749276e-02 8.409320e-02 1.000000e-01 1.597503e+00 -0.991782 0.026275 0.217770 0.694972 0.042150 0.010615 0.991782 -0.005771 -0.028630 -0.929473 0.000000 
8.000231e-02 1.003100e-01 9.749276e-02 8.409320e-02 1.000000e-01 1.597503e+00 -0.991782 0.026275 0.217770 0.694972 0.042150 0.010615 0.991782 -0.005771 -0.028630 -0.929473 0.000000 
8.000231e-02 1.003100e-01 9.749276e-02 8.409320e-02 1.000000e-01 1.597503e+00 -0.991782 0.026275 0.217770 0.694972 0.042150 0.010615 0.991782 -0.005771 -0.028630 -0.929473 0.000000 
8.000231e-02 1.003100e-01 9.749276e-02 8.409320e-02 1.000000e-01 1.597503e+00 -0.991782 0.026275 0.217770 0.694972 0.042150 0.010615 0.991782 -0.005771 -0.028630 -0.929473 0.000000 
8.000231e-02 1.003100e-01 9.749276e-02 8.409320e-02 1.000000e-01 1.597503e+00 -0.991782 0.026275 0.217770 0.694972 0.042150 0.010615 0.991782 -0.005771 -0.028630 -0.929473 0.000000 
8.000231e-02 1.003100e-01 9.749276e-02 8.409320e-02 1.000000e-01 1.597503e+00 -0.991782 0.026275 0.217770 0.694972 0.042150 0.010615 0.991782 -0.005771 -0.028630 -0.929473 0.000000 
8.000231e-02 1.003100e-01 9.749276e-02 8.409320e-02 1.000000e-01 1.597503e+00 -0.991782 0.026275 0.217770 0.694972 0.042150 0.010615 0.991782 -0.005771 -0.028630 -0.929473 0.000000 
8.000231e-02 1.003100e-01 9.749276e-02 8.409320e-02 1.000000e-01 1.597503e+00 -0.991782 0.026275 0.217770 0.694972 0.042150 0.010615 0.991782 -0.005771 -0.028630 -0.929473 0.000000 
8.000231e-02 1.003100e-01 9.749276e-02 8.409320e-02 1.000000e-01 1.597503e+00 -0.991782 0.026275 0.217770 0.694972 0.042150 0.010615 0.991782 -0.005771 -0.028630 -0.929473 0.000000 
8.000231e-02 1.003100e-01 9.749276e-02 8.409320e-02 1.000000e-01 1.597503e+00 -0.991782 0.026275 0.217770 0.694972 0.042150 0.010615 0.991782 -0.005771 -0.028630 -0.929473 0.000000 
8.000231e-02 1.003100e-01 9.749276e-02 8.409320e-02 1.000000e-01 1.597503e+00 -0.991782 0.026275 0.217770 0.694972 0.042150 0.010615 0.991782 -0.005771 -0.028630 -0.929473 0.000000 
8.000231e-02 1.003100e-01 9.749276e-02 8.409320e-02 1.000000e-01 1.597503e+00 -0.991782 0.026275 0.217770 0.694972 0.042150 0.010615 0.991782 -0.005771 -0.028630 -0.929473 0.000000 
8.000231e-02 1.003100e-01 9.749276e-02 8.409320e-02 1.000000e-01 1.597503e+00 -0.991782 0.026275 0.217770 0.694972 0.042150 0.010615 0.991782 -0.005771 -0.028630 -0.929473 0.000000 
8.000231e-02 1.003100e-01 9.749276e-02 8.409320e-02 1.000000e-01 1.597503e+00 -0.991782 0.026275 0.217770 0.694972 0.042150 0.010615 0.991782 -0.005771 -0.028630 -0.929473 0.000000 
8.000231e-02 1.003100e-01 9.749276e-02 8.409320e-02 1.000000e-01 1.597503e+00 -0.991782 0.026275 0.217770 0.694972 0.042150 0.010615 0.991782 -0.005771 -0.028630 -0.929473 0.000000 
8.000231e-02 1.003100e-01 9.749276e-02 8.409320e-02 1.000000e-01 1.597503e+00 -0.991782 0.026275 0.217770 0.694972 0.042150 0.010615 0.991782 -0.005771 -0.028630 -0.929473 0.000000 
8.000231e-02 1.003100e-01 9.749276e-02 8.409320e-02 1.000000e-01 1.597503e+00 -0.991782 0.026275 0.217770 0.694972 0.042150 0.010615 0.991782 -0.005771 -0.028630 -0.929473 0.000000 
8.000231e-02 1.003100e-01 9.749276e-02 8.409320e-02 1.000000e-01 1.597503e+00 -0.991782 0.026275 0.217770 0.694972 0.042150 0.010615 0.991782 -0.005771 -0.028630 -0.929473 0.000000 
8.000231e-02 1.003100e-01 9.749276e-02 8.409320e-02 1.000000e-01 1.597503e+00 -0.991782 0.026275 0.217770 0.694972 0.042150 0.010615 0.991782 -0.005771 -0.028630 -0.929473 0.000000 
8.000231e-02 1.003100e-01 9.749276e-02 8.409320e-02 1.000000e-01 1.597503e+00 -0.991782 0.026275 0.217770 0.694972 0.042150 0.010615 0.991782 -0.005771 -0.028630 -0.929473 0.000000 
8.000231e-02 1.003100e-01 9.749276e-02 8.409320e-02 1.000000e-01 1.597503e+00 -0.991782 0.026275 0.217770 0.694972 0.042150 0.010615 0.991782 -0.005771 -0.028630 -0.929473 0.000000 
8.000231e-02 1.003100e-01 9.749276e-02 8.409320e-02 1.000000e-01 1.597503e+00 -0.991782 0.026275 0.217770 0.694972 0.042150 0.010615 0.991782 -0.005771 -0.028630 -0.929473 0.000000 
8.000231e-02 1.003100e-01 9.749276e-02 8.409320e-02 1.000000e-01 1.597503e+00 -0.991782 0.026275 0.217770 0.694972 0.042150 0.010615 0.991782 -0.005771 -0.028630 -0.929473 0.000000 
8.000231e-02 1.003100e-01 9.749276e-02 8.409320e-02 1.000000e-01 1.597503e+00 -0.991782 0.026275 0.217770 0.694972 0.042150 0.010615 0.991782 -0.005771 -0.028630 -0.929473 0.000000 
8.000231e-02 1.003100e-01 9.749276e-02 8.409320e-02 1.000000e-01 1.597503e+00 -0.991782 0.026275 0.217770 0.694972 0.042150 0.010615 0.991782 -0.005771 -0.028630 -0.929473 0.000000 
8.000231e-02 1.003100e-01 9.749276e-02 8.409320e-02 1.000000e-01 1.597503e+00 -0.991782 0.026275 0.217770 0.694972 0.042150 0.010615 0.991782 -0.005771 -0.028630 -0.929473 0.000000 
8.000231e-02 1.003100e-01 9.749276e-02 8.409320e-02 1.000000e-01 1.597503e+00 -0.991782 0.026275 0.217770 0.694972 0.042150 0.010615 0.991782 -0.005771 -0.028630 -0.929473 0.000000 
8.000231e-02 1.003100e-01 9.749276e-02 8.409320e-02 1.000000e-01 1.597503e+00 -0.991782 0.026275 0.217770 0.694972 0.042150 0.010615 0.991782 -0.005771 -0.028630 -0.929473 0.000000 
8.000231e-02 1.003100e-01 9.749276e-02 8.409320e-02 1.000000e-01 1.597503e+00 -0.991782 0.026275 0.217770 0.694972 0.042150 0.010615 0.991782 -0.005771 -0.028630 -0.929473 0.000000 
8.000231e-02 1.003100e-01 9.749276e-02 8.409320e-02 1.000000e-01 1.597503e+00 -0.991782 0.026275 0.217770 0.694972 0.042150 0.010615 0.991782 -0.005771 -0.028630 -0.929473 0.000000 
8.000231e-02 1.003100e-01 9.749276e-02 8.409320e-02 1.000000e-01 1.597503e+00 -0.991782 0.026275 0.217770 0.694972 0.042150 0.010615 0.991782 -0.005771 -0.028630 -0.929473 0.000000 
8.000231e-02 1.003100e-01 9.749276e-02 8.409320e-02 1.000000e-01 1.597503e+00 -0.991782 0.026275 0.217770 0.694972 0.042150 0.010615 0.991782 -0.005771 -0.028630 -0.929473 0.000000 
8.000231e-02 1.003100e-01 9.749276e-02 8.409320e-02 1.000000e-01 1.597503e+00 -0.991782 0.026275 0.217770 0.694972 0.042150 0.010615 0.991782 -0.005771 -0.028630 -0.929473 0.000000 
