# TeX TeY TeZ ThX ThY THZ P1 P2
8.000000e-02 1.000000e-01 8.100000e-01 8.000000e-02 1.000000e-01 8.100000e-01 0.000000 0.000000 0.000000 0.000000 0.000000 0.000000 0.000000 0.000000 0.000000 0.000000 0.000000 
8.000000e-02 1.000000e-01 7.983689e-01 8.000000e-02 1.000000e-01 8.184658e-01 -0.013278 0.001704 0.003409 0.003412 0.003431 0.001322 0.013278 -0.001704 -0.003409 -0.003412 0.000000 
8.000000e-02 1.000000e-01 7.866953e-01 8.000000e-02 1.000000e-01 8.269182e-01 -0.026574 0.003411 0.006823 0.006829 0.006866 0.002646 0.026574 -0.003411 -0.006823 -0.006829 0.000000 
8.000000e-02 1.000000e-01 7.749796e-01 8.000000e-02 1.000000e-01 8.353571e-01 -0.039890 0.005120 0.010241 0.010251 0.010306 0.003972 0.039890 -0.005120 -0.010241 -0.010251 0.000000 
8.000000e-02 1.000000e-01 7.632220e-01 8.000000e-02 1.000000e-01 8.437823e-01 -0.053224 0.006831 0.013665 0.013677 0.013752 0.005299 0.053224 -0.006831 -0.013665 -0.013677 0.000000 
8.000000e-02 1.000000e-01 7.514230e-01 8.000000e-02 1.000000e-01 8.521937e-01 -0.066577 0.008545 0.017093 0.017108 0.017202 0.006629 0.066577 -0.008545 -0.017093 -0.017108 0.000000 
8.000000e-02 9.999999e-02 7.395830e-01 8.000000e-02 1.000000e-01 8.605912e-01 -0.079948 0.010261 0.020526 0.020544 0.020656 0.007960 0.079948 -0.010261 -0.020525 -0.020544 0.000000 
8.000000e-02 9.999999e-02 7.277022e-01 8.000000e-02 1.000000e-01 8.689746e-01 -0.093336 0.011979 0.023963 0.023985 0.024115 0.009293 0.093336 -0.011979 -0.023962 -0.023985 0.000000 
8.000000e-02 9.999999e-02 7.157810e-01 8.000000e-02 1.000000e-01 8.773438e-01 -0.106741 0.013700 0.027405 0.027429 0.027579 0.010628 0.106741 -0.013699 -0.027404 -0.027429 0.000000 
8.000000e-02 9.999999e-02 7.038198e-01 8.000000e-02 1.000000e-01 8.856987e-01 -0.120164 0.015423 0.030851 0.030879 0.031047 0.011964 0.120164 -0.015422 -0.030850 -0.030879 0.000000 
8.000000e-02 9.999998e-02 6.918189e-01 8.000000e-02 1.000000e-01 8.940392e-01 -0.133603 0.017148 0.034302 0.034332 0.034519 0.013302 0.133603 -0.017147 -0.034300 -0.034332 0.000000 
8.000000e-02 9.999998e-02 6.797787e-01 8.000000e-02 1.000000e-01 9.023650e-01 -0.147058 0.018875 0.037756 0.037790 0.037995 0.014642 0.147058 -0.018874 -0.037755 -0.037790 0.000000 
8.000000e-02 9.999998e-02 6.676995e-01 8.000000e-02 1.000000e-01 9.106760e-01 -0.160529 0.020604 0.041215 0.041251 0.041476 0.015983 0.160529 -0.020603 -0.041213 -0.041252 0.000000 
8.000000e-02 9.999997e-02 6.555817e-01 8.000000e-02 1.000000e-01 9.189722e-01 -0.174016 0.022335 0.044678 0.044717 0.044961 0.017326 0.174017 -0.022334 -0.044676 -0.044717 0.000000 
8.000000e-02 9.999996e-02 6.434254e-01 8.000000e-02 1.000000e-01 9.272533e-01 -0.187519 0.024068 0.048145 0.048187 0.048449 0.018670 0.187519 -0.024067 -0.048142 -0.048187 0.000000 
8.000000e-02 9.999995e-02 6.312312e-01 8.000000e-02 1.000000e-01 9.355192e-01 -0.201037 0.025803 0.051615 0.051661 0.051941 0.020016 0.201037 -0.025802 -0.051613 -0.051661 0.000000 
8.000000e-02 9.999995e-02 6.189993e-01 8.000000e-02 1.000000e-01 9.437697e-01 -0.214569 0.027540 0.055090 0.055138 0.055437 0.021363 0.214569 -0.027538 -0.055087 -0.055138 0.000000 
8.000000e-02 9.999993e-02 6.067300e-01 8.000000e-02 1.000000e-01 9.520047e-01 -0.228116 0.029279 0.058568 0.058619 0.058937 0.022712 0.228116 -0.029277 -0.058565 -0.058619 0.000000 
8.000000e-02 9.999992e-02 5.944237e-01 8.000000e-02 1.000000e-01 9.602240e-01 -0.241676 0.031020 0.062050 0.062104 0.062441 0.024062 0.241677 -0.031017 -0.062047 -0.062104 0.000000 
8.000000e-02 9.999990e-02 5.820806e-01 8.000000e-02 1.000000e-01 9.684275e-01 -0.255251 0.032763 0.065536 0.065592 0.065948 0.025413 0.255251 -0.032760 -0.065532 -0.065592 0.000000 
8.000000e-02 9.999988e-02 5.697010e-01 8.000000e-02 1.000000e-01 9.766150e-01 -0.268839 0.034507 0.069025 0.069084 0.069458 0.026766 0.268839 -0.034503 -0.069020 -0.069084 0.000000 
8.000000e-02 9.999985e-02 5.572854e-01 8.000000e-02 1.000000e-01 9.847864e-01 -0.282441 0.036253 0.072517 0.072579 0.072972 0.028120 0.282441 -0.036249 -0.072512 -0.072580 0.000000 
8.000000e-02 9.999982e-02 5.448339e-01 8.000000e-02 1.000000e-01 9.929414e-01 -0.296055 0.038001 0.076013 0.076078 0.076488 0.029475 0.296055 -0.037996 -0.076007 -0.076078 0.000000 
8.000000e-02 9.999979e-02 5.323468e-01 8.000000e-02 1.000000e-01 1.001080e+00 -0.309682 0.039750 0.079513 0.079579 0.080008 0.030832 0.309682 -0.039745 -0.079506 -0.079580 0.000000 
8.000000e-02 9.999974e-02 5.198246e-01 8.000000e-02 1.000000e-01 1.009202e+00 -0.323321 0.041501 0.083015 0.083084 0.083531 0.032189 0.323321 -0.041496 -0.083008 -0.083085 0.000000 
8.000000e-02 9.999968e-02 5.072673e-01 8.000000e-02 1.000000e-01 1.017307e+00 -0.336972 0.043254 0.086521 0.086592 0.087057 0.033548 0.336972 -0.043247 -0.086512 -0.086593 0.000000 
8.000000e-02 9.999962e-02 4.946755e-01 7.999999e-02 1.000000e-01 1.025395e+00 -0.350635 0.045009 0.090030 0.090103 0.090586 0.034908 0.350635 -0.045001 -0.090020 -0.090104 0.000000 
8.000000e-02 9.999953e-02 4.820492e-01 7.999999e-02 1.000000e-01 1.033466e+00 -0.364309 0.046765 0.093542 0.093617 0.094118 0.036268 0.364309 -0.046756 -0.093531 -0.093619 0.000000 
8.000000e-02 9.999943e-02 4.693889e-01 7.999999e-02 1.000000e-01 1.041519e+00 -0.377994 0.048522 0.097057 0.097133 0.097652 0.037630 0.377994 -0.048511 -0.097044 -0.097136 0.000000 
8.000000e-02 9.999931e-02 4.566947e-01 7.999999e-02 1.000000e-01 1.049555e+00 -0.391690 0.050281 0.100575 0.100653 0.101189 0.038993 0.391690 -0.050269 -0.100560 -0.100657 0.000000 
8.000000e-02 9.999916e-02 4.439670e-01 7.999999e-02 1.000000e-01 1.057573e+00 -0.405396 0.052042 0.104096 0.104175 0.104728 0.040356 0.405396 -0.052027 -0.104079 -0.104181 0.000000 
8.000000e-02 9.999898e-02 4.312061e-01 7.999999e-02 1.000000e-01 1.065573e+00 -0.419113 0.053804 0.107620 0.107699 0.108270 0.041721 0.419113 -0.053786 -0.107601 -0.107709 0.000000 
8.000000e-02 9.999876e-02 4.184121e-01 7.999999e-02 1.000000e-01 1.073555e+00 -0.432839 0.055567 0.111146 0.111226 0.111814 0.043086 0.432839 -0.055545 -0.111125 -0.111240 0.000000 
8.000000e-02 9.999849e-02 4.055855e-01 7.999999e-02 1.000000e-01 1.081519e+00 -0.446575 0.057332 0.114676 0.114756 0.115359 0.044452 0.446575 -0.057305 -0.114652 -0.114776 0.000000 
8.000000e-02 9.999816e-02 3.927263e-01 7.999998e-02 1.000000e-01 1.089464e+00 -0.460320 0.059099 0.118208 0.118288 0.118907 0.045819 0.460320 -0.059064 -0.118181 -0.118318 0.000000 
8.000000e-02 9.999775e-02 3.798350e-01 7.999998e-02 1.000000e-01 1.097390e+00 -0.474074 0.060867 0.121743 0.121822 0.122457 0.047186 0.474074 -0.060822 -0.121713 -0.121867 0.000000 
8.000000e-02 9.999726e-02 3.669117e-01 7.999998e-02 1.000000e-01 1.105298e+00 -0.487836 0.062636 0.125280 0.125358 0.126008 0.048554 0.487836 -0.062577 -0.125247 -0.125427 0.000000 
8.000000e-02 9.999666e-02 3.539567e-01 7.999998e-02 1.000000e-01 1.113186e+00 -0.501607 0.064407 0.128820 0.128897 0.129561 0.049923 0.501607 -0.064327 -0.128784 -0.129000 0.000000 
8.000000e-02 9.999592e-02 3.409702e-01 7.999997e-02 1.000000e-01 1.121055e+00 -0.515386 0.066179 0.132363 0.132437 0.133115 0.051291 0.515386 -0.066069 -0.132323 -0.132593 0.000000 
8.000000e-02 9.999501e-02 3.279526e-01 7.999997e-02 1.000000e-01 1.128905e+00 -0.529172 0.067953 0.135909 0.135979 0.136670 0.052661 0.529172 -0.067798 -0.135866 -0.136216 0.000000 
8.000000e-02 9.999390e-02 3.149040e-01 7.999996e-02 1.000000e-01 1.136734e+00 -0.542966 0.069729 0.139458 0.139524 0.140227 0.054030 0.542966 -0.069508 -0.139412 -0.139881 0.000000 
8.000000e-02 9.999255e-02 3.018247e-01 7.999996e-02 1.000000e-01 1.144544e+00 -0.556767 0.071506 0.143009 0.143070 0.143784 0.055400 0.556767 -0.071186 -0.142963 -0.143615 0.000000 
8.000000e-02 9.999089e-02 2.887149e-01 7.999995e-02 1.000000e-01 1.152333e+00 -0.570574 0.073284 0.146563 0.146617 0.147341 0.056769 0.570575 -0.072816 -0.146519 -0.147447 0.000000 
8.000000e-02 9.998885e-02 2.755749e-01 7.999995e-02 1.000000e-01 1.160102e+00 -0.584389 0.075065 0.150119 0.150167 0.150900 0.058139 0.584389 -0.074373 -0.150082 -0.151430 0.000000 
8.000000e-02 9.998637e-02 2.624049e-01 7.999994e-02 1.000000e-01 1.167850e+00 -0.598209 0.076847 0.153679 0.153717 0.154458 0.059509 0.598209 -0.075815 -0.153654 -0.155650 0.000000 
8.000000e-02 9.998333e-02 2.492050e-01 7.999993e-02 1.000000e-01 1.175577e+00 -0.612036 0.078631 0.157242 0.157270 0.158016 0.060878 0.612036 -0.077086 -0.157237 -0.160223 0.000000 
8.000000e-02 9.997964e-02 2.359755e-01 7.999992e-02 1.000000e-01 1.183283e+00 -0.625868 0.080416 0.160808 0.160823 0.161574 0.062247 0.625868 -0.078091 -0.160833 -0.165353 0.000000 
8.000000e-02 9.997517e-02 2.227165e-01 7.999991e-02 1.000000e-01 1.190968e+00 -0.639706 0.082204 0.164377 0.164379 0.165131 0.063615 0.639706 -0.078688 -0.164437 -0.171350 0.000000 
8.000000e-02 9.996980e-02 2.094283e-01 7.999989e-02 1.000000e-01 1.198631e+00 -0.653549 0.083995 0.167950 0.167935 0.168688 0.064983 0.653550 -0.078687 -0.168034 -0.178666 0.000000 
8.000000e-02 9.996342e-02 1.961109e-01 7.999988e-02 1.000000e-01 1.206272e+00 -0.667398 0.085787 0.171527 0.171493 0.172243 0.066350 0.667399 -0.077758 -0.171566 -0.188128 0.000000 
8.000000e-02 9.995599e-02 1.827644e-01 7.999986e-02 1.000000e-01 1.213891e+00 -0.681253 0.087582 0.175107 0.175052 0.175797 0.067716 0.681253 -0.075464 -0.174873 -0.201008 0.000000 
8.000000e-02 9.994765e-02 1.693888e-01 7.999984e-02 1.000000e-01 1.221487e+00 -0.695114 0.089380 0.178693 0.178612 0.179349 0.069081 0.695114 -0.071231 -0.177563 -0.219345 0.000000 
8.000000e-02 9.993908e-02 1.559834e-01 7.999982e-02 1.000000e-01 1.229061e+00 -0.708983 0.091182 0.182284 0.182175 0.182899 0.070444 0.708983 -0.064194 -0.178588 -0.247118 0.000000 
8.000000e-02 9.993315e-02 1.425455e-01 7.999979e-02 1.000000e-01 1.236612e+00 -0.722870 0.092989 0.185883 0.185742 0.186450 0.071807 0.722870 -0.053410 -0.175330 -0.291511 0.000000 
8.000000e-02 9.994212e-02 1.290603e-01 7.999976e-02 1.000000e-01 1.244139e+00 -0.736819 0.094806 0.189502 0.189325 0.190012 0.073174 0.736819 -0.037984 -0.161581 -0.366224 0.000000 
8.000000e-02 1.000164e-01 1.154597e-01 7.999973e-02 1.000000e-01 1.251643e+00 -0.751047 0.096663 0.193198 0.192979 0.193641 0.074566 0.751047 -0.016806 -0.121402 -0.502159 0.000000 
8.000000e-02 1.002485e-01 1.015034e-01 7.999969e-02 1.000000e-01 1.259123e+00 -0.766469 0.098676 0.197206 0.196941 0.197572 0.076074 0.766469 0.012486 -0.017351 -0.767071 0.000000 
8.000000e-02 1.003096e-01 9.749949e-02 7.999965e-02 1.000000e-01 1.266580e+00 -0.774741 0.099777 0.199385 0.199065 0.199650 0.076866 0.774741 0.022067 0.027008 -0.873514 0.000000 
8.000000e-02 1.003096e-01 9.749949e-02 7.999960e-02 1.000000e-01 1.274011e+00 -0.779651 0.100450 0.200707 0.200325 0.200851 0.077319 0.779651 0.021436 0.025748 -0.874776 0.000000 
8.000000e-02 1.003096e-01 9.749949e-02 7.999954e-02 1.000000e-01 1.281418e+00 -0.784545 0.101127 0.202032 0.201581 0.202040 0.077767 0.784545 0.020808 0.024491 -0.876034 0.000000 
8.000000e-02 1.003096e-01 9.749949e-02 7.999948e-02 1.000000e-01 1.288800e+00 -0.789422 0.101807 0.203361 0.202832 0.203215 0.078207 0.789422 0.020182 0.023239 -0.877287 0.000000 
8.000000e-02 1.003096e-01 9.749949e-02 7.999941e-02 1.000000e-01 1.296157e+00 -0.794283 0.102491 0.204696 0.204080 0.204376 0.078641 0.794283 0.019559 0.021991 -0.878536 0.000000 
8.000000e-02 1.003096e-01 9.749949e-02 7.999932e-02 1.000000e-01 1.303488e+00 -0.799126 0.103180 0.206037 0.205324 0.205520 0.079066 0.799127 0.018937 0.020748 -0.879781 0.000000 
8.000000e-02 1.003096e-01 9.749949e-02 7.999923e-02 1.000000e-01 1.310794e+00 -0.803953 0.103875 0.207385 0.206564 0.206648 0.079482 0.803953 0.018317 0.019509 -0.881021 0.000000 
8.000000e-02 1.003096e-01 9.749949e-02 7.999913e-02 1.000000e-01 1.318073e+00 -0.808762 0.104577 0.208743 0.207800 0.207755 0.079888 0.808762 0.017700 0.018274 -0.882257 0.000000 
8.000000e-02 1.003096e-01 9.749949e-02 7.999901e-02 1.000000e-01 1.325326e+00 -0.813554 0.105285 0.210110 0.209033 0.208843 0.080284 0.813554 0.017085 0.017044 -0.883488 0.000000 
8.000000e-02 1.003096e-01 9.749949e-02 7.999887e-02 1.000000e-01 1.332551e+00 -0.818328 0.106002 0.211490 0.210263 0.209906 0.080667 0.818328 0.016473 0.015818 -0.884715 0.000000 
8.000000e-02 1.003096e-01 9.749949e-02 7.999872e-02 1.000000e-01 1.339750e+00 -0.823084 0.106727 0.212882 0.211491 0.210946 0.081038 0.823084 0.015862 0.014597 -0.885937 0.000000 
8.000000e-02 1.003096e-01 9.749949e-02 7.999854e-02 1.000000e-01 1.346921e+00 -0.827822 0.107464 0.214292 0.212717 0.211957 0.081393 0.827822 0.015254 0.013381 -0.887155 0.000000 
8.000000e-02 1.003096e-01 9.749949e-02 7.999834e-02 1.000000e-01 1.354064e+00 -0.832541 0.108211 0.215719 0.213941 0.212939 0.081732 0.832541 0.014648 0.012169 -0.888367 0.000000 
8.000000e-02 1.003096e-01 9.749949e-02 7.999812e-02 1.000000e-01 1.361179e+00 -0.837242 0.108971 0.217167 0.215166 0.213887 0.082051 0.837242 0.014045 0.010962 -0.889575 0.000000 
8.000000e-02 1.003096e-01 9.749949e-02 7.999787e-02 1.000000e-01 1.368265e+00 -0.841924 0.109745 0.218639 0.216392 0.214798 0.082351 0.841924 0.013444 0.009760 -0.890778 0.000000 
8.000000e-02 1.003096e-01 9.749949e-02 7.999759e-02 1.000000e-01 1.375323e+00 -0.846587 0.110532 0.220136 0.217621 0.215671 0.082628 0.846587 0.012846 0.008563 -0.891977 0.000000 
8.000000e-02 1.003096e-01 9.749949e-02 7.999727e-02 1.000000e-01 1.382351e+00 -0.851230 0.111337 0.221667 0.218856 0.216496 0.082876 0.851230 0.012250 0.007371 -0.893170 0.000000 
8.000000e-02 1.003096e-01 9.749949e-02 7.999691e-02 1.000000e-01 1.389349e+00 -0.855854 0.112157 0.223228 0.220097 0.217275 0.083098 0.855854 0.011656 0.006184 -0.894358 0.000000 
8.000000e-02 1.003096e-01 9.749949e-02 7.999651e-02 1.000000e-01 1.396317e+00 -0.860458 0.112996 0.224832 0.221351 0.217996 0.083284 0.860458 0.011065 0.005002 -0.895541 0.000000 
8.000000e-02 1.003096e-01 9.749949e-02 7.999605e-02 1.000000e-01 1.403255e+00 -0.865042 0.113854 0.226478 0.222619 0.218657 0.083434 0.865042 0.010477 0.003825 -0.896719 0.000000 
8.000000e-02 1.003096e-01 9.749949e-02 7.999554e-02 1.000000e-01 1.410162e+00 -0.869605 0.114729 0.228171 0.223906 0.219255 0.083544 0.869606 0.009891 0.002653 -0.897892 0.000000 
8.000000e-02 1.003096e-01 9.749949e-02 7.999497e-02 1.000000e-01 1.417038e+00 -0.874148 0.115626 0.229927 0.225224 0.219770 0.083602 0.874149 0.009308 0.001487 -0.899059 0.000000 
8.000000e-02 1.003096e-01 9.749949e-02 7.999433e-02 1.000000e-01 1.423882e+00 -0.878671 0.116539 0.231742 0.226574 0.220208 0.083609 0.878671 0.008728 0.000326 -0.900221 0.000000 
8.000000e-02 1.003096e-01 9.749949e-02 7.999362e-02 1.000000e-01 1.430694e+00 -0.883172 0.117470 0.233628 0.227968 0.220552 0.083555 0.883172 0.008150 -0.000830 -0.901378 0.000000 
8.000000e-02 1.003096e-01 9.749949e-02 7.999282e-02 1.000000e-01 1.437473e+00 -0.887651 0.118417 0.235600 0.229422 0.220786 0.083427 0.887651 0.007575 -0.001980 -0.902529 0.000000 
8.000000e-02 1.003096e-01 9.749949e-02 7.999194e-02 1.000000e-01 1.444220e+00 -0.892109 0.119374 0.237657 0.230942 0.220911 0.083226 0.892109 0.007003 -0.003124 -0.903675 0.000000 
8.000000e-02 1.003096e-01 9.749949e-02 7.999095e-02 1.000000e-01 1.450933e+00 -0.896545 0.120338 0.239824 0.232555 0.220898 0.082932 0.896545 0.006434 -0.004263 -0.904815 0.000000 
8.000000e-02 1.003096e-01 9.749949e-02 7.998986e-02 1.000000e-01 1.457613e+00 -0.900959 0.121299 0.242113 0.234282 0.220732 0.082533 0.900959 0.005867 -0.005396 -0.905949 0.000000 
8.000000e-02 1.003096e-01 9.749949e-02 7.998866e-02 1.000000e-01 1.464258e+00 -0.905350 0.122249 0.244529 0.236139 0.220407 0.082026 0.905351 0.005304 -0.006524 -0.907077 0.000000 
8.000000e-02 1.003096e-01 9.749949e-02 7.998734e-02 1.000000e-01 1.470869e+00 -0.909719 0.123172 0.247110 0.238175 0.219880 0.081382 0.909719 0.004743 -0.007645 -0.908200 0.000000 
8.000000e-02 1.003096e-01 9.749949e-02 7.998589e-02 1.000000e-01 1.477444e+00 -0.914064 0.124048 0.249876 0.240430 0.219124 0.080586 0.914065 0.004185 -0.008761 -0.909317 0.000000 
8.000000e-02 1.003096e-01 9.749949e-02 7.998430e-02 1.000000e-01 1.483984e+00 -0.918387 0.124858 0.252840 0.242932 0.218127 0.079631 0.918387 0.003631 -0.009871 -0.910427 0.000000 
8.000000e-02 1.003096e-01 9.749949e-02 7.998258e-02 1.000000e-01 1.490488e+00 -0.922685 0.125566 0.256048 0.245754 0.216832 0.078486 0.922685 0.003079 -0.010974 -0.911532 0.000000 
8.000000e-02 1.003096e-01 9.749949e-02 7.998071e-02 1.000000e-01 1.496956e+00 -0.926960 0.126121 0.259562 0.248998 0.215166 0.077114 0.926960 0.002530 -0.012072 -0.912630 0.000000 
8.000000e-02 1.003096e-01 9.749949e-02 7.997871e-02 1.000000e-01 1.503386e+00 -0.931210 0.126489 0.263393 0.252700 0.213112 0.075516 0.931210 0.001985 -0.013163 -0.913722 0.000000 
8.000000e-02 1.003096e-01 9.749949e-02 7.997657e-02 1.000000e-01 1.509776e+00 -0.935434 0.126613 0.267593 0.256953 0.210606 0.073669 0.935434 0.001443 -0.014247 -0.914808 0.000000 
8.000000e-02 1.003096e-01 9.749949e-02 7.997432e-02 1.000000e-01 1.516127e+00 -0.939632 0.126363 0.272301 0.261989 0.207476 0.071503 0.939632 0.000904 -0.015325 -0.915887 0.000000 
8.000000e-02 1.003096e-01 9.749949e-02 7.997197e-02 1.000000e-01 1.522437e+00 -0.943803 0.125676 0.277545 0.267883 0.203676 0.069023 0.943803 0.000369 -0.016396 -0.916959 0.000000 
8.000000e-02 1.003096e-01 9.749949e-02 7.996958e-02 1.000000e-01 1.528706e+00 -0.947948 0.124451 0.283399 0.274779 0.199103 0.066215 0.947948 -0.000163 -0.017460 -0.918024 0.000000 
8.000000e-02 1.003096e-01 9.749949e-02 7.996725e-02 1.000000e-01 1.534933e+00 -0.952064 0.122561 0.289956 0.282873 0.193618 0.063057 0.952064 -0.000692 -0.018517 -0.919082 0.000000 
8.000000e-02 1.003096e-01 9.749949e-02 7.996515e-02 1.000000e-01 1.541118e+00 -0.956152 0.119707 0.297463 0.292661 0.186855 0.059466 0.956152 -0.001216 -0.019566 -0.920132 0.000000 
8.000000e-02 1.003096e-01 9.749949e-02 7.996366e-02 1.000000e-01 1.547259e+00 -0.960210 0.115819 0.305905 0.304238 0.178761 0.055486 0.960210 -0.001737 -0.020608 -0.921175 0.000000 
8.000000e-02 1.003096e-01 9.749949e-02 7.996352e-02 1.000000e-01 1.553355e+00 -0.964233 0.110726 0.315343 0.317910 0.169137 0.051118 0.964233 -0.002254 -0.021641 -0.922209 0.000000 
8.000000e-02 1.003096e-01 9.749949e-02 7.996624e-02 1.000000e-01 1.559402e+00 -0.968218 0.104254 0.325781 0.334038 0.157774 0.046371 0.968218 -0.002765 -0.022664 -0.923232 0.000000 
8.000000e-02 1.003096e-01 9.749949e-02 7.997512e-02 1.000000e-01 1.565396e+00 -0.972149 0.096168 0.337128 0.353222 0.144379 0.041253 0.972149 -0.003269 -0.023673 -0.924243 0.000000 
8.000000e-02 1.003096e-01 9.749949e-02 7.999759e-02 1.000000e-01 1.571325e+00 -0.975999 0.086381 0.348879 0.376070 0.128841 0.035828 0.975999 -0.003763 -0.024662 -0.925232 0.000000 
8.000000e-02 1.003096e-01 9.749949e-02 8.005082e-02 1.000000e-01 1.577165e+00 -0.979715 0.075219 0.359798 0.402824 0.111611 0.030263 0.979715 -0.004240 -0.025616 -0.926187 0.000000 
8.000000e-02 1.003096e-01 9.749949e-02 8.017856e-02 1.000000e-01 1.582864e+00 -0.983192 0.063215 0.367374 0.434335 0.093475 0.024793 0.983192 -0.004687 -0.026508 -0.927080 0.000000 
8.000000e-02 1.003096e-01 9.749949e-02 8.050671e-02 1.000000e-01 1.588296e+00 -0.986239 0.051430 0.365820 0.473079 0.076084 0.019826 0.986239 -0.005078 -0.027291 -0.927863 0.000000 
8.000000e-02 1.003096e-01 9.749949e-02 8.146088e-02 1.000000e-01 1.593161e+00 -0.988646 0.041062 0.339099 0.530962 0.061677 0.015846 0.988646 -0.005387 -0.027909 -0.928482 0.000000 
8.000000e-02 1.003096e-01 9.749949e-02 8.405299e-02 1.000000e-01 1.597456e+00 -0.991724 0.026519 0.220122 0.691896 0.042485 0.010703 0.991724 -0.005782 -0.028699 -0.929273 0.000000 
8.000000e-02 1.003096e-01 9.749949e-02 8.409176e-02 1.000000e-01 1.597503e+00 -0.991775 0.026280 0.217828 0.694897 0.042155 0.010616 0.991775 -0.005788 -0.028712 -0.929286 0.000000 
8.000000e-02 1.003096e-01 9.749949e-02 8.409176e-02 1.000000e-01 1.597503e+00 -0.991775 0.026280 0.217828 0.694897 0.042155 0.010616 0.991775 -0.005788 -0.028712 -0.929286 0.000000 
8.000000e-02 1.003096e-01 9.749949e-02 8.409176e-02 1.000000e-01 1.597503e+00 -0.991775 0.026280 0.217828 0.694897 0.042155 0.010616 0.991775 -0.005788 -0.028712 -0.929286 0.000000 
8.000000e-02 1.003096e-01 9.749949e-02 8.409176e-02 1.000000e-01 1.597503e+00 -0.991775 0.026280 0.217828 0.694897 0.042155 0.010616 0.991775 -0.005788 -0.028712 -0.929286 0.000000 
8.000000e-02 1.003096e-01 9.749949e-02 8.409176e-02 1.000000e-01 1.597503e+00 -0.991775 0.026280 0.217828 0.694897 0.042155 0.010616 0.991775 -0.005788 -0.028712 -0.929286 0.000000 
8.000000e-02 1.003096e-01 9.749949e-02 8.409176e-02 1.000000e-01 1.597503e+00 -0.991775 0.026280 0.217828 0.694897 0.042155 0.010616 0.991775 -0.005788 -0.028712 -0.929286 0.000000 
8.000000e-02 1.003096e-01 9.749949e-02 8.409176e-02 1.000000e-01 1.597503e+00 -0.991775 0.026280 0.217828 0.694897 0.042155 0.010616 0.991775 -0.005788 -0.028712 -0.929286 0.000000 
8.000000e-02 1.003096e-01 9.749949e-02 8.409176e-02 1.000000e-01 1.597503e+00 -0.991775 0.026280 0.217828 0.694897 0.042155 0.010616 0.991775 -0.005788 -0.028712 -0.929286 0.000000 
8.000000e-02 1.003096e-01 9.749949e-02 8.409176e-02 1.000000e-01 1.597503e+00 -0.991775 0.026280 0.217828 0.694897 0.042155 0.010616 0.991775 -0.005788 -0.028712 -0.929286 0.000000 
8.000000e-02 1.003096e-01 9.749949e-02 8.409176e-02 1.000000e-01 1.597503e+00 -0.991775 0.026280 0.217828 0.694897 0.042155 0.010616 0.991775 -0.005788 -0.028712 -0.929286 0.000000 
8.000000e-02 1.003096e-01 9.749949e-02 8.409176e-02 1.000000e-01 1.597503e+00 -0.991775 0.026280 0.217828 0.694897 0.042155 0.010616 0.991775 -0.005788 -0.028712 -0.929286 0.000000 
8.000000e-02 1.003096e-01 9.749949e-02 8.409176e-02 1.000000e-01 1.597503e+00 -0.991775 0.026280 0.217828 0.694897 0.042155 0.010616 0.991775 -0.005788 -0.028712 -0.929286 0.000000 
8.000000e-02 1.003096e-01 9.749949e-02 8.409176e-02 1.000000e-01 1.597503e+00 -0.991775 0.026280 0.217828 0.694897 0.042155 0.010616 0.991775 -0.005788 -0.028712 -0.929286 0.000000 
8.000000e-02 1.003096e-01 9.749949e-02 8.409176e-02 1.000000e-01 1.597503e+00 -0.991775 0.026280 0.217828 0.694897 0.042155 0.010616 0.991775 -0.005788 -0.028712 -0.929286 0.000000 
8.000000e-02 1.003096e-01 9.749949e-02 8.409176e-02 1.000000e-01 1.597503e+00 -0.991775 0.026280 0.217828 0.694897 0.042155 0.010616 0.991775 -0.005788 -0.028712 -0.929286 0.000000 
8.000000e-02 1.003096e-01 9.749949e-02 8.409176e-02 1.000000e-01 1.597503e+00 -0.991775 0.026280 0.217828 0.694897 0.042155 0.010616 0.991775 -0.005788 -0.028712 -0.929286 0.000000 
8.000000e-02 1.003096e-01 9.749949e-02 8.409176e-02 1.000000e-01 1.597503e+00 -0.991775 0.026280 0.217828 0.694897 0.042155 0.010616 0.991775 -0.005788 -0.028712 -0.929286 0.000000 
8.000000e-02 1.003096e-01 9.749949e-02 8.409176e-02 1.000000e-01 1.597503e+00 -0.991775 0.026280 0.217828 0.694897 0.042155 0.010616 0.991775 -0.005788 -0.028712 -0.929286 0.000000 
8.000000e-02 1.003096e-01 9.749949e-02 8.409176e-02 1.000000e-01 1.597503e+00 -0.991775 0.026280 0.217828 0.694897 0.042155 0.010616 0.991775 -0.005788 -0.028712 -0.929286 0.000000 
8.000000e-02 1.003096e-01 9.749949e-02 8.409176e-02 1.000000e-01 1.597503e+00 -0.991775 0.026280 0.217828 0.694897 0.042155 0.010616 0.991775 -0.005788 -0.028712 -0.929286 0.000000 
8.000000e-02 1.003096e-01 9.749949e-02 8.409176e-02 1.000000e-01 1.597503e+00 -0.991775 0.026280 0.217828 0.694897 0.042155 0.010616 0.991775 -0.005788 -0.028712 -0.929286 0.000000 
8.000000e-02 1.003096e-01 9.749949e-02 8.409176e-02 1.000000e-01 1.597503e+00 -0.991775 0.026280 0.217828 0.694897 0.042155 0.010616 0.991775 -0.005788 -0.028712 -0.929286 0.000000 
8.000000e-02 1.003096e-01 9.749949e-02 8.409176e-02 1.000000e-01 1.597503e+00 -0.991775 0.026280 0.217828 0.694897 0.042155 0.010616 0.991775 -0.005788 -0.028712 -0.929286 0.000000 
8.000000e-02 1.003096e-01 9.749949e-02 8.409176e-02 1.000000e-01 1.597503e+00 -0.991775 0.026280 0.217828 0.694897 0.042155 0.010616 0.991775 -0.005788 -0.028712 -0.929286 0.000000 
8.000000e-02 1.003096e-01 9.749949e-02 8.409176e-02 1.000000e-01 1.597503e+00 -0.991775 0.026280 0.217828 0.694897 0.042155 0.010616 0.991775 -0.005788 -0.028712 -0.929286 0.000000 
8.000000e-02 1.003096e-01 9.749949e-02 8.409176e-02 1.000000e-01 1.597503e+00 -0.991775 0.026280 0.217828 0.694897 0.042155 0.010616 0.991775 -0.005788 -0.028712 -0.929286 0.000000 
8.000000e-02 1.003096e-01 9.749949e-02 8.409176e-02 1.000000e-01 1.597503e+00 -0.991775 0.026280 0.217828 0.694897 0.042155 0.010616 0.991775 -0.005788 -0.028712 -0.929286 0.000000 
8.000000e-02 1.003096e-01 9.749949e-02 8.409176e-02 1.000000e-01 1.597503e+00 -0.991775 0.026280 0.217828 0.694897 0.042155 0.010616 0.991775 -0.005788 -0.028712 -0.929286 0.000000 
8.000000e-02 1.003096e-01 9.749949e-02 8.409176e-02 1.000000e-01 1.597503e+00 -0.991775 0.026280 0.217828 0.694897 0.042155 0.010616 0.991775 -0.005788 -0.028712 -0.929286 0.000000 
8.000000e-02 1.003096e-01 9.749949e-02 8.409176e-02 1.000000e-01 1.597503e+00 -0.991775 0.026280 0.217828 0.694897 0.042155 0.010616 0.991775 -0.005788 -0.028712 -0.929286 0.000000 
8.000000e-02 1.003096e-01 9.749949e-02 8.409176e-02 1.000000e-01 1.597503e+00 -0.991775 0.026280 0.217828 0.694897 0.042155 0.010616 0.991775 -0.005788 -0.028712 -0.929286 0.000000 
8.000000e-02 1.003096e-01 9.749949e-02 8.409176e-02 1.000000e-01 1.597503e+00 -0.991775 0.026280 0.217828 0.694897 0.042155 0.010616 0.991775 -0.005788 -0.028712 -0.929286 0.000000 
8.000000e-02 1.003096e-01 9.749949e-02 8.409176e-02 1.000000e-01 1.597503e+00 -0.991775 0.026280 0.217828 0.694897 0.042155 0.010616 0.991775 -0.005788 -0.028712 -0.929286 0.000000 
8.000000e-02 1.003096e-01 9.749949e-02 8.409176e-02 1.000000e-01 1.597503e+00 -0.991775 0.026280 0.217828 0.694897 0.042155 0.010616 0.991775 -0.005788 -0.028712 -0.929286 0.000000 
8.000000e-02 1.003096e-01 9.749949e-02 8.409176e-02 1.000000e-01 1.597503e+00 -0.991775 0.026280 0.217828 0.694897 0.042155 0.010616 0.991775 -0.005788 -0.028712 -0.929286 0.000000 
8.000000e-02 1.003096e-01 9.749949e-02 8.409176e-02 1.000000e-01 1.597503e+00 -0.991775 0.026280 0.217828 0.694897 0.042155 0.010616 0.991775 -0.005788 -0.028712 -0.929286 0.000000 
8.000000e-02 1.003096e-01 9.749949e-02 8.409176e-02 1.000000e-01 1.597503e+00 -0.991775 0.026280 0.217828 0.694897 0.042155 0.010616 0.991775 -0.005788 -0.028712 -0.929286 0.000000 
8.000000e-02 1.003096e-01 9.749949e-02 8.409176e-02 1.000000e-01 1.597503e+00 -0.991775 0.026280 0.217828 0.694897 0.042155 0.010616 0.991775 -0.005788 -0.028712 -0.929286 0.000000 
8.000000e-02 1.003096e-01 9.749949e-02 8.409176e-02 1.000000e-01 1.597503e+00 -0.991775 0.026280 0.217828 0.694897 0.042155 0.010616 0.991775 -0.005788 -0.028712 -0.929286 0.000000 
8.000000e-02 1.003096e-01 9.749949e-02 8.409176e-02 1.000000e-01 1.597503e+00 -0.991775 0.026280 0.217828 0.694897 0.042155 0.010616 0.991775 -0.005788 -0.028712 -0.929286 0.000000 
8.000000e-02 1.003096e-01 9.749949e-02 8.409176e-02 1.000000e-01 1.597503e+00 -0.991775 0.026280 0.217828 0.694897 0.042155 0.010616 0.991775 -0.005788 -0.028712 -0.929286 0.000000 
8.000000e-02 1.003096e-01 9.749949e-02 8.409176e-02 1.000000e-01 1.597503e+00 -0.991775 0.026280 0.217828 0.694897 0.042155 0.010616 0.991775 -0.005788 -0.028712 -0.929286 0.000000 
8.000000e-02 1.003096e-01 9.749949e-02 8.409176e-02 1.000000e-01 1.597503e+00 -0.991775 0.026280 0.217828 0.694897 0.042155 0.010616 0.991775 -0.005788 -0.028712 -0.929286 0.000000 
8.000000e-02 1.003096e-01 9.749949e-02 8.409176e-02 1.000000e-01 1.597503e+00 -0.991775 0.026280 0.217828 0.694897 0.042155 0.010616 0.991775 -0.005788 -0.028712 -0.929286 0.000000 
8.000000e-02 1.003096e-01 9.749949e-02 8.409176e-02 1.000000e-01 1.597503e+00 -0.991775 0.026280 0.217828 0.694897 0.042155 0.010616 0.991775 -0.005788 -0.028712 -0.929286 0.000000 
8.000000e-02 1.003096e-01 9.749949e-02 8.409176e-02 1.000000e-01 1.597503e+00 -0.991775 0.026280 0.217828 0.694897 0.042155 0.010616 0.991775 -0.005788 -0.028712 -0.929286 0.000000 
8.000000e-02 1.003096e-01 9.749949e-02 8.409176e-02 1.000000e-01 1.597503e+00 -0.991775 0.026280 0.217828 0.694897 0.042155 0.010616 0.991775 -0.005788 -0.028712 -0.929286 0.000000 
8.000000e-02 1.003096e-01 9.749949e-02 8.409176e-02 1.000000e-01 1.597503e+00 -0.991775 0.026280 0.217828 0.694897 0.042155 0.010616 0.991775 -0.005788 -0.028712 -0.929286 0.000000 
8.000000e-02 1.003096e-01 9.749949e-02 8.409176e-02 1.000000e-01 1.597503e+00 -0.991775 0.026280 0.217828 0.694897 0.042155 0.010616 0.991775 -0.005788 -0.028712 -0.929286 0.000000 
8.000000e-02 1.003096e-01 9.749949e-02 8.409176e-02 1.000000e-01 1.597503e+00 -0.991775 0.026280 0.217828 0.694897 0.042155 0.010616 0.991775 -0.005788 -0.028712 -0.929286 0.000000 
8.000000e-02 1.003096e-01 9.749949e-02 8.409176e-02 1.000000e-01 1.597503e+00 -0.991775 0.026280 0.217828 0.694897 0.042155 0.010616 0.991775 -0.005788 -0.028712 -0.929286 0.000000 
8.000000e-02 1.003096e-01 9.749949e-02 8.409176e-02 1.000000e-01 1.597503e+00 -0.991775 0.026280 0.217828 0.694897 0.042155 0.010616 0.991775 -0.005788 -0.028712 -0.929286 0.000000 
8.000000e-02 1.003096e-01 9.749949e-02 8.409176e-02 1.000000e-01 1.597503e+00 -0.991775 0.026280 0.217828 0.694897 0.042155 0.010616 0.991775 -0.005788 -0.028712 -0.929286 0.000000 
8.000000e-02 1.003096e-01 9.749949e-02 8.409176e-02 1.000000e-01 1.597503e+00 -0.991775 0.026280 0.217828 0.694897 0.042155 0.010616 0.991775 -0.005788 -0.028712 -0.929286 0.000000 
8.000000e-02 1.003096e-01 9.749949e-02 8.409176e-02 1.000000e-01 1.597503e+00 -0.991775 0.026280 0.217828 0.694897 0.042155 0.010616 0.991775 -0.005788 -0.028712 -0.929286 0.000000 
8.000000e-02 1.003096e-01 9.749949e-02 8.409176e-02 1.000000e-01 1.597503e+00 -0.991775 0.026280 0.217828 0.694897 0.042155 0.010616 0.991775 -0.005788 -0.028712 -0.929286 0.000000 
8.000000e-02 1.003096e-01 9.749949e-02 8.409176e-02 1.000000e-01 1.597503e+00 -0.991775 0.026280 0.217828 0.694897 0.042155 0.010616 0.991775 -0.005788 -0.028712 -0.929286 0.000000 
8.000000e-02 1.003096e-01 9.749949e-02 8.409176e-02 1.000000e-01 1.597503e+00 -0.991775 0.026280 0.217828 0.694897 0.042155 0.010616 0.991775 -0.005788 -0.028712 -0.929286 0.000000 
8.000000e-02 1.003096e-01 9.749949e-02 8.409176e-02 1.000000e-01 1.597503e+00 -0.991775 0.026280 0.217828 0.694897 0.042155 0.010616 0.991775 -0.005788 -0.028712 -0.929286 0.000000 
8.000000e-02 1.003096e-01 9.749949e-02 8.409176e-02 1.000000e-01 1.597503e+00 -0.991775 0.026280 0.217828 0.694897 0.042155 0.010616 0.991775 -0.005788 -0.028712 -0.929286 0.000000 
8.000000e-02 1.003096e-01 9.749949e-02 8.409176e-02 1.000000e-01 1.597503e+00 -0.991775 0.026280 0.217828 0.694897 0.042155 0.010616 0.991775 -0.005788 -0.028712 -0.929286 0.000000 
8.000000e-02 1.003096e-01 9.749949e-02 8.409176e-02 1.000000e-01 1.597503e+00 -0.991775 0.026280 0.217828 0.694897 0.042155 0.010616 0.991775 -0.005788 -0.028712 -0.929286 0.000000 
8.000000e-02 1.003096e-01 9.749949e-02 8.409176e-02 1.000000e-01 1.597503e+00 -0.991775 0.026280 0.217828 0.694897 0.042155 0.010616 0.991775 -0.005788 -0.028712 -0.929286 0.000000 
8.000000e-02 1.003096e-01 9.749949e-02 8.409176e-02 1.000000e-01 1.597503e+00 -0.991775 0.026280 0.217828 0.694897 0.042155 0.010616 0.991775 -0.005788 -0.028712 -0.929286 0.000000 
8.000000e-02 1.003096e-01 9.749949e-02 8.409176e-02 1.000000e-01 1.597503e+00 -0.991775 0.026280 0.217828 0.694897 0.042155 0.010616 0.991775 -0.005788 -0.028712 -0.929286 0.000000 
8.000000e-02 1.003096e-01 9.749949e-02 8.409176e-02 1.000000e-01 1.597503e+00 -0.991775 0.026280 0.217828 0.694897 0.042155 0.010616 0.991775 -0.005788 -0.028712 -0.929286 0.000000 
8.000000e-02 1.003096e-01 9.749949e-02 8.409176e-02 1.000000e-01 1.597503e+00 -0.991775 0.026280 0.217828 0.694897 0.042155 0.010616 0.991775 -0.005788 -0.028712 -0.929286 0.000000 
8.000000e-02 1.003096e-01 9.749949e-02 8.409176e-02 1.000000e-01 1.597503e+00 -0.991775 0.026280 0.217828 0.694897 0.042155 0.010616 0.991775 -0.005788 -0.028712 -0.929286 0.000000 
8.000000e-02 1.003096e-01 9.749949e-02 8.409176e-02 1.000000e-01 1.597503e+00 -0.991775 0.026280 0.217828 0.694897 0.042155 0.010616 0.991775 -0.005788 -0.028712 -0.929286 0.000000 
8.000000e-02 1.003096e-01 9.749949e-02 8.409176e-02 1.000000e-01 1.597503e+00 -0.991775 0.026280 0.217828 0.694897 0.042155 0.010616 0.991775 -0.005788 -0.028712 -0.929286 0.000000 
8.000000e-02 1.003096e-01 9.749949e-02 8.409176e-02 1.000000e-01 1.597503e+00 -0.991775 0.026280 0.217828 0.694897 0.042155 0.010616 0.991775 -0.005788 -0.028712 -0.929286 0.000000 
8.000000e-02 1.003096e-01 9.749949e-02 8.409176e-02 1.000000e-01 1.597503e+00 -0.991775 0.026280 0.217828 0.694897 0.042155 0.010616 0.991775 -0.005788 -0.028712 -0.929286 0.000000 
8.000000e-02 1.003096e-01 9.749949e-02 8.409176e-02 1.000000e-01 1.597503e+00 -0.991775 0.026280 0.217828 0.694897 0.042155 0.010616 0.991775 -0.005788 -0.028712 -0.929286 0.000000 
8.000000e-02 1.003096e-01 9.749949e-02 8.409176e-02 1.000000e-01 1.597503e+00 -0.991775 0.026280 0.217828 0.694897 0.042155 0.010616 0.991775 -0.005788 -0.028712 -0.929286 0.000000 
8.000000e-02 1.003096e-01 9.749949e-02 8.409176e-02 1.000000e-01 1.597503e+00 -0.991775 0.026280 0.217828 0.694897 0.042155 0.010616 0.991775 -0.005788 -0.028712 -0.929286 0.000000 
8.000000e-02 1.003096e-01 9.749949e-02 8.409176e-02 1.000000e-01 1.597503e+00 -0.991775 0.026280 0.217828 0.694897 0.042155 0.010616 0.991775 -0.005788 -0.028712 -0.929286 0.000000 
8.000000e-02 1.003096e-01 9.749949e-02 8.409176e-02 1.000000e-01 1.597503e+00 -0.991775 0.026280 0.217828 0.694897 0.042155 0.010616 0.991775 -0.005788 -0.028712 -0.929286 0.000000 
8.000000e-02 1.003096e-01 9.749949e-02 8.409176e-02 1.000000e-01 1.597503e+00 -0.991775 0.026280 0.217828 0.694897 0.042155 0.010616 0.991775 -0.005788 -0.028712 -0.929286 0.000000 
8.000000e-02 1.003096e-01 9.749949e-02 8.409176e-02 1.000000e-01 1.597503e+00 -0.991775 0.026280 0.217828 0.694897 0.042155 0.010616 0.991775 -0.005788 -0.028712 -0.929286 0.000000 
8.000000e-02 1.003096e-01 9.749949e-02 8.409176e-02 1.000000e-01 1.597503e+00 -0.991775 0.026280 0.217828 0.694897 0.042155 0.010616 0.991775 -0.005788 -0.028712 -0.929286 0.000000 
8.000000e-02 1.003096e-01 9.749949e-02 8.409176e-02 1.000000e-01 1.597503e+00 -0.991775 0.026280 0.217828 0.694897 0.042155 0.010616 0.991775 -0.005788 -0.028712 -0.929286 0.000000 
8.000000e-02 1.003096e-01 9.749949e-02 8.409176e-02 1.000000e-01 1.597503e+00 -0.991775 0.026280 0.217828 0.694897 0.042155 0.010616 0.991775 -0.005788 -0.028712 -0.929286 0.000000 
8.000000e-02 1.003096e-01 9.749949e-02 8.409176e-02 1.000000e-01 1.597503e+00 -0.991775 0.026280 0.217828 0.694897 0.042155 0.010616 0.991775 -0.005788 -0.028712 -0.929286 0.000000 
8.000000e-02 1.003096e-01 9.749949e-02 8.409176e-02 1.000000e-01 1.597503e+00 -0.991775 0.026280 0.217828 0.694897 0.042155 0.010616 0.991775 -0.005788 -0.028712 -0.929286 0.000000 
8.000000e-02 1.003096e-01 9.749949e-02 8.409176e-02 1.000000e-01 1.597503e+00 -0.991775 0.026280 0.217828 0.694897 0.042155 0.010616 0.991775 -0.005788 -0.028712 -0.929286 0.000000 
8.000000e-02 1.003096e-01 9.749949e-02 8.409176e-02 1.000000e-01 1.597503e+00 -0.991775 0.026280 0.217828 0.694897 0.042155 0.010616 0.991775 -0.005788 -0.028712 -0.929286 0.000000 
8.000000e-02 1.003096e-01 9.749949e-02 8.409176e-02 1.000000e-01 1.597503e+00 -0.991775 0.026280 0.217828 0.694897 0.042155 0.010616 0.991775 -0.005788 -0.028712 -0.929286 0.000000 
8.000000e-02 1.003096e-01 9.749949e-02 8.409176e-02 1.000000e-01 1.597503e+00 -0.991775 0.026280 0.217828 0.694897 0.042155 0.010616 0.991775 -0.005788 -0.028712 -0.929286 0.000000 
8.000000e-02 1.003096e-01 9.749949e-02 8.409176e-02 1.000000e-01 1.597503e+00 -0.991775 0.026280 0.217828 0.694897 0.042155 0.010616 0.991775 -0.005788 -0.028712 -0.929286 0.000000 
8.000000e-02 1.003096e-01 9.749949e-02 8.409176e-02 1.000000e-01 1.597503e+00 -0.991775 0.026280 0.217828 0.694897 0.042155 0.010616 0.991775 -0.005788 -0.028712 -0.929286 0.000000 
8.000000e-02 1.003096e-01 9.749949e-02 8.409176e-02 1.000000e-01 1.597503e+00 -0.991775 0.026280 0.217828 0.694897 0.042155 0.010616 0.991775 -0.005788 -0.028712 -0.929286 0.000000 
8.000000e-02 1.003096e-01 9.749949e-02 8.409176e-02 1.000000e-01 1.597503e+00 -0.991775 0.026280 0.217828 0.694897 0.042155 0.010616 0.991775 -0.005788 -0.028712 -0.929286 0.000000 
8.000000e-02 1.003096e-01 9.749949e-02 8.409176e-02 1.000000e-01 1.597503e+00 -0.991775 0.026280 0.217828 0.694897 0.042155 0.010616 0.991775 -0.005788 -0.028712 -0.929286 0.000000 
8.000000e-02 1.003096e-01 9.749949e-02 8.409176e-02 1.000000e-01 1.597503e+00 -0.991775 0.026280 0.217828 0.694897 0.042155 0.010616 0.991775 -0.005788 -0.028712 -0.929286 0.000000 
8.000000e-02 1.003096e-01 9.749949e-02 8.409176e-02 1.000000e-01 1.597503e+00 -0.991775 0.026280 0.217828 0.694897 0.042155 0.010616 0.991775 -0.005788 -0.028712 -0.929286 0.000000 
8.000000e-02 1.003096e-01 9.749949e-02 8.409176e-02 1.000000e-01 1.597503e+00 -0.991775 0.026280 0.217828 0.694897 0.042155 0.010616 0.991775 -0.005788 -0.028712 -0.929286 0.000000 
8.000000e-02 1.003096e-01 9.749949e-02 8.409176e-02 1.000000e-01 1.597503e+00 -0.991775 0.026280 0.217828 0.694897 0.042155 0.010616 0.991775 -0.005788 -0.028712 -0.929286 0.000000 
8.000000e-02 1.003096e-01 9.749949e-02 8.409176e-02 1.000000e-01 1.597503e+00 -0.991775 0.026280 0.217828 0.694897 0.042155 0.010616 0.991775 -0.005788 -0.028712 -0.929286 0.000000 
8.000000e-02 1.003096e-01 9.749949e-02 8.409176e-02 1.000000e-01 1.597503e+00 -0.991775 0.026280 0.217828 0.694897 0.042155 0.010616 0.991775 -0.005788 -0.028712 -0.929286 0.000000 
8.000000e-02 1.003096e-01 9.749949e-02 8.409176e-02 1.000000e-01 1.597503e+00 -0.991775 0.026280 0.217828 0.694897 0.042155 0.010616 0.991775 -0.005788 -0.028712 -0.929286 0.000000 
8.000000e-02 1.003096e-01 9.749949e-02 8.409176e-02 1.000000e-01 1.597503e+00 -0.991775 0.026280 0.217828 0.694897 0.042155 0.010616 0.991775 -0.005788 -0.028712 -0.929286 0.000000 
8.000000e-02 1.003096e-01 9.749949e-02 8.409176e-02 1.000000e-01 1.597503e+00 -0.991775 0.026280 0.217828 0.694897 0.042155 0.010616 0.991775 -0.005788 -0.028712 -0.929286 0.000000 
8.000000e-02 1.003096e-01 9.749949e-02 8.409176e-02 1.000000e-01 1.597503e+00 -0.991775 0.026280 0.217828 0.694897 0.042155 0.010616 0.991775 -0.005788 -0.028712 -0.929286 0.000000 
8.000000e-02 1.003096e-01 9.749949e-02 8.409176e-02 1.000000e-01 1.597503e+00 -0.991775 0.026280 0.217828 0.694897 0.042155 0.010616 0.991775 -0.005788 -0.028712 -0.929286 0.000000 
8.000000e-02 1.003096e-01 9.749949e-02 8.409176e-02 1.000000e-01 1.597503e+00 -0.991775 0.026280 0.217828 0.694897 0.042155 0.010616 0.991775 -0.005788 -0.028712 -0.929286 0.000000 
8.000000e-02 1.003096e-01 9.749949e-02 8.409176e-02 1.000000e-01 1.597503e+00 -0.991775 0.026280 0.217828 0.694897 0.042155 0.010616 0.991775 -0.005788 -0.028712 -0.929286 0.000000 
8.000000e-02 1.003096e-01 9.749949e-02 8.409176e-02 1.000000e-01 1.597503e+00 -0.991775 0.026280 0.217828 0.694897 0.042155 0.010616 0.991775 -0.005788 -0.028712 -0.929286 0.000000 
8.000000e-02 1.003096e-01 9.749949e-02 8.409176e-02 1.000000e-01 1.597503e+00 -0.991775 0.026280 0.217828 0.694897 0.042155 0.010616 0.991775 -0.005788 -0.028712 -0.929286 0.000000 
8.000000e-02 1.003096e-01 9.749949e-02 8.409176e-02 1.000000e-01 1.597503e+00 -0.991775 0.026280 0.217828 0.694897 0.042155 0.010616 0.991775 -0.005788 -0.028712 -0.929286 0.000000 
8.000000e-02 1.003096e-01 9.749949e-02 8.409176e-02 1.000000e-01 1.597503e+00 -0.991775 0.026280 0.217828 0.694897 0.042155 0.010616 0.991775 -0.005788 -0.028712 -0.929286 0.000000 
8.000000e-02 1.003096e-01 9.749949e-02 8.409176e-02 1.000000e-01 1.597503e+00 -0.991775 0.026280 0.217828 0.694897 0.042155 0.010616 0.991775 -0.005788 -0.028712 -0.929286 0.000000 
8.000000e-02 1.003096e-01 9.749949e-02 8.409176e-02 1.000000e-01 1.597503e+00 -0.991775 0.026280 0.217828 0.694897 0.042155 0.010616 0.991775 -0.005788 -0.028712 -0.929286 0.000000 
8.000000e-02 1.003096e-01 9.749949e-02 8.409176e-02 1.000000e-01 1.597503e+00 -0.991775 0.026280 0.217828 0.694897 0.042155 0.010616 0.991775 -0.005788 -0.028712 -0.929286 0.000000 
8.000000e-02 1.003096e-01 9.749949e-02 8.409176e-02 1.000000e-01 1.597503e+00 -0.991775 0.026280 0.217828 0.694897 0.042155 0.010616 0.991775 -0.005788 -0.028712 -0.929286 0.000000 
8.000000e-02 1.003096e-01 9.749949e-02 8.409176e-02 1.000000e-01 1.597503e+00 -0.991775 0.026280 0.217828 0.694897 0.042155 0.010616 0.991775 -0.005788 -0.028712 -0.929286 0.000000 
8.000000e-02 1.003096e-01 9.749949e-02 8.409176e-02 1.000000e-01 1.597503e+00 -0.991775 0.026280 0.217828 0.694897 0.042155 0.010616 0.991775 -0.005788 -0.028712 -0.929286 0.000000 
8.000000e-02 1.003096e-01 9.749949e-02 8.409176e-02 1.000000e-01 1.597503e+00 -0.991775 0.026280 0.217828 0.694897 0.042155 0.010616 0.991775 -0.005788 -0.028712 -0.929286 0.000000 
8.000000e-02 1.003096e-01 9.749949e-02 8.409176e-02 1.000000e-01 1.597503e+00 -0.991775 0.026280 0.217828 0.694897 0.042155 0.010616 0.991775 -0.005788 -0.028712 -0.929286 0.000000 
8.000000e-02 1.003096e-01 9.749949e-02 8.409176e-02 1.000000e-01 1.597503e+00 -0.991775 0.026280 0.217828 0.694897 0.042155 0.010616 0.991775 -0.005788 -0.028712 -0.929286 0.000000 
8.000000e-02 1.003096e-01 9.749949e-02 8.409176e-02 1.000000e-01 1.597503e+00 -0.991775 0.026280 0.217828 0.694897 0.042155 0.010616 0.991775 -0.005788 -0.028712 -0.929286 0.000000 
8.000000e-02 1.003096e-01 9.749949e-02 8.409176e-02 1.000000e-01 1.597503e+00 -0.991775 0.026280 0.217828 0.694897 0.042155 0.010616 0.991775 -0.005788 -0.028712 -0.929286 0.000000 
8.000000e-02 1.003096e-01 9.749949e-02 8.409176e-02 1.000000e-01 1.597503e+00 -0.991775 0.026280 0.217828 0.694897 0.042155 0.010616 0.991775 -0.005788 -0.028712 -0.929286 0.000000 
8.000000e-02 1.003096e-01 9.749949e-02 8.409176e-02 1.000000e-01 1.597503e+00 -0.991775 0.026280 0.217828 0.694897 0.042155 0.010616 0.991775 -0.005788 -0.028712 -0.929286 0.000000 
8.000000e-02 1.003096e-01 9.749949e-02 8.409176e-02 1.000000e-01 1.597503e+00 -0.991775 0.026280 0.217828 0.694897 0.042155 0.010616 0.991775 -0.005788 -0.028712 -0.929286 0.000000 
8.000000e-02 1.003096e-01 9.749949e-02 8.409176e-02 1.000000e-01 1.597503e+00 -0.991775 0.026280 0.217828 0.694897 0.042155 0.010616 0.991775 -0.005788 -0.028712 -0.929286 0.000000 
8.000000e-02 1.003096e-01 9.749949e-02 8.409176e-02 1.000000e-01 1.597503e+00 -0.991775 0.026280 0.217828 0.694897 0.042155 0.010616 0.991775 -0.005788 -0.028712 -0.929286 0.000000 
8.000000e-02 1.003096e-01 9.749949e-02 8.409176e-02 1.000000e-01 1.597503e+00 -0.991775 0.026280 0.217828 0.694897 0.042155 0.010616 0.991775 -0.005788 -0.028712 -0.929286 0.000000 
8.000000e-02 1.003096e-01 9.749949e-02 8.409176e-02 1.000000e-01 1.597503e+00 -0.991775 0.026280 0.217828 0.694897 0.042155 0.010616 0.991775 -0.005788 -0.028712 -0.929286 0.000000 
8.000000e-02 1.003096e-01 9.749949e-02 8.409176e-02 1.000000e-01 1.597503e+00 -0.991775 0.026280 0.217828 0.694897 0.042155 0.010616 0.991775 -0.005788 -0.028712 -0.929286 0.000000 
8.000000e-02 1.003096e-01 9.749949e-02 8.409176e-02 1.000000e-01 1.597503e+00 -0.991775 0.026280 0.217828 0.694897 0.042155 0.010616 0.991775 -0.005788 -0.028712 -0.929286 0.000000 
8.000000e-02 1.003096e-01 9.749949e-02 8.409176e-02 1.000000e-01 1.597503e+00 -0.991775 0.026280 0.217828 0.694897 0.042155 0.010616 0.991775 -0.005788 -0.028712 -0.929286 0.000000 
8.000000e-02 1.003096e-01 9.749949e-02 8.409176e-02 1.000000e-01 1.597503e+00 -0.991775 0.026280 0.217828 0.694897 0.042155 0.010616 0.991775 -0.005788 -0.028712 -0.929286 0.000000 
8.000000e-02 1.003096e-01 9.749949e-02 8.409176e-02 1.000000e-01 1.597503e+00 -0.991775 0.026280 0.217828 0.694897 0.042155 0.010616 0.991775 -0.005788 -0.028712 -0.929286 0.000000 
8.000000e-02 1.003096e-01 9.749949e-02 8.409176e-02 1.000000e-01 1.597503e+00 -0.991775 0.026280 0.217828 0.694897 0.042155 0.010616 0.991775 -0.005788 -0.028712 -0.929286 0.000000 
8.000000e-02 1.003096e-01 9.749949e-02 8.409176e-02 1.000000e-01 1.597503e+00 -0.991775 0.026280 0.217828 0.694897 0.042155 0.010616 0.991775 -0.005788 -0.028712 -0.929286 0.000000 
8.000000e-02 1.003096e-01 9.749949e-02 8.409176e-02 1.000000e-01 1.597503e+00 -0.991775 0.026280 0.217828 0.694897 0.042155 0.010616 0.991775 -0.005788 -0.028712 -0.929286 0.000000 
8.000000e-02 1.003096e-01 9.749949e-02 8.409176e-02 1.000000e-01 1.597503e+00 -0.991775 0.026280 0.217828 0.694897 0.042155 0.010616 0.991775 -0.005788 -0.028712 -0.929286 0.000000 
8.000000e-02 1.003096e-01 9.749949e-02 8.409176e-02 1.000000e-01 1.597503e+00 -0.991775 0.026280 0.217828 0.694897 0.042155 0.010616 0.991775 -0.005788 -0.028712 -0.929286 0.000000 
8.000000e-02 1.003096e-01 9.749949e-02 8.409176e-02 1.000000e-01 1.597503e+00 -0.991775 0.026280 0.217828 0.694897 0.042155 0.010616 0.991775 -0.005788 -0.028712 -0.929286 0.000000 
8.000000e-02 1.003096e-01 9.749949e-02 8.409176e-02 1.000000e-01 1.597503e+00 -0.991775 0.026280 0.217828 0.694897 0.042155 0.010616 0.991775 -0.005788 -0.028712 -0.929286 0.000000 
8.000000e-02 1.003096e-01 9.749949e-02 8.409176e-02 1.000000e-01 1.597503e+00 -0.991775 0.026280 0.217828 0.694897 0.042155 0.010616 0.991775 -0.005788 -0.028712 -0.929286 0.000000 
8.000000e-02 1.003096e-01 9.749949e-02 8.409176e-02 1.000000e-01 1.597503e+00 -0.991775 0.026280 0.217828 0.694897 0.042155 0.010616 0.991775 -0.005788 -0.028712 -0.929286 0.000000 
8.000000e-02 1.003096e-01 9.749949e-02 8.409176e-02 1.000000e-01 1.597503e+00 -0.991775 0.026280 0.217828 0.694897 0.042155 0.010616 0.991775 -0.005788 -0.028712 -0.929286 0.000000 
8.000000e-02 1.003096e-01 9.749949e-02 8.409176e-02 1.000000e-01 1.597503e+00 -0.991775 0.026280 0.217828 0.694897 0.042155 0.010616 0.991775 -0.005788 -0.028712 -0.929286 0.000000 
8.000000e-02 1.003096e-01 9.749949e-02 8.409176e-02 1.000000e-01 1.597503e+00 -0.991775 0.026280 0.217828 0.694897 0.042155 0.010616 0.991775 -0.005788 -0.028712 -0.929286 0.000000 
8.000000e-02 1.003096e-01 9.749949e-02 8.409176e-02 1.000000e-01 1.597503e+00 -0.991775 0.026280 0.217828 0.694897 0.042155 0.010616 0.991775 -0.005788 -0.028712 -0.929286 0.000000 
8.000000e-02 1.003096e-01 9.749949e-02 8.409176e-02 1.000000e-01 1.597503e+00 -0.991775 0.026280 0.217828 0.694897 0.042155 0.010616 0.991775 -0.005788 -0.028712 -0.929286 0.000000 
8.000000e-02 1.003096e-01 9.749949e-02 8.409176e-02 1.000000e-01 1.597503e+00 -0.991775 0.026280 0.217828 0.694897 0.042155 0.010616 0.991775 -0.005788 -0.028712 -0.929286 0.000000 
8.000000e-02 1.003096e-01 9.749949e-02 8.409176e-02 1.000000e-01 1.597503e+00 -0.991775 0.026280 0.217828 0.694897 0.042155 0.010616 0.991775 -0.005788 -0.028712 -0.929286 0.000000 
8.000000e-02 1.003096e-01 9.749949e-02 8.409176e-02 1.000000e-01 1.597503e+00 -0.991775 0.026280 0.217828 0.694897 0.042155 0.010616 0.991775 -0.005788 -0.028712 -0.929286 0.000000 
8.000000e-02 1.003096e-01 9.749949e-02 8.409176e-02 1.000000e-01 1.597503e+00 -0.991775 0.026280 0.217828 0.694897 0.042155 0.010616 0.991775 -0.005788 -0.028712 -0.929286 0.000000 
8.000000e-02 1.003096e-01 9.749949e-02 8.409176e-02 1.000000e-01 1.597503e+00 -0.991775 0.026280 0.217828 0.694897 0.042155 0.010616 0.991775 -0.005788 -0.028712 -0.929286 0.000000 
8.000000e-02 1.003096e-01 9.749949e-02 8.409176e-02 1.000000e-01 1.597503e+00 -0.991775 0.026280 0.217828 0.694897 0.042155 0.010616 0.991775 -0.005788 -0.028712 -0.929286 0.000000 
8.000000e-02 1.003096e-01 9.749949e-02 8.409176e-02 1.000000e-01 1.597503e+00 -0.991775 0.026280 0.217828 0.694897 0.042155 0.010616 0.991775 -0.005788 -0.028712 -0.929286 0.000000 
8.000000e-02 1.003096e-01 9.749949e-02 8.409176e-02 1.000000e-01 1.597503e+00 -0.991775 0.026280 0.217828 0.694897 0.042155 0.010616 0.991775 -0.005788 -0.028712 -0.929286 0.000000 
8.000000e-02 1.003096e-01 9.749949e-02 8.409176e-02 1.000000e-01 1.597503e+00 -0.991775 0.026280 0.217828 0.694897 0.042155 0.010616 0.991775 -0.005788 -0.028712 -0.929286 0.000000 
8.000000e-02 1.003096e-01 9.749949e-02 8.409176e-02 1.000000e-01 1.597503e+00 -0.991775 0.026280 0.217828 0.694897 0.042155 0.010616 0.991775 -0.005788 -0.028712 -0.929286 0.000000 
8.000000e-02 1.003096e-01 9.749949e-02 8.409176e-02 1.000000e-01 1.597503e+00 -0.991775 0.026280 0.217828 0.694897 0.042155 0.010616 0.991775 -0.005788 -0.028712 -0.929286 0.000000 
8.000000e-02 1.003096e-01 9.749949e-02 8.409176e-02 1.000000e-01 1.597503e+00 -0.991775 0.026280 0.217828 0.694897 0.042155 0.010616 0.991775 -0.005788 -0.028712 -0.929286 0.000000 
8.000000e-02 1.003096e-01 9.749949e-02 8.409176e-02 1.000000e-01 1.597503e+00 -0.991775 0.026280 0.217828 0.694897 0.042155 0.010616 0.991775 -0.005788 -0.028712 -0.929286 0.000000 
8.000000e-02 1.003096e-01 9.749949e-02 8.409176e-02 1.000000e-01 1.597503e+00 -0.991775 0.026280 0.217828 0.694897 0.042155 0.010616 0.991775 -0.005788 -0.028712 -0.929286 0.000000 
8.000000e-02 1.003096e-01 9.749949e-02 8.409176e-02 1.000000e-01 1.597503e+00 -0.991775 0.026280 0.217828 0.694897 0.042155 0.010616 0.991775 -0.005788 -0.028712 -0.929286 0.000000 
8.000000e-02 1.003096e-01 9.749949e-02 8.409176e-02 1.000000e-01 1.597503e+00 -0.991775 0.026280 0.217828 0.694897 0.042155 0.010616 0.991775 -0.005788 -0.028712 -0.929286 0.000000 
8.000000e-02 1.003096e-01 9.749949e-02 8.409176e-02 1.000000e-01 1.597503e+00 -0.991775 0.026280 0.217828 0.694897 0.042155 0.010616 0.991775 -0.005788 -0.028712 -0.929286 0.000000 
8.000000e-02 1.003096e-01 9.749949e-02 8.409176e-02 1.000000e-01 1.597503e+00 -0.991775 0.026280 0.217828 0.694897 0.042155 0.010616 0.991775 -0.005788 -0.028712 -0.929286 0.000000 
8.000000e-02 1.003096e-01 9.749949e-02 8.409176e-02 1.000000e-01 1.597503e+00 -0.991775 0.026280 0.217828 0.694897 0.042155 0.010616 0.991775 -0.005788 -0.028712 -0.929286 0.000000 
8.000000e-02 1.003096e-01 9.749949e-02 8.409176e-02 1.000000e-01 1.597503e+00 -0.991775 0.026280 0.217828 0.694897 0.042155 0.010616 0.991775 -0.005788 -0.028712 -0.929286 0.000000 
8.000000e-02 1.003096e-01 9.749949e-02 8.409176e-02 1.000000e-01 1.597503e+00 -0.991775 0.026280 0.217828 0.694897 0.042155 0.010616 0.991775 -0.005788 -0.028712 -0.929286 0.000000 
8.000000e-02 1.003096e-01 9.749949e-02 8.409176e-02 1.000000e-01 1.597503e+00 -0.991775 0.026280 0.217828 0.694897 0.042155 0.010616 0.991775 -0.005788 -0.028712 -0.929286 0.000000 
8.000000e-02 1.003096e-01 9.749949e-02 8.409176e-02 1.000000e-01 1.597503e+00 -0.991775 0.026280 0.217828 0.694897 0.042155 0.010616 0.991775 -0.005788 -0.028712 -0.929286 0.000000 
8.000000e-02 1.003096e-01 9.749949e-02 8.409176e-02 1.000000e-01 1.597503e+00 -0.991775 0.026280 0.217828 0.694897 0.042155 0.010616 0.991775 -0.005788 -0.028712 -0.929286 0.000000 
8.000000e-02 1.003096e-01 9.749949e-02 8.409176e-02 1.000000e-01 1.597503e+00 -0.991775 0.026280 0.217828 0.694897 0.042155 0.010616 0.991775 -0.005788 -0.028712 -0.929286 0.000000 
8.000000e-02 1.003096e-01 9.749949e-02 8.409176e-02 1.000000e-01 1.597503e+00 -0.991775 0.026280 0.217828 0.694897 0.042155 0.010616 0.991775 -0.005788 -0.028712 -0.929286 0.000000 
8.000000e-02 1.003096e-01 9.749949e-02 8.409176e-02 1.000000e-01 1.597503e+00 -0.991775 0.026280 0.217828 0.694897 0.042155 0.010616 0.991775 -0.005788 -0.028712 -0.929286 0.000000 
8.000000e-02 1.003096e-01 9.749949e-02 8.409176e-02 1.000000e-01 1.597503e+00 -0.991775 0.026280 0.217828 0.694897 0.042155 0.010616 0.991775 -0.005788 -0.028712 -0.929286 0.000000 
8.000000e-02 1.003096e-01 9.749949e-02 8.409176e-02 1.000000e-01 1.597503e+00 -0.991775 0.026280 0.217828 0.694897 0.042155 0.010616 0.991775 -0.005788 -0.028712 -0.929286 0.000000 
8.000000e-02 1.003096e-01 9.749949e-02 8.409176e-02 1.000000e-01 1.597503e+00 -0.991775 0.026280 0.217828 0.694897 0.042155 0.010616 0.991775 -0.005788 -0.028712 -0.929286 0.000000 
8.000000e-02 1.003096e-01 9.749949e-02 8.409176e-02 1.000000e-01 1.597503e+00 -0.991775 0.026280 0.217828 0.694897 0.042155 0.010616 0.991775 -0.005788 -0.028712 -0.929286 0.000000 
8.000000e-02 1.003096e-01 9.749949e-02 8.409176e-02 1.000000e-01 1.597503e+00 -0.991775 0.026280 0.217828 0.694897 0.042155 0.010616 0.991775 -0.005788 -0.028712 -0.929286 0.000000 
8.000000e-02 1.003096e-01 9.749949e-02 8.409176e-02 1.000000e-01 1.597503e+00 -0.991775 0.026280 0.217828 0.694897 0.042155 0.010616 0.991775 -0.005788 -0.028712 -0.929286 0.000000 
8.000000e-02 1.003096e-01 9.749949e-02 8.409176e-02 1.000000e-01 1.597503e+00 -0.991775 0.026280 0.217828 0.694897 0.042155 0.010616 0.991775 -0.005788 -0.028712 -0.929286 0.000000 
8.000000e-02 1.003096e-01 9.749949e-02 8.409176e-02 1.000000e-01 1.597503e+00 -0.991775 0.026280 0.217828 0.694897 0.042155 0.010616 0.991775 -0.005788 -0.028712 -0.929286 0.000000 
8.000000e-02 1.003096e-01 9.749949e-02 8.409176e-02 1.000000e-01 1.597503e+00 -0.991775 0.026280 0.217828 0.694897 0.042155 0.010616 0.991775 -0.005788 -0.028712 -0.929286 0.000000 
8.000000e-02 1.003096e-01 9.749949e-02 8.409176e-02 1.000000e-01 1.597503e+00 -0.991775 0.026280 0.217828 0.694897 0.042155 0.010616 0.991775 -0.005788 -0.028712 -0.929286 0.000000 
8.000000e-02 1.003096e-01 9.749949e-02 8.409176e-02 1.000000e-01 1.597503e+00 -0.991775 0.026280 0.217828 0.694897 0.042155 0.010616 0.991775 -0.005788 -0.028712 -0.929286 0.000000 
8.000000e-02 1.003096e-01 9.749949e-02 8.409176e-02 1.000000e-01 1.597503e+00 -0.991775 0.026280 0.217828 0.694897 0.042155 0.010616 0.991775 -0.005788 -0.028712 -0.929286 0.000000 
8.000000e-02 1.003096e-01 9.749949e-02 8.409176e-02 1.000000e-01 1.597503e+00 -0.991775 0.026280 0.217828 0.694897 0.042155 0.010616 0.991775 -0.005788 -0.028712 -0.929286 0.000000 
8.000000e-02 1.003096e-01 9.749949e-02 8.409176e-02 1.000000e-01 1.597503e+00 -0.991775 0.026280 0.217828 0.694897 0.042155 0.010616 0.991775 -0.005788 -0.028712 -0.929286 0.000000 
8.000000e-02 1.003096e-01 9.749949e-02 8.409176e-02 1.000000e-01 1.597503e+00 -0.991775 0.026280 0.217828 0.694897 0.042155 0.010616 0.991775 -0.005788 -0.028712 -0.929286 0.000000 
8.000000e-02 1.003096e-01 9.749949e-02 8.409176e-02 1.000000e-01 1.597503e+00 -0.991775 0.026280 0.217828 0.694897 0.042155 0.010616 0.991775 -0.005788 -0.028712 -0.929286 0.000000 
8.000000e-02 1.003096e-01 9.749949e-02 8.409176e-02 1.000000e-01 1.597503e+00 -0.991775 0.026280 0.217828 0.694897 0.042155 0.010616 0.991775 -0.005788 -0.028712 -0.929286 0.000000 
8.000000e-02 1.003096e-01 9.749949e-02 8.409176e-02 1.000000e-01 1.597503e+00 -0.991775 0.026280 0.217828 0.694897 0.042155 0.010616 0.991775 -0.005788 -0.028712 -0.929286 0.000000 
8.000000e-02 1.003096e-01 9.749949e-02 8.409176e-02 1.000000e-01 1.597503e+00 -0.991775 0.026280 0.217828 0.694897 0.042155 0.010616 0.991775 -0.005788 -0.028712 -0.929286 0.000000 
