# TeX TeY TeZ ThX ThY THZ P1 P2
1.150000e-01 1.000000e-01 1.410000e+00 1.150000e-01 1.000000e-01 1.410000e+00 0.000000 0.000000 0.000000 0.000000 0.000000 0.000000 0.000000 0.000000 0.000000 0.000000 0.000000 
1.150007e-01 1.000000e-01 1.401706e+00 1.149993e-01 1.000000e-01 1.416876e+00 -0.010022 0.000455 0.001687 0.003029 0.003518 0.001333 0.010022 -0.001286 -0.002573 -0.002575 0.000000 
1.150012e-01 1.000000e-01 1.393342e+00 1.149986e-01 1.000000e-01 1.423721e+00 -0.020070 0.000918 0.003386 0.006069 0.007035 0.002662 0.020070 -0.002576 -0.005153 -0.005158 0.000000 
1.150017e-01 1.000000e-01 1.384907e+00 1.149978e-01 1.000000e-01 1.430534e+00 -0.030144 0.001368 0.005085 0.009143 0.010563 0.003985 0.030144 -0.003869 -0.007739 -0.007746 0.000000 
1.150021e-01 1.000000e-01 1.376403e+00 1.149968e-01 1.000000e-01 1.437314e+00 -0.040242 0.001787 0.006770 0.012276 0.014112 0.005297 0.040241 -0.005165 -0.010331 -0.010341 0.000000 
1.150025e-01 1.000000e-01 1.367829e+00 1.149957e-01 1.000000e-01 1.444061e+00 -0.050363 0.002164 0.008433 0.015485 0.017687 0.006595 0.050363 -0.006464 -0.012930 -0.012942 0.000000 
1.150028e-01 1.000000e-01 1.359187e+00 1.149945e-01 1.000000e-01 1.450775e+00 -0.060509 0.002472 0.010056 0.018805 0.021305 0.007872 0.060508 -0.007766 -0.015535 -0.015549 0.000000 
1.150031e-01 1.000000e-01 1.350477e+00 1.149932e-01 1.000000e-01 1.457455e+00 -0.070676 0.002690 0.011622 0.022270 0.024975 0.009119 0.070676 -0.009071 -0.018145 -0.018162 0.000000 
1.150033e-01 1.000000e-01 1.341699e+00 1.149916e-01 1.000000e-01 1.464101e+00 -0.080866 0.002811 0.013126 0.025900 0.028699 0.010331 0.080866 -0.010379 -0.020761 -0.020780 0.000000 
1.150035e-01 1.000000e-01 1.332854e+00 1.149898e-01 1.000000e-01 1.470712e+00 -0.091078 0.002797 0.014538 0.029754 0.032497 0.011491 0.091078 -0.011689 -0.023383 -0.023405 0.000000 
1.150037e-01 1.000000e-01 1.323943e+00 1.149879e-01 1.000000e-01 1.477288e+00 -0.101310 0.002617 0.015835 0.033894 0.036381 0.012582 0.101310 -0.013002 -0.026010 -0.026034 0.000000 
1.150038e-01 1.000000e-01 1.314965e+00 1.149856e-01 1.000000e-01 1.483828e+00 -0.111563 0.002264 0.017004 0.038353 0.040352 0.013589 0.111562 -0.014318 -0.028642 -0.028669 0.000000 
1.150039e-01 1.000000e-01 1.305922e+00 1.149831e-01 1.000000e-01 1.490333e+00 -0.121835 0.001699 0.018010 0.043219 0.044422 0.014483 0.121834 -0.015637 -0.031279 -0.031308 0.000000 
1.150040e-01 1.000000e-01 1.296814e+00 1.149803e-01 1.000000e-01 1.496801e+00 -0.132126 0.000860 0.018788 0.048643 0.048617 0.015217 0.132125 -0.016957 -0.033921 -0.033953 0.000000 
1.150041e-01 1.000000e-01 1.287642e+00 1.149772e-01 1.000000e-01 1.503231e+00 -0.142435 -0.000255 0.019321 0.054672 0.052926 0.015769 0.142434 -0.018281 -0.036568 -0.036602 0.000000 
1.150042e-01 1.000000e-01 1.278406e+00 1.149737e-01 1.000000e-01 1.509622e+00 -0.152760 -0.001678 0.019552 0.061437 0.057354 0.016096 0.152760 -0.019606 -0.039219 -0.039255 0.000000 
1.150043e-01 1.000000e-01 1.269106e+00 1.149697e-01 1.000000e-01 1.515973e+00 -0.163101 -0.003503 0.019346 0.069240 0.061917 0.016099 0.163101 -0.020933 -0.041874 -0.041913 0.000000 
1.150043e-01 1.000000e-01 1.259744e+00 1.149653e-01 1.000000e-01 1.522284e+00 -0.173458 -0.005745 0.018625 0.078255 0.066594 0.015727 0.173457 -0.022262 -0.044533 -0.044574 0.000000 
1.150044e-01 1.000000e-01 1.250319e+00 1.149604e-01 1.000000e-01 1.528554e+00 -0.183829 -0.008426 0.017283 0.088703 0.071351 0.014917 0.183828 -0.023593 -0.047195 -0.047239 0.000000 
1.150044e-01 1.000000e-01 1.240833e+00 1.149546e-01 1.000000e-01 1.534782e+00 -0.194213 -0.011585 0.015160 0.100919 0.076136 0.013582 0.194213 -0.024926 -0.049861 -0.049908 0.000000 
1.150044e-01 1.000000e-01 1.231285e+00 1.149476e-01 1.000000e-01 1.540968e+00 -0.204612 -0.015338 0.011886 0.115701 0.080831 0.011531 0.204611 -0.026261 -0.052531 -0.052580 0.000000 
1.150045e-01 1.000000e-01 1.221676e+00 1.149383e-01 1.000000e-01 1.547112e+00 -0.215023 -0.019660 0.007263 0.133473 0.085237 0.008709 0.215023 -0.027597 -0.055204 -0.055255 0.000000 
1.150045e-01 1.000000e-01 1.212007e+00 1.149246e-01 1.000000e-01 1.553213e+00 -0.225446 -0.024559 0.000992 0.154938 0.089041 0.005033 0.225446 -0.028935 -0.057880 -0.057933 0.000000 
1.150045e-01 1.000000e-01 1.202279e+00 1.149022e-01 1.000000e-01 1.559270e+00 -0.235881 -0.030043 -0.007323 0.181121 0.091720 0.000404 0.235881 -0.030274 -0.060559 -0.060615 0.000000 
1.150045e-01 1.000000e-01 1.192491e+00 1.148613e-01 1.000000e-01 1.565283e+00 -0.246328 -0.036137 -0.018258 0.213751 0.092278 -0.005307 0.246328 -0.031615 -0.063241 -0.063300 0.000000 
1.150046e-01 1.000000e-01 1.182644e+00 1.147821e-01 1.000000e-01 1.571252e+00 -0.256790 -0.042857 -0.032578 0.255733 0.088722 -0.012232 0.256789 -0.032957 -0.065927 -0.065988 0.000000 
1.150046e-01 1.000000e-01 1.172740e+00 1.146233e-01 1.000000e-01 1.577179e+00 -0.267277 -0.050115 -0.050462 0.309794 0.078351 -0.020292 0.267276 -0.034303 -0.068619 -0.068683 0.000000 
1.150046e-01 1.000000e-01 1.162777e+00 1.143053e-01 1.000000e-01 1.583072e+00 -0.277832 -0.057940 -0.072438 0.381821 0.055952 -0.029564 0.277831 -0.035658 -0.071329 -0.071395 0.000000 
1.150046e-01 1.000000e-01 1.152757e+00 1.137025e-01 1.000000e-01 1.588965e+00 -0.288603 -0.066606 -0.099696 0.483152 0.012138 -0.040386 0.288602 -0.037040 -0.074094 -0.074163 0.000000 
1.150046e-01 1.000000e-01 1.142681e+00 1.128007e-01 1.000000e-01 1.595023e+00 -0.300058 -0.077205 -0.136267 0.636351 -0.068861 -0.053962 0.300057 -0.038510 -0.077035 -0.077107 0.000000 
1.150046e-01 1.000000e-01 1.132548e+00 1.125289e-01 1.000000e-01 1.597510e+00 -0.309233 -0.082351 -0.155588 0.731943 -0.123741 -0.061032 0.309232 -0.039688 -0.079391 -0.079464 0.000000 
1.150046e-01 1.000000e-01 1.122360e+00 1.125289e-01 1.000000e-01 1.597510e+00 -0.315964 -0.081491 -0.153866 0.733673 -0.121995 -0.060358 0.315963 -0.040552 -0.081119 -0.081194 0.000000 
1.150046e-01 1.000000e-01 1.112116e+00 1.125289e-01 1.000000e-01 1.597510e+00 -0.322732 -0.080627 -0.152134 0.735412 -0.120241 -0.059681 0.322731 -0.041420 -0.082856 -0.082933 0.000000 
1.150046e-01 1.000000e-01 1.101818e+00 1.125289e-01 1.000000e-01 1.597510e+00 -0.329536 -0.079757 -0.150392 0.737161 -0.118477 -0.059001 0.329535 -0.042294 -0.084603 -0.084682 0.000000 
1.150046e-01 1.000000e-01 1.091465e+00 1.125289e-01 1.000000e-01 1.597510e+00 -0.336375 -0.078882 -0.148640 0.738919 -0.116706 -0.058318 0.336375 -0.043172 -0.086359 -0.086439 0.000000 
1.150046e-01 1.000000e-01 1.081058e+00 1.125289e-01 1.000000e-01 1.597510e+00 -0.343251 -0.078002 -0.146878 0.740686 -0.114926 -0.057631 0.343250 -0.044054 -0.088124 -0.088206 0.000000 
1.150046e-01 1.000000e-01 1.070598e+00 1.125289e-01 1.000000e-01 1.597510e+00 -0.350161 -0.077117 -0.145107 0.742462 -0.113137 -0.056941 0.350161 -0.044941 -0.089899 -0.089982 0.000000 
1.150046e-01 1.000000e-01 1.060086e+00 1.125289e-01 1.000000e-01 1.597510e+00 -0.357107 -0.076227 -0.143326 0.744247 -0.111340 -0.056248 0.357106 -0.045832 -0.091682 -0.091767 0.000000 
1.150046e-01 1.000000e-01 1.049521e+00 1.125289e-01 1.000000e-01 1.597510e+00 -0.364087 -0.075333 -0.141536 0.746041 -0.109534 -0.055552 0.364087 -0.046728 -0.093474 -0.093560 0.000000 
1.150046e-01 1.000000e-01 1.038904e+00 1.125289e-01 1.000000e-01 1.597510e+00 -0.371102 -0.074434 -0.139737 0.747844 -0.107720 -0.054853 0.371101 -0.047628 -0.095275 -0.095363 0.000000 
1.150046e-01 1.000000e-01 1.028235e+00 1.125289e-01 1.000000e-01 1.597510e+00 -0.378150 -0.073530 -0.137929 0.749655 -0.105897 -0.054150 0.378149 -0.048533 -0.097084 -0.097174 0.000000 
1.150046e-01 1.000000e-01 1.017515e+00 1.125289e-01 1.000000e-01 1.597510e+00 -0.385232 -0.072622 -0.136112 0.751475 -0.104066 -0.053444 0.385232 -0.049442 -0.098902 -0.098994 0.000000 
1.150046e-01 1.000000e-01 1.006745e+00 1.125289e-01 1.000000e-01 1.597510e+00 -0.392348 -0.071710 -0.134286 0.753303 -0.102226 -0.052735 0.392347 -0.050355 -0.100729 -0.100823 0.000000 
1.150046e-01 1.000000e-01 9.959250e-01 1.125289e-01 1.000000e-01 1.597510e+00 -0.399497 -0.070793 -0.132452 0.755141 -0.100378 -0.052023 0.399496 -0.051273 -0.102565 -0.102660 0.000000 
1.150046e-01 1.000000e-01 9.850551e-01 1.125289e-01 1.000000e-01 1.597510e+00 -0.406678 -0.069872 -0.130609 0.756986 -0.098522 -0.051307 0.406678 -0.052194 -0.104408 -0.104505 0.000000 
1.150046e-01 1.000000e-01 9.741359e-01 1.125289e-01 1.000000e-01 1.597510e+00 -0.413892 -0.068946 -0.128757 0.758840 -0.096657 -0.050589 0.413892 -0.053120 -0.106260 -0.106359 0.000000 
1.150046e-01 1.000000e-01 9.631679e-01 1.125289e-01 1.000000e-01 1.597510e+00 -0.421138 -0.068017 -0.126897 0.760702 -0.094784 -0.049867 0.421138 -0.054050 -0.108121 -0.108221 0.000000 
1.150046e-01 1.000000e-01 9.521516e-01 1.125289e-01 1.000000e-01 1.597510e+00 -0.428417 -0.067083 -0.125029 0.762572 -0.092903 -0.049142 0.428416 -0.054984 -0.109989 -0.110091 0.000000 
1.150046e-01 1.000000e-01 9.410873e-01 1.125289e-01 1.000000e-01 1.597510e+00 -0.435727 -0.066145 -0.123153 0.764451 -0.091014 -0.048414 0.435726 -0.055923 -0.111866 -0.111970 0.000000 
1.150046e-01 1.000000e-01 9.299755e-01 1.125289e-01 1.000000e-01 1.597510e+00 -0.443068 -0.065203 -0.121269 0.766337 -0.089117 -0.047683 0.443067 -0.056865 -0.113751 -0.113856 0.000000 
1.150046e-01 1.000000e-01 9.188166e-01 1.125289e-01 1.000000e-01 1.597510e+00 -0.450441 -0.064257 -0.119376 0.768232 -0.087212 -0.046949 0.450440 -0.057811 -0.115644 -0.115751 0.000000 
1.150046e-01 1.000000e-01 9.076110e-01 1.125289e-01 1.000000e-01 1.597510e+00 -0.457844 -0.063307 -0.117476 0.770134 -0.085298 -0.046211 0.457843 -0.058761 -0.117544 -0.117653 0.000000 
1.150046e-01 1.000000e-01 8.963591e-01 1.125289e-01 1.000000e-01 1.597510e+00 -0.465278 -0.062353 -0.115567 0.772045 -0.083377 -0.045471 0.465277 -0.059715 -0.119453 -0.119564 0.000000 
1.150046e-01 1.000000e-01 8.850614e-01 1.125289e-01 1.000000e-01 1.597510e+00 -0.472742 -0.061395 -0.113651 0.773963 -0.081449 -0.044728 0.472741 -0.060673 -0.121369 -0.121482 0.000000 
1.150046e-01 1.000000e-01 8.737182e-01 1.125289e-01 1.000000e-01 1.597510e+00 -0.480236 -0.060434 -0.111727 0.775889 -0.079512 -0.043981 0.480235 -0.061635 -0.123293 -0.123407 0.000000 
1.150046e-01 1.000000e-01 8.623299e-01 1.125289e-01 1.000000e-01 1.597510e+00 -0.487760 -0.059468 -0.109796 0.777822 -0.077568 -0.043232 0.487759 -0.062601 -0.125225 -0.125341 0.000000 
1.150046e-01 1.000000e-01 8.508970e-01 1.125289e-01 1.000000e-01 1.597510e+00 -0.495313 -0.058499 -0.107857 0.779763 -0.075616 -0.042480 0.495313 -0.063570 -0.127164 -0.127282 0.000000 
1.150046e-01 1.000000e-01 8.394199e-01 1.125289e-01 1.000000e-01 1.597510e+00 -0.502896 -0.057526 -0.105910 0.781712 -0.073657 -0.041725 0.502896 -0.064543 -0.129111 -0.129231 0.000000 
1.150046e-01 1.000000e-01 8.278988e-01 1.125289e-01 1.000000e-01 1.597510e+00 -0.510508 -0.056549 -0.103956 0.783668 -0.071690 -0.040967 0.510507 -0.065520 -0.131065 -0.131187 0.000000 
1.150046e-01 1.000000e-01 8.163342e-01 1.125289e-01 1.000000e-01 1.597510e+00 -0.518148 -0.055568 -0.101994 0.785631 -0.069716 -0.040206 0.518148 -0.066501 -0.133027 -0.133150 0.000000 
1.150046e-01 1.000000e-01 8.047266e-01 1.125289e-01 1.000000e-01 1.597510e+00 -0.525817 -0.054584 -0.100025 0.787602 -0.067734 -0.039443 0.525817 -0.067485 -0.134995 -0.135121 0.000000 
1.150046e-01 1.000000e-01 7.930762e-01 1.125289e-01 1.000000e-01 1.597510e+00 -0.533515 -0.053596 -0.098049 0.789580 -0.065746 -0.038676 0.533514 -0.068473 -0.136972 -0.137099 0.000000 
1.150046e-01 1.000000e-01 7.813834e-01 1.125289e-01 1.000000e-01 1.597510e+00 -0.541240 -0.052605 -0.096066 0.791565 -0.063749 -0.037907 0.541239 -0.069464 -0.138955 -0.139084 0.000000 
1.150046e-01 9.999999e-02 7.696486e-01 1.125289e-01 1.000000e-01 1.597510e+00 -0.548993 -0.051610 -0.094076 0.793557 -0.061746 -0.037135 0.548992 -0.070459 -0.140945 -0.141076 0.000000 
1.150046e-01 9.999999e-02 7.578722e-01 1.125289e-01 1.000000e-01 1.597510e+00 -0.556773 -0.050611 -0.092078 0.795556 -0.059736 -0.036360 0.556772 -0.071458 -0.142943 -0.143075 0.000000 
1.150046e-01 9.999999e-02 7.460545e-01 1.125289e-01 1.000000e-01 1.597510e+00 -0.564581 -0.049609 -0.090074 0.797563 -0.057719 -0.035583 0.564580 -0.072460 -0.144947 -0.145082 0.000000 
1.150046e-01 9.999999e-02 7.341959e-01 1.125289e-01 1.000000e-01 1.597510e+00 -0.572415 -0.048604 -0.088062 0.799576 -0.055694 -0.034803 0.572415 -0.073466 -0.146959 -0.147095 0.000000 
1.150046e-01 9.999999e-02 7.222968e-01 1.125289e-01 1.000000e-01 1.597510e+00 -0.580277 -0.047595 -0.086044 0.801596 -0.053663 -0.034020 0.580276 -0.074475 -0.148977 -0.149115 0.000000 
1.150046e-01 9.999999e-02 7.103574e-01 1.125289e-01 1.000000e-01 1.597510e+00 -0.588165 -0.046582 -0.084019 0.803623 -0.051625 -0.033234 0.588164 -0.075487 -0.151002 -0.151142 0.000000 
1.150046e-01 9.999998e-02 6.983781e-01 1.125289e-01 1.000000e-01 1.597510e+00 -0.596079 -0.045566 -0.081987 0.805657 -0.049580 -0.032446 0.596079 -0.076503 -0.153034 -0.153176 0.000000 
1.150046e-01 9.999998e-02 6.863594e-01 1.125289e-01 1.000000e-01 1.597510e+00 -0.604020 -0.044547 -0.079948 0.807698 -0.047528 -0.031656 0.604019 -0.077522 -0.155073 -0.155216 0.000000 
1.150046e-01 9.999997e-02 6.743014e-01 1.125289e-01 1.000000e-01 1.597510e+00 -0.611986 -0.043525 -0.077903 0.809745 -0.045470 -0.030862 0.611986 -0.078544 -0.157118 -0.157264 0.000000 
1.150046e-01 9.999997e-02 6.622046e-01 1.125289e-01 1.000000e-01 1.597510e+00 -0.619979 -0.042499 -0.075851 0.811799 -0.043405 -0.030067 0.619978 -0.079570 -0.159170 -0.159317 0.000000 
1.150046e-01 9.999996e-02 6.500693e-01 1.125289e-01 1.000000e-01 1.597510e+00 -0.627996 -0.041470 -0.073793 0.813859 -0.041333 -0.029268 0.627995 -0.080599 -0.161228 -0.161378 0.000000 
1.150046e-01 9.999996e-02 6.378958e-01 1.125289e-01 1.000000e-01 1.597510e+00 -0.636039 -0.040438 -0.071728 0.815926 -0.039255 -0.028468 0.636038 -0.081631 -0.163293 -0.163444 0.000000 
1.150046e-01 9.999995e-02 6.256844e-01 1.125289e-01 1.000000e-01 1.597510e+00 -0.644107 -0.039403 -0.069657 0.817999 -0.037171 -0.027664 0.644106 -0.082667 -0.165364 -0.165518 0.000000 
1.150046e-01 9.999994e-02 6.134355e-01 1.125289e-01 1.000000e-01 1.597510e+00 -0.652199 -0.038364 -0.067579 0.820078 -0.035080 -0.026858 0.652199 -0.083705 -0.167442 -0.167597 0.000000 
1.150046e-01 9.999992e-02 6.011494e-01 1.125289e-01 1.000000e-01 1.597510e+00 -0.660316 -0.037322 -0.065495 0.822164 -0.032982 -0.026050 0.660316 -0.084747 -0.169526 -0.169683 0.000000 
1.150046e-01 9.999991e-02 5.888263e-01 1.125289e-01 1.000000e-01 1.597510e+00 -0.668458 -0.036277 -0.063405 0.824256 -0.030879 -0.025239 0.668457 -0.085792 -0.171616 -0.171775 0.000000 
1.150046e-01 9.999989e-02 5.764666e-01 1.125289e-01 1.000000e-01 1.597510e+00 -0.676624 -0.035229 -0.061308 0.826355 -0.028769 -0.024426 0.676623 -0.086840 -0.173713 -0.173874 0.000000 
1.150046e-01 9.999987e-02 5.640707e-01 1.125289e-01 1.000000e-01 1.597510e+00 -0.684814 -0.034178 -0.059206 0.828459 -0.026653 -0.023611 0.684813 -0.087891 -0.175815 -0.175978 0.000000 
1.150046e-01 9.999984e-02 5.516387e-01 1.125289e-01 1.000000e-01 1.597510e+00 -0.693027 -0.033124 -0.057097 0.830570 -0.024530 -0.022793 0.693027 -0.088945 -0.177924 -0.178089 0.000000 
1.150046e-01 9.999980e-02 5.391710e-01 1.125289e-01 1.000000e-01 1.597510e+00 -0.701264 -0.032067 -0.054982 0.832687 -0.022402 -0.021973 0.701264 -0.090002 -0.180039 -0.180206 0.000000 
1.150046e-01 9.999976e-02 5.266680e-01 1.125289e-01 1.000000e-01 1.597510e+00 -0.709525 -0.031007 -0.052862 0.834809 -0.020268 -0.021150 0.709524 -0.091062 -0.182159 -0.182329 0.000000 
1.150046e-01 9.999971e-02 5.141298e-01 1.125289e-01 1.000000e-01 1.597510e+00 -0.717808 -0.029943 -0.050735 0.836938 -0.018127 -0.020326 0.717808 -0.092125 -0.184286 -0.184457 0.000000 
1.150046e-01 9.999965e-02 5.015568e-01 1.125289e-01 1.000000e-01 1.597510e+00 -0.726115 -0.028877 -0.048602 0.839073 -0.015981 -0.019498 0.726115 -0.093191 -0.186419 -0.186592 0.000000 
1.150046e-01 9.999958e-02 4.889493e-01 1.125289e-01 1.000000e-01 1.597510e+00 -0.734445 -0.027808 -0.046464 0.841213 -0.013829 -0.018669 0.734444 -0.094260 -0.188557 -0.188733 0.000000 
1.150046e-01 9.999949e-02 4.763076e-01 1.125289e-01 1.000000e-01 1.597510e+00 -0.742797 -0.026736 -0.044319 0.843359 -0.011671 -0.017837 0.742796 -0.095332 -0.190701 -0.190880 0.000000 
1.150046e-01 9.999938e-02 4.636319e-01 1.125289e-01 1.000000e-01 1.597510e+00 -0.751171 -0.025661 -0.042169 0.845511 -0.009507 -0.017004 0.751171 -0.096406 -0.192852 -0.193033 0.000000 
1.150046e-01 9.999924e-02 4.509224e-01 1.125289e-01 1.000000e-01 1.597510e+00 -0.759568 -0.024584 -0.040014 0.847669 -0.007337 -0.016167 0.759568 -0.097483 -0.195007 -0.195192 0.000000 
1.150046e-01 9.999908e-02 4.381796e-01 1.125289e-01 1.000000e-01 1.597510e+00 -0.767987 -0.023503 -0.037852 0.849833 -0.005162 -0.015329 0.767987 -0.098562 -0.197169 -0.197358 0.000000 
1.150046e-01 9.999888e-02 4.254037e-01 1.125289e-01 1.000000e-01 1.597510e+00 -0.776428 -0.022420 -0.035685 0.852002 -0.002981 -0.014489 0.776427 -0.099644 -0.199336 -0.199531 0.000000 
1.150046e-01 9.999864e-02 4.125948e-01 1.125289e-01 1.000000e-01 1.597510e+00 -0.784890 -0.021334 -0.033513 0.854176 -0.000795 -0.013646 0.784890 -0.100727 -0.201509 -0.201710 0.000000 
1.150046e-01 9.999834e-02 3.997534e-01 1.125289e-01 1.000000e-01 1.597510e+00 -0.793374 -0.020245 -0.031334 0.856357 0.001397 -0.012801 0.793374 -0.101812 -0.203687 -0.203898 0.000000 
1.150046e-01 9.999798e-02 3.868796e-01 1.125289e-01 1.000000e-01 1.597510e+00 -0.801880 -0.019153 -0.029151 0.858542 0.003595 -0.011954 0.801879 -0.102898 -0.205871 -0.206096 0.000000 
1.150046e-01 9.999754e-02 3.739737e-01 1.125289e-01 1.000000e-01 1.597510e+00 -0.810406 -0.018059 -0.026962 0.860733 0.005798 -0.011105 0.810406 -0.103983 -0.208061 -0.208305 0.000000 
1.150046e-01 9.999700e-02 3.610360e-01 1.125289e-01 1.000000e-01 1.597510e+00 -0.818954 -0.016962 -0.024767 0.862930 0.008007 -0.010254 0.818954 -0.105067 -0.210257 -0.210529 0.000000 
1.150046e-01 9.999634e-02 3.480667e-01 1.125289e-01 1.000000e-01 1.597510e+00 -0.827523 -0.015862 -0.022567 0.865132 0.010221 -0.009401 0.827522 -0.106145 -0.212458 -0.212773 0.000000 
1.150046e-01 9.999553e-02 3.350661e-01 1.125289e-01 1.000000e-01 1.597510e+00 -0.836112 -0.014760 -0.020362 0.867339 0.012440 -0.008546 0.836112 -0.107216 -0.214666 -0.215043 0.000000 
1.150046e-01 9.999453e-02 3.220344e-01 1.125289e-01 1.000000e-01 1.597510e+00 -0.844722 -0.013655 -0.018152 0.869551 0.014665 -0.007689 0.844721 -0.108272 -0.216881 -0.217352 0.000000 
1.150046e-01 9.999332e-02 3.089718e-01 1.125289e-01 1.000000e-01 1.597510e+00 -0.853352 -0.012547 -0.015936 0.871769 0.016894 -0.006829 0.853352 -0.109306 -0.219102 -0.219717 0.000000 
1.150046e-01 9.999183e-02 2.958786e-01 1.125289e-01 1.000000e-01 1.597510e+00 -0.862002 -0.011437 -0.013715 0.873992 0.019130 -0.005968 0.862002 -0.110304 -0.221332 -0.222165 0.000000 
1.150046e-01 9.999001e-02 2.827551e-01 1.125289e-01 1.000000e-01 1.597510e+00 -0.870673 -0.010324 -0.011489 0.876220 0.021370 -0.005105 0.870673 -0.111244 -0.223571 -0.224739 0.000000 
1.150046e-01 9.998778e-02 2.696014e-01 1.125289e-01 1.000000e-01 1.597510e+00 -0.879364 -0.009209 -0.009258 0.878453 0.023615 -0.004239 0.879363 -0.112099 -0.225822 -0.227497 0.000000 
1.150046e-01 9.998506e-02 2.564178e-01 1.125289e-01 1.000000e-01 1.597510e+00 -0.888074 -0.008091 -0.007022 0.880692 0.025866 -0.003372 0.888074 -0.112815 -0.228086 -0.230547 0.000000 
1.150046e-01 9.998174e-02 2.432045e-01 1.125289e-01 1.000000e-01 1.597510e+00 -0.896804 -0.006970 -0.004780 0.882935 0.028122 -0.002503 0.896804 -0.113322 -0.230366 -0.234036 0.000000 
1.150046e-01 9.997771e-02 2.299616e-01 1.125289e-01 1.000000e-01 1.597510e+00 -0.905554 -0.005847 -0.002534 0.885184 0.030383 -0.001631 0.905554 -0.113519 -0.232661 -0.238188 0.000000 
1.150046e-01 9.997285e-02 2.166893e-01 1.125289e-01 1.000000e-01 1.597510e+00 -0.914324 -0.004722 -0.000282 0.887437 0.032649 -0.000758 0.914324 -0.113216 -0.234964 -0.243427 0.000000 
1.150046e-01 9.996703e-02 2.033879e-01 1.125289e-01 1.000000e-01 1.597510e+00 -0.923114 -0.003594 0.001974 0.889696 0.034920 0.000117 0.923114 -0.112186 -0.237243 -0.250306 0.000000 
1.150046e-01 9.996017e-02 1.900573e-01 1.125289e-01 1.000000e-01 1.597510e+00 -0.931924 -0.002463 0.004236 0.891960 0.037196 0.000994 0.931924 -0.110083 -0.239414 -0.259751 0.000000 
1.150046e-01 9.995229e-02 1.766976e-01 1.125289e-01 1.000000e-01 1.597510e+00 -0.940754 -0.001330 0.006503 0.894229 0.039478 0.001874 0.940754 -0.106322 -0.241217 -0.273557 0.000000 
1.150046e-01 9.994370e-02 1.633086e-01 1.125289e-01 1.000000e-01 1.597510e+00 -0.949606 -0.000194 0.008776 0.896504 0.041765 0.002755 0.949606 -0.100270 -0.242041 -0.294326 0.000000 
1.150046e-01 9.993569e-02 1.498891e-01 1.125289e-01 1.000000e-01 1.597510e+00 -0.958484 0.000946 0.011055 0.898785 0.044059 0.003639 0.958484 -0.091086 -0.240406 -0.326830 0.000000 
1.150046e-01 9.993383e-02 1.364331e-01 1.125289e-01 1.000000e-01 1.597510e+00 -0.967407 0.002091 0.013346 0.901078 0.046364 0.004528 0.967407 -0.077623 -0.232200 -0.381532 0.000000 
1.150046e-01 9.996201e-02 1.229110e-01 1.125289e-01 1.000000e-01 1.597510e+00 -0.976470 0.003254 0.015673 0.903407 0.048706 0.005430 0.976470 -0.059053 -0.207778 -0.478042 0.000000 
1.150046e-01 1.001023e-01 1.091930e-01 1.125289e-01 1.000000e-01 1.597510e+00 -0.986104 0.004491 0.018146 0.905883 0.051195 0.006389 0.986104 -0.034048 -0.143652 -0.659790 0.000000 
1.150046e-01 1.003094e-01 9.749958e-02 1.125289e-01 1.000000e-01 1.597510e+00 -0.995421 0.005686 0.020538 0.908277 0.053603 0.007317 0.995421 -0.006257 -0.029650 -0.930221 0.000000 
1.150046e-01 1.003094e-01 9.749958e-02 1.125289e-01 1.000000e-01 1.597510e+00 -0.995421 0.005686 0.020538 0.908277 0.053603 0.007317 0.995421 -0.006257 -0.029650 -0.930221 0.000000 
1.150046e-01 1.003094e-01 9.749958e-02 1.125289e-01 1.000000e-01 1.597510e+00 -0.995421 0.005686 0.020538 0.908277 0.053603 0.007317 0.995421 -0.006257 -0.029650 -0.930221 0.000000 
1.150046e-01 1.003094e-01 9.749958e-02 1.125289e-01 1.000000e-01 1.597510e+00 -0.995421 0.005686 0.020538 0.908277 0.053603 0.007317 0.995421 -0.006257 -0.029650 -0.930221 0.000000 
1.150046e-01 1.003094e-01 9.749958e-02 1.125289e-01 1.000000e-01 1.597510e+00 -0.995421 0.005686 0.020538 0.908277 0.053603 0.007317 0.995421 -0.006257 -0.029650 -0.930221 0.000000 
1.150046e-01 1.003094e-01 9.749958e-02 1.125289e-01 1.000000e-01 1.597510e+00 -0.995421 0.005686 0.020538 0.908277 0.053603 0.007317 0.995421 -0.006257 -0.029650 -0.930221 0.000000 
1.150046e-01 1.003094e-01 9.749958e-02 1.125289e-01 1.000000e-01 1.597510e+00 -0.995421 0.005686 0.020538 0.908277 0.053603 0.007317 0.995421 -0.006257 -0.029650 -0.930221 0.000000 
1.150046e-01 1.003094e-01 9.749958e-02 1.125289e-01 1.000000e-01 1.597510e+00 -0.995421 0.005686 0.020538 0.908277 0.053603 0.007317 0.995421 -0.006257 -0.029650 -0.930221 0.000000 
1.150046e-01 1.003094e-01 9.749958e-02 1.125289e-01 1.000000e-01 1.597510e+00 -0.995421 0.005686 0.020538 0.908277 0.053603 0.007317 0.995421 -0.006257 -0.029650 -0.930221 0.000000 
1.150046e-01 1.003094e-01 9.749958e-02 1.125289e-01 1.000000e-01 1.597510e+00 -0.995421 0.005686 0.020538 0.908277 0.053603 0.007317 0.995421 -0.006257 -0.029650 -0.930221 0.000000 
1.150046e-01 1.003094e-01 9.749958e-02 1.125289e-01 1.000000e-01 1.597510e+00 -0.995421 0.005686 0.020538 0.908277 0.053603 0.007317 0.995421 -0.006257 -0.029650 -0.930221 0.000000 
1.150046e-01 1.003094e-01 9.749958e-02 1.125289e-01 1.000000e-01 1.597510e+00 -0.995421 0.005686 0.020538 0.908277 0.053603 0.007317 0.995421 -0.006257 -0.029650 -0.930221 0.000000 
1.150046e-01 1.003094e-01 9.749958e-02 1.125289e-01 1.000000e-01 1.597510e+00 -0.995421 0.005686 0.020538 0.908277 0.053603 0.007317 0.995421 -0.006257 -0.029650 -0.930221 0.000000 
1.150046e-01 1.003094e-01 9.749958e-02 1.125289e-01 1.000000e-01 1.597510e+00 -0.995421 0.005686 0.020538 0.908277 0.053603 0.007317 0.995421 -0.006257 -0.029650 -0.930221 0.000000 
1.150046e-01 1.003094e-01 9.749958e-02 1.125289e-01 1.000000e-01 1.597510e+00 -0.995421 0.005686 0.020538 0.908277 0.053603 0.007317 0.995421 -0.006257 -0.029650 -0.930221 0.000000 
1.150046e-01 1.003094e-01 9.749958e-02 1.125289e-01 1.000000e-01 1.597510e+00 -0.995421 0.005686 0.020538 0.908277 0.053603 0.007317 0.995421 -0.006257 -0.029650 -0.930221 0.000000 
1.150046e-01 1.003094e-01 9.749958e-02 1.125289e-01 1.000000e-01 1.597510e+00 -0.995421 0.005686 0.020538 0.908277 0.053603 0.007317 0.995421 -0.006257 -0.029650 -0.930221 0.000000 
1.150046e-01 1.003094e-01 9.749958e-02 1.125289e-01 1.000000e-01 1.597510e+00 -0.995421 0.005686 0.020538 0.908277 0.053603 0.007317 0.995421 -0.006257 -0.029650 -0.930221 0.000000 
1.150046e-01 1.003094e-01 9.749958e-02 1.125289e-01 1.000000e-01 1.597510e+00 -0.995421 0.005686 0.020538 0.908277 0.053603 0.007317 0.995421 -0.006257 -0.029650 -0.930221 0.000000 
1.150046e-01 1.003094e-01 9.749958e-02 1.125289e-01 1.000000e-01 1.597510e+00 -0.995421 0.005686 0.020538 0.908277 0.053603 0.007317 0.995421 -0.006257 -0.029650 -0.930221 0.000000 
1.150046e-01 1.003094e-01 9.749958e-02 1.125289e-01 1.000000e-01 1.597510e+00 -0.995421 0.005686 0.020538 0.908277 0.053603 0.007317 0.995421 -0.006257 -0.029650 -0.930221 0.000000 
1.150046e-01 1.003094e-01 9.749958e-02 1.125289e-01 1.000000e-01 1.597510e+00 -0.995421 0.005686 0.020538 0.908277 0.053603 0.007317 0.995421 -0.006257 -0.029650 -0.930221 0.000000 
1.150046e-01 1.003094e-01 9.749958e-02 1.125289e-01 1.000000e-01 1.597510e+00 -0.995421 0.005686 0.020538 0.908277 0.053603 0.007317 0.995421 -0.006257 -0.029650 -0.930221 0.000000 
1.150046e-01 1.003094e-01 9.749958e-02 1.125289e-01 1.000000e-01 1.597510e+00 -0.995421 0.005686 0.020538 0.908277 0.053603 0.007317 0.995421 -0.006257 -0.029650 -0.930221 0.000000 
1.150046e-01 1.003094e-01 9.749958e-02 1.125289e-01 1.000000e-01 1.597510e+00 -0.995421 0.005686 0.020538 0.908277 0.053603 0.007317 0.995421 -0.006257 -0.029650 -0.930221 0.000000 
1.150046e-01 1.003094e-01 9.749958e-02 1.125289e-01 1.000000e-01 1.597510e+00 -0.995421 0.005686 0.020538 0.908277 0.053603 0.007317 0.995421 -0.006257 -0.029650 -0.930221 0.000000 
1.150046e-01 1.003094e-01 9.749958e-02 1.125289e-01 1.000000e-01 1.597510e+00 -0.995421 0.005686 0.020538 0.908277 0.053603 0.007317 0.995421 -0.006257 -0.029650 -0.930221 0.000000 
1.150046e-01 1.003094e-01 9.749958e-02 1.125289e-01 1.000000e-01 1.597510e+00 -0.995421 0.005686 0.020538 0.908277 0.053603 0.007317 0.995421 -0.006257 -0.029650 -0.930221 0.000000 
1.150046e-01 1.003094e-01 9.749958e-02 1.125289e-01 1.000000e-01 1.597510e+00 -0.995421 0.005686 0.020538 0.908277 0.053603 0.007317 0.995421 -0.006257 -0.029650 -0.930221 0.000000 
1.150046e-01 1.003094e-01 9.749958e-02 1.125289e-01 1.000000e-01 1.597510e+00 -0.995421 0.005686 0.020538 0.908277 0.053603 0.007317 0.995421 -0.006257 -0.029650 -0.930221 0.000000 
1.150046e-01 1.003094e-01 9.749958e-02 1.125289e-01 1.000000e-01 1.597510e+00 -0.995421 0.005686 0.020538 0.908277 0.053603 0.007317 0.995421 -0.006257 -0.029650 -0.930221 0.000000 
1.150046e-01 1.003094e-01 9.749958e-02 1.125289e-01 1.000000e-01 1.597510e+00 -0.995421 0.005686 0.020538 0.908277 0.053603 0.007317 0.995421 -0.006257 -0.029650 -0.930221 0.000000 
1.150046e-01 1.003094e-01 9.749958e-02 1.125289e-01 1.000000e-01 1.597510e+00 -0.995421 0.005686 0.020538 0.908277 0.053603 0.007317 0.995421 -0.006257 -0.029650 -0.930221 0.000000 
1.150046e-01 1.003094e-01 9.749958e-02 1.125289e-01 1.000000e-01 1.597510e+00 -0.995421 0.005686 0.020538 0.908277 0.053603 0.007317 0.995421 -0.006257 -0.029650 -0.930221 0.000000 
1.150046e-01 1.003094e-01 9.749958e-02 1.125289e-01 1.000000e-01 1.597510e+00 -0.995421 0.005686 0.020538 0.908277 0.053603 0.007317 0.995421 -0.006257 -0.029650 -0.930221 0.000000 
1.150046e-01 1.003094e-01 9.749958e-02 1.125289e-01 1.000000e-01 1.597510e+00 -0.995421 0.005686 0.020538 0.908277 0.053603 0.007317 0.995421 -0.006257 -0.029650 -0.930221 0.000000 
1.150046e-01 1.003094e-01 9.749958e-02 1.125289e-01 1.000000e-01 1.597510e+00 -0.995421 0.005686 0.020538 0.908277 0.053603 0.007317 0.995421 -0.006257 -0.029650 -0.930221 0.000000 
1.150046e-01 1.003094e-01 9.749958e-02 1.125289e-01 1.000000e-01 1.597510e+00 -0.995421 0.005686 0.020538 0.908277 0.053603 0.007317 0.995421 -0.006257 -0.029650 -0.930221 0.000000 
1.150046e-01 1.003094e-01 9.749958e-02 1.125289e-01 1.000000e-01 1.597510e+00 -0.995421 0.005686 0.020538 0.908277 0.053603 0.007317 0.995421 -0.006257 -0.029650 -0.930221 0.000000 
1.150046e-01 1.003094e-01 9.749958e-02 1.125289e-01 1.000000e-01 1.597510e+00 -0.995421 0.005686 0.020538 0.908277 0.053603 0.007317 0.995421 -0.006257 -0.029650 -0.930221 0.000000 
1.150046e-01 1.003094e-01 9.749958e-02 1.125289e-01 1.000000e-01 1.597510e+00 -0.995421 0.005686 0.020538 0.908277 0.053603 0.007317 0.995421 -0.006257 -0.029650 -0.930221 0.000000 
1.150046e-01 1.003094e-01 9.749958e-02 1.125289e-01 1.000000e-01 1.597510e+00 -0.995421 0.005686 0.020538 0.908277 0.053603 0.007317 0.995421 -0.006257 -0.029650 -0.930221 0.000000 
1.150046e-01 1.003094e-01 9.749958e-02 1.125289e-01 1.000000e-01 1.597510e+00 -0.995421 0.005686 0.020538 0.908277 0.053603 0.007317 0.995421 -0.006257 -0.029650 -0.930221 0.000000 
1.150046e-01 1.003094e-01 9.749958e-02 1.125289e-01 1.000000e-01 1.597510e+00 -0.995421 0.005686 0.020538 0.908277 0.053603 0.007317 0.995421 -0.006257 -0.029650 -0.930221 0.000000 
1.150046e-01 1.003094e-01 9.749958e-02 1.125289e-01 1.000000e-01 1.597510e+00 -0.995421 0.005686 0.020538 0.908277 0.053603 0.007317 0.995421 -0.006257 -0.029650 -0.930221 0.000000 
1.150046e-01 1.003094e-01 9.749958e-02 1.125289e-01 1.000000e-01 1.597510e+00 -0.995421 0.005686 0.020538 0.908277 0.053603 0.007317 0.995421 -0.006257 -0.029650 -0.930221 0.000000 
1.150046e-01 1.003094e-01 9.749958e-02 1.125289e-01 1.000000e-01 1.597510e+00 -0.995421 0.005686 0.020538 0.908277 0.053603 0.007317 0.995421 -0.006257 -0.029650 -0.930221 0.000000 
1.150046e-01 1.003094e-01 9.749958e-02 1.125289e-01 1.000000e-01 1.597510e+00 -0.995421 0.005686 0.020538 0.908277 0.053603 0.007317 0.995421 -0.006257 -0.029650 -0.930221 0.000000 
1.150046e-01 1.003094e-01 9.749958e-02 1.125289e-01 1.000000e-01 1.597510e+00 -0.995421 0.005686 0.020538 0.908277 0.053603 0.007317 0.995421 -0.006257 -0.029650 -0.930221 0.000000 
1.150046e-01 1.003094e-01 9.749958e-02 1.125289e-01 1.000000e-01 1.597510e+00 -0.995421 0.005686 0.020538 0.908277 0.053603 0.007317 0.995421 -0.006257 -0.029650 -0.930221 0.000000 
1.150046e-01 1.003094e-01 9.749958e-02 1.125289e-01 1.000000e-01 1.597510e+00 -0.995421 0.005686 0.020538 0.908277 0.053603 0.007317 0.995421 -0.006257 -0.029650 -0.930221 0.000000 
1.150046e-01 1.003094e-01 9.749958e-02 1.125289e-01 1.000000e-01 1.597510e+00 -0.995421 0.005686 0.020538 0.908277 0.053603 0.007317 0.995421 -0.006257 -0.029650 -0.930221 0.000000 
1.150046e-01 1.003094e-01 9.749958e-02 1.125289e-01 1.000000e-01 1.597510e+00 -0.995421 0.005686 0.020538 0.908277 0.053603 0.007317 0.995421 -0.006257 -0.029650 -0.930221 0.000000 
1.150046e-01 1.003094e-01 9.749958e-02 1.125289e-01 1.000000e-01 1.597510e+00 -0.995421 0.005686 0.020538 0.908277 0.053603 0.007317 0.995421 -0.006257 -0.029650 -0.930221 0.000000 
1.150046e-01 1.003094e-01 9.749958e-02 1.125289e-01 1.000000e-01 1.597510e+00 -0.995421 0.005686 0.020538 0.908277 0.053603 0.007317 0.995421 -0.006257 -0.029650 -0.930221 0.000000 
1.150046e-01 1.003094e-01 9.749958e-02 1.125289e-01 1.000000e-01 1.597510e+00 -0.995421 0.005686 0.020538 0.908277 0.053603 0.007317 0.995421 -0.006257 -0.029650 -0.930221 0.000000 
1.150046e-01 1.003094e-01 9.749958e-02 1.125289e-01 1.000000e-01 1.597510e+00 -0.995421 0.005686 0.020538 0.908277 0.053603 0.007317 0.995421 -0.006257 -0.029650 -0.930221 0.000000 
1.150046e-01 1.003094e-01 9.749958e-02 1.125289e-01 1.000000e-01 1.597510e+00 -0.995421 0.005686 0.020538 0.908277 0.053603 0.007317 0.995421 -0.006257 -0.029650 -0.930221 0.000000 
1.150046e-01 1.003094e-01 9.749958e-02 1.125289e-01 1.000000e-01 1.597510e+00 -0.995421 0.005686 0.020538 0.908277 0.053603 0.007317 0.995421 -0.006257 -0.029650 -0.930221 0.000000 
1.150046e-01 1.003094e-01 9.749958e-02 1.125289e-01 1.000000e-01 1.597510e+00 -0.995421 0.005686 0.020538 0.908277 0.053603 0.007317 0.995421 -0.006257 -0.029650 -0.930221 0.000000 
1.150046e-01 1.003094e-01 9.749958e-02 1.125289e-01 1.000000e-01 1.597510e+00 -0.995421 0.005686 0.020538 0.908277 0.053603 0.007317 0.995421 -0.006257 -0.029650 -0.930221 0.000000 
1.150046e-01 1.003094e-01 9.749958e-02 1.125289e-01 1.000000e-01 1.597510e+00 -0.995421 0.005686 0.020538 0.908277 0.053603 0.007317 0.995421 -0.006257 -0.029650 -0.930221 0.000000 
1.150046e-01 1.003094e-01 9.749958e-02 1.125289e-01 1.000000e-01 1.597510e+00 -0.995421 0.005686 0.020538 0.908277 0.053603 0.007317 0.995421 -0.006257 -0.029650 -0.930221 0.000000 
1.150046e-01 1.003094e-01 9.749958e-02 1.125289e-01 1.000000e-01 1.597510e+00 -0.995421 0.005686 0.020538 0.908277 0.053603 0.007317 0.995421 -0.006257 -0.029650 -0.930221 0.000000 
1.150046e-01 1.003094e-01 9.749958e-02 1.125289e-01 1.000000e-01 1.597510e+00 -0.995421 0.005686 0.020538 0.908277 0.053603 0.007317 0.995421 -0.006257 -0.029650 -0.930221 0.000000 
1.150046e-01 1.003094e-01 9.749958e-02 1.125289e-01 1.000000e-01 1.597510e+00 -0.995421 0.005686 0.020538 0.908277 0.053603 0.007317 0.995421 -0.006257 -0.029650 -0.930221 0.000000 
1.150046e-01 1.003094e-01 9.749958e-02 1.125289e-01 1.000000e-01 1.597510e+00 -0.995421 0.005686 0.020538 0.908277 0.053603 0.007317 0.995421 -0.006257 -0.029650 -0.930221 0.000000 
1.150046e-01 1.003094e-01 9.749958e-02 1.125289e-01 1.000000e-01 1.597510e+00 -0.995421 0.005686 0.020538 0.908277 0.053603 0.007317 0.995421 -0.006257 -0.029650 -0.930221 0.000000 
1.150046e-01 1.003094e-01 9.749958e-02 1.125289e-01 1.000000e-01 1.597510e+00 -0.995421 0.005686 0.020538 0.908277 0.053603 0.007317 0.995421 -0.006257 -0.029650 -0.930221 0.000000 
1.150046e-01 1.003094e-01 9.749958e-02 1.125289e-01 1.000000e-01 1.597510e+00 -0.995421 0.005686 0.020538 0.908277 0.053603 0.007317 0.995421 -0.006257 -0.029650 -0.930221 0.000000 
1.150046e-01 1.003094e-01 9.749958e-02 1.125289e-01 1.000000e-01 1.597510e+00 -0.995421 0.005686 0.020538 0.908277 0.053603 0.007317 0.995421 -0.006257 -0.029650 -0.930221 0.000000 
1.150046e-01 1.003094e-01 9.749958e-02 1.125289e-01 1.000000e-01 1.597510e+00 -0.995421 0.005686 0.020538 0.908277 0.053603 0.007317 0.995421 -0.006257 -0.029650 -0.930221 0.000000 
1.150046e-01 1.003094e-01 9.749958e-02 1.125289e-01 1.000000e-01 1.597510e+00 -0.995421 0.005686 0.020538 0.908277 0.053603 0.007317 0.995421 -0.006257 -0.029650 -0.930221 0.000000 
1.150046e-01 1.003094e-01 9.749958e-02 1.125289e-01 1.000000e-01 1.597510e+00 -0.995421 0.005686 0.020538 0.908277 0.053603 0.007317 0.995421 -0.006257 -0.029650 -0.930221 0.000000 
1.150046e-01 1.003094e-01 9.749958e-02 1.125289e-01 1.000000e-01 1.597510e+00 -0.995421 0.005686 0.020538 0.908277 0.053603 0.007317 0.995421 -0.006257 -0.029650 -0.930221 0.000000 
1.150046e-01 1.003094e-01 9.749958e-02 1.125289e-01 1.000000e-01 1.597510e+00 -0.995421 0.005686 0.020538 0.908277 0.053603 0.007317 0.995421 -0.006257 -0.029650 -0.930221 0.000000 
1.150046e-01 1.003094e-01 9.749958e-02 1.125289e-01 1.000000e-01 1.597510e+00 -0.995421 0.005686 0.020538 0.908277 0.053603 0.007317 0.995421 -0.006257 -0.029650 -0.930221 0.000000 
1.150046e-01 1.003094e-01 9.749958e-02 1.125289e-01 1.000000e-01 1.597510e+00 -0.995421 0.005686 0.020538 0.908277 0.053603 0.007317 0.995421 -0.006257 -0.029650 -0.930221 0.000000 
1.150046e-01 1.003094e-01 9.749958e-02 1.125289e-01 1.000000e-01 1.597510e+00 -0.995421 0.005686 0.020538 0.908277 0.053603 0.007317 0.995421 -0.006257 -0.029650 -0.930221 0.000000 
1.150046e-01 1.003094e-01 9.749958e-02 1.125289e-01 1.000000e-01 1.597510e+00 -0.995421 0.005686 0.020538 0.908277 0.053603 0.007317 0.995421 -0.006257 -0.029650 -0.930221 0.000000 
1.150046e-01 1.003094e-01 9.749958e-02 1.125289e-01 1.000000e-01 1.597510e+00 -0.995421 0.005686 0.020538 0.908277 0.053603 0.007317 0.995421 -0.006257 -0.029650 -0.930221 0.000000 
1.150046e-01 1.003094e-01 9.749958e-02 1.125289e-01 1.000000e-01 1.597510e+00 -0.995421 0.005686 0.020538 0.908277 0.053603 0.007317 0.995421 -0.006257 -0.029650 -0.930221 0.000000 
1.150046e-01 1.003094e-01 9.749958e-02 1.125289e-01 1.000000e-01 1.597510e+00 -0.995421 0.005686 0.020538 0.908277 0.053603 0.007317 0.995421 -0.006257 -0.029650 -0.930221 0.000000 
1.150046e-01 1.003094e-01 9.749958e-02 1.125289e-01 1.000000e-01 1.597510e+00 -0.995421 0.005686 0.020538 0.908277 0.053603 0.007317 0.995421 -0.006257 -0.029650 -0.930221 0.000000 
1.150046e-01 1.003094e-01 9.749958e-02 1.125289e-01 1.000000e-01 1.597510e+00 -0.995421 0.005686 0.020538 0.908277 0.053603 0.007317 0.995421 -0.006257 -0.029650 -0.930221 0.000000 
1.150046e-01 1.003094e-01 9.749958e-02 1.125289e-01 1.000000e-01 1.597510e+00 -0.995421 0.005686 0.020538 0.908277 0.053603 0.007317 0.995421 -0.006257 -0.029650 -0.930221 0.000000 
1.150046e-01 1.003094e-01 9.749958e-02 1.125289e-01 1.000000e-01 1.597510e+00 -0.995421 0.005686 0.020538 0.908277 0.053603 0.007317 0.995421 -0.006257 -0.029650 -0.930221 0.000000 
1.150046e-01 1.003094e-01 9.749958e-02 1.125289e-01 1.000000e-01 1.597510e+00 -0.995421 0.005686 0.020538 0.908277 0.053603 0.007317 0.995421 -0.006257 -0.029650 -0.930221 0.000000 
1.150046e-01 1.003094e-01 9.749958e-02 1.125289e-01 1.000000e-01 1.597510e+00 -0.995421 0.005686 0.020538 0.908277 0.053603 0.007317 0.995421 -0.006257 -0.029650 -0.930221 0.000000 
1.150046e-01 1.003094e-01 9.749958e-02 1.125289e-01 1.000000e-01 1.597510e+00 -0.995421 0.005686 0.020538 0.908277 0.053603 0.007317 0.995421 -0.006257 -0.029650 -0.930221 0.000000 
1.150046e-01 1.003094e-01 9.749958e-02 1.125289e-01 1.000000e-01 1.597510e+00 -0.995421 0.005686 0.020538 0.908277 0.053603 0.007317 0.995421 -0.006257 -0.029650 -0.930221 0.000000 
1.150046e-01 1.003094e-01 9.749958e-02 1.125289e-01 1.000000e-01 1.597510e+00 -0.995421 0.005686 0.020538 0.908277 0.053603 0.007317 0.995421 -0.006257 -0.029650 -0.930221 0.000000 
1.150046e-01 1.003094e-01 9.749958e-02 1.125289e-01 1.000000e-01 1.597510e+00 -0.995421 0.005686 0.020538 0.908277 0.053603 0.007317 0.995421 -0.006257 -0.029650 -0.930221 0.000000 
1.150046e-01 1.003094e-01 9.749958e-02 1.125289e-01 1.000000e-01 1.597510e+00 -0.995421 0.005686 0.020538 0.908277 0.053603 0.007317 0.995421 -0.006257 -0.029650 -0.930221 0.000000 
1.150046e-01 1.003094e-01 9.749958e-02 1.125289e-01 1.000000e-01 1.597510e+00 -0.995421 0.005686 0.020538 0.908277 0.053603 0.007317 0.995421 -0.006257 -0.029650 -0.930221 0.000000 
1.150046e-01 1.003094e-01 9.749958e-02 1.125289e-01 1.000000e-01 1.597510e+00 -0.995421 0.005686 0.020538 0.908277 0.053603 0.007317 0.995421 -0.006257 -0.029650 -0.930221 0.000000 
1.150046e-01 1.003094e-01 9.749958e-02 1.125289e-01 1.000000e-01 1.597510e+00 -0.995421 0.005686 0.020538 0.908277 0.053603 0.007317 0.995421 -0.006257 -0.029650 -0.930221 0.000000 
1.150046e-01 1.003094e-01 9.749958e-02 1.125289e-01 1.000000e-01 1.597510e+00 -0.995421 0.005686 0.020538 0.908277 0.053603 0.007317 0.995421 -0.006257 -0.029650 -0.930221 0.000000 
1.150046e-01 1.003094e-01 9.749958e-02 1.125289e-01 1.000000e-01 1.597510e+00 -0.995421 0.005686 0.020538 0.908277 0.053603 0.007317 0.995421 -0.006257 -0.029650 -0.930221 0.000000 
1.150046e-01 1.003094e-01 9.749958e-02 1.125289e-01 1.000000e-01 1.597510e+00 -0.995421 0.005686 0.020538 0.908277 0.053603 0.007317 0.995421 -0.006257 -0.029650 -0.930221 0.000000 
1.150046e-01 1.003094e-01 9.749958e-02 1.125289e-01 1.000000e-01 1.597510e+00 -0.995421 0.005686 0.020538 0.908277 0.053603 0.007317 0.995421 -0.006257 -0.029650 -0.930221 0.000000 
1.150046e-01 1.003094e-01 9.749958e-02 1.125289e-01 1.000000e-01 1.597510e+00 -0.995421 0.005686 0.020538 0.908277 0.053603 0.007317 0.995421 -0.006257 -0.029650 -0.930221 0.000000 
1.150046e-01 1.003094e-01 9.749958e-02 1.125289e-01 1.000000e-01 1.597510e+00 -0.995421 0.005686 0.020538 0.908277 0.053603 0.007317 0.995421 -0.006257 -0.029650 -0.930221 0.000000 
1.150046e-01 1.003094e-01 9.749958e-02 1.125289e-01 1.000000e-01 1.597510e+00 -0.995421 0.005686 0.020538 0.908277 0.053603 0.007317 0.995421 -0.006257 -0.029650 -0.930221 0.000000 
1.150046e-01 1.003094e-01 9.749958e-02 1.125289e-01 1.000000e-01 1.597510e+00 -0.995421 0.005686 0.020538 0.908277 0.053603 0.007317 0.995421 -0.006257 -0.029650 -0.930221 0.000000 
1.150046e-01 1.003094e-01 9.749958e-02 1.125289e-01 1.000000e-01 1.597510e+00 -0.995421 0.005686 0.020538 0.908277 0.053603 0.007317 0.995421 -0.006257 -0.029650 -0.930221 0.000000 
1.150046e-01 1.003094e-01 9.749958e-02 1.125289e-01 1.000000e-01 1.597510e+00 -0.995421 0.005686 0.020538 0.908277 0.053603 0.007317 0.995421 -0.006257 -0.029650 -0.930221 0.000000 
1.150046e-01 1.003094e-01 9.749958e-02 1.125289e-01 1.000000e-01 1.597510e+00 -0.995421 0.005686 0.020538 0.908277 0.053603 0.007317 0.995421 -0.006257 -0.029650 -0.930221 0.000000 
1.150046e-01 1.003094e-01 9.749958e-02 1.125289e-01 1.000000e-01 1.597510e+00 -0.995421 0.005686 0.020538 0.908277 0.053603 0.007317 0.995421 -0.006257 -0.029650 -0.930221 0.000000 
1.150046e-01 1.003094e-01 9.749958e-02 1.125289e-01 1.000000e-01 1.597510e+00 -0.995421 0.005686 0.020538 0.908277 0.053603 0.007317 0.995421 -0.006257 -0.029650 -0.930221 0.000000 
1.150046e-01 1.003094e-01 9.749958e-02 1.125289e-01 1.000000e-01 1.597510e+00 -0.995421 0.005686 0.020538 0.908277 0.053603 0.007317 0.995421 -0.006257 -0.029650 -0.930221 0.000000 
1.150046e-01 1.003094e-01 9.749958e-02 1.125289e-01 1.000000e-01 1.597510e+00 -0.995421 0.005686 0.020538 0.908277 0.053603 0.007317 0.995421 -0.006257 -0.029650 -0.930221 0.000000 
1.150046e-01 1.003094e-01 9.749958e-02 1.125289e-01 1.000000e-01 1.597510e+00 -0.995421 0.005686 0.020538 0.908277 0.053603 0.007317 0.995421 -0.006257 -0.029650 -0.930221 0.000000 
1.150046e-01 1.003094e-01 9.749958e-02 1.125289e-01 1.000000e-01 1.597510e+00 -0.995421 0.005686 0.020538 0.908277 0.053603 0.007317 0.995421 -0.006257 -0.029650 -0.930221 0.000000 
1.150046e-01 1.003094e-01 9.749958e-02 1.125289e-01 1.000000e-01 1.597510e+00 -0.995421 0.005686 0.020538 0.908277 0.053603 0.007317 0.995421 -0.006257 -0.029650 -0.930221 0.000000 
1.150046e-01 1.003094e-01 9.749958e-02 1.125289e-01 1.000000e-01 1.597510e+00 -0.995421 0.005686 0.020538 0.908277 0.053603 0.007317 0.995421 -0.006257 -0.029650 -0.930221 0.000000 
1.150046e-01 1.003094e-01 9.749958e-02 1.125289e-01 1.000000e-01 1.597510e+00 -0.995421 0.005686 0.020538 0.908277 0.053603 0.007317 0.995421 -0.006257 -0.029650 -0.930221 0.000000 
1.150046e-01 1.003094e-01 9.749958e-02 1.125289e-01 1.000000e-01 1.597510e+00 -0.995421 0.005686 0.020538 0.908277 0.053603 0.007317 0.995421 -0.006257 -0.029650 -0.930221 0.000000 
1.150046e-01 1.003094e-01 9.749958e-02 1.125289e-01 1.000000e-01 1.597510e+00 -0.995421 0.005686 0.020538 0.908277 0.053603 0.007317 0.995421 -0.006257 -0.029650 -0.930221 0.000000 
1.150046e-01 1.003094e-01 9.749958e-02 1.125289e-01 1.000000e-01 1.597510e+00 -0.995421 0.005686 0.020538 0.908277 0.053603 0.007317 0.995421 -0.006257 -0.029650 -0.930221 0.000000 
1.150046e-01 1.003094e-01 9.749958e-02 1.125289e-01 1.000000e-01 1.597510e+00 -0.995421 0.005686 0.020538 0.908277 0.053603 0.007317 0.995421 -0.006257 -0.029650 -0.930221 0.000000 
1.150046e-01 1.003094e-01 9.749958e-02 1.125289e-01 1.000000e-01 1.597510e+00 -0.995421 0.005686 0.020538 0.908277 0.053603 0.007317 0.995421 -0.006257 -0.029650 -0.930221 0.000000 
1.150046e-01 1.003094e-01 9.749958e-02 1.125289e-01 1.000000e-01 1.597510e+00 -0.995421 0.005686 0.020538 0.908277 0.053603 0.007317 0.995421 -0.006257 -0.029650 -0.930221 0.000000 
1.150046e-01 1.003094e-01 9.749958e-02 1.125289e-01 1.000000e-01 1.597510e+00 -0.995421 0.005686 0.020538 0.908277 0.053603 0.007317 0.995421 -0.006257 -0.029650 -0.930221 0.000000 
1.150046e-01 1.003094e-01 9.749958e-02 1.125289e-01 1.000000e-01 1.597510e+00 -0.995421 0.005686 0.020538 0.908277 0.053603 0.007317 0.995421 -0.006257 -0.029650 -0.930221 0.000000 
1.150046e-01 1.003094e-01 9.749958e-02 1.125289e-01 1.000000e-01 1.597510e+00 -0.995421 0.005686 0.020538 0.908277 0.053603 0.007317 0.995421 -0.006257 -0.029650 -0.930221 0.000000 
1.150046e-01 1.003094e-01 9.749958e-02 1.125289e-01 1.000000e-01 1.597510e+00 -0.995421 0.005686 0.020538 0.908277 0.053603 0.007317 0.995421 -0.006257 -0.029650 -0.930221 0.000000 
1.150046e-01 1.003094e-01 9.749958e-02 1.125289e-01 1.000000e-01 1.597510e+00 -0.995421 0.005686 0.020538 0.908277 0.053603 0.007317 0.995421 -0.006257 -0.029650 -0.930221 0.000000 
1.150046e-01 1.003094e-01 9.749958e-02 1.125289e-01 1.000000e-01 1.597510e+00 -0.995421 0.005686 0.020538 0.908277 0.053603 0.007317 0.995421 -0.006257 -0.029650 -0.930221 0.000000 
1.150046e-01 1.003094e-01 9.749958e-02 1.125289e-01 1.000000e-01 1.597510e+00 -0.995421 0.005686 0.020538 0.908277 0.053603 0.007317 0.995421 -0.006257 -0.029650 -0.930221 0.000000 
1.150046e-01 1.003094e-01 9.749958e-02 1.125289e-01 1.000000e-01 1.597510e+00 -0.995421 0.005686 0.020538 0.908277 0.053603 0.007317 0.995421 -0.006257 -0.029650 -0.930221 0.000000 
1.150046e-01 1.003094e-01 9.749958e-02 1.125289e-01 1.000000e-01 1.597510e+00 -0.995421 0.005686 0.020538 0.908277 0.053603 0.007317 0.995421 -0.006257 -0.029650 -0.930221 0.000000 
1.150046e-01 1.003094e-01 9.749958e-02 1.125289e-01 1.000000e-01 1.597510e+00 -0.995421 0.005686 0.020538 0.908277 0.053603 0.007317 0.995421 -0.006257 -0.029650 -0.930221 0.000000 
1.150046e-01 1.003094e-01 9.749958e-02 1.125289e-01 1.000000e-01 1.597510e+00 -0.995421 0.005686 0.020538 0.908277 0.053603 0.007317 0.995421 -0.006257 -0.029650 -0.930221 0.000000 
1.150046e-01 1.003094e-01 9.749958e-02 1.125289e-01 1.000000e-01 1.597510e+00 -0.995421 0.005686 0.020538 0.908277 0.053603 0.007317 0.995421 -0.006257 -0.029650 -0.930221 0.000000 
1.150046e-01 1.003094e-01 9.749958e-02 1.125289e-01 1.000000e-01 1.597510e+00 -0.995421 0.005686 0.020538 0.908277 0.053603 0.007317 0.995421 -0.006257 -0.029650 -0.930221 0.000000 
1.150046e-01 1.003094e-01 9.749958e-02 1.125289e-01 1.000000e-01 1.597510e+00 -0.995421 0.005686 0.020538 0.908277 0.053603 0.007317 0.995421 -0.006257 -0.029650 -0.930221 0.000000 
1.150046e-01 1.003094e-01 9.749958e-02 1.125289e-01 1.000000e-01 1.597510e+00 -0.995421 0.005686 0.020538 0.908277 0.053603 0.007317 0.995421 -0.006257 -0.029650 -0.930221 0.000000 
1.150046e-01 1.003094e-01 9.749958e-02 1.125289e-01 1.000000e-01 1.597510e+00 -0.995421 0.005686 0.020538 0.908277 0.053603 0.007317 0.995421 -0.006257 -0.029650 -0.930221 0.000000 
1.150046e-01 1.003094e-01 9.749958e-02 1.125289e-01 1.000000e-01 1.597510e+00 -0.995421 0.005686 0.020538 0.908277 0.053603 0.007317 0.995421 -0.006257 -0.029650 -0.930221 0.000000 
1.150046e-01 1.003094e-01 9.749958e-02 1.125289e-01 1.000000e-01 1.597510e+00 -0.995421 0.005686 0.020538 0.908277 0.053603 0.007317 0.995421 -0.006257 -0.029650 -0.930221 0.000000 
1.150046e-01 1.003094e-01 9.749958e-02 1.125289e-01 1.000000e-01 1.597510e+00 -0.995421 0.005686 0.020538 0.908277 0.053603 0.007317 0.995421 -0.006257 -0.029650 -0.930221 0.000000 
1.150046e-01 1.003094e-01 9.749958e-02 1.125289e-01 1.000000e-01 1.597510e+00 -0.995421 0.005686 0.020538 0.908277 0.053603 0.007317 0.995421 -0.006257 -0.029650 -0.930221 0.000000 
1.150046e-01 1.003094e-01 9.749958e-02 1.125289e-01 1.000000e-01 1.597510e+00 -0.995421 0.005686 0.020538 0.908277 0.053603 0.007317 0.995421 -0.006257 -0.029650 -0.930221 0.000000 
1.150046e-01 1.003094e-01 9.749958e-02 1.125289e-01 1.000000e-01 1.597510e+00 -0.995421 0.005686 0.020538 0.908277 0.053603 0.007317 0.995421 -0.006257 -0.029650 -0.930221 0.000000 
1.150046e-01 1.003094e-01 9.749958e-02 1.125289e-01 1.000000e-01 1.597510e+00 -0.995421 0.005686 0.020538 0.908277 0.053603 0.007317 0.995421 -0.006257 -0.029650 -0.930221 0.000000 
1.150046e-01 1.003094e-01 9.749958e-02 1.125289e-01 1.000000e-01 1.597510e+00 -0.995421 0.005686 0.020538 0.908277 0.053603 0.007317 0.995421 -0.006257 -0.029650 -0.930221 0.000000 
1.150046e-01 1.003094e-01 9.749958e-02 1.125289e-01 1.000000e-01 1.597510e+00 -0.995421 0.005686 0.020538 0.908277 0.053603 0.007317 0.995421 -0.006257 -0.029650 -0.930221 0.000000 
1.150046e-01 1.003094e-01 9.749958e-02 1.125289e-01 1.000000e-01 1.597510e+00 -0.995421 0.005686 0.020538 0.908277 0.053603 0.007317 0.995421 -0.006257 -0.029650 -0.930221 0.000000 
1.150046e-01 1.003094e-01 9.749958e-02 1.125289e-01 1.000000e-01 1.597510e+00 -0.995421 0.005686 0.020538 0.908277 0.053603 0.007317 0.995421 -0.006257 -0.029650 -0.930221 0.000000 
1.150046e-01 1.003094e-01 9.749958e-02 1.125289e-01 1.000000e-01 1.597510e+00 -0.995421 0.005686 0.020538 0.908277 0.053603 0.007317 0.995421 -0.006257 -0.029650 -0.930221 0.000000 
1.150046e-01 1.003094e-01 9.749958e-02 1.125289e-01 1.000000e-01 1.597510e+00 -0.995421 0.005686 0.020538 0.908277 0.053603 0.007317 0.995421 -0.006257 -0.029650 -0.930221 0.000000 
1.150046e-01 1.003094e-01 9.749958e-02 1.125289e-01 1.000000e-01 1.597510e+00 -0.995421 0.005686 0.020538 0.908277 0.053603 0.007317 0.995421 -0.006257 -0.029650 -0.930221 0.000000 
1.150046e-01 1.003094e-01 9.749958e-02 1.125289e-01 1.000000e-01 1.597510e+00 -0.995421 0.005686 0.020538 0.908277 0.053603 0.007317 0.995421 -0.006257 -0.029650 -0.930221 0.000000 
1.150046e-01 1.003094e-01 9.749958e-02 1.125289e-01 1.000000e-01 1.597510e+00 -0.995421 0.005686 0.020538 0.908277 0.053603 0.007317 0.995421 -0.006257 -0.029650 -0.930221 0.000000 
1.150046e-01 1.003094e-01 9.749958e-02 1.125289e-01 1.000000e-01 1.597510e+00 -0.995421 0.005686 0.020538 0.908277 0.053603 0.007317 0.995421 -0.006257 -0.029650 -0.930221 0.000000 
1.150046e-01 1.003094e-01 9.749958e-02 1.125289e-01 1.000000e-01 1.597510e+00 -0.995421 0.005686 0.020538 0.908277 0.053603 0.007317 0.995421 -0.006257 -0.029650 -0.930221 0.000000 
1.150046e-01 1.003094e-01 9.749958e-02 1.125289e-01 1.000000e-01 1.597510e+00 -0.995421 0.005686 0.020538 0.908277 0.053603 0.007317 0.995421 -0.006257 -0.029650 -0.930221 0.000000 
1.150046e-01 1.003094e-01 9.749958e-02 1.125289e-01 1.000000e-01 1.597510e+00 -0.995421 0.005686 0.020538 0.908277 0.053603 0.007317 0.995421 -0.006257 -0.029650 -0.930221 0.000000 
1.150046e-01 1.003094e-01 9.749958e-02 1.125289e-01 1.000000e-01 1.597510e+00 -0.995421 0.005686 0.020538 0.908277 0.053603 0.007317 0.995421 -0.006257 -0.029650 -0.930221 0.000000 
1.150046e-01 1.003094e-01 9.749958e-02 1.125289e-01 1.000000e-01 1.597510e+00 -0.995421 0.005686 0.020538 0.908277 0.053603 0.007317 0.995421 -0.006257 -0.029650 -0.930221 0.000000 
1.150046e-01 1.003094e-01 9.749958e-02 1.125289e-01 1.000000e-01 1.597510e+00 -0.995421 0.005686 0.020538 0.908277 0.053603 0.007317 0.995421 -0.006257 -0.029650 -0.930221 0.000000 
1.150046e-01 1.003094e-01 9.749958e-02 1.125289e-01 1.000000e-01 1.597510e+00 -0.995421 0.005686 0.020538 0.908277 0.053603 0.007317 0.995421 -0.006257 -0.029650 -0.930221 0.000000 
1.150046e-01 1.003094e-01 9.749958e-02 1.125289e-01 1.000000e-01 1.597510e+00 -0.995421 0.005686 0.020538 0.908277 0.053603 0.007317 0.995421 -0.006257 -0.029650 -0.930221 0.000000 
1.150046e-01 1.003094e-01 9.749958e-02 1.125289e-01 1.000000e-01 1.597510e+00 -0.995421 0.005686 0.020538 0.908277 0.053603 0.007317 0.995421 -0.006257 -0.029650 -0.930221 0.000000 
1.150046e-01 1.003094e-01 9.749958e-02 1.125289e-01 1.000000e-01 1.597510e+00 -0.995421 0.005686 0.020538 0.908277 0.053603 0.007317 0.995421 -0.006257 -0.029650 -0.930221 0.000000 
1.150046e-01 1.003094e-01 9.749958e-02 1.125289e-01 1.000000e-01 1.597510e+00 -0.995421 0.005686 0.020538 0.908277 0.053603 0.007317 0.995421 -0.006257 -0.029650 -0.930221 0.000000 
1.150046e-01 1.003094e-01 9.749958e-02 1.125289e-01 1.000000e-01 1.597510e+00 -0.995421 0.005686 0.020538 0.908277 0.053603 0.007317 0.995421 -0.006257 -0.029650 -0.930221 0.000000 
1.150046e-01 1.003094e-01 9.749958e-02 1.125289e-01 1.000000e-01 1.597510e+00 -0.995421 0.005686 0.020538 0.908277 0.053603 0.007317 0.995421 -0.006257 -0.029650 -0.930221 0.000000 
1.150046e-01 1.003094e-01 9.749958e-02 1.125289e-01 1.000000e-01 1.597510e+00 -0.995421 0.005686 0.020538 0.908277 0.053603 0.007317 0.995421 -0.006257 -0.029650 -0.930221 0.000000 
1.150046e-01 1.003094e-01 9.749958e-02 1.125289e-01 1.000000e-01 1.597510e+00 -0.995421 0.005686 0.020538 0.908277 0.053603 0.007317 0.995421 -0.006257 -0.029650 -0.930221 0.000000 
1.150046e-01 1.003094e-01 9.749958e-02 1.125289e-01 1.000000e-01 1.597510e+00 -0.995421 0.005686 0.020538 0.908277 0.053603 0.007317 0.995421 -0.006257 -0.029650 -0.930221 0.000000 
1.150046e-01 1.003094e-01 9.749958e-02 1.125289e-01 1.000000e-01 1.597510e+00 -0.995421 0.005686 0.020538 0.908277 0.053603 0.007317 0.995421 -0.006257 -0.029650 -0.930221 0.000000 
1.150046e-01 1.003094e-01 9.749958e-02 1.125289e-01 1.000000e-01 1.597510e+00 -0.995421 0.005686 0.020538 0.908277 0.053603 0.007317 0.995421 -0.006257 -0.029650 -0.930221 0.000000 
1.150046e-01 1.003094e-01 9.749958e-02 1.125289e-01 1.000000e-01 1.597510e+00 -0.995421 0.005686 0.020538 0.908277 0.053603 0.007317 0.995421 -0.006257 -0.029650 -0.930221 0.000000 
1.150046e-01 1.003094e-01 9.749958e-02 1.125289e-01 1.000000e-01 1.597510e+00 -0.995421 0.005686 0.020538 0.908277 0.053603 0.007317 0.995421 -0.006257 -0.029650 -0.930221 0.000000 
1.150046e-01 1.003094e-01 9.749958e-02 1.125289e-01 1.000000e-01 1.597510e+00 -0.995421 0.005686 0.020538 0.908277 0.053603 0.007317 0.995421 -0.006257 -0.029650 -0.930221 0.000000 
1.150046e-01 1.003094e-01 9.749958e-02 1.125289e-01 1.000000e-01 1.597510e+00 -0.995421 0.005686 0.020538 0.908277 0.053603 0.007317 0.995421 -0.006257 -0.029650 -0.930221 0.000000 
1.150046e-01 1.003094e-01 9.749958e-02 1.125289e-01 1.000000e-01 1.597510e+00 -0.995421 0.005686 0.020538 0.908277 0.053603 0.007317 0.995421 -0.006257 -0.029650 -0.930221 0.000000 
1.150046e-01 1.003094e-01 9.749958e-02 1.125289e-01 1.000000e-01 1.597510e+00 -0.995421 0.005686 0.020538 0.908277 0.053603 0.007317 0.995421 -0.006257 -0.029650 -0.930221 0.000000 
1.150046e-01 1.003094e-01 9.749958e-02 1.125289e-01 1.000000e-01 1.597510e+00 -0.995421 0.005686 0.020538 0.908277 0.053603 0.007317 0.995421 -0.006257 -0.029650 -0.930221 0.000000 
1.150046e-01 1.003094e-01 9.749958e-02 1.125289e-01 1.000000e-01 1.597510e+00 -0.995421 0.005686 0.020538 0.908277 0.053603 0.007317 0.995421 -0.006257 -0.029650 -0.930221 0.000000 
1.150046e-01 1.003094e-01 9.749958e-02 1.125289e-01 1.000000e-01 1.597510e+00 -0.995421 0.005686 0.020538 0.908277 0.053603 0.007317 0.995421 -0.006257 -0.029650 -0.930221 0.000000 
1.150046e-01 1.003094e-01 9.749958e-02 1.125289e-01 1.000000e-01 1.597510e+00 -0.995421 0.005686 0.020538 0.908277 0.053603 0.007317 0.995421 -0.006257 -0.029650 -0.930221 0.000000 
1.150046e-01 1.003094e-01 9.749958e-02 1.125289e-01 1.000000e-01 1.597510e+00 -0.995421 0.005686 0.020538 0.908277 0.053603 0.007317 0.995421 -0.006257 -0.029650 -0.930221 0.000000 
