# TeX TeY TeZ ThX ThY THZ P1 P2
1.300000e-01 1.000000e-01 1.200000e-01 1.300000e-01 1.000000e-01 1.200000e-01 0.000000 0.000000 0.000000 0.000000 0.000000 0.000000 0.000000 0.000000 0.000000 0.000000 0.000000 
1.300000e-01 1.001767e-01 1.062031e-01 1.299621e-01 1.000000e-01 1.292541e-01 -0.016161 0.002074 0.004149 0.004153 0.004176 0.001609 0.016161 0.040889 0.101958 -0.292577 0.000000 
1.300000e-01 1.003282e-01 9.749526e-02 1.299534e-01 1.000000e-01 1.384813e-01 -0.029379 0.003771 0.007543 0.007550 0.007591 0.002925 0.029379 0.073647 0.204267 -0.558977 0.000000 
1.300000e-01 1.003282e-01 9.749526e-02 1.299513e-01 1.000000e-01 1.476942e-01 -0.035487 0.004555 0.009111 0.009119 0.009169 0.003534 0.035487 0.082826 0.209796 -0.596081 0.000000 
1.300000e-01 1.003282e-01 9.749526e-02 1.299460e-01 1.000000e-01 1.568973e-01 -0.041578 0.005336 0.010675 0.010685 0.010743 0.004140 0.041578 0.090000 0.211968 -0.622248 0.000000 
1.300000e-01 1.003282e-01 9.749526e-02 1.299398e-01 1.000000e-01 1.660921e-01 -0.047659 0.006117 0.012236 0.012247 0.012314 0.004746 0.047660 0.095473 0.212328 -0.641133 0.000000 
1.300000e-01 1.003282e-01 9.749526e-02 1.299335e-01 1.000000e-01 1.752791e-01 -0.053733 0.006896 0.013795 0.013808 0.013884 0.005350 0.053733 0.099545 0.211723 -0.655052 0.000000 
1.300000e-01 1.003282e-01 9.749526e-02 1.299276e-01 1.000000e-01 1.844585e-01 -0.059801 0.007675 0.015353 0.015367 0.015451 0.005955 0.059801 0.102462 0.210603 -0.665441 0.000000 
1.300000e-01 1.003282e-01 9.749526e-02 1.299222e-01 1.000000e-01 1.936302e-01 -0.065863 0.008453 0.016909 0.016925 0.017018 0.006558 0.065863 0.104494 0.209231 -0.673407 0.000000 
1.300000e-01 1.003282e-01 9.749526e-02 1.299173e-01 1.000000e-01 2.027943e-01 -0.071919 0.009230 0.018464 0.018481 0.018583 0.007161 0.071919 0.105852 0.207736 -0.679667 0.000000 
1.300000e-01 1.003282e-01 9.749526e-02 1.299130e-01 1.000000e-01 2.119508e-01 -0.077970 0.010007 0.020018 0.020036 0.020146 0.007764 0.077970 0.106689 0.206183 -0.684687 0.000000 
1.300000e-01 1.003282e-01 9.749526e-02 1.299091e-01 1.000000e-01 2.210995e-01 -0.084015 0.010783 0.021570 0.021590 0.021708 0.008366 0.084015 0.107128 0.204607 -0.688800 0.000000 
1.300000e-01 1.003282e-01 9.749526e-02 1.299057e-01 1.000000e-01 2.302406e-01 -0.090055 0.011558 0.023120 0.023142 0.023269 0.008967 0.090055 0.107266 0.203025 -0.692245 0.000000 
1.300000e-01 1.003282e-01 9.749526e-02 1.299027e-01 1.000000e-01 2.393739e-01 -0.096090 0.012333 0.024670 0.024693 0.024828 0.009568 0.096090 0.107169 0.201445 -0.695186 0.000000 
1.300000e-01 1.003282e-01 9.749526e-02 1.299001e-01 1.000000e-01 2.484994e-01 -0.102119 0.013106 0.026218 0.026242 0.026386 0.010168 0.102120 0.106902 0.199869 -0.697767 0.000000 
1.300000e-01 1.003282e-01 9.749526e-02 1.298978e-01 1.000000e-01 2.576170e-01 -0.108143 0.013880 0.027764 0.027790 0.027942 0.010768 0.108144 0.106509 0.198300 -0.700084 0.000000 
1.300000e-01 1.003282e-01 9.749526e-02 1.298957e-01 1.000000e-01 2.667268e-01 -0.114162 0.014652 0.029310 0.029337 0.029497 0.011367 0.114163 0.106022 0.196737 -0.702204 0.000000 
1.300000e-01 1.003282e-01 9.749526e-02 1.298940e-01 1.000000e-01 2.758286e-01 -0.120176 0.015424 0.030853 0.030882 0.031051 0.011966 0.120176 0.105463 0.195178 -0.704177 0.000000 
1.300000e-01 1.003282e-01 9.749526e-02 1.298925e-01 1.000000e-01 2.849223e-01 -0.126184 0.016195 0.032396 0.032426 0.032604 0.012564 0.126184 0.104851 0.193625 -0.706039 0.000000 
1.300000e-01 1.003282e-01 9.749526e-02 1.298912e-01 1.000000e-01 2.940080e-01 -0.132187 0.016965 0.033937 0.033968 0.034155 0.013162 0.132187 0.104198 0.192075 -0.707816 0.000000 
1.300000e-01 1.003282e-01 9.749526e-02 1.298900e-01 1.000000e-01 3.030856e-01 -0.138184 0.017735 0.035477 0.035510 0.035704 0.013759 0.138185 0.103517 0.190529 -0.709533 0.000000 
1.300000e-01 1.003282e-01 9.749526e-02 1.298890e-01 1.000000e-01 3.121550e-01 -0.144176 0.018504 0.037015 0.037049 0.037252 0.014356 0.144177 0.102814 0.188986 -0.711205 0.000000 
1.300000e-01 1.003282e-01 9.749526e-02 1.298881e-01 1.000000e-01 3.212161e-01 -0.150163 0.019272 0.038552 0.038588 0.038799 0.014952 0.150163 0.102095 0.187445 -0.712842 0.000000 
1.300000e-01 1.003282e-01 9.749526e-02 1.298874e-01 1.000000e-01 3.302689e-01 -0.156144 0.020040 0.040088 0.040125 0.040345 0.015548 0.156144 0.101364 0.185907 -0.714452 0.000000 
1.300000e-01 1.003282e-01 9.749526e-02 1.298867e-01 1.000000e-01 3.393133e-01 -0.162119 0.020807 0.041622 0.041660 0.041889 0.016143 0.162120 0.100625 0.184370 -0.716042 0.000000 
1.300000e-01 1.003282e-01 9.749526e-02 1.298861e-01 1.000000e-01 3.483493e-01 -0.168089 0.021573 0.043154 0.043194 0.043431 0.016737 0.168090 0.099879 0.182836 -0.717617 0.000000 
1.300000e-01 1.003282e-01 9.749526e-02 1.298856e-01 1.000000e-01 3.573768e-01 -0.174053 0.022339 0.044686 0.044727 0.044972 0.017331 0.174054 0.099129 0.181304 -0.719180 0.000000 
1.300000e-01 1.003282e-01 9.749526e-02 1.298852e-01 1.000000e-01 3.663958e-01 -0.180012 0.023103 0.046215 0.046258 0.046512 0.017924 0.180012 0.098375 0.179773 -0.720734 0.000000 
1.300000e-01 1.003282e-01 9.749526e-02 1.298848e-01 1.000000e-01 3.754061e-01 -0.185965 0.023867 0.047744 0.047788 0.048050 0.018517 0.185965 0.097620 0.178244 -0.722281 0.000000 
1.300000e-01 1.003282e-01 9.749526e-02 1.298845e-01 1.000000e-01 3.844077e-01 -0.191912 0.024631 0.049271 0.049316 0.049587 0.019109 0.191913 0.096863 0.176717 -0.723822 0.000000 
1.300000e-01 1.003282e-01 9.749526e-02 1.298842e-01 1.000000e-01 3.934005e-01 -0.197854 0.025393 0.050796 0.050843 0.051122 0.019701 0.197854 0.096105 0.175191 -0.725358 0.000000 
1.300000e-01 1.003282e-01 9.749526e-02 1.298840e-01 1.000000e-01 4.023845e-01 -0.203789 0.026155 0.052320 0.052368 0.052655 0.020292 0.203789 0.095347 0.173667 -0.726890 0.000000 
1.300000e-01 1.003282e-01 9.749526e-02 1.298838e-01 1.000000e-01 4.113596e-01 -0.209719 0.026916 0.053842 0.053892 0.054187 0.020882 0.209719 0.094589 0.172144 -0.728420 0.000000 
1.300000e-01 1.003282e-01 9.749526e-02 1.298836e-01 1.000000e-01 4.203257e-01 -0.215642 0.027676 0.055363 0.055414 0.055718 0.021472 0.215643 0.093831 0.170623 -0.729946 0.000000 
1.300000e-01 1.003282e-01 9.749526e-02 1.298834e-01 1.000000e-01 4.292828e-01 -0.221560 0.028436 0.056882 0.056935 0.057247 0.022061 0.221561 0.093073 0.169104 -0.731470 0.000000 
1.300000e-01 1.003282e-01 9.749526e-02 1.298833e-01 1.000000e-01 4.382308e-01 -0.227472 0.029195 0.058400 0.058454 0.058775 0.022650 0.227472 0.092315 0.167586 -0.732991 0.000000 
1.300000e-01 1.003282e-01 9.749526e-02 1.298831e-01 1.000000e-01 4.471696e-01 -0.233378 0.029953 0.059916 0.059972 0.060300 0.023238 0.233378 0.091558 0.166070 -0.734510 0.000000 
1.300000e-01 1.003282e-01 9.749526e-02 1.298830e-01 1.000000e-01 4.560991e-01 -0.239277 0.030710 0.061431 0.061488 0.061825 0.023825 0.239278 0.090801 0.164555 -0.736027 0.000000 
1.300000e-01 1.003282e-01 9.749526e-02 1.298829e-01 1.000000e-01 4.650193e-01 -0.245171 0.031466 0.062944 0.063002 0.063347 0.024412 0.245171 0.090046 0.163042 -0.737543 0.000000 
1.300000e-01 1.003282e-01 9.749526e-02 1.298829e-01 1.000000e-01 4.739300e-01 -0.251058 0.032222 0.064455 0.064515 0.064869 0.024998 0.251058 0.089290 0.161531 -0.739056 0.000000 
1.300000e-01 1.003282e-01 9.749526e-02 1.298828e-01 1.000000e-01 4.828313e-01 -0.256939 0.032976 0.065965 0.066026 0.066388 0.025584 0.256939 0.088536 0.160021 -0.740568 0.000000 
1.300000e-01 1.003282e-01 9.749526e-02 1.298827e-01 1.000000e-01 4.917230e-01 -0.262813 0.033730 0.067473 0.067536 0.067906 0.026169 0.262814 0.087782 0.158513 -0.742078 0.000000 
1.300000e-01 1.003282e-01 9.749526e-02 1.298827e-01 1.000000e-01 5.006051e-01 -0.268681 0.034484 0.068980 0.069044 0.069422 0.026753 0.268682 0.087029 0.157006 -0.743586 0.000000 
1.300000e-01 1.003282e-01 9.749526e-02 1.298826e-01 1.000000e-01 5.094775e-01 -0.274543 0.035236 0.070485 0.070550 0.070937 0.027337 0.274544 0.086277 0.155501 -0.745093 0.000000 
1.300000e-01 1.003282e-01 9.749526e-02 1.298826e-01 1.000000e-01 5.183401e-01 -0.280398 0.035987 0.071988 0.072055 0.072450 0.027920 0.280399 0.085526 0.153998 -0.746598 0.000000 
1.300000e-01 1.003282e-01 9.749526e-02 1.298826e-01 1.000000e-01 5.271927e-01 -0.286247 0.036738 0.073490 0.073558 0.073961 0.028502 0.286248 0.084775 0.152496 -0.748101 0.000000 
1.300000e-01 1.003282e-01 9.749526e-02 1.298825e-01 1.000000e-01 5.360355e-01 -0.292089 0.037488 0.074990 0.075059 0.075470 0.029084 0.292090 0.084025 0.150996 -0.749602 0.000000 
1.300000e-01 1.003282e-01 9.749526e-02 1.298825e-01 1.000000e-01 5.448681e-01 -0.297925 0.038237 0.076488 0.076559 0.076978 0.029665 0.297925 0.083276 0.149498 -0.751102 0.000000 
1.300000e-01 1.003282e-01 9.749526e-02 1.298825e-01 1.000000e-01 5.536907e-01 -0.303754 0.038985 0.077984 0.078057 0.078484 0.030245 0.303754 0.082528 0.148002 -0.752600 0.000000 
1.300000e-01 1.003282e-01 9.749526e-02 1.298824e-01 1.000000e-01 5.625030e-01 -0.309576 0.039732 0.079479 0.079553 0.079989 0.030825 0.309576 0.081781 0.146507 -0.754096 0.000000 
1.300000e-01 1.003282e-01 9.749526e-02 1.298824e-01 1.000000e-01 5.713051e-01 -0.315391 0.040478 0.080972 0.081047 0.081491 0.031404 0.315392 0.081035 0.145014 -0.755590 0.000000 
1.300000e-01 1.003282e-01 9.749526e-02 1.298824e-01 1.000000e-01 5.800967e-01 -0.321200 0.041224 0.082463 0.082540 0.082992 0.031983 0.321200 0.080289 0.143523 -0.757083 0.000000 
1.300000e-01 1.003282e-01 9.749526e-02 1.298824e-01 1.000000e-01 5.888779e-01 -0.327001 0.041969 0.083953 0.084031 0.084491 0.032560 0.327002 0.079545 0.142033 -0.758574 0.000000 
1.300000e-01 1.003282e-01 9.749526e-02 1.298824e-01 1.000000e-01 5.976485e-01 -0.332796 0.042712 0.085440 0.085520 0.085988 0.033137 0.332796 0.078801 0.140546 -0.760063 0.000000 
1.300000e-01 1.003282e-01 9.749526e-02 1.298824e-01 1.000000e-01 6.064085e-01 -0.338583 0.043455 0.086926 0.087007 0.087484 0.033713 0.338584 0.078058 0.139060 -0.761550 0.000000 
1.300000e-01 1.003282e-01 9.749526e-02 1.298824e-01 1.000000e-01 6.151577e-01 -0.344364 0.044197 0.088410 0.088492 0.088977 0.034289 0.344364 0.077316 0.137576 -0.763035 0.000000 
1.300000e-01 1.003282e-01 9.749526e-02 1.298824e-01 1.000000e-01 6.238961e-01 -0.350137 0.044938 0.089892 0.089976 0.090469 0.034864 0.350138 0.076575 0.136094 -0.764519 0.000000 
1.300000e-01 1.003282e-01 9.749526e-02 1.298824e-01 1.000000e-01 6.326236e-01 -0.355903 0.045678 0.091373 0.091458 0.091959 0.035438 0.355904 0.075835 0.134613 -0.766001 0.000000 
1.300000e-01 1.003282e-01 9.749526e-02 1.298823e-01 1.000000e-01 6.413400e-01 -0.361662 0.046417 0.092851 0.092937 0.093447 0.036011 0.361662 0.075096 0.133135 -0.767481 0.000000 
1.300000e-01 1.003282e-01 9.749526e-02 1.298823e-01 1.000000e-01 6.500454e-01 -0.367413 0.047155 0.094328 0.094415 0.094933 0.036584 0.367414 0.074358 0.131658 -0.768959 0.000000 
1.300000e-01 1.003282e-01 9.749526e-02 1.298823e-01 1.000000e-01 6.587395e-01 -0.373157 0.047892 0.095803 0.095891 0.096417 0.037156 0.373158 0.073621 0.130184 -0.770435 0.000000 
1.300000e-01 1.003282e-01 9.749526e-02 1.298823e-01 1.000000e-01 6.674223e-01 -0.378894 0.048629 0.097275 0.097365 0.097899 0.037727 0.378894 0.072885 0.128711 -0.771909 0.000000 
1.300000e-01 1.003282e-01 9.749526e-02 1.298823e-01 1.000000e-01 6.760936e-01 -0.384623 0.049364 0.098746 0.098838 0.099379 0.038298 0.384623 0.072149 0.127240 -0.773381 0.000000 
1.300000e-01 1.003282e-01 9.749526e-02 1.298823e-01 1.000000e-01 6.847535e-01 -0.390344 0.050098 0.100215 0.100308 0.100858 0.038867 0.390345 0.071415 0.125771 -0.774851 0.000000 
1.300000e-01 1.003282e-01 9.749526e-02 1.298823e-01 1.000000e-01 6.934017e-01 -0.396058 0.050831 0.101682 0.101776 0.102334 0.039436 0.396058 0.070682 0.124304 -0.776319 0.000000 
1.300000e-01 1.003282e-01 9.749526e-02 1.298823e-01 1.000000e-01 7.020383e-01 -0.401764 0.051564 0.103147 0.103242 0.103808 0.040004 0.401764 0.069949 0.122839 -0.777786 0.000000 
1.300000e-01 1.003282e-01 9.749526e-02 1.298823e-01 1.000000e-01 7.106630e-01 -0.407462 0.052295 0.104610 0.104707 0.105281 0.040572 0.407463 0.069218 0.121376 -0.779250 0.000000 
1.300000e-01 1.003282e-01 9.749526e-02 1.298823e-01 1.000000e-01 7.192757e-01 -0.413152 0.053025 0.106071 0.106169 0.106751 0.041138 0.413153 0.068488 0.119916 -0.780712 0.000000 
1.300000e-01 1.003282e-01 9.749526e-02 1.298823e-01 1.000000e-01 7.278765e-01 -0.418835 0.053755 0.107529 0.107629 0.108219 0.041704 0.418835 0.067759 0.118457 -0.782172 0.000000 
1.300000e-01 1.003282e-01 9.749526e-02 1.298823e-01 1.000000e-01 7.364650e-01 -0.424509 0.054483 0.108986 0.109087 0.109685 0.042269 0.424509 0.067030 0.117000 -0.783631 0.000000 
1.300000e-01 1.003282e-01 9.749526e-02 1.298823e-01 1.000000e-01 7.450413e-01 -0.430175 0.055210 0.110441 0.110543 0.111149 0.042833 0.430176 0.066303 0.115545 -0.785087 0.000000 
1.300000e-01 1.003282e-01 9.749526e-02 1.298823e-01 1.000000e-01 7.536053e-01 -0.435833 0.055936 0.111893 0.111997 0.112611 0.043397 0.435834 0.065577 0.114093 -0.786541 0.000000 
1.300000e-01 1.003282e-01 9.749526e-02 1.298823e-01 1.000000e-01 7.621568e-01 -0.441483 0.056661 0.113344 0.113449 0.114071 0.043959 0.441483 0.064852 0.112642 -0.787992 0.000000 
1.300000e-01 1.003282e-01 9.749526e-02 1.298823e-01 1.000000e-01 7.706956e-01 -0.447124 0.057385 0.114792 0.114899 0.115529 0.044521 0.447125 0.064128 0.111194 -0.789442 0.000000 
1.300000e-01 1.003282e-01 9.749526e-02 1.298823e-01 1.000000e-01 7.792218e-01 -0.452757 0.058108 0.116238 0.116346 0.116984 0.045082 0.452758 0.063405 0.109748 -0.790890 0.000000 
1.300000e-01 1.003282e-01 9.749526e-02 1.298823e-01 1.000000e-01 7.877351e-01 -0.458382 0.058830 0.117682 0.117792 0.118438 0.045642 0.458383 0.062683 0.108304 -0.792335 0.000000 
1.300000e-01 1.003282e-01 9.749526e-02 1.298823e-01 1.000000e-01 7.962354e-01 -0.463998 0.059551 0.119124 0.119235 0.119889 0.046201 0.463999 0.061962 0.106862 -0.793778 0.000000 
1.300000e-01 1.003282e-01 9.749526e-02 1.298823e-01 1.000000e-01 8.047227e-01 -0.469605 0.060270 0.120564 0.120676 0.121338 0.046760 0.469606 0.061243 0.105422 -0.795219 0.000000 
1.300000e-01 1.003282e-01 9.749526e-02 1.298823e-01 1.000000e-01 8.131968e-01 -0.475204 0.060989 0.122001 0.122115 0.122784 0.047317 0.475205 0.060524 0.103985 -0.796658 0.000000 
1.300000e-01 1.003282e-01 9.749526e-02 1.298823e-01 1.000000e-01 8.216575e-01 -0.480794 0.061706 0.123436 0.123551 0.124229 0.047874 0.480794 0.059807 0.102550 -0.798094 0.000000 
1.300000e-01 1.003282e-01 9.749526e-02 1.298823e-01 1.000000e-01 8.301048e-01 -0.486375 0.062423 0.124869 0.124985 0.125671 0.048430 0.486375 0.059090 0.101117 -0.799528 0.000000 
1.300000e-01 1.003282e-01 9.749526e-02 1.298823e-01 1.000000e-01 8.385386e-01 -0.491947 0.063138 0.126299 0.126417 0.127110 0.048984 0.491947 0.058375 0.099686 -0.800960 0.000000 
1.300000e-01 1.003282e-01 9.749526e-02 1.298823e-01 1.000000e-01 8.469586e-01 -0.497510 0.063851 0.127727 0.127847 0.128548 0.049538 0.497510 0.057661 0.098258 -0.802390 0.000000 
1.300000e-01 1.003282e-01 9.749526e-02 1.298823e-01 1.000000e-01 8.553647e-01 -0.503063 0.064564 0.129153 0.129274 0.129983 0.050091 0.503064 0.056948 0.096832 -0.803817 0.000000 
1.300000e-01 1.003282e-01 9.749526e-02 1.298823e-01 1.000000e-01 8.637569e-01 -0.508608 0.065276 0.130576 0.130698 0.131416 0.050644 0.508609 0.056237 0.095409 -0.805242 0.000000 
1.300000e-01 1.003282e-01 9.749526e-02 1.298823e-01 1.000000e-01 8.721350e-01 -0.514143 0.065986 0.131997 0.132121 0.132846 0.051195 0.514144 0.055526 0.093988 -0.806664 0.000000 
1.300000e-01 1.003282e-01 9.749526e-02 1.298823e-01 1.000000e-01 8.804989e-01 -0.519669 0.066695 0.133416 0.133541 0.134274 0.051745 0.519670 0.054817 0.092569 -0.808084 0.000000 
1.300000e-01 1.003282e-01 9.749526e-02 1.298823e-01 1.000000e-01 8.888483e-01 -0.525185 0.067403 0.134832 0.134958 0.135700 0.052295 0.525186 0.054109 0.091153 -0.809502 0.000000 
1.300000e-01 1.003282e-01 9.749526e-02 1.298823e-01 1.000000e-01 8.971833e-01 -0.530692 0.068109 0.136245 0.136374 0.137123 0.052843 0.530693 0.053403 0.089739 -0.810917 0.000000 
1.300000e-01 1.003282e-01 9.749526e-02 1.298823e-01 1.000000e-01 9.055035e-01 -0.536189 0.068815 0.137656 0.137786 0.138543 0.053390 0.536190 0.052697 0.088328 -0.812329 0.000000 
1.300000e-01 1.003282e-01 9.749526e-02 1.298823e-01 1.000000e-01 9.138090e-01 -0.541676 0.069519 0.139065 0.139196 0.139961 0.053937 0.541677 0.051993 0.086919 -0.813739 0.000000 
1.300000e-01 1.003282e-01 9.749526e-02 1.298823e-01 1.000000e-01 9.220995e-01 -0.547154 0.070222 0.140471 0.140604 0.141377 0.054483 0.547154 0.051290 0.085513 -0.815147 0.000000 
1.300000e-01 1.003282e-01 9.749526e-02 1.298823e-01 1.000000e-01 9.303748e-01 -0.552621 0.070923 0.141874 0.142009 0.142790 0.055027 0.552622 0.050588 0.084109 -0.816552 0.000000 
1.300000e-01 1.003282e-01 9.749526e-02 1.298823e-01 1.000000e-01 9.386349e-01 -0.558078 0.071623 0.143274 0.143411 0.144201 0.055571 0.558079 0.049888 0.082708 -0.817954 0.000000 
1.300000e-01 1.003282e-01 9.749526e-02 1.298823e-01 1.000000e-01 9.468796e-01 -0.563525 0.072322 0.144672 0.144811 0.145609 0.056113 0.563526 0.049189 0.081310 -0.819354 0.000000 
1.300000e-01 1.003282e-01 9.749526e-02 1.298823e-01 1.000000e-01 9.551087e-01 -0.568962 0.073019 0.146068 0.146208 0.147014 0.056655 0.568963 0.048491 0.079914 -0.820751 0.000000 
1.300000e-01 1.003282e-01 9.749526e-02 1.298823e-01 1.000000e-01 9.633221e-01 -0.574389 0.073715 0.147460 0.147602 0.148417 0.057196 0.574389 0.047794 0.078521 -0.822145 0.000000 
1.300000e-01 1.003282e-01 9.749526e-02 1.298823e-01 1.000000e-01 9.715196e-01 -0.579804 0.074410 0.148850 0.148994 0.149817 0.057736 0.579805 0.047099 0.077130 -0.823537 0.000000 
1.300000e-01 1.003282e-01 9.749526e-02 1.298823e-01 1.000000e-01 9.797010e-01 -0.585210 0.075103 0.150237 0.150383 0.151215 0.058274 0.585210 0.046406 0.075743 -0.824926 0.000000 
1.300000e-01 1.003282e-01 9.749526e-02 1.298823e-01 1.000000e-01 9.878662e-01 -0.590604 0.075794 0.151621 0.151770 0.152609 0.058812 0.590605 0.045713 0.074358 -0.826312 0.000000 
1.300000e-01 1.003282e-01 9.749526e-02 1.298823e-01 1.000000e-01 9.960150e-01 -0.595988 0.076484 0.153002 0.153153 0.154002 0.059349 0.595989 0.045022 0.072975 -0.827696 0.000000 
1.300000e-01 1.003282e-01 9.749526e-02 1.298823e-01 1.000000e-01 1.004147e+00 -0.601361 0.077173 0.154380 0.154534 0.155391 0.059884 0.601361 0.044333 0.071596 -0.829077 0.000000 
1.300000e-01 1.003282e-01 9.749526e-02 1.298823e-01 1.000000e-01 1.012263e+00 -0.606723 0.077860 0.155755 0.155912 0.156778 0.060419 0.606723 0.043645 0.070219 -0.830454 0.000000 
1.300000e-01 1.003282e-01 9.749526e-02 1.298823e-01 1.000000e-01 1.020361e+00 -0.612073 0.078546 0.157127 0.157287 0.158163 0.060953 0.612074 0.042958 0.068846 -0.831829 0.000000 
1.300000e-01 1.003282e-01 9.749526e-02 1.298823e-01 1.000000e-01 1.028443e+00 -0.617412 0.079230 0.158496 0.158659 0.159544 0.061485 0.617413 0.042273 0.067475 -0.833201 0.000000 
1.300000e-01 1.003282e-01 9.749526e-02 1.298823e-01 1.000000e-01 1.036507e+00 -0.622740 0.079912 0.159862 0.160028 0.160923 0.062017 0.622741 0.041589 0.066107 -0.834571 0.000000 
1.300000e-01 1.003282e-01 9.749526e-02 1.298823e-01 1.000000e-01 1.044554e+00 -0.628057 0.080593 0.161224 0.161395 0.162299 0.062548 0.628057 0.040906 0.064742 -0.835937 0.000000 
1.300000e-01 1.003282e-01 9.749526e-02 1.298823e-01 1.000000e-01 1.052583e+00 -0.633361 0.081271 0.162583 0.162758 0.163673 0.063078 0.633362 0.040226 0.063380 -0.837300 0.000000 
1.300000e-01 1.003282e-01 9.749526e-02 1.298823e-01 1.000000e-01 1.060595e+00 -0.638654 0.081948 0.163939 0.164118 0.165044 0.063606 0.638655 0.039546 0.062021 -0.838660 0.000000 
1.300000e-01 1.003282e-01 9.749526e-02 1.298823e-01 1.000000e-01 1.068588e+00 -0.643935 0.082624 0.165291 0.165476 0.166412 0.064134 0.643936 0.038869 0.060666 -0.840017 0.000000 
1.300000e-01 1.003282e-01 9.749526e-02 1.298823e-01 1.000000e-01 1.076563e+00 -0.649204 0.083297 0.166640 0.166830 0.167778 0.064661 0.649205 0.038192 0.059313 -0.841371 0.000000 
1.300000e-01 1.003282e-01 9.749526e-02 1.298823e-01 1.000000e-01 1.084520e+00 -0.654461 0.083968 0.167985 0.168181 0.169141 0.065187 0.654462 0.037518 0.057963 -0.842722 0.000000 
1.300000e-01 1.003282e-01 9.749526e-02 1.298823e-01 1.000000e-01 1.092458e+00 -0.659706 0.084638 0.169327 0.169529 0.170502 0.065712 0.659706 0.036845 0.056617 -0.844070 0.000000 
1.300000e-01 1.003282e-01 9.749526e-02 1.298823e-01 1.000000e-01 1.100377e+00 -0.664938 0.085305 0.170664 0.170874 0.171860 0.066236 0.664938 0.036173 0.055274 -0.845414 0.000000 
1.300000e-01 1.003282e-01 9.749526e-02 1.298823e-01 1.000000e-01 1.108277e+00 -0.670157 0.085970 0.171998 0.172215 0.173216 0.066760 0.670158 0.035503 0.053934 -0.846755 0.000000 
1.300000e-01 1.003282e-01 9.749526e-02 1.298823e-01 1.000000e-01 1.116158e+00 -0.675364 0.086633 0.173327 0.173554 0.174569 0.067282 0.675365 0.034835 0.052597 -0.848093 0.000000 
1.300000e-01 1.003282e-01 9.749526e-02 1.298823e-01 1.000000e-01 1.124020e+00 -0.680558 0.087294 0.174652 0.174889 0.175921 0.067804 0.680559 0.034168 0.051263 -0.849428 0.000000 
1.300000e-01 1.003282e-01 9.749526e-02 1.298823e-01 1.000000e-01 1.131862e+00 -0.685739 0.087952 0.175972 0.176221 0.177270 0.068326 0.685740 0.033503 0.049933 -0.850759 0.000000 
1.300000e-01 1.003282e-01 9.749526e-02 1.298823e-01 1.000000e-01 1.139684e+00 -0.690907 0.088607 0.177288 0.177550 0.178617 0.068846 0.690908 0.032840 0.048606 -0.852087 0.000000 
1.300000e-01 1.003282e-01 9.749526e-02 1.298823e-01 1.000000e-01 1.147486e+00 -0.696062 0.089260 0.178600 0.178875 0.179962 0.069367 0.696062 0.032178 0.047283 -0.853412 0.000000 
1.300000e-01 1.003282e-01 9.749526e-02 1.298823e-01 1.000000e-01 1.155268e+00 -0.701203 0.089910 0.179906 0.180197 0.181305 0.069886 0.701203 0.031519 0.045963 -0.854733 0.000000 
1.300000e-01 1.003282e-01 9.749526e-02 1.298823e-01 1.000000e-01 1.163029e+00 -0.706330 0.090556 0.181206 0.181516 0.182648 0.070406 0.706331 0.030861 0.044647 -0.856051 0.000000 
1.300000e-01 1.003282e-01 9.749526e-02 1.298823e-01 1.000000e-01 1.170769e+00 -0.711444 0.091200 0.182502 0.182831 0.183988 0.070925 0.711445 0.030204 0.043334 -0.857365 0.000000 
1.300000e-01 1.003282e-01 9.749526e-02 1.298822e-01 1.000000e-01 1.178488e+00 -0.716544 0.091840 0.183791 0.184143 0.185328 0.071444 0.716545 0.029550 0.042024 -0.858676 0.000000 
1.300000e-01 1.003282e-01 9.749526e-02 1.298822e-01 1.000000e-01 1.186186e+00 -0.721630 0.092477 0.185074 0.185451 0.186666 0.071963 0.721631 0.028897 0.040719 -0.859982 0.000000 
1.300000e-01 1.003282e-01 9.749526e-02 1.298822e-01 1.000000e-01 1.193863e+00 -0.726702 0.093109 0.186351 0.186756 0.188004 0.072482 0.726702 0.028246 0.039417 -0.861286 0.000000 
1.300000e-01 1.003282e-01 9.749526e-02 1.298822e-01 1.000000e-01 1.201517e+00 -0.731759 0.093737 0.187621 0.188058 0.189343 0.073002 0.731760 0.027597 0.038118 -0.862585 0.000000 
1.300000e-01 1.003282e-01 9.749526e-02 1.298822e-01 1.000000e-01 1.209150e+00 -0.736802 0.094361 0.188883 0.189356 0.190681 0.073522 0.736802 0.026950 0.036824 -0.863881 0.000000 
1.300000e-01 1.003282e-01 9.749526e-02 1.298822e-01 1.000000e-01 1.216761e+00 -0.741830 0.094980 0.190137 0.190650 0.192020 0.074044 0.741830 0.026304 0.035533 -0.865173 0.000000 
1.300000e-01 1.003282e-01 9.749526e-02 1.298822e-01 1.000000e-01 1.224348e+00 -0.746843 0.095594 0.191384 0.191941 0.193360 0.074566 0.746843 0.025661 0.034246 -0.866461 0.000000 
1.300000e-01 1.003282e-01 9.749526e-02 1.298821e-01 1.000000e-01 1.231914e+00 -0.751841 0.096201 0.192620 0.193229 0.194702 0.075090 0.751841 0.025020 0.032963 -0.867746 0.000000 
1.300000e-01 1.003282e-01 9.749526e-02 1.298821e-01 1.000000e-01 1.239455e+00 -0.756824 0.096803 0.193848 0.194513 0.196046 0.075615 0.756824 0.024380 0.031683 -0.869026 0.000000 
1.300000e-01 1.003282e-01 9.749526e-02 1.298821e-01 1.000000e-01 1.246974e+00 -0.761791 0.097398 0.195064 0.195794 0.197394 0.076143 0.761792 0.023743 0.030408 -0.870303 0.000000 
1.300000e-01 1.003282e-01 9.749526e-02 1.298820e-01 1.000000e-01 1.254469e+00 -0.766743 0.097986 0.196270 0.197071 0.198745 0.076673 0.766743 0.023107 0.029137 -0.871575 0.000000 
1.300000e-01 1.003282e-01 9.749526e-02 1.298820e-01 1.000000e-01 1.261940e+00 -0.771679 0.098565 0.197463 0.198345 0.200101 0.077206 0.771679 0.022474 0.027869 -0.872844 0.000000 
1.300000e-01 1.003282e-01 9.749526e-02 1.298820e-01 1.000000e-01 1.269387e+00 -0.776599 0.099136 0.198643 0.199616 0.201463 0.077742 0.776599 0.021842 0.026606 -0.874108 0.000000 
1.300000e-01 1.003282e-01 9.749526e-02 1.298819e-01 1.000000e-01 1.276810e+00 -0.781503 0.099697 0.199808 0.200883 0.202833 0.078283 0.781503 0.021213 0.025347 -0.875368 0.000000 
1.300000e-01 1.003282e-01 9.749526e-02 1.298819e-01 1.000000e-01 1.284207e+00 -0.786390 0.100247 0.200958 0.202147 0.204210 0.078828 0.786391 0.020585 0.024093 -0.876624 0.000000 
1.300000e-01 1.003282e-01 9.749526e-02 1.298818e-01 1.000000e-01 1.291580e+00 -0.791261 0.100786 0.202091 0.203409 0.205598 0.079379 0.791261 0.019960 0.022842 -0.877876 0.000000 
1.300000e-01 1.003282e-01 9.749526e-02 1.298817e-01 1.000000e-01 1.298927e+00 -0.796115 0.101312 0.203205 0.204667 0.206996 0.079936 0.796115 0.019337 0.021596 -0.879123 0.000000 
1.300000e-01 1.003282e-01 9.749526e-02 1.298816e-01 1.000000e-01 1.306249e+00 -0.800952 0.101823 0.204298 0.205924 0.208408 0.080500 0.800953 0.018716 0.020354 -0.880366 0.000000 
1.300000e-01 1.003282e-01 9.749526e-02 1.298815e-01 1.000000e-01 1.313544e+00 -0.805772 0.102319 0.205369 0.207177 0.209835 0.081072 0.805772 0.018098 0.019117 -0.881605 0.000000 
1.300000e-01 1.003282e-01 9.749526e-02 1.298814e-01 1.000000e-01 1.320813e+00 -0.810575 0.102798 0.206417 0.208429 0.211278 0.081653 0.810575 0.017482 0.017884 -0.882839 0.000000 
1.300000e-01 1.003282e-01 9.749526e-02 1.298813e-01 1.000000e-01 1.328056e+00 -0.815359 0.103257 0.207436 0.209680 0.212742 0.082245 0.815360 0.016867 0.016655 -0.884068 0.000000 
1.300000e-01 1.003282e-01 9.749526e-02 1.298812e-01 1.000000e-01 1.335271e+00 -0.820126 0.103697 0.208428 0.210929 0.214227 0.082847 0.820127 0.016256 0.015431 -0.885293 0.000000 
1.300000e-01 1.003282e-01 9.749526e-02 1.298810e-01 1.000000e-01 1.342459e+00 -0.824875 0.104110 0.209384 0.212178 0.215740 0.083464 0.824876 0.015646 0.014212 -0.886514 0.000000 
1.300000e-01 1.003282e-01 9.749526e-02 1.298808e-01 1.000000e-01 1.349620e+00 -0.829606 0.104500 0.210309 0.213427 0.217279 0.084093 0.829606 0.015039 0.012998 -0.887729 0.000000 
1.300000e-01 1.003282e-01 9.749526e-02 1.298806e-01 1.000000e-01 1.356752e+00 -0.834318 0.104858 0.211191 0.214678 0.218853 0.084739 0.834318 0.014434 0.011788 -0.888940 0.000000 
1.300000e-01 1.003282e-01 9.749526e-02 1.298804e-01 1.000000e-01 1.363856e+00 -0.839011 0.105186 0.212032 0.215931 0.220461 0.085403 0.839012 0.013832 0.010583 -0.890146 0.000000 
1.300000e-01 1.003282e-01 9.749526e-02 1.298801e-01 1.000000e-01 1.370932e+00 -0.843686 0.105478 0.212825 0.217188 0.222111 0.086085 0.843686 0.013232 0.009383 -0.891347 0.000000 
1.300000e-01 1.003282e-01 9.749526e-02 1.298798e-01 1.000000e-01 1.377978e+00 -0.848341 0.105728 0.213564 0.218451 0.223808 0.086790 0.848341 0.012634 0.008188 -0.892544 0.000000 
1.300000e-01 1.003282e-01 9.749526e-02 1.298795e-01 1.000000e-01 1.384995e+00 -0.852976 0.105937 0.214251 0.219721 0.225552 0.087516 0.852977 0.012040 0.006998 -0.893735 0.000000 
1.300000e-01 1.003282e-01 9.749526e-02 1.298791e-01 1.000000e-01 1.391981e+00 -0.857592 0.106091 0.214867 0.221003 0.227361 0.088271 0.857592 0.011447 0.005813 -0.894921 0.000000 
1.300000e-01 1.003282e-01 9.749526e-02 1.298787e-01 1.000000e-01 1.398938e+00 -0.862188 0.106194 0.215418 0.222297 0.229229 0.089052 0.862188 0.010857 0.004633 -0.896102 0.000000 
1.300000e-01 1.003282e-01 9.749526e-02 1.298782e-01 1.000000e-01 1.405864e+00 -0.866764 0.106233 0.215890 0.223610 0.231169 0.089862 0.866764 0.010270 0.003458 -0.897278 0.000000 
1.300000e-01 1.003282e-01 9.749526e-02 1.298776e-01 1.000000e-01 1.412759e+00 -0.871319 0.106201 0.216274 0.224945 0.233193 0.090706 0.871319 0.009685 0.002288 -0.898448 0.000000 
1.300000e-01 1.003282e-01 9.749526e-02 1.298769e-01 1.000000e-01 1.419623e+00 -0.875853 0.106098 0.216570 0.226307 0.235298 0.091581 0.875853 0.009103 0.001124 -0.899613 0.000000 
1.300000e-01 1.003282e-01 9.749526e-02 1.298762e-01 1.000000e-01 1.426455e+00 -0.880366 0.105901 0.216752 0.227707 0.237512 0.092496 0.880366 0.008524 -0.000034 -0.900773 0.000000 
1.300000e-01 1.003282e-01 9.749526e-02 1.298753e-01 1.000000e-01 1.433254e+00 -0.884858 0.105609 0.216820 0.229150 0.239833 0.093446 0.884858 0.007948 -0.001188 -0.901928 0.000000 
1.300000e-01 1.003282e-01 9.749526e-02 1.298743e-01 1.000000e-01 1.440021e+00 -0.889328 0.105218 0.216768 0.230644 0.242268 0.094431 0.889328 0.007374 -0.002335 -0.903076 0.000000 
1.300000e-01 1.003282e-01 9.749526e-02 1.298732e-01 1.000000e-01 1.446755e+00 -0.893776 0.104690 0.216554 0.232215 0.244859 0.095459 0.893777 0.006803 -0.003477 -0.904219 0.000000 
1.300000e-01 1.003282e-01 9.749526e-02 1.298719e-01 1.000000e-01 1.453455e+00 -0.898203 0.104036 0.216187 0.233864 0.247594 0.096521 0.898203 0.006235 -0.004614 -0.905357 0.000000 
1.300000e-01 1.003282e-01 9.749526e-02 1.298705e-01 1.000000e-01 1.460121e+00 -0.902606 0.103240 0.215650 0.235611 0.250491 0.097615 0.902606 0.005670 -0.005744 -0.906488 0.000000 
1.300000e-01 1.003282e-01 9.749526e-02 1.298688e-01 1.000000e-01 1.466753e+00 -0.906987 0.102257 0.214885 0.237499 0.253606 0.098741 0.906987 0.005108 -0.006869 -0.907614 0.000000 
1.300000e-01 1.003282e-01 9.749526e-02 1.298669e-01 1.000000e-01 1.473350e+00 -0.911345 0.101097 0.213903 0.239533 0.256926 0.099886 0.911345 0.004548 -0.007988 -0.908734 0.000000 
1.300000e-01 1.003282e-01 9.749526e-02 1.298648e-01 1.000000e-01 1.479912e+00 -0.915680 0.099744 0.212676 0.241743 0.260477 0.101040 0.915680 0.003992 -0.009101 -0.909848 0.000000 
1.300000e-01 1.003282e-01 9.749526e-02 1.298623e-01 1.000000e-01 1.486437e+00 -0.919991 0.098134 0.211117 0.244210 0.264345 0.102186 0.919991 0.003439 -0.010207 -0.910956 0.000000 
1.300000e-01 1.003282e-01 9.749526e-02 1.298594e-01 1.000000e-01 1.492927e+00 -0.924278 0.096280 0.209228 0.246947 0.268523 0.103300 0.924278 0.002888 -0.011308 -0.912057 0.000000 
1.300000e-01 1.003282e-01 9.749526e-02 1.298562e-01 1.000000e-01 1.499380e+00 -0.928541 0.094164 0.206967 0.250003 0.273053 0.104354 0.928541 0.002341 -0.012402 -0.913153 0.000000 
1.300000e-01 1.003282e-01 9.749526e-02 1.298525e-01 1.000000e-01 1.505794e+00 -0.932778 0.091728 0.204229 0.253486 0.278038 0.105297 0.932778 0.001798 -0.013490 -0.914242 0.000000 
1.300000e-01 1.003282e-01 9.749526e-02 1.298483e-01 1.000000e-01 1.512169e+00 -0.936989 0.088953 0.200943 0.257474 0.283548 0.106071 0.936990 0.001257 -0.014571 -0.915324 0.000000 
1.300000e-01 1.003282e-01 9.749526e-02 1.298436e-01 1.000000e-01 1.518503e+00 -0.941175 0.085839 0.197065 0.262021 0.289632 0.106618 0.941175 0.000720 -0.015646 -0.916399 0.000000 
1.300000e-01 1.003282e-01 9.749526e-02 1.298383e-01 1.000000e-01 1.524797e+00 -0.945333 0.082363 0.192500 0.267225 0.296394 0.106852 0.945333 0.000186 -0.016714 -0.917468 0.000000 
1.300000e-01 1.003282e-01 9.749526e-02 1.298325e-01 1.000000e-01 1.531050e+00 -0.949465 0.078446 0.187000 0.273325 0.304102 0.106592 0.949465 -0.000344 -0.017774 -0.918530 0.000000 
1.300000e-01 1.003282e-01 9.749526e-02 1.298262e-01 1.000000e-01 1.537260e+00 -0.953568 0.074114 0.180511 0.280367 0.312845 0.105732 0.953569 -0.000871 -0.018828 -0.919584 0.000000 
1.300000e-01 1.003282e-01 9.749526e-02 1.298196e-01 1.000000e-01 1.543428e+00 -0.957644 0.069369 0.172906 0.288452 0.322799 0.104119 0.957644 -0.001394 -0.019874 -0.920631 0.000000 
1.300000e-01 1.003282e-01 9.749526e-02 1.298131e-01 1.000000e-01 1.549552e+00 -0.961688 0.064206 0.164022 0.297694 0.334207 0.101561 0.961688 -0.001913 -0.020913 -0.921671 0.000000 
1.300000e-01 1.003282e-01 9.749526e-02 1.298078e-01 1.000000e-01 1.555630e+00 -0.965698 0.058593 0.153546 0.308288 0.347551 0.097719 0.965698 -0.002428 -0.021942 -0.922701 0.000000 
1.300000e-01 1.003282e-01 9.749526e-02 1.298057e-01 1.000000e-01 1.561659e+00 -0.969665 0.052572 0.141358 0.320175 0.363186 0.092374 0.969665 -0.002937 -0.022960 -0.923721 0.000000 
1.300000e-01 1.003282e-01 9.749526e-02 1.298112e-01 1.000000e-01 1.567632e+00 -0.973572 0.046225 0.127490 0.333037 0.381394 0.085426 0.973572 -0.003438 -0.023964 -0.924725 0.000000 
1.300000e-01 1.003282e-01 9.749526e-02 1.298337e-01 1.000000e-01 1.573533e+00 -0.977387 0.039649 0.112034 0.346240 0.402647 0.076818 0.977387 -0.003928 -0.024943 -0.925705 0.000000 
1.300000e-01 1.003282e-01 9.749526e-02 1.298954e-01 1.000000e-01 1.579330e+00 -0.981042 0.033025 0.095378 0.358326 0.427573 0.066741 0.981042 -0.004397 -0.025881 -0.926644 0.000000 
1.300000e-01 1.003282e-01 9.749526e-02 1.300559e-01 1.000000e-01 1.584947e+00 -0.984399 0.026684 0.078461 0.366015 0.457368 0.055871 0.984399 -0.004828 -0.026743 -0.927507 0.000000 
1.300000e-01 1.003282e-01 9.749526e-02 1.304960e-01 1.000000e-01 1.590208e+00 -0.987213 0.021185 0.063024 0.361249 0.496100 0.045655 0.987213 -0.005189 -0.027466 -0.928230 0.000000 
1.300000e-01 1.003282e-01 9.749526e-02 1.318274e-01 1.000000e-01 1.594795e+00 -0.989441 0.016663 0.049709 0.321556 0.564295 0.037218 0.989441 -0.005475 -0.028038 -0.928803 0.000000 
1.300000e-01 1.003282e-01 9.749526e-02 1.337982e-01 1.000000e-01 1.597504e+00 -0.991606 0.012171 0.036081 0.226038 0.688742 0.028573 0.991606 -0.005753 -0.028594 -0.929359 0.000000 
1.300000e-01 1.003282e-01 9.749526e-02 1.337982e-01 1.000000e-01 1.597504e+00 -0.991606 0.012171 0.036081 0.226038 0.688742 0.028573 0.991606 -0.005753 -0.028594 -0.929359 0.000000 
1.300000e-01 1.003282e-01 9.749526e-02 1.337982e-01 1.000000e-01 1.597504e+00 -0.991606 0.012171 0.036081 0.226038 0.688742 0.028573 0.991606 -0.005753 -0.028594 -0.929359 0.000000 
1.300000e-01 1.003282e-01 9.749526e-02 1.337982e-01 1.000000e-01 1.597504e+00 -0.991606 0.012171 0.036081 0.226038 0.688742 0.028573 0.991606 -0.005753 -0.028594 -0.929359 0.000000 
1.300000e-01 1.003282e-01 9.749526e-02 1.337982e-01 1.000000e-01 1.597504e+00 -0.991606 0.012171 0.036081 0.226038 0.688742 0.028573 0.991606 -0.005753 -0.028594 -0.929359 0.000000 
1.300000e-01 1.003282e-01 9.749526e-02 1.337982e-01 1.000000e-01 1.597504e+00 -0.991606 0.012171 0.036081 0.226038 0.688742 0.028573 0.991606 -0.005753 -0.028594 -0.929359 0.000000 
1.300000e-01 1.003282e-01 9.749526e-02 1.337982e-01 1.000000e-01 1.597504e+00 -0.991606 0.012171 0.036081 0.226038 0.688742 0.028573 0.991606 -0.005753 -0.028594 -0.929359 0.000000 
1.300000e-01 1.003282e-01 9.749526e-02 1.337982e-01 1.000000e-01 1.597504e+00 -0.991606 0.012171 0.036081 0.226038 0.688742 0.028573 0.991606 -0.005753 -0.028594 -0.929359 0.000000 
1.300000e-01 1.003282e-01 9.749526e-02 1.337982e-01 1.000000e-01 1.597504e+00 -0.991606 0.012171 0.036081 0.226038 0.688742 0.028573 0.991606 -0.005753 -0.028594 -0.929359 0.000000 
1.300000e-01 1.003282e-01 9.749526e-02 1.337982e-01 1.000000e-01 1.597504e+00 -0.991606 0.012171 0.036081 0.226038 0.688742 0.028573 0.991606 -0.005753 -0.028594 -0.929359 0.000000 
1.300000e-01 1.003282e-01 9.749526e-02 1.337982e-01 1.000000e-01 1.597504e+00 -0.991606 0.012171 0.036081 0.226038 0.688742 0.028573 0.991606 -0.005753 -0.028594 -0.929359 0.000000 
1.300000e-01 1.003282e-01 9.749526e-02 1.337982e-01 1.000000e-01 1.597504e+00 -0.991606 0.012171 0.036081 0.226038 0.688742 0.028573 0.991606 -0.005753 -0.028594 -0.929359 0.000000 
1.300000e-01 1.003282e-01 9.749526e-02 1.337982e-01 1.000000e-01 1.597504e+00 -0.991606 0.012171 0.036081 0.226038 0.688742 0.028573 0.991606 -0.005753 -0.028594 -0.929359 0.000000 
1.300000e-01 1.003282e-01 9.749526e-02 1.337982e-01 1.000000e-01 1.597504e+00 -0.991606 0.012171 0.036081 0.226038 0.688742 0.028573 0.991606 -0.005753 -0.028594 -0.929359 0.000000 
1.300000e-01 1.003282e-01 9.749526e-02 1.337982e-01 1.000000e-01 1.597504e+00 -0.991606 0.012171 0.036081 0.226038 0.688742 0.028573 0.991606 -0.005753 -0.028594 -0.929359 0.000000 
1.300000e-01 1.003282e-01 9.749526e-02 1.337982e-01 1.000000e-01 1.597504e+00 -0.991606 0.012171 0.036081 0.226038 0.688742 0.028573 0.991606 -0.005753 -0.028594 -0.929359 0.000000 
1.300000e-01 1.003282e-01 9.749526e-02 1.337982e-01 1.000000e-01 1.597504e+00 -0.991606 0.012171 0.036081 0.226038 0.688742 0.028573 0.991606 -0.005753 -0.028594 -0.929359 0.000000 
1.300000e-01 1.003282e-01 9.749526e-02 1.337982e-01 1.000000e-01 1.597504e+00 -0.991606 0.012171 0.036081 0.226038 0.688742 0.028573 0.991606 -0.005753 -0.028594 -0.929359 0.000000 
1.300000e-01 1.003282e-01 9.749526e-02 1.337982e-01 1.000000e-01 1.597504e+00 -0.991606 0.012171 0.036081 0.226038 0.688742 0.028573 0.991606 -0.005753 -0.028594 -0.929359 0.000000 
1.300000e-01 1.003282e-01 9.749526e-02 1.337982e-01 1.000000e-01 1.597504e+00 -0.991606 0.012171 0.036081 0.226038 0.688742 0.028573 0.991606 -0.005753 -0.028594 -0.929359 0.000000 
1.300000e-01 1.003282e-01 9.749526e-02 1.337982e-01 1.000000e-01 1.597504e+00 -0.991606 0.012171 0.036081 0.226038 0.688742 0.028573 0.991606 -0.005753 -0.028594 -0.929359 0.000000 
1.300000e-01 1.003282e-01 9.749526e-02 1.337982e-01 1.000000e-01 1.597504e+00 -0.991606 0.012171 0.036081 0.226038 0.688742 0.028573 0.991606 -0.005753 -0.028594 -0.929359 0.000000 
1.300000e-01 1.003282e-01 9.749526e-02 1.337982e-01 1.000000e-01 1.597504e+00 -0.991606 0.012171 0.036081 0.226038 0.688742 0.028573 0.991606 -0.005753 -0.028594 -0.929359 0.000000 
1.300000e-01 1.003282e-01 9.749526e-02 1.337982e-01 1.000000e-01 1.597504e+00 -0.991606 0.012171 0.036081 0.226038 0.688742 0.028573 0.991606 -0.005753 -0.028594 -0.929359 0.000000 
1.300000e-01 1.003282e-01 9.749526e-02 1.337982e-01 1.000000e-01 1.597504e+00 -0.991606 0.012171 0.036081 0.226038 0.688742 0.028573 0.991606 -0.005753 -0.028594 -0.929359 0.000000 
1.300000e-01 1.003282e-01 9.749526e-02 1.337982e-01 1.000000e-01 1.597504e+00 -0.991606 0.012171 0.036081 0.226038 0.688742 0.028573 0.991606 -0.005753 -0.028594 -0.929359 0.000000 
1.300000e-01 1.003282e-01 9.749526e-02 1.337982e-01 1.000000e-01 1.597504e+00 -0.991606 0.012171 0.036081 0.226038 0.688742 0.028573 0.991606 -0.005753 -0.028594 -0.929359 0.000000 
1.300000e-01 1.003282e-01 9.749526e-02 1.337982e-01 1.000000e-01 1.597504e+00 -0.991606 0.012171 0.036081 0.226038 0.688742 0.028573 0.991606 -0.005753 -0.028594 -0.929359 0.000000 
1.300000e-01 1.003282e-01 9.749526e-02 1.337982e-01 1.000000e-01 1.597504e+00 -0.991606 0.012171 0.036081 0.226038 0.688742 0.028573 0.991606 -0.005753 -0.028594 -0.929359 0.000000 
1.300000e-01 1.003282e-01 9.749526e-02 1.337982e-01 1.000000e-01 1.597504e+00 -0.991606 0.012171 0.036081 0.226038 0.688742 0.028573 0.991606 -0.005753 -0.028594 -0.929359 0.000000 
1.300000e-01 1.003282e-01 9.749526e-02 1.337982e-01 1.000000e-01 1.597504e+00 -0.991606 0.012171 0.036081 0.226038 0.688742 0.028573 0.991606 -0.005753 -0.028594 -0.929359 0.000000 
1.300000e-01 1.003282e-01 9.749526e-02 1.337982e-01 1.000000e-01 1.597504e+00 -0.991606 0.012171 0.036081 0.226038 0.688742 0.028573 0.991606 -0.005753 -0.028594 -0.929359 0.000000 
1.300000e-01 1.003282e-01 9.749526e-02 1.337982e-01 1.000000e-01 1.597504e+00 -0.991606 0.012171 0.036081 0.226038 0.688742 0.028573 0.991606 -0.005753 -0.028594 -0.929359 0.000000 
1.300000e-01 1.003282e-01 9.749526e-02 1.337982e-01 1.000000e-01 1.597504e+00 -0.991606 0.012171 0.036081 0.226038 0.688742 0.028573 0.991606 -0.005753 -0.028594 -0.929359 0.000000 
1.300000e-01 1.003282e-01 9.749526e-02 1.337982e-01 1.000000e-01 1.597504e+00 -0.991606 0.012171 0.036081 0.226038 0.688742 0.028573 0.991606 -0.005753 -0.028594 -0.929359 0.000000 
1.300000e-01 1.003282e-01 9.749526e-02 1.337982e-01 1.000000e-01 1.597504e+00 -0.991606 0.012171 0.036081 0.226038 0.688742 0.028573 0.991606 -0.005753 -0.028594 -0.929359 0.000000 
1.300000e-01 1.003282e-01 9.749526e-02 1.337982e-01 1.000000e-01 1.597504e+00 -0.991606 0.012171 0.036081 0.226038 0.688742 0.028573 0.991606 -0.005753 -0.028594 -0.929359 0.000000 
1.300000e-01 1.003282e-01 9.749526e-02 1.337982e-01 1.000000e-01 1.597504e+00 -0.991606 0.012171 0.036081 0.226038 0.688742 0.028573 0.991606 -0.005753 -0.028594 -0.929359 0.000000 
1.300000e-01 1.003282e-01 9.749526e-02 1.337982e-01 1.000000e-01 1.597504e+00 -0.991606 0.012171 0.036081 0.226038 0.688742 0.028573 0.991606 -0.005753 -0.028594 -0.929359 0.000000 
1.300000e-01 1.003282e-01 9.749526e-02 1.337982e-01 1.000000e-01 1.597504e+00 -0.991606 0.012171 0.036081 0.226038 0.688742 0.028573 0.991606 -0.005753 -0.028594 -0.929359 0.000000 
1.300000e-01 1.003282e-01 9.749526e-02 1.337982e-01 1.000000e-01 1.597504e+00 -0.991606 0.012171 0.036081 0.226038 0.688742 0.028573 0.991606 -0.005753 -0.028594 -0.929359 0.000000 
1.300000e-01 1.003282e-01 9.749526e-02 1.337982e-01 1.000000e-01 1.597504e+00 -0.991606 0.012171 0.036081 0.226038 0.688742 0.028573 0.991606 -0.005753 -0.028594 -0.929359 0.000000 
1.300000e-01 1.003282e-01 9.749526e-02 1.337982e-01 1.000000e-01 1.597504e+00 -0.991606 0.012171 0.036081 0.226038 0.688742 0.028573 0.991606 -0.005753 -0.028594 -0.929359 0.000000 
1.300000e-01 1.003282e-01 9.749526e-02 1.337982e-01 1.000000e-01 1.597504e+00 -0.991606 0.012171 0.036081 0.226038 0.688742 0.028573 0.991606 -0.005753 -0.028594 -0.929359 0.000000 
1.300000e-01 1.003282e-01 9.749526e-02 1.337982e-01 1.000000e-01 1.597504e+00 -0.991606 0.012171 0.036081 0.226038 0.688742 0.028573 0.991606 -0.005753 -0.028594 -0.929359 0.000000 
1.300000e-01 1.003282e-01 9.749526e-02 1.337982e-01 1.000000e-01 1.597504e+00 -0.991606 0.012171 0.036081 0.226038 0.688742 0.028573 0.991606 -0.005753 -0.028594 -0.929359 0.000000 
1.300000e-01 1.003282e-01 9.749526e-02 1.337982e-01 1.000000e-01 1.597504e+00 -0.991606 0.012171 0.036081 0.226038 0.688742 0.028573 0.991606 -0.005753 -0.028594 -0.929359 0.000000 
1.300000e-01 1.003282e-01 9.749526e-02 1.337982e-01 1.000000e-01 1.597504e+00 -0.991606 0.012171 0.036081 0.226038 0.688742 0.028573 0.991606 -0.005753 -0.028594 -0.929359 0.000000 
1.300000e-01 1.003282e-01 9.749526e-02 1.337982e-01 1.000000e-01 1.597504e+00 -0.991606 0.012171 0.036081 0.226038 0.688742 0.028573 0.991606 -0.005753 -0.028594 -0.929359 0.000000 
1.300000e-01 1.003282e-01 9.749526e-02 1.337982e-01 1.000000e-01 1.597504e+00 -0.991606 0.012171 0.036081 0.226038 0.688742 0.028573 0.991606 -0.005753 -0.028594 -0.929359 0.000000 
1.300000e-01 1.003282e-01 9.749526e-02 1.337982e-01 1.000000e-01 1.597504e+00 -0.991606 0.012171 0.036081 0.226038 0.688742 0.028573 0.991606 -0.005753 -0.028594 -0.929359 0.000000 
1.300000e-01 1.003282e-01 9.749526e-02 1.337982e-01 1.000000e-01 1.597504e+00 -0.991606 0.012171 0.036081 0.226038 0.688742 0.028573 0.991606 -0.005753 -0.028594 -0.929359 0.000000 
1.300000e-01 1.003282e-01 9.749526e-02 1.337982e-01 1.000000e-01 1.597504e+00 -0.991606 0.012171 0.036081 0.226038 0.688742 0.028573 0.991606 -0.005753 -0.028594 -0.929359 0.000000 
1.300000e-01 1.003282e-01 9.749526e-02 1.337982e-01 1.000000e-01 1.597504e+00 -0.991606 0.012171 0.036081 0.226038 0.688742 0.028573 0.991606 -0.005753 -0.028594 -0.929359 0.000000 
1.300000e-01 1.003282e-01 9.749526e-02 1.337982e-01 1.000000e-01 1.597504e+00 -0.991606 0.012171 0.036081 0.226038 0.688742 0.028573 0.991606 -0.005753 -0.028594 -0.929359 0.000000 
1.300000e-01 1.003282e-01 9.749526e-02 1.337982e-01 1.000000e-01 1.597504e+00 -0.991606 0.012171 0.036081 0.226038 0.688742 0.028573 0.991606 -0.005753 -0.028594 -0.929359 0.000000 
1.300000e-01 1.003282e-01 9.749526e-02 1.337982e-01 1.000000e-01 1.597504e+00 -0.991606 0.012171 0.036081 0.226038 0.688742 0.028573 0.991606 -0.005753 -0.028594 -0.929359 0.000000 
1.300000e-01 1.003282e-01 9.749526e-02 1.337982e-01 1.000000e-01 1.597504e+00 -0.991606 0.012171 0.036081 0.226038 0.688742 0.028573 0.991606 -0.005753 -0.028594 -0.929359 0.000000 
1.300000e-01 1.003282e-01 9.749526e-02 1.337982e-01 1.000000e-01 1.597504e+00 -0.991606 0.012171 0.036081 0.226038 0.688742 0.028573 0.991606 -0.005753 -0.028594 -0.929359 0.000000 
1.300000e-01 1.003282e-01 9.749526e-02 1.337982e-01 1.000000e-01 1.597504e+00 -0.991606 0.012171 0.036081 0.226038 0.688742 0.028573 0.991606 -0.005753 -0.028594 -0.929359 0.000000 
1.300000e-01 1.003282e-01 9.749526e-02 1.337982e-01 1.000000e-01 1.597504e+00 -0.991606 0.012171 0.036081 0.226038 0.688742 0.028573 0.991606 -0.005753 -0.028594 -0.929359 0.000000 
1.300000e-01 1.003282e-01 9.749526e-02 1.337982e-01 1.000000e-01 1.597504e+00 -0.991606 0.012171 0.036081 0.226038 0.688742 0.028573 0.991606 -0.005753 -0.028594 -0.929359 0.000000 
1.300000e-01 1.003282e-01 9.749526e-02 1.337982e-01 1.000000e-01 1.597504e+00 -0.991606 0.012171 0.036081 0.226038 0.688742 0.028573 0.991606 -0.005753 -0.028594 -0.929359 0.000000 
1.300000e-01 1.003282e-01 9.749526e-02 1.337982e-01 1.000000e-01 1.597504e+00 -0.991606 0.012171 0.036081 0.226038 0.688742 0.028573 0.991606 -0.005753 -0.028594 -0.929359 0.000000 
1.300000e-01 1.003282e-01 9.749526e-02 1.337982e-01 1.000000e-01 1.597504e+00 -0.991606 0.012171 0.036081 0.226038 0.688742 0.028573 0.991606 -0.005753 -0.028594 -0.929359 0.000000 
1.300000e-01 1.003282e-01 9.749526e-02 1.337982e-01 1.000000e-01 1.597504e+00 -0.991606 0.012171 0.036081 0.226038 0.688742 0.028573 0.991606 -0.005753 -0.028594 -0.929359 0.000000 
1.300000e-01 1.003282e-01 9.749526e-02 1.337982e-01 1.000000e-01 1.597504e+00 -0.991606 0.012171 0.036081 0.226038 0.688742 0.028573 0.991606 -0.005753 -0.028594 -0.929359 0.000000 
1.300000e-01 1.003282e-01 9.749526e-02 1.337982e-01 1.000000e-01 1.597504e+00 -0.991606 0.012171 0.036081 0.226038 0.688742 0.028573 0.991606 -0.005753 -0.028594 -0.929359 0.000000 
1.300000e-01 1.003282e-01 9.749526e-02 1.337982e-01 1.000000e-01 1.597504e+00 -0.991606 0.012171 0.036081 0.226038 0.688742 0.028573 0.991606 -0.005753 -0.028594 -0.929359 0.000000 
1.300000e-01 1.003282e-01 9.749526e-02 1.337982e-01 1.000000e-01 1.597504e+00 -0.991606 0.012171 0.036081 0.226038 0.688742 0.028573 0.991606 -0.005753 -0.028594 -0.929359 0.000000 
1.300000e-01 1.003282e-01 9.749526e-02 1.337982e-01 1.000000e-01 1.597504e+00 -0.991606 0.012171 0.036081 0.226038 0.688742 0.028573 0.991606 -0.005753 -0.028594 -0.929359 0.000000 
1.300000e-01 1.003282e-01 9.749526e-02 1.337982e-01 1.000000e-01 1.597504e+00 -0.991606 0.012171 0.036081 0.226038 0.688742 0.028573 0.991606 -0.005753 -0.028594 -0.929359 0.000000 
1.300000e-01 1.003282e-01 9.749526e-02 1.337982e-01 1.000000e-01 1.597504e+00 -0.991606 0.012171 0.036081 0.226038 0.688742 0.028573 0.991606 -0.005753 -0.028594 -0.929359 0.000000 
1.300000e-01 1.003282e-01 9.749526e-02 1.337982e-01 1.000000e-01 1.597504e+00 -0.991606 0.012171 0.036081 0.226038 0.688742 0.028573 0.991606 -0.005753 -0.028594 -0.929359 0.000000 
1.300000e-01 1.003282e-01 9.749526e-02 1.337982e-01 1.000000e-01 1.597504e+00 -0.991606 0.012171 0.036081 0.226038 0.688742 0.028573 0.991606 -0.005753 -0.028594 -0.929359 0.000000 
1.300000e-01 1.003282e-01 9.749526e-02 1.337982e-01 1.000000e-01 1.597504e+00 -0.991606 0.012171 0.036081 0.226038 0.688742 0.028573 0.991606 -0.005753 -0.028594 -0.929359 0.000000 
1.300000e-01 1.003282e-01 9.749526e-02 1.337982e-01 1.000000e-01 1.597504e+00 -0.991606 0.012171 0.036081 0.226038 0.688742 0.028573 0.991606 -0.005753 -0.028594 -0.929359 0.000000 
1.300000e-01 1.003282e-01 9.749526e-02 1.337982e-01 1.000000e-01 1.597504e+00 -0.991606 0.012171 0.036081 0.226038 0.688742 0.028573 0.991606 -0.005753 -0.028594 -0.929359 0.000000 
1.300000e-01 1.003282e-01 9.749526e-02 1.337982e-01 1.000000e-01 1.597504e+00 -0.991606 0.012171 0.036081 0.226038 0.688742 0.028573 0.991606 -0.005753 -0.028594 -0.929359 0.000000 
1.300000e-01 1.003282e-01 9.749526e-02 1.337982e-01 1.000000e-01 1.597504e+00 -0.991606 0.012171 0.036081 0.226038 0.688742 0.028573 0.991606 -0.005753 -0.028594 -0.929359 0.000000 
1.300000e-01 1.003282e-01 9.749526e-02 1.337982e-01 1.000000e-01 1.597504e+00 -0.991606 0.012171 0.036081 0.226038 0.688742 0.028573 0.991606 -0.005753 -0.028594 -0.929359 0.000000 
1.300000e-01 1.003282e-01 9.749526e-02 1.337982e-01 1.000000e-01 1.597504e+00 -0.991606 0.012171 0.036081 0.226038 0.688742 0.028573 0.991606 -0.005753 -0.028594 -0.929359 0.000000 
1.300000e-01 1.003282e-01 9.749526e-02 1.337982e-01 1.000000e-01 1.597504e+00 -0.991606 0.012171 0.036081 0.226038 0.688742 0.028573 0.991606 -0.005753 -0.028594 -0.929359 0.000000 
1.300000e-01 1.003282e-01 9.749526e-02 1.337982e-01 1.000000e-01 1.597504e+00 -0.991606 0.012171 0.036081 0.226038 0.688742 0.028573 0.991606 -0.005753 -0.028594 -0.929359 0.000000 
1.300000e-01 1.003282e-01 9.749526e-02 1.337982e-01 1.000000e-01 1.597504e+00 -0.991606 0.012171 0.036081 0.226038 0.688742 0.028573 0.991606 -0.005753 -0.028594 -0.929359 0.000000 
1.300000e-01 1.003282e-01 9.749526e-02 1.337982e-01 1.000000e-01 1.597504e+00 -0.991606 0.012171 0.036081 0.226038 0.688742 0.028573 0.991606 -0.005753 -0.028594 -0.929359 0.000000 
1.300000e-01 1.003282e-01 9.749526e-02 1.337982e-01 1.000000e-01 1.597504e+00 -0.991606 0.012171 0.036081 0.226038 0.688742 0.028573 0.991606 -0.005753 -0.028594 -0.929359 0.000000 
1.300000e-01 1.003282e-01 9.749526e-02 1.337982e-01 1.000000e-01 1.597504e+00 -0.991606 0.012171 0.036081 0.226038 0.688742 0.028573 0.991606 -0.005753 -0.028594 -0.929359 0.000000 
1.300000e-01 1.003282e-01 9.749526e-02 1.337982e-01 1.000000e-01 1.597504e+00 -0.991606 0.012171 0.036081 0.226038 0.688742 0.028573 0.991606 -0.005753 -0.028594 -0.929359 0.000000 
1.300000e-01 1.003282e-01 9.749526e-02 1.337982e-01 1.000000e-01 1.597504e+00 -0.991606 0.012171 0.036081 0.226038 0.688742 0.028573 0.991606 -0.005753 -0.028594 -0.929359 0.000000 
1.300000e-01 1.003282e-01 9.749526e-02 1.337982e-01 1.000000e-01 1.597504e+00 -0.991606 0.012171 0.036081 0.226038 0.688742 0.028573 0.991606 -0.005753 -0.028594 -0.929359 0.000000 
1.300000e-01 1.003282e-01 9.749526e-02 1.337982e-01 1.000000e-01 1.597504e+00 -0.991606 0.012171 0.036081 0.226038 0.688742 0.028573 0.991606 -0.005753 -0.028594 -0.929359 0.000000 
1.300000e-01 1.003282e-01 9.749526e-02 1.337982e-01 1.000000e-01 1.597504e+00 -0.991606 0.012171 0.036081 0.226038 0.688742 0.028573 0.991606 -0.005753 -0.028594 -0.929359 0.000000 
1.300000e-01 1.003282e-01 9.749526e-02 1.337982e-01 1.000000e-01 1.597504e+00 -0.991606 0.012171 0.036081 0.226038 0.688742 0.028573 0.991606 -0.005753 -0.028594 -0.929359 0.000000 
1.300000e-01 1.003282e-01 9.749526e-02 1.337982e-01 1.000000e-01 1.597504e+00 -0.991606 0.012171 0.036081 0.226038 0.688742 0.028573 0.991606 -0.005753 -0.028594 -0.929359 0.000000 
1.300000e-01 1.003282e-01 9.749526e-02 1.337982e-01 1.000000e-01 1.597504e+00 -0.991606 0.012171 0.036081 0.226038 0.688742 0.028573 0.991606 -0.005753 -0.028594 -0.929359 0.000000 
1.300000e-01 1.003282e-01 9.749526e-02 1.337982e-01 1.000000e-01 1.597504e+00 -0.991606 0.012171 0.036081 0.226038 0.688742 0.028573 0.991606 -0.005753 -0.028594 -0.929359 0.000000 
1.300000e-01 1.003282e-01 9.749526e-02 1.337982e-01 1.000000e-01 1.597504e+00 -0.991606 0.012171 0.036081 0.226038 0.688742 0.028573 0.991606 -0.005753 -0.028594 -0.929359 0.000000 
1.300000e-01 1.003282e-01 9.749526e-02 1.337982e-01 1.000000e-01 1.597504e+00 -0.991606 0.012171 0.036081 0.226038 0.688742 0.028573 0.991606 -0.005753 -0.028594 -0.929359 0.000000 
1.300000e-01 1.003282e-01 9.749526e-02 1.337982e-01 1.000000e-01 1.597504e+00 -0.991606 0.012171 0.036081 0.226038 0.688742 0.028573 0.991606 -0.005753 -0.028594 -0.929359 0.000000 
1.300000e-01 1.003282e-01 9.749526e-02 1.337982e-01 1.000000e-01 1.597504e+00 -0.991606 0.012171 0.036081 0.226038 0.688742 0.028573 0.991606 -0.005753 -0.028594 -0.929359 0.000000 
1.300000e-01 1.003282e-01 9.749526e-02 1.337982e-01 1.000000e-01 1.597504e+00 -0.991606 0.012171 0.036081 0.226038 0.688742 0.028573 0.991606 -0.005753 -0.028594 -0.929359 0.000000 
1.300000e-01 1.003282e-01 9.749526e-02 1.337982e-01 1.000000e-01 1.597504e+00 -0.991606 0.012171 0.036081 0.226038 0.688742 0.028573 0.991606 -0.005753 -0.028594 -0.929359 0.000000 
1.300000e-01 1.003282e-01 9.749526e-02 1.337982e-01 1.000000e-01 1.597504e+00 -0.991606 0.012171 0.036081 0.226038 0.688742 0.028573 0.991606 -0.005753 -0.028594 -0.929359 0.000000 
1.300000e-01 1.003282e-01 9.749526e-02 1.337982e-01 1.000000e-01 1.597504e+00 -0.991606 0.012171 0.036081 0.226038 0.688742 0.028573 0.991606 -0.005753 -0.028594 -0.929359 0.000000 
1.300000e-01 1.003282e-01 9.749526e-02 1.337982e-01 1.000000e-01 1.597504e+00 -0.991606 0.012171 0.036081 0.226038 0.688742 0.028573 0.991606 -0.005753 -0.028594 -0.929359 0.000000 
1.300000e-01 1.003282e-01 9.749526e-02 1.337982e-01 1.000000e-01 1.597504e+00 -0.991606 0.012171 0.036081 0.226038 0.688742 0.028573 0.991606 -0.005753 -0.028594 -0.929359 0.000000 
1.300000e-01 1.003282e-01 9.749526e-02 1.337982e-01 1.000000e-01 1.597504e+00 -0.991606 0.012171 0.036081 0.226038 0.688742 0.028573 0.991606 -0.005753 -0.028594 -0.929359 0.000000 
1.300000e-01 1.003282e-01 9.749526e-02 1.337982e-01 1.000000e-01 1.597504e+00 -0.991606 0.012171 0.036081 0.226038 0.688742 0.028573 0.991606 -0.005753 -0.028594 -0.929359 0.000000 
1.300000e-01 1.003282e-01 9.749526e-02 1.337982e-01 1.000000e-01 1.597504e+00 -0.991606 0.012171 0.036081 0.226038 0.688742 0.028573 0.991606 -0.005753 -0.028594 -0.929359 0.000000 
1.300000e-01 1.003282e-01 9.749526e-02 1.337982e-01 1.000000e-01 1.597504e+00 -0.991606 0.012171 0.036081 0.226038 0.688742 0.028573 0.991606 -0.005753 -0.028594 -0.929359 0.000000 
1.300000e-01 1.003282e-01 9.749526e-02 1.337982e-01 1.000000e-01 1.597504e+00 -0.991606 0.012171 0.036081 0.226038 0.688742 0.028573 0.991606 -0.005753 -0.028594 -0.929359 0.000000 
1.300000e-01 1.003282e-01 9.749526e-02 1.337982e-01 1.000000e-01 1.597504e+00 -0.991606 0.012171 0.036081 0.226038 0.688742 0.028573 0.991606 -0.005753 -0.028594 -0.929359 0.000000 
1.300000e-01 1.003282e-01 9.749526e-02 1.337982e-01 1.000000e-01 1.597504e+00 -0.991606 0.012171 0.036081 0.226038 0.688742 0.028573 0.991606 -0.005753 -0.028594 -0.929359 0.000000 
1.300000e-01 1.003282e-01 9.749526e-02 1.337982e-01 1.000000e-01 1.597504e+00 -0.991606 0.012171 0.036081 0.226038 0.688742 0.028573 0.991606 -0.005753 -0.028594 -0.929359 0.000000 
1.300000e-01 1.003282e-01 9.749526e-02 1.337982e-01 1.000000e-01 1.597504e+00 -0.991606 0.012171 0.036081 0.226038 0.688742 0.028573 0.991606 -0.005753 -0.028594 -0.929359 0.000000 
