# TeX TeY TeZ ThX ThY THZ P1 P2
8.000000e-02 1.000000e-01 1.355000e+00 8.000000e-02 1.000000e-01 1.355000e+00 0.000000 0.000000 0.000000 0.000000 0.000000 0.000000 0.000000 0.000000 0.000000 0.000000 0.000000 
8.000023e-02 1.000000e-01 1.346257e+00 7.999977e-02 1.000000e-01 1.362111e+00 -0.010475 0.001677 0.003199 0.002724 0.002144 0.000731 0.010475 -0.001344 -0.002689 -0.002692 0.000000 
8.000043e-02 1.000000e-01 1.337447e+00 7.999952e-02 1.000000e-01 1.369194e+00 -0.020975 0.003352 0.006398 0.005455 0.004301 0.001468 0.020975 -0.002692 -0.005385 -0.005390 0.000000 
8.000061e-02 1.000000e-01 1.328570e+00 7.999923e-02 1.000000e-01 1.376247e+00 -0.031500 0.005031 0.009609 0.008198 0.006459 0.002204 0.031500 -0.004043 -0.008087 -0.008095 0.000000 
8.000075e-02 1.000000e-01 1.319626e+00 7.999891e-02 1.000000e-01 1.383271e+00 -0.042050 0.006716 0.012836 0.010954 0.008611 0.002933 0.042050 -0.005397 -0.010796 -0.010806 0.000000 
8.000088e-02 1.000000e-01 1.310617e+00 7.999854e-02 1.000000e-01 1.390266e+00 -0.052624 0.008407 0.016083 0.013727 0.010753 0.003653 0.052623 -0.006754 -0.013510 -0.013523 0.000000 
8.000099e-02 1.000000e-01 1.301543e+00 7.999813e-02 1.000000e-01 1.397230e+00 -0.063220 0.010111 0.019366 0.016523 0.012868 0.004353 0.063220 -0.008114 -0.016231 -0.016246 0.000000 
8.000108e-02 1.000000e-01 1.292404e+00 7.999767e-02 1.000000e-01 1.404164e+00 -0.073840 0.011826 0.022683 0.019343 0.014956 0.005032 0.073839 -0.009477 -0.018957 -0.018975 0.000000 
8.000117e-02 1.000000e-01 1.283201e+00 7.999715e-02 1.000000e-01 1.411067e+00 -0.084481 0.013555 0.026048 0.022196 0.017001 0.005680 0.084481 -0.010843 -0.021689 -0.021709 0.000000 
8.000123e-02 1.000000e-01 1.273934e+00 7.999657e-02 1.000000e-01 1.417938e+00 -0.095144 0.015301 0.029469 0.025088 0.018994 0.006291 0.095143 -0.012211 -0.024427 -0.024449 0.000000 
8.000129e-02 1.000000e-01 1.264604e+00 7.999593e-02 1.000000e-01 1.424778e+00 -0.105827 0.017061 0.032948 0.028022 0.020933 0.006863 0.105827 -0.013582 -0.027169 -0.027195 0.000000 
8.000134e-02 1.000000e-01 1.255212e+00 7.999520e-02 1.000000e-01 1.431586e+00 -0.116531 0.018838 0.036508 0.031019 0.022789 0.007376 0.116531 -0.014956 -0.029917 -0.029945 0.000000 
8.000138e-02 1.000000e-01 1.245757e+00 7.999439e-02 1.000000e-01 1.438361e+00 -0.127254 0.020628 0.040148 0.034082 0.024564 0.007831 0.127254 -0.016332 -0.032671 -0.032701 0.000000 
8.000142e-02 1.000000e-01 1.236241e+00 7.999350e-02 1.000000e-01 1.445103e+00 -0.137996 0.022428 0.043879 0.037224 0.026247 0.008218 0.137996 -0.017711 -0.035428 -0.035461 0.000000 
8.000145e-02 1.000000e-01 1.226664e+00 7.999250e-02 1.000000e-01 1.451812e+00 -0.148757 0.024234 0.047733 0.040480 0.027797 0.008512 0.148757 -0.019092 -0.038191 -0.038226 0.000000 
8.000148e-02 1.000000e-01 1.217026e+00 7.999140e-02 1.000000e-01 1.458487e+00 -0.159535 0.026038 0.051706 0.043855 0.029220 0.008716 0.159535 -0.020475 -0.040958 -0.040996 0.000000 
8.000150e-02 1.000000e-01 1.207328e+00 7.999018e-02 1.000000e-01 1.465128e+00 -0.170331 0.027830 0.055815 0.047374 0.030496 0.008815 0.170330 -0.021861 -0.043730 -0.043770 0.000000 
8.000152e-02 1.000000e-01 1.197571e+00 7.998884e-02 1.000000e-01 1.471734e+00 -0.181143 0.029593 0.060109 0.051101 0.031567 0.008772 0.181142 -0.023248 -0.046506 -0.046549 0.000000 
8.000153e-02 1.000000e-01 1.187755e+00 7.998737e-02 1.000000e-01 1.478305e+00 -0.191970 0.031312 0.064583 0.055045 0.032437 0.008592 0.191970 -0.024638 -0.049285 -0.049331 0.000000 
8.000155e-02 1.000000e-01 1.177880e+00 7.998577e-02 1.000000e-01 1.484841e+00 -0.202814 0.032965 0.069263 0.059250 0.033077 0.008258 0.202813 -0.026030 -0.052069 -0.052118 0.000000 
8.000156e-02 1.000000e-01 1.167948e+00 7.998402e-02 1.000000e-01 1.491340e+00 -0.213671 0.034503 0.074228 0.063831 0.033393 0.007716 0.213671 -0.027423 -0.054857 -0.054908 0.000000 
8.000157e-02 1.000000e-01 1.157957e+00 7.998214e-02 1.000000e-01 1.497803e+00 -0.224543 0.035897 0.079482 0.068816 0.033378 0.006969 0.224543 -0.028819 -0.057648 -0.057701 0.000000 
8.000158e-02 1.000000e-01 1.147910e+00 7.998012e-02 1.000000e-01 1.504227e+00 -0.235428 0.037103 0.085066 0.074276 0.032981 0.006000 0.235427 -0.030216 -0.060442 -0.060498 0.000000 
8.000158e-02 1.000000e-01 1.137807e+00 7.997796e-02 1.000000e-01 1.510612e+00 -0.246323 0.038037 0.091068 0.080363 0.032093 0.004761 0.246323 -0.031614 -0.063240 -0.063298 0.000000 
8.000159e-02 1.000000e-01 1.127647e+00 7.997570e-02 1.000000e-01 1.516958e+00 -0.257230 0.038603 0.097575 0.087229 0.030604 0.003218 0.257230 -0.033014 -0.066040 -0.066101 0.000000 
8.000159e-02 1.000000e-01 1.117432e+00 7.997334e-02 1.000000e-01 1.523262e+00 -0.268147 0.038734 0.104621 0.094957 0.028462 0.001372 0.268147 -0.034415 -0.068843 -0.068906 0.000000 
8.000160e-02 1.000000e-01 1.107162e+00 7.997095e-02 1.000000e-01 1.529526e+00 -0.279073 0.038320 0.112293 0.103714 0.025546 -0.000801 0.279073 -0.035817 -0.071648 -0.071714 0.000000 
8.000160e-02 1.000000e-01 1.096837e+00 7.996863e-02 1.000000e-01 1.535748e+00 -0.290007 0.037147 0.120773 0.113851 0.021597 -0.003362 0.290007 -0.037220 -0.074455 -0.074524 0.000000 
8.000160e-02 1.000000e-01 1.086459e+00 7.996659e-02 1.000000e-01 1.541927e+00 -0.300948 0.035061 0.130151 0.125601 0.016452 -0.006318 0.300948 -0.038625 -0.077264 -0.077335 0.000000 
8.000161e-02 1.000000e-01 1.076026e+00 7.996523e-02 1.000000e-01 1.548062e+00 -0.311894 0.031935 0.140473 0.139165 0.009976 -0.009656 0.311893 -0.040029 -0.080074 -0.080148 0.000000 
8.000161e-02 1.000000e-01 1.065541e+00 7.996533e-02 1.000000e-01 1.554152e+00 -0.322841 0.027591 0.151802 0.154866 0.001958 -0.013379 0.322840 -0.041434 -0.082884 -0.082961 0.000000 
8.000161e-02 1.000000e-01 1.055003e+00 7.996863e-02 1.000000e-01 1.560193e+00 -0.333781 0.021812 0.164163 0.173154 -0.007864 -0.017486 0.333781 -0.042839 -0.085693 -0.085773 0.000000 
8.000161e-02 1.000000e-01 1.044413e+00 7.997878e-02 1.000000e-01 1.566179e+00 -0.344699 0.014311 0.177445 0.194772 -0.019855 -0.021975 0.344698 -0.044240 -0.088496 -0.088578 0.000000 
8.000161e-02 1.000000e-01 1.033771e+00 8.000407e-02 1.000000e-01 1.572098e+00 -0.355566 0.005260 0.190959 0.219854 -0.033787 -0.026722 0.355566 -0.045635 -0.091286 -0.091371 0.000000 
8.000161e-02 1.000000e-01 1.023077e+00 8.006386e-02 1.000000e-01 1.577924e+00 -0.366326 -0.005125 0.203450 0.248931 -0.049346 -0.031587 0.366325 -0.047015 -0.094048 -0.094136 0.000000 
8.000161e-02 1.000000e-01 1.012333e+00 8.020727e-02 1.000000e-01 1.583596e+00 -0.376863 -0.016264 0.212164 0.282953 -0.065674 -0.036318 0.376862 -0.048368 -0.096754 -0.096843 0.000000 
8.000162e-02 1.000000e-01 1.001539e+00 8.058132e-02 1.000000e-01 1.588977e+00 -0.386977 -0.027042 0.210576 0.324948 -0.081019 -0.040488 0.386976 -0.049666 -0.099350 -0.099442 0.000000 
8.000162e-02 1.000000e-01 9.906949e-01 8.168237e-02 1.000000e-01 1.593748e+00 -0.396485 -0.036387 0.179968 0.389812 -0.093257 -0.043653 0.396484 -0.050886 -0.101791 -0.101886 0.000000 
8.000162e-02 1.000000e-01 9.798012e-01 8.409453e-02 1.000000e-01 1.597501e+00 -0.406503 -0.048842 0.067501 0.544562 -0.109062 -0.047658 0.406503 -0.052172 -0.104363 -0.104460 0.000000 
8.000162e-02 1.000000e-01 9.688584e-01 8.409453e-02 1.000000e-01 1.597501e+00 -0.413733 -0.047914 0.069358 0.546420 -0.107195 -0.046938 0.413732 -0.053100 -0.106220 -0.106318 0.000000 
8.000162e-02 1.000000e-01 9.578671e-01 8.409453e-02 1.000000e-01 1.597501e+00 -0.420995 -0.046981 0.071223 0.548286 -0.105319 -0.046216 0.420994 -0.054032 -0.108084 -0.108184 0.000000 
8.000162e-02 1.000000e-01 9.468276e-01 8.409453e-02 1.000000e-01 1.597501e+00 -0.428288 -0.046045 0.073096 0.550160 -0.103435 -0.045490 0.428288 -0.054968 -0.109956 -0.110058 0.000000 
8.000162e-02 1.000000e-01 9.357403e-01 8.409453e-02 1.000000e-01 1.597501e+00 -0.435613 -0.045104 0.074977 0.552042 -0.101543 -0.044761 0.435613 -0.055908 -0.111837 -0.111941 0.000000 
8.000162e-02 1.000000e-01 9.246058e-01 8.409453e-02 1.000000e-01 1.597501e+00 -0.442970 -0.044160 0.076866 0.553933 -0.099643 -0.044028 0.442969 -0.056852 -0.113726 -0.113831 0.000000 
8.000162e-02 1.000000e-01 9.134243e-01 8.409453e-02 1.000000e-01 1.597501e+00 -0.450357 -0.043212 0.078763 0.555831 -0.097734 -0.043293 0.450356 -0.057800 -0.115622 -0.115729 0.000000 
8.000162e-02 1.000000e-01 9.021964e-01 8.409453e-02 1.000000e-01 1.597501e+00 -0.457775 -0.042259 0.080668 0.557737 -0.095818 -0.042555 0.457774 -0.058752 -0.117527 -0.117636 0.000000 
8.000162e-02 1.000000e-01 8.909224e-01 8.409453e-02 1.000000e-01 1.597501e+00 -0.465224 -0.041303 0.082581 0.559651 -0.093894 -0.041813 0.465223 -0.059708 -0.119439 -0.119550 0.000000 
8.000162e-02 1.000000e-01 8.796027e-01 8.409453e-02 1.000000e-01 1.597501e+00 -0.472702 -0.040343 0.084501 0.561573 -0.091962 -0.041069 0.472702 -0.060668 -0.121359 -0.121471 0.000000 
8.000162e-02 1.000000e-01 8.682378e-01 8.409453e-02 1.000000e-01 1.597501e+00 -0.480211 -0.039379 0.086429 0.563503 -0.090022 -0.040321 0.480210 -0.061632 -0.123287 -0.123401 0.000000 
8.000162e-02 1.000000e-01 8.568280e-01 8.409453e-02 1.000000e-01 1.597501e+00 -0.487749 -0.038412 0.088364 0.565440 -0.088074 -0.039570 0.487748 -0.062599 -0.125222 -0.125338 0.000000 
8.000162e-02 1.000000e-01 8.453737e-01 8.409453e-02 1.000000e-01 1.597501e+00 -0.495317 -0.037441 0.090307 0.567384 -0.086119 -0.038817 0.495316 -0.063571 -0.127165 -0.127283 0.000000 
8.000162e-02 1.000000e-01 8.338753e-01 8.409453e-02 1.000000e-01 1.597501e+00 -0.502913 -0.036466 0.092257 0.569336 -0.084156 -0.038061 0.502913 -0.064546 -0.129115 -0.129235 0.000000 
8.000162e-02 1.000000e-01 8.223333e-01 8.409453e-02 1.000000e-01 1.597501e+00 -0.510539 -0.035487 0.094215 0.571296 -0.082186 -0.037301 0.510538 -0.065524 -0.131073 -0.131194 0.000000 
8.000162e-02 1.000000e-01 8.107479e-01 8.409453e-02 1.000000e-01 1.597501e+00 -0.518193 -0.034504 0.096180 0.573263 -0.080208 -0.036539 0.518193 -0.066507 -0.133038 -0.133161 0.000000 
8.000162e-02 1.000000e-01 7.991196e-01 8.409453e-02 1.000000e-01 1.597501e+00 -0.525876 -0.033518 0.098153 0.575237 -0.078223 -0.035774 0.525875 -0.067493 -0.135010 -0.135136 0.000000 
8.000162e-02 1.000000e-01 7.874487e-01 8.409453e-02 1.000000e-01 1.597501e+00 -0.533586 -0.032529 0.100133 0.577219 -0.076231 -0.035007 0.533586 -0.068482 -0.136990 -0.137117 0.000000 
8.000162e-02 9.999999e-02 7.757357e-01 8.409453e-02 1.000000e-01 1.597501e+00 -0.541325 -0.031535 0.102119 0.579207 -0.074232 -0.034236 0.541324 -0.069475 -0.138977 -0.139106 0.000000 
8.000162e-02 9.999999e-02 7.639808e-01 8.409453e-02 1.000000e-01 1.597501e+00 -0.549091 -0.030539 0.104113 0.581203 -0.072225 -0.033463 0.549091 -0.070472 -0.140971 -0.141101 0.000000 
8.000162e-02 9.999999e-02 7.521844e-01 8.409453e-02 1.000000e-01 1.597501e+00 -0.556885 -0.029538 0.106114 0.583206 -0.070211 -0.032687 0.556884 -0.071472 -0.142972 -0.143104 0.000000 
8.000162e-02 9.999999e-02 7.403470e-01 8.409453e-02 1.000000e-01 1.597501e+00 -0.564706 -0.028535 0.108122 0.585215 -0.068191 -0.031908 0.564705 -0.072476 -0.144979 -0.145114 0.000000 
8.000162e-02 9.999999e-02 7.284688e-01 8.409453e-02 1.000000e-01 1.597501e+00 -0.572553 -0.027527 0.110137 0.587232 -0.066163 -0.031127 0.572553 -0.073483 -0.146994 -0.147130 0.000000 
8.000162e-02 9.999999e-02 7.165503e-01 8.409453e-02 1.000000e-01 1.597501e+00 -0.580428 -0.026517 0.112158 0.589255 -0.064129 -0.030343 0.580427 -0.074494 -0.149016 -0.149154 0.000000 
8.000162e-02 9.999998e-02 7.045916e-01 8.409453e-02 1.000000e-01 1.597501e+00 -0.588328 -0.025503 0.114187 0.591286 -0.062087 -0.029556 0.588328 -0.075508 -0.151044 -0.151184 0.000000 
8.000162e-02 9.999998e-02 6.925933e-01 8.409453e-02 1.000000e-01 1.597501e+00 -0.596255 -0.024485 0.116222 0.593323 -0.060039 -0.028767 0.596255 -0.076525 -0.153079 -0.153221 0.000000 
8.000162e-02 9.999998e-02 6.805556e-01 8.409453e-02 1.000000e-01 1.597501e+00 -0.604208 -0.023465 0.118264 0.595366 -0.057984 -0.027975 0.604208 -0.077546 -0.155121 -0.155265 0.000000 
8.000162e-02 9.999997e-02 6.684789e-01 8.409453e-02 1.000000e-01 1.597501e+00 -0.612187 -0.022441 0.120312 0.597417 -0.055922 -0.027180 0.612187 -0.078570 -0.157170 -0.157315 0.000000 
8.000162e-02 9.999997e-02 6.563635e-01 8.409453e-02 1.000000e-01 1.597501e+00 -0.620192 -0.021413 0.122367 0.599474 -0.053854 -0.026383 0.620191 -0.079597 -0.159225 -0.159372 0.000000 
8.000162e-02 9.999996e-02 6.442098e-01 8.409453e-02 1.000000e-01 1.597501e+00 -0.628221 -0.020383 0.124429 0.601537 -0.051780 -0.025584 0.628221 -0.080628 -0.161286 -0.161436 0.000000 
8.000162e-02 9.999995e-02 6.320180e-01 8.409453e-02 1.000000e-01 1.597501e+00 -0.636276 -0.019349 0.126497 0.603607 -0.049698 -0.024782 0.636276 -0.081662 -0.163354 -0.163505 0.000000 
8.000162e-02 9.999994e-02 6.197885e-01 8.409453e-02 1.000000e-01 1.597501e+00 -0.644356 -0.018312 0.128571 0.605683 -0.047611 -0.023977 0.644355 -0.082699 -0.165428 -0.165582 0.000000 
8.000162e-02 9.999993e-02 6.075216e-01 8.409453e-02 1.000000e-01 1.597501e+00 -0.652460 -0.017272 0.130652 0.607766 -0.045517 -0.023170 0.652460 -0.083739 -0.167509 -0.167664 0.000000 
8.000162e-02 9.999992e-02 5.952176e-01 8.409453e-02 1.000000e-01 1.597501e+00 -0.660589 -0.016229 0.132739 0.609855 -0.043416 -0.022361 0.660589 -0.084782 -0.169596 -0.169753 0.000000 
8.000162e-02 9.999990e-02 5.828769e-01 8.409453e-02 1.000000e-01 1.597501e+00 -0.668743 -0.015182 0.134832 0.611950 -0.041310 -0.021549 0.668742 -0.085828 -0.171689 -0.171848 0.000000 
8.000162e-02 9.999988e-02 5.704997e-01 8.409453e-02 1.000000e-01 1.597501e+00 -0.676920 -0.014133 0.136931 0.614051 -0.039197 -0.020735 0.676919 -0.086878 -0.173789 -0.173950 0.000000 
8.000162e-02 9.999985e-02 5.580864e-01 8.409453e-02 1.000000e-01 1.597501e+00 -0.685121 -0.013080 0.139037 0.616159 -0.037078 -0.019918 0.685121 -0.087930 -0.175894 -0.176057 0.000000 
8.000162e-02 9.999982e-02 5.456372e-01 8.409453e-02 1.000000e-01 1.597501e+00 -0.693346 -0.012024 0.141149 0.618272 -0.034953 -0.019099 0.693346 -0.088986 -0.178006 -0.178171 0.000000 
8.000162e-02 9.999979e-02 5.331524e-01 8.409453e-02 1.000000e-01 1.597501e+00 -0.701595 -0.010966 0.143266 0.620392 -0.032821 -0.018278 0.701594 -0.090045 -0.180123 -0.180291 0.000000 
8.000162e-02 9.999974e-02 5.206324e-01 8.409453e-02 1.000000e-01 1.597501e+00 -0.709866 -0.009904 0.145390 0.622518 -0.030684 -0.017454 0.709866 -0.091106 -0.182247 -0.182416 0.000000 
8.000162e-02 9.999968e-02 5.080774e-01 8.409453e-02 1.000000e-01 1.597501e+00 -0.718161 -0.008840 0.147519 0.624649 -0.028541 -0.016628 0.718161 -0.092171 -0.184377 -0.184548 0.000000 
8.000162e-02 9.999962e-02 4.954878e-01 8.409453e-02 1.000000e-01 1.597501e+00 -0.726479 -0.007772 0.149655 0.626787 -0.026392 -0.015800 0.726478 -0.093238 -0.186512 -0.186686 0.000000 
8.000162e-02 9.999954e-02 4.828637e-01 8.409453e-02 1.000000e-01 1.597501e+00 -0.734819 -0.006702 0.151796 0.628930 -0.024237 -0.014970 0.734819 -0.094308 -0.188653 -0.188830 0.000000 
8.000162e-02 9.999944e-02 4.702056e-01 8.409453e-02 1.000000e-01 1.597501e+00 -0.743182 -0.005628 0.153943 0.631079 -0.022076 -0.014137 0.743182 -0.095381 -0.190800 -0.190980 0.000000 
8.000162e-02 9.999932e-02 4.575136e-01 8.409453e-02 1.000000e-01 1.597501e+00 -0.751567 -0.004552 0.156096 0.633234 -0.019909 -0.013302 0.751567 -0.096457 -0.192953 -0.193136 0.000000 
8.000162e-02 9.999917e-02 4.447881e-01 8.409453e-02 1.000000e-01 1.597501e+00 -0.759975 -0.003473 0.158255 0.635394 -0.017737 -0.012465 0.759975 -0.097535 -0.195112 -0.195298 0.000000 
8.000162e-02 9.999899e-02 4.320292e-01 8.409453e-02 1.000000e-01 1.597501e+00 -0.768404 -0.002391 0.160419 0.637560 -0.015559 -0.011626 0.768404 -0.098615 -0.197276 -0.197467 0.000000 
8.000162e-02 9.999877e-02 4.192374e-01 8.409453e-02 1.000000e-01 1.597501e+00 -0.776856 -0.001307 0.162588 0.639732 -0.013375 -0.010784 0.776855 -0.099698 -0.199446 -0.199643 0.000000 
8.000162e-02 9.999850e-02 4.064128e-01 8.409453e-02 1.000000e-01 1.597501e+00 -0.785329 -0.000219 0.164764 0.641909 -0.011186 -0.009940 0.785328 -0.100782 -0.201622 -0.201826 0.000000 
8.000162e-02 9.999818e-02 3.935558e-01 8.409453e-02 1.000000e-01 1.597501e+00 -0.793823 0.000871 0.166944 0.644092 -0.008991 -0.009095 0.793823 -0.101867 -0.203803 -0.204019 0.000000 
8.000162e-02 9.999778e-02 3.806665e-01 8.409453e-02 1.000000e-01 1.597501e+00 -0.802339 0.001964 0.169131 0.646280 -0.006791 -0.008247 0.802338 -0.102953 -0.205990 -0.206222 0.000000 
8.000162e-02 9.999729e-02 3.677452e-01 8.409453e-02 1.000000e-01 1.597501e+00 -0.810875 0.003060 0.171322 0.648474 -0.004585 -0.007397 0.810875 -0.104037 -0.208182 -0.208437 0.000000 
8.000162e-02 9.999670e-02 3.547923e-01 8.409453e-02 1.000000e-01 1.597501e+00 -0.819433 0.004158 0.173520 0.650673 -0.002374 -0.006545 0.819433 -0.105119 -0.210381 -0.210670 0.000000 
8.000162e-02 9.999597e-02 3.418079e-01 8.409453e-02 1.000000e-01 1.597501e+00 -0.828012 0.005259 0.175722 0.652878 -0.000158 -0.005690 0.828011 -0.106194 -0.212585 -0.212926 0.000000 
8.000162e-02 9.999507e-02 3.287922e-01 8.409453e-02 1.000000e-01 1.597501e+00 -0.836611 0.006363 0.177930 0.655088 0.002064 -0.004834 0.836611 -0.107259 -0.214796 -0.215213 0.000000 
8.000162e-02 9.999398e-02 3.157456e-01 8.409453e-02 1.000000e-01 1.597501e+00 -0.845231 0.007469 0.180143 0.657303 0.004291 -0.003976 0.845230 -0.108306 -0.217014 -0.217546 0.000000 
8.000162e-02 9.999264e-02 3.026683e-01 8.409453e-02 1.000000e-01 1.597501e+00 -0.853871 0.008578 0.182361 0.659523 0.006524 -0.003116 0.853870 -0.109324 -0.219239 -0.219948 0.000000 
8.000162e-02 9.999100e-02 2.895605e-01 8.409453e-02 1.000000e-01 1.597501e+00 -0.862531 0.009689 0.184584 0.661748 0.008762 -0.002253 0.862530 -0.110298 -0.221473 -0.222448 0.000000 
8.000162e-02 9.998899e-02 2.764224e-01 8.409453e-02 1.000000e-01 1.597501e+00 -0.871211 0.010803 0.186813 0.663979 0.011004 -0.001389 0.871211 -0.111201 -0.223718 -0.225103 0.000000 
8.000162e-02 9.998654e-02 2.632543e-01 8.409453e-02 1.000000e-01 1.597501e+00 -0.879911 0.011920 0.189046 0.666215 0.013252 -0.000523 0.879911 -0.111996 -0.225975 -0.227987 0.000000 
8.000162e-02 9.998354e-02 2.500563e-01 8.409453e-02 1.000000e-01 1.597501e+00 -0.888631 0.013039 0.191285 0.668455 0.015505 0.000346 0.888631 -0.112627 -0.228246 -0.231216 0.000000 
8.000162e-02 9.997990e-02 2.368287e-01 8.409453e-02 1.000000e-01 1.597501e+00 -0.897371 0.014161 0.193529 0.670701 0.017764 0.001216 0.897371 -0.112994 -0.230534 -0.235003 0.000000 
8.000162e-02 9.997548e-02 2.235717e-01 8.409453e-02 1.000000e-01 1.597501e+00 -0.906131 0.015285 0.195778 0.672952 0.020027 0.002088 0.906130 -0.112975 -0.232835 -0.239620 0.000000 
8.000162e-02 9.997017e-02 2.102853e-01 8.409453e-02 1.000000e-01 1.597501e+00 -0.914910 0.016412 0.198032 0.675208 0.022295 0.002962 0.914910 -0.112373 -0.235133 -0.245524 0.000000 
8.000162e-02 9.996386e-02 1.969698e-01 8.409453e-02 1.000000e-01 1.597501e+00 -0.923709 0.017541 0.200291 0.677469 0.024569 0.003838 0.923709 -0.110857 -0.237374 -0.253544 0.000000 
8.000162e-02 9.995649e-02 1.836252e-01 8.409453e-02 1.000000e-01 1.597501e+00 -0.932529 0.018673 0.202555 0.679736 0.026848 0.004717 0.932529 -0.108034 -0.239414 -0.264826 0.000000 
8.000162e-02 9.994820e-02 1.702514e-01 8.409453e-02 1.000000e-01 1.597501e+00 -0.941370 0.019808 0.204825 0.682008 0.029132 0.005597 0.941370 -0.103311 -0.240883 -0.281401 0.000000 
8.000162e-02 9.993961e-02 1.568480e-01 8.409453e-02 1.000000e-01 1.597501e+00 -0.950233 0.020945 0.207101 0.684285 0.031422 0.006480 0.950233 -0.095807 -0.240756 -0.307242 0.000000 
8.000162e-02 9.993328e-02 1.434124e-01 8.409453e-02 1.000000e-01 1.597501e+00 -0.959129 0.022087 0.209384 0.686571 0.033721 0.007365 0.959129 -0.084682 -0.236661 -0.348829 0.000000 
8.000162e-02 9.994043e-02 1.299313e-01 8.409453e-02 1.000000e-01 1.597501e+00 -0.968094 0.023238 0.211686 0.688875 0.036037 0.008258 0.968094 -0.068991 -0.222863 -0.419121 0.000000 
8.000162e-02 1.000078e-01 1.163433e-01 8.409453e-02 1.000000e-01 1.597501e+00 -0.977337 0.024424 0.214059 0.691250 0.038425 0.009178 0.977337 -0.047487 -0.183299 -0.549716 0.000000 
8.000162e-02 1.002314e-01 1.024204e-01 8.409453e-02 1.000000e-01 1.597501e+00 -0.987692 0.025753 0.216717 0.693911 0.041101 0.010209 0.987692 -0.018218 -0.083655 -0.802151 0.000000 
8.000162e-02 1.003095e-01 9.749796e-02 8.409453e-02 1.000000e-01 1.597501e+00 -0.991777 0.026277 0.217766 0.694961 0.042156 0.010616 0.991777 -0.005784 -0.028694 -0.929329 0.000000 
8.000162e-02 1.003095e-01 9.749796e-02 8.409453e-02 1.000000e-01 1.597501e+00 -0.991777 0.026277 0.217766 0.694961 0.042156 0.010616 0.991777 -0.005784 -0.028694 -0.929329 0.000000 
8.000162e-02 1.003095e-01 9.749796e-02 8.409453e-02 1.000000e-01 1.597501e+00 -0.991777 0.026277 0.217766 0.694961 0.042156 0.010616 0.991777 -0.005784 -0.028694 -0.929329 0.000000 
8.000162e-02 1.003095e-01 9.749796e-02 8.409453e-02 1.000000e-01 1.597501e+00 -0.991777 0.026277 0.217766 0.694961 0.042156 0.010616 0.991777 -0.005784 -0.028694 -0.929329 0.000000 
8.000162e-02 1.003095e-01 9.749796e-02 8.409453e-02 1.000000e-01 1.597501e+00 -0.991777 0.026277 0.217766 0.694961 0.042156 0.010616 0.991777 -0.005784 -0.028694 -0.929329 0.000000 
8.000162e-02 1.003095e-01 9.749796e-02 8.409453e-02 1.000000e-01 1.597501e+00 -0.991777 0.026277 0.217766 0.694961 0.042156 0.010616 0.991777 -0.005784 -0.028694 -0.929329 0.000000 
8.000162e-02 1.003095e-01 9.749796e-02 8.409453e-02 1.000000e-01 1.597501e+00 -0.991777 0.026277 0.217766 0.694961 0.042156 0.010616 0.991777 -0.005784 -0.028694 -0.929329 0.000000 
8.000162e-02 1.003095e-01 9.749796e-02 8.409453e-02 1.000000e-01 1.597501e+00 -0.991777 0.026277 0.217766 0.694961 0.042156 0.010616 0.991777 -0.005784 -0.028694 -0.929329 0.000000 
8.000162e-02 1.003095e-01 9.749796e-02 8.409453e-02 1.000000e-01 1.597501e+00 -0.991777 0.026277 0.217766 0.694961 0.042156 0.010616 0.991777 -0.005784 -0.028694 -0.929329 0.000000 
8.000162e-02 1.003095e-01 9.749796e-02 8.409453e-02 1.000000e-01 1.597501e+00 -0.991777 0.026277 0.217766 0.694961 0.042156 0.010616 0.991777 -0.005784 -0.028694 -0.929329 0.000000 
8.000162e-02 1.003095e-01 9.749796e-02 8.409453e-02 1.000000e-01 1.597501e+00 -0.991777 0.026277 0.217766 0.694961 0.042156 0.010616 0.991777 -0.005784 -0.028694 -0.929329 0.000000 
8.000162e-02 1.003095e-01 9.749796e-02 8.409453e-02 1.000000e-01 1.597501e+00 -0.991777 0.026277 0.217766 0.694961 0.042156 0.010616 0.991777 -0.005784 -0.028694 -0.929329 0.000000 
8.000162e-02 1.003095e-01 9.749796e-02 8.409453e-02 1.000000e-01 1.597501e+00 -0.991777 0.026277 0.217766 0.694961 0.042156 0.010616 0.991777 -0.005784 -0.028694 -0.929329 0.000000 
8.000162e-02 1.003095e-01 9.749796e-02 8.409453e-02 1.000000e-01 1.597501e+00 -0.991777 0.026277 0.217766 0.694961 0.042156 0.010616 0.991777 -0.005784 -0.028694 -0.929329 0.000000 
8.000162e-02 1.003095e-01 9.749796e-02 8.409453e-02 1.000000e-01 1.597501e+00 -0.991777 0.026277 0.217766 0.694961 0.042156 0.010616 0.991777 -0.005784 -0.028694 -0.929329 0.000000 
8.000162e-02 1.003095e-01 9.749796e-02 8.409453e-02 1.000000e-01 1.597501e+00 -0.991777 0.026277 0.217766 0.694961 0.042156 0.010616 0.991777 -0.005784 -0.028694 -0.929329 0.000000 
8.000162e-02 1.003095e-01 9.749796e-02 8.409453e-02 1.000000e-01 1.597501e+00 -0.991777 0.026277 0.217766 0.694961 0.042156 0.010616 0.991777 -0.005784 -0.028694 -0.929329 0.000000 
8.000162e-02 1.003095e-01 9.749796e-02 8.409453e-02 1.000000e-01 1.597501e+00 -0.991777 0.026277 0.217766 0.694961 0.042156 0.010616 0.991777 -0.005784 -0.028694 -0.929329 0.000000 
8.000162e-02 1.003095e-01 9.749796e-02 8.409453e-02 1.000000e-01 1.597501e+00 -0.991777 0.026277 0.217766 0.694961 0.042156 0.010616 0.991777 -0.005784 -0.028694 -0.929329 0.000000 
8.000162e-02 1.003095e-01 9.749796e-02 8.409453e-02 1.000000e-01 1.597501e+00 -0.991777 0.026277 0.217766 0.694961 0.042156 0.010616 0.991777 -0.005784 -0.028694 -0.929329 0.000000 
8.000162e-02 1.003095e-01 9.749796e-02 8.409453e-02 1.000000e-01 1.597501e+00 -0.991777 0.026277 0.217766 0.694961 0.042156 0.010616 0.991777 -0.005784 -0.028694 -0.929329 0.000000 
8.000162e-02 1.003095e-01 9.749796e-02 8.409453e-02 1.000000e-01 1.597501e+00 -0.991777 0.026277 0.217766 0.694961 0.042156 0.010616 0.991777 -0.005784 -0.028694 -0.929329 0.000000 
8.000162e-02 1.003095e-01 9.749796e-02 8.409453e-02 1.000000e-01 1.597501e+00 -0.991777 0.026277 0.217766 0.694961 0.042156 0.010616 0.991777 -0.005784 -0.028694 -0.929329 0.000000 
8.000162e-02 1.003095e-01 9.749796e-02 8.409453e-02 1.000000e-01 1.597501e+00 -0.991777 0.026277 0.217766 0.694961 0.042156 0.010616 0.991777 -0.005784 -0.028694 -0.929329 0.000000 
8.000162e-02 1.003095e-01 9.749796e-02 8.409453e-02 1.000000e-01 1.597501e+00 -0.991777 0.026277 0.217766 0.694961 0.042156 0.010616 0.991777 -0.005784 -0.028694 -0.929329 0.000000 
8.000162e-02 1.003095e-01 9.749796e-02 8.409453e-02 1.000000e-01 1.597501e+00 -0.991777 0.026277 0.217766 0.694961 0.042156 0.010616 0.991777 -0.005784 -0.028694 -0.929329 0.000000 
8.000162e-02 1.003095e-01 9.749796e-02 8.409453e-02 1.000000e-01 1.597501e+00 -0.991777 0.026277 0.217766 0.694961 0.042156 0.010616 0.991777 -0.005784 -0.028694 -0.929329 0.000000 
8.000162e-02 1.003095e-01 9.749796e-02 8.409453e-02 1.000000e-01 1.597501e+00 -0.991777 0.026277 0.217766 0.694961 0.042156 0.010616 0.991777 -0.005784 -0.028694 -0.929329 0.000000 
8.000162e-02 1.003095e-01 9.749796e-02 8.409453e-02 1.000000e-01 1.597501e+00 -0.991777 0.026277 0.217766 0.694961 0.042156 0.010616 0.991777 -0.005784 -0.028694 -0.929329 0.000000 
8.000162e-02 1.003095e-01 9.749796e-02 8.409453e-02 1.000000e-01 1.597501e+00 -0.991777 0.026277 0.217766 0.694961 0.042156 0.010616 0.991777 -0.005784 -0.028694 -0.929329 0.000000 
8.000162e-02 1.003095e-01 9.749796e-02 8.409453e-02 1.000000e-01 1.597501e+00 -0.991777 0.026277 0.217766 0.694961 0.042156 0.010616 0.991777 -0.005784 -0.028694 -0.929329 0.000000 
8.000162e-02 1.003095e-01 9.749796e-02 8.409453e-02 1.000000e-01 1.597501e+00 -0.991777 0.026277 0.217766 0.694961 0.042156 0.010616 0.991777 -0.005784 -0.028694 -0.929329 0.000000 
8.000162e-02 1.003095e-01 9.749796e-02 8.409453e-02 1.000000e-01 1.597501e+00 -0.991777 0.026277 0.217766 0.694961 0.042156 0.010616 0.991777 -0.005784 -0.028694 -0.929329 0.000000 
8.000162e-02 1.003095e-01 9.749796e-02 8.409453e-02 1.000000e-01 1.597501e+00 -0.991777 0.026277 0.217766 0.694961 0.042156 0.010616 0.991777 -0.005784 -0.028694 -0.929329 0.000000 
8.000162e-02 1.003095e-01 9.749796e-02 8.409453e-02 1.000000e-01 1.597501e+00 -0.991777 0.026277 0.217766 0.694961 0.042156 0.010616 0.991777 -0.005784 -0.028694 -0.929329 0.000000 
8.000162e-02 1.003095e-01 9.749796e-02 8.409453e-02 1.000000e-01 1.597501e+00 -0.991777 0.026277 0.217766 0.694961 0.042156 0.010616 0.991777 -0.005784 -0.028694 -0.929329 0.000000 
8.000162e-02 1.003095e-01 9.749796e-02 8.409453e-02 1.000000e-01 1.597501e+00 -0.991777 0.026277 0.217766 0.694961 0.042156 0.010616 0.991777 -0.005784 -0.028694 -0.929329 0.000000 
8.000162e-02 1.003095e-01 9.749796e-02 8.409453e-02 1.000000e-01 1.597501e+00 -0.991777 0.026277 0.217766 0.694961 0.042156 0.010616 0.991777 -0.005784 -0.028694 -0.929329 0.000000 
8.000162e-02 1.003095e-01 9.749796e-02 8.409453e-02 1.000000e-01 1.597501e+00 -0.991777 0.026277 0.217766 0.694961 0.042156 0.010616 0.991777 -0.005784 -0.028694 -0.929329 0.000000 
8.000162e-02 1.003095e-01 9.749796e-02 8.409453e-02 1.000000e-01 1.597501e+00 -0.991777 0.026277 0.217766 0.694961 0.042156 0.010616 0.991777 -0.005784 -0.028694 -0.929329 0.000000 
8.000162e-02 1.003095e-01 9.749796e-02 8.409453e-02 1.000000e-01 1.597501e+00 -0.991777 0.026277 0.217766 0.694961 0.042156 0.010616 0.991777 -0.005784 -0.028694 -0.929329 0.000000 
8.000162e-02 1.003095e-01 9.749796e-02 8.409453e-02 1.000000e-01 1.597501e+00 -0.991777 0.026277 0.217766 0.694961 0.042156 0.010616 0.991777 -0.005784 -0.028694 -0.929329 0.000000 
8.000162e-02 1.003095e-01 9.749796e-02 8.409453e-02 1.000000e-01 1.597501e+00 -0.991777 0.026277 0.217766 0.694961 0.042156 0.010616 0.991777 -0.005784 -0.028694 -0.929329 0.000000 
8.000162e-02 1.003095e-01 9.749796e-02 8.409453e-02 1.000000e-01 1.597501e+00 -0.991777 0.026277 0.217766 0.694961 0.042156 0.010616 0.991777 -0.005784 -0.028694 -0.929329 0.000000 
8.000162e-02 1.003095e-01 9.749796e-02 8.409453e-02 1.000000e-01 1.597501e+00 -0.991777 0.026277 0.217766 0.694961 0.042156 0.010616 0.991777 -0.005784 -0.028694 -0.929329 0.000000 
8.000162e-02 1.003095e-01 9.749796e-02 8.409453e-02 1.000000e-01 1.597501e+00 -0.991777 0.026277 0.217766 0.694961 0.042156 0.010616 0.991777 -0.005784 -0.028694 -0.929329 0.000000 
8.000162e-02 1.003095e-01 9.749796e-02 8.409453e-02 1.000000e-01 1.597501e+00 -0.991777 0.026277 0.217766 0.694961 0.042156 0.010616 0.991777 -0.005784 -0.028694 -0.929329 0.000000 
8.000162e-02 1.003095e-01 9.749796e-02 8.409453e-02 1.000000e-01 1.597501e+00 -0.991777 0.026277 0.217766 0.694961 0.042156 0.010616 0.991777 -0.005784 -0.028694 -0.929329 0.000000 
8.000162e-02 1.003095e-01 9.749796e-02 8.409453e-02 1.000000e-01 1.597501e+00 -0.991777 0.026277 0.217766 0.694961 0.042156 0.010616 0.991777 -0.005784 -0.028694 -0.929329 0.000000 
8.000162e-02 1.003095e-01 9.749796e-02 8.409453e-02 1.000000e-01 1.597501e+00 -0.991777 0.026277 0.217766 0.694961 0.042156 0.010616 0.991777 -0.005784 -0.028694 -0.929329 0.000000 
8.000162e-02 1.003095e-01 9.749796e-02 8.409453e-02 1.000000e-01 1.597501e+00 -0.991777 0.026277 0.217766 0.694961 0.042156 0.010616 0.991777 -0.005784 -0.028694 -0.929329 0.000000 
8.000162e-02 1.003095e-01 9.749796e-02 8.409453e-02 1.000000e-01 1.597501e+00 -0.991777 0.026277 0.217766 0.694961 0.042156 0.010616 0.991777 -0.005784 -0.028694 -0.929329 0.000000 
8.000162e-02 1.003095e-01 9.749796e-02 8.409453e-02 1.000000e-01 1.597501e+00 -0.991777 0.026277 0.217766 0.694961 0.042156 0.010616 0.991777 -0.005784 -0.028694 -0.929329 0.000000 
8.000162e-02 1.003095e-01 9.749796e-02 8.409453e-02 1.000000e-01 1.597501e+00 -0.991777 0.026277 0.217766 0.694961 0.042156 0.010616 0.991777 -0.005784 -0.028694 -0.929329 0.000000 
8.000162e-02 1.003095e-01 9.749796e-02 8.409453e-02 1.000000e-01 1.597501e+00 -0.991777 0.026277 0.217766 0.694961 0.042156 0.010616 0.991777 -0.005784 -0.028694 -0.929329 0.000000 
8.000162e-02 1.003095e-01 9.749796e-02 8.409453e-02 1.000000e-01 1.597501e+00 -0.991777 0.026277 0.217766 0.694961 0.042156 0.010616 0.991777 -0.005784 -0.028694 -0.929329 0.000000 
8.000162e-02 1.003095e-01 9.749796e-02 8.409453e-02 1.000000e-01 1.597501e+00 -0.991777 0.026277 0.217766 0.694961 0.042156 0.010616 0.991777 -0.005784 -0.028694 -0.929329 0.000000 
8.000162e-02 1.003095e-01 9.749796e-02 8.409453e-02 1.000000e-01 1.597501e+00 -0.991777 0.026277 0.217766 0.694961 0.042156 0.010616 0.991777 -0.005784 -0.028694 -0.929329 0.000000 
8.000162e-02 1.003095e-01 9.749796e-02 8.409453e-02 1.000000e-01 1.597501e+00 -0.991777 0.026277 0.217766 0.694961 0.042156 0.010616 0.991777 -0.005784 -0.028694 -0.929329 0.000000 
8.000162e-02 1.003095e-01 9.749796e-02 8.409453e-02 1.000000e-01 1.597501e+00 -0.991777 0.026277 0.217766 0.694961 0.042156 0.010616 0.991777 -0.005784 -0.028694 -0.929329 0.000000 
8.000162e-02 1.003095e-01 9.749796e-02 8.409453e-02 1.000000e-01 1.597501e+00 -0.991777 0.026277 0.217766 0.694961 0.042156 0.010616 0.991777 -0.005784 -0.028694 -0.929329 0.000000 
8.000162e-02 1.003095e-01 9.749796e-02 8.409453e-02 1.000000e-01 1.597501e+00 -0.991777 0.026277 0.217766 0.694961 0.042156 0.010616 0.991777 -0.005784 -0.028694 -0.929329 0.000000 
8.000162e-02 1.003095e-01 9.749796e-02 8.409453e-02 1.000000e-01 1.597501e+00 -0.991777 0.026277 0.217766 0.694961 0.042156 0.010616 0.991777 -0.005784 -0.028694 -0.929329 0.000000 
8.000162e-02 1.003095e-01 9.749796e-02 8.409453e-02 1.000000e-01 1.597501e+00 -0.991777 0.026277 0.217766 0.694961 0.042156 0.010616 0.991777 -0.005784 -0.028694 -0.929329 0.000000 
8.000162e-02 1.003095e-01 9.749796e-02 8.409453e-02 1.000000e-01 1.597501e+00 -0.991777 0.026277 0.217766 0.694961 0.042156 0.010616 0.991777 -0.005784 -0.028694 -0.929329 0.000000 
8.000162e-02 1.003095e-01 9.749796e-02 8.409453e-02 1.000000e-01 1.597501e+00 -0.991777 0.026277 0.217766 0.694961 0.042156 0.010616 0.991777 -0.005784 -0.028694 -0.929329 0.000000 
8.000162e-02 1.003095e-01 9.749796e-02 8.409453e-02 1.000000e-01 1.597501e+00 -0.991777 0.026277 0.217766 0.694961 0.042156 0.010616 0.991777 -0.005784 -0.028694 -0.929329 0.000000 
8.000162e-02 1.003095e-01 9.749796e-02 8.409453e-02 1.000000e-01 1.597501e+00 -0.991777 0.026277 0.217766 0.694961 0.042156 0.010616 0.991777 -0.005784 -0.028694 -0.929329 0.000000 
8.000162e-02 1.003095e-01 9.749796e-02 8.409453e-02 1.000000e-01 1.597501e+00 -0.991777 0.026277 0.217766 0.694961 0.042156 0.010616 0.991777 -0.005784 -0.028694 -0.929329 0.000000 
8.000162e-02 1.003095e-01 9.749796e-02 8.409453e-02 1.000000e-01 1.597501e+00 -0.991777 0.026277 0.217766 0.694961 0.042156 0.010616 0.991777 -0.005784 -0.028694 -0.929329 0.000000 
8.000162e-02 1.003095e-01 9.749796e-02 8.409453e-02 1.000000e-01 1.597501e+00 -0.991777 0.026277 0.217766 0.694961 0.042156 0.010616 0.991777 -0.005784 -0.028694 -0.929329 0.000000 
8.000162e-02 1.003095e-01 9.749796e-02 8.409453e-02 1.000000e-01 1.597501e+00 -0.991777 0.026277 0.217766 0.694961 0.042156 0.010616 0.991777 -0.005784 -0.028694 -0.929329 0.000000 
8.000162e-02 1.003095e-01 9.749796e-02 8.409453e-02 1.000000e-01 1.597501e+00 -0.991777 0.026277 0.217766 0.694961 0.042156 0.010616 0.991777 -0.005784 -0.028694 -0.929329 0.000000 
8.000162e-02 1.003095e-01 9.749796e-02 8.409453e-02 1.000000e-01 1.597501e+00 -0.991777 0.026277 0.217766 0.694961 0.042156 0.010616 0.991777 -0.005784 -0.028694 -0.929329 0.000000 
8.000162e-02 1.003095e-01 9.749796e-02 8.409453e-02 1.000000e-01 1.597501e+00 -0.991777 0.026277 0.217766 0.694961 0.042156 0.010616 0.991777 -0.005784 -0.028694 -0.929329 0.000000 
8.000162e-02 1.003095e-01 9.749796e-02 8.409453e-02 1.000000e-01 1.597501e+00 -0.991777 0.026277 0.217766 0.694961 0.042156 0.010616 0.991777 -0.005784 -0.028694 -0.929329 0.000000 
8.000162e-02 1.003095e-01 9.749796e-02 8.409453e-02 1.000000e-01 1.597501e+00 -0.991777 0.026277 0.217766 0.694961 0.042156 0.010616 0.991777 -0.005784 -0.028694 -0.929329 0.000000 
8.000162e-02 1.003095e-01 9.749796e-02 8.409453e-02 1.000000e-01 1.597501e+00 -0.991777 0.026277 0.217766 0.694961 0.042156 0.010616 0.991777 -0.005784 -0.028694 -0.929329 0.000000 
8.000162e-02 1.003095e-01 9.749796e-02 8.409453e-02 1.000000e-01 1.597501e+00 -0.991777 0.026277 0.217766 0.694961 0.042156 0.010616 0.991777 -0.005784 -0.028694 -0.929329 0.000000 
8.000162e-02 1.003095e-01 9.749796e-02 8.409453e-02 1.000000e-01 1.597501e+00 -0.991777 0.026277 0.217766 0.694961 0.042156 0.010616 0.991777 -0.005784 -0.028694 -0.929329 0.000000 
8.000162e-02 1.003095e-01 9.749796e-02 8.409453e-02 1.000000e-01 1.597501e+00 -0.991777 0.026277 0.217766 0.694961 0.042156 0.010616 0.991777 -0.005784 -0.028694 -0.929329 0.000000 
8.000162e-02 1.003095e-01 9.749796e-02 8.409453e-02 1.000000e-01 1.597501e+00 -0.991777 0.026277 0.217766 0.694961 0.042156 0.010616 0.991777 -0.005784 -0.028694 -0.929329 0.000000 
8.000162e-02 1.003095e-01 9.749796e-02 8.409453e-02 1.000000e-01 1.597501e+00 -0.991777 0.026277 0.217766 0.694961 0.042156 0.010616 0.991777 -0.005784 -0.028694 -0.929329 0.000000 
8.000162e-02 1.003095e-01 9.749796e-02 8.409453e-02 1.000000e-01 1.597501e+00 -0.991777 0.026277 0.217766 0.694961 0.042156 0.010616 0.991777 -0.005784 -0.028694 -0.929329 0.000000 
8.000162e-02 1.003095e-01 9.749796e-02 8.409453e-02 1.000000e-01 1.597501e+00 -0.991777 0.026277 0.217766 0.694961 0.042156 0.010616 0.991777 -0.005784 -0.028694 -0.929329 0.000000 
8.000162e-02 1.003095e-01 9.749796e-02 8.409453e-02 1.000000e-01 1.597501e+00 -0.991777 0.026277 0.217766 0.694961 0.042156 0.010616 0.991777 -0.005784 -0.028694 -0.929329 0.000000 
8.000162e-02 1.003095e-01 9.749796e-02 8.409453e-02 1.000000e-01 1.597501e+00 -0.991777 0.026277 0.217766 0.694961 0.042156 0.010616 0.991777 -0.005784 -0.028694 -0.929329 0.000000 
8.000162e-02 1.003095e-01 9.749796e-02 8.409453e-02 1.000000e-01 1.597501e+00 -0.991777 0.026277 0.217766 0.694961 0.042156 0.010616 0.991777 -0.005784 -0.028694 -0.929329 0.000000 
8.000162e-02 1.003095e-01 9.749796e-02 8.409453e-02 1.000000e-01 1.597501e+00 -0.991777 0.026277 0.217766 0.694961 0.042156 0.010616 0.991777 -0.005784 -0.028694 -0.929329 0.000000 
8.000162e-02 1.003095e-01 9.749796e-02 8.409453e-02 1.000000e-01 1.597501e+00 -0.991777 0.026277 0.217766 0.694961 0.042156 0.010616 0.991777 -0.005784 -0.028694 -0.929329 0.000000 
8.000162e-02 1.003095e-01 9.749796e-02 8.409453e-02 1.000000e-01 1.597501e+00 -0.991777 0.026277 0.217766 0.694961 0.042156 0.010616 0.991777 -0.005784 -0.028694 -0.929329 0.000000 
8.000162e-02 1.003095e-01 9.749796e-02 8.409453e-02 1.000000e-01 1.597501e+00 -0.991777 0.026277 0.217766 0.694961 0.042156 0.010616 0.991777 -0.005784 -0.028694 -0.929329 0.000000 
8.000162e-02 1.003095e-01 9.749796e-02 8.409453e-02 1.000000e-01 1.597501e+00 -0.991777 0.026277 0.217766 0.694961 0.042156 0.010616 0.991777 -0.005784 -0.028694 -0.929329 0.000000 
8.000162e-02 1.003095e-01 9.749796e-02 8.409453e-02 1.000000e-01 1.597501e+00 -0.991777 0.026277 0.217766 0.694961 0.042156 0.010616 0.991777 -0.005784 -0.028694 -0.929329 0.000000 
8.000162e-02 1.003095e-01 9.749796e-02 8.409453e-02 1.000000e-01 1.597501e+00 -0.991777 0.026277 0.217766 0.694961 0.042156 0.010616 0.991777 -0.005784 -0.028694 -0.929329 0.000000 
8.000162e-02 1.003095e-01 9.749796e-02 8.409453e-02 1.000000e-01 1.597501e+00 -0.991777 0.026277 0.217766 0.694961 0.042156 0.010616 0.991777 -0.005784 -0.028694 -0.929329 0.000000 
8.000162e-02 1.003095e-01 9.749796e-02 8.409453e-02 1.000000e-01 1.597501e+00 -0.991777 0.026277 0.217766 0.694961 0.042156 0.010616 0.991777 -0.005784 -0.028694 -0.929329 0.000000 
8.000162e-02 1.003095e-01 9.749796e-02 8.409453e-02 1.000000e-01 1.597501e+00 -0.991777 0.026277 0.217766 0.694961 0.042156 0.010616 0.991777 -0.005784 -0.028694 -0.929329 0.000000 
8.000162e-02 1.003095e-01 9.749796e-02 8.409453e-02 1.000000e-01 1.597501e+00 -0.991777 0.026277 0.217766 0.694961 0.042156 0.010616 0.991777 -0.005784 -0.028694 -0.929329 0.000000 
8.000162e-02 1.003095e-01 9.749796e-02 8.409453e-02 1.000000e-01 1.597501e+00 -0.991777 0.026277 0.217766 0.694961 0.042156 0.010616 0.991777 -0.005784 -0.028694 -0.929329 0.000000 
8.000162e-02 1.003095e-01 9.749796e-02 8.409453e-02 1.000000e-01 1.597501e+00 -0.991777 0.026277 0.217766 0.694961 0.042156 0.010616 0.991777 -0.005784 -0.028694 -0.929329 0.000000 
8.000162e-02 1.003095e-01 9.749796e-02 8.409453e-02 1.000000e-01 1.597501e+00 -0.991777 0.026277 0.217766 0.694961 0.042156 0.010616 0.991777 -0.005784 -0.028694 -0.929329 0.000000 
8.000162e-02 1.003095e-01 9.749796e-02 8.409453e-02 1.000000e-01 1.597501e+00 -0.991777 0.026277 0.217766 0.694961 0.042156 0.010616 0.991777 -0.005784 -0.028694 -0.929329 0.000000 
8.000162e-02 1.003095e-01 9.749796e-02 8.409453e-02 1.000000e-01 1.597501e+00 -0.991777 0.026277 0.217766 0.694961 0.042156 0.010616 0.991777 -0.005784 -0.028694 -0.929329 0.000000 
8.000162e-02 1.003095e-01 9.749796e-02 8.409453e-02 1.000000e-01 1.597501e+00 -0.991777 0.026277 0.217766 0.694961 0.042156 0.010616 0.991777 -0.005784 -0.028694 -0.929329 0.000000 
8.000162e-02 1.003095e-01 9.749796e-02 8.409453e-02 1.000000e-01 1.597501e+00 -0.991777 0.026277 0.217766 0.694961 0.042156 0.010616 0.991777 -0.005784 -0.028694 -0.929329 0.000000 
8.000162e-02 1.003095e-01 9.749796e-02 8.409453e-02 1.000000e-01 1.597501e+00 -0.991777 0.026277 0.217766 0.694961 0.042156 0.010616 0.991777 -0.005784 -0.028694 -0.929329 0.000000 
8.000162e-02 1.003095e-01 9.749796e-02 8.409453e-02 1.000000e-01 1.597501e+00 -0.991777 0.026277 0.217766 0.694961 0.042156 0.010616 0.991777 -0.005784 -0.028694 -0.929329 0.000000 
8.000162e-02 1.003095e-01 9.749796e-02 8.409453e-02 1.000000e-01 1.597501e+00 -0.991777 0.026277 0.217766 0.694961 0.042156 0.010616 0.991777 -0.005784 -0.028694 -0.929329 0.000000 
8.000162e-02 1.003095e-01 9.749796e-02 8.409453e-02 1.000000e-01 1.597501e+00 -0.991777 0.026277 0.217766 0.694961 0.042156 0.010616 0.991777 -0.005784 -0.028694 -0.929329 0.000000 
8.000162e-02 1.003095e-01 9.749796e-02 8.409453e-02 1.000000e-01 1.597501e+00 -0.991777 0.026277 0.217766 0.694961 0.042156 0.010616 0.991777 -0.005784 -0.028694 -0.929329 0.000000 
8.000162e-02 1.003095e-01 9.749796e-02 8.409453e-02 1.000000e-01 1.597501e+00 -0.991777 0.026277 0.217766 0.694961 0.042156 0.010616 0.991777 -0.005784 -0.028694 -0.929329 0.000000 
8.000162e-02 1.003095e-01 9.749796e-02 8.409453e-02 1.000000e-01 1.597501e+00 -0.991777 0.026277 0.217766 0.694961 0.042156 0.010616 0.991777 -0.005784 -0.028694 -0.929329 0.000000 
8.000162e-02 1.003095e-01 9.749796e-02 8.409453e-02 1.000000e-01 1.597501e+00 -0.991777 0.026277 0.217766 0.694961 0.042156 0.010616 0.991777 -0.005784 -0.028694 -0.929329 0.000000 
8.000162e-02 1.003095e-01 9.749796e-02 8.409453e-02 1.000000e-01 1.597501e+00 -0.991777 0.026277 0.217766 0.694961 0.042156 0.010616 0.991777 -0.005784 -0.028694 -0.929329 0.000000 
8.000162e-02 1.003095e-01 9.749796e-02 8.409453e-02 1.000000e-01 1.597501e+00 -0.991777 0.026277 0.217766 0.694961 0.042156 0.010616 0.991777 -0.005784 -0.028694 -0.929329 0.000000 
8.000162e-02 1.003095e-01 9.749796e-02 8.409453e-02 1.000000e-01 1.597501e+00 -0.991777 0.026277 0.217766 0.694961 0.042156 0.010616 0.991777 -0.005784 -0.028694 -0.929329 0.000000 
8.000162e-02 1.003095e-01 9.749796e-02 8.409453e-02 1.000000e-01 1.597501e+00 -0.991777 0.026277 0.217766 0.694961 0.042156 0.010616 0.991777 -0.005784 -0.028694 -0.929329 0.000000 
8.000162e-02 1.003095e-01 9.749796e-02 8.409453e-02 1.000000e-01 1.597501e+00 -0.991777 0.026277 0.217766 0.694961 0.042156 0.010616 0.991777 -0.005784 -0.028694 -0.929329 0.000000 
8.000162e-02 1.003095e-01 9.749796e-02 8.409453e-02 1.000000e-01 1.597501e+00 -0.991777 0.026277 0.217766 0.694961 0.042156 0.010616 0.991777 -0.005784 -0.028694 -0.929329 0.000000 
8.000162e-02 1.003095e-01 9.749796e-02 8.409453e-02 1.000000e-01 1.597501e+00 -0.991777 0.026277 0.217766 0.694961 0.042156 0.010616 0.991777 -0.005784 -0.028694 -0.929329 0.000000 
8.000162e-02 1.003095e-01 9.749796e-02 8.409453e-02 1.000000e-01 1.597501e+00 -0.991777 0.026277 0.217766 0.694961 0.042156 0.010616 0.991777 -0.005784 -0.028694 -0.929329 0.000000 
8.000162e-02 1.003095e-01 9.749796e-02 8.409453e-02 1.000000e-01 1.597501e+00 -0.991777 0.026277 0.217766 0.694961 0.042156 0.010616 0.991777 -0.005784 -0.028694 -0.929329 0.000000 
8.000162e-02 1.003095e-01 9.749796e-02 8.409453e-02 1.000000e-01 1.597501e+00 -0.991777 0.026277 0.217766 0.694961 0.042156 0.010616 0.991777 -0.005784 -0.028694 -0.929329 0.000000 
8.000162e-02 1.003095e-01 9.749796e-02 8.409453e-02 1.000000e-01 1.597501e+00 -0.991777 0.026277 0.217766 0.694961 0.042156 0.010616 0.991777 -0.005784 -0.028694 -0.929329 0.000000 
8.000162e-02 1.003095e-01 9.749796e-02 8.409453e-02 1.000000e-01 1.597501e+00 -0.991777 0.026277 0.217766 0.694961 0.042156 0.010616 0.991777 -0.005784 -0.028694 -0.929329 0.000000 
8.000162e-02 1.003095e-01 9.749796e-02 8.409453e-02 1.000000e-01 1.597501e+00 -0.991777 0.026277 0.217766 0.694961 0.042156 0.010616 0.991777 -0.005784 -0.028694 -0.929329 0.000000 
8.000162e-02 1.003095e-01 9.749796e-02 8.409453e-02 1.000000e-01 1.597501e+00 -0.991777 0.026277 0.217766 0.694961 0.042156 0.010616 0.991777 -0.005784 -0.028694 -0.929329 0.000000 
8.000162e-02 1.003095e-01 9.749796e-02 8.409453e-02 1.000000e-01 1.597501e+00 -0.991777 0.026277 0.217766 0.694961 0.042156 0.010616 0.991777 -0.005784 -0.028694 -0.929329 0.000000 
8.000162e-02 1.003095e-01 9.749796e-02 8.409453e-02 1.000000e-01 1.597501e+00 -0.991777 0.026277 0.217766 0.694961 0.042156 0.010616 0.991777 -0.005784 -0.028694 -0.929329 0.000000 
8.000162e-02 1.003095e-01 9.749796e-02 8.409453e-02 1.000000e-01 1.597501e+00 -0.991777 0.026277 0.217766 0.694961 0.042156 0.010616 0.991777 -0.005784 -0.028694 -0.929329 0.000000 
8.000162e-02 1.003095e-01 9.749796e-02 8.409453e-02 1.000000e-01 1.597501e+00 -0.991777 0.026277 0.217766 0.694961 0.042156 0.010616 0.991777 -0.005784 -0.028694 -0.929329 0.000000 
8.000162e-02 1.003095e-01 9.749796e-02 8.409453e-02 1.000000e-01 1.597501e+00 -0.991777 0.026277 0.217766 0.694961 0.042156 0.010616 0.991777 -0.005784 -0.028694 -0.929329 0.000000 
8.000162e-02 1.003095e-01 9.749796e-02 8.409453e-02 1.000000e-01 1.597501e+00 -0.991777 0.026277 0.217766 0.694961 0.042156 0.010616 0.991777 -0.005784 -0.028694 -0.929329 0.000000 
8.000162e-02 1.003095e-01 9.749796e-02 8.409453e-02 1.000000e-01 1.597501e+00 -0.991777 0.026277 0.217766 0.694961 0.042156 0.010616 0.991777 -0.005784 -0.028694 -0.929329 0.000000 
8.000162e-02 1.003095e-01 9.749796e-02 8.409453e-02 1.000000e-01 1.597501e+00 -0.991777 0.026277 0.217766 0.694961 0.042156 0.010616 0.991777 -0.005784 -0.028694 -0.929329 0.000000 
8.000162e-02 1.003095e-01 9.749796e-02 8.409453e-02 1.000000e-01 1.597501e+00 -0.991777 0.026277 0.217766 0.694961 0.042156 0.010616 0.991777 -0.005784 -0.028694 -0.929329 0.000000 
8.000162e-02 1.003095e-01 9.749796e-02 8.409453e-02 1.000000e-01 1.597501e+00 -0.991777 0.026277 0.217766 0.694961 0.042156 0.010616 0.991777 -0.005784 -0.028694 -0.929329 0.000000 
8.000162e-02 1.003095e-01 9.749796e-02 8.409453e-02 1.000000e-01 1.597501e+00 -0.991777 0.026277 0.217766 0.694961 0.042156 0.010616 0.991777 -0.005784 -0.028694 -0.929329 0.000000 
8.000162e-02 1.003095e-01 9.749796e-02 8.409453e-02 1.000000e-01 1.597501e+00 -0.991777 0.026277 0.217766 0.694961 0.042156 0.010616 0.991777 -0.005784 -0.028694 -0.929329 0.000000 
8.000162e-02 1.003095e-01 9.749796e-02 8.409453e-02 1.000000e-01 1.597501e+00 -0.991777 0.026277 0.217766 0.694961 0.042156 0.010616 0.991777 -0.005784 -0.028694 -0.929329 0.000000 
8.000162e-02 1.003095e-01 9.749796e-02 8.409453e-02 1.000000e-01 1.597501e+00 -0.991777 0.026277 0.217766 0.694961 0.042156 0.010616 0.991777 -0.005784 -0.028694 -0.929329 0.000000 
8.000162e-02 1.003095e-01 9.749796e-02 8.409453e-02 1.000000e-01 1.597501e+00 -0.991777 0.026277 0.217766 0.694961 0.042156 0.010616 0.991777 -0.005784 -0.028694 -0.929329 0.000000 
8.000162e-02 1.003095e-01 9.749796e-02 8.409453e-02 1.000000e-01 1.597501e+00 -0.991777 0.026277 0.217766 0.694961 0.042156 0.010616 0.991777 -0.005784 -0.028694 -0.929329 0.000000 
8.000162e-02 1.003095e-01 9.749796e-02 8.409453e-02 1.000000e-01 1.597501e+00 -0.991777 0.026277 0.217766 0.694961 0.042156 0.010616 0.991777 -0.005784 -0.028694 -0.929329 0.000000 
8.000162e-02 1.003095e-01 9.749796e-02 8.409453e-02 1.000000e-01 1.597501e+00 -0.991777 0.026277 0.217766 0.694961 0.042156 0.010616 0.991777 -0.005784 -0.028694 -0.929329 0.000000 
8.000162e-02 1.003095e-01 9.749796e-02 8.409453e-02 1.000000e-01 1.597501e+00 -0.991777 0.026277 0.217766 0.694961 0.042156 0.010616 0.991777 -0.005784 -0.028694 -0.929329 0.000000 
8.000162e-02 1.003095e-01 9.749796e-02 8.409453e-02 1.000000e-01 1.597501e+00 -0.991777 0.026277 0.217766 0.694961 0.042156 0.010616 0.991777 -0.005784 -0.028694 -0.929329 0.000000 
8.000162e-02 1.003095e-01 9.749796e-02 8.409453e-02 1.000000e-01 1.597501e+00 -0.991777 0.026277 0.217766 0.694961 0.042156 0.010616 0.991777 -0.005784 -0.028694 -0.929329 0.000000 
8.000162e-02 1.003095e-01 9.749796e-02 8.409453e-02 1.000000e-01 1.597501e+00 -0.991777 0.026277 0.217766 0.694961 0.042156 0.010616 0.991777 -0.005784 -0.028694 -0.929329 0.000000 
8.000162e-02 1.003095e-01 9.749796e-02 8.409453e-02 1.000000e-01 1.597501e+00 -0.991777 0.026277 0.217766 0.694961 0.042156 0.010616 0.991777 -0.005784 -0.028694 -0.929329 0.000000 
8.000162e-02 1.003095e-01 9.749796e-02 8.409453e-02 1.000000e-01 1.597501e+00 -0.991777 0.026277 0.217766 0.694961 0.042156 0.010616 0.991777 -0.005784 -0.028694 -0.929329 0.000000 
8.000162e-02 1.003095e-01 9.749796e-02 8.409453e-02 1.000000e-01 1.597501e+00 -0.991777 0.026277 0.217766 0.694961 0.042156 0.010616 0.991777 -0.005784 -0.028694 -0.929329 0.000000 
8.000162e-02 1.003095e-01 9.749796e-02 8.409453e-02 1.000000e-01 1.597501e+00 -0.991777 0.026277 0.217766 0.694961 0.042156 0.010616 0.991777 -0.005784 -0.028694 -0.929329 0.000000 
8.000162e-02 1.003095e-01 9.749796e-02 8.409453e-02 1.000000e-01 1.597501e+00 -0.991777 0.026277 0.217766 0.694961 0.042156 0.010616 0.991777 -0.005784 -0.028694 -0.929329 0.000000 
8.000162e-02 1.003095e-01 9.749796e-02 8.409453e-02 1.000000e-01 1.597501e+00 -0.991777 0.026277 0.217766 0.694961 0.042156 0.010616 0.991777 -0.005784 -0.028694 -0.929329 0.000000 
8.000162e-02 1.003095e-01 9.749796e-02 8.409453e-02 1.000000e-01 1.597501e+00 -0.991777 0.026277 0.217766 0.694961 0.042156 0.010616 0.991777 -0.005784 -0.028694 -0.929329 0.000000 
8.000162e-02 1.003095e-01 9.749796e-02 8.409453e-02 1.000000e-01 1.597501e+00 -0.991777 0.026277 0.217766 0.694961 0.042156 0.010616 0.991777 -0.005784 -0.028694 -0.929329 0.000000 
8.000162e-02 1.003095e-01 9.749796e-02 8.409453e-02 1.000000e-01 1.597501e+00 -0.991777 0.026277 0.217766 0.694961 0.042156 0.010616 0.991777 -0.005784 -0.028694 -0.929329 0.000000 
8.000162e-02 1.003095e-01 9.749796e-02 8.409453e-02 1.000000e-01 1.597501e+00 -0.991777 0.026277 0.217766 0.694961 0.042156 0.010616 0.991777 -0.005784 -0.028694 -0.929329 0.000000 
8.000162e-02 1.003095e-01 9.749796e-02 8.409453e-02 1.000000e-01 1.597501e+00 -0.991777 0.026277 0.217766 0.694961 0.042156 0.010616 0.991777 -0.005784 -0.028694 -0.929329 0.000000 
8.000162e-02 1.003095e-01 9.749796e-02 8.409453e-02 1.000000e-01 1.597501e+00 -0.991777 0.026277 0.217766 0.694961 0.042156 0.010616 0.991777 -0.005784 -0.028694 -0.929329 0.000000 
8.000162e-02 1.003095e-01 9.749796e-02 8.409453e-02 1.000000e-01 1.597501e+00 -0.991777 0.026277 0.217766 0.694961 0.042156 0.010616 0.991777 -0.005784 -0.028694 -0.929329 0.000000 
8.000162e-02 1.003095e-01 9.749796e-02 8.409453e-02 1.000000e-01 1.597501e+00 -0.991777 0.026277 0.217766 0.694961 0.042156 0.010616 0.991777 -0.005784 -0.028694 -0.929329 0.000000 
8.000162e-02 1.003095e-01 9.749796e-02 8.409453e-02 1.000000e-01 1.597501e+00 -0.991777 0.026277 0.217766 0.694961 0.042156 0.010616 0.991777 -0.005784 -0.028694 -0.929329 0.000000 
8.000162e-02 1.003095e-01 9.749796e-02 8.409453e-02 1.000000e-01 1.597501e+00 -0.991777 0.026277 0.217766 0.694961 0.042156 0.010616 0.991777 -0.005784 -0.028694 -0.929329 0.000000 
8.000162e-02 1.003095e-01 9.749796e-02 8.409453e-02 1.000000e-01 1.597501e+00 -0.991777 0.026277 0.217766 0.694961 0.042156 0.010616 0.991777 -0.005784 -0.028694 -0.929329 0.000000 
8.000162e-02 1.003095e-01 9.749796e-02 8.409453e-02 1.000000e-01 1.597501e+00 -0.991777 0.026277 0.217766 0.694961 0.042156 0.010616 0.991777 -0.005784 -0.028694 -0.929329 0.000000 
8.000162e-02 1.003095e-01 9.749796e-02 8.409453e-02 1.000000e-01 1.597501e+00 -0.991777 0.026277 0.217766 0.694961 0.042156 0.010616 0.991777 -0.005784 -0.028694 -0.929329 0.000000 
8.000162e-02 1.003095e-01 9.749796e-02 8.409453e-02 1.000000e-01 1.597501e+00 -0.991777 0.026277 0.217766 0.694961 0.042156 0.010616 0.991777 -0.005784 -0.028694 -0.929329 0.000000 
8.000162e-02 1.003095e-01 9.749796e-02 8.409453e-02 1.000000e-01 1.597501e+00 -0.991777 0.026277 0.217766 0.694961 0.042156 0.010616 0.991777 -0.005784 -0.028694 -0.929329 0.000000 
8.000162e-02 1.003095e-01 9.749796e-02 8.409453e-02 1.000000e-01 1.597501e+00 -0.991777 0.026277 0.217766 0.694961 0.042156 0.010616 0.991777 -0.005784 -0.028694 -0.929329 0.000000 
8.000162e-02 1.003095e-01 9.749796e-02 8.409453e-02 1.000000e-01 1.597501e+00 -0.991777 0.026277 0.217766 0.694961 0.042156 0.010616 0.991777 -0.005784 -0.028694 -0.929329 0.000000 
8.000162e-02 1.003095e-01 9.749796e-02 8.409453e-02 1.000000e-01 1.597501e+00 -0.991777 0.026277 0.217766 0.694961 0.042156 0.010616 0.991777 -0.005784 -0.028694 -0.929329 0.000000 
8.000162e-02 1.003095e-01 9.749796e-02 8.409453e-02 1.000000e-01 1.597501e+00 -0.991777 0.026277 0.217766 0.694961 0.042156 0.010616 0.991777 -0.005784 -0.028694 -0.929329 0.000000 
8.000162e-02 1.003095e-01 9.749796e-02 8.409453e-02 1.000000e-01 1.597501e+00 -0.991777 0.026277 0.217766 0.694961 0.042156 0.010616 0.991777 -0.005784 -0.028694 -0.929329 0.000000 
8.000162e-02 1.003095e-01 9.749796e-02 8.409453e-02 1.000000e-01 1.597501e+00 -0.991777 0.026277 0.217766 0.694961 0.042156 0.010616 0.991777 -0.005784 -0.028694 -0.929329 0.000000 
8.000162e-02 1.003095e-01 9.749796e-02 8.409453e-02 1.000000e-01 1.597501e+00 -0.991777 0.026277 0.217766 0.694961 0.042156 0.010616 0.991777 -0.005784 -0.028694 -0.929329 0.000000 
8.000162e-02 1.003095e-01 9.749796e-02 8.409453e-02 1.000000e-01 1.597501e+00 -0.991777 0.026277 0.217766 0.694961 0.042156 0.010616 0.991777 -0.005784 -0.028694 -0.929329 0.000000 
8.000162e-02 1.003095e-01 9.749796e-02 8.409453e-02 1.000000e-01 1.597501e+00 -0.991777 0.026277 0.217766 0.694961 0.042156 0.010616 0.991777 -0.005784 -0.028694 -0.929329 0.000000 
8.000162e-02 1.003095e-01 9.749796e-02 8.409453e-02 1.000000e-01 1.597501e+00 -0.991777 0.026277 0.217766 0.694961 0.042156 0.010616 0.991777 -0.005784 -0.028694 -0.929329 0.000000 
8.000162e-02 1.003095e-01 9.749796e-02 8.409453e-02 1.000000e-01 1.597501e+00 -0.991777 0.026277 0.217766 0.694961 0.042156 0.010616 0.991777 -0.005784 -0.028694 -0.929329 0.000000 
8.000162e-02 1.003095e-01 9.749796e-02 8.409453e-02 1.000000e-01 1.597501e+00 -0.991777 0.026277 0.217766 0.694961 0.042156 0.010616 0.991777 -0.005784 -0.028694 -0.929329 0.000000 
8.000162e-02 1.003095e-01 9.749796e-02 8.409453e-02 1.000000e-01 1.597501e+00 -0.991777 0.026277 0.217766 0.694961 0.042156 0.010616 0.991777 -0.005784 -0.028694 -0.929329 0.000000 
8.000162e-02 1.003095e-01 9.749796e-02 8.409453e-02 1.000000e-01 1.597501e+00 -0.991777 0.026277 0.217766 0.694961 0.042156 0.010616 0.991777 -0.005784 -0.028694 -0.929329 0.000000 
8.000162e-02 1.003095e-01 9.749796e-02 8.409453e-02 1.000000e-01 1.597501e+00 -0.991777 0.026277 0.217766 0.694961 0.042156 0.010616 0.991777 -0.005784 -0.028694 -0.929329 0.000000 
8.000162e-02 1.003095e-01 9.749796e-02 8.409453e-02 1.000000e-01 1.597501e+00 -0.991777 0.026277 0.217766 0.694961 0.042156 0.010616 0.991777 -0.005784 -0.028694 -0.929329 0.000000 
8.000162e-02 1.003095e-01 9.749796e-02 8.409453e-02 1.000000e-01 1.597501e+00 -0.991777 0.026277 0.217766 0.694961 0.042156 0.010616 0.991777 -0.005784 -0.028694 -0.929329 0.000000 
8.000162e-02 1.003095e-01 9.749796e-02 8.409453e-02 1.000000e-01 1.597501e+00 -0.991777 0.026277 0.217766 0.694961 0.042156 0.010616 0.991777 -0.005784 -0.028694 -0.929329 0.000000 
8.000162e-02 1.003095e-01 9.749796e-02 8.409453e-02 1.000000e-01 1.597501e+00 -0.991777 0.026277 0.217766 0.694961 0.042156 0.010616 0.991777 -0.005784 -0.028694 -0.929329 0.000000 
8.000162e-02 1.003095e-01 9.749796e-02 8.409453e-02 1.000000e-01 1.597501e+00 -0.991777 0.026277 0.217766 0.694961 0.042156 0.010616 0.991777 -0.005784 -0.028694 -0.929329 0.000000 
