# TeX TeY TeZ ThX ThY THZ P1 P2
9.000000e-02 1.000000e-01 1.480000e+00 9.000000e-02 1.000000e-01 1.480000e+00 0.000000 0.000000 0.000000 0.000000 0.000000 0.000000 0.000000 0.000000 0.000000 0.000000 0.000000 
9.000189e-02 1.000000e-01 1.472351e+00 8.999814e-02 1.000000e-01 1.486526e+00 -0.009368 0.000425 0.004431 0.006128 -0.000232 -0.001386 0.009368 -0.001202 -0.002405 -0.002407 0.000000 
9.000357e-02 1.000000e-01 1.464626e+00 8.999611e-02 1.000000e-01 1.493016e+00 -0.018761 0.000811 0.008872 0.012348 -0.000487 -0.002784 0.018761 -0.002408 -0.004817 -0.004821 0.000000 
9.000508e-02 1.000000e-01 1.456827e+00 8.999390e-02 1.000000e-01 1.499469e+00 -0.028179 0.001103 0.013330 0.018771 -0.000807 -0.004219 0.028179 -0.003617 -0.007235 -0.007241 0.000000 
9.000641e-02 1.000000e-01 1.448954e+00 8.999152e-02 1.000000e-01 1.505883e+00 -0.037621 0.001177 0.017864 0.025703 -0.001330 -0.005793 0.037621 -0.004828 -0.009659 -0.009668 0.000000 
9.000758e-02 1.000000e-01 1.441008e+00 8.998898e-02 1.000000e-01 1.512258e+00 -0.047085 0.000957 0.022483 0.033322 -0.002132 -0.007545 0.047085 -0.006043 -0.012088 -0.012100 0.000000 
9.000862e-02 1.000000e-01 1.432988e+00 8.998632e-02 1.000000e-01 1.518593e+00 -0.056572 0.000376 0.027193 0.041807 -0.003296 -0.009509 0.056572 -0.007261 -0.014524 -0.014537 0.000000 
9.000953e-02 1.000000e-01 1.424896e+00 8.998363e-02 1.000000e-01 1.524887e+00 -0.066079 -0.000660 0.032003 0.051426 -0.004950 -0.011740 0.066079 -0.008481 -0.016965 -0.016981 0.000000 
9.001032e-02 1.000000e-01 1.416732e+00 8.998106e-02 1.000000e-01 1.531140e+00 -0.075608 -0.002355 0.036906 0.062771 -0.007371 -0.014344 0.075608 -0.009704 -0.019411 -0.019429 0.000000 
9.001102e-02 1.000000e-01 1.408496e+00 8.997897e-02 1.000000e-01 1.537351e+00 -0.085156 -0.004751 0.041829 0.076082 -0.010682 -0.017322 0.085156 -0.010929 -0.021863 -0.021883 0.000000 
9.001163e-02 1.000000e-01 1.400189e+00 8.997806e-02 1.000000e-01 1.543520e+00 -0.094724 -0.007954 0.046658 0.091842 -0.015113 -0.020708 0.094724 -0.012157 -0.024319 -0.024342 0.000000 
9.001215e-02 1.000000e-01 1.391812e+00 8.997979e-02 1.000000e-01 1.549646e+00 -0.104311 -0.012083 0.051187 0.110692 -0.020955 -0.024531 0.104310 -0.013388 -0.026780 -0.026805 0.000000 
9.001261e-02 1.000000e-01 1.383364e+00 8.998716e-02 1.000000e-01 1.555729e+00 -0.113915 -0.017371 0.054957 0.134013 -0.028807 -0.028877 0.113915 -0.014620 -0.029246 -0.029273 0.000000 
9.001301e-02 1.000000e-01 1.374847e+00 9.000676e-02 1.000000e-01 1.561767e+00 -0.123537 -0.023870 0.057249 0.162947 -0.039061 -0.033729 0.123537 -0.015855 -0.031716 -0.031746 0.000000 
9.001335e-02 1.000000e-01 1.366261e+00 9.005180e-02 1.000000e-01 1.567761e+00 -0.133178 -0.031595 0.056937 0.198960 -0.052075 -0.039051 0.133177 -0.017092 -0.034191 -0.034223 0.000000 
9.001365e-02 1.000000e-01 1.357606e+00 9.014929e-02 1.000000e-01 1.573711e+00 -0.142840 -0.040587 0.052031 0.244548 -0.068322 -0.044831 0.142839 -0.018333 -0.036672 -0.036706 0.000000 
9.001390e-02 1.000000e-01 1.348884e+00 9.035391e-02 1.000000e-01 1.579621e+00 -0.152541 -0.050883 0.039036 0.303699 -0.088254 -0.051058 0.152540 -0.019578 -0.039162 -0.039199 0.000000 
9.001412e-02 1.000000e-01 1.340094e+00 9.076775e-02 1.000000e-01 1.585505e+00 -0.162356 -0.062744 0.010102 0.385749 -0.112909 -0.057843 0.162356 -0.020837 -0.041682 -0.041721 0.000000 
9.001431e-02 1.000000e-01 1.331236e+00 9.152337e-02 1.000000e-01 1.591424e+00 -0.172565 -0.076995 -0.048533 0.508130 -0.144392 -0.065646 0.172565 -0.022148 -0.044303 -0.044344 0.000000 
9.001448e-02 1.000000e-01 1.322313e+00 9.238487e-02 1.000000e-01 1.597552e+00 -0.183895 -0.095986 -0.156439 0.700740 -0.188573 -0.075847 0.183895 -0.023602 -0.047212 -0.047256 0.000000 
9.001462e-02 1.000000e-01 1.313324e+00 9.238487e-02 1.000000e-01 1.597552e+00 -0.189835 -0.095173 -0.154833 0.702274 -0.187128 -0.075306 0.189834 -0.024364 -0.048737 -0.048782 0.000000 
9.001474e-02 1.000000e-01 1.304269e+00 9.238487e-02 1.000000e-01 1.597552e+00 -0.195817 -0.094359 -0.153227 0.703817 -0.185661 -0.074754 0.195817 -0.025132 -0.050273 -0.050320 0.000000 
9.001484e-02 1.000000e-01 1.295149e+00 9.238487e-02 1.000000e-01 1.597552e+00 -0.201842 -0.093545 -0.151618 0.705369 -0.184172 -0.074192 0.201842 -0.025905 -0.051820 -0.051868 0.000000 
9.001493e-02 1.000000e-01 1.285965e+00 9.238487e-02 1.000000e-01 1.597552e+00 -0.207910 -0.092731 -0.150008 0.706930 -0.182663 -0.073620 0.207909 -0.026684 -0.053378 -0.053427 0.000000 
9.001500e-02 1.000000e-01 1.276717e+00 9.238487e-02 1.000000e-01 1.597552e+00 -0.214020 -0.091916 -0.148393 0.708502 -0.181135 -0.073040 0.214019 -0.027468 -0.054946 -0.054997 0.000000 
9.001507e-02 1.000000e-01 1.267406e+00 9.238487e-02 1.000000e-01 1.597552e+00 -0.220171 -0.091099 -0.146773 0.710083 -0.179590 -0.072451 0.220171 -0.028258 -0.056526 -0.056578 0.000000 
9.001512e-02 1.000000e-01 1.258033e+00 9.238487e-02 1.000000e-01 1.597552e+00 -0.226364 -0.090280 -0.145149 0.711675 -0.178028 -0.071855 0.226364 -0.029052 -0.058116 -0.058169 0.000000 
9.001517e-02 1.000000e-01 1.248596e+00 9.238487e-02 1.000000e-01 1.597552e+00 -0.232599 -0.089460 -0.143518 0.713277 -0.176450 -0.071252 0.232598 -0.029853 -0.059716 -0.059771 0.000000 
9.001521e-02 1.000000e-01 1.239099e+00 9.238487e-02 1.000000e-01 1.597552e+00 -0.238874 -0.088636 -0.141881 0.714889 -0.174857 -0.070642 0.238873 -0.030658 -0.061327 -0.061384 0.000000 
9.001524e-02 1.000000e-01 1.229540e+00 9.238487e-02 1.000000e-01 1.597552e+00 -0.245189 -0.087810 -0.140237 0.716512 -0.173250 -0.070027 0.245189 -0.031468 -0.062949 -0.063007 0.000000 
9.001527e-02 1.000000e-01 1.219920e+00 9.238487e-02 1.000000e-01 1.597552e+00 -0.251545 -0.086981 -0.138586 0.718144 -0.171629 -0.069405 0.251544 -0.032284 -0.064580 -0.064640 0.000000 
9.001529e-02 1.000000e-01 1.210240e+00 9.238487e-02 1.000000e-01 1.597552e+00 -0.257940 -0.086148 -0.136928 0.719787 -0.169995 -0.068778 0.257939 -0.033105 -0.066222 -0.066283 0.000000 
9.001531e-02 1.000000e-01 1.200501e+00 9.238487e-02 1.000000e-01 1.597552e+00 -0.264374 -0.085312 -0.135262 0.721440 -0.168348 -0.068145 0.264374 -0.033931 -0.067874 -0.067937 0.000000 
9.001533e-02 1.000000e-01 1.190702e+00 9.238487e-02 1.000000e-01 1.597552e+00 -0.270848 -0.084473 -0.133587 0.723103 -0.166689 -0.067508 0.270848 -0.034762 -0.069536 -0.069601 0.000000 
9.001535e-02 1.000000e-01 1.180845e+00 9.238487e-02 1.000000e-01 1.597552e+00 -0.277361 -0.083629 -0.131905 0.724776 -0.165017 -0.066865 0.277360 -0.035597 -0.071208 -0.071274 0.000000 
9.001536e-02 1.000000e-01 1.170930e+00 9.238487e-02 1.000000e-01 1.597552e+00 -0.283911 -0.082782 -0.130214 0.726459 -0.163335 -0.066218 0.283911 -0.036438 -0.072890 -0.072957 0.000000 
9.001537e-02 1.000000e-01 1.160957e+00 9.238487e-02 1.000000e-01 1.597552e+00 -0.290500 -0.081931 -0.128515 0.728152 -0.161641 -0.065567 0.290500 -0.037284 -0.074582 -0.074651 0.000000 
9.001538e-02 1.000000e-01 1.150927e+00 9.238487e-02 1.000000e-01 1.597552e+00 -0.297127 -0.081076 -0.126807 0.729855 -0.159936 -0.064911 0.297127 -0.038134 -0.076283 -0.076354 0.000000 
9.001538e-02 1.000000e-01 1.140840e+00 9.238487e-02 1.000000e-01 1.597552e+00 -0.303791 -0.080217 -0.125090 0.731567 -0.158220 -0.064250 0.303791 -0.038990 -0.077994 -0.078066 0.000000 
9.001539e-02 1.000000e-01 1.130697e+00 9.238487e-02 1.000000e-01 1.597552e+00 -0.310492 -0.079353 -0.123365 0.733289 -0.156494 -0.063586 0.310492 -0.039850 -0.079714 -0.079788 0.000000 
9.001540e-02 1.000000e-01 1.120499e+00 9.238487e-02 1.000000e-01 1.597552e+00 -0.317230 -0.078485 -0.121631 0.735020 -0.154758 -0.062917 0.317230 -0.040714 -0.081444 -0.081520 0.000000 
9.001540e-02 1.000000e-01 1.110245e+00 9.238487e-02 1.000000e-01 1.597552e+00 -0.324005 -0.077613 -0.119888 0.736760 -0.153011 -0.062245 0.324004 -0.041584 -0.083183 -0.083260 0.000000 
9.001540e-02 1.000000e-01 1.099937e+00 9.238487e-02 1.000000e-01 1.597552e+00 -0.330815 -0.076737 -0.118137 0.738510 -0.151255 -0.061568 0.330815 -0.042458 -0.084932 -0.085010 0.000000 
9.001541e-02 1.000000e-01 1.089574e+00 9.238487e-02 1.000000e-01 1.597552e+00 -0.337662 -0.075857 -0.116376 0.740270 -0.149489 -0.060888 0.337661 -0.043337 -0.086689 -0.086770 0.000000 
9.001541e-02 1.000000e-01 1.079158e+00 9.238487e-02 1.000000e-01 1.597552e+00 -0.344543 -0.074972 -0.114607 0.742038 -0.147713 -0.060204 0.344543 -0.044220 -0.088456 -0.088538 0.000000 
9.001541e-02 1.000000e-01 1.068688e+00 9.238487e-02 1.000000e-01 1.597552e+00 -0.351460 -0.074083 -0.112830 0.743815 -0.145928 -0.059516 0.351460 -0.045108 -0.090232 -0.090316 0.000000 
9.001541e-02 1.000000e-01 1.058166e+00 9.238487e-02 1.000000e-01 1.597552e+00 -0.358412 -0.073189 -0.111043 0.745602 -0.144133 -0.058825 0.358412 -0.046000 -0.092017 -0.092102 0.000000 
9.001542e-02 1.000000e-01 1.047591e+00 9.238487e-02 1.000000e-01 1.597552e+00 -0.365399 -0.072292 -0.109248 0.747397 -0.142330 -0.058130 0.365398 -0.046896 -0.093811 -0.093897 0.000000 
9.001542e-02 1.000000e-01 1.036965e+00 9.238487e-02 1.000000e-01 1.597552e+00 -0.372419 -0.071390 -0.107445 0.749201 -0.140517 -0.057432 0.372419 -0.047798 -0.095613 -0.095702 0.000000 
9.001542e-02 1.000000e-01 1.026287e+00 9.238487e-02 1.000000e-01 1.597552e+00 -0.379474 -0.070484 -0.105633 0.751014 -0.138695 -0.056730 0.379473 -0.048703 -0.097424 -0.097514 0.000000 
9.001542e-02 1.000000e-01 1.015558e+00 9.238487e-02 1.000000e-01 1.597552e+00 -0.386562 -0.069573 -0.103812 0.752835 -0.136864 -0.056025 0.386562 -0.049613 -0.099244 -0.099336 0.000000 
9.001542e-02 1.000000e-01 1.004779e+00 9.238487e-02 1.000000e-01 1.597552e+00 -0.393684 -0.068659 -0.101983 0.754665 -0.135025 -0.055316 0.393683 -0.050527 -0.101072 -0.101166 0.000000 
9.001542e-02 1.000000e-01 9.939494e-01 9.238487e-02 1.000000e-01 1.597552e+00 -0.400839 -0.067740 -0.100146 0.756504 -0.133177 -0.054604 0.400838 -0.051445 -0.102909 -0.103005 0.000000 
9.001542e-02 1.000000e-01 9.830705e-01 9.238487e-02 1.000000e-01 1.597552e+00 -0.408026 -0.066817 -0.098300 0.758351 -0.131321 -0.053888 0.408026 -0.052367 -0.104754 -0.104852 0.000000 
9.001542e-02 1.000000e-01 9.721424e-01 9.238487e-02 1.000000e-01 1.597552e+00 -0.415246 -0.065891 -0.096446 0.760206 -0.129455 -0.053170 0.415246 -0.053294 -0.106608 -0.106707 0.000000 
9.001542e-02 1.000000e-01 9.611656e-01 9.238487e-02 1.000000e-01 1.597552e+00 -0.422498 -0.064960 -0.094584 0.762069 -0.127582 -0.052448 0.422498 -0.054225 -0.108470 -0.108570 0.000000 
9.001542e-02 1.000000e-01 9.501405e-01 9.238487e-02 1.000000e-01 1.597552e+00 -0.429782 -0.064024 -0.092713 0.763941 -0.125700 -0.051723 0.429782 -0.055160 -0.110340 -0.110442 0.000000 
9.001542e-02 1.000000e-01 9.390675e-01 9.238487e-02 1.000000e-01 1.597552e+00 -0.437098 -0.063085 -0.090835 0.765821 -0.123810 -0.050994 0.437097 -0.056099 -0.112218 -0.112322 0.000000 
9.001542e-02 1.000000e-01 9.279471e-01 9.238487e-02 1.000000e-01 1.597552e+00 -0.444445 -0.062142 -0.088948 0.767709 -0.121912 -0.050263 0.444444 -0.057042 -0.114104 -0.114210 0.000000 
9.001542e-02 1.000000e-01 9.167796e-01 9.238487e-02 1.000000e-01 1.597552e+00 -0.451823 -0.061195 -0.087054 0.769605 -0.120006 -0.049528 0.451823 -0.057988 -0.115999 -0.116106 0.000000 
9.001542e-02 1.000000e-01 9.055656e-01 9.238487e-02 1.000000e-01 1.597552e+00 -0.459232 -0.060244 -0.085152 0.771509 -0.118092 -0.048791 0.459231 -0.058939 -0.117901 -0.118010 0.000000 
9.001542e-02 1.000000e-01 8.943053e-01 9.238487e-02 1.000000e-01 1.597552e+00 -0.466671 -0.059289 -0.083242 0.773421 -0.116170 -0.048050 0.466671 -0.059894 -0.119811 -0.119922 0.000000 
9.001542e-02 1.000000e-01 8.829993e-01 9.238487e-02 1.000000e-01 1.597552e+00 -0.474141 -0.058331 -0.081324 0.775340 -0.114240 -0.047306 0.474140 -0.060853 -0.121728 -0.121841 0.000000 
9.001542e-02 1.000000e-01 8.716479e-01 9.238487e-02 1.000000e-01 1.597552e+00 -0.481641 -0.057368 -0.079398 0.777267 -0.112302 -0.046560 0.481640 -0.061815 -0.123654 -0.123768 0.000000 
9.001542e-02 1.000000e-01 8.602515e-01 9.238487e-02 1.000000e-01 1.597552e+00 -0.489170 -0.056402 -0.077465 0.779202 -0.110357 -0.045810 0.489169 -0.062782 -0.125587 -0.125703 0.000000 
9.001542e-02 1.000000e-01 8.488105e-01 9.238487e-02 1.000000e-01 1.597552e+00 -0.496729 -0.055431 -0.075525 0.781145 -0.108404 -0.045057 0.496728 -0.063752 -0.127527 -0.127646 0.000000 
9.001542e-02 1.000000e-01 8.373253e-01 9.238487e-02 1.000000e-01 1.597552e+00 -0.504317 -0.054458 -0.073577 0.783094 -0.106443 -0.044302 0.504316 -0.064726 -0.129476 -0.129596 0.000000 
9.001542e-02 1.000000e-01 8.257963e-01 9.238487e-02 1.000000e-01 1.597552e+00 -0.511934 -0.053480 -0.071621 0.785052 -0.104475 -0.043544 0.511933 -0.065703 -0.131431 -0.131553 0.000000 
9.001542e-02 1.000000e-01 8.142238e-01 9.238487e-02 1.000000e-01 1.597552e+00 -0.519580 -0.052499 -0.069658 0.787017 -0.102500 -0.042782 0.519579 -0.066684 -0.133394 -0.133518 0.000000 
9.001542e-02 1.000000e-01 8.026083e-01 9.238487e-02 1.000000e-01 1.597552e+00 -0.527254 -0.051514 -0.067688 0.788989 -0.100517 -0.042018 0.527253 -0.067669 -0.135364 -0.135490 0.000000 
9.001542e-02 1.000000e-01 7.909502e-01 9.238487e-02 1.000000e-01 1.597552e+00 -0.534956 -0.050525 -0.065710 0.790968 -0.098527 -0.041251 0.534955 -0.068658 -0.137342 -0.137469 0.000000 
9.001542e-02 9.999999e-02 7.792497e-01 9.238487e-02 1.000000e-01 1.597552e+00 -0.542686 -0.049533 -0.063726 0.792954 -0.096530 -0.040482 0.542686 -0.069650 -0.139326 -0.139455 0.000000 
9.001542e-02 9.999999e-02 7.675073e-01 9.238487e-02 1.000000e-01 1.597552e+00 -0.550444 -0.048537 -0.061734 0.794948 -0.094525 -0.039709 0.550444 -0.070646 -0.141318 -0.141449 0.000000 
9.001542e-02 9.999999e-02 7.557234e-01 9.238487e-02 1.000000e-01 1.597552e+00 -0.558230 -0.047538 -0.059735 0.796949 -0.092514 -0.038934 0.558229 -0.071645 -0.143317 -0.143450 0.000000 
9.001542e-02 9.999999e-02 7.438982e-01 9.238487e-02 1.000000e-01 1.597552e+00 -0.566042 -0.046535 -0.057729 0.798956 -0.090495 -0.038156 0.566042 -0.072648 -0.145323 -0.145457 0.000000 
9.001542e-02 9.999999e-02 7.320322e-01 9.238487e-02 1.000000e-01 1.597552e+00 -0.573882 -0.045529 -0.055717 0.800971 -0.088469 -0.037375 0.573881 -0.073654 -0.147335 -0.147472 0.000000 
9.001542e-02 9.999999e-02 7.201257e-01 9.238487e-02 1.000000e-01 1.597552e+00 -0.581748 -0.044520 -0.053697 0.802992 -0.086437 -0.036592 0.581748 -0.074663 -0.149355 -0.149493 0.000000 
9.001542e-02 9.999998e-02 7.081791e-01 9.238487e-02 1.000000e-01 1.597552e+00 -0.589641 -0.043507 -0.051671 0.805020 -0.084398 -0.035806 0.589640 -0.075676 -0.151381 -0.151522 0.000000 
9.001542e-02 9.999998e-02 6.961926e-01 9.238487e-02 1.000000e-01 1.597552e+00 -0.597560 -0.042490 -0.049638 0.807055 -0.082351 -0.035018 0.597560 -0.076693 -0.153414 -0.153557 0.000000 
9.001542e-02 9.999998e-02 6.841667e-01 9.238487e-02 1.000000e-01 1.597552e+00 -0.605506 -0.041471 -0.047598 0.809097 -0.080299 -0.034227 0.605505 -0.077712 -0.155454 -0.155598 0.000000 
9.001542e-02 9.999997e-02 6.721016e-01 9.238487e-02 1.000000e-01 1.597552e+00 -0.613477 -0.040448 -0.045551 0.811145 -0.078239 -0.033433 0.613476 -0.078735 -0.157501 -0.157647 0.000000 
9.001542e-02 9.999997e-02 6.599978e-01 9.238487e-02 1.000000e-01 1.597552e+00 -0.621473 -0.039421 -0.043498 0.813200 -0.076173 -0.032637 0.621473 -0.079762 -0.159554 -0.159702 0.000000 
9.001542e-02 9.999996e-02 6.478555e-01 9.238487e-02 1.000000e-01 1.597552e+00 -0.629496 -0.038392 -0.041439 0.815262 -0.074100 -0.031838 0.629495 -0.080791 -0.161613 -0.161763 0.000000 
9.001542e-02 9.999995e-02 6.356751e-01 9.238487e-02 1.000000e-01 1.597552e+00 -0.637543 -0.037359 -0.039373 0.817330 -0.072021 -0.031037 0.637542 -0.081824 -0.163679 -0.163831 0.000000 
9.001542e-02 9.999995e-02 6.234568e-01 9.238487e-02 1.000000e-01 1.597552e+00 -0.645615 -0.036323 -0.037300 0.819404 -0.069935 -0.030233 0.645615 -0.082860 -0.165752 -0.165905 0.000000 
9.001542e-02 9.999993e-02 6.112011e-01 9.238487e-02 1.000000e-01 1.597552e+00 -0.653712 -0.035284 -0.035221 0.821485 -0.067843 -0.029427 0.653712 -0.083899 -0.167830 -0.167986 0.000000 
9.001542e-02 9.999992e-02 5.989082e-01 9.238487e-02 1.000000e-01 1.597552e+00 -0.661834 -0.034241 -0.033136 0.823572 -0.065744 -0.028618 0.661833 -0.084942 -0.169916 -0.170073 0.000000 
9.001542e-02 9.999990e-02 5.865785e-01 9.238487e-02 1.000000e-01 1.597552e+00 -0.669980 -0.033196 -0.031045 0.825665 -0.063640 -0.027807 0.669979 -0.085987 -0.172007 -0.172166 0.000000 
9.001542e-02 9.999989e-02 5.742122e-01 9.238487e-02 1.000000e-01 1.597552e+00 -0.678150 -0.032147 -0.028947 0.827765 -0.061529 -0.026993 0.678150 -0.087036 -0.174104 -0.174266 0.000000 
9.001542e-02 9.999986e-02 5.618096e-01 9.238487e-02 1.000000e-01 1.597552e+00 -0.686344 -0.031095 -0.026844 0.829870 -0.059411 -0.026177 0.686344 -0.088087 -0.176208 -0.176372 0.000000 
9.001542e-02 9.999983e-02 5.493711e-01 9.238487e-02 1.000000e-01 1.597552e+00 -0.694562 -0.030041 -0.024734 0.831982 -0.057288 -0.025359 0.694562 -0.089142 -0.178318 -0.178483 0.000000 
9.001542e-02 9.999980e-02 5.368970e-01 9.238487e-02 1.000000e-01 1.597552e+00 -0.702803 -0.028983 -0.022618 0.834100 -0.055159 -0.024538 0.702803 -0.090200 -0.180434 -0.180601 0.000000 
9.001542e-02 9.999975e-02 5.243875e-01 9.238487e-02 1.000000e-01 1.597552e+00 -0.711068 -0.027922 -0.020496 0.836224 -0.053023 -0.023716 0.711068 -0.091260 -0.182556 -0.182725 0.000000 
9.001542e-02 9.999970e-02 5.118430e-01 9.238487e-02 1.000000e-01 1.597552e+00 -0.719356 -0.026859 -0.018368 0.838354 -0.050882 -0.022890 0.719356 -0.092324 -0.184683 -0.184855 0.000000 
9.001542e-02 9.999964e-02 4.992637e-01 9.238487e-02 1.000000e-01 1.597552e+00 -0.727667 -0.025792 -0.016235 0.840489 -0.048734 -0.022063 0.727666 -0.093390 -0.186817 -0.186991 0.000000 
9.001542e-02 9.999956e-02 4.866500e-01 9.238487e-02 1.000000e-01 1.597552e+00 -0.736001 -0.024722 -0.014095 0.842631 -0.046581 -0.021233 0.736000 -0.094460 -0.188957 -0.189133 0.000000 
9.001542e-02 9.999947e-02 4.740020e-01 9.238487e-02 1.000000e-01 1.597552e+00 -0.744357 -0.023650 -0.011950 0.844778 -0.044422 -0.020401 0.744356 -0.095532 -0.191102 -0.191281 0.000000 
9.001542e-02 9.999936e-02 4.613201e-01 9.238487e-02 1.000000e-01 1.597552e+00 -0.752735 -0.022575 -0.009799 0.846931 -0.042257 -0.019567 0.752735 -0.096607 -0.193253 -0.193435 0.000000 
9.001542e-02 9.999922e-02 4.486046e-01 9.238487e-02 1.000000e-01 1.597552e+00 -0.761136 -0.021496 -0.007642 0.849090 -0.040087 -0.018730 0.761136 -0.097684 -0.195410 -0.195596 0.000000 
9.001542e-02 9.999905e-02 4.358557e-01 9.238487e-02 1.000000e-01 1.597552e+00 -0.769559 -0.020415 -0.005479 0.851254 -0.037910 -0.017891 0.769559 -0.098764 -0.197573 -0.197763 0.000000 
9.001542e-02 9.999884e-02 4.230738e-01 9.238487e-02 1.000000e-01 1.597552e+00 -0.778004 -0.019332 -0.003311 0.853425 -0.035728 -0.017051 0.778004 -0.099846 -0.199741 -0.199936 0.000000 
9.001542e-02 9.999859e-02 4.102590e-01 9.238487e-02 1.000000e-01 1.597552e+00 -0.786470 -0.018245 -0.001138 0.855600 -0.033541 -0.016208 0.786470 -0.100930 -0.201915 -0.202118 0.000000 
9.001542e-02 9.999828e-02 3.974116e-01 9.238487e-02 1.000000e-01 1.597552e+00 -0.794958 -0.017156 0.001041 0.857781 -0.031348 -0.015362 0.794958 -0.102015 -0.204094 -0.204307 0.000000 
9.001542e-02 9.999791e-02 3.845320e-01 9.238487e-02 1.000000e-01 1.597552e+00 -0.803468 -0.016063 0.003226 0.859968 -0.029149 -0.014515 0.803467 -0.103100 -0.206279 -0.206507 0.000000 
9.001542e-02 9.999745e-02 3.716203e-01 9.238487e-02 1.000000e-01 1.597552e+00 -0.811998 -0.014969 0.005416 0.862160 -0.026945 -0.013666 0.811998 -0.104185 -0.208470 -0.208718 0.000000 
9.001542e-02 9.999689e-02 3.586768e-01 9.238487e-02 1.000000e-01 1.597552e+00 -0.820550 -0.013871 0.007612 0.864358 -0.024735 -0.012814 0.820549 -0.105268 -0.210667 -0.210945 0.000000 
9.001542e-02 9.999620e-02 3.457018e-01 9.238487e-02 1.000000e-01 1.597552e+00 -0.829122 -0.012771 0.009812 0.866560 -0.022520 -0.011961 0.829122 -0.106346 -0.212869 -0.213193 0.000000 
9.001542e-02 9.999536e-02 3.326955e-01 9.238487e-02 1.000000e-01 1.597552e+00 -0.837715 -0.011668 0.012019 0.868769 -0.020300 -0.011105 0.837715 -0.107414 -0.215078 -0.215470 0.000000 
9.001542e-02 9.999433e-02 3.196581e-01 9.238487e-02 1.000000e-01 1.597552e+00 -0.846329 -0.010563 0.014230 0.870982 -0.018074 -0.010247 0.846328 -0.108468 -0.217294 -0.217787 0.000000 
9.001542e-02 9.999307e-02 3.065900e-01 9.238487e-02 1.000000e-01 1.597552e+00 -0.854962 -0.009454 0.016447 0.873201 -0.015844 -0.009388 0.854962 -0.109496 -0.219517 -0.220166 0.000000 
9.001542e-02 9.999153e-02 2.934913e-01 9.238487e-02 1.000000e-01 1.597552e+00 -0.863617 -0.008344 0.018668 0.875425 -0.013608 -0.008526 0.863616 -0.110485 -0.221748 -0.222633 0.000000 
9.001542e-02 9.998964e-02 2.803622e-01 9.238487e-02 1.000000e-01 1.597552e+00 -0.872291 -0.007230 0.020895 0.877654 -0.011366 -0.007662 0.872291 -0.111413 -0.223990 -0.225232 0.000000 
9.001542e-02 9.998733e-02 2.672031e-01 9.238487e-02 1.000000e-01 1.597552e+00 -0.880985 -0.006115 0.023128 0.879888 -0.009120 -0.006797 0.880985 -0.112244 -0.226243 -0.228040 0.000000 
9.001542e-02 9.998450e-02 2.540140e-01 9.238487e-02 1.000000e-01 1.597552e+00 -0.889699 -0.004996 0.025365 0.882127 -0.006868 -0.005929 0.889699 -0.112931 -0.228509 -0.231152 0.000000 
9.001542e-02 9.998107e-02 2.407953e-01 9.238487e-02 1.000000e-01 1.597552e+00 -0.898433 -0.003875 0.027607 0.884372 -0.004612 -0.005059 0.898433 -0.113392 -0.230792 -0.234740 0.000000 
9.001542e-02 9.997689e-02 2.275470e-01 9.238487e-02 1.000000e-01 1.597552e+00 -0.907187 -0.002752 0.029854 0.886621 -0.002350 -0.004188 0.907186 -0.113504 -0.233090 -0.239074 0.000000 
9.001542e-02 9.997186e-02 2.142695e-01 9.238487e-02 1.000000e-01 1.597552e+00 -0.915960 -0.001626 0.032107 0.888876 -0.000083 -0.003314 0.915960 -0.113101 -0.235392 -0.244532 0.000000 
9.001542e-02 9.996586e-02 2.009627e-01 9.238487e-02 1.000000e-01 1.597552e+00 -0.924753 -0.000497 0.034364 0.891135 0.002189 -0.002438 0.924753 -0.111904 -0.237661 -0.251800 0.000000 
9.001542e-02 9.995881e-02 1.876268e-01 9.238487e-02 1.000000e-01 1.597552e+00 -0.933567 0.000634 0.036627 0.893400 0.004466 -0.001561 0.933567 -0.109519 -0.239785 -0.261956 0.000000 
9.001542e-02 9.995076e-02 1.742618e-01 9.238487e-02 1.000000e-01 1.597552e+00 -0.942401 0.001768 0.038895 0.895670 0.006749 -0.000681 0.942401 -0.105436 -0.241485 -0.276670 0.000000 
9.001542e-02 9.994213e-02 1.608674e-01 9.238487e-02 1.000000e-01 1.597552e+00 -0.951258 0.002904 0.041169 0.897946 0.009037 0.000201 0.951258 -0.098878 -0.242017 -0.299129 0.000000 
9.001542e-02 9.993460e-02 1.474420e-01 9.238487e-02 1.000000e-01 1.597552e+00 -0.960142 0.004045 0.043450 0.900229 0.011333 0.001085 0.960142 -0.088923 -0.239492 -0.335074 0.000000 
9.001542e-02 9.993533e-02 1.339774e-01 9.238487e-02 1.000000e-01 1.597552e+00 -0.969078 0.005192 0.045744 0.902526 0.013642 0.001975 0.969078 -0.074675 -0.229459 -0.395010 0.000000 
9.001542e-02 9.997528e-02 1.204345e-01 9.238487e-02 1.000000e-01 1.597552e+00 -0.978190 0.006361 0.048083 0.904867 0.015996 0.002882 0.978190 -0.055109 -0.200582 -0.501925 0.000000 
9.001542e-02 1.001482e-01 1.066506e-01 9.238487e-02 1.000000e-01 1.597552e+00 -0.988056 0.007627 0.050616 0.907402 0.018545 0.003865 0.988056 -0.028523 -0.123778 -0.709233 0.000000 
9.001542e-02 1.003097e-01 9.749921e-02 9.238487e-02 1.000000e-01 1.597552e+00 -0.995459 0.008577 0.052517 0.909305 0.020458 0.004602 0.995459 -0.006260 -0.029654 -0.930241 0.000000 
9.001542e-02 1.003097e-01 9.749921e-02 9.238487e-02 1.000000e-01 1.597552e+00 -0.995459 0.008577 0.052517 0.909305 0.020458 0.004602 0.995459 -0.006260 -0.029654 -0.930241 0.000000 
9.001542e-02 1.003097e-01 9.749921e-02 9.238487e-02 1.000000e-01 1.597552e+00 -0.995459 0.008577 0.052517 0.909305 0.020458 0.004602 0.995459 -0.006260 -0.029654 -0.930241 0.000000 
9.001542e-02 1.003097e-01 9.749921e-02 9.238487e-02 1.000000e-01 1.597552e+00 -0.995459 0.008577 0.052517 0.909305 0.020458 0.004602 0.995459 -0.006260 -0.029654 -0.930241 0.000000 
9.001542e-02 1.003097e-01 9.749921e-02 9.238487e-02 1.000000e-01 1.597552e+00 -0.995459 0.008577 0.052517 0.909305 0.020458 0.004602 0.995459 -0.006260 -0.029654 -0.930241 0.000000 
9.001542e-02 1.003097e-01 9.749921e-02 9.238487e-02 1.000000e-01 1.597552e+00 -0.995459 0.008577 0.052517 0.909305 0.020458 0.004602 0.995459 -0.006260 -0.029654 -0.930241 0.000000 
9.001542e-02 1.003097e-01 9.749921e-02 9.238487e-02 1.000000e-01 1.597552e+00 -0.995459 0.008577 0.052517 0.909305 0.020458 0.004602 0.995459 -0.006260 -0.029654 -0.930241 0.000000 
9.001542e-02 1.003097e-01 9.749921e-02 9.238487e-02 1.000000e-01 1.597552e+00 -0.995459 0.008577 0.052517 0.909305 0.020458 0.004602 0.995459 -0.006260 -0.029654 -0.930241 0.000000 
9.001542e-02 1.003097e-01 9.749921e-02 9.238487e-02 1.000000e-01 1.597552e+00 -0.995459 0.008577 0.052517 0.909305 0.020458 0.004602 0.995459 -0.006260 -0.029654 -0.930241 0.000000 
9.001542e-02 1.003097e-01 9.749921e-02 9.238487e-02 1.000000e-01 1.597552e+00 -0.995459 0.008577 0.052517 0.909305 0.020458 0.004602 0.995459 -0.006260 -0.029654 -0.930241 0.000000 
9.001542e-02 1.003097e-01 9.749921e-02 9.238487e-02 1.000000e-01 1.597552e+00 -0.995459 0.008577 0.052517 0.909305 0.020458 0.004602 0.995459 -0.006260 -0.029654 -0.930241 0.000000 
9.001542e-02 1.003097e-01 9.749921e-02 9.238487e-02 1.000000e-01 1.597552e+00 -0.995459 0.008577 0.052517 0.909305 0.020458 0.004602 0.995459 -0.006260 -0.029654 -0.930241 0.000000 
9.001542e-02 1.003097e-01 9.749921e-02 9.238487e-02 1.000000e-01 1.597552e+00 -0.995459 0.008577 0.052517 0.909305 0.020458 0.004602 0.995459 -0.006260 -0.029654 -0.930241 0.000000 
9.001542e-02 1.003097e-01 9.749921e-02 9.238487e-02 1.000000e-01 1.597552e+00 -0.995459 0.008577 0.052517 0.909305 0.020458 0.004602 0.995459 -0.006260 -0.029654 -0.930241 0.000000 
9.001542e-02 1.003097e-01 9.749921e-02 9.238487e-02 1.000000e-01 1.597552e+00 -0.995459 0.008577 0.052517 0.909305 0.020458 0.004602 0.995459 -0.006260 -0.029654 -0.930241 0.000000 
9.001542e-02 1.003097e-01 9.749921e-02 9.238487e-02 1.000000e-01 1.597552e+00 -0.995459 0.008577 0.052517 0.909305 0.020458 0.004602 0.995459 -0.006260 -0.029654 -0.930241 0.000000 
9.001542e-02 1.003097e-01 9.749921e-02 9.238487e-02 1.000000e-01 1.597552e+00 -0.995459 0.008577 0.052517 0.909305 0.020458 0.004602 0.995459 -0.006260 -0.029654 -0.930241 0.000000 
9.001542e-02 1.003097e-01 9.749921e-02 9.238487e-02 1.000000e-01 1.597552e+00 -0.995459 0.008577 0.052517 0.909305 0.020458 0.004602 0.995459 -0.006260 -0.029654 -0.930241 0.000000 
9.001542e-02 1.003097e-01 9.749921e-02 9.238487e-02 1.000000e-01 1.597552e+00 -0.995459 0.008577 0.052517 0.909305 0.020458 0.004602 0.995459 -0.006260 -0.029654 -0.930241 0.000000 
9.001542e-02 1.003097e-01 9.749921e-02 9.238487e-02 1.000000e-01 1.597552e+00 -0.995459 0.008577 0.052517 0.909305 0.020458 0.004602 0.995459 -0.006260 -0.029654 -0.930241 0.000000 
9.001542e-02 1.003097e-01 9.749921e-02 9.238487e-02 1.000000e-01 1.597552e+00 -0.995459 0.008577 0.052517 0.909305 0.020458 0.004602 0.995459 -0.006260 -0.029654 -0.930241 0.000000 
9.001542e-02 1.003097e-01 9.749921e-02 9.238487e-02 1.000000e-01 1.597552e+00 -0.995459 0.008577 0.052517 0.909305 0.020458 0.004602 0.995459 -0.006260 -0.029654 -0.930241 0.000000 
9.001542e-02 1.003097e-01 9.749921e-02 9.238487e-02 1.000000e-01 1.597552e+00 -0.995459 0.008577 0.052517 0.909305 0.020458 0.004602 0.995459 -0.006260 -0.029654 -0.930241 0.000000 
9.001542e-02 1.003097e-01 9.749921e-02 9.238487e-02 1.000000e-01 1.597552e+00 -0.995459 0.008577 0.052517 0.909305 0.020458 0.004602 0.995459 -0.006260 -0.029654 -0.930241 0.000000 
9.001542e-02 1.003097e-01 9.749921e-02 9.238487e-02 1.000000e-01 1.597552e+00 -0.995459 0.008577 0.052517 0.909305 0.020458 0.004602 0.995459 -0.006260 -0.029654 -0.930241 0.000000 
9.001542e-02 1.003097e-01 9.749921e-02 9.238487e-02 1.000000e-01 1.597552e+00 -0.995459 0.008577 0.052517 0.909305 0.020458 0.004602 0.995459 -0.006260 -0.029654 -0.930241 0.000000 
9.001542e-02 1.003097e-01 9.749921e-02 9.238487e-02 1.000000e-01 1.597552e+00 -0.995459 0.008577 0.052517 0.909305 0.020458 0.004602 0.995459 -0.006260 -0.029654 -0.930241 0.000000 
9.001542e-02 1.003097e-01 9.749921e-02 9.238487e-02 1.000000e-01 1.597552e+00 -0.995459 0.008577 0.052517 0.909305 0.020458 0.004602 0.995459 -0.006260 -0.029654 -0.930241 0.000000 
9.001542e-02 1.003097e-01 9.749921e-02 9.238487e-02 1.000000e-01 1.597552e+00 -0.995459 0.008577 0.052517 0.909305 0.020458 0.004602 0.995459 -0.006260 -0.029654 -0.930241 0.000000 
9.001542e-02 1.003097e-01 9.749921e-02 9.238487e-02 1.000000e-01 1.597552e+00 -0.995459 0.008577 0.052517 0.909305 0.020458 0.004602 0.995459 -0.006260 -0.029654 -0.930241 0.000000 
9.001542e-02 1.003097e-01 9.749921e-02 9.238487e-02 1.000000e-01 1.597552e+00 -0.995459 0.008577 0.052517 0.909305 0.020458 0.004602 0.995459 -0.006260 -0.029654 -0.930241 0.000000 
9.001542e-02 1.003097e-01 9.749921e-02 9.238487e-02 1.000000e-01 1.597552e+00 -0.995459 0.008577 0.052517 0.909305 0.020458 0.004602 0.995459 -0.006260 -0.029654 -0.930241 0.000000 
9.001542e-02 1.003097e-01 9.749921e-02 9.238487e-02 1.000000e-01 1.597552e+00 -0.995459 0.008577 0.052517 0.909305 0.020458 0.004602 0.995459 -0.006260 -0.029654 -0.930241 0.000000 
9.001542e-02 1.003097e-01 9.749921e-02 9.238487e-02 1.000000e-01 1.597552e+00 -0.995459 0.008577 0.052517 0.909305 0.020458 0.004602 0.995459 -0.006260 -0.029654 -0.930241 0.000000 
9.001542e-02 1.003097e-01 9.749921e-02 9.238487e-02 1.000000e-01 1.597552e+00 -0.995459 0.008577 0.052517 0.909305 0.020458 0.004602 0.995459 -0.006260 -0.029654 -0.930241 0.000000 
9.001542e-02 1.003097e-01 9.749921e-02 9.238487e-02 1.000000e-01 1.597552e+00 -0.995459 0.008577 0.052517 0.909305 0.020458 0.004602 0.995459 -0.006260 -0.029654 -0.930241 0.000000 
9.001542e-02 1.003097e-01 9.749921e-02 9.238487e-02 1.000000e-01 1.597552e+00 -0.995459 0.008577 0.052517 0.909305 0.020458 0.004602 0.995459 -0.006260 -0.029654 -0.930241 0.000000 
9.001542e-02 1.003097e-01 9.749921e-02 9.238487e-02 1.000000e-01 1.597552e+00 -0.995459 0.008577 0.052517 0.909305 0.020458 0.004602 0.995459 -0.006260 -0.029654 -0.930241 0.000000 
9.001542e-02 1.003097e-01 9.749921e-02 9.238487e-02 1.000000e-01 1.597552e+00 -0.995459 0.008577 0.052517 0.909305 0.020458 0.004602 0.995459 -0.006260 -0.029654 -0.930241 0.000000 
9.001542e-02 1.003097e-01 9.749921e-02 9.238487e-02 1.000000e-01 1.597552e+00 -0.995459 0.008577 0.052517 0.909305 0.020458 0.004602 0.995459 -0.006260 -0.029654 -0.930241 0.000000 
9.001542e-02 1.003097e-01 9.749921e-02 9.238487e-02 1.000000e-01 1.597552e+00 -0.995459 0.008577 0.052517 0.909305 0.020458 0.004602 0.995459 -0.006260 -0.029654 -0.930241 0.000000 
9.001542e-02 1.003097e-01 9.749921e-02 9.238487e-02 1.000000e-01 1.597552e+00 -0.995459 0.008577 0.052517 0.909305 0.020458 0.004602 0.995459 -0.006260 -0.029654 -0.930241 0.000000 
9.001542e-02 1.003097e-01 9.749921e-02 9.238487e-02 1.000000e-01 1.597552e+00 -0.995459 0.008577 0.052517 0.909305 0.020458 0.004602 0.995459 -0.006260 -0.029654 -0.930241 0.000000 
9.001542e-02 1.003097e-01 9.749921e-02 9.238487e-02 1.000000e-01 1.597552e+00 -0.995459 0.008577 0.052517 0.909305 0.020458 0.004602 0.995459 -0.006260 -0.029654 -0.930241 0.000000 
9.001542e-02 1.003097e-01 9.749921e-02 9.238487e-02 1.000000e-01 1.597552e+00 -0.995459 0.008577 0.052517 0.909305 0.020458 0.004602 0.995459 -0.006260 -0.029654 -0.930241 0.000000 
9.001542e-02 1.003097e-01 9.749921e-02 9.238487e-02 1.000000e-01 1.597552e+00 -0.995459 0.008577 0.052517 0.909305 0.020458 0.004602 0.995459 -0.006260 -0.029654 -0.930241 0.000000 
9.001542e-02 1.003097e-01 9.749921e-02 9.238487e-02 1.000000e-01 1.597552e+00 -0.995459 0.008577 0.052517 0.909305 0.020458 0.004602 0.995459 -0.006260 -0.029654 -0.930241 0.000000 
9.001542e-02 1.003097e-01 9.749921e-02 9.238487e-02 1.000000e-01 1.597552e+00 -0.995459 0.008577 0.052517 0.909305 0.020458 0.004602 0.995459 -0.006260 -0.029654 -0.930241 0.000000 
9.001542e-02 1.003097e-01 9.749921e-02 9.238487e-02 1.000000e-01 1.597552e+00 -0.995459 0.008577 0.052517 0.909305 0.020458 0.004602 0.995459 -0.006260 -0.029654 -0.930241 0.000000 
9.001542e-02 1.003097e-01 9.749921e-02 9.238487e-02 1.000000e-01 1.597552e+00 -0.995459 0.008577 0.052517 0.909305 0.020458 0.004602 0.995459 -0.006260 -0.029654 -0.930241 0.000000 
9.001542e-02 1.003097e-01 9.749921e-02 9.238487e-02 1.000000e-01 1.597552e+00 -0.995459 0.008577 0.052517 0.909305 0.020458 0.004602 0.995459 -0.006260 -0.029654 -0.930241 0.000000 
9.001542e-02 1.003097e-01 9.749921e-02 9.238487e-02 1.000000e-01 1.597552e+00 -0.995459 0.008577 0.052517 0.909305 0.020458 0.004602 0.995459 -0.006260 -0.029654 -0.930241 0.000000 
9.001542e-02 1.003097e-01 9.749921e-02 9.238487e-02 1.000000e-01 1.597552e+00 -0.995459 0.008577 0.052517 0.909305 0.020458 0.004602 0.995459 -0.006260 -0.029654 -0.930241 0.000000 
9.001542e-02 1.003097e-01 9.749921e-02 9.238487e-02 1.000000e-01 1.597552e+00 -0.995459 0.008577 0.052517 0.909305 0.020458 0.004602 0.995459 -0.006260 -0.029654 -0.930241 0.000000 
9.001542e-02 1.003097e-01 9.749921e-02 9.238487e-02 1.000000e-01 1.597552e+00 -0.995459 0.008577 0.052517 0.909305 0.020458 0.004602 0.995459 -0.006260 -0.029654 -0.930241 0.000000 
9.001542e-02 1.003097e-01 9.749921e-02 9.238487e-02 1.000000e-01 1.597552e+00 -0.995459 0.008577 0.052517 0.909305 0.020458 0.004602 0.995459 -0.006260 -0.029654 -0.930241 0.000000 
9.001542e-02 1.003097e-01 9.749921e-02 9.238487e-02 1.000000e-01 1.597552e+00 -0.995459 0.008577 0.052517 0.909305 0.020458 0.004602 0.995459 -0.006260 -0.029654 -0.930241 0.000000 
9.001542e-02 1.003097e-01 9.749921e-02 9.238487e-02 1.000000e-01 1.597552e+00 -0.995459 0.008577 0.052517 0.909305 0.020458 0.004602 0.995459 -0.006260 -0.029654 -0.930241 0.000000 
9.001542e-02 1.003097e-01 9.749921e-02 9.238487e-02 1.000000e-01 1.597552e+00 -0.995459 0.008577 0.052517 0.909305 0.020458 0.004602 0.995459 -0.006260 -0.029654 -0.930241 0.000000 
9.001542e-02 1.003097e-01 9.749921e-02 9.238487e-02 1.000000e-01 1.597552e+00 -0.995459 0.008577 0.052517 0.909305 0.020458 0.004602 0.995459 -0.006260 -0.029654 -0.930241 0.000000 
9.001542e-02 1.003097e-01 9.749921e-02 9.238487e-02 1.000000e-01 1.597552e+00 -0.995459 0.008577 0.052517 0.909305 0.020458 0.004602 0.995459 -0.006260 -0.029654 -0.930241 0.000000 
9.001542e-02 1.003097e-01 9.749921e-02 9.238487e-02 1.000000e-01 1.597552e+00 -0.995459 0.008577 0.052517 0.909305 0.020458 0.004602 0.995459 -0.006260 -0.029654 -0.930241 0.000000 
9.001542e-02 1.003097e-01 9.749921e-02 9.238487e-02 1.000000e-01 1.597552e+00 -0.995459 0.008577 0.052517 0.909305 0.020458 0.004602 0.995459 -0.006260 -0.029654 -0.930241 0.000000 
9.001542e-02 1.003097e-01 9.749921e-02 9.238487e-02 1.000000e-01 1.597552e+00 -0.995459 0.008577 0.052517 0.909305 0.020458 0.004602 0.995459 -0.006260 -0.029654 -0.930241 0.000000 
9.001542e-02 1.003097e-01 9.749921e-02 9.238487e-02 1.000000e-01 1.597552e+00 -0.995459 0.008577 0.052517 0.909305 0.020458 0.004602 0.995459 -0.006260 -0.029654 -0.930241 0.000000 
9.001542e-02 1.003097e-01 9.749921e-02 9.238487e-02 1.000000e-01 1.597552e+00 -0.995459 0.008577 0.052517 0.909305 0.020458 0.004602 0.995459 -0.006260 -0.029654 -0.930241 0.000000 
9.001542e-02 1.003097e-01 9.749921e-02 9.238487e-02 1.000000e-01 1.597552e+00 -0.995459 0.008577 0.052517 0.909305 0.020458 0.004602 0.995459 -0.006260 -0.029654 -0.930241 0.000000 
9.001542e-02 1.003097e-01 9.749921e-02 9.238487e-02 1.000000e-01 1.597552e+00 -0.995459 0.008577 0.052517 0.909305 0.020458 0.004602 0.995459 -0.006260 -0.029654 -0.930241 0.000000 
9.001542e-02 1.003097e-01 9.749921e-02 9.238487e-02 1.000000e-01 1.597552e+00 -0.995459 0.008577 0.052517 0.909305 0.020458 0.004602 0.995459 -0.006260 -0.029654 -0.930241 0.000000 
9.001542e-02 1.003097e-01 9.749921e-02 9.238487e-02 1.000000e-01 1.597552e+00 -0.995459 0.008577 0.052517 0.909305 0.020458 0.004602 0.995459 -0.006260 -0.029654 -0.930241 0.000000 
9.001542e-02 1.003097e-01 9.749921e-02 9.238487e-02 1.000000e-01 1.597552e+00 -0.995459 0.008577 0.052517 0.909305 0.020458 0.004602 0.995459 -0.006260 -0.029654 -0.930241 0.000000 
9.001542e-02 1.003097e-01 9.749921e-02 9.238487e-02 1.000000e-01 1.597552e+00 -0.995459 0.008577 0.052517 0.909305 0.020458 0.004602 0.995459 -0.006260 -0.029654 -0.930241 0.000000 
9.001542e-02 1.003097e-01 9.749921e-02 9.238487e-02 1.000000e-01 1.597552e+00 -0.995459 0.008577 0.052517 0.909305 0.020458 0.004602 0.995459 -0.006260 -0.029654 -0.930241 0.000000 
9.001542e-02 1.003097e-01 9.749921e-02 9.238487e-02 1.000000e-01 1.597552e+00 -0.995459 0.008577 0.052517 0.909305 0.020458 0.004602 0.995459 -0.006260 -0.029654 -0.930241 0.000000 
9.001542e-02 1.003097e-01 9.749921e-02 9.238487e-02 1.000000e-01 1.597552e+00 -0.995459 0.008577 0.052517 0.909305 0.020458 0.004602 0.995459 -0.006260 -0.029654 -0.930241 0.000000 
9.001542e-02 1.003097e-01 9.749921e-02 9.238487e-02 1.000000e-01 1.597552e+00 -0.995459 0.008577 0.052517 0.909305 0.020458 0.004602 0.995459 -0.006260 -0.029654 -0.930241 0.000000 
9.001542e-02 1.003097e-01 9.749921e-02 9.238487e-02 1.000000e-01 1.597552e+00 -0.995459 0.008577 0.052517 0.909305 0.020458 0.004602 0.995459 -0.006260 -0.029654 -0.930241 0.000000 
9.001542e-02 1.003097e-01 9.749921e-02 9.238487e-02 1.000000e-01 1.597552e+00 -0.995459 0.008577 0.052517 0.909305 0.020458 0.004602 0.995459 -0.006260 -0.029654 -0.930241 0.000000 
9.001542e-02 1.003097e-01 9.749921e-02 9.238487e-02 1.000000e-01 1.597552e+00 -0.995459 0.008577 0.052517 0.909305 0.020458 0.004602 0.995459 -0.006260 -0.029654 -0.930241 0.000000 
9.001542e-02 1.003097e-01 9.749921e-02 9.238487e-02 1.000000e-01 1.597552e+00 -0.995459 0.008577 0.052517 0.909305 0.020458 0.004602 0.995459 -0.006260 -0.029654 -0.930241 0.000000 
9.001542e-02 1.003097e-01 9.749921e-02 9.238487e-02 1.000000e-01 1.597552e+00 -0.995459 0.008577 0.052517 0.909305 0.020458 0.004602 0.995459 -0.006260 -0.029654 -0.930241 0.000000 
9.001542e-02 1.003097e-01 9.749921e-02 9.238487e-02 1.000000e-01 1.597552e+00 -0.995459 0.008577 0.052517 0.909305 0.020458 0.004602 0.995459 -0.006260 -0.029654 -0.930241 0.000000 
9.001542e-02 1.003097e-01 9.749921e-02 9.238487e-02 1.000000e-01 1.597552e+00 -0.995459 0.008577 0.052517 0.909305 0.020458 0.004602 0.995459 -0.006260 -0.029654 -0.930241 0.000000 
9.001542e-02 1.003097e-01 9.749921e-02 9.238487e-02 1.000000e-01 1.597552e+00 -0.995459 0.008577 0.052517 0.909305 0.020458 0.004602 0.995459 -0.006260 -0.029654 -0.930241 0.000000 
9.001542e-02 1.003097e-01 9.749921e-02 9.238487e-02 1.000000e-01 1.597552e+00 -0.995459 0.008577 0.052517 0.909305 0.020458 0.004602 0.995459 -0.006260 -0.029654 -0.930241 0.000000 
9.001542e-02 1.003097e-01 9.749921e-02 9.238487e-02 1.000000e-01 1.597552e+00 -0.995459 0.008577 0.052517 0.909305 0.020458 0.004602 0.995459 -0.006260 -0.029654 -0.930241 0.000000 
9.001542e-02 1.003097e-01 9.749921e-02 9.238487e-02 1.000000e-01 1.597552e+00 -0.995459 0.008577 0.052517 0.909305 0.020458 0.004602 0.995459 -0.006260 -0.029654 -0.930241 0.000000 
9.001542e-02 1.003097e-01 9.749921e-02 9.238487e-02 1.000000e-01 1.597552e+00 -0.995459 0.008577 0.052517 0.909305 0.020458 0.004602 0.995459 -0.006260 -0.029654 -0.930241 0.000000 
9.001542e-02 1.003097e-01 9.749921e-02 9.238487e-02 1.000000e-01 1.597552e+00 -0.995459 0.008577 0.052517 0.909305 0.020458 0.004602 0.995459 -0.006260 -0.029654 -0.930241 0.000000 
9.001542e-02 1.003097e-01 9.749921e-02 9.238487e-02 1.000000e-01 1.597552e+00 -0.995459 0.008577 0.052517 0.909305 0.020458 0.004602 0.995459 -0.006260 -0.029654 -0.930241 0.000000 
9.001542e-02 1.003097e-01 9.749921e-02 9.238487e-02 1.000000e-01 1.597552e+00 -0.995459 0.008577 0.052517 0.909305 0.020458 0.004602 0.995459 -0.006260 -0.029654 -0.930241 0.000000 
9.001542e-02 1.003097e-01 9.749921e-02 9.238487e-02 1.000000e-01 1.597552e+00 -0.995459 0.008577 0.052517 0.909305 0.020458 0.004602 0.995459 -0.006260 -0.029654 -0.930241 0.000000 
9.001542e-02 1.003097e-01 9.749921e-02 9.238487e-02 1.000000e-01 1.597552e+00 -0.995459 0.008577 0.052517 0.909305 0.020458 0.004602 0.995459 -0.006260 -0.029654 -0.930241 0.000000 
9.001542e-02 1.003097e-01 9.749921e-02 9.238487e-02 1.000000e-01 1.597552e+00 -0.995459 0.008577 0.052517 0.909305 0.020458 0.004602 0.995459 -0.006260 -0.029654 -0.930241 0.000000 
9.001542e-02 1.003097e-01 9.749921e-02 9.238487e-02 1.000000e-01 1.597552e+00 -0.995459 0.008577 0.052517 0.909305 0.020458 0.004602 0.995459 -0.006260 -0.029654 -0.930241 0.000000 
9.001542e-02 1.003097e-01 9.749921e-02 9.238487e-02 1.000000e-01 1.597552e+00 -0.995459 0.008577 0.052517 0.909305 0.020458 0.004602 0.995459 -0.006260 -0.029654 -0.930241 0.000000 
9.001542e-02 1.003097e-01 9.749921e-02 9.238487e-02 1.000000e-01 1.597552e+00 -0.995459 0.008577 0.052517 0.909305 0.020458 0.004602 0.995459 -0.006260 -0.029654 -0.930241 0.000000 
9.001542e-02 1.003097e-01 9.749921e-02 9.238487e-02 1.000000e-01 1.597552e+00 -0.995459 0.008577 0.052517 0.909305 0.020458 0.004602 0.995459 -0.006260 -0.029654 -0.930241 0.000000 
9.001542e-02 1.003097e-01 9.749921e-02 9.238487e-02 1.000000e-01 1.597552e+00 -0.995459 0.008577 0.052517 0.909305 0.020458 0.004602 0.995459 -0.006260 -0.029654 -0.930241 0.000000 
9.001542e-02 1.003097e-01 9.749921e-02 9.238487e-02 1.000000e-01 1.597552e+00 -0.995459 0.008577 0.052517 0.909305 0.020458 0.004602 0.995459 -0.006260 -0.029654 -0.930241 0.000000 
9.001542e-02 1.003097e-01 9.749921e-02 9.238487e-02 1.000000e-01 1.597552e+00 -0.995459 0.008577 0.052517 0.909305 0.020458 0.004602 0.995459 -0.006260 -0.029654 -0.930241 0.000000 
9.001542e-02 1.003097e-01 9.749921e-02 9.238487e-02 1.000000e-01 1.597552e+00 -0.995459 0.008577 0.052517 0.909305 0.020458 0.004602 0.995459 -0.006260 -0.029654 -0.930241 0.000000 
9.001542e-02 1.003097e-01 9.749921e-02 9.238487e-02 1.000000e-01 1.597552e+00 -0.995459 0.008577 0.052517 0.909305 0.020458 0.004602 0.995459 -0.006260 -0.029654 -0.930241 0.000000 
9.001542e-02 1.003097e-01 9.749921e-02 9.238487e-02 1.000000e-01 1.597552e+00 -0.995459 0.008577 0.052517 0.909305 0.020458 0.004602 0.995459 -0.006260 -0.029654 -0.930241 0.000000 
9.001542e-02 1.003097e-01 9.749921e-02 9.238487e-02 1.000000e-01 1.597552e+00 -0.995459 0.008577 0.052517 0.909305 0.020458 0.004602 0.995459 -0.006260 -0.029654 -0.930241 0.000000 
9.001542e-02 1.003097e-01 9.749921e-02 9.238487e-02 1.000000e-01 1.597552e+00 -0.995459 0.008577 0.052517 0.909305 0.020458 0.004602 0.995459 -0.006260 -0.029654 -0.930241 0.000000 
9.001542e-02 1.003097e-01 9.749921e-02 9.238487e-02 1.000000e-01 1.597552e+00 -0.995459 0.008577 0.052517 0.909305 0.020458 0.004602 0.995459 -0.006260 -0.029654 -0.930241 0.000000 
9.001542e-02 1.003097e-01 9.749921e-02 9.238487e-02 1.000000e-01 1.597552e+00 -0.995459 0.008577 0.052517 0.909305 0.020458 0.004602 0.995459 -0.006260 -0.029654 -0.930241 0.000000 
9.001542e-02 1.003097e-01 9.749921e-02 9.238487e-02 1.000000e-01 1.597552e+00 -0.995459 0.008577 0.052517 0.909305 0.020458 0.004602 0.995459 -0.006260 -0.029654 -0.930241 0.000000 
9.001542e-02 1.003097e-01 9.749921e-02 9.238487e-02 1.000000e-01 1.597552e+00 -0.995459 0.008577 0.052517 0.909305 0.020458 0.004602 0.995459 -0.006260 -0.029654 -0.930241 0.000000 
9.001542e-02 1.003097e-01 9.749921e-02 9.238487e-02 1.000000e-01 1.597552e+00 -0.995459 0.008577 0.052517 0.909305 0.020458 0.004602 0.995459 -0.006260 -0.029654 -0.930241 0.000000 
9.001542e-02 1.003097e-01 9.749921e-02 9.238487e-02 1.000000e-01 1.597552e+00 -0.995459 0.008577 0.052517 0.909305 0.020458 0.004602 0.995459 -0.006260 -0.029654 -0.930241 0.000000 
9.001542e-02 1.003097e-01 9.749921e-02 9.238487e-02 1.000000e-01 1.597552e+00 -0.995459 0.008577 0.052517 0.909305 0.020458 0.004602 0.995459 -0.006260 -0.029654 -0.930241 0.000000 
9.001542e-02 1.003097e-01 9.749921e-02 9.238487e-02 1.000000e-01 1.597552e+00 -0.995459 0.008577 0.052517 0.909305 0.020458 0.004602 0.995459 -0.006260 -0.029654 -0.930241 0.000000 
9.001542e-02 1.003097e-01 9.749921e-02 9.238487e-02 1.000000e-01 1.597552e+00 -0.995459 0.008577 0.052517 0.909305 0.020458 0.004602 0.995459 -0.006260 -0.029654 -0.930241 0.000000 
9.001542e-02 1.003097e-01 9.749921e-02 9.238487e-02 1.000000e-01 1.597552e+00 -0.995459 0.008577 0.052517 0.909305 0.020458 0.004602 0.995459 -0.006260 -0.029654 -0.930241 0.000000 
9.001542e-02 1.003097e-01 9.749921e-02 9.238487e-02 1.000000e-01 1.597552e+00 -0.995459 0.008577 0.052517 0.909305 0.020458 0.004602 0.995459 -0.006260 -0.029654 -0.930241 0.000000 
9.001542e-02 1.003097e-01 9.749921e-02 9.238487e-02 1.000000e-01 1.597552e+00 -0.995459 0.008577 0.052517 0.909305 0.020458 0.004602 0.995459 -0.006260 -0.029654 -0.930241 0.000000 
9.001542e-02 1.003097e-01 9.749921e-02 9.238487e-02 1.000000e-01 1.597552e+00 -0.995459 0.008577 0.052517 0.909305 0.020458 0.004602 0.995459 -0.006260 -0.029654 -0.930241 0.000000 
9.001542e-02 1.003097e-01 9.749921e-02 9.238487e-02 1.000000e-01 1.597552e+00 -0.995459 0.008577 0.052517 0.909305 0.020458 0.004602 0.995459 -0.006260 -0.029654 -0.930241 0.000000 
9.001542e-02 1.003097e-01 9.749921e-02 9.238487e-02 1.000000e-01 1.597552e+00 -0.995459 0.008577 0.052517 0.909305 0.020458 0.004602 0.995459 -0.006260 -0.029654 -0.930241 0.000000 
9.001542e-02 1.003097e-01 9.749921e-02 9.238487e-02 1.000000e-01 1.597552e+00 -0.995459 0.008577 0.052517 0.909305 0.020458 0.004602 0.995459 -0.006260 -0.029654 -0.930241 0.000000 
9.001542e-02 1.003097e-01 9.749921e-02 9.238487e-02 1.000000e-01 1.597552e+00 -0.995459 0.008577 0.052517 0.909305 0.020458 0.004602 0.995459 -0.006260 -0.029654 -0.930241 0.000000 
9.001542e-02 1.003097e-01 9.749921e-02 9.238487e-02 1.000000e-01 1.597552e+00 -0.995459 0.008577 0.052517 0.909305 0.020458 0.004602 0.995459 -0.006260 -0.029654 -0.930241 0.000000 
9.001542e-02 1.003097e-01 9.749921e-02 9.238487e-02 1.000000e-01 1.597552e+00 -0.995459 0.008577 0.052517 0.909305 0.020458 0.004602 0.995459 -0.006260 -0.029654 -0.930241 0.000000 
9.001542e-02 1.003097e-01 9.749921e-02 9.238487e-02 1.000000e-01 1.597552e+00 -0.995459 0.008577 0.052517 0.909305 0.020458 0.004602 0.995459 -0.006260 -0.029654 -0.930241 0.000000 
9.001542e-02 1.003097e-01 9.749921e-02 9.238487e-02 1.000000e-01 1.597552e+00 -0.995459 0.008577 0.052517 0.909305 0.020458 0.004602 0.995459 -0.006260 -0.029654 -0.930241 0.000000 
9.001542e-02 1.003097e-01 9.749921e-02 9.238487e-02 1.000000e-01 1.597552e+00 -0.995459 0.008577 0.052517 0.909305 0.020458 0.004602 0.995459 -0.006260 -0.029654 -0.930241 0.000000 
9.001542e-02 1.003097e-01 9.749921e-02 9.238487e-02 1.000000e-01 1.597552e+00 -0.995459 0.008577 0.052517 0.909305 0.020458 0.004602 0.995459 -0.006260 -0.029654 -0.930241 0.000000 
9.001542e-02 1.003097e-01 9.749921e-02 9.238487e-02 1.000000e-01 1.597552e+00 -0.995459 0.008577 0.052517 0.909305 0.020458 0.004602 0.995459 -0.006260 -0.029654 -0.930241 0.000000 
9.001542e-02 1.003097e-01 9.749921e-02 9.238487e-02 1.000000e-01 1.597552e+00 -0.995459 0.008577 0.052517 0.909305 0.020458 0.004602 0.995459 -0.006260 -0.029654 -0.930241 0.000000 
9.001542e-02 1.003097e-01 9.749921e-02 9.238487e-02 1.000000e-01 1.597552e+00 -0.995459 0.008577 0.052517 0.909305 0.020458 0.004602 0.995459 -0.006260 -0.029654 -0.930241 0.000000 
9.001542e-02 1.003097e-01 9.749921e-02 9.238487e-02 1.000000e-01 1.597552e+00 -0.995459 0.008577 0.052517 0.909305 0.020458 0.004602 0.995459 -0.006260 -0.029654 -0.930241 0.000000 
9.001542e-02 1.003097e-01 9.749921e-02 9.238487e-02 1.000000e-01 1.597552e+00 -0.995459 0.008577 0.052517 0.909305 0.020458 0.004602 0.995459 -0.006260 -0.029654 -0.930241 0.000000 
9.001542e-02 1.003097e-01 9.749921e-02 9.238487e-02 1.000000e-01 1.597552e+00 -0.995459 0.008577 0.052517 0.909305 0.020458 0.004602 0.995459 -0.006260 -0.029654 -0.930241 0.000000 
9.001542e-02 1.003097e-01 9.749921e-02 9.238487e-02 1.000000e-01 1.597552e+00 -0.995459 0.008577 0.052517 0.909305 0.020458 0.004602 0.995459 -0.006260 -0.029654 -0.930241 0.000000 
9.001542e-02 1.003097e-01 9.749921e-02 9.238487e-02 1.000000e-01 1.597552e+00 -0.995459 0.008577 0.052517 0.909305 0.020458 0.004602 0.995459 -0.006260 -0.029654 -0.930241 0.000000 
9.001542e-02 1.003097e-01 9.749921e-02 9.238487e-02 1.000000e-01 1.597552e+00 -0.995459 0.008577 0.052517 0.909305 0.020458 0.004602 0.995459 -0.006260 -0.029654 -0.930241 0.000000 
9.001542e-02 1.003097e-01 9.749921e-02 9.238487e-02 1.000000e-01 1.597552e+00 -0.995459 0.008577 0.052517 0.909305 0.020458 0.004602 0.995459 -0.006260 -0.029654 -0.930241 0.000000 
9.001542e-02 1.003097e-01 9.749921e-02 9.238487e-02 1.000000e-01 1.597552e+00 -0.995459 0.008577 0.052517 0.909305 0.020458 0.004602 0.995459 -0.006260 -0.029654 -0.930241 0.000000 
9.001542e-02 1.003097e-01 9.749921e-02 9.238487e-02 1.000000e-01 1.597552e+00 -0.995459 0.008577 0.052517 0.909305 0.020458 0.004602 0.995459 -0.006260 -0.029654 -0.930241 0.000000 
9.001542e-02 1.003097e-01 9.749921e-02 9.238487e-02 1.000000e-01 1.597552e+00 -0.995459 0.008577 0.052517 0.909305 0.020458 0.004602 0.995459 -0.006260 -0.029654 -0.930241 0.000000 
9.001542e-02 1.003097e-01 9.749921e-02 9.238487e-02 1.000000e-01 1.597552e+00 -0.995459 0.008577 0.052517 0.909305 0.020458 0.004602 0.995459 -0.006260 -0.029654 -0.930241 0.000000 
9.001542e-02 1.003097e-01 9.749921e-02 9.238487e-02 1.000000e-01 1.597552e+00 -0.995459 0.008577 0.052517 0.909305 0.020458 0.004602 0.995459 -0.006260 -0.029654 -0.930241 0.000000 
9.001542e-02 1.003097e-01 9.749921e-02 9.238487e-02 1.000000e-01 1.597552e+00 -0.995459 0.008577 0.052517 0.909305 0.020458 0.004602 0.995459 -0.006260 -0.029654 -0.930241 0.000000 
9.001542e-02 1.003097e-01 9.749921e-02 9.238487e-02 1.000000e-01 1.597552e+00 -0.995459 0.008577 0.052517 0.909305 0.020458 0.004602 0.995459 -0.006260 -0.029654 -0.930241 0.000000 
9.001542e-02 1.003097e-01 9.749921e-02 9.238487e-02 1.000000e-01 1.597552e+00 -0.995459 0.008577 0.052517 0.909305 0.020458 0.004602 0.995459 -0.006260 -0.029654 -0.930241 0.000000 
9.001542e-02 1.003097e-01 9.749921e-02 9.238487e-02 1.000000e-01 1.597552e+00 -0.995459 0.008577 0.052517 0.909305 0.020458 0.004602 0.995459 -0.006260 -0.029654 -0.930241 0.000000 
9.001542e-02 1.003097e-01 9.749921e-02 9.238487e-02 1.000000e-01 1.597552e+00 -0.995459 0.008577 0.052517 0.909305 0.020458 0.004602 0.995459 -0.006260 -0.029654 -0.930241 0.000000 
9.001542e-02 1.003097e-01 9.749921e-02 9.238487e-02 1.000000e-01 1.597552e+00 -0.995459 0.008577 0.052517 0.909305 0.020458 0.004602 0.995459 -0.006260 -0.029654 -0.930241 0.000000 
9.001542e-02 1.003097e-01 9.749921e-02 9.238487e-02 1.000000e-01 1.597552e+00 -0.995459 0.008577 0.052517 0.909305 0.020458 0.004602 0.995459 -0.006260 -0.029654 -0.930241 0.000000 
9.001542e-02 1.003097e-01 9.749921e-02 9.238487e-02 1.000000e-01 1.597552e+00 -0.995459 0.008577 0.052517 0.909305 0.020458 0.004602 0.995459 -0.006260 -0.029654 -0.930241 0.000000 
9.001542e-02 1.003097e-01 9.749921e-02 9.238487e-02 1.000000e-01 1.597552e+00 -0.995459 0.008577 0.052517 0.909305 0.020458 0.004602 0.995459 -0.006260 -0.029654 -0.930241 0.000000 
9.001542e-02 1.003097e-01 9.749921e-02 9.238487e-02 1.000000e-01 1.597552e+00 -0.995459 0.008577 0.052517 0.909305 0.020458 0.004602 0.995459 -0.006260 -0.029654 -0.930241 0.000000 
9.001542e-02 1.003097e-01 9.749921e-02 9.238487e-02 1.000000e-01 1.597552e+00 -0.995459 0.008577 0.052517 0.909305 0.020458 0.004602 0.995459 -0.006260 -0.029654 -0.930241 0.000000 
9.001542e-02 1.003097e-01 9.749921e-02 9.238487e-02 1.000000e-01 1.597552e+00 -0.995459 0.008577 0.052517 0.909305 0.020458 0.004602 0.995459 -0.006260 -0.029654 -0.930241 0.000000 
9.001542e-02 1.003097e-01 9.749921e-02 9.238487e-02 1.000000e-01 1.597552e+00 -0.995459 0.008577 0.052517 0.909305 0.020458 0.004602 0.995459 -0.006260 -0.029654 -0.930241 0.000000 
9.001542e-02 1.003097e-01 9.749921e-02 9.238487e-02 1.000000e-01 1.597552e+00 -0.995459 0.008577 0.052517 0.909305 0.020458 0.004602 0.995459 -0.006260 -0.029654 -0.930241 0.000000 
9.001542e-02 1.003097e-01 9.749921e-02 9.238487e-02 1.000000e-01 1.597552e+00 -0.995459 0.008577 0.052517 0.909305 0.020458 0.004602 0.995459 -0.006260 -0.029654 -0.930241 0.000000 
9.001542e-02 1.003097e-01 9.749921e-02 9.238487e-02 1.000000e-01 1.597552e+00 -0.995459 0.008577 0.052517 0.909305 0.020458 0.004602 0.995459 -0.006260 -0.029654 -0.930241 0.000000 
9.001542e-02 1.003097e-01 9.749921e-02 9.238487e-02 1.000000e-01 1.597552e+00 -0.995459 0.008577 0.052517 0.909305 0.020458 0.004602 0.995459 -0.006260 -0.029654 -0.930241 0.000000 
9.001542e-02 1.003097e-01 9.749921e-02 9.238487e-02 1.000000e-01 1.597552e+00 -0.995459 0.008577 0.052517 0.909305 0.020458 0.004602 0.995459 -0.006260 -0.029654 -0.930241 0.000000 
9.001542e-02 1.003097e-01 9.749921e-02 9.238487e-02 1.000000e-01 1.597552e+00 -0.995459 0.008577 0.052517 0.909305 0.020458 0.004602 0.995459 -0.006260 -0.029654 -0.930241 0.000000 
9.001542e-02 1.003097e-01 9.749921e-02 9.238487e-02 1.000000e-01 1.597552e+00 -0.995459 0.008577 0.052517 0.909305 0.020458 0.004602 0.995459 -0.006260 -0.029654 -0.930241 0.000000 
9.001542e-02 1.003097e-01 9.749921e-02 9.238487e-02 1.000000e-01 1.597552e+00 -0.995459 0.008577 0.052517 0.909305 0.020458 0.004602 0.995459 -0.006260 -0.029654 -0.930241 0.000000 
9.001542e-02 1.003097e-01 9.749921e-02 9.238487e-02 1.000000e-01 1.597552e+00 -0.995459 0.008577 0.052517 0.909305 0.020458 0.004602 0.995459 -0.006260 -0.029654 -0.930241 0.000000 
9.001542e-02 1.003097e-01 9.749921e-02 9.238487e-02 1.000000e-01 1.597552e+00 -0.995459 0.008577 0.052517 0.909305 0.020458 0.004602 0.995459 -0.006260 -0.029654 -0.930241 0.000000 
9.001542e-02 1.003097e-01 9.749921e-02 9.238487e-02 1.000000e-01 1.597552e+00 -0.995459 0.008577 0.052517 0.909305 0.020458 0.004602 0.995459 -0.006260 -0.029654 -0.930241 0.000000 
9.001542e-02 1.003097e-01 9.749921e-02 9.238487e-02 1.000000e-01 1.597552e+00 -0.995459 0.008577 0.052517 0.909305 0.020458 0.004602 0.995459 -0.006260 -0.029654 -0.930241 0.000000 
9.001542e-02 1.003097e-01 9.749921e-02 9.238487e-02 1.000000e-01 1.597552e+00 -0.995459 0.008577 0.052517 0.909305 0.020458 0.004602 0.995459 -0.006260 -0.029654 -0.930241 0.000000 
9.001542e-02 1.003097e-01 9.749921e-02 9.238487e-02 1.000000e-01 1.597552e+00 -0.995459 0.008577 0.052517 0.909305 0.020458 0.004602 0.995459 -0.006260 -0.029654 -0.930241 0.000000 
9.001542e-02 1.003097e-01 9.749921e-02 9.238487e-02 1.000000e-01 1.597552e+00 -0.995459 0.008577 0.052517 0.909305 0.020458 0.004602 0.995459 -0.006260 -0.029654 -0.930241 0.000000 
9.001542e-02 1.003097e-01 9.749921e-02 9.238487e-02 1.000000e-01 1.597552e+00 -0.995459 0.008577 0.052517 0.909305 0.020458 0.004602 0.995459 -0.006260 -0.029654 -0.930241 0.000000 
9.001542e-02 1.003097e-01 9.749921e-02 9.238487e-02 1.000000e-01 1.597552e+00 -0.995459 0.008577 0.052517 0.909305 0.020458 0.004602 0.995459 -0.006260 -0.029654 -0.930241 0.000000 
9.001542e-02 1.003097e-01 9.749921e-02 9.238487e-02 1.000000e-01 1.597552e+00 -0.995459 0.008577 0.052517 0.909305 0.020458 0.004602 0.995459 -0.006260 -0.029654 -0.930241 0.000000 
9.001542e-02 1.003097e-01 9.749921e-02 9.238487e-02 1.000000e-01 1.597552e+00 -0.995459 0.008577 0.052517 0.909305 0.020458 0.004602 0.995459 -0.006260 -0.029654 -0.930241 0.000000 
