# TeX TeY TeZ ThX ThY THZ P1 P2
8.000000e-02 1.000000e-01 1.550000e+00 8.000000e-02 1.000000e-01 1.550000e+00 0.000000 0.000000 0.000000 0.000000 0.000000 0.000000 0.000000 0.000000 0.000000 0.000000 0.000000 
8.000115e-02 1.000000e-01 1.543129e+00 8.000092e-02 1.000000e-01 1.556075e+00 -0.008545 -0.010556 0.019725 0.028631 -0.020083 -0.009171 0.008545 -0.001097 -0.002194 -0.002196 0.000000 
8.000329e-02 1.000000e-01 1.536172e+00 8.000599e-02 1.000000e-01 1.562099e+00 -0.017105 -0.021304 0.039291 0.057777 -0.040400 -0.018260 0.017105 -0.002195 -0.004391 -0.004395 0.000000 
8.000581e-02 1.000000e-01 1.529132e+00 8.002003e-02 1.000000e-01 1.568066e+00 -0.025658 -0.032466 0.058436 0.088060 -0.061188 -0.027185 0.025658 -0.003293 -0.006587 -0.006594 0.000000 
8.000842e-02 1.000000e-01 1.522010e+00 8.005359e-02 1.000000e-01 1.573959e+00 -0.034171 -0.044208 0.076583 0.120272 -0.082609 -0.035868 0.034171 -0.004386 -0.008773 -0.008781 0.000000 
8.001099e-02 1.000000e-01 1.514805e+00 8.013288e-02 1.000000e-01 1.579745e+00 -0.042573 -0.056538 0.092409 0.155521 -0.104594 -0.044226 0.042573 -0.005464 -0.010930 -0.010940 0.000000 
8.001345e-02 1.000000e-01 1.507520e+00 8.032678e-02 1.000000e-01 1.585345e+00 -0.050711 -0.068799 0.102083 0.195413 -0.126083 -0.051904 0.050711 -0.006508 -0.013019 -0.013031 0.000000 
8.001576e-02 1.000000e-01 1.500153e+00 8.085174e-02 1.000000e-01 1.590576e+00 -0.058360 -0.079859 0.096924 0.244995 -0.145182 -0.058518 0.058360 -0.007490 -0.014983 -0.014997 0.000000 
8.001790e-02 1.000000e-01 1.492707e+00 8.239359e-02 1.000000e-01 1.595145e+00 -0.065620 -0.089884 0.050684 0.330316 -0.161436 -0.064060 0.065620 -0.008422 -0.016847 -0.016863 0.000000 
8.001986e-02 1.000000e-01 1.485184e+00 8.414258e-02 1.000000e-01 1.597500e+00 -0.072622 -0.098840 -0.037366 0.453645 -0.175939 -0.068879 0.072622 -0.009321 -0.018645 -0.018662 0.000000 
8.002166e-02 1.000000e-01 1.477586e+00 8.414258e-02 1.000000e-01 1.597500e+00 -0.077643 -0.097910 -0.033905 0.456579 -0.177119 -0.070003 0.077643 -0.009965 -0.019934 -0.019952 0.000000 
8.002328e-02 1.000000e-01 1.469913e+00 8.414258e-02 1.000000e-01 1.597500e+00 -0.082714 -0.096888 -0.030688 0.459202 -0.177988 -0.070925 0.082714 -0.010616 -0.021236 -0.021255 0.000000 
8.002474e-02 1.000000e-01 1.462165e+00 8.414258e-02 1.000000e-01 1.597500e+00 -0.087835 -0.095799 -0.027727 0.461523 -0.178532 -0.071630 0.087834 -0.011273 -0.022550 -0.022571 0.000000 
8.002605e-02 1.000000e-01 1.454342e+00 8.414258e-02 1.000000e-01 1.597500e+00 -0.093004 -0.094679 -0.024946 0.463649 -0.178843 -0.072178 0.093004 -0.011936 -0.023877 -0.023899 0.000000 
8.002722e-02 1.000000e-01 1.446446e+00 8.414258e-02 1.000000e-01 1.597500e+00 -0.098222 -0.093545 -0.022341 0.465599 -0.178922 -0.072570 0.098221 -0.012606 -0.025217 -0.025240 0.000000 
8.002825e-02 1.000000e-01 1.438476e+00 8.414258e-02 1.000000e-01 1.597500e+00 -0.103488 -0.092412 -0.019877 0.467424 -0.178814 -0.072834 0.103488 -0.013282 -0.026569 -0.026594 0.000000 
8.002917e-02 1.000000e-01 1.430433e+00 8.414258e-02 1.000000e-01 1.597500e+00 -0.108802 -0.091289 -0.017533 0.469154 -0.178541 -0.072989 0.108802 -0.013964 -0.027933 -0.027959 0.000000 
8.002998e-02 1.000000e-01 1.422318e+00 8.414258e-02 1.000000e-01 1.597500e+00 -0.114164 -0.090185 -0.015304 0.470805 -0.178112 -0.073041 0.114164 -0.014652 -0.029310 -0.029337 0.000000 
8.003068e-02 1.000000e-01 1.414131e+00 8.414258e-02 1.000000e-01 1.597500e+00 -0.119573 -0.089101 -0.013160 0.472405 -0.177559 -0.073013 0.119573 -0.015346 -0.030699 -0.030727 0.000000 
8.003131e-02 1.000000e-01 1.405873e+00 8.414258e-02 1.000000e-01 1.597500e+00 -0.125030 -0.088040 -0.011097 0.473964 -0.176887 -0.072910 0.125030 -0.016047 -0.032100 -0.032129 0.000000 
8.003185e-02 1.000000e-01 1.397544e+00 8.414258e-02 1.000000e-01 1.597500e+00 -0.130533 -0.087005 -0.009105 0.475494 -0.176110 -0.072742 0.130533 -0.016753 -0.033512 -0.033544 0.000000 
8.003232e-02 1.000000e-01 1.389144e+00 8.414258e-02 1.000000e-01 1.597500e+00 -0.136083 -0.085992 -0.007168 0.477007 -0.175245 -0.072519 0.136083 -0.017465 -0.034937 -0.034970 0.000000 
8.003273e-02 1.000000e-01 1.380674e+00 8.414258e-02 1.000000e-01 1.597500e+00 -0.141679 -0.085002 -0.005284 0.478508 -0.174296 -0.072247 0.141679 -0.018184 -0.036374 -0.036408 0.000000 
8.003309e-02 1.000000e-01 1.372135e+00 8.414258e-02 1.000000e-01 1.597500e+00 -0.147321 -0.084035 -0.003444 0.480003 -0.173272 -0.071932 0.147321 -0.018908 -0.037822 -0.037858 0.000000 
8.003340e-02 1.000000e-01 1.363527e+00 8.414258e-02 1.000000e-01 1.597500e+00 -0.153008 -0.083086 -0.001639 0.481497 -0.172184 -0.071580 0.153008 -0.019638 -0.039283 -0.039319 0.000000 
8.003367e-02 1.000000e-01 1.354851e+00 8.414258e-02 1.000000e-01 1.597500e+00 -0.158741 -0.082155 0.000135 0.482992 -0.171037 -0.071195 0.158741 -0.020373 -0.040754 -0.040792 0.000000 
8.003390e-02 1.000000e-01 1.346107e+00 8.414258e-02 1.000000e-01 1.597500e+00 -0.164518 -0.081241 0.001880 0.484491 -0.169834 -0.070779 0.164518 -0.021115 -0.042238 -0.042277 0.000000 
8.003410e-02 1.000000e-01 1.337295e+00 8.414258e-02 1.000000e-01 1.597500e+00 -0.170340 -0.080341 0.003605 0.485996 -0.168583 -0.070339 0.170339 -0.021862 -0.043732 -0.043773 0.000000 
8.003428e-02 1.000000e-01 1.328417e+00 8.414258e-02 1.000000e-01 1.597500e+00 -0.176205 -0.079453 0.005312 0.487509 -0.167289 -0.069875 0.176205 -0.022615 -0.045238 -0.045280 0.000000 
8.003442e-02 1.000000e-01 1.319473e+00 8.414258e-02 1.000000e-01 1.597500e+00 -0.182115 -0.078575 0.007005 0.489030 -0.165955 -0.069391 0.182115 -0.023373 -0.046755 -0.046799 0.000000 
8.003455e-02 1.000000e-01 1.310462e+00 8.414258e-02 1.000000e-01 1.597500e+00 -0.188068 -0.077706 0.008686 0.490561 -0.164585 -0.068889 0.188068 -0.024137 -0.048284 -0.048328 0.000000 
8.003466e-02 1.000000e-01 1.301387e+00 8.414258e-02 1.000000e-01 1.597500e+00 -0.194064 -0.076845 0.010358 0.492101 -0.163182 -0.068370 0.194064 -0.024907 -0.049823 -0.049869 0.000000 
8.003475e-02 1.000000e-01 1.292247e+00 8.414258e-02 1.000000e-01 1.597500e+00 -0.200103 -0.075989 0.012024 0.493652 -0.161748 -0.067836 0.200102 -0.025682 -0.051373 -0.051421 0.000000 
8.003483e-02 1.000000e-01 1.283043e+00 8.414258e-02 1.000000e-01 1.597500e+00 -0.206184 -0.075139 0.013685 0.495212 -0.160287 -0.067289 0.206183 -0.026462 -0.052935 -0.052984 0.000000 
8.003490e-02 1.000000e-01 1.273775e+00 8.414258e-02 1.000000e-01 1.597500e+00 -0.212307 -0.074292 0.015344 0.496784 -0.158801 -0.066730 0.212307 -0.027248 -0.054507 -0.054557 0.000000 
8.003496e-02 1.000000e-01 1.264444e+00 8.414258e-02 1.000000e-01 1.597500e+00 -0.218472 -0.073447 0.017003 0.498366 -0.157291 -0.066160 0.218471 -0.028039 -0.056089 -0.056141 0.000000 
8.003501e-02 1.000000e-01 1.255050e+00 8.414258e-02 1.000000e-01 1.597500e+00 -0.224678 -0.072604 0.018661 0.499958 -0.155759 -0.065580 0.224677 -0.028836 -0.057683 -0.057736 0.000000 
8.003505e-02 1.000000e-01 1.245595e+00 8.414258e-02 1.000000e-01 1.597500e+00 -0.230925 -0.071763 0.020322 0.501562 -0.154206 -0.064990 0.230925 -0.029638 -0.059286 -0.059341 0.000000 
8.003509e-02 1.000000e-01 1.236077e+00 8.414258e-02 1.000000e-01 1.597500e+00 -0.237213 -0.070921 0.021985 0.503175 -0.152635 -0.064392 0.237212 -0.030445 -0.060901 -0.060957 0.000000 
8.003512e-02 1.000000e-01 1.226499e+00 8.414258e-02 1.000000e-01 1.597500e+00 -0.243541 -0.070079 0.023651 0.504800 -0.151046 -0.063786 0.243541 -0.031257 -0.062525 -0.062583 0.000000 
8.003515e-02 1.000000e-01 1.216860e+00 8.414258e-02 1.000000e-01 1.597500e+00 -0.249909 -0.069236 0.025323 0.506434 -0.149441 -0.063173 0.249909 -0.032074 -0.064160 -0.064220 0.000000 
8.003517e-02 1.000000e-01 1.207162e+00 8.414258e-02 1.000000e-01 1.597500e+00 -0.256317 -0.068391 0.026999 0.508079 -0.147819 -0.062553 0.256317 -0.032897 -0.065805 -0.065866 0.000000 
8.003519e-02 1.000000e-01 1.197403e+00 8.414258e-02 1.000000e-01 1.597500e+00 -0.262764 -0.067544 0.028681 0.509735 -0.146183 -0.061926 0.262764 -0.033724 -0.067461 -0.067523 0.000000 
8.003520e-02 1.000000e-01 1.187586e+00 8.414258e-02 1.000000e-01 1.597500e+00 -0.269250 -0.066695 0.030369 0.511400 -0.144532 -0.061293 0.269250 -0.034556 -0.069126 -0.069190 0.000000 
8.003522e-02 1.000000e-01 1.177711e+00 8.414258e-02 1.000000e-01 1.597500e+00 -0.275775 -0.065844 0.032064 0.513076 -0.142868 -0.060655 0.275774 -0.035394 -0.070801 -0.070867 0.000000 
8.003523e-02 1.000000e-01 1.167777e+00 8.414258e-02 1.000000e-01 1.597500e+00 -0.282338 -0.064989 0.033766 0.514761 -0.141191 -0.060011 0.282337 -0.036236 -0.072486 -0.072553 0.000000 
8.003524e-02 1.000000e-01 1.157786e+00 8.414258e-02 1.000000e-01 1.597500e+00 -0.288939 -0.064131 0.035475 0.516457 -0.139501 -0.059362 0.288938 -0.037083 -0.074181 -0.074249 0.000000 
8.003524e-02 1.000000e-01 1.147738e+00 8.414258e-02 1.000000e-01 1.597500e+00 -0.295577 -0.063270 0.037192 0.518162 -0.137800 -0.058708 0.295577 -0.037935 -0.075885 -0.075955 0.000000 
8.003525e-02 1.000000e-01 1.137633e+00 8.414258e-02 1.000000e-01 1.597500e+00 -0.302253 -0.062406 0.038917 0.519877 -0.136086 -0.058050 0.302253 -0.038792 -0.077599 -0.077671 0.000000 
8.003526e-02 1.000000e-01 1.127473e+00 8.414258e-02 1.000000e-01 1.597500e+00 -0.308966 -0.061538 0.040649 0.521601 -0.134362 -0.057386 0.308965 -0.039654 -0.079322 -0.079396 0.000000 
8.003526e-02 1.000000e-01 1.117257e+00 8.414258e-02 1.000000e-01 1.597500e+00 -0.315716 -0.060666 0.042390 0.523335 -0.132627 -0.056719 0.315715 -0.040520 -0.081055 -0.081130 0.000000 
8.003527e-02 1.000000e-01 1.106985e+00 8.414258e-02 1.000000e-01 1.597500e+00 -0.322501 -0.059790 0.044139 0.525079 -0.130880 -0.056047 0.322501 -0.041391 -0.082797 -0.082874 0.000000 
8.003527e-02 1.000000e-01 1.096660e+00 8.414258e-02 1.000000e-01 1.597500e+00 -0.329323 -0.058911 0.045896 0.526832 -0.129124 -0.055371 0.329323 -0.042266 -0.084549 -0.084627 0.000000 
8.003527e-02 1.000000e-01 1.086280e+00 8.414258e-02 1.000000e-01 1.597500e+00 -0.336181 -0.058027 0.047661 0.528593 -0.127357 -0.054691 0.336180 -0.043147 -0.086309 -0.086389 0.000000 
8.003527e-02 1.000000e-01 1.075847e+00 8.414258e-02 1.000000e-01 1.597500e+00 -0.343074 -0.057140 0.049435 0.530365 -0.125581 -0.054007 0.343073 -0.044031 -0.088079 -0.088161 0.000000 
8.003528e-02 1.000000e-01 1.065361e+00 8.414258e-02 1.000000e-01 1.597500e+00 -0.350002 -0.056248 0.051217 0.532145 -0.123795 -0.053319 0.350001 -0.044920 -0.089858 -0.089941 0.000000 
8.003528e-02 1.000000e-01 1.054822e+00 8.414258e-02 1.000000e-01 1.597500e+00 -0.356965 -0.055352 0.053007 0.533934 -0.121999 -0.052627 0.356964 -0.045814 -0.091645 -0.091730 0.000000 
8.003528e-02 1.000000e-01 1.044231e+00 8.414258e-02 1.000000e-01 1.597500e+00 -0.363962 -0.054452 0.054806 0.535732 -0.120193 -0.051932 0.363962 -0.046712 -0.093442 -0.093528 0.000000 
8.003528e-02 1.000000e-01 1.033588e+00 8.414258e-02 1.000000e-01 1.597500e+00 -0.370994 -0.053548 0.056614 0.537538 -0.118379 -0.051233 0.370993 -0.047615 -0.095247 -0.095335 0.000000 
8.003528e-02 1.000000e-01 1.022894e+00 8.414258e-02 1.000000e-01 1.597500e+00 -0.378059 -0.052640 0.058429 0.539354 -0.116555 -0.050530 0.378058 -0.048521 -0.097061 -0.097151 0.000000 
8.003528e-02 1.000000e-01 1.012149e+00 8.414258e-02 1.000000e-01 1.597500e+00 -0.385158 -0.051728 0.060253 0.541178 -0.114723 -0.049825 0.385157 -0.049432 -0.098883 -0.098975 0.000000 
8.003528e-02 1.000000e-01 1.001354e+00 8.414258e-02 1.000000e-01 1.597500e+00 -0.392290 -0.050812 0.062086 0.543011 -0.112881 -0.049115 0.392289 -0.050348 -0.100714 -0.100808 0.000000 
8.003528e-02 1.000000e-01 9.905087e-01 8.414258e-02 1.000000e-01 1.597500e+00 -0.399455 -0.049891 0.063926 0.544852 -0.111031 -0.048402 0.399455 -0.051267 -0.102554 -0.102649 0.000000 
8.003528e-02 1.000000e-01 9.796141e-01 8.414258e-02 1.000000e-01 1.597500e+00 -0.406653 -0.048967 0.065775 0.546701 -0.109172 -0.047686 0.406652 -0.052191 -0.104402 -0.104499 0.000000 
8.003528e-02 1.000000e-01 9.686705e-01 8.414258e-02 1.000000e-01 1.597500e+00 -0.413883 -0.048039 0.067632 0.548559 -0.107305 -0.046967 0.413883 -0.053119 -0.106258 -0.106357 0.000000 
8.003528e-02 1.000000e-01 9.576784e-01 8.414258e-02 1.000000e-01 1.597500e+00 -0.421145 -0.047106 0.069497 0.550426 -0.105429 -0.046244 0.421145 -0.054051 -0.108123 -0.108223 0.000000 
8.003528e-02 1.000000e-01 9.466381e-01 8.414258e-02 1.000000e-01 1.597500e+00 -0.428440 -0.046169 0.071371 0.552300 -0.103545 -0.045518 0.428439 -0.054987 -0.109995 -0.110097 0.000000 
8.003529e-02 1.000000e-01 9.355500e-01 8.414258e-02 1.000000e-01 1.597500e+00 -0.435765 -0.045229 0.073252 0.554182 -0.101653 -0.044789 0.435765 -0.055928 -0.111876 -0.111980 0.000000 
8.003529e-02 1.000000e-01 9.244146e-01 8.414258e-02 1.000000e-01 1.597500e+00 -0.443122 -0.044284 0.075141 0.556073 -0.099753 -0.044056 0.443121 -0.056872 -0.113765 -0.113870 0.000000 
8.003529e-02 1.000000e-01 9.132324e-01 8.414258e-02 1.000000e-01 1.597500e+00 -0.450510 -0.043336 0.077038 0.557971 -0.097844 -0.043321 0.450509 -0.057820 -0.115661 -0.115769 0.000000 
8.003529e-02 1.000000e-01 9.020037e-01 8.414258e-02 1.000000e-01 1.597500e+00 -0.457929 -0.042384 0.078943 0.559878 -0.095928 -0.042582 0.457928 -0.058772 -0.117566 -0.117675 0.000000 
8.003529e-02 1.000000e-01 8.907289e-01 8.414258e-02 1.000000e-01 1.597500e+00 -0.465378 -0.041428 0.080855 0.561792 -0.094003 -0.041841 0.465377 -0.059728 -0.119479 -0.119589 0.000000 
8.003529e-02 1.000000e-01 8.794084e-01 8.414258e-02 1.000000e-01 1.597500e+00 -0.472857 -0.040468 0.082776 0.563714 -0.092071 -0.041096 0.472856 -0.060688 -0.121399 -0.121511 0.000000 
8.003529e-02 1.000000e-01 8.680427e-01 8.414258e-02 1.000000e-01 1.597500e+00 -0.480366 -0.039504 0.084704 0.565643 -0.090131 -0.040349 0.480365 -0.061652 -0.123327 -0.123441 0.000000 
8.003529e-02 1.000000e-01 8.566321e-01 8.414258e-02 1.000000e-01 1.597500e+00 -0.487905 -0.038536 0.086639 0.567581 -0.088183 -0.039598 0.487904 -0.062619 -0.125262 -0.125378 0.000000 
8.003529e-02 1.000000e-01 8.451771e-01 8.414258e-02 1.000000e-01 1.597500e+00 -0.495473 -0.037565 0.088582 0.569525 -0.086228 -0.038845 0.495472 -0.063591 -0.127205 -0.127323 0.000000 
8.003529e-02 1.000000e-01 8.336780e-01 8.414258e-02 1.000000e-01 1.597500e+00 -0.503070 -0.036590 0.090533 0.571478 -0.084265 -0.038088 0.503069 -0.064566 -0.129155 -0.129275 0.000000 
8.003529e-02 1.000000e-01 8.221352e-01 8.414258e-02 1.000000e-01 1.597500e+00 -0.510696 -0.035611 0.092491 0.573437 -0.082295 -0.037329 0.510695 -0.065544 -0.131113 -0.131235 0.000000 
8.003529e-02 1.000000e-01 8.105491e-01 8.414258e-02 1.000000e-01 1.597500e+00 -0.518351 -0.034628 0.094456 0.575404 -0.080317 -0.036567 0.518350 -0.066527 -0.133079 -0.133202 0.000000 
8.003529e-02 1.000000e-01 7.989200e-01 8.414258e-02 1.000000e-01 1.597500e+00 -0.526034 -0.033642 0.096429 0.577379 -0.078332 -0.035802 0.526033 -0.067513 -0.135051 -0.135176 0.000000 
8.003529e-02 1.000000e-01 7.872484e-01 8.414258e-02 1.000000e-01 1.597500e+00 -0.533745 -0.032652 0.098409 0.579360 -0.076339 -0.035034 0.533744 -0.068503 -0.137031 -0.137158 0.000000 
8.003529e-02 9.999999e-02 7.755346e-01 8.414258e-02 1.000000e-01 1.597500e+00 -0.541484 -0.031659 0.100396 0.581349 -0.074340 -0.034263 0.541483 -0.069496 -0.139018 -0.139146 0.000000 
8.003529e-02 9.999999e-02 7.637791e-01 8.414258e-02 1.000000e-01 1.597500e+00 -0.549251 -0.030662 0.102390 0.583345 -0.072333 -0.033490 0.549250 -0.070493 -0.141012 -0.141142 0.000000 
8.003529e-02 9.999999e-02 7.519820e-01 8.414258e-02 1.000000e-01 1.597500e+00 -0.557045 -0.029662 0.104391 0.585348 -0.070319 -0.032714 0.557044 -0.071493 -0.143013 -0.143145 0.000000 
8.003529e-02 9.999999e-02 7.401439e-01 8.414258e-02 1.000000e-01 1.597500e+00 -0.564866 -0.028658 0.106399 0.587357 -0.068298 -0.031935 0.564865 -0.072497 -0.145021 -0.145155 0.000000 
8.003529e-02 9.999999e-02 7.282650e-01 8.414258e-02 1.000000e-01 1.597500e+00 -0.572714 -0.027651 0.108413 0.589374 -0.066271 -0.031154 0.572713 -0.073504 -0.147035 -0.147172 0.000000 
8.003529e-02 9.999999e-02 7.163457e-01 8.414258e-02 1.000000e-01 1.597500e+00 -0.580589 -0.026640 0.110435 0.591398 -0.064236 -0.030370 0.580588 -0.074515 -0.149057 -0.149195 0.000000 
8.003529e-02 9.999998e-02 7.043864e-01 8.414258e-02 1.000000e-01 1.597500e+00 -0.588490 -0.025626 0.112464 0.593428 -0.062195 -0.029583 0.588489 -0.075529 -0.151086 -0.151226 0.000000 
8.003529e-02 9.999998e-02 6.923874e-01 8.414258e-02 1.000000e-01 1.597500e+00 -0.596418 -0.024609 0.114499 0.595465 -0.060146 -0.028794 0.596417 -0.076546 -0.153121 -0.153263 0.000000 
8.003529e-02 9.999998e-02 6.803491e-01 8.414258e-02 1.000000e-01 1.597500e+00 -0.604371 -0.023588 0.116541 0.597509 -0.058091 -0.028002 0.604370 -0.077567 -0.155163 -0.155307 0.000000 
8.003529e-02 9.999997e-02 6.682717e-01 8.414258e-02 1.000000e-01 1.597500e+00 -0.612350 -0.022564 0.118589 0.599560 -0.056030 -0.027207 0.612350 -0.078591 -0.157211 -0.157357 0.000000 
8.003529e-02 9.999997e-02 6.561557e-01 8.414258e-02 1.000000e-01 1.597500e+00 -0.620355 -0.021537 0.120645 0.601617 -0.053961 -0.026410 0.620354 -0.079618 -0.159267 -0.159414 0.000000 
8.003529e-02 9.999996e-02 6.440013e-01 8.414258e-02 1.000000e-01 1.597500e+00 -0.628385 -0.020506 0.122706 0.603680 -0.051886 -0.025611 0.628385 -0.080649 -0.161328 -0.161478 0.000000 
8.003529e-02 9.999995e-02 6.318088e-01 8.414258e-02 1.000000e-01 1.597500e+00 -0.636441 -0.019472 0.124774 0.605750 -0.049805 -0.024809 0.636440 -0.081683 -0.163396 -0.163548 0.000000 
8.003529e-02 9.999994e-02 6.195787e-01 8.414258e-02 1.000000e-01 1.597500e+00 -0.644521 -0.018435 0.126849 0.607827 -0.047717 -0.024004 0.644520 -0.082720 -0.165471 -0.165624 0.000000 
8.003529e-02 9.999993e-02 6.073111e-01 8.414258e-02 1.000000e-01 1.597500e+00 -0.652626 -0.017395 0.128930 0.609909 -0.045623 -0.023197 0.652625 -0.083760 -0.167551 -0.167707 0.000000 
8.003529e-02 9.999992e-02 5.950065e-01 8.414258e-02 1.000000e-01 1.597500e+00 -0.660755 -0.016351 0.131017 0.611998 -0.043523 -0.022388 0.660754 -0.084803 -0.169639 -0.169796 0.000000 
8.003529e-02 9.999990e-02 5.826652e-01 8.414258e-02 1.000000e-01 1.597500e+00 -0.668909 -0.015305 0.133110 0.614094 -0.041416 -0.021576 0.668908 -0.085850 -0.171732 -0.171891 0.000000 
8.003529e-02 9.999988e-02 5.702874e-01 8.414258e-02 1.000000e-01 1.597500e+00 -0.677086 -0.014255 0.135210 0.616195 -0.039303 -0.020761 0.677086 -0.086899 -0.173831 -0.173993 0.000000 
8.003529e-02 9.999985e-02 5.578734e-01 8.414258e-02 1.000000e-01 1.597500e+00 -0.685288 -0.013203 0.137315 0.618303 -0.037184 -0.019945 0.685288 -0.087952 -0.175937 -0.176100 0.000000 
8.003529e-02 9.999982e-02 5.454236e-01 8.414258e-02 1.000000e-01 1.597500e+00 -0.693513 -0.012147 0.139427 0.620416 -0.035059 -0.019126 0.693513 -0.089007 -0.178049 -0.178214 0.000000 
8.003529e-02 9.999978e-02 5.329382e-01 8.414258e-02 1.000000e-01 1.597500e+00 -0.701762 -0.011088 0.141545 0.622536 -0.032927 -0.018304 0.701762 -0.090066 -0.180166 -0.180334 0.000000 
8.003529e-02 9.999974e-02 5.204176e-01 8.414258e-02 1.000000e-01 1.597500e+00 -0.710034 -0.010027 0.143668 0.624662 -0.030790 -0.017481 0.710034 -0.091128 -0.182290 -0.182460 0.000000 
8.003529e-02 9.999968e-02 5.078620e-01 8.414258e-02 1.000000e-01 1.597500e+00 -0.718329 -0.008962 0.145798 0.626793 -0.028647 -0.016655 0.718329 -0.092192 -0.184420 -0.184591 0.000000 
8.003529e-02 9.999962e-02 4.952718e-01 8.414258e-02 1.000000e-01 1.597500e+00 -0.726648 -0.007895 0.147934 0.628931 -0.026497 -0.015826 0.726647 -0.093260 -0.186555 -0.186729 0.000000 
8.003529e-02 9.999953e-02 4.826472e-01 8.414258e-02 1.000000e-01 1.597500e+00 -0.734988 -0.006824 0.150075 0.631074 -0.024342 -0.014996 0.734988 -0.094330 -0.188697 -0.188873 0.000000 
8.003529e-02 9.999944e-02 4.699884e-01 8.414258e-02 1.000000e-01 1.597500e+00 -0.743352 -0.005751 0.152222 0.633223 -0.022181 -0.014163 0.743351 -0.095403 -0.190844 -0.191023 0.000000 
8.003529e-02 9.999931e-02 4.572959e-01 8.414258e-02 1.000000e-01 1.597500e+00 -0.751737 -0.004674 0.154375 0.635378 -0.020015 -0.013328 0.751737 -0.096478 -0.192997 -0.193179 0.000000 
8.003529e-02 9.999917e-02 4.445698e-01 8.414258e-02 1.000000e-01 1.597500e+00 -0.760145 -0.003595 0.156534 0.637539 -0.017842 -0.012491 0.760145 -0.097556 -0.195156 -0.195342 0.000000 
8.003529e-02 9.999899e-02 4.318104e-01 8.414258e-02 1.000000e-01 1.597500e+00 -0.768575 -0.002513 0.158698 0.639705 -0.015664 -0.011652 0.768575 -0.098637 -0.197320 -0.197511 0.000000 
8.003529e-02 9.999877e-02 4.190180e-01 8.414258e-02 1.000000e-01 1.597500e+00 -0.777027 -0.001429 0.160868 0.641877 -0.013480 -0.010810 0.777026 -0.099720 -0.199490 -0.199687 0.000000 
8.003529e-02 9.999850e-02 4.061929e-01 8.414258e-02 1.000000e-01 1.597500e+00 -0.785500 -0.000341 0.163043 0.644054 -0.011291 -0.009966 0.785500 -0.100804 -0.201666 -0.201871 0.000000 
8.003529e-02 9.999817e-02 3.933352e-01 8.414258e-02 1.000000e-01 1.597500e+00 -0.793995 0.000749 0.165224 0.646237 -0.009096 -0.009121 0.793994 -0.101889 -0.203847 -0.204063 0.000000 
8.003529e-02 9.999777e-02 3.804454e-01 8.414258e-02 1.000000e-01 1.597500e+00 -0.802511 0.001842 0.167410 0.648426 -0.006896 -0.008273 0.802511 -0.102975 -0.206034 -0.206266 0.000000 
8.003529e-02 9.999728e-02 3.675236e-01 8.414258e-02 1.000000e-01 1.597500e+00 -0.811048 0.002938 0.169602 0.650620 -0.004690 -0.007423 0.811048 -0.104059 -0.208227 -0.208482 0.000000 
8.003529e-02 9.999668e-02 3.545701e-01 8.414258e-02 1.000000e-01 1.597500e+00 -0.819606 0.004036 0.171799 0.652819 -0.002479 -0.006570 0.819606 -0.105141 -0.210425 -0.210715 0.000000 
8.003529e-02 9.999595e-02 3.415852e-01 8.414258e-02 1.000000e-01 1.597500e+00 -0.828185 0.005137 0.174002 0.655023 -0.000262 -0.005716 0.828185 -0.106216 -0.212630 -0.212971 0.000000 
8.003529e-02 9.999506e-02 3.285690e-01 8.414258e-02 1.000000e-01 1.597500e+00 -0.836785 0.006241 0.176210 0.657233 0.001960 -0.004860 0.836784 -0.107281 -0.214841 -0.215259 0.000000 
8.003529e-02 9.999396e-02 3.155219e-01 8.414258e-02 1.000000e-01 1.597500e+00 -0.845405 0.007347 0.178423 0.659448 0.004187 -0.004002 0.845404 -0.108327 -0.217059 -0.217593 0.000000 
8.003529e-02 9.999261e-02 3.024440e-01 8.414258e-02 1.000000e-01 1.597500e+00 -0.854045 0.008456 0.180641 0.661669 0.006420 -0.003141 0.854045 -0.109345 -0.219284 -0.219996 0.000000 
8.003529e-02 9.999097e-02 2.893357e-01 8.414258e-02 1.000000e-01 1.597500e+00 -0.862705 0.009568 0.182864 0.663894 0.008657 -0.002279 0.862705 -0.110318 -0.221518 -0.222499 0.000000 
8.003529e-02 9.998896e-02 2.761971e-01 8.414258e-02 1.000000e-01 1.597500e+00 -0.871386 0.010682 0.185093 0.666125 0.010900 -0.001415 0.871386 -0.111219 -0.223763 -0.225156 0.000000 
8.003529e-02 9.998649e-02 2.630284e-01 8.414258e-02 1.000000e-01 1.597500e+00 -0.880086 0.011798 0.187327 0.668361 0.013148 -0.000548 0.880086 -0.112011 -0.226020 -0.228046 0.000000 
8.003529e-02 9.998349e-02 2.498300e-01 8.414258e-02 1.000000e-01 1.597500e+00 -0.888807 0.012918 0.189566 0.670601 0.015402 0.000320 0.888807 -0.112639 -0.228292 -0.231283 0.000000 
8.003529e-02 9.997983e-02 2.366019e-01 8.414258e-02 1.000000e-01 1.597500e+00 -0.897547 0.014039 0.191809 0.672847 0.017660 0.001190 0.897547 -0.113001 -0.230580 -0.235080 0.000000 
8.003529e-02 9.997540e-02 2.233443e-01 8.414258e-02 1.000000e-01 1.597500e+00 -0.906307 0.015164 0.194058 0.675099 0.019923 0.002063 0.906307 -0.112973 -0.232881 -0.239717 0.000000 
8.003529e-02 9.997007e-02 2.100575e-01 8.414258e-02 1.000000e-01 1.597500e+00 -0.915087 0.016290 0.196313 0.677355 0.022192 0.002937 0.915086 -0.112362 -0.235179 -0.245642 0.000000 
8.003529e-02 9.996374e-02 1.967415e-01 8.414258e-02 1.000000e-01 1.597500e+00 -0.923886 0.017420 0.198572 0.679616 0.024465 0.003813 0.923886 -0.110826 -0.237419 -0.253709 0.000000 
8.003529e-02 9.995636e-02 1.833963e-01 8.414258e-02 1.000000e-01 1.597500e+00 -0.932706 0.018552 0.200836 0.681883 0.026744 0.004691 0.932706 -0.107971 -0.239452 -0.265072 0.000000 
8.003529e-02 9.994805e-02 1.700221e-01 8.414258e-02 1.000000e-01 1.597500e+00 -0.941547 0.019686 0.203106 0.684154 0.029029 0.005572 0.941547 -0.103220 -0.240910 -0.281732 0.000000 
8.003529e-02 9.993947e-02 1.566182e-01 8.414258e-02 1.000000e-01 1.597500e+00 -0.950412 0.020824 0.205382 0.686432 0.031319 0.006454 0.950412 -0.095657 -0.240740 -0.307785 0.000000 
8.003529e-02 9.993323e-02 1.431819e-01 8.414258e-02 1.000000e-01 1.597500e+00 -0.959308 0.021966 0.207666 0.688718 0.033618 0.007340 0.959308 -0.084453 -0.236527 -0.349777 0.000000 
8.003529e-02 9.994083e-02 1.296997e-01 8.414258e-02 1.000000e-01 1.597500e+00 -0.968276 0.023117 0.209968 0.691023 0.035935 0.008233 0.968276 -0.068662 -0.222403 -0.420905 0.000000 
8.003529e-02 1.000100e-01 1.161087e-01 8.414258e-02 1.000000e-01 1.597500e+00 -0.977526 0.024304 0.212343 0.693400 0.038325 0.009154 0.977526 -0.047076 -0.182339 -0.552577 0.000000 
8.003529e-02 1.002359e-01 1.021771e-01 8.414258e-02 1.000000e-01 1.597500e+00 -0.987914 0.025637 0.215010 0.696069 0.041009 0.010188 0.987914 -0.017633 -0.081188 -0.807985 0.000000 
8.003529e-02 1.003097e-01 9.749694e-02 8.414258e-02 1.000000e-01 1.597500e+00 -0.991804 0.026137 0.216009 0.697069 0.042014 0.010576 0.991804 -0.005785 -0.028688 -0.929363 0.000000 
8.003529e-02 1.003097e-01 9.749694e-02 8.414258e-02 1.000000e-01 1.597500e+00 -0.991804 0.026137 0.216009 0.697069 0.042014 0.010576 0.991804 -0.005785 -0.028688 -0.929363 0.000000 
8.003529e-02 1.003097e-01 9.749694e-02 8.414258e-02 1.000000e-01 1.597500e+00 -0.991804 0.026137 0.216009 0.697069 0.042014 0.010576 0.991804 -0.005785 -0.028688 -0.929363 0.000000 
8.003529e-02 1.003097e-01 9.749694e-02 8.414258e-02 1.000000e-01 1.597500e+00 -0.991804 0.026137 0.216009 0.697069 0.042014 0.010576 0.991804 -0.005785 -0.028688 -0.929363 0.000000 
8.003529e-02 1.003097e-01 9.749694e-02 8.414258e-02 1.000000e-01 1.597500e+00 -0.991804 0.026137 0.216009 0.697069 0.042014 0.010576 0.991804 -0.005785 -0.028688 -0.929363 0.000000 
8.003529e-02 1.003097e-01 9.749694e-02 8.414258e-02 1.000000e-01 1.597500e+00 -0.991804 0.026137 0.216009 0.697069 0.042014 0.010576 0.991804 -0.005785 -0.028688 -0.929363 0.000000 
8.003529e-02 1.003097e-01 9.749694e-02 8.414258e-02 1.000000e-01 1.597500e+00 -0.991804 0.026137 0.216009 0.697069 0.042014 0.010576 0.991804 -0.005785 -0.028688 -0.929363 0.000000 
8.003529e-02 1.003097e-01 9.749694e-02 8.414258e-02 1.000000e-01 1.597500e+00 -0.991804 0.026137 0.216009 0.697069 0.042014 0.010576 0.991804 -0.005785 -0.028688 -0.929363 0.000000 
8.003529e-02 1.003097e-01 9.749694e-02 8.414258e-02 1.000000e-01 1.597500e+00 -0.991804 0.026137 0.216009 0.697069 0.042014 0.010576 0.991804 -0.005785 -0.028688 -0.929363 0.000000 
8.003529e-02 1.003097e-01 9.749694e-02 8.414258e-02 1.000000e-01 1.597500e+00 -0.991804 0.026137 0.216009 0.697069 0.042014 0.010576 0.991804 -0.005785 -0.028688 -0.929363 0.000000 
8.003529e-02 1.003097e-01 9.749694e-02 8.414258e-02 1.000000e-01 1.597500e+00 -0.991804 0.026137 0.216009 0.697069 0.042014 0.010576 0.991804 -0.005785 -0.028688 -0.929363 0.000000 
8.003529e-02 1.003097e-01 9.749694e-02 8.414258e-02 1.000000e-01 1.597500e+00 -0.991804 0.026137 0.216009 0.697069 0.042014 0.010576 0.991804 -0.005785 -0.028688 -0.929363 0.000000 
8.003529e-02 1.003097e-01 9.749694e-02 8.414258e-02 1.000000e-01 1.597500e+00 -0.991804 0.026137 0.216009 0.697069 0.042014 0.010576 0.991804 -0.005785 -0.028688 -0.929363 0.000000 
8.003529e-02 1.003097e-01 9.749694e-02 8.414258e-02 1.000000e-01 1.597500e+00 -0.991804 0.026137 0.216009 0.697069 0.042014 0.010576 0.991804 -0.005785 -0.028688 -0.929363 0.000000 
8.003529e-02 1.003097e-01 9.749694e-02 8.414258e-02 1.000000e-01 1.597500e+00 -0.991804 0.026137 0.216009 0.697069 0.042014 0.010576 0.991804 -0.005785 -0.028688 -0.929363 0.000000 
8.003529e-02 1.003097e-01 9.749694e-02 8.414258e-02 1.000000e-01 1.597500e+00 -0.991804 0.026137 0.216009 0.697069 0.042014 0.010576 0.991804 -0.005785 -0.028688 -0.929363 0.000000 
8.003529e-02 1.003097e-01 9.749694e-02 8.414258e-02 1.000000e-01 1.597500e+00 -0.991804 0.026137 0.216009 0.697069 0.042014 0.010576 0.991804 -0.005785 -0.028688 -0.929363 0.000000 
8.003529e-02 1.003097e-01 9.749694e-02 8.414258e-02 1.000000e-01 1.597500e+00 -0.991804 0.026137 0.216009 0.697069 0.042014 0.010576 0.991804 -0.005785 -0.028688 -0.929363 0.000000 
8.003529e-02 1.003097e-01 9.749694e-02 8.414258e-02 1.000000e-01 1.597500e+00 -0.991804 0.026137 0.216009 0.697069 0.042014 0.010576 0.991804 -0.005785 -0.028688 -0.929363 0.000000 
8.003529e-02 1.003097e-01 9.749694e-02 8.414258e-02 1.000000e-01 1.597500e+00 -0.991804 0.026137 0.216009 0.697069 0.042014 0.010576 0.991804 -0.005785 -0.028688 -0.929363 0.000000 
8.003529e-02 1.003097e-01 9.749694e-02 8.414258e-02 1.000000e-01 1.597500e+00 -0.991804 0.026137 0.216009 0.697069 0.042014 0.010576 0.991804 -0.005785 -0.028688 -0.929363 0.000000 
8.003529e-02 1.003097e-01 9.749694e-02 8.414258e-02 1.000000e-01 1.597500e+00 -0.991804 0.026137 0.216009 0.697069 0.042014 0.010576 0.991804 -0.005785 -0.028688 -0.929363 0.000000 
8.003529e-02 1.003097e-01 9.749694e-02 8.414258e-02 1.000000e-01 1.597500e+00 -0.991804 0.026137 0.216009 0.697069 0.042014 0.010576 0.991804 -0.005785 -0.028688 -0.929363 0.000000 
8.003529e-02 1.003097e-01 9.749694e-02 8.414258e-02 1.000000e-01 1.597500e+00 -0.991804 0.026137 0.216009 0.697069 0.042014 0.010576 0.991804 -0.005785 -0.028688 -0.929363 0.000000 
8.003529e-02 1.003097e-01 9.749694e-02 8.414258e-02 1.000000e-01 1.597500e+00 -0.991804 0.026137 0.216009 0.697069 0.042014 0.010576 0.991804 -0.005785 -0.028688 -0.929363 0.000000 
8.003529e-02 1.003097e-01 9.749694e-02 8.414258e-02 1.000000e-01 1.597500e+00 -0.991804 0.026137 0.216009 0.697069 0.042014 0.010576 0.991804 -0.005785 -0.028688 -0.929363 0.000000 
8.003529e-02 1.003097e-01 9.749694e-02 8.414258e-02 1.000000e-01 1.597500e+00 -0.991804 0.026137 0.216009 0.697069 0.042014 0.010576 0.991804 -0.005785 -0.028688 -0.929363 0.000000 
8.003529e-02 1.003097e-01 9.749694e-02 8.414258e-02 1.000000e-01 1.597500e+00 -0.991804 0.026137 0.216009 0.697069 0.042014 0.010576 0.991804 -0.005785 -0.028688 -0.929363 0.000000 
8.003529e-02 1.003097e-01 9.749694e-02 8.414258e-02 1.000000e-01 1.597500e+00 -0.991804 0.026137 0.216009 0.697069 0.042014 0.010576 0.991804 -0.005785 -0.028688 -0.929363 0.000000 
8.003529e-02 1.003097e-01 9.749694e-02 8.414258e-02 1.000000e-01 1.597500e+00 -0.991804 0.026137 0.216009 0.697069 0.042014 0.010576 0.991804 -0.005785 -0.028688 -0.929363 0.000000 
8.003529e-02 1.003097e-01 9.749694e-02 8.414258e-02 1.000000e-01 1.597500e+00 -0.991804 0.026137 0.216009 0.697069 0.042014 0.010576 0.991804 -0.005785 -0.028688 -0.929363 0.000000 
8.003529e-02 1.003097e-01 9.749694e-02 8.414258e-02 1.000000e-01 1.597500e+00 -0.991804 0.026137 0.216009 0.697069 0.042014 0.010576 0.991804 -0.005785 -0.028688 -0.929363 0.000000 
8.003529e-02 1.003097e-01 9.749694e-02 8.414258e-02 1.000000e-01 1.597500e+00 -0.991804 0.026137 0.216009 0.697069 0.042014 0.010576 0.991804 -0.005785 -0.028688 -0.929363 0.000000 
8.003529e-02 1.003097e-01 9.749694e-02 8.414258e-02 1.000000e-01 1.597500e+00 -0.991804 0.026137 0.216009 0.697069 0.042014 0.010576 0.991804 -0.005785 -0.028688 -0.929363 0.000000 
8.003529e-02 1.003097e-01 9.749694e-02 8.414258e-02 1.000000e-01 1.597500e+00 -0.991804 0.026137 0.216009 0.697069 0.042014 0.010576 0.991804 -0.005785 -0.028688 -0.929363 0.000000 
8.003529e-02 1.003097e-01 9.749694e-02 8.414258e-02 1.000000e-01 1.597500e+00 -0.991804 0.026137 0.216009 0.697069 0.042014 0.010576 0.991804 -0.005785 -0.028688 -0.929363 0.000000 
8.003529e-02 1.003097e-01 9.749694e-02 8.414258e-02 1.000000e-01 1.597500e+00 -0.991804 0.026137 0.216009 0.697069 0.042014 0.010576 0.991804 -0.005785 -0.028688 -0.929363 0.000000 
8.003529e-02 1.003097e-01 9.749694e-02 8.414258e-02 1.000000e-01 1.597500e+00 -0.991804 0.026137 0.216009 0.697069 0.042014 0.010576 0.991804 -0.005785 -0.028688 -0.929363 0.000000 
8.003529e-02 1.003097e-01 9.749694e-02 8.414258e-02 1.000000e-01 1.597500e+00 -0.991804 0.026137 0.216009 0.697069 0.042014 0.010576 0.991804 -0.005785 -0.028688 -0.929363 0.000000 
8.003529e-02 1.003097e-01 9.749694e-02 8.414258e-02 1.000000e-01 1.597500e+00 -0.991804 0.026137 0.216009 0.697069 0.042014 0.010576 0.991804 -0.005785 -0.028688 -0.929363 0.000000 
8.003529e-02 1.003097e-01 9.749694e-02 8.414258e-02 1.000000e-01 1.597500e+00 -0.991804 0.026137 0.216009 0.697069 0.042014 0.010576 0.991804 -0.005785 -0.028688 -0.929363 0.000000 
8.003529e-02 1.003097e-01 9.749694e-02 8.414258e-02 1.000000e-01 1.597500e+00 -0.991804 0.026137 0.216009 0.697069 0.042014 0.010576 0.991804 -0.005785 -0.028688 -0.929363 0.000000 
8.003529e-02 1.003097e-01 9.749694e-02 8.414258e-02 1.000000e-01 1.597500e+00 -0.991804 0.026137 0.216009 0.697069 0.042014 0.010576 0.991804 -0.005785 -0.028688 -0.929363 0.000000 
8.003529e-02 1.003097e-01 9.749694e-02 8.414258e-02 1.000000e-01 1.597500e+00 -0.991804 0.026137 0.216009 0.697069 0.042014 0.010576 0.991804 -0.005785 -0.028688 -0.929363 0.000000 
8.003529e-02 1.003097e-01 9.749694e-02 8.414258e-02 1.000000e-01 1.597500e+00 -0.991804 0.026137 0.216009 0.697069 0.042014 0.010576 0.991804 -0.005785 -0.028688 -0.929363 0.000000 
8.003529e-02 1.003097e-01 9.749694e-02 8.414258e-02 1.000000e-01 1.597500e+00 -0.991804 0.026137 0.216009 0.697069 0.042014 0.010576 0.991804 -0.005785 -0.028688 -0.929363 0.000000 
8.003529e-02 1.003097e-01 9.749694e-02 8.414258e-02 1.000000e-01 1.597500e+00 -0.991804 0.026137 0.216009 0.697069 0.042014 0.010576 0.991804 -0.005785 -0.028688 -0.929363 0.000000 
8.003529e-02 1.003097e-01 9.749694e-02 8.414258e-02 1.000000e-01 1.597500e+00 -0.991804 0.026137 0.216009 0.697069 0.042014 0.010576 0.991804 -0.005785 -0.028688 -0.929363 0.000000 
8.003529e-02 1.003097e-01 9.749694e-02 8.414258e-02 1.000000e-01 1.597500e+00 -0.991804 0.026137 0.216009 0.697069 0.042014 0.010576 0.991804 -0.005785 -0.028688 -0.929363 0.000000 
8.003529e-02 1.003097e-01 9.749694e-02 8.414258e-02 1.000000e-01 1.597500e+00 -0.991804 0.026137 0.216009 0.697069 0.042014 0.010576 0.991804 -0.005785 -0.028688 -0.929363 0.000000 
8.003529e-02 1.003097e-01 9.749694e-02 8.414258e-02 1.000000e-01 1.597500e+00 -0.991804 0.026137 0.216009 0.697069 0.042014 0.010576 0.991804 -0.005785 -0.028688 -0.929363 0.000000 
8.003529e-02 1.003097e-01 9.749694e-02 8.414258e-02 1.000000e-01 1.597500e+00 -0.991804 0.026137 0.216009 0.697069 0.042014 0.010576 0.991804 -0.005785 -0.028688 -0.929363 0.000000 
8.003529e-02 1.003097e-01 9.749694e-02 8.414258e-02 1.000000e-01 1.597500e+00 -0.991804 0.026137 0.216009 0.697069 0.042014 0.010576 0.991804 -0.005785 -0.028688 -0.929363 0.000000 
8.003529e-02 1.003097e-01 9.749694e-02 8.414258e-02 1.000000e-01 1.597500e+00 -0.991804 0.026137 0.216009 0.697069 0.042014 0.010576 0.991804 -0.005785 -0.028688 -0.929363 0.000000 
8.003529e-02 1.003097e-01 9.749694e-02 8.414258e-02 1.000000e-01 1.597500e+00 -0.991804 0.026137 0.216009 0.697069 0.042014 0.010576 0.991804 -0.005785 -0.028688 -0.929363 0.000000 
8.003529e-02 1.003097e-01 9.749694e-02 8.414258e-02 1.000000e-01 1.597500e+00 -0.991804 0.026137 0.216009 0.697069 0.042014 0.010576 0.991804 -0.005785 -0.028688 -0.929363 0.000000 
8.003529e-02 1.003097e-01 9.749694e-02 8.414258e-02 1.000000e-01 1.597500e+00 -0.991804 0.026137 0.216009 0.697069 0.042014 0.010576 0.991804 -0.005785 -0.028688 -0.929363 0.000000 
8.003529e-02 1.003097e-01 9.749694e-02 8.414258e-02 1.000000e-01 1.597500e+00 -0.991804 0.026137 0.216009 0.697069 0.042014 0.010576 0.991804 -0.005785 -0.028688 -0.929363 0.000000 
8.003529e-02 1.003097e-01 9.749694e-02 8.414258e-02 1.000000e-01 1.597500e+00 -0.991804 0.026137 0.216009 0.697069 0.042014 0.010576 0.991804 -0.005785 -0.028688 -0.929363 0.000000 
8.003529e-02 1.003097e-01 9.749694e-02 8.414258e-02 1.000000e-01 1.597500e+00 -0.991804 0.026137 0.216009 0.697069 0.042014 0.010576 0.991804 -0.005785 -0.028688 -0.929363 0.000000 
8.003529e-02 1.003097e-01 9.749694e-02 8.414258e-02 1.000000e-01 1.597500e+00 -0.991804 0.026137 0.216009 0.697069 0.042014 0.010576 0.991804 -0.005785 -0.028688 -0.929363 0.000000 
8.003529e-02 1.003097e-01 9.749694e-02 8.414258e-02 1.000000e-01 1.597500e+00 -0.991804 0.026137 0.216009 0.697069 0.042014 0.010576 0.991804 -0.005785 -0.028688 -0.929363 0.000000 
8.003529e-02 1.003097e-01 9.749694e-02 8.414258e-02 1.000000e-01 1.597500e+00 -0.991804 0.026137 0.216009 0.697069 0.042014 0.010576 0.991804 -0.005785 -0.028688 -0.929363 0.000000 
8.003529e-02 1.003097e-01 9.749694e-02 8.414258e-02 1.000000e-01 1.597500e+00 -0.991804 0.026137 0.216009 0.697069 0.042014 0.010576 0.991804 -0.005785 -0.028688 -0.929363 0.000000 
8.003529e-02 1.003097e-01 9.749694e-02 8.414258e-02 1.000000e-01 1.597500e+00 -0.991804 0.026137 0.216009 0.697069 0.042014 0.010576 0.991804 -0.005785 -0.028688 -0.929363 0.000000 
8.003529e-02 1.003097e-01 9.749694e-02 8.414258e-02 1.000000e-01 1.597500e+00 -0.991804 0.026137 0.216009 0.697069 0.042014 0.010576 0.991804 -0.005785 -0.028688 -0.929363 0.000000 
8.003529e-02 1.003097e-01 9.749694e-02 8.414258e-02 1.000000e-01 1.597500e+00 -0.991804 0.026137 0.216009 0.697069 0.042014 0.010576 0.991804 -0.005785 -0.028688 -0.929363 0.000000 
8.003529e-02 1.003097e-01 9.749694e-02 8.414258e-02 1.000000e-01 1.597500e+00 -0.991804 0.026137 0.216009 0.697069 0.042014 0.010576 0.991804 -0.005785 -0.028688 -0.929363 0.000000 
8.003529e-02 1.003097e-01 9.749694e-02 8.414258e-02 1.000000e-01 1.597500e+00 -0.991804 0.026137 0.216009 0.697069 0.042014 0.010576 0.991804 -0.005785 -0.028688 -0.929363 0.000000 
8.003529e-02 1.003097e-01 9.749694e-02 8.414258e-02 1.000000e-01 1.597500e+00 -0.991804 0.026137 0.216009 0.697069 0.042014 0.010576 0.991804 -0.005785 -0.028688 -0.929363 0.000000 
8.003529e-02 1.003097e-01 9.749694e-02 8.414258e-02 1.000000e-01 1.597500e+00 -0.991804 0.026137 0.216009 0.697069 0.042014 0.010576 0.991804 -0.005785 -0.028688 -0.929363 0.000000 
8.003529e-02 1.003097e-01 9.749694e-02 8.414258e-02 1.000000e-01 1.597500e+00 -0.991804 0.026137 0.216009 0.697069 0.042014 0.010576 0.991804 -0.005785 -0.028688 -0.929363 0.000000 
8.003529e-02 1.003097e-01 9.749694e-02 8.414258e-02 1.000000e-01 1.597500e+00 -0.991804 0.026137 0.216009 0.697069 0.042014 0.010576 0.991804 -0.005785 -0.028688 -0.929363 0.000000 
8.003529e-02 1.003097e-01 9.749694e-02 8.414258e-02 1.000000e-01 1.597500e+00 -0.991804 0.026137 0.216009 0.697069 0.042014 0.010576 0.991804 -0.005785 -0.028688 -0.929363 0.000000 
8.003529e-02 1.003097e-01 9.749694e-02 8.414258e-02 1.000000e-01 1.597500e+00 -0.991804 0.026137 0.216009 0.697069 0.042014 0.010576 0.991804 -0.005785 -0.028688 -0.929363 0.000000 
8.003529e-02 1.003097e-01 9.749694e-02 8.414258e-02 1.000000e-01 1.597500e+00 -0.991804 0.026137 0.216009 0.697069 0.042014 0.010576 0.991804 -0.005785 -0.028688 -0.929363 0.000000 
8.003529e-02 1.003097e-01 9.749694e-02 8.414258e-02 1.000000e-01 1.597500e+00 -0.991804 0.026137 0.216009 0.697069 0.042014 0.010576 0.991804 -0.005785 -0.028688 -0.929363 0.000000 
8.003529e-02 1.003097e-01 9.749694e-02 8.414258e-02 1.000000e-01 1.597500e+00 -0.991804 0.026137 0.216009 0.697069 0.042014 0.010576 0.991804 -0.005785 -0.028688 -0.929363 0.000000 
8.003529e-02 1.003097e-01 9.749694e-02 8.414258e-02 1.000000e-01 1.597500e+00 -0.991804 0.026137 0.216009 0.697069 0.042014 0.010576 0.991804 -0.005785 -0.028688 -0.929363 0.000000 
8.003529e-02 1.003097e-01 9.749694e-02 8.414258e-02 1.000000e-01 1.597500e+00 -0.991804 0.026137 0.216009 0.697069 0.042014 0.010576 0.991804 -0.005785 -0.028688 -0.929363 0.000000 
8.003529e-02 1.003097e-01 9.749694e-02 8.414258e-02 1.000000e-01 1.597500e+00 -0.991804 0.026137 0.216009 0.697069 0.042014 0.010576 0.991804 -0.005785 -0.028688 -0.929363 0.000000 
8.003529e-02 1.003097e-01 9.749694e-02 8.414258e-02 1.000000e-01 1.597500e+00 -0.991804 0.026137 0.216009 0.697069 0.042014 0.010576 0.991804 -0.005785 -0.028688 -0.929363 0.000000 
8.003529e-02 1.003097e-01 9.749694e-02 8.414258e-02 1.000000e-01 1.597500e+00 -0.991804 0.026137 0.216009 0.697069 0.042014 0.010576 0.991804 -0.005785 -0.028688 -0.929363 0.000000 
8.003529e-02 1.003097e-01 9.749694e-02 8.414258e-02 1.000000e-01 1.597500e+00 -0.991804 0.026137 0.216009 0.697069 0.042014 0.010576 0.991804 -0.005785 -0.028688 -0.929363 0.000000 
8.003529e-02 1.003097e-01 9.749694e-02 8.414258e-02 1.000000e-01 1.597500e+00 -0.991804 0.026137 0.216009 0.697069 0.042014 0.010576 0.991804 -0.005785 -0.028688 -0.929363 0.000000 
8.003529e-02 1.003097e-01 9.749694e-02 8.414258e-02 1.000000e-01 1.597500e+00 -0.991804 0.026137 0.216009 0.697069 0.042014 0.010576 0.991804 -0.005785 -0.028688 -0.929363 0.000000 
8.003529e-02 1.003097e-01 9.749694e-02 8.414258e-02 1.000000e-01 1.597500e+00 -0.991804 0.026137 0.216009 0.697069 0.042014 0.010576 0.991804 -0.005785 -0.028688 -0.929363 0.000000 
8.003529e-02 1.003097e-01 9.749694e-02 8.414258e-02 1.000000e-01 1.597500e+00 -0.991804 0.026137 0.216009 0.697069 0.042014 0.010576 0.991804 -0.005785 -0.028688 -0.929363 0.000000 
8.003529e-02 1.003097e-01 9.749694e-02 8.414258e-02 1.000000e-01 1.597500e+00 -0.991804 0.026137 0.216009 0.697069 0.042014 0.010576 0.991804 -0.005785 -0.028688 -0.929363 0.000000 
8.003529e-02 1.003097e-01 9.749694e-02 8.414258e-02 1.000000e-01 1.597500e+00 -0.991804 0.026137 0.216009 0.697069 0.042014 0.010576 0.991804 -0.005785 -0.028688 -0.929363 0.000000 
8.003529e-02 1.003097e-01 9.749694e-02 8.414258e-02 1.000000e-01 1.597500e+00 -0.991804 0.026137 0.216009 0.697069 0.042014 0.010576 0.991804 -0.005785 -0.028688 -0.929363 0.000000 
8.003529e-02 1.003097e-01 9.749694e-02 8.414258e-02 1.000000e-01 1.597500e+00 -0.991804 0.026137 0.216009 0.697069 0.042014 0.010576 0.991804 -0.005785 -0.028688 -0.929363 0.000000 
8.003529e-02 1.003097e-01 9.749694e-02 8.414258e-02 1.000000e-01 1.597500e+00 -0.991804 0.026137 0.216009 0.697069 0.042014 0.010576 0.991804 -0.005785 -0.028688 -0.929363 0.000000 
8.003529e-02 1.003097e-01 9.749694e-02 8.414258e-02 1.000000e-01 1.597500e+00 -0.991804 0.026137 0.216009 0.697069 0.042014 0.010576 0.991804 -0.005785 -0.028688 -0.929363 0.000000 
8.003529e-02 1.003097e-01 9.749694e-02 8.414258e-02 1.000000e-01 1.597500e+00 -0.991804 0.026137 0.216009 0.697069 0.042014 0.010576 0.991804 -0.005785 -0.028688 -0.929363 0.000000 
8.003529e-02 1.003097e-01 9.749694e-02 8.414258e-02 1.000000e-01 1.597500e+00 -0.991804 0.026137 0.216009 0.697069 0.042014 0.010576 0.991804 -0.005785 -0.028688 -0.929363 0.000000 
8.003529e-02 1.003097e-01 9.749694e-02 8.414258e-02 1.000000e-01 1.597500e+00 -0.991804 0.026137 0.216009 0.697069 0.042014 0.010576 0.991804 -0.005785 -0.028688 -0.929363 0.000000 
8.003529e-02 1.003097e-01 9.749694e-02 8.414258e-02 1.000000e-01 1.597500e+00 -0.991804 0.026137 0.216009 0.697069 0.042014 0.010576 0.991804 -0.005785 -0.028688 -0.929363 0.000000 
8.003529e-02 1.003097e-01 9.749694e-02 8.414258e-02 1.000000e-01 1.597500e+00 -0.991804 0.026137 0.216009 0.697069 0.042014 0.010576 0.991804 -0.005785 -0.028688 -0.929363 0.000000 
8.003529e-02 1.003097e-01 9.749694e-02 8.414258e-02 1.000000e-01 1.597500e+00 -0.991804 0.026137 0.216009 0.697069 0.042014 0.010576 0.991804 -0.005785 -0.028688 -0.929363 0.000000 
8.003529e-02 1.003097e-01 9.749694e-02 8.414258e-02 1.000000e-01 1.597500e+00 -0.991804 0.026137 0.216009 0.697069 0.042014 0.010576 0.991804 -0.005785 -0.028688 -0.929363 0.000000 
8.003529e-02 1.003097e-01 9.749694e-02 8.414258e-02 1.000000e-01 1.597500e+00 -0.991804 0.026137 0.216009 0.697069 0.042014 0.010576 0.991804 -0.005785 -0.028688 -0.929363 0.000000 
8.003529e-02 1.003097e-01 9.749694e-02 8.414258e-02 1.000000e-01 1.597500e+00 -0.991804 0.026137 0.216009 0.697069 0.042014 0.010576 0.991804 -0.005785 -0.028688 -0.929363 0.000000 
8.003529e-02 1.003097e-01 9.749694e-02 8.414258e-02 1.000000e-01 1.597500e+00 -0.991804 0.026137 0.216009 0.697069 0.042014 0.010576 0.991804 -0.005785 -0.028688 -0.929363 0.000000 
8.003529e-02 1.003097e-01 9.749694e-02 8.414258e-02 1.000000e-01 1.597500e+00 -0.991804 0.026137 0.216009 0.697069 0.042014 0.010576 0.991804 -0.005785 -0.028688 -0.929363 0.000000 
8.003529e-02 1.003097e-01 9.749694e-02 8.414258e-02 1.000000e-01 1.597500e+00 -0.991804 0.026137 0.216009 0.697069 0.042014 0.010576 0.991804 -0.005785 -0.028688 -0.929363 0.000000 
8.003529e-02 1.003097e-01 9.749694e-02 8.414258e-02 1.000000e-01 1.597500e+00 -0.991804 0.026137 0.216009 0.697069 0.042014 0.010576 0.991804 -0.005785 -0.028688 -0.929363 0.000000 
8.003529e-02 1.003097e-01 9.749694e-02 8.414258e-02 1.000000e-01 1.597500e+00 -0.991804 0.026137 0.216009 0.697069 0.042014 0.010576 0.991804 -0.005785 -0.028688 -0.929363 0.000000 
8.003529e-02 1.003097e-01 9.749694e-02 8.414258e-02 1.000000e-01 1.597500e+00 -0.991804 0.026137 0.216009 0.697069 0.042014 0.010576 0.991804 -0.005785 -0.028688 -0.929363 0.000000 
8.003529e-02 1.003097e-01 9.749694e-02 8.414258e-02 1.000000e-01 1.597500e+00 -0.991804 0.026137 0.216009 0.697069 0.042014 0.010576 0.991804 -0.005785 -0.028688 -0.929363 0.000000 
8.003529e-02 1.003097e-01 9.749694e-02 8.414258e-02 1.000000e-01 1.597500e+00 -0.991804 0.026137 0.216009 0.697069 0.042014 0.010576 0.991804 -0.005785 -0.028688 -0.929363 0.000000 
8.003529e-02 1.003097e-01 9.749694e-02 8.414258e-02 1.000000e-01 1.597500e+00 -0.991804 0.026137 0.216009 0.697069 0.042014 0.010576 0.991804 -0.005785 -0.028688 -0.929363 0.000000 
8.003529e-02 1.003097e-01 9.749694e-02 8.414258e-02 1.000000e-01 1.597500e+00 -0.991804 0.026137 0.216009 0.697069 0.042014 0.010576 0.991804 -0.005785 -0.028688 -0.929363 0.000000 
8.003529e-02 1.003097e-01 9.749694e-02 8.414258e-02 1.000000e-01 1.597500e+00 -0.991804 0.026137 0.216009 0.697069 0.042014 0.010576 0.991804 -0.005785 -0.028688 -0.929363 0.000000 
8.003529e-02 1.003097e-01 9.749694e-02 8.414258e-02 1.000000e-01 1.597500e+00 -0.991804 0.026137 0.216009 0.697069 0.042014 0.010576 0.991804 -0.005785 -0.028688 -0.929363 0.000000 
8.003529e-02 1.003097e-01 9.749694e-02 8.414258e-02 1.000000e-01 1.597500e+00 -0.991804 0.026137 0.216009 0.697069 0.042014 0.010576 0.991804 -0.005785 -0.028688 -0.929363 0.000000 
8.003529e-02 1.003097e-01 9.749694e-02 8.414258e-02 1.000000e-01 1.597500e+00 -0.991804 0.026137 0.216009 0.697069 0.042014 0.010576 0.991804 -0.005785 -0.028688 -0.929363 0.000000 
8.003529e-02 1.003097e-01 9.749694e-02 8.414258e-02 1.000000e-01 1.597500e+00 -0.991804 0.026137 0.216009 0.697069 0.042014 0.010576 0.991804 -0.005785 -0.028688 -0.929363 0.000000 
8.003529e-02 1.003097e-01 9.749694e-02 8.414258e-02 1.000000e-01 1.597500e+00 -0.991804 0.026137 0.216009 0.697069 0.042014 0.010576 0.991804 -0.005785 -0.028688 -0.929363 0.000000 
8.003529e-02 1.003097e-01 9.749694e-02 8.414258e-02 1.000000e-01 1.597500e+00 -0.991804 0.026137 0.216009 0.697069 0.042014 0.010576 0.991804 -0.005785 -0.028688 -0.929363 0.000000 
8.003529e-02 1.003097e-01 9.749694e-02 8.414258e-02 1.000000e-01 1.597500e+00 -0.991804 0.026137 0.216009 0.697069 0.042014 0.010576 0.991804 -0.005785 -0.028688 -0.929363 0.000000 
8.003529e-02 1.003097e-01 9.749694e-02 8.414258e-02 1.000000e-01 1.597500e+00 -0.991804 0.026137 0.216009 0.697069 0.042014 0.010576 0.991804 -0.005785 -0.028688 -0.929363 0.000000 
8.003529e-02 1.003097e-01 9.749694e-02 8.414258e-02 1.000000e-01 1.597500e+00 -0.991804 0.026137 0.216009 0.697069 0.042014 0.010576 0.991804 -0.005785 -0.028688 -0.929363 0.000000 
8.003529e-02 1.003097e-01 9.749694e-02 8.414258e-02 1.000000e-01 1.597500e+00 -0.991804 0.026137 0.216009 0.697069 0.042014 0.010576 0.991804 -0.005785 -0.028688 -0.929363 0.000000 
8.003529e-02 1.003097e-01 9.749694e-02 8.414258e-02 1.000000e-01 1.597500e+00 -0.991804 0.026137 0.216009 0.697069 0.042014 0.010576 0.991804 -0.005785 -0.028688 -0.929363 0.000000 
8.003529e-02 1.003097e-01 9.749694e-02 8.414258e-02 1.000000e-01 1.597500e+00 -0.991804 0.026137 0.216009 0.697069 0.042014 0.010576 0.991804 -0.005785 -0.028688 -0.929363 0.000000 
8.003529e-02 1.003097e-01 9.749694e-02 8.414258e-02 1.000000e-01 1.597500e+00 -0.991804 0.026137 0.216009 0.697069 0.042014 0.010576 0.991804 -0.005785 -0.028688 -0.929363 0.000000 
8.003529e-02 1.003097e-01 9.749694e-02 8.414258e-02 1.000000e-01 1.597500e+00 -0.991804 0.026137 0.216009 0.697069 0.042014 0.010576 0.991804 -0.005785 -0.028688 -0.929363 0.000000 
8.003529e-02 1.003097e-01 9.749694e-02 8.414258e-02 1.000000e-01 1.597500e+00 -0.991804 0.026137 0.216009 0.697069 0.042014 0.010576 0.991804 -0.005785 -0.028688 -0.929363 0.000000 
8.003529e-02 1.003097e-01 9.749694e-02 8.414258e-02 1.000000e-01 1.597500e+00 -0.991804 0.026137 0.216009 0.697069 0.042014 0.010576 0.991804 -0.005785 -0.028688 -0.929363 0.000000 
8.003529e-02 1.003097e-01 9.749694e-02 8.414258e-02 1.000000e-01 1.597500e+00 -0.991804 0.026137 0.216009 0.697069 0.042014 0.010576 0.991804 -0.005785 -0.028688 -0.929363 0.000000 
8.003529e-02 1.003097e-01 9.749694e-02 8.414258e-02 1.000000e-01 1.597500e+00 -0.991804 0.026137 0.216009 0.697069 0.042014 0.010576 0.991804 -0.005785 -0.028688 -0.929363 0.000000 
8.003529e-02 1.003097e-01 9.749694e-02 8.414258e-02 1.000000e-01 1.597500e+00 -0.991804 0.026137 0.216009 0.697069 0.042014 0.010576 0.991804 -0.005785 -0.028688 -0.929363 0.000000 
8.003529e-02 1.003097e-01 9.749694e-02 8.414258e-02 1.000000e-01 1.597500e+00 -0.991804 0.026137 0.216009 0.697069 0.042014 0.010576 0.991804 -0.005785 -0.028688 -0.929363 0.000000 
8.003529e-02 1.003097e-01 9.749694e-02 8.414258e-02 1.000000e-01 1.597500e+00 -0.991804 0.026137 0.216009 0.697069 0.042014 0.010576 0.991804 -0.005785 -0.028688 -0.929363 0.000000 
8.003529e-02 1.003097e-01 9.749694e-02 8.414258e-02 1.000000e-01 1.597500e+00 -0.991804 0.026137 0.216009 0.697069 0.042014 0.010576 0.991804 -0.005785 -0.028688 -0.929363 0.000000 
8.003529e-02 1.003097e-01 9.749694e-02 8.414258e-02 1.000000e-01 1.597500e+00 -0.991804 0.026137 0.216009 0.697069 0.042014 0.010576 0.991804 -0.005785 -0.028688 -0.929363 0.000000 
8.003529e-02 1.003097e-01 9.749694e-02 8.414258e-02 1.000000e-01 1.597500e+00 -0.991804 0.026137 0.216009 0.697069 0.042014 0.010576 0.991804 -0.005785 -0.028688 -0.929363 0.000000 
8.003529e-02 1.003097e-01 9.749694e-02 8.414258e-02 1.000000e-01 1.597500e+00 -0.991804 0.026137 0.216009 0.697069 0.042014 0.010576 0.991804 -0.005785 -0.028688 -0.929363 0.000000 
8.003529e-02 1.003097e-01 9.749694e-02 8.414258e-02 1.000000e-01 1.597500e+00 -0.991804 0.026137 0.216009 0.697069 0.042014 0.010576 0.991804 -0.005785 -0.028688 -0.929363 0.000000 
8.003529e-02 1.003097e-01 9.749694e-02 8.414258e-02 1.000000e-01 1.597500e+00 -0.991804 0.026137 0.216009 0.697069 0.042014 0.010576 0.991804 -0.005785 -0.028688 -0.929363 0.000000 
8.003529e-02 1.003097e-01 9.749694e-02 8.414258e-02 1.000000e-01 1.597500e+00 -0.991804 0.026137 0.216009 0.697069 0.042014 0.010576 0.991804 -0.005785 -0.028688 -0.929363 0.000000 
8.003529e-02 1.003097e-01 9.749694e-02 8.414258e-02 1.000000e-01 1.597500e+00 -0.991804 0.026137 0.216009 0.697069 0.042014 0.010576 0.991804 -0.005785 -0.028688 -0.929363 0.000000 
8.003529e-02 1.003097e-01 9.749694e-02 8.414258e-02 1.000000e-01 1.597500e+00 -0.991804 0.026137 0.216009 0.697069 0.042014 0.010576 0.991804 -0.005785 -0.028688 -0.929363 0.000000 
8.003529e-02 1.003097e-01 9.749694e-02 8.414258e-02 1.000000e-01 1.597500e+00 -0.991804 0.026137 0.216009 0.697069 0.042014 0.010576 0.991804 -0.005785 -0.028688 -0.929363 0.000000 
8.003529e-02 1.003097e-01 9.749694e-02 8.414258e-02 1.000000e-01 1.597500e+00 -0.991804 0.026137 0.216009 0.697069 0.042014 0.010576 0.991804 -0.005785 -0.028688 -0.929363 0.000000 
8.003529e-02 1.003097e-01 9.749694e-02 8.414258e-02 1.000000e-01 1.597500e+00 -0.991804 0.026137 0.216009 0.697069 0.042014 0.010576 0.991804 -0.005785 -0.028688 -0.929363 0.000000 
8.003529e-02 1.003097e-01 9.749694e-02 8.414258e-02 1.000000e-01 1.597500e+00 -0.991804 0.026137 0.216009 0.697069 0.042014 0.010576 0.991804 -0.005785 -0.028688 -0.929363 0.000000 
8.003529e-02 1.003097e-01 9.749694e-02 8.414258e-02 1.000000e-01 1.597500e+00 -0.991804 0.026137 0.216009 0.697069 0.042014 0.010576 0.991804 -0.005785 -0.028688 -0.929363 0.000000 
8.003529e-02 1.003097e-01 9.749694e-02 8.414258e-02 1.000000e-01 1.597500e+00 -0.991804 0.026137 0.216009 0.697069 0.042014 0.010576 0.991804 -0.005785 -0.028688 -0.929363 0.000000 
8.003529e-02 1.003097e-01 9.749694e-02 8.414258e-02 1.000000e-01 1.597500e+00 -0.991804 0.026137 0.216009 0.697069 0.042014 0.010576 0.991804 -0.005785 -0.028688 -0.929363 0.000000 
8.003529e-02 1.003097e-01 9.749694e-02 8.414258e-02 1.000000e-01 1.597500e+00 -0.991804 0.026137 0.216009 0.697069 0.042014 0.010576 0.991804 -0.005785 -0.028688 -0.929363 0.000000 
8.003529e-02 1.003097e-01 9.749694e-02 8.414258e-02 1.000000e-01 1.597500e+00 -0.991804 0.026137 0.216009 0.697069 0.042014 0.010576 0.991804 -0.005785 -0.028688 -0.929363 0.000000 
8.003529e-02 1.003097e-01 9.749694e-02 8.414258e-02 1.000000e-01 1.597500e+00 -0.991804 0.026137 0.216009 0.697069 0.042014 0.010576 0.991804 -0.005785 -0.028688 -0.929363 0.000000 
8.003529e-02 1.003097e-01 9.749694e-02 8.414258e-02 1.000000e-01 1.597500e+00 -0.991804 0.026137 0.216009 0.697069 0.042014 0.010576 0.991804 -0.005785 -0.028688 -0.929363 0.000000 
8.003529e-02 1.003097e-01 9.749694e-02 8.414258e-02 1.000000e-01 1.597500e+00 -0.991804 0.026137 0.216009 0.697069 0.042014 0.010576 0.991804 -0.005785 -0.028688 -0.929363 0.000000 
8.003529e-02 1.003097e-01 9.749694e-02 8.414258e-02 1.000000e-01 1.597500e+00 -0.991804 0.026137 0.216009 0.697069 0.042014 0.010576 0.991804 -0.005785 -0.028688 -0.929363 0.000000 
8.003529e-02 1.003097e-01 9.749694e-02 8.414258e-02 1.000000e-01 1.597500e+00 -0.991804 0.026137 0.216009 0.697069 0.042014 0.010576 0.991804 -0.005785 -0.028688 -0.929363 0.000000 
8.003529e-02 1.003097e-01 9.749694e-02 8.414258e-02 1.000000e-01 1.597500e+00 -0.991804 0.026137 0.216009 0.697069 0.042014 0.010576 0.991804 -0.005785 -0.028688 -0.929363 0.000000 
8.003529e-02 1.003097e-01 9.749694e-02 8.414258e-02 1.000000e-01 1.597500e+00 -0.991804 0.026137 0.216009 0.697069 0.042014 0.010576 0.991804 -0.005785 -0.028688 -0.929363 0.000000 
8.003529e-02 1.003097e-01 9.749694e-02 8.414258e-02 1.000000e-01 1.597500e+00 -0.991804 0.026137 0.216009 0.697069 0.042014 0.010576 0.991804 -0.005785 -0.028688 -0.929363 0.000000 
8.003529e-02 1.003097e-01 9.749694e-02 8.414258e-02 1.000000e-01 1.597500e+00 -0.991804 0.026137 0.216009 0.697069 0.042014 0.010576 0.991804 -0.005785 -0.028688 -0.929363 0.000000 
8.003529e-02 1.003097e-01 9.749694e-02 8.414258e-02 1.000000e-01 1.597500e+00 -0.991804 0.026137 0.216009 0.697069 0.042014 0.010576 0.991804 -0.005785 -0.028688 -0.929363 0.000000 
8.003529e-02 1.003097e-01 9.749694e-02 8.414258e-02 1.000000e-01 1.597500e+00 -0.991804 0.026137 0.216009 0.697069 0.042014 0.010576 0.991804 -0.005785 -0.028688 -0.929363 0.000000 
8.003529e-02 1.003097e-01 9.749694e-02 8.414258e-02 1.000000e-01 1.597500e+00 -0.991804 0.026137 0.216009 0.697069 0.042014 0.010576 0.991804 -0.005785 -0.028688 -0.929363 0.000000 
8.003529e-02 1.003097e-01 9.749694e-02 8.414258e-02 1.000000e-01 1.597500e+00 -0.991804 0.026137 0.216009 0.697069 0.042014 0.010576 0.991804 -0.005785 -0.028688 -0.929363 0.000000 
