# TeX TeY TeZ ThX ThY THZ P1 P2
8.000000e-02 1.000000e-01 1.070000e+00 8.000000e-02 1.000000e-01 1.070000e+00 0.000000 0.000000 0.000000 0.000000 0.000000 0.000000 0.000000 0.000000 0.000000 0.000000 0.000000 
8.000000e-02 1.000000e-01 1.059484e+00 8.000000e-02 1.000000e-01 1.077972e+00 -0.012214 0.001572 0.003142 0.003138 0.003149 0.001213 0.012214 -0.001568 -0.003136 -0.003139 0.000000 
8.000000e-02 1.000000e-01 1.048916e+00 8.000000e-02 1.000000e-01 1.085925e+00 -0.024451 0.003147 0.006289 0.006283 0.006305 0.002428 0.024451 -0.003138 -0.006277 -0.006283 0.000000 
8.000000e-02 1.000000e-01 1.038296e+00 7.999999e-02 1.000000e-01 1.093860e+00 -0.036710 0.004724 0.009442 0.009432 0.009466 0.003645 0.036710 -0.004711 -0.009425 -0.009433 0.000000 
8.000001e-02 1.000000e-01 1.027625e+00 7.999999e-02 1.000000e-01 1.101776e+00 -0.048990 0.006305 0.012601 0.012588 0.012632 0.004865 0.048990 -0.006288 -0.012577 -0.012589 0.000000 
8.000001e-02 1.000000e-01 1.016902e+00 7.999999e-02 1.000000e-01 1.109673e+00 -0.061292 0.007888 0.015765 0.015748 0.015804 0.006086 0.061292 -0.007866 -0.015736 -0.015750 0.000000 
8.000001e-02 1.000000e-01 1.006129e+00 7.999999e-02 1.000000e-01 1.117551e+00 -0.073614 0.009474 0.018936 0.018914 0.018980 0.007309 0.073614 -0.009448 -0.018899 -0.018917 0.000000 
8.000001e-02 1.000000e-01 9.953061e-01 7.999998e-02 1.000000e-01 1.125409e+00 -0.085956 0.011063 0.022111 0.022086 0.022162 0.008534 0.085956 -0.011032 -0.022068 -0.022088 0.000000 
8.000001e-02 1.000000e-01 9.844333e-01 7.999998e-02 1.000000e-01 1.133247e+00 -0.098318 0.012655 0.025293 0.025262 0.025347 0.009761 0.098318 -0.012618 -0.025242 -0.025265 0.000000 
8.000001e-02 1.000000e-01 9.735113e-01 7.999997e-02 1.000000e-01 1.141066e+00 -0.110700 0.014250 0.028480 0.028443 0.028537 0.010989 0.110700 -0.014208 -0.028420 -0.028447 0.000000 
8.000001e-02 1.000000e-01 9.625406e-01 7.999997e-02 1.000000e-01 1.148864e+00 -0.123100 0.015849 0.031673 0.031629 0.031731 0.012218 0.123100 -0.015799 -0.031604 -0.031633 0.000000 
8.000001e-02 1.000000e-01 9.515215e-01 7.999996e-02 1.000000e-01 1.156642e+00 -0.135519 0.017450 0.034871 0.034820 0.034929 0.013449 0.135519 -0.017393 -0.034792 -0.034825 0.000000 
8.000001e-02 1.000000e-01 9.404545e-01 7.999995e-02 1.000000e-01 1.164400e+00 -0.147956 0.019054 0.038076 0.038015 0.038130 0.014681 0.147956 -0.018989 -0.037985 -0.038021 0.000000 
8.000001e-02 1.000000e-01 9.293399e-01 7.999994e-02 1.000000e-01 1.172136e+00 -0.160410 0.020662 0.041286 0.041215 0.041334 0.015914 0.160410 -0.020588 -0.041183 -0.041221 0.000000 
8.000001e-02 1.000000e-01 9.181784e-01 7.999993e-02 1.000000e-01 1.179852e+00 -0.172882 0.022273 0.044502 0.044419 0.044541 0.017147 0.172882 -0.022188 -0.044385 -0.044426 0.000000 
8.000001e-02 1.000000e-01 9.069701e-01 7.999992e-02 1.000000e-01 1.187546e+00 -0.185371 0.023887 0.047724 0.047627 0.047750 0.018382 0.185370 -0.023791 -0.047591 -0.047635 0.000000 
8.000001e-02 1.000000e-01 8.957156e-01 7.999991e-02 1.000000e-01 1.195218e+00 -0.197875 0.025505 0.050953 0.050840 0.050961 0.019616 0.197875 -0.025396 -0.050801 -0.050848 0.000000 
8.000001e-02 1.000000e-01 8.844153e-01 7.999990e-02 1.000000e-01 1.202869e+00 -0.210396 0.027126 0.054187 0.054056 0.054174 0.020852 0.210396 -0.027003 -0.054016 -0.054066 0.000000 
8.000001e-02 1.000000e-01 8.730695e-01 7.999988e-02 1.000000e-01 1.210498e+00 -0.222932 0.028751 0.057429 0.057276 0.057388 0.022087 0.222932 -0.028612 -0.057234 -0.057287 0.000000 
8.000001e-02 1.000000e-01 8.616787e-01 7.999986e-02 1.000000e-01 1.218104e+00 -0.235483 0.030381 0.060677 0.060500 0.060603 0.023322 0.235483 -0.030223 -0.060457 -0.060513 0.000000 
8.000001e-02 1.000000e-01 8.502433e-01 7.999984e-02 1.000000e-01 1.225688e+00 -0.248049 0.032014 0.063931 0.063728 0.063818 0.024557 0.248049 -0.031835 -0.063683 -0.063742 0.000000 
8.000001e-02 1.000000e-01 8.387636e-01 7.999982e-02 1.000000e-01 1.233249e+00 -0.260629 0.033652 0.067193 0.066959 0.067033 0.025791 0.260628 -0.033450 -0.066912 -0.066974 0.000000 
8.000001e-02 1.000000e-01 8.272400e-01 7.999979e-02 1.000000e-01 1.240787e+00 -0.273222 0.035294 0.070463 0.070194 0.070247 0.027024 0.273222 -0.035066 -0.070146 -0.070211 0.000000 
8.000001e-02 1.000000e-01 8.156730e-01 7.999976e-02 1.000000e-01 1.248302e+00 -0.285829 0.036941 0.073741 0.073432 0.073459 0.028255 0.285829 -0.036684 -0.073382 -0.073450 0.000000 
8.000001e-02 1.000000e-01 8.040629e-01 7.999972e-02 1.000000e-01 1.255793e+00 -0.298449 0.038593 0.077027 0.076673 0.076670 0.029485 0.298448 -0.038304 -0.076622 -0.076693 0.000000 
8.000001e-02 1.000000e-01 7.924100e-01 7.999968e-02 1.000000e-01 1.263259e+00 -0.311081 0.040251 0.080322 0.079917 0.079877 0.030713 0.311080 -0.039925 -0.079865 -0.079939 0.000000 
8.000001e-02 1.000000e-01 7.807149e-01 7.999963e-02 1.000000e-01 1.270702e+00 -0.323725 0.041915 0.083626 0.083165 0.083080 0.031938 0.323724 -0.041548 -0.083111 -0.083188 0.000000 
8.000001e-02 9.999999e-02 7.689777e-01 7.999958e-02 1.000000e-01 1.278120e+00 -0.336380 0.043585 0.086941 0.086415 0.086278 0.033161 0.336380 -0.043172 -0.086360 -0.086440 0.000000 
8.000001e-02 9.999999e-02 7.571989e-01 7.999952e-02 1.000000e-01 1.285513e+00 -0.349047 0.045262 0.090266 0.089668 0.089470 0.034379 0.349046 -0.044798 -0.089612 -0.089695 0.000000 
8.000001e-02 9.999999e-02 7.453789e-01 7.999945e-02 1.000000e-01 1.292882e+00 -0.361724 0.046947 0.093603 0.092925 0.092655 0.035593 0.361724 -0.046425 -0.092867 -0.092953 0.000000 
8.000001e-02 9.999999e-02 7.335180e-01 7.999937e-02 1.000000e-01 1.300224e+00 -0.374411 0.048640 0.096953 0.096184 0.095832 0.036803 0.374411 -0.048053 -0.096124 -0.096213 0.000000 
8.000001e-02 9.999999e-02 7.216165e-01 7.999929e-02 1.000000e-01 1.307541e+00 -0.387109 0.050342 0.100317 0.099446 0.098998 0.038006 0.387108 -0.049683 -0.099384 -0.099476 0.000000 
8.000001e-02 9.999999e-02 7.096749e-01 7.999919e-02 1.000000e-01 1.314832e+00 -0.399815 0.052052 0.103695 0.102711 0.102154 0.039202 0.399815 -0.051313 -0.102646 -0.102741 0.000000 
8.000001e-02 9.999998e-02 6.976933e-01 7.999907e-02 1.000000e-01 1.322097e+00 -0.412531 0.053774 0.107091 0.105980 0.105295 0.040391 0.412530 -0.052945 -0.105911 -0.106009 0.000000 
8.000001e-02 9.999998e-02 6.856723e-01 7.999894e-02 1.000000e-01 1.329334e+00 -0.425255 0.055506 0.110503 0.109252 0.108422 0.041571 0.425254 -0.054578 -0.109177 -0.109279 0.000000 
8.000001e-02 9.999997e-02 6.736122e-01 7.999880e-02 1.000000e-01 1.336545e+00 -0.437987 0.057250 0.113936 0.112529 0.111531 0.042740 0.437986 -0.056212 -0.112446 -0.112550 0.000000 
8.000001e-02 9.999997e-02 6.615132e-01 7.999863e-02 1.000000e-01 1.343728e+00 -0.450726 0.059007 0.117390 0.115809 0.114621 0.043898 0.450726 -0.057847 -0.115717 -0.115824 0.000000 
8.000001e-02 9.999996e-02 6.493757e-01 7.999845e-02 1.000000e-01 1.350884e+00 -0.463473 0.060779 0.120867 0.119095 0.117688 0.045043 0.463472 -0.059483 -0.118989 -0.119100 0.000000 
8.000001e-02 9.999996e-02 6.372000e-01 7.999824e-02 1.000000e-01 1.358011e+00 -0.476226 0.062566 0.124371 0.122387 0.120730 0.046172 0.476226 -0.061120 -0.122264 -0.122377 0.000000 
8.000001e-02 9.999995e-02 6.249865e-01 7.999800e-02 1.000000e-01 1.365111e+00 -0.488986 0.064368 0.127902 0.125685 0.123745 0.047286 0.488985 -0.062758 -0.125539 -0.125656 0.000000 
8.000001e-02 9.999994e-02 6.127354e-01 7.999773e-02 1.000000e-01 1.372181e+00 -0.501751 0.066189 0.131468 0.128993 0.126724 0.048377 0.501751 -0.064396 -0.128817 -0.128936 0.000000 
8.000001e-02 9.999992e-02 6.004471e-01 7.999743e-02 1.000000e-01 1.379222e+00 -0.514522 0.068027 0.135066 0.132311 0.129670 0.049448 0.514521 -0.066035 -0.132095 -0.132218 0.000000 
8.000001e-02 9.999991e-02 5.881220e-01 7.999709e-02 1.000000e-01 1.386234e+00 -0.527297 0.069885 0.138704 0.135641 0.132573 0.050493 0.527297 -0.067675 -0.135375 -0.135501 0.000000 
8.000001e-02 9.999989e-02 5.757602e-01 7.999670e-02 1.000000e-01 1.393215e+00 -0.540077 0.071764 0.142386 0.138988 0.135430 0.051508 0.540077 -0.069315 -0.138656 -0.138785 0.000000 
8.000001e-02 9.999986e-02 5.633622e-01 7.999627e-02 1.000000e-01 1.400167e+00 -0.552861 0.073664 0.146112 0.142353 0.138239 0.052493 0.552861 -0.070956 -0.141938 -0.142070 0.000000 
8.000001e-02 9.999984e-02 5.509282e-01 7.999579e-02 1.000000e-01 1.407087e+00 -0.565649 0.075587 0.149898 0.145744 0.140983 0.053436 0.565649 -0.072597 -0.145221 -0.145356 0.000000 
8.000001e-02 9.999980e-02 5.384585e-01 7.999524e-02 1.000000e-01 1.413977e+00 -0.578440 0.077531 0.153738 0.149163 0.143667 0.054340 0.578439 -0.074238 -0.148505 -0.148643 0.000000 
8.000001e-02 9.999976e-02 5.259534e-01 7.999464e-02 1.000000e-01 1.420835e+00 -0.591233 0.079497 0.157645 0.152620 0.146277 0.055193 0.591233 -0.075880 -0.151790 -0.151931 0.000000 
8.000001e-02 9.999971e-02 5.134133e-01 7.999396e-02 1.000000e-01 1.427662e+00 -0.604028 0.081485 0.161629 0.156124 0.148800 0.055990 0.604028 -0.077522 -0.155075 -0.155219 0.000000 
8.000001e-02 9.999965e-02 5.008383e-01 7.999320e-02 1.000000e-01 1.434456e+00 -0.616826 0.083490 0.165689 0.159681 0.151237 0.056727 0.616825 -0.079165 -0.158360 -0.158508 0.000000 
8.000001e-02 9.999957e-02 4.882288e-01 7.999235e-02 1.000000e-01 1.441217e+00 -0.629624 0.085513 0.169849 0.163313 0.153562 0.057387 0.629624 -0.080807 -0.161646 -0.161797 0.000000 
8.000001e-02 9.999948e-02 4.755851e-01 7.999142e-02 1.000000e-01 1.447945e+00 -0.642423 0.087547 0.174113 0.167031 0.155767 0.057965 0.642423 -0.082449 -0.164932 -0.165087 0.000000 
8.000001e-02 9.999937e-02 4.629075e-01 7.999038e-02 1.000000e-01 1.454640e+00 -0.655223 0.089585 0.178486 0.170848 0.157846 0.058456 0.655223 -0.084092 -0.168218 -0.168377 0.000000 
8.000001e-02 9.999924e-02 4.501962e-01 7.998922e-02 1.000000e-01 1.461301e+00 -0.668022 0.091619 0.183007 0.174809 0.159757 0.058830 0.668022 -0.085734 -0.171504 -0.171668 0.000000 
8.000001e-02 9.999907e-02 4.374514e-01 7.998796e-02 1.000000e-01 1.467927e+00 -0.680821 0.093636 0.187677 0.178929 0.161494 0.059084 0.680821 -0.087375 -0.174790 -0.174959 0.000000 
8.000001e-02 9.999887e-02 4.246736e-01 7.998656e-02 1.000000e-01 1.474518e+00 -0.693619 0.095622 0.192512 0.183235 0.163040 0.059209 0.693619 -0.089016 -0.178076 -0.178251 0.000000 
8.000001e-02 9.999862e-02 4.118629e-01 7.998504e-02 1.000000e-01 1.481074e+00 -0.706416 0.097549 0.197563 0.187803 0.164335 0.059165 0.706415 -0.090655 -0.181362 -0.181545 0.000000 
8.000001e-02 9.999832e-02 3.990196e-01 7.998337e-02 1.000000e-01 1.487594e+00 -0.719210 0.099391 0.202849 0.192670 0.165356 0.058943 0.719210 -0.092294 -0.184647 -0.184841 0.000000 
8.000001e-02 9.999796e-02 3.861440e-01 7.998157e-02 1.000000e-01 1.494078e+00 -0.732002 0.101119 0.208390 0.197883 0.166077 0.058533 0.732002 -0.093929 -0.187931 -0.188140 0.000000 
8.000001e-02 9.999751e-02 3.732363e-01 7.997963e-02 1.000000e-01 1.500525e+00 -0.744791 0.102678 0.214251 0.203544 0.166421 0.057896 0.744791 -0.095561 -0.191216 -0.191445 0.000000 
8.000001e-02 9.999696e-02 3.602967e-01 7.997755e-02 1.000000e-01 1.506933e+00 -0.757576 0.103996 0.220507 0.209783 0.166296 0.056993 0.757575 -0.097188 -0.194499 -0.194758 0.000000 
8.000001e-02 9.999629e-02 3.473257e-01 7.997535e-02 1.000000e-01 1.513301e+00 -0.770355 0.105026 0.227177 0.216652 0.165673 0.055826 0.770355 -0.098807 -0.197782 -0.198085 0.000000 
8.000001e-02 9.999547e-02 3.343232e-01 7.997304e-02 1.000000e-01 1.519630e+00 -0.783129 0.105686 0.234330 0.224277 0.164463 0.054372 0.783128 -0.100414 -0.201064 -0.201432 0.000000 
8.000001e-02 9.999447e-02 3.212898e-01 7.997066e-02 1.000000e-01 1.525917e+00 -0.795896 0.105808 0.242128 0.232942 0.162456 0.052562 0.795896 -0.102003 -0.204346 -0.204812 0.000000 
8.000001e-02 9.999324e-02 3.082255e-01 7.996828e-02 1.000000e-01 1.532163e+00 -0.808657 0.105286 0.250632 0.242790 0.159553 0.050394 0.808656 -0.103565 -0.207628 -0.208243 0.000000 
8.000001e-02 9.999174e-02 2.951306e-01 7.996605e-02 1.000000e-01 1.538367e+00 -0.821409 0.104004 0.259913 0.253994 0.155633 0.047864 0.821409 -0.105087 -0.210911 -0.211749 0.000000 
8.000001e-02 9.998990e-02 2.820053e-01 7.996422e-02 1.000000e-01 1.544527e+00 -0.834152 0.101801 0.270071 0.266807 0.150516 0.044957 0.834152 -0.106545 -0.214196 -0.215378 0.000000 
8.000001e-02 9.998764e-02 2.688499e-01 7.996333e-02 1.000000e-01 1.550644e+00 -0.846883 0.098384 0.281293 0.281734 0.143846 0.041626 0.846883 -0.107911 -0.217484 -0.219190 0.000000 
8.000001e-02 9.998489e-02 2.556646e-01 7.996452e-02 1.000000e-01 1.556713e+00 -0.859597 0.093571 0.293598 0.299130 0.135413 0.037885 0.859597 -0.109133 -0.220777 -0.223284 0.000000 
8.000001e-02 9.998153e-02 2.424495e-01 7.997014e-02 1.000000e-01 1.562732e+00 -0.872285 0.087284 0.306844 0.319248 0.125125 0.033783 0.872285 -0.110132 -0.224073 -0.227825 0.000000 
8.000001e-02 9.997746e-02 2.292050e-01 7.998527e-02 1.000000e-01 1.568692e+00 -0.884928 0.079433 0.320732 0.342521 0.112874 0.029368 0.884928 -0.110802 -0.227369 -0.233034 0.000000 
8.000001e-02 9.997254e-02 2.159311e-01 8.002147e-02 1.000000e-01 1.574576e+00 -0.897491 0.070069 0.334525 0.369425 0.098740 0.024731 0.897491 -0.110959 -0.230645 -0.239305 0.000000 
8.000001e-02 9.996666e-02 2.026279e-01 8.010685e-02 1.000000e-01 1.580346e+00 -0.909890 0.059458 0.346425 0.400845 0.083116 0.020045 0.909890 -0.110334 -0.233847 -0.247244 0.000000 
8.000001e-02 9.995975e-02 1.892957e-01 8.031797e-02 1.000000e-01 1.585918e+00 -0.921962 0.048504 0.352271 0.438167 0.067351 0.015668 0.921962 -0.108564 -0.236841 -0.257745 0.000000 
8.000001e-02 9.995182e-02 1.759343e-01 8.089773e-02 1.000000e-01 1.591087e+00 -0.933491 0.038571 0.342501 0.486635 0.053687 0.012096 0.933490 -0.105061 -0.239310 -0.272486 0.000000 
8.000001e-02 9.994321e-02 1.625436e-01 8.259676e-02 1.000000e-01 1.595590e+00 -0.944735 0.028752 0.285134 0.580396 0.041437 0.009016 0.944735 -0.099142 -0.240650 -0.294446 0.000000 
8.000001e-02 9.993533e-02 1.491223e-01 8.408820e-02 1.000000e-01 1.597501e+00 -0.955343 0.021620 0.208644 0.685323 0.032762 0.006994 0.955343 -0.089939 -0.239180 -0.328472 0.000000 
8.000001e-02 9.993416e-02 1.356638e-01 8.408820e-02 1.000000e-01 1.597501e+00 -0.964269 0.022766 0.210936 0.687617 0.035068 0.007883 0.964269 -0.076275 -0.230546 -0.384439 0.000000 
8.000001e-02 9.996599e-02 1.221358e-01 8.408820e-02 1.000000e-01 1.597501e+00 -0.973348 0.023931 0.213266 0.689950 0.037414 0.008787 0.973348 -0.057349 -0.204587 -0.484576 0.000000 
8.000001e-02 1.001166e-01 1.083986e-01 8.408820e-02 1.000000e-01 1.597501e+00 -0.983053 0.025176 0.215758 0.692444 0.039922 0.009753 0.983053 -0.031851 -0.136499 -0.674298 0.000000 
8.000001e-02 1.003100e-01 9.749966e-02 8.408820e-02 1.000000e-01 1.597501e+00 -0.991772 0.026295 0.217997 0.694684 0.042175 0.010621 0.991772 -0.005788 -0.028713 -0.929281 0.000000 
8.000001e-02 1.003100e-01 9.749966e-02 8.408820e-02 1.000000e-01 1.597501e+00 -0.991772 0.026295 0.217997 0.694684 0.042175 0.010621 0.991772 -0.005788 -0.028713 -0.929281 0.000000 
8.000001e-02 1.003100e-01 9.749966e-02 8.408820e-02 1.000000e-01 1.597501e+00 -0.991772 0.026295 0.217997 0.694684 0.042175 0.010621 0.991772 -0.005788 -0.028713 -0.929281 0.000000 
8.000001e-02 1.003100e-01 9.749966e-02 8.408820e-02 1.000000e-01 1.597501e+00 -0.991772 0.026295 0.217997 0.694684 0.042175 0.010621 0.991772 -0.005788 -0.028713 -0.929281 0.000000 
8.000001e-02 1.003100e-01 9.749966e-02 8.408820e-02 1.000000e-01 1.597501e+00 -0.991772 0.026295 0.217997 0.694684 0.042175 0.010621 0.991772 -0.005788 -0.028713 -0.929281 0.000000 
8.000001e-02 1.003100e-01 9.749966e-02 8.408820e-02 1.000000e-01 1.597501e+00 -0.991772 0.026295 0.217997 0.694684 0.042175 0.010621 0.991772 -0.005788 -0.028713 -0.929281 0.000000 
8.000001e-02 1.003100e-01 9.749966e-02 8.408820e-02 1.000000e-01 1.597501e+00 -0.991772 0.026295 0.217997 0.694684 0.042175 0.010621 0.991772 -0.005788 -0.028713 -0.929281 0.000000 
8.000001e-02 1.003100e-01 9.749966e-02 8.408820e-02 1.000000e-01 1.597501e+00 -0.991772 0.026295 0.217997 0.694684 0.042175 0.010621 0.991772 -0.005788 -0.028713 -0.929281 0.000000 
8.000001e-02 1.003100e-01 9.749966e-02 8.408820e-02 1.000000e-01 1.597501e+00 -0.991772 0.026295 0.217997 0.694684 0.042175 0.010621 0.991772 -0.005788 -0.028713 -0.929281 0.000000 
8.000001e-02 1.003100e-01 9.749966e-02 8.408820e-02 1.000000e-01 1.597501e+00 -0.991772 0.026295 0.217997 0.694684 0.042175 0.010621 0.991772 -0.005788 -0.028713 -0.929281 0.000000 
8.000001e-02 1.003100e-01 9.749966e-02 8.408820e-02 1.000000e-01 1.597501e+00 -0.991772 0.026295 0.217997 0.694684 0.042175 0.010621 0.991772 -0.005788 -0.028713 -0.929281 0.000000 
8.000001e-02 1.003100e-01 9.749966e-02 8.408820e-02 1.000000e-01 1.597501e+00 -0.991772 0.026295 0.217997 0.694684 0.042175 0.010621 0.991772 -0.005788 -0.028713 -0.929281 0.000000 
8.000001e-02 1.003100e-01 9.749966e-02 8.408820e-02 1.000000e-01 1.597501e+00 -0.991772 0.026295 0.217997 0.694684 0.042175 0.010621 0.991772 -0.005788 -0.028713 -0.929281 0.000000 
8.000001e-02 1.003100e-01 9.749966e-02 8.408820e-02 1.000000e-01 1.597501e+00 -0.991772 0.026295 0.217997 0.694684 0.042175 0.010621 0.991772 -0.005788 -0.028713 -0.929281 0.000000 
8.000001e-02 1.003100e-01 9.749966e-02 8.408820e-02 1.000000e-01 1.597501e+00 -0.991772 0.026295 0.217997 0.694684 0.042175 0.010621 0.991772 -0.005788 -0.028713 -0.929281 0.000000 
8.000001e-02 1.003100e-01 9.749966e-02 8.408820e-02 1.000000e-01 1.597501e+00 -0.991772 0.026295 0.217997 0.694684 0.042175 0.010621 0.991772 -0.005788 -0.028713 -0.929281 0.000000 
8.000001e-02 1.003100e-01 9.749966e-02 8.408820e-02 1.000000e-01 1.597501e+00 -0.991772 0.026295 0.217997 0.694684 0.042175 0.010621 0.991772 -0.005788 -0.028713 -0.929281 0.000000 
8.000001e-02 1.003100e-01 9.749966e-02 8.408820e-02 1.000000e-01 1.597501e+00 -0.991772 0.026295 0.217997 0.694684 0.042175 0.010621 0.991772 -0.005788 -0.028713 -0.929281 0.000000 
8.000001e-02 1.003100e-01 9.749966e-02 8.408820e-02 1.000000e-01 1.597501e+00 -0.991772 0.026295 0.217997 0.694684 0.042175 0.010621 0.991772 -0.005788 -0.028713 -0.929281 0.000000 
8.000001e-02 1.003100e-01 9.749966e-02 8.408820e-02 1.000000e-01 1.597501e+00 -0.991772 0.026295 0.217997 0.694684 0.042175 0.010621 0.991772 -0.005788 -0.028713 -0.929281 0.000000 
8.000001e-02 1.003100e-01 9.749966e-02 8.408820e-02 1.000000e-01 1.597501e+00 -0.991772 0.026295 0.217997 0.694684 0.042175 0.010621 0.991772 -0.005788 -0.028713 -0.929281 0.000000 
8.000001e-02 1.003100e-01 9.749966e-02 8.408820e-02 1.000000e-01 1.597501e+00 -0.991772 0.026295 0.217997 0.694684 0.042175 0.010621 0.991772 -0.005788 -0.028713 -0.929281 0.000000 
8.000001e-02 1.003100e-01 9.749966e-02 8.408820e-02 1.000000e-01 1.597501e+00 -0.991772 0.026295 0.217997 0.694684 0.042175 0.010621 0.991772 -0.005788 -0.028713 -0.929281 0.000000 
8.000001e-02 1.003100e-01 9.749966e-02 8.408820e-02 1.000000e-01 1.597501e+00 -0.991772 0.026295 0.217997 0.694684 0.042175 0.010621 0.991772 -0.005788 -0.028713 -0.929281 0.000000 
8.000001e-02 1.003100e-01 9.749966e-02 8.408820e-02 1.000000e-01 1.597501e+00 -0.991772 0.026295 0.217997 0.694684 0.042175 0.010621 0.991772 -0.005788 -0.028713 -0.929281 0.000000 
8.000001e-02 1.003100e-01 9.749966e-02 8.408820e-02 1.000000e-01 1.597501e+00 -0.991772 0.026295 0.217997 0.694684 0.042175 0.010621 0.991772 -0.005788 -0.028713 -0.929281 0.000000 
8.000001e-02 1.003100e-01 9.749966e-02 8.408820e-02 1.000000e-01 1.597501e+00 -0.991772 0.026295 0.217997 0.694684 0.042175 0.010621 0.991772 -0.005788 -0.028713 -0.929281 0.000000 
8.000001e-02 1.003100e-01 9.749966e-02 8.408820e-02 1.000000e-01 1.597501e+00 -0.991772 0.026295 0.217997 0.694684 0.042175 0.010621 0.991772 -0.005788 -0.028713 -0.929281 0.000000 
8.000001e-02 1.003100e-01 9.749966e-02 8.408820e-02 1.000000e-01 1.597501e+00 -0.991772 0.026295 0.217997 0.694684 0.042175 0.010621 0.991772 -0.005788 -0.028713 -0.929281 0.000000 
8.000001e-02 1.003100e-01 9.749966e-02 8.408820e-02 1.000000e-01 1.597501e+00 -0.991772 0.026295 0.217997 0.694684 0.042175 0.010621 0.991772 -0.005788 -0.028713 -0.929281 0.000000 
8.000001e-02 1.003100e-01 9.749966e-02 8.408820e-02 1.000000e-01 1.597501e+00 -0.991772 0.026295 0.217997 0.694684 0.042175 0.010621 0.991772 -0.005788 -0.028713 -0.929281 0.000000 
8.000001e-02 1.003100e-01 9.749966e-02 8.408820e-02 1.000000e-01 1.597501e+00 -0.991772 0.026295 0.217997 0.694684 0.042175 0.010621 0.991772 -0.005788 -0.028713 -0.929281 0.000000 
8.000001e-02 1.003100e-01 9.749966e-02 8.408820e-02 1.000000e-01 1.597501e+00 -0.991772 0.026295 0.217997 0.694684 0.042175 0.010621 0.991772 -0.005788 -0.028713 -0.929281 0.000000 
8.000001e-02 1.003100e-01 9.749966e-02 8.408820e-02 1.000000e-01 1.597501e+00 -0.991772 0.026295 0.217997 0.694684 0.042175 0.010621 0.991772 -0.005788 -0.028713 -0.929281 0.000000 
8.000001e-02 1.003100e-01 9.749966e-02 8.408820e-02 1.000000e-01 1.597501e+00 -0.991772 0.026295 0.217997 0.694684 0.042175 0.010621 0.991772 -0.005788 -0.028713 -0.929281 0.000000 
8.000001e-02 1.003100e-01 9.749966e-02 8.408820e-02 1.000000e-01 1.597501e+00 -0.991772 0.026295 0.217997 0.694684 0.042175 0.010621 0.991772 -0.005788 -0.028713 -0.929281 0.000000 
8.000001e-02 1.003100e-01 9.749966e-02 8.408820e-02 1.000000e-01 1.597501e+00 -0.991772 0.026295 0.217997 0.694684 0.042175 0.010621 0.991772 -0.005788 -0.028713 -0.929281 0.000000 
8.000001e-02 1.003100e-01 9.749966e-02 8.408820e-02 1.000000e-01 1.597501e+00 -0.991772 0.026295 0.217997 0.694684 0.042175 0.010621 0.991772 -0.005788 -0.028713 -0.929281 0.000000 
8.000001e-02 1.003100e-01 9.749966e-02 8.408820e-02 1.000000e-01 1.597501e+00 -0.991772 0.026295 0.217997 0.694684 0.042175 0.010621 0.991772 -0.005788 -0.028713 -0.929281 0.000000 
8.000001e-02 1.003100e-01 9.749966e-02 8.408820e-02 1.000000e-01 1.597501e+00 -0.991772 0.026295 0.217997 0.694684 0.042175 0.010621 0.991772 -0.005788 -0.028713 -0.929281 0.000000 
8.000001e-02 1.003100e-01 9.749966e-02 8.408820e-02 1.000000e-01 1.597501e+00 -0.991772 0.026295 0.217997 0.694684 0.042175 0.010621 0.991772 -0.005788 -0.028713 -0.929281 0.000000 
8.000001e-02 1.003100e-01 9.749966e-02 8.408820e-02 1.000000e-01 1.597501e+00 -0.991772 0.026295 0.217997 0.694684 0.042175 0.010621 0.991772 -0.005788 -0.028713 -0.929281 0.000000 
8.000001e-02 1.003100e-01 9.749966e-02 8.408820e-02 1.000000e-01 1.597501e+00 -0.991772 0.026295 0.217997 0.694684 0.042175 0.010621 0.991772 -0.005788 -0.028713 -0.929281 0.000000 
8.000001e-02 1.003100e-01 9.749966e-02 8.408820e-02 1.000000e-01 1.597501e+00 -0.991772 0.026295 0.217997 0.694684 0.042175 0.010621 0.991772 -0.005788 -0.028713 -0.929281 0.000000 
8.000001e-02 1.003100e-01 9.749966e-02 8.408820e-02 1.000000e-01 1.597501e+00 -0.991772 0.026295 0.217997 0.694684 0.042175 0.010621 0.991772 -0.005788 -0.028713 -0.929281 0.000000 
8.000001e-02 1.003100e-01 9.749966e-02 8.408820e-02 1.000000e-01 1.597501e+00 -0.991772 0.026295 0.217997 0.694684 0.042175 0.010621 0.991772 -0.005788 -0.028713 -0.929281 0.000000 
8.000001e-02 1.003100e-01 9.749966e-02 8.408820e-02 1.000000e-01 1.597501e+00 -0.991772 0.026295 0.217997 0.694684 0.042175 0.010621 0.991772 -0.005788 -0.028713 -0.929281 0.000000 
8.000001e-02 1.003100e-01 9.749966e-02 8.408820e-02 1.000000e-01 1.597501e+00 -0.991772 0.026295 0.217997 0.694684 0.042175 0.010621 0.991772 -0.005788 -0.028713 -0.929281 0.000000 
8.000001e-02 1.003100e-01 9.749966e-02 8.408820e-02 1.000000e-01 1.597501e+00 -0.991772 0.026295 0.217997 0.694684 0.042175 0.010621 0.991772 -0.005788 -0.028713 -0.929281 0.000000 
8.000001e-02 1.003100e-01 9.749966e-02 8.408820e-02 1.000000e-01 1.597501e+00 -0.991772 0.026295 0.217997 0.694684 0.042175 0.010621 0.991772 -0.005788 -0.028713 -0.929281 0.000000 
8.000001e-02 1.003100e-01 9.749966e-02 8.408820e-02 1.000000e-01 1.597501e+00 -0.991772 0.026295 0.217997 0.694684 0.042175 0.010621 0.991772 -0.005788 -0.028713 -0.929281 0.000000 
8.000001e-02 1.003100e-01 9.749966e-02 8.408820e-02 1.000000e-01 1.597501e+00 -0.991772 0.026295 0.217997 0.694684 0.042175 0.010621 0.991772 -0.005788 -0.028713 -0.929281 0.000000 
8.000001e-02 1.003100e-01 9.749966e-02 8.408820e-02 1.000000e-01 1.597501e+00 -0.991772 0.026295 0.217997 0.694684 0.042175 0.010621 0.991772 -0.005788 -0.028713 -0.929281 0.000000 
8.000001e-02 1.003100e-01 9.749966e-02 8.408820e-02 1.000000e-01 1.597501e+00 -0.991772 0.026295 0.217997 0.694684 0.042175 0.010621 0.991772 -0.005788 -0.028713 -0.929281 0.000000 
8.000001e-02 1.003100e-01 9.749966e-02 8.408820e-02 1.000000e-01 1.597501e+00 -0.991772 0.026295 0.217997 0.694684 0.042175 0.010621 0.991772 -0.005788 -0.028713 -0.929281 0.000000 
8.000001e-02 1.003100e-01 9.749966e-02 8.408820e-02 1.000000e-01 1.597501e+00 -0.991772 0.026295 0.217997 0.694684 0.042175 0.010621 0.991772 -0.005788 -0.028713 -0.929281 0.000000 
8.000001e-02 1.003100e-01 9.749966e-02 8.408820e-02 1.000000e-01 1.597501e+00 -0.991772 0.026295 0.217997 0.694684 0.042175 0.010621 0.991772 -0.005788 -0.028713 -0.929281 0.000000 
8.000001e-02 1.003100e-01 9.749966e-02 8.408820e-02 1.000000e-01 1.597501e+00 -0.991772 0.026295 0.217997 0.694684 0.042175 0.010621 0.991772 -0.005788 -0.028713 -0.929281 0.000000 
8.000001e-02 1.003100e-01 9.749966e-02 8.408820e-02 1.000000e-01 1.597501e+00 -0.991772 0.026295 0.217997 0.694684 0.042175 0.010621 0.991772 -0.005788 -0.028713 -0.929281 0.000000 
8.000001e-02 1.003100e-01 9.749966e-02 8.408820e-02 1.000000e-01 1.597501e+00 -0.991772 0.026295 0.217997 0.694684 0.042175 0.010621 0.991772 -0.005788 -0.028713 -0.929281 0.000000 
8.000001e-02 1.003100e-01 9.749966e-02 8.408820e-02 1.000000e-01 1.597501e+00 -0.991772 0.026295 0.217997 0.694684 0.042175 0.010621 0.991772 -0.005788 -0.028713 -0.929281 0.000000 
8.000001e-02 1.003100e-01 9.749966e-02 8.408820e-02 1.000000e-01 1.597501e+00 -0.991772 0.026295 0.217997 0.694684 0.042175 0.010621 0.991772 -0.005788 -0.028713 -0.929281 0.000000 
8.000001e-02 1.003100e-01 9.749966e-02 8.408820e-02 1.000000e-01 1.597501e+00 -0.991772 0.026295 0.217997 0.694684 0.042175 0.010621 0.991772 -0.005788 -0.028713 -0.929281 0.000000 
8.000001e-02 1.003100e-01 9.749966e-02 8.408820e-02 1.000000e-01 1.597501e+00 -0.991772 0.026295 0.217997 0.694684 0.042175 0.010621 0.991772 -0.005788 -0.028713 -0.929281 0.000000 
8.000001e-02 1.003100e-01 9.749966e-02 8.408820e-02 1.000000e-01 1.597501e+00 -0.991772 0.026295 0.217997 0.694684 0.042175 0.010621 0.991772 -0.005788 -0.028713 -0.929281 0.000000 
8.000001e-02 1.003100e-01 9.749966e-02 8.408820e-02 1.000000e-01 1.597501e+00 -0.991772 0.026295 0.217997 0.694684 0.042175 0.010621 0.991772 -0.005788 -0.028713 -0.929281 0.000000 
8.000001e-02 1.003100e-01 9.749966e-02 8.408820e-02 1.000000e-01 1.597501e+00 -0.991772 0.026295 0.217997 0.694684 0.042175 0.010621 0.991772 -0.005788 -0.028713 -0.929281 0.000000 
8.000001e-02 1.003100e-01 9.749966e-02 8.408820e-02 1.000000e-01 1.597501e+00 -0.991772 0.026295 0.217997 0.694684 0.042175 0.010621 0.991772 -0.005788 -0.028713 -0.929281 0.000000 
8.000001e-02 1.003100e-01 9.749966e-02 8.408820e-02 1.000000e-01 1.597501e+00 -0.991772 0.026295 0.217997 0.694684 0.042175 0.010621 0.991772 -0.005788 -0.028713 -0.929281 0.000000 
8.000001e-02 1.003100e-01 9.749966e-02 8.408820e-02 1.000000e-01 1.597501e+00 -0.991772 0.026295 0.217997 0.694684 0.042175 0.010621 0.991772 -0.005788 -0.028713 -0.929281 0.000000 
8.000001e-02 1.003100e-01 9.749966e-02 8.408820e-02 1.000000e-01 1.597501e+00 -0.991772 0.026295 0.217997 0.694684 0.042175 0.010621 0.991772 -0.005788 -0.028713 -0.929281 0.000000 
8.000001e-02 1.003100e-01 9.749966e-02 8.408820e-02 1.000000e-01 1.597501e+00 -0.991772 0.026295 0.217997 0.694684 0.042175 0.010621 0.991772 -0.005788 -0.028713 -0.929281 0.000000 
8.000001e-02 1.003100e-01 9.749966e-02 8.408820e-02 1.000000e-01 1.597501e+00 -0.991772 0.026295 0.217997 0.694684 0.042175 0.010621 0.991772 -0.005788 -0.028713 -0.929281 0.000000 
8.000001e-02 1.003100e-01 9.749966e-02 8.408820e-02 1.000000e-01 1.597501e+00 -0.991772 0.026295 0.217997 0.694684 0.042175 0.010621 0.991772 -0.005788 -0.028713 -0.929281 0.000000 
8.000001e-02 1.003100e-01 9.749966e-02 8.408820e-02 1.000000e-01 1.597501e+00 -0.991772 0.026295 0.217997 0.694684 0.042175 0.010621 0.991772 -0.005788 -0.028713 -0.929281 0.000000 
8.000001e-02 1.003100e-01 9.749966e-02 8.408820e-02 1.000000e-01 1.597501e+00 -0.991772 0.026295 0.217997 0.694684 0.042175 0.010621 0.991772 -0.005788 -0.028713 -0.929281 0.000000 
8.000001e-02 1.003100e-01 9.749966e-02 8.408820e-02 1.000000e-01 1.597501e+00 -0.991772 0.026295 0.217997 0.694684 0.042175 0.010621 0.991772 -0.005788 -0.028713 -0.929281 0.000000 
8.000001e-02 1.003100e-01 9.749966e-02 8.408820e-02 1.000000e-01 1.597501e+00 -0.991772 0.026295 0.217997 0.694684 0.042175 0.010621 0.991772 -0.005788 -0.028713 -0.929281 0.000000 
8.000001e-02 1.003100e-01 9.749966e-02 8.408820e-02 1.000000e-01 1.597501e+00 -0.991772 0.026295 0.217997 0.694684 0.042175 0.010621 0.991772 -0.005788 -0.028713 -0.929281 0.000000 
8.000001e-02 1.003100e-01 9.749966e-02 8.408820e-02 1.000000e-01 1.597501e+00 -0.991772 0.026295 0.217997 0.694684 0.042175 0.010621 0.991772 -0.005788 -0.028713 -0.929281 0.000000 
8.000001e-02 1.003100e-01 9.749966e-02 8.408820e-02 1.000000e-01 1.597501e+00 -0.991772 0.026295 0.217997 0.694684 0.042175 0.010621 0.991772 -0.005788 -0.028713 -0.929281 0.000000 
8.000001e-02 1.003100e-01 9.749966e-02 8.408820e-02 1.000000e-01 1.597501e+00 -0.991772 0.026295 0.217997 0.694684 0.042175 0.010621 0.991772 -0.005788 -0.028713 -0.929281 0.000000 
8.000001e-02 1.003100e-01 9.749966e-02 8.408820e-02 1.000000e-01 1.597501e+00 -0.991772 0.026295 0.217997 0.694684 0.042175 0.010621 0.991772 -0.005788 -0.028713 -0.929281 0.000000 
8.000001e-02 1.003100e-01 9.749966e-02 8.408820e-02 1.000000e-01 1.597501e+00 -0.991772 0.026295 0.217997 0.694684 0.042175 0.010621 0.991772 -0.005788 -0.028713 -0.929281 0.000000 
8.000001e-02 1.003100e-01 9.749966e-02 8.408820e-02 1.000000e-01 1.597501e+00 -0.991772 0.026295 0.217997 0.694684 0.042175 0.010621 0.991772 -0.005788 -0.028713 -0.929281 0.000000 
8.000001e-02 1.003100e-01 9.749966e-02 8.408820e-02 1.000000e-01 1.597501e+00 -0.991772 0.026295 0.217997 0.694684 0.042175 0.010621 0.991772 -0.005788 -0.028713 -0.929281 0.000000 
8.000001e-02 1.003100e-01 9.749966e-02 8.408820e-02 1.000000e-01 1.597501e+00 -0.991772 0.026295 0.217997 0.694684 0.042175 0.010621 0.991772 -0.005788 -0.028713 -0.929281 0.000000 
8.000001e-02 1.003100e-01 9.749966e-02 8.408820e-02 1.000000e-01 1.597501e+00 -0.991772 0.026295 0.217997 0.694684 0.042175 0.010621 0.991772 -0.005788 -0.028713 -0.929281 0.000000 
8.000001e-02 1.003100e-01 9.749966e-02 8.408820e-02 1.000000e-01 1.597501e+00 -0.991772 0.026295 0.217997 0.694684 0.042175 0.010621 0.991772 -0.005788 -0.028713 -0.929281 0.000000 
8.000001e-02 1.003100e-01 9.749966e-02 8.408820e-02 1.000000e-01 1.597501e+00 -0.991772 0.026295 0.217997 0.694684 0.042175 0.010621 0.991772 -0.005788 -0.028713 -0.929281 0.000000 
8.000001e-02 1.003100e-01 9.749966e-02 8.408820e-02 1.000000e-01 1.597501e+00 -0.991772 0.026295 0.217997 0.694684 0.042175 0.010621 0.991772 -0.005788 -0.028713 -0.929281 0.000000 
8.000001e-02 1.003100e-01 9.749966e-02 8.408820e-02 1.000000e-01 1.597501e+00 -0.991772 0.026295 0.217997 0.694684 0.042175 0.010621 0.991772 -0.005788 -0.028713 -0.929281 0.000000 
8.000001e-02 1.003100e-01 9.749966e-02 8.408820e-02 1.000000e-01 1.597501e+00 -0.991772 0.026295 0.217997 0.694684 0.042175 0.010621 0.991772 -0.005788 -0.028713 -0.929281 0.000000 
8.000001e-02 1.003100e-01 9.749966e-02 8.408820e-02 1.000000e-01 1.597501e+00 -0.991772 0.026295 0.217997 0.694684 0.042175 0.010621 0.991772 -0.005788 -0.028713 -0.929281 0.000000 
8.000001e-02 1.003100e-01 9.749966e-02 8.408820e-02 1.000000e-01 1.597501e+00 -0.991772 0.026295 0.217997 0.694684 0.042175 0.010621 0.991772 -0.005788 -0.028713 -0.929281 0.000000 
8.000001e-02 1.003100e-01 9.749966e-02 8.408820e-02 1.000000e-01 1.597501e+00 -0.991772 0.026295 0.217997 0.694684 0.042175 0.010621 0.991772 -0.005788 -0.028713 -0.929281 0.000000 
8.000001e-02 1.003100e-01 9.749966e-02 8.408820e-02 1.000000e-01 1.597501e+00 -0.991772 0.026295 0.217997 0.694684 0.042175 0.010621 0.991772 -0.005788 -0.028713 -0.929281 0.000000 
8.000001e-02 1.003100e-01 9.749966e-02 8.408820e-02 1.000000e-01 1.597501e+00 -0.991772 0.026295 0.217997 0.694684 0.042175 0.010621 0.991772 -0.005788 -0.028713 -0.929281 0.000000 
8.000001e-02 1.003100e-01 9.749966e-02 8.408820e-02 1.000000e-01 1.597501e+00 -0.991772 0.026295 0.217997 0.694684 0.042175 0.010621 0.991772 -0.005788 -0.028713 -0.929281 0.000000 
8.000001e-02 1.003100e-01 9.749966e-02 8.408820e-02 1.000000e-01 1.597501e+00 -0.991772 0.026295 0.217997 0.694684 0.042175 0.010621 0.991772 -0.005788 -0.028713 -0.929281 0.000000 
8.000001e-02 1.003100e-01 9.749966e-02 8.408820e-02 1.000000e-01 1.597501e+00 -0.991772 0.026295 0.217997 0.694684 0.042175 0.010621 0.991772 -0.005788 -0.028713 -0.929281 0.000000 
8.000001e-02 1.003100e-01 9.749966e-02 8.408820e-02 1.000000e-01 1.597501e+00 -0.991772 0.026295 0.217997 0.694684 0.042175 0.010621 0.991772 -0.005788 -0.028713 -0.929281 0.000000 
8.000001e-02 1.003100e-01 9.749966e-02 8.408820e-02 1.000000e-01 1.597501e+00 -0.991772 0.026295 0.217997 0.694684 0.042175 0.010621 0.991772 -0.005788 -0.028713 -0.929281 0.000000 
8.000001e-02 1.003100e-01 9.749966e-02 8.408820e-02 1.000000e-01 1.597501e+00 -0.991772 0.026295 0.217997 0.694684 0.042175 0.010621 0.991772 -0.005788 -0.028713 -0.929281 0.000000 
8.000001e-02 1.003100e-01 9.749966e-02 8.408820e-02 1.000000e-01 1.597501e+00 -0.991772 0.026295 0.217997 0.694684 0.042175 0.010621 0.991772 -0.005788 -0.028713 -0.929281 0.000000 
8.000001e-02 1.003100e-01 9.749966e-02 8.408820e-02 1.000000e-01 1.597501e+00 -0.991772 0.026295 0.217997 0.694684 0.042175 0.010621 0.991772 -0.005788 -0.028713 -0.929281 0.000000 
8.000001e-02 1.003100e-01 9.749966e-02 8.408820e-02 1.000000e-01 1.597501e+00 -0.991772 0.026295 0.217997 0.694684 0.042175 0.010621 0.991772 -0.005788 -0.028713 -0.929281 0.000000 
8.000001e-02 1.003100e-01 9.749966e-02 8.408820e-02 1.000000e-01 1.597501e+00 -0.991772 0.026295 0.217997 0.694684 0.042175 0.010621 0.991772 -0.005788 -0.028713 -0.929281 0.000000 
8.000001e-02 1.003100e-01 9.749966e-02 8.408820e-02 1.000000e-01 1.597501e+00 -0.991772 0.026295 0.217997 0.694684 0.042175 0.010621 0.991772 -0.005788 -0.028713 -0.929281 0.000000 
8.000001e-02 1.003100e-01 9.749966e-02 8.408820e-02 1.000000e-01 1.597501e+00 -0.991772 0.026295 0.217997 0.694684 0.042175 0.010621 0.991772 -0.005788 -0.028713 -0.929281 0.000000 
8.000001e-02 1.003100e-01 9.749966e-02 8.408820e-02 1.000000e-01 1.597501e+00 -0.991772 0.026295 0.217997 0.694684 0.042175 0.010621 0.991772 -0.005788 -0.028713 -0.929281 0.000000 
8.000001e-02 1.003100e-01 9.749966e-02 8.408820e-02 1.000000e-01 1.597501e+00 -0.991772 0.026295 0.217997 0.694684 0.042175 0.010621 0.991772 -0.005788 -0.028713 -0.929281 0.000000 
8.000001e-02 1.003100e-01 9.749966e-02 8.408820e-02 1.000000e-01 1.597501e+00 -0.991772 0.026295 0.217997 0.694684 0.042175 0.010621 0.991772 -0.005788 -0.028713 -0.929281 0.000000 
8.000001e-02 1.003100e-01 9.749966e-02 8.408820e-02 1.000000e-01 1.597501e+00 -0.991772 0.026295 0.217997 0.694684 0.042175 0.010621 0.991772 -0.005788 -0.028713 -0.929281 0.000000 
8.000001e-02 1.003100e-01 9.749966e-02 8.408820e-02 1.000000e-01 1.597501e+00 -0.991772 0.026295 0.217997 0.694684 0.042175 0.010621 0.991772 -0.005788 -0.028713 -0.929281 0.000000 
8.000001e-02 1.003100e-01 9.749966e-02 8.408820e-02 1.000000e-01 1.597501e+00 -0.991772 0.026295 0.217997 0.694684 0.042175 0.010621 0.991772 -0.005788 -0.028713 -0.929281 0.000000 
8.000001e-02 1.003100e-01 9.749966e-02 8.408820e-02 1.000000e-01 1.597501e+00 -0.991772 0.026295 0.217997 0.694684 0.042175 0.010621 0.991772 -0.005788 -0.028713 -0.929281 0.000000 
8.000001e-02 1.003100e-01 9.749966e-02 8.408820e-02 1.000000e-01 1.597501e+00 -0.991772 0.026295 0.217997 0.694684 0.042175 0.010621 0.991772 -0.005788 -0.028713 -0.929281 0.000000 
8.000001e-02 1.003100e-01 9.749966e-02 8.408820e-02 1.000000e-01 1.597501e+00 -0.991772 0.026295 0.217997 0.694684 0.042175 0.010621 0.991772 -0.005788 -0.028713 -0.929281 0.000000 
8.000001e-02 1.003100e-01 9.749966e-02 8.408820e-02 1.000000e-01 1.597501e+00 -0.991772 0.026295 0.217997 0.694684 0.042175 0.010621 0.991772 -0.005788 -0.028713 -0.929281 0.000000 
8.000001e-02 1.003100e-01 9.749966e-02 8.408820e-02 1.000000e-01 1.597501e+00 -0.991772 0.026295 0.217997 0.694684 0.042175 0.010621 0.991772 -0.005788 -0.028713 -0.929281 0.000000 
8.000001e-02 1.003100e-01 9.749966e-02 8.408820e-02 1.000000e-01 1.597501e+00 -0.991772 0.026295 0.217997 0.694684 0.042175 0.010621 0.991772 -0.005788 -0.028713 -0.929281 0.000000 
8.000001e-02 1.003100e-01 9.749966e-02 8.408820e-02 1.000000e-01 1.597501e+00 -0.991772 0.026295 0.217997 0.694684 0.042175 0.010621 0.991772 -0.005788 -0.028713 -0.929281 0.000000 
8.000001e-02 1.003100e-01 9.749966e-02 8.408820e-02 1.000000e-01 1.597501e+00 -0.991772 0.026295 0.217997 0.694684 0.042175 0.010621 0.991772 -0.005788 -0.028713 -0.929281 0.000000 
8.000001e-02 1.003100e-01 9.749966e-02 8.408820e-02 1.000000e-01 1.597501e+00 -0.991772 0.026295 0.217997 0.694684 0.042175 0.010621 0.991772 -0.005788 -0.028713 -0.929281 0.000000 
8.000001e-02 1.003100e-01 9.749966e-02 8.408820e-02 1.000000e-01 1.597501e+00 -0.991772 0.026295 0.217997 0.694684 0.042175 0.010621 0.991772 -0.005788 -0.028713 -0.929281 0.000000 
8.000001e-02 1.003100e-01 9.749966e-02 8.408820e-02 1.000000e-01 1.597501e+00 -0.991772 0.026295 0.217997 0.694684 0.042175 0.010621 0.991772 -0.005788 -0.028713 -0.929281 0.000000 
8.000001e-02 1.003100e-01 9.749966e-02 8.408820e-02 1.000000e-01 1.597501e+00 -0.991772 0.026295 0.217997 0.694684 0.042175 0.010621 0.991772 -0.005788 -0.028713 -0.929281 0.000000 
8.000001e-02 1.003100e-01 9.749966e-02 8.408820e-02 1.000000e-01 1.597501e+00 -0.991772 0.026295 0.217997 0.694684 0.042175 0.010621 0.991772 -0.005788 -0.028713 -0.929281 0.000000 
8.000001e-02 1.003100e-01 9.749966e-02 8.408820e-02 1.000000e-01 1.597501e+00 -0.991772 0.026295 0.217997 0.694684 0.042175 0.010621 0.991772 -0.005788 -0.028713 -0.929281 0.000000 
8.000001e-02 1.003100e-01 9.749966e-02 8.408820e-02 1.000000e-01 1.597501e+00 -0.991772 0.026295 0.217997 0.694684 0.042175 0.010621 0.991772 -0.005788 -0.028713 -0.929281 0.000000 
8.000001e-02 1.003100e-01 9.749966e-02 8.408820e-02 1.000000e-01 1.597501e+00 -0.991772 0.026295 0.217997 0.694684 0.042175 0.010621 0.991772 -0.005788 -0.028713 -0.929281 0.000000 
8.000001e-02 1.003100e-01 9.749966e-02 8.408820e-02 1.000000e-01 1.597501e+00 -0.991772 0.026295 0.217997 0.694684 0.042175 0.010621 0.991772 -0.005788 -0.028713 -0.929281 0.000000 
8.000001e-02 1.003100e-01 9.749966e-02 8.408820e-02 1.000000e-01 1.597501e+00 -0.991772 0.026295 0.217997 0.694684 0.042175 0.010621 0.991772 -0.005788 -0.028713 -0.929281 0.000000 
8.000001e-02 1.003100e-01 9.749966e-02 8.408820e-02 1.000000e-01 1.597501e+00 -0.991772 0.026295 0.217997 0.694684 0.042175 0.010621 0.991772 -0.005788 -0.028713 -0.929281 0.000000 
8.000001e-02 1.003100e-01 9.749966e-02 8.408820e-02 1.000000e-01 1.597501e+00 -0.991772 0.026295 0.217997 0.694684 0.042175 0.010621 0.991772 -0.005788 -0.028713 -0.929281 0.000000 
8.000001e-02 1.003100e-01 9.749966e-02 8.408820e-02 1.000000e-01 1.597501e+00 -0.991772 0.026295 0.217997 0.694684 0.042175 0.010621 0.991772 -0.005788 -0.028713 -0.929281 0.000000 
8.000001e-02 1.003100e-01 9.749966e-02 8.408820e-02 1.000000e-01 1.597501e+00 -0.991772 0.026295 0.217997 0.694684 0.042175 0.010621 0.991772 -0.005788 -0.028713 -0.929281 0.000000 
8.000001e-02 1.003100e-01 9.749966e-02 8.408820e-02 1.000000e-01 1.597501e+00 -0.991772 0.026295 0.217997 0.694684 0.042175 0.010621 0.991772 -0.005788 -0.028713 -0.929281 0.000000 
8.000001e-02 1.003100e-01 9.749966e-02 8.408820e-02 1.000000e-01 1.597501e+00 -0.991772 0.026295 0.217997 0.694684 0.042175 0.010621 0.991772 -0.005788 -0.028713 -0.929281 0.000000 
8.000001e-02 1.003100e-01 9.749966e-02 8.408820e-02 1.000000e-01 1.597501e+00 -0.991772 0.026295 0.217997 0.694684 0.042175 0.010621 0.991772 -0.005788 -0.028713 -0.929281 0.000000 
8.000001e-02 1.003100e-01 9.749966e-02 8.408820e-02 1.000000e-01 1.597501e+00 -0.991772 0.026295 0.217997 0.694684 0.042175 0.010621 0.991772 -0.005788 -0.028713 -0.929281 0.000000 
8.000001e-02 1.003100e-01 9.749966e-02 8.408820e-02 1.000000e-01 1.597501e+00 -0.991772 0.026295 0.217997 0.694684 0.042175 0.010621 0.991772 -0.005788 -0.028713 -0.929281 0.000000 
8.000001e-02 1.003100e-01 9.749966e-02 8.408820e-02 1.000000e-01 1.597501e+00 -0.991772 0.026295 0.217997 0.694684 0.042175 0.010621 0.991772 -0.005788 -0.028713 -0.929281 0.000000 
8.000001e-02 1.003100e-01 9.749966e-02 8.408820e-02 1.000000e-01 1.597501e+00 -0.991772 0.026295 0.217997 0.694684 0.042175 0.010621 0.991772 -0.005788 -0.028713 -0.929281 0.000000 
8.000001e-02 1.003100e-01 9.749966e-02 8.408820e-02 1.000000e-01 1.597501e+00 -0.991772 0.026295 0.217997 0.694684 0.042175 0.010621 0.991772 -0.005788 -0.028713 -0.929281 0.000000 
8.000001e-02 1.003100e-01 9.749966e-02 8.408820e-02 1.000000e-01 1.597501e+00 -0.991772 0.026295 0.217997 0.694684 0.042175 0.010621 0.991772 -0.005788 -0.028713 -0.929281 0.000000 
8.000001e-02 1.003100e-01 9.749966e-02 8.408820e-02 1.000000e-01 1.597501e+00 -0.991772 0.026295 0.217997 0.694684 0.042175 0.010621 0.991772 -0.005788 -0.028713 -0.929281 0.000000 
8.000001e-02 1.003100e-01 9.749966e-02 8.408820e-02 1.000000e-01 1.597501e+00 -0.991772 0.026295 0.217997 0.694684 0.042175 0.010621 0.991772 -0.005788 -0.028713 -0.929281 0.000000 
8.000001e-02 1.003100e-01 9.749966e-02 8.408820e-02 1.000000e-01 1.597501e+00 -0.991772 0.026295 0.217997 0.694684 0.042175 0.010621 0.991772 -0.005788 -0.028713 -0.929281 0.000000 
8.000001e-02 1.003100e-01 9.749966e-02 8.408820e-02 1.000000e-01 1.597501e+00 -0.991772 0.026295 0.217997 0.694684 0.042175 0.010621 0.991772 -0.005788 -0.028713 -0.929281 0.000000 
8.000001e-02 1.003100e-01 9.749966e-02 8.408820e-02 1.000000e-01 1.597501e+00 -0.991772 0.026295 0.217997 0.694684 0.042175 0.010621 0.991772 -0.005788 -0.028713 -0.929281 0.000000 
8.000001e-02 1.003100e-01 9.749966e-02 8.408820e-02 1.000000e-01 1.597501e+00 -0.991772 0.026295 0.217997 0.694684 0.042175 0.010621 0.991772 -0.005788 -0.028713 -0.929281 0.000000 
8.000001e-02 1.003100e-01 9.749966e-02 8.408820e-02 1.000000e-01 1.597501e+00 -0.991772 0.026295 0.217997 0.694684 0.042175 0.010621 0.991772 -0.005788 -0.028713 -0.929281 0.000000 
8.000001e-02 1.003100e-01 9.749966e-02 8.408820e-02 1.000000e-01 1.597501e+00 -0.991772 0.026295 0.217997 0.694684 0.042175 0.010621 0.991772 -0.005788 -0.028713 -0.929281 0.000000 
8.000001e-02 1.003100e-01 9.749966e-02 8.408820e-02 1.000000e-01 1.597501e+00 -0.991772 0.026295 0.217997 0.694684 0.042175 0.010621 0.991772 -0.005788 -0.028713 -0.929281 0.000000 
8.000001e-02 1.003100e-01 9.749966e-02 8.408820e-02 1.000000e-01 1.597501e+00 -0.991772 0.026295 0.217997 0.694684 0.042175 0.010621 0.991772 -0.005788 -0.028713 -0.929281 0.000000 
8.000001e-02 1.003100e-01 9.749966e-02 8.408820e-02 1.000000e-01 1.597501e+00 -0.991772 0.026295 0.217997 0.694684 0.042175 0.010621 0.991772 -0.005788 -0.028713 -0.929281 0.000000 
8.000001e-02 1.003100e-01 9.749966e-02 8.408820e-02 1.000000e-01 1.597501e+00 -0.991772 0.026295 0.217997 0.694684 0.042175 0.010621 0.991772 -0.005788 -0.028713 -0.929281 0.000000 
8.000001e-02 1.003100e-01 9.749966e-02 8.408820e-02 1.000000e-01 1.597501e+00 -0.991772 0.026295 0.217997 0.694684 0.042175 0.010621 0.991772 -0.005788 -0.028713 -0.929281 0.000000 
8.000001e-02 1.003100e-01 9.749966e-02 8.408820e-02 1.000000e-01 1.597501e+00 -0.991772 0.026295 0.217997 0.694684 0.042175 0.010621 0.991772 -0.005788 -0.028713 -0.929281 0.000000 
8.000001e-02 1.003100e-01 9.749966e-02 8.408820e-02 1.000000e-01 1.597501e+00 -0.991772 0.026295 0.217997 0.694684 0.042175 0.010621 0.991772 -0.005788 -0.028713 -0.929281 0.000000 
8.000001e-02 1.003100e-01 9.749966e-02 8.408820e-02 1.000000e-01 1.597501e+00 -0.991772 0.026295 0.217997 0.694684 0.042175 0.010621 0.991772 -0.005788 -0.028713 -0.929281 0.000000 
8.000001e-02 1.003100e-01 9.749966e-02 8.408820e-02 1.000000e-01 1.597501e+00 -0.991772 0.026295 0.217997 0.694684 0.042175 0.010621 0.991772 -0.005788 -0.028713 -0.929281 0.000000 
8.000001e-02 1.003100e-01 9.749966e-02 8.408820e-02 1.000000e-01 1.597501e+00 -0.991772 0.026295 0.217997 0.694684 0.042175 0.010621 0.991772 -0.005788 -0.028713 -0.929281 0.000000 
8.000001e-02 1.003100e-01 9.749966e-02 8.408820e-02 1.000000e-01 1.597501e+00 -0.991772 0.026295 0.217997 0.694684 0.042175 0.010621 0.991772 -0.005788 -0.028713 -0.929281 0.000000 
8.000001e-02 1.003100e-01 9.749966e-02 8.408820e-02 1.000000e-01 1.597501e+00 -0.991772 0.026295 0.217997 0.694684 0.042175 0.010621 0.991772 -0.005788 -0.028713 -0.929281 0.000000 
8.000001e-02 1.003100e-01 9.749966e-02 8.408820e-02 1.000000e-01 1.597501e+00 -0.991772 0.026295 0.217997 0.694684 0.042175 0.010621 0.991772 -0.005788 -0.028713 -0.929281 0.000000 
8.000001e-02 1.003100e-01 9.749966e-02 8.408820e-02 1.000000e-01 1.597501e+00 -0.991772 0.026295 0.217997 0.694684 0.042175 0.010621 0.991772 -0.005788 -0.028713 -0.929281 0.000000 
8.000001e-02 1.003100e-01 9.749966e-02 8.408820e-02 1.000000e-01 1.597501e+00 -0.991772 0.026295 0.217997 0.694684 0.042175 0.010621 0.991772 -0.005788 -0.028713 -0.929281 0.000000 
8.000001e-02 1.003100e-01 9.749966e-02 8.408820e-02 1.000000e-01 1.597501e+00 -0.991772 0.026295 0.217997 0.694684 0.042175 0.010621 0.991772 -0.005788 -0.028713 -0.929281 0.000000 
8.000001e-02 1.003100e-01 9.749966e-02 8.408820e-02 1.000000e-01 1.597501e+00 -0.991772 0.026295 0.217997 0.694684 0.042175 0.010621 0.991772 -0.005788 -0.028713 -0.929281 0.000000 
8.000001e-02 1.003100e-01 9.749966e-02 8.408820e-02 1.000000e-01 1.597501e+00 -0.991772 0.026295 0.217997 0.694684 0.042175 0.010621 0.991772 -0.005788 -0.028713 -0.929281 0.000000 
8.000001e-02 1.003100e-01 9.749966e-02 8.408820e-02 1.000000e-01 1.597501e+00 -0.991772 0.026295 0.217997 0.694684 0.042175 0.010621 0.991772 -0.005788 -0.028713 -0.929281 0.000000 
8.000001e-02 1.003100e-01 9.749966e-02 8.408820e-02 1.000000e-01 1.597501e+00 -0.991772 0.026295 0.217997 0.694684 0.042175 0.010621 0.991772 -0.005788 -0.028713 -0.929281 0.000000 
8.000001e-02 1.003100e-01 9.749966e-02 8.408820e-02 1.000000e-01 1.597501e+00 -0.991772 0.026295 0.217997 0.694684 0.042175 0.010621 0.991772 -0.005788 -0.028713 -0.929281 0.000000 
8.000001e-02 1.003100e-01 9.749966e-02 8.408820e-02 1.000000e-01 1.597501e+00 -0.991772 0.026295 0.217997 0.694684 0.042175 0.010621 0.991772 -0.005788 -0.028713 -0.929281 0.000000 
8.000001e-02 1.003100e-01 9.749966e-02 8.408820e-02 1.000000e-01 1.597501e+00 -0.991772 0.026295 0.217997 0.694684 0.042175 0.010621 0.991772 -0.005788 -0.028713 -0.929281 0.000000 
8.000001e-02 1.003100e-01 9.749966e-02 8.408820e-02 1.000000e-01 1.597501e+00 -0.991772 0.026295 0.217997 0.694684 0.042175 0.010621 0.991772 -0.005788 -0.028713 -0.929281 0.000000 
8.000001e-02 1.003100e-01 9.749966e-02 8.408820e-02 1.000000e-01 1.597501e+00 -0.991772 0.026295 0.217997 0.694684 0.042175 0.010621 0.991772 -0.005788 -0.028713 -0.929281 0.000000 
8.000001e-02 1.003100e-01 9.749966e-02 8.408820e-02 1.000000e-01 1.597501e+00 -0.991772 0.026295 0.217997 0.694684 0.042175 0.010621 0.991772 -0.005788 -0.028713 -0.929281 0.000000 
8.000001e-02 1.003100e-01 9.749966e-02 8.408820e-02 1.000000e-01 1.597501e+00 -0.991772 0.026295 0.217997 0.694684 0.042175 0.010621 0.991772 -0.005788 -0.028713 -0.929281 0.000000 
8.000001e-02 1.003100e-01 9.749966e-02 8.408820e-02 1.000000e-01 1.597501e+00 -0.991772 0.026295 0.217997 0.694684 0.042175 0.010621 0.991772 -0.005788 -0.028713 -0.929281 0.000000 
8.000001e-02 1.003100e-01 9.749966e-02 8.408820e-02 1.000000e-01 1.597501e+00 -0.991772 0.026295 0.217997 0.694684 0.042175 0.010621 0.991772 -0.005788 -0.028713 -0.929281 0.000000 
8.000001e-02 1.003100e-01 9.749966e-02 8.408820e-02 1.000000e-01 1.597501e+00 -0.991772 0.026295 0.217997 0.694684 0.042175 0.010621 0.991772 -0.005788 -0.028713 -0.929281 0.000000 
8.000001e-02 1.003100e-01 9.749966e-02 8.408820e-02 1.000000e-01 1.597501e+00 -0.991772 0.026295 0.217997 0.694684 0.042175 0.010621 0.991772 -0.005788 -0.028713 -0.929281 0.000000 
8.000001e-02 1.003100e-01 9.749966e-02 8.408820e-02 1.000000e-01 1.597501e+00 -0.991772 0.026295 0.217997 0.694684 0.042175 0.010621 0.991772 -0.005788 -0.028713 -0.929281 0.000000 
8.000001e-02 1.003100e-01 9.749966e-02 8.408820e-02 1.000000e-01 1.597501e+00 -0.991772 0.026295 0.217997 0.694684 0.042175 0.010621 0.991772 -0.005788 -0.028713 -0.929281 0.000000 
8.000001e-02 1.003100e-01 9.749966e-02 8.408820e-02 1.000000e-01 1.597501e+00 -0.991772 0.026295 0.217997 0.694684 0.042175 0.010621 0.991772 -0.005788 -0.028713 -0.929281 0.000000 
8.000001e-02 1.003100e-01 9.749966e-02 8.408820e-02 1.000000e-01 1.597501e+00 -0.991772 0.026295 0.217997 0.694684 0.042175 0.010621 0.991772 -0.005788 -0.028713 -0.929281 0.000000 
8.000001e-02 1.003100e-01 9.749966e-02 8.408820e-02 1.000000e-01 1.597501e+00 -0.991772 0.026295 0.217997 0.694684 0.042175 0.010621 0.991772 -0.005788 -0.028713 -0.929281 0.000000 
8.000001e-02 1.003100e-01 9.749966e-02 8.408820e-02 1.000000e-01 1.597501e+00 -0.991772 0.026295 0.217997 0.694684 0.042175 0.010621 0.991772 -0.005788 -0.028713 -0.929281 0.000000 
8.000001e-02 1.003100e-01 9.749966e-02 8.408820e-02 1.000000e-01 1.597501e+00 -0.991772 0.026295 0.217997 0.694684 0.042175 0.010621 0.991772 -0.005788 -0.028713 -0.929281 0.000000 
8.000001e-02 1.003100e-01 9.749966e-02 8.408820e-02 1.000000e-01 1.597501e+00 -0.991772 0.026295 0.217997 0.694684 0.042175 0.010621 0.991772 -0.005788 -0.028713 -0.929281 0.000000 
8.000001e-02 1.003100e-01 9.749966e-02 8.408820e-02 1.000000e-01 1.597501e+00 -0.991772 0.026295 0.217997 0.694684 0.042175 0.010621 0.991772 -0.005788 -0.028713 -0.929281 0.000000 
8.000001e-02 1.003100e-01 9.749966e-02 8.408820e-02 1.000000e-01 1.597501e+00 -0.991772 0.026295 0.217997 0.694684 0.042175 0.010621 0.991772 -0.005788 -0.028713 -0.929281 0.000000 
8.000001e-02 1.003100e-01 9.749966e-02 8.408820e-02 1.000000e-01 1.597501e+00 -0.991772 0.026295 0.217997 0.694684 0.042175 0.010621 0.991772 -0.005788 -0.028713 -0.929281 0.000000 
8.000001e-02 1.003100e-01 9.749966e-02 8.408820e-02 1.000000e-01 1.597501e+00 -0.991772 0.026295 0.217997 0.694684 0.042175 0.010621 0.991772 -0.005788 -0.028713 -0.929281 0.000000 
8.000001e-02 1.003100e-01 9.749966e-02 8.408820e-02 1.000000e-01 1.597501e+00 -0.991772 0.026295 0.217997 0.694684 0.042175 0.010621 0.991772 -0.005788 -0.028713 -0.929281 0.000000 
8.000001e-02 1.003100e-01 9.749966e-02 8.408820e-02 1.000000e-01 1.597501e+00 -0.991772 0.026295 0.217997 0.694684 0.042175 0.010621 0.991772 -0.005788 -0.028713 -0.929281 0.000000 
8.000001e-02 1.003100e-01 9.749966e-02 8.408820e-02 1.000000e-01 1.597501e+00 -0.991772 0.026295 0.217997 0.694684 0.042175 0.010621 0.991772 -0.005788 -0.028713 -0.929281 0.000000 
8.000001e-02 1.003100e-01 9.749966e-02 8.408820e-02 1.000000e-01 1.597501e+00 -0.991772 0.026295 0.217997 0.694684 0.042175 0.010621 0.991772 -0.005788 -0.028713 -0.929281 0.000000 
8.000001e-02 1.003100e-01 9.749966e-02 8.408820e-02 1.000000e-01 1.597501e+00 -0.991772 0.026295 0.217997 0.694684 0.042175 0.010621 0.991772 -0.005788 -0.028713 -0.929281 0.000000 
8.000001e-02 1.003100e-01 9.749966e-02 8.408820e-02 1.000000e-01 1.597501e+00 -0.991772 0.026295 0.217997 0.694684 0.042175 0.010621 0.991772 -0.005788 -0.028713 -0.929281 0.000000 
8.000001e-02 1.003100e-01 9.749966e-02 8.408820e-02 1.000000e-01 1.597501e+00 -0.991772 0.026295 0.217997 0.694684 0.042175 0.010621 0.991772 -0.005788 -0.028713 -0.929281 0.000000 
8.000001e-02 1.003100e-01 9.749966e-02 8.408820e-02 1.000000e-01 1.597501e+00 -0.991772 0.026295 0.217997 0.694684 0.042175 0.010621 0.991772 -0.005788 -0.028713 -0.929281 0.000000 
8.000001e-02 1.003100e-01 9.749966e-02 8.408820e-02 1.000000e-01 1.597501e+00 -0.991772 0.026295 0.217997 0.694684 0.042175 0.010621 0.991772 -0.005788 -0.028713 -0.929281 0.000000 
8.000001e-02 1.003100e-01 9.749966e-02 8.408820e-02 1.000000e-01 1.597501e+00 -0.991772 0.026295 0.217997 0.694684 0.042175 0.010621 0.991772 -0.005788 -0.028713 -0.929281 0.000000 
8.000001e-02 1.003100e-01 9.749966e-02 8.408820e-02 1.000000e-01 1.597501e+00 -0.991772 0.026295 0.217997 0.694684 0.042175 0.010621 0.991772 -0.005788 -0.028713 -0.929281 0.000000 
8.000001e-02 1.003100e-01 9.749966e-02 8.408820e-02 1.000000e-01 1.597501e+00 -0.991772 0.026295 0.217997 0.694684 0.042175 0.010621 0.991772 -0.005788 -0.028713 -0.929281 0.000000 
8.000001e-02 1.003100e-01 9.749966e-02 8.408820e-02 1.000000e-01 1.597501e+00 -0.991772 0.026295 0.217997 0.694684 0.042175 0.010621 0.991772 -0.005788 -0.028713 -0.929281 0.000000 
8.000001e-02 1.003100e-01 9.749966e-02 8.408820e-02 1.000000e-01 1.597501e+00 -0.991772 0.026295 0.217997 0.694684 0.042175 0.010621 0.991772 -0.005788 -0.028713 -0.929281 0.000000 
8.000001e-02 1.003100e-01 9.749966e-02 8.408820e-02 1.000000e-01 1.597501e+00 -0.991772 0.026295 0.217997 0.694684 0.042175 0.010621 0.991772 -0.005788 -0.028713 -0.929281 0.000000 
8.000001e-02 1.003100e-01 9.749966e-02 8.408820e-02 1.000000e-01 1.597501e+00 -0.991772 0.026295 0.217997 0.694684 0.042175 0.010621 0.991772 -0.005788 -0.028713 -0.929281 0.000000 
8.000001e-02 1.003100e-01 9.749966e-02 8.408820e-02 1.000000e-01 1.597501e+00 -0.991772 0.026295 0.217997 0.694684 0.042175 0.010621 0.991772 -0.005788 -0.028713 -0.929281 0.000000 
8.000001e-02 1.003100e-01 9.749966e-02 8.408820e-02 1.000000e-01 1.597501e+00 -0.991772 0.026295 0.217997 0.694684 0.042175 0.010621 0.991772 -0.005788 -0.028713 -0.929281 0.000000 
8.000001e-02 1.003100e-01 9.749966e-02 8.408820e-02 1.000000e-01 1.597501e+00 -0.991772 0.026295 0.217997 0.694684 0.042175 0.010621 0.991772 -0.005788 -0.028713 -0.929281 0.000000 
8.000001e-02 1.003100e-01 9.749966e-02 8.408820e-02 1.000000e-01 1.597501e+00 -0.991772 0.026295 0.217997 0.694684 0.042175 0.010621 0.991772 -0.005788 -0.028713 -0.929281 0.000000 
8.000001e-02 1.003100e-01 9.749966e-02 8.408820e-02 1.000000e-01 1.597501e+00 -0.991772 0.026295 0.217997 0.694684 0.042175 0.010621 0.991772 -0.005788 -0.028713 -0.929281 0.000000 
8.000001e-02 1.003100e-01 9.749966e-02 8.408820e-02 1.000000e-01 1.597501e+00 -0.991772 0.026295 0.217997 0.694684 0.042175 0.010621 0.991772 -0.005788 -0.028713 -0.929281 0.000000 
8.000001e-02 1.003100e-01 9.749966e-02 8.408820e-02 1.000000e-01 1.597501e+00 -0.991772 0.026295 0.217997 0.694684 0.042175 0.010621 0.991772 -0.005788 -0.028713 -0.929281 0.000000 
