# TeX TeY TeZ ThX ThY THZ P1 P2
7.500000e-02 1.000000e-01 8.950000e-01 7.500000e-02 1.000000e-01 8.950000e-01 0.000000 0.000000 0.000000 0.000000 0.000000 0.000000 0.000000 0.000000 0.000000 0.000000 0.000000 
7.500000e-02 1.000000e-01 8.836968e-01 7.500000e-02 1.000000e-01 9.033241e-01 -0.012967 0.001665 0.003330 0.003332 0.003350 0.001291 0.012967 -0.001664 -0.003329 -0.003332 0.000000 
7.500000e-02 1.000000e-01 8.723481e-01 7.500000e-02 1.000000e-01 9.116335e-01 -0.025955 0.003332 0.006664 0.006670 0.006705 0.002584 0.025955 -0.003331 -0.006664 -0.006670 0.000000 
7.500000e-02 1.000000e-01 8.609545e-01 7.500000e-02 1.000000e-01 9.199279e-01 -0.038962 0.005002 0.010004 0.010012 0.010066 0.003879 0.038962 -0.005001 -0.010003 -0.010012 0.000000 
7.500000e-02 1.000000e-01 8.495162e-01 7.500000e-02 1.000000e-01 9.282072e-01 -0.051989 0.006674 0.013349 0.013360 0.013431 0.005176 0.051989 -0.006672 -0.013347 -0.013360 0.000000 
7.500000e-02 1.000000e-01 8.380337e-01 7.500000e-02 1.000000e-01 9.364713e-01 -0.065036 0.008349 0.016699 0.016712 0.016801 0.006474 0.065036 -0.008347 -0.016697 -0.016712 0.000000 
7.500000e-02 1.000000e-01 8.265074e-01 7.500000e-02 1.000000e-01 9.447201e-01 -0.078101 0.010026 0.020054 0.020069 0.020177 0.007775 0.078101 -0.010024 -0.020051 -0.020070 0.000000 
7.500000e-02 1.000000e-01 8.149376e-01 7.500000e-02 1.000000e-01 9.529533e-01 -0.091184 0.011705 0.023413 0.023432 0.023556 0.009077 0.091184 -0.011703 -0.023410 -0.023432 0.000000 
7.500000e-02 1.000000e-01 8.033248e-01 7.500000e-02 1.000000e-01 9.611708e-01 -0.104286 0.013387 0.026778 0.026798 0.026941 0.010382 0.104285 -0.013384 -0.026774 -0.026798 0.000000 
7.500000e-02 1.000000e-01 7.916693e-01 7.500000e-02 1.000000e-01 9.693725e-01 -0.117405 0.015071 0.030146 0.030169 0.030330 0.011687 0.117405 -0.015068 -0.030142 -0.030170 0.000000 
7.500000e-02 1.000000e-01 7.799714e-01 7.500000e-02 1.000000e-01 9.775581e-01 -0.130541 0.016758 0.033520 0.033545 0.033723 0.012995 0.130541 -0.016754 -0.033514 -0.033545 0.000000 
7.500000e-02 9.999999e-02 7.682316e-01 7.500000e-02 1.000000e-01 9.857276e-01 -0.143695 0.018447 0.036898 0.036925 0.037121 0.014304 0.143695 -0.018442 -0.036891 -0.036926 0.000000 
7.500000e-02 9.999999e-02 7.564502e-01 7.500000e-02 1.000000e-01 9.938807e-01 -0.156865 0.020138 0.040280 0.040310 0.040523 0.015615 0.156865 -0.020133 -0.040273 -0.040310 0.000000 
7.500000e-02 9.999999e-02 7.446276e-01 7.500000e-02 1.000000e-01 1.002017e+00 -0.170052 0.021831 0.043666 0.043698 0.043929 0.016928 0.170052 -0.021825 -0.043658 -0.043699 0.000000 
7.500000e-02 9.999999e-02 7.327641e-01 7.500000e-02 1.000000e-01 1.010137e+00 -0.183255 0.023526 0.047057 0.047091 0.047339 0.018241 0.183255 -0.023519 -0.047048 -0.047091 0.000000 
7.500000e-02 9.999999e-02 7.208600e-01 7.500000e-02 1.000000e-01 1.018240e+00 -0.196473 0.025224 0.050452 0.050487 0.050753 0.019557 0.196473 -0.025216 -0.050441 -0.050488 0.000000 
7.500000e-02 9.999999e-02 7.089158e-01 7.500000e-02 1.000000e-01 1.026326e+00 -0.209706 0.026923 0.053851 0.053888 0.054170 0.020874 0.209706 -0.026914 -0.053839 -0.053889 0.000000 
7.500000e-02 9.999998e-02 6.969318e-01 7.499999e-02 1.000000e-01 1.034395e+00 -0.222955 0.028625 0.057254 0.057292 0.057592 0.022192 0.222955 -0.028615 -0.057240 -0.057293 0.000000 
7.500000e-02 9.999998e-02 6.849083e-01 7.499999e-02 1.000000e-01 1.042447e+00 -0.236218 0.030328 0.060661 0.060700 0.061016 0.023511 0.236218 -0.030317 -0.060645 -0.060701 0.000000 
7.500000e-02 9.999998e-02 6.728457e-01 7.499999e-02 1.000000e-01 1.050480e+00 -0.249495 0.032034 0.064072 0.064112 0.064445 0.024832 0.249495 -0.032021 -0.064054 -0.064113 0.000000 
7.500000e-02 9.999997e-02 6.607442e-01 7.499999e-02 1.000000e-01 1.058496e+00 -0.262786 0.033742 0.067487 0.067527 0.067876 0.026154 0.262786 -0.033727 -0.067466 -0.067529 0.000000 
7.500000e-02 9.999996e-02 6.486043e-01 7.499999e-02 1.000000e-01 1.066495e+00 -0.276091 0.035451 0.070906 0.070946 0.071310 0.027477 0.276091 -0.035434 -0.070882 -0.070948 0.000000 
7.500000e-02 9.999996e-02 6.364262e-01 7.499999e-02 1.000000e-01 1.074474e+00 -0.289409 0.037163 0.074328 0.074368 0.074748 0.028801 0.289409 -0.037144 -0.074301 -0.074370 0.000000 
7.500000e-02 9.999995e-02 6.242103e-01 7.499999e-02 1.000000e-01 1.082436e+00 -0.302740 0.038877 0.077754 0.077794 0.078188 0.030127 0.302740 -0.038854 -0.077724 -0.077796 0.000000 
7.500000e-02 9.999994e-02 6.119569e-01 7.499998e-02 1.000000e-01 1.090379e+00 -0.316083 0.040592 0.081184 0.081222 0.081631 0.031453 0.316083 -0.040567 -0.081149 -0.081225 0.000000 
7.500000e-02 9.999992e-02 5.996662e-01 7.499998e-02 1.000000e-01 1.098303e+00 -0.329439 0.042310 0.084618 0.084654 0.085077 0.032780 0.329439 -0.042281 -0.084578 -0.084657 0.000000 
7.500000e-02 9.999991e-02 5.873387e-01 7.499998e-02 1.000000e-01 1.106209e+00 -0.342806 0.044029 0.088055 0.088089 0.088525 0.034108 0.342806 -0.043997 -0.088010 -0.088092 0.000000 
7.500000e-02 9.999989e-02 5.749747e-01 7.499998e-02 1.000000e-01 1.114095e+00 -0.356185 0.045751 0.091496 0.091527 0.091975 0.035437 0.356185 -0.045714 -0.091445 -0.091530 0.000000 
7.500000e-02 9.999986e-02 5.625744e-01 7.499997e-02 1.000000e-01 1.121961e+00 -0.369575 0.047474 0.094941 0.094967 0.095427 0.036766 0.369575 -0.047432 -0.094883 -0.094971 0.000000 
7.500000e-02 9.999984e-02 5.501381e-01 7.499997e-02 1.000000e-01 1.129809e+00 -0.382976 0.049200 0.098389 0.098410 0.098881 0.038096 0.382976 -0.049152 -0.098323 -0.098414 0.000000 
7.500000e-02 9.999980e-02 5.376661e-01 7.499996e-02 1.000000e-01 1.137636e+00 -0.396387 0.050927 0.101841 0.101856 0.102337 0.039426 0.396387 -0.050873 -0.101766 -0.101861 0.000000 
7.500000e-02 9.999976e-02 5.251588e-01 7.499996e-02 1.000000e-01 1.145443e+00 -0.409809 0.052657 0.105297 0.105304 0.105794 0.040757 0.409809 -0.052596 -0.105212 -0.105310 0.000000 
7.500000e-02 9.999971e-02 5.126165e-01 7.499995e-02 1.000000e-01 1.153230e+00 -0.423240 0.054389 0.108756 0.108755 0.109252 0.042088 0.423240 -0.054319 -0.108660 -0.108761 0.000000 
7.500000e-02 9.999964e-02 5.000393e-01 7.499995e-02 1.000000e-01 1.160997e+00 -0.436680 0.056123 0.112220 0.112208 0.112710 0.043419 0.436680 -0.056044 -0.112111 -0.112216 0.000000 
7.500000e-02 9.999957e-02 4.874276e-01 7.499994e-02 1.000000e-01 1.168742e+00 -0.450130 0.057860 0.115687 0.115664 0.116170 0.044750 0.450130 -0.057770 -0.115564 -0.115672 0.000000 
7.500000e-02 9.999948e-02 4.747818e-01 7.499993e-02 1.000000e-01 1.176467e+00 -0.463589 0.059599 0.119159 0.119121 0.119629 0.046081 0.463589 -0.059497 -0.119019 -0.119131 0.000000 
7.500000e-02 9.999936e-02 4.621020e-01 7.499992e-02 1.000000e-01 1.184171e+00 -0.477055 0.061341 0.122635 0.122581 0.123089 0.047411 0.477055 -0.061225 -0.122477 -0.122593 0.000000 
7.500000e-02 9.999923e-02 4.493885e-01 7.499991e-02 1.000000e-01 1.191853e+00 -0.490530 0.063085 0.126115 0.126042 0.126547 0.048741 0.490530 -0.062954 -0.125936 -0.126057 0.000000 
7.500000e-02 9.999906e-02 4.366417e-01 7.499990e-02 1.000000e-01 1.199513e+00 -0.504013 0.064832 0.129600 0.129506 0.130005 0.050070 0.504013 -0.064683 -0.129398 -0.129524 0.000000 
7.500000e-02 9.999886e-02 4.238618e-01 7.499988e-02 1.000000e-01 1.207152e+00 -0.517503 0.066583 0.133090 0.132971 0.133462 0.051398 0.517503 -0.066412 -0.132861 -0.132994 0.000000 
7.500000e-02 9.999861e-02 4.110490e-01 7.499986e-02 1.000000e-01 1.214768e+00 -0.531000 0.068336 0.136585 0.136437 0.136917 0.052725 0.531000 -0.068142 -0.136326 -0.136468 0.000000 
7.500000e-02 9.999830e-02 3.982036e-01 7.499984e-02 1.000000e-01 1.222362e+00 -0.544504 0.070094 0.140085 0.139906 0.140369 0.054050 0.544504 -0.069871 -0.139794 -0.139947 0.000000 
7.500000e-02 9.999793e-02 3.853260e-01 7.499982e-02 1.000000e-01 1.229933e+00 -0.558014 0.071855 0.143592 0.143376 0.143818 0.055374 0.558014 -0.071598 -0.143263 -0.143431 0.000000 
7.500000e-02 9.999748e-02 3.724162e-01 7.499980e-02 1.000000e-01 1.237481e+00 -0.571530 0.073620 0.147105 0.146847 0.147263 0.056695 0.571530 -0.073324 -0.146734 -0.146923 0.000000 
7.500000e-02 9.999693e-02 3.594747e-01 7.499977e-02 1.000000e-01 1.245006e+00 -0.585052 0.075390 0.150624 0.150319 0.150705 0.058014 0.585052 -0.075045 -0.150206 -0.150426 0.000000 
7.500000e-02 9.999625e-02 3.465016e-01 7.499973e-02 1.000000e-01 1.252507e+00 -0.598579 0.077165 0.154151 0.153793 0.154140 0.059330 0.598579 -0.076759 -0.153681 -0.153947 0.000000 
7.500000e-02 9.999542e-02 3.334972e-01 7.499970e-02 1.000000e-01 1.259984e+00 -0.612111 0.078944 0.157686 0.157268 0.157570 0.060643 0.612111 -0.078462 -0.157158 -0.157491 0.000000 
7.500000e-02 9.999440e-02 3.204618e-01 7.499965e-02 1.000000e-01 1.267438e+00 -0.625647 0.080731 0.161230 0.160743 0.160992 0.061951 0.625647 -0.080149 -0.160637 -0.161070 0.000000 
7.500000e-02 9.999316e-02 3.073955e-01 7.499961e-02 1.000000e-01 1.274867e+00 -0.639188 0.082523 0.164783 0.164220 0.164407 0.063255 0.639188 -0.081808 -0.164120 -0.164706 0.000000 
7.500000e-02 9.999163e-02 2.942987e-01 7.499955e-02 1.000000e-01 1.282271e+00 -0.652733 0.084323 0.168347 0.167697 0.167812 0.064554 0.652733 -0.083429 -0.167606 -0.168423 0.000000 
7.500000e-02 9.998977e-02 2.811715e-01 7.499949e-02 1.000000e-01 1.289650e+00 -0.666281 0.086130 0.171922 0.171176 0.171207 0.065847 0.666281 -0.084986 -0.171099 -0.172267 0.000000 
7.500000e-02 9.998748e-02 2.680142e-01 7.499942e-02 1.000000e-01 1.297004e+00 -0.679833 0.087946 0.175511 0.174655 0.174588 0.067133 0.679833 -0.086449 -0.174598 -0.176306 0.000000 
7.500000e-02 9.998470e-02 2.548270e-01 7.499934e-02 1.000000e-01 1.304332e+00 -0.693387 0.089771 0.179112 0.178135 0.177957 0.068412 0.693387 -0.087770 -0.178107 -0.180636 0.000000 
7.500000e-02 9.998130e-02 2.416101e-01 7.499924e-02 1.000000e-01 1.311635e+00 -0.706945 0.091607 0.182730 0.181616 0.181309 0.069682 0.706945 -0.088863 -0.181628 -0.185436 0.000000 
7.500000e-02 9.997717e-02 2.283637e-01 7.499914e-02 1.000000e-01 1.318911e+00 -0.720504 0.093454 0.186365 0.185099 0.184644 0.070943 0.720504 -0.089620 -0.185159 -0.190944 0.000000 
7.500000e-02 9.997220e-02 2.150879e-01 7.499902e-02 1.000000e-01 1.326160e+00 -0.734066 0.095314 0.190018 0.188582 0.187959 0.072192 0.734066 -0.089877 -0.188691 -0.197535 0.000000 
7.500000e-02 9.996626e-02 2.017829e-01 7.499889e-02 1.000000e-01 1.333383e+00 -0.747630 0.097188 0.193694 0.192067 0.191252 0.073430 0.747630 -0.089338 -0.192188 -0.205922 0.000000 
7.500000e-02 9.995927e-02 1.884488e-01 7.499874e-02 1.000000e-01 1.340578e+00 -0.761197 0.099076 0.197392 0.195554 0.194521 0.074654 0.761197 -0.087659 -0.195549 -0.217056 0.000000 
7.500000e-02 9.995128e-02 1.750856e-01 7.499857e-02 1.000000e-01 1.347746e+00 -0.774765 0.100983 0.201117 0.199044 0.197761 0.075861 0.774765 -0.084325 -0.198513 -0.232583 0.000000 
7.500000e-02 9.994266e-02 1.616930e-01 7.499838e-02 1.000000e-01 1.354886e+00 -0.788338 0.102906 0.204870 0.202538 0.200972 0.077052 0.788338 -0.078511 -0.200341 -0.255782 0.000000 
7.500000e-02 9.993493e-02 1.482696e-01 7.499816e-02 1.000000e-01 1.361998e+00 -0.801918 0.104852 0.208660 0.206037 0.204147 0.078223 0.801918 -0.069420 -0.199324 -0.291770 0.000000 
7.500000e-02 9.993467e-02 1.348080e-01 7.499791e-02 1.000000e-01 1.369081e+00 -0.815529 0.106822 0.212491 0.209549 0.207293 0.079375 0.815529 -0.056106 -0.191329 -0.350572 0.000000 
7.500000e-02 9.997057e-02 1.212728e-01 7.499764e-02 1.000000e-01 1.376135e+00 -0.829285 0.108834 0.216400 0.213105 0.210431 0.080516 0.829285 -0.037408 -0.164941 -0.455724 0.000000 
7.500000e-02 1.001323e-01 1.075123e-01 7.499733e-02 1.000000e-01 1.383159e+00 -0.843713 0.110958 0.220526 0.216841 0.213694 0.081695 0.843713 -0.011955 -0.093624 -0.655552 0.000000 
7.500000e-02 1.003099e-01 9.749271e-02 7.499698e-02 1.000000e-01 1.390154e+00 -0.856392 0.112883 0.224248 0.220138 0.216453 0.082670 0.856392 0.011606 0.006129 -0.894682 0.000000 
7.500000e-02 1.003099e-01 9.749271e-02 7.499658e-02 1.000000e-01 1.397119e+00 -0.860994 0.113804 0.225958 0.221374 0.217058 0.082800 0.860994 0.011015 0.004948 -0.895865 0.000000 
7.500000e-02 1.003099e-01 9.749271e-02 7.499614e-02 1.000000e-01 1.404053e+00 -0.865576 0.114750 0.227719 0.222621 0.217595 0.082891 0.865576 0.010427 0.003772 -0.897042 0.000000 
7.500000e-02 1.003099e-01 9.749271e-02 7.499565e-02 1.000000e-01 1.410957e+00 -0.870137 0.115727 0.229545 0.223884 0.218048 0.082932 0.870137 0.009842 0.002601 -0.898214 0.000000 
7.500000e-02 1.003099e-01 9.749271e-02 7.499510e-02 1.000000e-01 1.417829e+00 -0.874678 0.116737 0.231444 0.225170 0.218409 0.082919 0.874678 0.009259 0.001435 -0.899381 0.000000 
7.500000e-02 1.003099e-01 9.749271e-02 7.499448e-02 1.000000e-01 1.424669e+00 -0.879197 0.117775 0.233416 0.226481 0.218677 0.082848 0.879198 0.008679 0.000275 -0.900543 0.000000 
7.500000e-02 1.003099e-01 9.749271e-02 7.499379e-02 1.000000e-01 1.431477e+00 -0.883696 0.118850 0.235488 0.227834 0.218822 0.082704 0.883696 0.008102 -0.000880 -0.901699 0.000000 
7.500000e-02 1.003099e-01 9.749271e-02 7.499302e-02 1.000000e-01 1.438253e+00 -0.888173 0.119955 0.237658 0.229232 0.218845 0.082484 0.888173 0.007527 -0.002030 -0.902849 0.000000 
7.500000e-02 1.003099e-01 9.749271e-02 7.499217e-02 1.000000e-01 1.444996e+00 -0.892629 0.121088 0.239934 0.230684 0.218739 0.082185 0.892629 0.006955 -0.003174 -0.903994 0.000000 
7.500000e-02 1.003099e-01 9.749271e-02 7.499123e-02 1.000000e-01 1.451705e+00 -0.897062 0.122252 0.242359 0.232223 0.218454 0.081775 0.897062 0.006386 -0.004312 -0.905134 0.000000 
7.500000e-02 1.003099e-01 9.749271e-02 7.499019e-02 1.000000e-01 1.458381e+00 -0.901474 0.123435 0.244925 0.233850 0.218003 0.081262 0.901474 0.005820 -0.005445 -0.906267 0.000000 
7.500000e-02 1.003099e-01 9.749271e-02 7.498905e-02 1.000000e-01 1.465022e+00 -0.905862 0.124632 0.247649 0.235585 0.217364 0.080634 0.905863 0.005257 -0.006571 -0.907395 0.000000 
7.500000e-02 1.003099e-01 9.749271e-02 7.498779e-02 1.000000e-01 1.471629e+00 -0.910229 0.125831 0.250596 0.237484 0.216469 0.079849 0.910229 0.004696 -0.007692 -0.908517 0.000000 
7.500000e-02 1.003099e-01 9.749271e-02 7.498642e-02 1.000000e-01 1.478201e+00 -0.914572 0.127015 0.253757 0.239552 0.215330 0.078918 0.914572 0.004139 -0.008807 -0.909633 0.000000 
7.500000e-02 1.003099e-01 9.749271e-02 7.498492e-02 1.000000e-01 1.484737e+00 -0.918891 0.128166 0.257164 0.241825 0.213912 0.077824 0.918891 0.003584 -0.009916 -0.910743 0.000000 
7.500000e-02 1.003099e-01 9.749271e-02 7.498331e-02 1.000000e-01 1.491237e+00 -0.923187 0.129244 0.260911 0.244392 0.212123 0.076518 0.923187 0.003033 -0.011019 -0.911847 0.000000 
7.500000e-02 1.003099e-01 9.749271e-02 7.498156e-02 1.000000e-01 1.497700e+00 -0.927459 0.130217 0.265015 0.247278 0.209947 0.075001 0.927459 0.002485 -0.012116 -0.912945 0.000000 
7.500000e-02 1.003099e-01 9.749271e-02 7.497969e-02 1.000000e-01 1.504125e+00 -0.931706 0.131042 0.269525 0.250537 0.207343 0.073261 0.931706 0.001940 -0.013206 -0.914036 0.000000 
7.500000e-02 1.003099e-01 9.749271e-02 7.497769e-02 1.000000e-01 1.510511e+00 -0.935927 0.131640 0.274553 0.254273 0.204204 0.071257 0.935927 0.001398 -0.014290 -0.915121 0.000000 
7.500000e-02 1.003099e-01 9.749271e-02 7.497556e-02 1.000000e-01 1.516857e+00 -0.940122 0.131911 0.280236 0.258611 0.200411 0.068954 0.940123 0.000860 -0.015367 -0.916199 0.000000 
7.500000e-02 1.003099e-01 9.749271e-02 7.497331e-02 1.000000e-01 1.523162e+00 -0.944291 0.131781 0.286631 0.263593 0.195928 0.066358 0.944291 0.000325 -0.016437 -0.917270 0.000000 
7.500000e-02 1.003099e-01 9.749271e-02 7.497090e-02 1.000000e-01 1.529427e+00 -0.948432 0.131131 0.293878 0.269325 0.190646 0.063453 0.948432 -0.000207 -0.017500 -0.918334 0.000000 
7.500000e-02 1.003099e-01 9.749271e-02 7.496829e-02 1.000000e-01 1.535649e+00 -0.952545 0.129742 0.302263 0.276014 0.184339 0.060188 0.952546 -0.000735 -0.018556 -0.919391 0.000000 
7.500000e-02 1.003099e-01 9.749271e-02 7.496533e-02 1.000000e-01 1.541829e+00 -0.956630 0.127411 0.312029 0.283790 0.176846 0.056554 0.956630 -0.001259 -0.019605 -0.920441 0.000000 
7.500000e-02 1.003099e-01 9.749271e-02 7.496168e-02 1.000000e-01 1.547965e+00 -0.960684 0.123985 0.323356 0.292689 0.168084 0.052570 0.960684 -0.001779 -0.020646 -0.921482 0.000000 
7.500000e-02 1.003099e-01 9.749271e-02 7.495660e-02 1.000000e-01 1.554055e+00 -0.964703 0.119235 0.336556 0.302782 0.157891 0.048239 0.964703 -0.002295 -0.021678 -0.922515 0.000000 
7.500000e-02 1.003099e-01 9.749271e-02 7.494844e-02 1.000000e-01 1.560097e+00 -0.968682 0.112904 0.352031 0.314080 0.146098 0.043570 0.968682 -0.002806 -0.022699 -0.923538 0.000000 
7.500000e-02 1.003099e-01 9.749271e-02 7.493356e-02 1.000000e-01 1.566084e+00 -0.972605 0.104548 0.370588 0.326509 0.132398 0.038562 0.972605 -0.003309 -0.023706 -0.924546 0.000000 
7.500000e-02 1.003099e-01 9.749271e-02 7.490353e-02 1.000000e-01 1.572004e+00 -0.976443 0.094317 0.392410 0.339305 0.117077 0.033333 0.976443 -0.003802 -0.024692 -0.925532 0.000000 
7.500000e-02 1.003099e-01 9.749271e-02 7.483861e-02 1.000000e-01 1.577832e+00 -0.980142 0.082386 0.418145 0.351148 0.100453 0.028011 0.980142 -0.004277 -0.025641 -0.926483 0.000000 
7.500000e-02 1.003099e-01 9.749271e-02 7.468844e-02 1.000000e-01 1.583510e+00 -0.983590 0.069390 0.448927 0.359157 0.083297 0.022820 0.983590 -0.004719 -0.026527 -0.927369 0.000000 
7.500000e-02 1.003099e-01 9.749271e-02 7.430285e-02 1.000000e-01 1.588900e+00 -0.986591 0.056699 0.488162 0.356570 0.067029 0.018130 0.986591 -0.005104 -0.027297 -0.928140 0.000000 
7.500000e-02 1.003099e-01 9.749271e-02 7.317990e-02 1.000000e-01 1.593690e+00 -0.988969 0.046061 0.551342 0.324325 0.052977 0.014263 0.988969 -0.005410 -0.027908 -0.928751 0.000000 
7.500000e-02 1.003099e-01 9.749271e-02 7.075812e-02 1.000000e-01 1.597504e+00 -0.991865 0.032375 0.705846 0.209447 0.034779 0.009418 0.991865 -0.005781 -0.028651 -0.929495 0.000000 
7.500000e-02 1.003099e-01 9.749271e-02 7.075812e-02 1.000000e-01 1.597504e+00 -0.991865 0.032375 0.705846 0.209447 0.034779 0.009418 0.991865 -0.005781 -0.028651 -0.929495 0.000000 
7.500000e-02 1.003099e-01 9.749271e-02 7.075812e-02 1.000000e-01 1.597504e+00 -0.991865 0.032375 0.705846 0.209447 0.034779 0.009418 0.991865 -0.005781 -0.028651 -0.929495 0.000000 
7.500000e-02 1.003099e-01 9.749271e-02 7.075812e-02 1.000000e-01 1.597504e+00 -0.991865 0.032375 0.705846 0.209447 0.034779 0.009418 0.991865 -0.005781 -0.028651 -0.929495 0.000000 
7.500000e-02 1.003099e-01 9.749271e-02 7.075812e-02 1.000000e-01 1.597504e+00 -0.991865 0.032375 0.705846 0.209447 0.034779 0.009418 0.991865 -0.005781 -0.028651 -0.929495 0.000000 
7.500000e-02 1.003099e-01 9.749271e-02 7.075812e-02 1.000000e-01 1.597504e+00 -0.991865 0.032375 0.705846 0.209447 0.034779 0.009418 0.991865 -0.005781 -0.028651 -0.929495 0.000000 
7.500000e-02 1.003099e-01 9.749271e-02 7.075812e-02 1.000000e-01 1.597504e+00 -0.991865 0.032375 0.705846 0.209447 0.034779 0.009418 0.991865 -0.005781 -0.028651 -0.929495 0.000000 
7.500000e-02 1.003099e-01 9.749271e-02 7.075812e-02 1.000000e-01 1.597504e+00 -0.991865 0.032375 0.705846 0.209447 0.034779 0.009418 0.991865 -0.005781 -0.028651 -0.929495 0.000000 
7.500000e-02 1.003099e-01 9.749271e-02 7.075812e-02 1.000000e-01 1.597504e+00 -0.991865 0.032375 0.705846 0.209447 0.034779 0.009418 0.991865 -0.005781 -0.028651 -0.929495 0.000000 
7.500000e-02 1.003099e-01 9.749271e-02 7.075812e-02 1.000000e-01 1.597504e+00 -0.991865 0.032375 0.705846 0.209447 0.034779 0.009418 0.991865 -0.005781 -0.028651 -0.929495 0.000000 
7.500000e-02 1.003099e-01 9.749271e-02 7.075812e-02 1.000000e-01 1.597504e+00 -0.991865 0.032375 0.705846 0.209447 0.034779 0.009418 0.991865 -0.005781 -0.028651 -0.929495 0.000000 
7.500000e-02 1.003099e-01 9.749271e-02 7.075812e-02 1.000000e-01 1.597504e+00 -0.991865 0.032375 0.705846 0.209447 0.034779 0.009418 0.991865 -0.005781 -0.028651 -0.929495 0.000000 
7.500000e-02 1.003099e-01 9.749271e-02 7.075812e-02 1.000000e-01 1.597504e+00 -0.991865 0.032375 0.705846 0.209447 0.034779 0.009418 0.991865 -0.005781 -0.028651 -0.929495 0.000000 
7.500000e-02 1.003099e-01 9.749271e-02 7.075812e-02 1.000000e-01 1.597504e+00 -0.991865 0.032375 0.705846 0.209447 0.034779 0.009418 0.991865 -0.005781 -0.028651 -0.929495 0.000000 
7.500000e-02 1.003099e-01 9.749271e-02 7.075812e-02 1.000000e-01 1.597504e+00 -0.991865 0.032375 0.705846 0.209447 0.034779 0.009418 0.991865 -0.005781 -0.028651 -0.929495 0.000000 
7.500000e-02 1.003099e-01 9.749271e-02 7.075812e-02 1.000000e-01 1.597504e+00 -0.991865 0.032375 0.705846 0.209447 0.034779 0.009418 0.991865 -0.005781 -0.028651 -0.929495 0.000000 
7.500000e-02 1.003099e-01 9.749271e-02 7.075812e-02 1.000000e-01 1.597504e+00 -0.991865 0.032375 0.705846 0.209447 0.034779 0.009418 0.991865 -0.005781 -0.028651 -0.929495 0.000000 
7.500000e-02 1.003099e-01 9.749271e-02 7.075812e-02 1.000000e-01 1.597504e+00 -0.991865 0.032375 0.705846 0.209447 0.034779 0.009418 0.991865 -0.005781 -0.028651 -0.929495 0.000000 
7.500000e-02 1.003099e-01 9.749271e-02 7.075812e-02 1.000000e-01 1.597504e+00 -0.991865 0.032375 0.705846 0.209447 0.034779 0.009418 0.991865 -0.005781 -0.028651 -0.929495 0.000000 
7.500000e-02 1.003099e-01 9.749271e-02 7.075812e-02 1.000000e-01 1.597504e+00 -0.991865 0.032375 0.705846 0.209447 0.034779 0.009418 0.991865 -0.005781 -0.028651 -0.929495 0.000000 
7.500000e-02 1.003099e-01 9.749271e-02 7.075812e-02 1.000000e-01 1.597504e+00 -0.991865 0.032375 0.705846 0.209447 0.034779 0.009418 0.991865 -0.005781 -0.028651 -0.929495 0.000000 
7.500000e-02 1.003099e-01 9.749271e-02 7.075812e-02 1.000000e-01 1.597504e+00 -0.991865 0.032375 0.705846 0.209447 0.034779 0.009418 0.991865 -0.005781 -0.028651 -0.929495 0.000000 
7.500000e-02 1.003099e-01 9.749271e-02 7.075812e-02 1.000000e-01 1.597504e+00 -0.991865 0.032375 0.705846 0.209447 0.034779 0.009418 0.991865 -0.005781 -0.028651 -0.929495 0.000000 
7.500000e-02 1.003099e-01 9.749271e-02 7.075812e-02 1.000000e-01 1.597504e+00 -0.991865 0.032375 0.705846 0.209447 0.034779 0.009418 0.991865 -0.005781 -0.028651 -0.929495 0.000000 
7.500000e-02 1.003099e-01 9.749271e-02 7.075812e-02 1.000000e-01 1.597504e+00 -0.991865 0.032375 0.705846 0.209447 0.034779 0.009418 0.991865 -0.005781 -0.028651 -0.929495 0.000000 
7.500000e-02 1.003099e-01 9.749271e-02 7.075812e-02 1.000000e-01 1.597504e+00 -0.991865 0.032375 0.705846 0.209447 0.034779 0.009418 0.991865 -0.005781 -0.028651 -0.929495 0.000000 
7.500000e-02 1.003099e-01 9.749271e-02 7.075812e-02 1.000000e-01 1.597504e+00 -0.991865 0.032375 0.705846 0.209447 0.034779 0.009418 0.991865 -0.005781 -0.028651 -0.929495 0.000000 
7.500000e-02 1.003099e-01 9.749271e-02 7.075812e-02 1.000000e-01 1.597504e+00 -0.991865 0.032375 0.705846 0.209447 0.034779 0.009418 0.991865 -0.005781 -0.028651 -0.929495 0.000000 
7.500000e-02 1.003099e-01 9.749271e-02 7.075812e-02 1.000000e-01 1.597504e+00 -0.991865 0.032375 0.705846 0.209447 0.034779 0.009418 0.991865 -0.005781 -0.028651 -0.929495 0.000000 
7.500000e-02 1.003099e-01 9.749271e-02 7.075812e-02 1.000000e-01 1.597504e+00 -0.991865 0.032375 0.705846 0.209447 0.034779 0.009418 0.991865 -0.005781 -0.028651 -0.929495 0.000000 
7.500000e-02 1.003099e-01 9.749271e-02 7.075812e-02 1.000000e-01 1.597504e+00 -0.991865 0.032375 0.705846 0.209447 0.034779 0.009418 0.991865 -0.005781 -0.028651 -0.929495 0.000000 
7.500000e-02 1.003099e-01 9.749271e-02 7.075812e-02 1.000000e-01 1.597504e+00 -0.991865 0.032375 0.705846 0.209447 0.034779 0.009418 0.991865 -0.005781 -0.028651 -0.929495 0.000000 
7.500000e-02 1.003099e-01 9.749271e-02 7.075812e-02 1.000000e-01 1.597504e+00 -0.991865 0.032375 0.705846 0.209447 0.034779 0.009418 0.991865 -0.005781 -0.028651 -0.929495 0.000000 
7.500000e-02 1.003099e-01 9.749271e-02 7.075812e-02 1.000000e-01 1.597504e+00 -0.991865 0.032375 0.705846 0.209447 0.034779 0.009418 0.991865 -0.005781 -0.028651 -0.929495 0.000000 
7.500000e-02 1.003099e-01 9.749271e-02 7.075812e-02 1.000000e-01 1.597504e+00 -0.991865 0.032375 0.705846 0.209447 0.034779 0.009418 0.991865 -0.005781 -0.028651 -0.929495 0.000000 
7.500000e-02 1.003099e-01 9.749271e-02 7.075812e-02 1.000000e-01 1.597504e+00 -0.991865 0.032375 0.705846 0.209447 0.034779 0.009418 0.991865 -0.005781 -0.028651 -0.929495 0.000000 
7.500000e-02 1.003099e-01 9.749271e-02 7.075812e-02 1.000000e-01 1.597504e+00 -0.991865 0.032375 0.705846 0.209447 0.034779 0.009418 0.991865 -0.005781 -0.028651 -0.929495 0.000000 
7.500000e-02 1.003099e-01 9.749271e-02 7.075812e-02 1.000000e-01 1.597504e+00 -0.991865 0.032375 0.705846 0.209447 0.034779 0.009418 0.991865 -0.005781 -0.028651 -0.929495 0.000000 
7.500000e-02 1.003099e-01 9.749271e-02 7.075812e-02 1.000000e-01 1.597504e+00 -0.991865 0.032375 0.705846 0.209447 0.034779 0.009418 0.991865 -0.005781 -0.028651 -0.929495 0.000000 
7.500000e-02 1.003099e-01 9.749271e-02 7.075812e-02 1.000000e-01 1.597504e+00 -0.991865 0.032375 0.705846 0.209447 0.034779 0.009418 0.991865 -0.005781 -0.028651 -0.929495 0.000000 
7.500000e-02 1.003099e-01 9.749271e-02 7.075812e-02 1.000000e-01 1.597504e+00 -0.991865 0.032375 0.705846 0.209447 0.034779 0.009418 0.991865 -0.005781 -0.028651 -0.929495 0.000000 
7.500000e-02 1.003099e-01 9.749271e-02 7.075812e-02 1.000000e-01 1.597504e+00 -0.991865 0.032375 0.705846 0.209447 0.034779 0.009418 0.991865 -0.005781 -0.028651 -0.929495 0.000000 
7.500000e-02 1.003099e-01 9.749271e-02 7.075812e-02 1.000000e-01 1.597504e+00 -0.991865 0.032375 0.705846 0.209447 0.034779 0.009418 0.991865 -0.005781 -0.028651 -0.929495 0.000000 
7.500000e-02 1.003099e-01 9.749271e-02 7.075812e-02 1.000000e-01 1.597504e+00 -0.991865 0.032375 0.705846 0.209447 0.034779 0.009418 0.991865 -0.005781 -0.028651 -0.929495 0.000000 
7.500000e-02 1.003099e-01 9.749271e-02 7.075812e-02 1.000000e-01 1.597504e+00 -0.991865 0.032375 0.705846 0.209447 0.034779 0.009418 0.991865 -0.005781 -0.028651 -0.929495 0.000000 
7.500000e-02 1.003099e-01 9.749271e-02 7.075812e-02 1.000000e-01 1.597504e+00 -0.991865 0.032375 0.705846 0.209447 0.034779 0.009418 0.991865 -0.005781 -0.028651 -0.929495 0.000000 
7.500000e-02 1.003099e-01 9.749271e-02 7.075812e-02 1.000000e-01 1.597504e+00 -0.991865 0.032375 0.705846 0.209447 0.034779 0.009418 0.991865 -0.005781 -0.028651 -0.929495 0.000000 
7.500000e-02 1.003099e-01 9.749271e-02 7.075812e-02 1.000000e-01 1.597504e+00 -0.991865 0.032375 0.705846 0.209447 0.034779 0.009418 0.991865 -0.005781 -0.028651 -0.929495 0.000000 
7.500000e-02 1.003099e-01 9.749271e-02 7.075812e-02 1.000000e-01 1.597504e+00 -0.991865 0.032375 0.705846 0.209447 0.034779 0.009418 0.991865 -0.005781 -0.028651 -0.929495 0.000000 
7.500000e-02 1.003099e-01 9.749271e-02 7.075812e-02 1.000000e-01 1.597504e+00 -0.991865 0.032375 0.705846 0.209447 0.034779 0.009418 0.991865 -0.005781 -0.028651 -0.929495 0.000000 
7.500000e-02 1.003099e-01 9.749271e-02 7.075812e-02 1.000000e-01 1.597504e+00 -0.991865 0.032375 0.705846 0.209447 0.034779 0.009418 0.991865 -0.005781 -0.028651 -0.929495 0.000000 
7.500000e-02 1.003099e-01 9.749271e-02 7.075812e-02 1.000000e-01 1.597504e+00 -0.991865 0.032375 0.705846 0.209447 0.034779 0.009418 0.991865 -0.005781 -0.028651 -0.929495 0.000000 
7.500000e-02 1.003099e-01 9.749271e-02 7.075812e-02 1.000000e-01 1.597504e+00 -0.991865 0.032375 0.705846 0.209447 0.034779 0.009418 0.991865 -0.005781 -0.028651 -0.929495 0.000000 
7.500000e-02 1.003099e-01 9.749271e-02 7.075812e-02 1.000000e-01 1.597504e+00 -0.991865 0.032375 0.705846 0.209447 0.034779 0.009418 0.991865 -0.005781 -0.028651 -0.929495 0.000000 
7.500000e-02 1.003099e-01 9.749271e-02 7.075812e-02 1.000000e-01 1.597504e+00 -0.991865 0.032375 0.705846 0.209447 0.034779 0.009418 0.991865 -0.005781 -0.028651 -0.929495 0.000000 
7.500000e-02 1.003099e-01 9.749271e-02 7.075812e-02 1.000000e-01 1.597504e+00 -0.991865 0.032375 0.705846 0.209447 0.034779 0.009418 0.991865 -0.005781 -0.028651 -0.929495 0.000000 
7.500000e-02 1.003099e-01 9.749271e-02 7.075812e-02 1.000000e-01 1.597504e+00 -0.991865 0.032375 0.705846 0.209447 0.034779 0.009418 0.991865 -0.005781 -0.028651 -0.929495 0.000000 
7.500000e-02 1.003099e-01 9.749271e-02 7.075812e-02 1.000000e-01 1.597504e+00 -0.991865 0.032375 0.705846 0.209447 0.034779 0.009418 0.991865 -0.005781 -0.028651 -0.929495 0.000000 
7.500000e-02 1.003099e-01 9.749271e-02 7.075812e-02 1.000000e-01 1.597504e+00 -0.991865 0.032375 0.705846 0.209447 0.034779 0.009418 0.991865 -0.005781 -0.028651 -0.929495 0.000000 
7.500000e-02 1.003099e-01 9.749271e-02 7.075812e-02 1.000000e-01 1.597504e+00 -0.991865 0.032375 0.705846 0.209447 0.034779 0.009418 0.991865 -0.005781 -0.028651 -0.929495 0.000000 
7.500000e-02 1.003099e-01 9.749271e-02 7.075812e-02 1.000000e-01 1.597504e+00 -0.991865 0.032375 0.705846 0.209447 0.034779 0.009418 0.991865 -0.005781 -0.028651 -0.929495 0.000000 
7.500000e-02 1.003099e-01 9.749271e-02 7.075812e-02 1.000000e-01 1.597504e+00 -0.991865 0.032375 0.705846 0.209447 0.034779 0.009418 0.991865 -0.005781 -0.028651 -0.929495 0.000000 
7.500000e-02 1.003099e-01 9.749271e-02 7.075812e-02 1.000000e-01 1.597504e+00 -0.991865 0.032375 0.705846 0.209447 0.034779 0.009418 0.991865 -0.005781 -0.028651 -0.929495 0.000000 
7.500000e-02 1.003099e-01 9.749271e-02 7.075812e-02 1.000000e-01 1.597504e+00 -0.991865 0.032375 0.705846 0.209447 0.034779 0.009418 0.991865 -0.005781 -0.028651 -0.929495 0.000000 
7.500000e-02 1.003099e-01 9.749271e-02 7.075812e-02 1.000000e-01 1.597504e+00 -0.991865 0.032375 0.705846 0.209447 0.034779 0.009418 0.991865 -0.005781 -0.028651 -0.929495 0.000000 
7.500000e-02 1.003099e-01 9.749271e-02 7.075812e-02 1.000000e-01 1.597504e+00 -0.991865 0.032375 0.705846 0.209447 0.034779 0.009418 0.991865 -0.005781 -0.028651 -0.929495 0.000000 
7.500000e-02 1.003099e-01 9.749271e-02 7.075812e-02 1.000000e-01 1.597504e+00 -0.991865 0.032375 0.705846 0.209447 0.034779 0.009418 0.991865 -0.005781 -0.028651 -0.929495 0.000000 
7.500000e-02 1.003099e-01 9.749271e-02 7.075812e-02 1.000000e-01 1.597504e+00 -0.991865 0.032375 0.705846 0.209447 0.034779 0.009418 0.991865 -0.005781 -0.028651 -0.929495 0.000000 
7.500000e-02 1.003099e-01 9.749271e-02 7.075812e-02 1.000000e-01 1.597504e+00 -0.991865 0.032375 0.705846 0.209447 0.034779 0.009418 0.991865 -0.005781 -0.028651 -0.929495 0.000000 
7.500000e-02 1.003099e-01 9.749271e-02 7.075812e-02 1.000000e-01 1.597504e+00 -0.991865 0.032375 0.705846 0.209447 0.034779 0.009418 0.991865 -0.005781 -0.028651 -0.929495 0.000000 
7.500000e-02 1.003099e-01 9.749271e-02 7.075812e-02 1.000000e-01 1.597504e+00 -0.991865 0.032375 0.705846 0.209447 0.034779 0.009418 0.991865 -0.005781 -0.028651 -0.929495 0.000000 
7.500000e-02 1.003099e-01 9.749271e-02 7.075812e-02 1.000000e-01 1.597504e+00 -0.991865 0.032375 0.705846 0.209447 0.034779 0.009418 0.991865 -0.005781 -0.028651 -0.929495 0.000000 
7.500000e-02 1.003099e-01 9.749271e-02 7.075812e-02 1.000000e-01 1.597504e+00 -0.991865 0.032375 0.705846 0.209447 0.034779 0.009418 0.991865 -0.005781 -0.028651 -0.929495 0.000000 
7.500000e-02 1.003099e-01 9.749271e-02 7.075812e-02 1.000000e-01 1.597504e+00 -0.991865 0.032375 0.705846 0.209447 0.034779 0.009418 0.991865 -0.005781 -0.028651 -0.929495 0.000000 
7.500000e-02 1.003099e-01 9.749271e-02 7.075812e-02 1.000000e-01 1.597504e+00 -0.991865 0.032375 0.705846 0.209447 0.034779 0.009418 0.991865 -0.005781 -0.028651 -0.929495 0.000000 
7.500000e-02 1.003099e-01 9.749271e-02 7.075812e-02 1.000000e-01 1.597504e+00 -0.991865 0.032375 0.705846 0.209447 0.034779 0.009418 0.991865 -0.005781 -0.028651 -0.929495 0.000000 
7.500000e-02 1.003099e-01 9.749271e-02 7.075812e-02 1.000000e-01 1.597504e+00 -0.991865 0.032375 0.705846 0.209447 0.034779 0.009418 0.991865 -0.005781 -0.028651 -0.929495 0.000000 
7.500000e-02 1.003099e-01 9.749271e-02 7.075812e-02 1.000000e-01 1.597504e+00 -0.991865 0.032375 0.705846 0.209447 0.034779 0.009418 0.991865 -0.005781 -0.028651 -0.929495 0.000000 
7.500000e-02 1.003099e-01 9.749271e-02 7.075812e-02 1.000000e-01 1.597504e+00 -0.991865 0.032375 0.705846 0.209447 0.034779 0.009418 0.991865 -0.005781 -0.028651 -0.929495 0.000000 
7.500000e-02 1.003099e-01 9.749271e-02 7.075812e-02 1.000000e-01 1.597504e+00 -0.991865 0.032375 0.705846 0.209447 0.034779 0.009418 0.991865 -0.005781 -0.028651 -0.929495 0.000000 
7.500000e-02 1.003099e-01 9.749271e-02 7.075812e-02 1.000000e-01 1.597504e+00 -0.991865 0.032375 0.705846 0.209447 0.034779 0.009418 0.991865 -0.005781 -0.028651 -0.929495 0.000000 
7.500000e-02 1.003099e-01 9.749271e-02 7.075812e-02 1.000000e-01 1.597504e+00 -0.991865 0.032375 0.705846 0.209447 0.034779 0.009418 0.991865 -0.005781 -0.028651 -0.929495 0.000000 
7.500000e-02 1.003099e-01 9.749271e-02 7.075812e-02 1.000000e-01 1.597504e+00 -0.991865 0.032375 0.705846 0.209447 0.034779 0.009418 0.991865 -0.005781 -0.028651 -0.929495 0.000000 
7.500000e-02 1.003099e-01 9.749271e-02 7.075812e-02 1.000000e-01 1.597504e+00 -0.991865 0.032375 0.705846 0.209447 0.034779 0.009418 0.991865 -0.005781 -0.028651 -0.929495 0.000000 
7.500000e-02 1.003099e-01 9.749271e-02 7.075812e-02 1.000000e-01 1.597504e+00 -0.991865 0.032375 0.705846 0.209447 0.034779 0.009418 0.991865 -0.005781 -0.028651 -0.929495 0.000000 
7.500000e-02 1.003099e-01 9.749271e-02 7.075812e-02 1.000000e-01 1.597504e+00 -0.991865 0.032375 0.705846 0.209447 0.034779 0.009418 0.991865 -0.005781 -0.028651 -0.929495 0.000000 
7.500000e-02 1.003099e-01 9.749271e-02 7.075812e-02 1.000000e-01 1.597504e+00 -0.991865 0.032375 0.705846 0.209447 0.034779 0.009418 0.991865 -0.005781 -0.028651 -0.929495 0.000000 
7.500000e-02 1.003099e-01 9.749271e-02 7.075812e-02 1.000000e-01 1.597504e+00 -0.991865 0.032375 0.705846 0.209447 0.034779 0.009418 0.991865 -0.005781 -0.028651 -0.929495 0.000000 
7.500000e-02 1.003099e-01 9.749271e-02 7.075812e-02 1.000000e-01 1.597504e+00 -0.991865 0.032375 0.705846 0.209447 0.034779 0.009418 0.991865 -0.005781 -0.028651 -0.929495 0.000000 
7.500000e-02 1.003099e-01 9.749271e-02 7.075812e-02 1.000000e-01 1.597504e+00 -0.991865 0.032375 0.705846 0.209447 0.034779 0.009418 0.991865 -0.005781 -0.028651 -0.929495 0.000000 
7.500000e-02 1.003099e-01 9.749271e-02 7.075812e-02 1.000000e-01 1.597504e+00 -0.991865 0.032375 0.705846 0.209447 0.034779 0.009418 0.991865 -0.005781 -0.028651 -0.929495 0.000000 
7.500000e-02 1.003099e-01 9.749271e-02 7.075812e-02 1.000000e-01 1.597504e+00 -0.991865 0.032375 0.705846 0.209447 0.034779 0.009418 0.991865 -0.005781 -0.028651 -0.929495 0.000000 
7.500000e-02 1.003099e-01 9.749271e-02 7.075812e-02 1.000000e-01 1.597504e+00 -0.991865 0.032375 0.705846 0.209447 0.034779 0.009418 0.991865 -0.005781 -0.028651 -0.929495 0.000000 
7.500000e-02 1.003099e-01 9.749271e-02 7.075812e-02 1.000000e-01 1.597504e+00 -0.991865 0.032375 0.705846 0.209447 0.034779 0.009418 0.991865 -0.005781 -0.028651 -0.929495 0.000000 
7.500000e-02 1.003099e-01 9.749271e-02 7.075812e-02 1.000000e-01 1.597504e+00 -0.991865 0.032375 0.705846 0.209447 0.034779 0.009418 0.991865 -0.005781 -0.028651 -0.929495 0.000000 
7.500000e-02 1.003099e-01 9.749271e-02 7.075812e-02 1.000000e-01 1.597504e+00 -0.991865 0.032375 0.705846 0.209447 0.034779 0.009418 0.991865 -0.005781 -0.028651 -0.929495 0.000000 
7.500000e-02 1.003099e-01 9.749271e-02 7.075812e-02 1.000000e-01 1.597504e+00 -0.991865 0.032375 0.705846 0.209447 0.034779 0.009418 0.991865 -0.005781 -0.028651 -0.929495 0.000000 
7.500000e-02 1.003099e-01 9.749271e-02 7.075812e-02 1.000000e-01 1.597504e+00 -0.991865 0.032375 0.705846 0.209447 0.034779 0.009418 0.991865 -0.005781 -0.028651 -0.929495 0.000000 
7.500000e-02 1.003099e-01 9.749271e-02 7.075812e-02 1.000000e-01 1.597504e+00 -0.991865 0.032375 0.705846 0.209447 0.034779 0.009418 0.991865 -0.005781 -0.028651 -0.929495 0.000000 
7.500000e-02 1.003099e-01 9.749271e-02 7.075812e-02 1.000000e-01 1.597504e+00 -0.991865 0.032375 0.705846 0.209447 0.034779 0.009418 0.991865 -0.005781 -0.028651 -0.929495 0.000000 
7.500000e-02 1.003099e-01 9.749271e-02 7.075812e-02 1.000000e-01 1.597504e+00 -0.991865 0.032375 0.705846 0.209447 0.034779 0.009418 0.991865 -0.005781 -0.028651 -0.929495 0.000000 
7.500000e-02 1.003099e-01 9.749271e-02 7.075812e-02 1.000000e-01 1.597504e+00 -0.991865 0.032375 0.705846 0.209447 0.034779 0.009418 0.991865 -0.005781 -0.028651 -0.929495 0.000000 
7.500000e-02 1.003099e-01 9.749271e-02 7.075812e-02 1.000000e-01 1.597504e+00 -0.991865 0.032375 0.705846 0.209447 0.034779 0.009418 0.991865 -0.005781 -0.028651 -0.929495 0.000000 
7.500000e-02 1.003099e-01 9.749271e-02 7.075812e-02 1.000000e-01 1.597504e+00 -0.991865 0.032375 0.705846 0.209447 0.034779 0.009418 0.991865 -0.005781 -0.028651 -0.929495 0.000000 
7.500000e-02 1.003099e-01 9.749271e-02 7.075812e-02 1.000000e-01 1.597504e+00 -0.991865 0.032375 0.705846 0.209447 0.034779 0.009418 0.991865 -0.005781 -0.028651 -0.929495 0.000000 
7.500000e-02 1.003099e-01 9.749271e-02 7.075812e-02 1.000000e-01 1.597504e+00 -0.991865 0.032375 0.705846 0.209447 0.034779 0.009418 0.991865 -0.005781 -0.028651 -0.929495 0.000000 
7.500000e-02 1.003099e-01 9.749271e-02 7.075812e-02 1.000000e-01 1.597504e+00 -0.991865 0.032375 0.705846 0.209447 0.034779 0.009418 0.991865 -0.005781 -0.028651 -0.929495 0.000000 
7.500000e-02 1.003099e-01 9.749271e-02 7.075812e-02 1.000000e-01 1.597504e+00 -0.991865 0.032375 0.705846 0.209447 0.034779 0.009418 0.991865 -0.005781 -0.028651 -0.929495 0.000000 
7.500000e-02 1.003099e-01 9.749271e-02 7.075812e-02 1.000000e-01 1.597504e+00 -0.991865 0.032375 0.705846 0.209447 0.034779 0.009418 0.991865 -0.005781 -0.028651 -0.929495 0.000000 
7.500000e-02 1.003099e-01 9.749271e-02 7.075812e-02 1.000000e-01 1.597504e+00 -0.991865 0.032375 0.705846 0.209447 0.034779 0.009418 0.991865 -0.005781 -0.028651 -0.929495 0.000000 
7.500000e-02 1.003099e-01 9.749271e-02 7.075812e-02 1.000000e-01 1.597504e+00 -0.991865 0.032375 0.705846 0.209447 0.034779 0.009418 0.991865 -0.005781 -0.028651 -0.929495 0.000000 
7.500000e-02 1.003099e-01 9.749271e-02 7.075812e-02 1.000000e-01 1.597504e+00 -0.991865 0.032375 0.705846 0.209447 0.034779 0.009418 0.991865 -0.005781 -0.028651 -0.929495 0.000000 
7.500000e-02 1.003099e-01 9.749271e-02 7.075812e-02 1.000000e-01 1.597504e+00 -0.991865 0.032375 0.705846 0.209447 0.034779 0.009418 0.991865 -0.005781 -0.028651 -0.929495 0.000000 
7.500000e-02 1.003099e-01 9.749271e-02 7.075812e-02 1.000000e-01 1.597504e+00 -0.991865 0.032375 0.705846 0.209447 0.034779 0.009418 0.991865 -0.005781 -0.028651 -0.929495 0.000000 
7.500000e-02 1.003099e-01 9.749271e-02 7.075812e-02 1.000000e-01 1.597504e+00 -0.991865 0.032375 0.705846 0.209447 0.034779 0.009418 0.991865 -0.005781 -0.028651 -0.929495 0.000000 
7.500000e-02 1.003099e-01 9.749271e-02 7.075812e-02 1.000000e-01 1.597504e+00 -0.991865 0.032375 0.705846 0.209447 0.034779 0.009418 0.991865 -0.005781 -0.028651 -0.929495 0.000000 
7.500000e-02 1.003099e-01 9.749271e-02 7.075812e-02 1.000000e-01 1.597504e+00 -0.991865 0.032375 0.705846 0.209447 0.034779 0.009418 0.991865 -0.005781 -0.028651 -0.929495 0.000000 
7.500000e-02 1.003099e-01 9.749271e-02 7.075812e-02 1.000000e-01 1.597504e+00 -0.991865 0.032375 0.705846 0.209447 0.034779 0.009418 0.991865 -0.005781 -0.028651 -0.929495 0.000000 
7.500000e-02 1.003099e-01 9.749271e-02 7.075812e-02 1.000000e-01 1.597504e+00 -0.991865 0.032375 0.705846 0.209447 0.034779 0.009418 0.991865 -0.005781 -0.028651 -0.929495 0.000000 
7.500000e-02 1.003099e-01 9.749271e-02 7.075812e-02 1.000000e-01 1.597504e+00 -0.991865 0.032375 0.705846 0.209447 0.034779 0.009418 0.991865 -0.005781 -0.028651 -0.929495 0.000000 
7.500000e-02 1.003099e-01 9.749271e-02 7.075812e-02 1.000000e-01 1.597504e+00 -0.991865 0.032375 0.705846 0.209447 0.034779 0.009418 0.991865 -0.005781 -0.028651 -0.929495 0.000000 
7.500000e-02 1.003099e-01 9.749271e-02 7.075812e-02 1.000000e-01 1.597504e+00 -0.991865 0.032375 0.705846 0.209447 0.034779 0.009418 0.991865 -0.005781 -0.028651 -0.929495 0.000000 
7.500000e-02 1.003099e-01 9.749271e-02 7.075812e-02 1.000000e-01 1.597504e+00 -0.991865 0.032375 0.705846 0.209447 0.034779 0.009418 0.991865 -0.005781 -0.028651 -0.929495 0.000000 
7.500000e-02 1.003099e-01 9.749271e-02 7.075812e-02 1.000000e-01 1.597504e+00 -0.991865 0.032375 0.705846 0.209447 0.034779 0.009418 0.991865 -0.005781 -0.028651 -0.929495 0.000000 
7.500000e-02 1.003099e-01 9.749271e-02 7.075812e-02 1.000000e-01 1.597504e+00 -0.991865 0.032375 0.705846 0.209447 0.034779 0.009418 0.991865 -0.005781 -0.028651 -0.929495 0.000000 
7.500000e-02 1.003099e-01 9.749271e-02 7.075812e-02 1.000000e-01 1.597504e+00 -0.991865 0.032375 0.705846 0.209447 0.034779 0.009418 0.991865 -0.005781 -0.028651 -0.929495 0.000000 
7.500000e-02 1.003099e-01 9.749271e-02 7.075812e-02 1.000000e-01 1.597504e+00 -0.991865 0.032375 0.705846 0.209447 0.034779 0.009418 0.991865 -0.005781 -0.028651 -0.929495 0.000000 
7.500000e-02 1.003099e-01 9.749271e-02 7.075812e-02 1.000000e-01 1.597504e+00 -0.991865 0.032375 0.705846 0.209447 0.034779 0.009418 0.991865 -0.005781 -0.028651 -0.929495 0.000000 
7.500000e-02 1.003099e-01 9.749271e-02 7.075812e-02 1.000000e-01 1.597504e+00 -0.991865 0.032375 0.705846 0.209447 0.034779 0.009418 0.991865 -0.005781 -0.028651 -0.929495 0.000000 
7.500000e-02 1.003099e-01 9.749271e-02 7.075812e-02 1.000000e-01 1.597504e+00 -0.991865 0.032375 0.705846 0.209447 0.034779 0.009418 0.991865 -0.005781 -0.028651 -0.929495 0.000000 
7.500000e-02 1.003099e-01 9.749271e-02 7.075812e-02 1.000000e-01 1.597504e+00 -0.991865 0.032375 0.705846 0.209447 0.034779 0.009418 0.991865 -0.005781 -0.028651 -0.929495 0.000000 
7.500000e-02 1.003099e-01 9.749271e-02 7.075812e-02 1.000000e-01 1.597504e+00 -0.991865 0.032375 0.705846 0.209447 0.034779 0.009418 0.991865 -0.005781 -0.028651 -0.929495 0.000000 
7.500000e-02 1.003099e-01 9.749271e-02 7.075812e-02 1.000000e-01 1.597504e+00 -0.991865 0.032375 0.705846 0.209447 0.034779 0.009418 0.991865 -0.005781 -0.028651 -0.929495 0.000000 
7.500000e-02 1.003099e-01 9.749271e-02 7.075812e-02 1.000000e-01 1.597504e+00 -0.991865 0.032375 0.705846 0.209447 0.034779 0.009418 0.991865 -0.005781 -0.028651 -0.929495 0.000000 
7.500000e-02 1.003099e-01 9.749271e-02 7.075812e-02 1.000000e-01 1.597504e+00 -0.991865 0.032375 0.705846 0.209447 0.034779 0.009418 0.991865 -0.005781 -0.028651 -0.929495 0.000000 
7.500000e-02 1.003099e-01 9.749271e-02 7.075812e-02 1.000000e-01 1.597504e+00 -0.991865 0.032375 0.705846 0.209447 0.034779 0.009418 0.991865 -0.005781 -0.028651 -0.929495 0.000000 
7.500000e-02 1.003099e-01 9.749271e-02 7.075812e-02 1.000000e-01 1.597504e+00 -0.991865 0.032375 0.705846 0.209447 0.034779 0.009418 0.991865 -0.005781 -0.028651 -0.929495 0.000000 
7.500000e-02 1.003099e-01 9.749271e-02 7.075812e-02 1.000000e-01 1.597504e+00 -0.991865 0.032375 0.705846 0.209447 0.034779 0.009418 0.991865 -0.005781 -0.028651 -0.929495 0.000000 
7.500000e-02 1.003099e-01 9.749271e-02 7.075812e-02 1.000000e-01 1.597504e+00 -0.991865 0.032375 0.705846 0.209447 0.034779 0.009418 0.991865 -0.005781 -0.028651 -0.929495 0.000000 
7.500000e-02 1.003099e-01 9.749271e-02 7.075812e-02 1.000000e-01 1.597504e+00 -0.991865 0.032375 0.705846 0.209447 0.034779 0.009418 0.991865 -0.005781 -0.028651 -0.929495 0.000000 
7.500000e-02 1.003099e-01 9.749271e-02 7.075812e-02 1.000000e-01 1.597504e+00 -0.991865 0.032375 0.705846 0.209447 0.034779 0.009418 0.991865 -0.005781 -0.028651 -0.929495 0.000000 
7.500000e-02 1.003099e-01 9.749271e-02 7.075812e-02 1.000000e-01 1.597504e+00 -0.991865 0.032375 0.705846 0.209447 0.034779 0.009418 0.991865 -0.005781 -0.028651 -0.929495 0.000000 
7.500000e-02 1.003099e-01 9.749271e-02 7.075812e-02 1.000000e-01 1.597504e+00 -0.991865 0.032375 0.705846 0.209447 0.034779 0.009418 0.991865 -0.005781 -0.028651 -0.929495 0.000000 
7.500000e-02 1.003099e-01 9.749271e-02 7.075812e-02 1.000000e-01 1.597504e+00 -0.991865 0.032375 0.705846 0.209447 0.034779 0.009418 0.991865 -0.005781 -0.028651 -0.929495 0.000000 
7.500000e-02 1.003099e-01 9.749271e-02 7.075812e-02 1.000000e-01 1.597504e+00 -0.991865 0.032375 0.705846 0.209447 0.034779 0.009418 0.991865 -0.005781 -0.028651 -0.929495 0.000000 
7.500000e-02 1.003099e-01 9.749271e-02 7.075812e-02 1.000000e-01 1.597504e+00 -0.991865 0.032375 0.705846 0.209447 0.034779 0.009418 0.991865 -0.005781 -0.028651 -0.929495 0.000000 
7.500000e-02 1.003099e-01 9.749271e-02 7.075812e-02 1.000000e-01 1.597504e+00 -0.991865 0.032375 0.705846 0.209447 0.034779 0.009418 0.991865 -0.005781 -0.028651 -0.929495 0.000000 
7.500000e-02 1.003099e-01 9.749271e-02 7.075812e-02 1.000000e-01 1.597504e+00 -0.991865 0.032375 0.705846 0.209447 0.034779 0.009418 0.991865 -0.005781 -0.028651 -0.929495 0.000000 
7.500000e-02 1.003099e-01 9.749271e-02 7.075812e-02 1.000000e-01 1.597504e+00 -0.991865 0.032375 0.705846 0.209447 0.034779 0.009418 0.991865 -0.005781 -0.028651 -0.929495 0.000000 
7.500000e-02 1.003099e-01 9.749271e-02 7.075812e-02 1.000000e-01 1.597504e+00 -0.991865 0.032375 0.705846 0.209447 0.034779 0.009418 0.991865 -0.005781 -0.028651 -0.929495 0.000000 
7.500000e-02 1.003099e-01 9.749271e-02 7.075812e-02 1.000000e-01 1.597504e+00 -0.991865 0.032375 0.705846 0.209447 0.034779 0.009418 0.991865 -0.005781 -0.028651 -0.929495 0.000000 
7.500000e-02 1.003099e-01 9.749271e-02 7.075812e-02 1.000000e-01 1.597504e+00 -0.991865 0.032375 0.705846 0.209447 0.034779 0.009418 0.991865 -0.005781 -0.028651 -0.929495 0.000000 
7.500000e-02 1.003099e-01 9.749271e-02 7.075812e-02 1.000000e-01 1.597504e+00 -0.991865 0.032375 0.705846 0.209447 0.034779 0.009418 0.991865 -0.005781 -0.028651 -0.929495 0.000000 
7.500000e-02 1.003099e-01 9.749271e-02 7.075812e-02 1.000000e-01 1.597504e+00 -0.991865 0.032375 0.705846 0.209447 0.034779 0.009418 0.991865 -0.005781 -0.028651 -0.929495 0.000000 
7.500000e-02 1.003099e-01 9.749271e-02 7.075812e-02 1.000000e-01 1.597504e+00 -0.991865 0.032375 0.705846 0.209447 0.034779 0.009418 0.991865 -0.005781 -0.028651 -0.929495 0.000000 
7.500000e-02 1.003099e-01 9.749271e-02 7.075812e-02 1.000000e-01 1.597504e+00 -0.991865 0.032375 0.705846 0.209447 0.034779 0.009418 0.991865 -0.005781 -0.028651 -0.929495 0.000000 
7.500000e-02 1.003099e-01 9.749271e-02 7.075812e-02 1.000000e-01 1.597504e+00 -0.991865 0.032375 0.705846 0.209447 0.034779 0.009418 0.991865 -0.005781 -0.028651 -0.929495 0.000000 
7.500000e-02 1.003099e-01 9.749271e-02 7.075812e-02 1.000000e-01 1.597504e+00 -0.991865 0.032375 0.705846 0.209447 0.034779 0.009418 0.991865 -0.005781 -0.028651 -0.929495 0.000000 
7.500000e-02 1.003099e-01 9.749271e-02 7.075812e-02 1.000000e-01 1.597504e+00 -0.991865 0.032375 0.705846 0.209447 0.034779 0.009418 0.991865 -0.005781 -0.028651 -0.929495 0.000000 
7.500000e-02 1.003099e-01 9.749271e-02 7.075812e-02 1.000000e-01 1.597504e+00 -0.991865 0.032375 0.705846 0.209447 0.034779 0.009418 0.991865 -0.005781 -0.028651 -0.929495 0.000000 
7.500000e-02 1.003099e-01 9.749271e-02 7.075812e-02 1.000000e-01 1.597504e+00 -0.991865 0.032375 0.705846 0.209447 0.034779 0.009418 0.991865 -0.005781 -0.028651 -0.929495 0.000000 
7.500000e-02 1.003099e-01 9.749271e-02 7.075812e-02 1.000000e-01 1.597504e+00 -0.991865 0.032375 0.705846 0.209447 0.034779 0.009418 0.991865 -0.005781 -0.028651 -0.929495 0.000000 
7.500000e-02 1.003099e-01 9.749271e-02 7.075812e-02 1.000000e-01 1.597504e+00 -0.991865 0.032375 0.705846 0.209447 0.034779 0.009418 0.991865 -0.005781 -0.028651 -0.929495 0.000000 
7.500000e-02 1.003099e-01 9.749271e-02 7.075812e-02 1.000000e-01 1.597504e+00 -0.991865 0.032375 0.705846 0.209447 0.034779 0.009418 0.991865 -0.005781 -0.028651 -0.929495 0.000000 
7.500000e-02 1.003099e-01 9.749271e-02 7.075812e-02 1.000000e-01 1.597504e+00 -0.991865 0.032375 0.705846 0.209447 0.034779 0.009418 0.991865 -0.005781 -0.028651 -0.929495 0.000000 
7.500000e-02 1.003099e-01 9.749271e-02 7.075812e-02 1.000000e-01 1.597504e+00 -0.991865 0.032375 0.705846 0.209447 0.034779 0.009418 0.991865 -0.005781 -0.028651 -0.929495 0.000000 
7.500000e-02 1.003099e-01 9.749271e-02 7.075812e-02 1.000000e-01 1.597504e+00 -0.991865 0.032375 0.705846 0.209447 0.034779 0.009418 0.991865 -0.005781 -0.028651 -0.929495 0.000000 
7.500000e-02 1.003099e-01 9.749271e-02 7.075812e-02 1.000000e-01 1.597504e+00 -0.991865 0.032375 0.705846 0.209447 0.034779 0.009418 0.991865 -0.005781 -0.028651 -0.929495 0.000000 
7.500000e-02 1.003099e-01 9.749271e-02 7.075812e-02 1.000000e-01 1.597504e+00 -0.991865 0.032375 0.705846 0.209447 0.034779 0.009418 0.991865 -0.005781 -0.028651 -0.929495 0.000000 
7.500000e-02 1.003099e-01 9.749271e-02 7.075812e-02 1.000000e-01 1.597504e+00 -0.991865 0.032375 0.705846 0.209447 0.034779 0.009418 0.991865 -0.005781 -0.028651 -0.929495 0.000000 
7.500000e-02 1.003099e-01 9.749271e-02 7.075812e-02 1.000000e-01 1.597504e+00 -0.991865 0.032375 0.705846 0.209447 0.034779 0.009418 0.991865 -0.005781 -0.028651 -0.929495 0.000000 
7.500000e-02 1.003099e-01 9.749271e-02 7.075812e-02 1.000000e-01 1.597504e+00 -0.991865 0.032375 0.705846 0.209447 0.034779 0.009418 0.991865 -0.005781 -0.028651 -0.929495 0.000000 
7.500000e-02 1.003099e-01 9.749271e-02 7.075812e-02 1.000000e-01 1.597504e+00 -0.991865 0.032375 0.705846 0.209447 0.034779 0.009418 0.991865 -0.005781 -0.028651 -0.929495 0.000000 
7.500000e-02 1.003099e-01 9.749271e-02 7.075812e-02 1.000000e-01 1.597504e+00 -0.991865 0.032375 0.705846 0.209447 0.034779 0.009418 0.991865 -0.005781 -0.028651 -0.929495 0.000000 
7.500000e-02 1.003099e-01 9.749271e-02 7.075812e-02 1.000000e-01 1.597504e+00 -0.991865 0.032375 0.705846 0.209447 0.034779 0.009418 0.991865 -0.005781 -0.028651 -0.929495 0.000000 
7.500000e-02 1.003099e-01 9.749271e-02 7.075812e-02 1.000000e-01 1.597504e+00 -0.991865 0.032375 0.705846 0.209447 0.034779 0.009418 0.991865 -0.005781 -0.028651 -0.929495 0.000000 
7.500000e-02 1.003099e-01 9.749271e-02 7.075812e-02 1.000000e-01 1.597504e+00 -0.991865 0.032375 0.705846 0.209447 0.034779 0.009418 0.991865 -0.005781 -0.028651 -0.929495 0.000000 
7.500000e-02 1.003099e-01 9.749271e-02 7.075812e-02 1.000000e-01 1.597504e+00 -0.991865 0.032375 0.705846 0.209447 0.034779 0.009418 0.991865 -0.005781 -0.028651 -0.929495 0.000000 
7.500000e-02 1.003099e-01 9.749271e-02 7.075812e-02 1.000000e-01 1.597504e+00 -0.991865 0.032375 0.705846 0.209447 0.034779 0.009418 0.991865 -0.005781 -0.028651 -0.929495 0.000000 
7.500000e-02 1.003099e-01 9.749271e-02 7.075812e-02 1.000000e-01 1.597504e+00 -0.991865 0.032375 0.705846 0.209447 0.034779 0.009418 0.991865 -0.005781 -0.028651 -0.929495 0.000000 
7.500000e-02 1.003099e-01 9.749271e-02 7.075812e-02 1.000000e-01 1.597504e+00 -0.991865 0.032375 0.705846 0.209447 0.034779 0.009418 0.991865 -0.005781 -0.028651 -0.929495 0.000000 
7.500000e-02 1.003099e-01 9.749271e-02 7.075812e-02 1.000000e-01 1.597504e+00 -0.991865 0.032375 0.705846 0.209447 0.034779 0.009418 0.991865 -0.005781 -0.028651 -0.929495 0.000000 
7.500000e-02 1.003099e-01 9.749271e-02 7.075812e-02 1.000000e-01 1.597504e+00 -0.991865 0.032375 0.705846 0.209447 0.034779 0.009418 0.991865 -0.005781 -0.028651 -0.929495 0.000000 
7.500000e-02 1.003099e-01 9.749271e-02 7.075812e-02 1.000000e-01 1.597504e+00 -0.991865 0.032375 0.705846 0.209447 0.034779 0.009418 0.991865 -0.005781 -0.028651 -0.929495 0.000000 
7.500000e-02 1.003099e-01 9.749271e-02 7.075812e-02 1.000000e-01 1.597504e+00 -0.991865 0.032375 0.705846 0.209447 0.034779 0.009418 0.991865 -0.005781 -0.028651 -0.929495 0.000000 
7.500000e-02 1.003099e-01 9.749271e-02 7.075812e-02 1.000000e-01 1.597504e+00 -0.991865 0.032375 0.705846 0.209447 0.034779 0.009418 0.991865 -0.005781 -0.028651 -0.929495 0.000000 
7.500000e-02 1.003099e-01 9.749271e-02 7.075812e-02 1.000000e-01 1.597504e+00 -0.991865 0.032375 0.705846 0.209447 0.034779 0.009418 0.991865 -0.005781 -0.028651 -0.929495 0.000000 
7.500000e-02 1.003099e-01 9.749271e-02 7.075812e-02 1.000000e-01 1.597504e+00 -0.991865 0.032375 0.705846 0.209447 0.034779 0.009418 0.991865 -0.005781 -0.028651 -0.929495 0.000000 
7.500000e-02 1.003099e-01 9.749271e-02 7.075812e-02 1.000000e-01 1.597504e+00 -0.991865 0.032375 0.705846 0.209447 0.034779 0.009418 0.991865 -0.005781 -0.028651 -0.929495 0.000000 
7.500000e-02 1.003099e-01 9.749271e-02 7.075812e-02 1.000000e-01 1.597504e+00 -0.991865 0.032375 0.705846 0.209447 0.034779 0.009418 0.991865 -0.005781 -0.028651 -0.929495 0.000000 
7.500000e-02 1.003099e-01 9.749271e-02 7.075812e-02 1.000000e-01 1.597504e+00 -0.991865 0.032375 0.705846 0.209447 0.034779 0.009418 0.991865 -0.005781 -0.028651 -0.929495 0.000000 
7.500000e-02 1.003099e-01 9.749271e-02 7.075812e-02 1.000000e-01 1.597504e+00 -0.991865 0.032375 0.705846 0.209447 0.034779 0.009418 0.991865 -0.005781 -0.028651 -0.929495 0.000000 
7.500000e-02 1.003099e-01 9.749271e-02 7.075812e-02 1.000000e-01 1.597504e+00 -0.991865 0.032375 0.705846 0.209447 0.034779 0.009418 0.991865 -0.005781 -0.028651 -0.929495 0.000000 
7.500000e-02 1.003099e-01 9.749271e-02 7.075812e-02 1.000000e-01 1.597504e+00 -0.991865 0.032375 0.705846 0.209447 0.034779 0.009418 0.991865 -0.005781 -0.028651 -0.929495 0.000000 
7.500000e-02 1.003099e-01 9.749271e-02 7.075812e-02 1.000000e-01 1.597504e+00 -0.991865 0.032375 0.705846 0.209447 0.034779 0.009418 0.991865 -0.005781 -0.028651 -0.929495 0.000000 
7.500000e-02 1.003099e-01 9.749271e-02 7.075812e-02 1.000000e-01 1.597504e+00 -0.991865 0.032375 0.705846 0.209447 0.034779 0.009418 0.991865 -0.005781 -0.028651 -0.929495 0.000000 
7.500000e-02 1.003099e-01 9.749271e-02 7.075812e-02 1.000000e-01 1.597504e+00 -0.991865 0.032375 0.705846 0.209447 0.034779 0.009418 0.991865 -0.005781 -0.028651 -0.929495 0.000000 
7.500000e-02 1.003099e-01 9.749271e-02 7.075812e-02 1.000000e-01 1.597504e+00 -0.991865 0.032375 0.705846 0.209447 0.034779 0.009418 0.991865 -0.005781 -0.028651 -0.929495 0.000000 
7.500000e-02 1.003099e-01 9.749271e-02 7.075812e-02 1.000000e-01 1.597504e+00 -0.991865 0.032375 0.705846 0.209447 0.034779 0.009418 0.991865 -0.005781 -0.028651 -0.929495 0.000000 
7.500000e-02 1.003099e-01 9.749271e-02 7.075812e-02 1.000000e-01 1.597504e+00 -0.991865 0.032375 0.705846 0.209447 0.034779 0.009418 0.991865 -0.005781 -0.028651 -0.929495 0.000000 
7.500000e-02 1.003099e-01 9.749271e-02 7.075812e-02 1.000000e-01 1.597504e+00 -0.991865 0.032375 0.705846 0.209447 0.034779 0.009418 0.991865 -0.005781 -0.028651 -0.929495 0.000000 
7.500000e-02 1.003099e-01 9.749271e-02 7.075812e-02 1.000000e-01 1.597504e+00 -0.991865 0.032375 0.705846 0.209447 0.034779 0.009418 0.991865 -0.005781 -0.028651 -0.929495 0.000000 
7.500000e-02 1.003099e-01 9.749271e-02 7.075812e-02 1.000000e-01 1.597504e+00 -0.991865 0.032375 0.705846 0.209447 0.034779 0.009418 0.991865 -0.005781 -0.028651 -0.929495 0.000000 
7.500000e-02 1.003099e-01 9.749271e-02 7.075812e-02 1.000000e-01 1.597504e+00 -0.991865 0.032375 0.705846 0.209447 0.034779 0.009418 0.991865 -0.005781 -0.028651 -0.929495 0.000000 
