# TeX TeY TeZ ThX ThY THZ P1 P2
1.250000e-01 1.000000e-01 1.095000e+00 1.250000e-01 1.000000e-01 1.095000e+00 0.000000 0.000000 0.000000 0.000000 0.000000 0.000000 0.000000 0.000000 0.000000 0.000000 0.000000 
1.250000e-01 1.000000e-01 1.084612e+00 1.250000e-01 1.000000e-01 1.102913e+00 -0.012091 0.001544 0.003093 0.003108 0.003136 0.001210 0.012091 -0.001552 -0.003104 -0.003107 0.000000 
1.250000e-01 1.000000e-01 1.074170e+00 1.250000e-01 1.000000e-01 1.110807e+00 -0.024206 0.003091 0.006193 0.006221 0.006278 0.002422 0.024205 -0.003107 -0.006214 -0.006220 0.000000 
1.250000e-01 1.000000e-01 1.063675e+00 1.250000e-01 1.000000e-01 1.118682e+00 -0.036342 0.004641 0.009298 0.009341 0.009425 0.003637 0.036342 -0.004664 -0.009330 -0.009339 0.000000 
1.250000e-01 1.000000e-01 1.053128e+00 1.250000e-01 1.000000e-01 1.126538e+00 -0.048500 0.006193 0.012408 0.012466 0.012579 0.004854 0.048500 -0.006225 -0.012452 -0.012463 0.000000 
1.250000e-01 1.000000e-01 1.042528e+00 1.250000e-01 1.000000e-01 1.134373e+00 -0.060680 0.007748 0.015524 0.015596 0.015738 0.006073 0.060680 -0.007788 -0.015579 -0.015593 0.000000 
1.250000e-01 1.000000e-01 1.031877e+00 1.250000e-01 1.000000e-01 1.142189e+00 -0.072880 0.009305 0.018644 0.018732 0.018904 0.007295 0.072880 -0.009354 -0.018711 -0.018728 0.000000 
1.250000e-01 1.000000e-01 1.021175e+00 1.250000e-01 1.000000e-01 1.149984e+00 -0.085101 0.010864 0.021769 0.021874 0.022076 0.008519 0.085101 -0.010922 -0.021848 -0.021869 0.000000 
1.250000e-01 1.000000e-01 1.010422e+00 1.250000e-01 1.000000e-01 1.157759e+00 -0.097342 0.012425 0.024897 0.025020 0.025254 0.009746 0.097342 -0.012493 -0.024991 -0.025014 0.000000 
1.250000e-01 1.000000e-01 9.996190e-01 1.250000e-01 1.000000e-01 1.165514e+00 -0.109603 0.013988 0.028030 0.028172 0.028438 0.010975 0.109603 -0.014067 -0.028139 -0.028165 0.000000 
1.250000e-01 1.000000e-01 9.887660e-01 1.250000e-01 1.000000e-01 1.173247e+00 -0.121883 0.015552 0.031166 0.031328 0.031630 0.012207 0.121883 -0.015643 -0.031292 -0.031321 0.000000 
1.250000e-01 1.000000e-01 9.778635e-01 1.249999e-01 1.000000e-01 1.180960e+00 -0.134181 0.017117 0.034304 0.034490 0.034828 0.013442 0.134181 -0.017221 -0.034449 -0.034481 0.000000 
1.250000e-01 1.000000e-01 9.669121e-01 1.249999e-01 1.000000e-01 1.188651e+00 -0.146498 0.018682 0.037446 0.037656 0.038033 0.014680 0.146498 -0.018802 -0.037611 -0.037646 0.000000 
1.250000e-01 1.000000e-01 9.559122e-01 1.249999e-01 1.000000e-01 1.196320e+00 -0.158833 0.020248 0.040589 0.040828 0.041245 0.015922 0.158832 -0.020385 -0.040778 -0.040816 0.000000 
1.250000e-01 1.000000e-01 9.448642e-01 1.249999e-01 1.000000e-01 1.203968e+00 -0.171184 0.021815 0.043735 0.044004 0.044465 0.017166 0.171184 -0.021970 -0.043949 -0.043990 0.000000 
1.250000e-01 1.000000e-01 9.337686e-01 1.249999e-01 1.000000e-01 1.211594e+00 -0.183553 0.023381 0.046881 0.047184 0.047692 0.018414 0.183553 -0.023558 -0.047124 -0.047168 0.000000 
1.250000e-01 1.000000e-01 9.226257e-01 1.249999e-01 1.000000e-01 1.219197e+00 -0.195938 0.024947 0.050028 0.050369 0.050928 0.019665 0.195938 -0.025147 -0.050304 -0.050351 0.000000 
1.250000e-01 1.000000e-01 9.114359e-01 1.249998e-01 1.000000e-01 1.226777e+00 -0.208339 0.026512 0.053176 0.053558 0.054172 0.020921 0.208339 -0.026739 -0.053488 -0.053537 0.000000 
1.250000e-01 1.000000e-01 9.001998e-01 1.249998e-01 1.000000e-01 1.234335e+00 -0.220756 0.028076 0.056322 0.056752 0.057425 0.022180 0.220756 -0.028332 -0.056676 -0.056728 0.000000 
1.250000e-01 1.000000e-01 8.889177e-01 1.249998e-01 1.000000e-01 1.241870e+00 -0.233188 0.029638 0.059468 0.059950 0.060687 0.023444 0.233188 -0.029928 -0.059867 -0.059923 0.000000 
1.250000e-01 1.000000e-01 8.775899e-01 1.249998e-01 1.000000e-01 1.249381e+00 -0.245634 0.031198 0.062612 0.063152 0.063960 0.024712 0.245634 -0.031525 -0.063063 -0.063121 0.000000 
1.250000e-01 1.000000e-01 8.662170e-01 1.249997e-01 1.000000e-01 1.256868e+00 -0.258095 0.032754 0.065753 0.066359 0.067243 0.025985 0.258094 -0.033125 -0.066262 -0.066323 0.000000 
1.250000e-01 1.000000e-01 8.547993e-01 1.249997e-01 1.000000e-01 1.264332e+00 -0.270569 0.034308 0.068890 0.069570 0.070537 0.027264 0.270569 -0.034726 -0.069464 -0.069529 0.000000 
1.250000e-01 1.000000e-01 8.433371e-01 1.249996e-01 1.000000e-01 1.271771e+00 -0.283057 0.035856 0.072023 0.072785 0.073844 0.028548 0.283056 -0.036328 -0.072670 -0.072738 0.000000 
1.250000e-01 1.000000e-01 8.318310e-01 1.249996e-01 1.000000e-01 1.279185e+00 -0.295557 0.037400 0.075150 0.076004 0.077163 0.029839 0.295557 -0.037933 -0.075880 -0.075950 0.000000 
1.250000e-01 1.000000e-01 8.202812e-01 1.249995e-01 1.000000e-01 1.286575e+00 -0.308070 0.038938 0.078270 0.079228 0.080497 0.031136 0.308070 -0.039539 -0.079092 -0.079165 0.000000 
1.250000e-01 1.000000e-01 8.086882e-01 1.249995e-01 1.000000e-01 1.293939e+00 -0.320595 0.040469 0.081382 0.082456 0.083846 0.032440 0.320594 -0.041146 -0.082308 -0.082384 0.000000 
1.250000e-01 1.000000e-01 7.970523e-01 1.249994e-01 1.000000e-01 1.301278e+00 -0.333131 0.041992 0.084484 0.085689 0.087212 0.033753 0.333131 -0.042755 -0.085526 -0.085605 0.000000 
1.250000e-01 1.000000e-01 7.853739e-01 1.249993e-01 1.000000e-01 1.308591e+00 -0.345678 0.043506 0.087575 0.088926 0.090596 0.035074 0.345678 -0.044365 -0.088747 -0.088830 0.000000 
1.250000e-01 9.999999e-02 7.736534e-01 1.249992e-01 1.000000e-01 1.315878e+00 -0.358236 0.045009 0.090654 0.092169 0.094000 0.036404 0.358236 -0.045977 -0.091971 -0.092057 0.000000 
1.250000e-01 9.999999e-02 7.618912e-01 1.249991e-01 1.000000e-01 1.323139e+00 -0.370804 0.046499 0.093716 0.095417 0.097425 0.037745 0.370804 -0.047590 -0.095198 -0.095286 0.000000 
1.250000e-01 9.999999e-02 7.500875e-01 1.249989e-01 1.000000e-01 1.330373e+00 -0.383382 0.047977 0.096763 0.098670 0.100873 0.039097 0.383381 -0.049204 -0.098427 -0.098518 0.000000 
1.250000e-01 9.999999e-02 7.382428e-01 1.249988e-01 1.000000e-01 1.337580e+00 -0.395968 0.049437 0.099789 0.101931 0.104349 0.040461 0.395968 -0.050820 -0.101659 -0.101753 0.000000 
1.250000e-01 9.999999e-02 7.263575e-01 1.249986e-01 1.000000e-01 1.344759e+00 -0.408564 0.050881 0.102795 0.105197 0.107851 0.041838 0.408564 -0.052436 -0.104892 -0.104990 0.000000 
1.250000e-01 9.999999e-02 7.144318e-01 1.249984e-01 1.000000e-01 1.351911e+00 -0.421168 0.052303 0.105774 0.108473 0.111387 0.043230 0.421167 -0.054054 -0.108128 -0.108228 0.000000 
1.250000e-01 9.999998e-02 7.024661e-01 1.249982e-01 1.000000e-01 1.359034e+00 -0.433779 0.053702 0.108726 0.111757 0.114956 0.044637 0.433779 -0.055673 -0.111366 -0.111469 0.000000 
1.250000e-01 9.999998e-02 6.904607e-01 1.249980e-01 1.000000e-01 1.366129e+00 -0.446398 0.055075 0.111646 0.115051 0.118563 0.046061 0.446398 -0.057292 -0.114606 -0.114712 0.000000 
1.250000e-01 9.999998e-02 6.784161e-01 1.249977e-01 1.000000e-01 1.373195e+00 -0.459024 0.056418 0.114531 0.118358 0.122212 0.047504 0.459024 -0.058912 -0.117847 -0.117956 0.000000 
1.250000e-01 9.999997e-02 6.663325e-01 1.249973e-01 1.000000e-01 1.380232e+00 -0.471656 0.057730 0.117378 0.121678 0.125904 0.048965 0.471656 -0.060534 -0.121090 -0.121203 0.000000 
1.250000e-01 9.999997e-02 6.542103e-01 1.249970e-01 1.000000e-01 1.387239e+00 -0.484295 0.058999 0.120176 0.125017 0.129652 0.050450 0.484294 -0.062156 -0.124335 -0.124450 0.000000 
1.250000e-01 9.999996e-02 6.420498e-01 1.249966e-01 1.000000e-01 1.394216e+00 -0.496938 0.060229 0.122929 0.128374 0.133450 0.051955 0.496938 -0.063779 -0.127581 -0.127699 0.000000 
1.250000e-01 9.999995e-02 6.298513e-01 1.249961e-01 1.000000e-01 1.401163e+00 -0.509587 0.061409 0.125623 0.131757 0.137313 0.053484 0.509587 -0.065402 -0.130828 -0.130950 0.000000 
1.250000e-01 9.999994e-02 6.176151e-01 1.249955e-01 1.000000e-01 1.408079e+00 -0.522240 0.062533 0.128255 0.135168 0.141244 0.055039 0.522240 -0.067026 -0.134077 -0.134201 0.000000 
1.250000e-01 9.999993e-02 6.053416e-01 1.249949e-01 1.000000e-01 1.414964e+00 -0.534898 0.063600 0.130824 0.138611 0.145243 0.056618 0.534897 -0.068650 -0.137327 -0.137454 0.000000 
1.250000e-01 9.999991e-02 5.930311e-01 1.249942e-01 1.000000e-01 1.421818e+00 -0.547558 0.064587 0.133305 0.142102 0.149336 0.058228 0.547558 -0.070275 -0.140577 -0.140707 0.000000 
1.250000e-01 9.999990e-02 5.806839e-01 1.249934e-01 1.000000e-01 1.428639e+00 -0.560222 0.065501 0.135705 0.145641 0.153512 0.059862 0.560222 -0.071901 -0.143828 -0.143962 0.000000 
1.250000e-01 9.999987e-02 5.683003e-01 1.249925e-01 1.000000e-01 1.435428e+00 -0.572889 0.066327 0.138010 0.149241 0.157787 0.061522 0.572889 -0.073526 -0.147080 -0.147217 0.000000 
1.250000e-01 9.999985e-02 5.558805e-01 1.249915e-01 1.000000e-01 1.442185e+00 -0.585558 0.067043 0.140198 0.152924 0.162182 0.063211 0.585558 -0.075152 -0.150333 -0.150472 0.000000 
1.250000e-01 9.999982e-02 5.434250e-01 1.249903e-01 1.000000e-01 1.448908e+00 -0.598228 0.067652 0.142271 0.156692 0.166692 0.064920 0.598228 -0.076778 -0.153586 -0.153728 0.000000 
1.250000e-01 9.999978e-02 5.309340e-01 1.249890e-01 1.000000e-01 1.455597e+00 -0.610900 0.068131 0.144206 0.160574 0.171339 0.066649 0.610900 -0.078405 -0.156839 -0.156985 0.000000 
1.250000e-01 9.999973e-02 5.184077e-01 1.249874e-01 1.000000e-01 1.462252e+00 -0.623573 0.068454 0.145975 0.164603 0.176147 0.068392 0.623572 -0.080031 -0.160092 -0.160241 0.000000 
1.250000e-01 9.999967e-02 5.058466e-01 1.249857e-01 1.000000e-01 1.468873e+00 -0.636245 0.068624 0.147578 0.168790 0.181115 0.070139 0.636245 -0.081657 -0.163346 -0.163498 0.000000 
1.250000e-01 9.999960e-02 4.932508e-01 1.249837e-01 1.000000e-01 1.475459e+00 -0.648918 0.068609 0.148979 0.173180 0.186270 0.071879 0.648917 -0.083283 -0.166599 -0.166755 0.000000 
1.250000e-01 9.999952e-02 4.806207e-01 1.249815e-01 1.000000e-01 1.482009e+00 -0.661590 0.068370 0.150129 0.177839 0.191656 0.073593 0.661589 -0.084909 -0.169853 -0.170012 0.000000 
1.250000e-01 9.999942e-02 4.679565e-01 1.249789e-01 1.000000e-01 1.488524e+00 -0.674260 0.067912 0.151024 0.182789 0.197271 0.075263 0.674260 -0.086535 -0.173106 -0.173269 0.000000 
1.250000e-01 9.999929e-02 4.552586e-01 1.249760e-01 1.000000e-01 1.495002e+00 -0.686929 0.067210 0.151625 0.188086 0.203142 0.076864 0.686929 -0.088160 -0.176358 -0.176526 0.000000 
1.250000e-01 9.999914e-02 4.425271e-01 1.249727e-01 1.000000e-01 1.501442e+00 -0.699596 0.066183 0.151812 0.193895 0.209367 0.078338 0.699595 -0.089785 -0.179610 -0.179783 0.000000 
1.250000e-01 9.999895e-02 4.297624e-01 1.249690e-01 1.000000e-01 1.507844e+00 -0.712259 0.064854 0.151583 0.200233 0.215934 0.079654 0.712258 -0.091409 -0.182862 -0.183040 0.000000 
1.250000e-01 9.999873e-02 4.169648e-01 1.249648e-01 1.000000e-01 1.514206e+00 -0.724917 0.063195 0.150868 0.207206 0.222892 0.080756 0.724917 -0.093031 -0.186112 -0.186297 0.000000 
1.250000e-01 9.999845e-02 4.041344e-01 1.249601e-01 1.000000e-01 1.520528e+00 -0.737571 0.061150 0.149529 0.215006 0.230335 0.081551 0.737571 -0.094652 -0.189361 -0.189555 0.000000 
1.250000e-01 9.999811e-02 3.912716e-01 1.249548e-01 1.000000e-01 1.526809e+00 -0.750220 0.058673 0.147413 0.223850 0.238362 0.081920 0.750220 -0.096270 -0.192608 -0.192816 0.000000 
1.250000e-01 9.999770e-02 3.783766e-01 1.249489e-01 1.000000e-01 1.533048e+00 -0.762863 0.055781 0.144450 0.233845 0.246998 0.081788 0.762862 -0.097885 -0.195855 -0.196081 0.000000 
1.250000e-01 9.999719e-02 3.654498e-01 1.249421e-01 1.000000e-01 1.539245e+00 -0.775499 0.052452 0.140482 0.245213 0.256325 0.081025 0.775498 -0.099495 -0.199100 -0.199351 0.000000 
1.250000e-01 9.999658e-02 3.524912e-01 1.249344e-01 1.000000e-01 1.545399e+00 -0.788126 0.048644 0.135247 0.258328 0.266472 0.079434 0.788126 -0.101097 -0.202343 -0.202633 0.000000 
1.250000e-01 9.999582e-02 3.395012e-01 1.249252e-01 1.000000e-01 1.551509e+00 -0.800742 0.044328 0.128432 0.273652 0.277552 0.076778 0.800742 -0.102689 -0.205585 -0.205929 0.000000 
1.250000e-01 9.999489e-02 3.264801e-01 1.249133e-01 1.000000e-01 1.557572e+00 -0.813343 0.039563 0.119956 0.291370 0.289479 0.072974 0.813342 -0.104264 -0.208823 -0.209251 0.000000 
1.250000e-01 9.999376e-02 3.134280e-01 1.248962e-01 1.000000e-01 1.563584e+00 -0.825917 0.034381 0.109632 0.311893 0.302135 0.067876 0.825917 -0.105814 -0.212056 -0.212610 0.000000 
1.250000e-01 9.999237e-02 3.003453e-01 1.248681e-01 1.000000e-01 1.569535e+00 -0.838446 0.028844 0.097353 0.335686 0.315168 0.061394 0.838446 -0.107325 -0.215281 -0.216024 0.000000 
1.250000e-01 9.999067e-02 2.872321e-01 1.248156e-01 1.000000e-01 1.575408e+00 -0.850885 0.023061 0.083097 0.363568 0.327670 0.053489 0.850885 -0.108772 -0.218486 -0.219520 0.000000 
1.250000e-01 9.998859e-02 2.740886e-01 1.247041e-01 1.000000e-01 1.581161e+00 -0.863141 0.017294 0.067475 0.396415 0.337444 0.044513 0.863141 -0.110118 -0.221649 -0.223124 0.000000 
1.250000e-01 9.998605e-02 2.609152e-01 1.244382e-01 1.000000e-01 1.586700e+00 -0.875055 0.011995 0.051994 0.435849 0.339890 0.035326 0.875055 -0.111301 -0.224733 -0.226884 0.000000 
1.250000e-01 9.998295e-02 2.477119e-01 1.237090e-01 1.000000e-01 1.591791e+00 -0.886410 0.007750 0.038789 0.489734 0.323154 0.026982 0.886410 -0.112226 -0.227683 -0.230880 0.000000 
1.250000e-01 9.997917e-02 2.344791e-01 1.216546e-01 1.000000e-01 1.596236e+00 -0.897799 0.003451 0.024985 0.608748 0.243164 0.017452 0.897799 -0.112884 -0.230653 -0.235453 0.000000 
1.250000e-01 9.997461e-02 2.212169e-01 1.206600e-01 1.000000e-01 1.597505e+00 -0.907815 0.001965 0.019284 0.684589 0.188690 0.013287 0.907815 -0.112935 -0.233276 -0.240589 0.000000 
1.250000e-01 9.996913e-02 2.079253e-01 1.206600e-01 1.000000e-01 1.597505e+00 -0.916598 0.003093 0.021539 0.686846 0.190959 0.014162 0.916598 -0.112186 -0.235569 -0.246825 0.000000 
1.250000e-01 9.996263e-02 1.946047e-01 1.206600e-01 1.000000e-01 1.597505e+00 -0.925401 0.004222 0.023799 0.689108 0.193234 0.015038 0.925401 -0.110499 -0.237793 -0.255254 0.000000 
1.250000e-01 9.995508e-02 1.812549e-01 1.206600e-01 1.000000e-01 1.597505e+00 -0.934224 0.005355 0.026064 0.691375 0.195513 0.015917 0.934224 -0.107371 -0.239766 -0.267336 0.000000 
1.250000e-01 9.994666e-02 1.678759e-01 1.206600e-01 1.000000e-01 1.597505e+00 -0.943069 0.006490 0.028335 0.693648 0.197799 0.016797 0.943069 -0.102189 -0.241033 -0.285320 0.000000 
1.250000e-01 9.993818e-02 1.544671e-01 1.206600e-01 1.000000e-01 1.597505e+00 -0.951937 0.007628 0.030612 0.695927 0.200090 0.017680 0.951937 -0.094180 -0.240497 -0.313077 0.000000 
1.250000e-01 9.993298e-02 1.410250e-01 1.206600e-01 1.000000e-01 1.597505e+00 -0.960840 0.008771 0.032898 0.698215 0.202390 0.018567 0.960840 -0.082286 -0.235242 -0.358614 0.000000 
1.250000e-01 9.994574e-02 1.275323e-01 1.206600e-01 1.000000e-01 1.597505e+00 -0.969834 0.009925 0.035207 0.700526 0.204714 0.019462 0.969834 -0.065566 -0.218056 -0.437568 0.000000 
1.250000e-01 1.000339e-01 1.139077e-01 1.206600e-01 1.000000e-01 1.597505e+00 -0.979179 0.011124 0.037606 0.702927 0.207129 0.020393 0.979179 -0.042996 -0.171524 -0.582936 0.000000 
1.250000e-01 1.002783e-01 9.989041e-02 1.206600e-01 1.000000e-01 1.597505e+00 -0.989861 0.012495 0.040348 0.705672 0.209889 0.021456 0.989861 -0.012097 -0.057781 -0.863174 0.000000 
1.250000e-01 1.003098e-01 9.749716e-02 1.206600e-01 1.000000e-01 1.597505e+00 -0.991906 0.012758 0.040873 0.706198 0.210417 0.021660 0.991906 -0.005799 -0.028717 -0.929384 0.000000 
1.250000e-01 1.003098e-01 9.749716e-02 1.206600e-01 1.000000e-01 1.597505e+00 -0.991906 0.012758 0.040873 0.706198 0.210417 0.021660 0.991906 -0.005799 -0.028717 -0.929384 0.000000 
1.250000e-01 1.003098e-01 9.749716e-02 1.206600e-01 1.000000e-01 1.597505e+00 -0.991906 0.012758 0.040873 0.706198 0.210417 0.021660 0.991906 -0.005799 -0.028717 -0.929384 0.000000 
1.250000e-01 1.003098e-01 9.749716e-02 1.206600e-01 1.000000e-01 1.597505e+00 -0.991906 0.012758 0.040873 0.706198 0.210417 0.021660 0.991906 -0.005799 -0.028717 -0.929384 0.000000 
1.250000e-01 1.003098e-01 9.749716e-02 1.206600e-01 1.000000e-01 1.597505e+00 -0.991906 0.012758 0.040873 0.706198 0.210417 0.021660 0.991906 -0.005799 -0.028717 -0.929384 0.000000 
1.250000e-01 1.003098e-01 9.749716e-02 1.206600e-01 1.000000e-01 1.597505e+00 -0.991906 0.012758 0.040873 0.706198 0.210417 0.021660 0.991906 -0.005799 -0.028717 -0.929384 0.000000 
1.250000e-01 1.003098e-01 9.749716e-02 1.206600e-01 1.000000e-01 1.597505e+00 -0.991906 0.012758 0.040873 0.706198 0.210417 0.021660 0.991906 -0.005799 -0.028717 -0.929384 0.000000 
1.250000e-01 1.003098e-01 9.749716e-02 1.206600e-01 1.000000e-01 1.597505e+00 -0.991906 0.012758 0.040873 0.706198 0.210417 0.021660 0.991906 -0.005799 -0.028717 -0.929384 0.000000 
1.250000e-01 1.003098e-01 9.749716e-02 1.206600e-01 1.000000e-01 1.597505e+00 -0.991906 0.012758 0.040873 0.706198 0.210417 0.021660 0.991906 -0.005799 -0.028717 -0.929384 0.000000 
1.250000e-01 1.003098e-01 9.749716e-02 1.206600e-01 1.000000e-01 1.597505e+00 -0.991906 0.012758 0.040873 0.706198 0.210417 0.021660 0.991906 -0.005799 -0.028717 -0.929384 0.000000 
1.250000e-01 1.003098e-01 9.749716e-02 1.206600e-01 1.000000e-01 1.597505e+00 -0.991906 0.012758 0.040873 0.706198 0.210417 0.021660 0.991906 -0.005799 -0.028717 -0.929384 0.000000 
1.250000e-01 1.003098e-01 9.749716e-02 1.206600e-01 1.000000e-01 1.597505e+00 -0.991906 0.012758 0.040873 0.706198 0.210417 0.021660 0.991906 -0.005799 -0.028717 -0.929384 0.000000 
1.250000e-01 1.003098e-01 9.749716e-02 1.206600e-01 1.000000e-01 1.597505e+00 -0.991906 0.012758 0.040873 0.706198 0.210417 0.021660 0.991906 -0.005799 -0.028717 -0.929384 0.000000 
1.250000e-01 1.003098e-01 9.749716e-02 1.206600e-01 1.000000e-01 1.597505e+00 -0.991906 0.012758 0.040873 0.706198 0.210417 0.021660 0.991906 -0.005799 -0.028717 -0.929384 0.000000 
1.250000e-01 1.003098e-01 9.749716e-02 1.206600e-01 1.000000e-01 1.597505e+00 -0.991906 0.012758 0.040873 0.706198 0.210417 0.021660 0.991906 -0.005799 -0.028717 -0.929384 0.000000 
1.250000e-01 1.003098e-01 9.749716e-02 1.206600e-01 1.000000e-01 1.597505e+00 -0.991906 0.012758 0.040873 0.706198 0.210417 0.021660 0.991906 -0.005799 -0.028717 -0.929384 0.000000 
1.250000e-01 1.003098e-01 9.749716e-02 1.206600e-01 1.000000e-01 1.597505e+00 -0.991906 0.012758 0.040873 0.706198 0.210417 0.021660 0.991906 -0.005799 -0.028717 -0.929384 0.000000 
1.250000e-01 1.003098e-01 9.749716e-02 1.206600e-01 1.000000e-01 1.597505e+00 -0.991906 0.012758 0.040873 0.706198 0.210417 0.021660 0.991906 -0.005799 -0.028717 -0.929384 0.000000 
1.250000e-01 1.003098e-01 9.749716e-02 1.206600e-01 1.000000e-01 1.597505e+00 -0.991906 0.012758 0.040873 0.706198 0.210417 0.021660 0.991906 -0.005799 -0.028717 -0.929384 0.000000 
1.250000e-01 1.003098e-01 9.749716e-02 1.206600e-01 1.000000e-01 1.597505e+00 -0.991906 0.012758 0.040873 0.706198 0.210417 0.021660 0.991906 -0.005799 -0.028717 -0.929384 0.000000 
1.250000e-01 1.003098e-01 9.749716e-02 1.206600e-01 1.000000e-01 1.597505e+00 -0.991906 0.012758 0.040873 0.706198 0.210417 0.021660 0.991906 -0.005799 -0.028717 -0.929384 0.000000 
1.250000e-01 1.003098e-01 9.749716e-02 1.206600e-01 1.000000e-01 1.597505e+00 -0.991906 0.012758 0.040873 0.706198 0.210417 0.021660 0.991906 -0.005799 -0.028717 -0.929384 0.000000 
1.250000e-01 1.003098e-01 9.749716e-02 1.206600e-01 1.000000e-01 1.597505e+00 -0.991906 0.012758 0.040873 0.706198 0.210417 0.021660 0.991906 -0.005799 -0.028717 -0.929384 0.000000 
1.250000e-01 1.003098e-01 9.749716e-02 1.206600e-01 1.000000e-01 1.597505e+00 -0.991906 0.012758 0.040873 0.706198 0.210417 0.021660 0.991906 -0.005799 -0.028717 -0.929384 0.000000 
1.250000e-01 1.003098e-01 9.749716e-02 1.206600e-01 1.000000e-01 1.597505e+00 -0.991906 0.012758 0.040873 0.706198 0.210417 0.021660 0.991906 -0.005799 -0.028717 -0.929384 0.000000 
1.250000e-01 1.003098e-01 9.749716e-02 1.206600e-01 1.000000e-01 1.597505e+00 -0.991906 0.012758 0.040873 0.706198 0.210417 0.021660 0.991906 -0.005799 -0.028717 -0.929384 0.000000 
1.250000e-01 1.003098e-01 9.749716e-02 1.206600e-01 1.000000e-01 1.597505e+00 -0.991906 0.012758 0.040873 0.706198 0.210417 0.021660 0.991906 -0.005799 -0.028717 -0.929384 0.000000 
1.250000e-01 1.003098e-01 9.749716e-02 1.206600e-01 1.000000e-01 1.597505e+00 -0.991906 0.012758 0.040873 0.706198 0.210417 0.021660 0.991906 -0.005799 -0.028717 -0.929384 0.000000 
1.250000e-01 1.003098e-01 9.749716e-02 1.206600e-01 1.000000e-01 1.597505e+00 -0.991906 0.012758 0.040873 0.706198 0.210417 0.021660 0.991906 -0.005799 -0.028717 -0.929384 0.000000 
1.250000e-01 1.003098e-01 9.749716e-02 1.206600e-01 1.000000e-01 1.597505e+00 -0.991906 0.012758 0.040873 0.706198 0.210417 0.021660 0.991906 -0.005799 -0.028717 -0.929384 0.000000 
1.250000e-01 1.003098e-01 9.749716e-02 1.206600e-01 1.000000e-01 1.597505e+00 -0.991906 0.012758 0.040873 0.706198 0.210417 0.021660 0.991906 -0.005799 -0.028717 -0.929384 0.000000 
1.250000e-01 1.003098e-01 9.749716e-02 1.206600e-01 1.000000e-01 1.597505e+00 -0.991906 0.012758 0.040873 0.706198 0.210417 0.021660 0.991906 -0.005799 -0.028717 -0.929384 0.000000 
1.250000e-01 1.003098e-01 9.749716e-02 1.206600e-01 1.000000e-01 1.597505e+00 -0.991906 0.012758 0.040873 0.706198 0.210417 0.021660 0.991906 -0.005799 -0.028717 -0.929384 0.000000 
1.250000e-01 1.003098e-01 9.749716e-02 1.206600e-01 1.000000e-01 1.597505e+00 -0.991906 0.012758 0.040873 0.706198 0.210417 0.021660 0.991906 -0.005799 -0.028717 -0.929384 0.000000 
1.250000e-01 1.003098e-01 9.749716e-02 1.206600e-01 1.000000e-01 1.597505e+00 -0.991906 0.012758 0.040873 0.706198 0.210417 0.021660 0.991906 -0.005799 -0.028717 -0.929384 0.000000 
1.250000e-01 1.003098e-01 9.749716e-02 1.206600e-01 1.000000e-01 1.597505e+00 -0.991906 0.012758 0.040873 0.706198 0.210417 0.021660 0.991906 -0.005799 -0.028717 -0.929384 0.000000 
1.250000e-01 1.003098e-01 9.749716e-02 1.206600e-01 1.000000e-01 1.597505e+00 -0.991906 0.012758 0.040873 0.706198 0.210417 0.021660 0.991906 -0.005799 -0.028717 -0.929384 0.000000 
1.250000e-01 1.003098e-01 9.749716e-02 1.206600e-01 1.000000e-01 1.597505e+00 -0.991906 0.012758 0.040873 0.706198 0.210417 0.021660 0.991906 -0.005799 -0.028717 -0.929384 0.000000 
1.250000e-01 1.003098e-01 9.749716e-02 1.206600e-01 1.000000e-01 1.597505e+00 -0.991906 0.012758 0.040873 0.706198 0.210417 0.021660 0.991906 -0.005799 -0.028717 -0.929384 0.000000 
1.250000e-01 1.003098e-01 9.749716e-02 1.206600e-01 1.000000e-01 1.597505e+00 -0.991906 0.012758 0.040873 0.706198 0.210417 0.021660 0.991906 -0.005799 -0.028717 -0.929384 0.000000 
1.250000e-01 1.003098e-01 9.749716e-02 1.206600e-01 1.000000e-01 1.597505e+00 -0.991906 0.012758 0.040873 0.706198 0.210417 0.021660 0.991906 -0.005799 -0.028717 -0.929384 0.000000 
1.250000e-01 1.003098e-01 9.749716e-02 1.206600e-01 1.000000e-01 1.597505e+00 -0.991906 0.012758 0.040873 0.706198 0.210417 0.021660 0.991906 -0.005799 -0.028717 -0.929384 0.000000 
1.250000e-01 1.003098e-01 9.749716e-02 1.206600e-01 1.000000e-01 1.597505e+00 -0.991906 0.012758 0.040873 0.706198 0.210417 0.021660 0.991906 -0.005799 -0.028717 -0.929384 0.000000 
1.250000e-01 1.003098e-01 9.749716e-02 1.206600e-01 1.000000e-01 1.597505e+00 -0.991906 0.012758 0.040873 0.706198 0.210417 0.021660 0.991906 -0.005799 -0.028717 -0.929384 0.000000 
1.250000e-01 1.003098e-01 9.749716e-02 1.206600e-01 1.000000e-01 1.597505e+00 -0.991906 0.012758 0.040873 0.706198 0.210417 0.021660 0.991906 -0.005799 -0.028717 -0.929384 0.000000 
1.250000e-01 1.003098e-01 9.749716e-02 1.206600e-01 1.000000e-01 1.597505e+00 -0.991906 0.012758 0.040873 0.706198 0.210417 0.021660 0.991906 -0.005799 -0.028717 -0.929384 0.000000 
1.250000e-01 1.003098e-01 9.749716e-02 1.206600e-01 1.000000e-01 1.597505e+00 -0.991906 0.012758 0.040873 0.706198 0.210417 0.021660 0.991906 -0.005799 -0.028717 -0.929384 0.000000 
1.250000e-01 1.003098e-01 9.749716e-02 1.206600e-01 1.000000e-01 1.597505e+00 -0.991906 0.012758 0.040873 0.706198 0.210417 0.021660 0.991906 -0.005799 -0.028717 -0.929384 0.000000 
1.250000e-01 1.003098e-01 9.749716e-02 1.206600e-01 1.000000e-01 1.597505e+00 -0.991906 0.012758 0.040873 0.706198 0.210417 0.021660 0.991906 -0.005799 -0.028717 -0.929384 0.000000 
1.250000e-01 1.003098e-01 9.749716e-02 1.206600e-01 1.000000e-01 1.597505e+00 -0.991906 0.012758 0.040873 0.706198 0.210417 0.021660 0.991906 -0.005799 -0.028717 -0.929384 0.000000 
1.250000e-01 1.003098e-01 9.749716e-02 1.206600e-01 1.000000e-01 1.597505e+00 -0.991906 0.012758 0.040873 0.706198 0.210417 0.021660 0.991906 -0.005799 -0.028717 -0.929384 0.000000 
1.250000e-01 1.003098e-01 9.749716e-02 1.206600e-01 1.000000e-01 1.597505e+00 -0.991906 0.012758 0.040873 0.706198 0.210417 0.021660 0.991906 -0.005799 -0.028717 -0.929384 0.000000 
1.250000e-01 1.003098e-01 9.749716e-02 1.206600e-01 1.000000e-01 1.597505e+00 -0.991906 0.012758 0.040873 0.706198 0.210417 0.021660 0.991906 -0.005799 -0.028717 -0.929384 0.000000 
1.250000e-01 1.003098e-01 9.749716e-02 1.206600e-01 1.000000e-01 1.597505e+00 -0.991906 0.012758 0.040873 0.706198 0.210417 0.021660 0.991906 -0.005799 -0.028717 -0.929384 0.000000 
1.250000e-01 1.003098e-01 9.749716e-02 1.206600e-01 1.000000e-01 1.597505e+00 -0.991906 0.012758 0.040873 0.706198 0.210417 0.021660 0.991906 -0.005799 -0.028717 -0.929384 0.000000 
1.250000e-01 1.003098e-01 9.749716e-02 1.206600e-01 1.000000e-01 1.597505e+00 -0.991906 0.012758 0.040873 0.706198 0.210417 0.021660 0.991906 -0.005799 -0.028717 -0.929384 0.000000 
1.250000e-01 1.003098e-01 9.749716e-02 1.206600e-01 1.000000e-01 1.597505e+00 -0.991906 0.012758 0.040873 0.706198 0.210417 0.021660 0.991906 -0.005799 -0.028717 -0.929384 0.000000 
1.250000e-01 1.003098e-01 9.749716e-02 1.206600e-01 1.000000e-01 1.597505e+00 -0.991906 0.012758 0.040873 0.706198 0.210417 0.021660 0.991906 -0.005799 -0.028717 -0.929384 0.000000 
1.250000e-01 1.003098e-01 9.749716e-02 1.206600e-01 1.000000e-01 1.597505e+00 -0.991906 0.012758 0.040873 0.706198 0.210417 0.021660 0.991906 -0.005799 -0.028717 -0.929384 0.000000 
1.250000e-01 1.003098e-01 9.749716e-02 1.206600e-01 1.000000e-01 1.597505e+00 -0.991906 0.012758 0.040873 0.706198 0.210417 0.021660 0.991906 -0.005799 -0.028717 -0.929384 0.000000 
1.250000e-01 1.003098e-01 9.749716e-02 1.206600e-01 1.000000e-01 1.597505e+00 -0.991906 0.012758 0.040873 0.706198 0.210417 0.021660 0.991906 -0.005799 -0.028717 -0.929384 0.000000 
1.250000e-01 1.003098e-01 9.749716e-02 1.206600e-01 1.000000e-01 1.597505e+00 -0.991906 0.012758 0.040873 0.706198 0.210417 0.021660 0.991906 -0.005799 -0.028717 -0.929384 0.000000 
1.250000e-01 1.003098e-01 9.749716e-02 1.206600e-01 1.000000e-01 1.597505e+00 -0.991906 0.012758 0.040873 0.706198 0.210417 0.021660 0.991906 -0.005799 -0.028717 -0.929384 0.000000 
1.250000e-01 1.003098e-01 9.749716e-02 1.206600e-01 1.000000e-01 1.597505e+00 -0.991906 0.012758 0.040873 0.706198 0.210417 0.021660 0.991906 -0.005799 -0.028717 -0.929384 0.000000 
1.250000e-01 1.003098e-01 9.749716e-02 1.206600e-01 1.000000e-01 1.597505e+00 -0.991906 0.012758 0.040873 0.706198 0.210417 0.021660 0.991906 -0.005799 -0.028717 -0.929384 0.000000 
1.250000e-01 1.003098e-01 9.749716e-02 1.206600e-01 1.000000e-01 1.597505e+00 -0.991906 0.012758 0.040873 0.706198 0.210417 0.021660 0.991906 -0.005799 -0.028717 -0.929384 0.000000 
1.250000e-01 1.003098e-01 9.749716e-02 1.206600e-01 1.000000e-01 1.597505e+00 -0.991906 0.012758 0.040873 0.706198 0.210417 0.021660 0.991906 -0.005799 -0.028717 -0.929384 0.000000 
1.250000e-01 1.003098e-01 9.749716e-02 1.206600e-01 1.000000e-01 1.597505e+00 -0.991906 0.012758 0.040873 0.706198 0.210417 0.021660 0.991906 -0.005799 -0.028717 -0.929384 0.000000 
1.250000e-01 1.003098e-01 9.749716e-02 1.206600e-01 1.000000e-01 1.597505e+00 -0.991906 0.012758 0.040873 0.706198 0.210417 0.021660 0.991906 -0.005799 -0.028717 -0.929384 0.000000 
1.250000e-01 1.003098e-01 9.749716e-02 1.206600e-01 1.000000e-01 1.597505e+00 -0.991906 0.012758 0.040873 0.706198 0.210417 0.021660 0.991906 -0.005799 -0.028717 -0.929384 0.000000 
1.250000e-01 1.003098e-01 9.749716e-02 1.206600e-01 1.000000e-01 1.597505e+00 -0.991906 0.012758 0.040873 0.706198 0.210417 0.021660 0.991906 -0.005799 -0.028717 -0.929384 0.000000 
1.250000e-01 1.003098e-01 9.749716e-02 1.206600e-01 1.000000e-01 1.597505e+00 -0.991906 0.012758 0.040873 0.706198 0.210417 0.021660 0.991906 -0.005799 -0.028717 -0.929384 0.000000 
1.250000e-01 1.003098e-01 9.749716e-02 1.206600e-01 1.000000e-01 1.597505e+00 -0.991906 0.012758 0.040873 0.706198 0.210417 0.021660 0.991906 -0.005799 -0.028717 -0.929384 0.000000 
1.250000e-01 1.003098e-01 9.749716e-02 1.206600e-01 1.000000e-01 1.597505e+00 -0.991906 0.012758 0.040873 0.706198 0.210417 0.021660 0.991906 -0.005799 -0.028717 -0.929384 0.000000 
1.250000e-01 1.003098e-01 9.749716e-02 1.206600e-01 1.000000e-01 1.597505e+00 -0.991906 0.012758 0.040873 0.706198 0.210417 0.021660 0.991906 -0.005799 -0.028717 -0.929384 0.000000 
1.250000e-01 1.003098e-01 9.749716e-02 1.206600e-01 1.000000e-01 1.597505e+00 -0.991906 0.012758 0.040873 0.706198 0.210417 0.021660 0.991906 -0.005799 -0.028717 -0.929384 0.000000 
1.250000e-01 1.003098e-01 9.749716e-02 1.206600e-01 1.000000e-01 1.597505e+00 -0.991906 0.012758 0.040873 0.706198 0.210417 0.021660 0.991906 -0.005799 -0.028717 -0.929384 0.000000 
1.250000e-01 1.003098e-01 9.749716e-02 1.206600e-01 1.000000e-01 1.597505e+00 -0.991906 0.012758 0.040873 0.706198 0.210417 0.021660 0.991906 -0.005799 -0.028717 -0.929384 0.000000 
1.250000e-01 1.003098e-01 9.749716e-02 1.206600e-01 1.000000e-01 1.597505e+00 -0.991906 0.012758 0.040873 0.706198 0.210417 0.021660 0.991906 -0.005799 -0.028717 -0.929384 0.000000 
1.250000e-01 1.003098e-01 9.749716e-02 1.206600e-01 1.000000e-01 1.597505e+00 -0.991906 0.012758 0.040873 0.706198 0.210417 0.021660 0.991906 -0.005799 -0.028717 -0.929384 0.000000 
1.250000e-01 1.003098e-01 9.749716e-02 1.206600e-01 1.000000e-01 1.597505e+00 -0.991906 0.012758 0.040873 0.706198 0.210417 0.021660 0.991906 -0.005799 -0.028717 -0.929384 0.000000 
1.250000e-01 1.003098e-01 9.749716e-02 1.206600e-01 1.000000e-01 1.597505e+00 -0.991906 0.012758 0.040873 0.706198 0.210417 0.021660 0.991906 -0.005799 -0.028717 -0.929384 0.000000 
1.250000e-01 1.003098e-01 9.749716e-02 1.206600e-01 1.000000e-01 1.597505e+00 -0.991906 0.012758 0.040873 0.706198 0.210417 0.021660 0.991906 -0.005799 -0.028717 -0.929384 0.000000 
1.250000e-01 1.003098e-01 9.749716e-02 1.206600e-01 1.000000e-01 1.597505e+00 -0.991906 0.012758 0.040873 0.706198 0.210417 0.021660 0.991906 -0.005799 -0.028717 -0.929384 0.000000 
1.250000e-01 1.003098e-01 9.749716e-02 1.206600e-01 1.000000e-01 1.597505e+00 -0.991906 0.012758 0.040873 0.706198 0.210417 0.021660 0.991906 -0.005799 -0.028717 -0.929384 0.000000 
1.250000e-01 1.003098e-01 9.749716e-02 1.206600e-01 1.000000e-01 1.597505e+00 -0.991906 0.012758 0.040873 0.706198 0.210417 0.021660 0.991906 -0.005799 -0.028717 -0.929384 0.000000 
1.250000e-01 1.003098e-01 9.749716e-02 1.206600e-01 1.000000e-01 1.597505e+00 -0.991906 0.012758 0.040873 0.706198 0.210417 0.021660 0.991906 -0.005799 -0.028717 -0.929384 0.000000 
1.250000e-01 1.003098e-01 9.749716e-02 1.206600e-01 1.000000e-01 1.597505e+00 -0.991906 0.012758 0.040873 0.706198 0.210417 0.021660 0.991906 -0.005799 -0.028717 -0.929384 0.000000 
1.250000e-01 1.003098e-01 9.749716e-02 1.206600e-01 1.000000e-01 1.597505e+00 -0.991906 0.012758 0.040873 0.706198 0.210417 0.021660 0.991906 -0.005799 -0.028717 -0.929384 0.000000 
1.250000e-01 1.003098e-01 9.749716e-02 1.206600e-01 1.000000e-01 1.597505e+00 -0.991906 0.012758 0.040873 0.706198 0.210417 0.021660 0.991906 -0.005799 -0.028717 -0.929384 0.000000 
1.250000e-01 1.003098e-01 9.749716e-02 1.206600e-01 1.000000e-01 1.597505e+00 -0.991906 0.012758 0.040873 0.706198 0.210417 0.021660 0.991906 -0.005799 -0.028717 -0.929384 0.000000 
1.250000e-01 1.003098e-01 9.749716e-02 1.206600e-01 1.000000e-01 1.597505e+00 -0.991906 0.012758 0.040873 0.706198 0.210417 0.021660 0.991906 -0.005799 -0.028717 -0.929384 0.000000 
1.250000e-01 1.003098e-01 9.749716e-02 1.206600e-01 1.000000e-01 1.597505e+00 -0.991906 0.012758 0.040873 0.706198 0.210417 0.021660 0.991906 -0.005799 -0.028717 -0.929384 0.000000 
1.250000e-01 1.003098e-01 9.749716e-02 1.206600e-01 1.000000e-01 1.597505e+00 -0.991906 0.012758 0.040873 0.706198 0.210417 0.021660 0.991906 -0.005799 -0.028717 -0.929384 0.000000 
1.250000e-01 1.003098e-01 9.749716e-02 1.206600e-01 1.000000e-01 1.597505e+00 -0.991906 0.012758 0.040873 0.706198 0.210417 0.021660 0.991906 -0.005799 -0.028717 -0.929384 0.000000 
1.250000e-01 1.003098e-01 9.749716e-02 1.206600e-01 1.000000e-01 1.597505e+00 -0.991906 0.012758 0.040873 0.706198 0.210417 0.021660 0.991906 -0.005799 -0.028717 -0.929384 0.000000 
1.250000e-01 1.003098e-01 9.749716e-02 1.206600e-01 1.000000e-01 1.597505e+00 -0.991906 0.012758 0.040873 0.706198 0.210417 0.021660 0.991906 -0.005799 -0.028717 -0.929384 0.000000 
1.250000e-01 1.003098e-01 9.749716e-02 1.206600e-01 1.000000e-01 1.597505e+00 -0.991906 0.012758 0.040873 0.706198 0.210417 0.021660 0.991906 -0.005799 -0.028717 -0.929384 0.000000 
1.250000e-01 1.003098e-01 9.749716e-02 1.206600e-01 1.000000e-01 1.597505e+00 -0.991906 0.012758 0.040873 0.706198 0.210417 0.021660 0.991906 -0.005799 -0.028717 -0.929384 0.000000 
1.250000e-01 1.003098e-01 9.749716e-02 1.206600e-01 1.000000e-01 1.597505e+00 -0.991906 0.012758 0.040873 0.706198 0.210417 0.021660 0.991906 -0.005799 -0.028717 -0.929384 0.000000 
1.250000e-01 1.003098e-01 9.749716e-02 1.206600e-01 1.000000e-01 1.597505e+00 -0.991906 0.012758 0.040873 0.706198 0.210417 0.021660 0.991906 -0.005799 -0.028717 -0.929384 0.000000 
1.250000e-01 1.003098e-01 9.749716e-02 1.206600e-01 1.000000e-01 1.597505e+00 -0.991906 0.012758 0.040873 0.706198 0.210417 0.021660 0.991906 -0.005799 -0.028717 -0.929384 0.000000 
1.250000e-01 1.003098e-01 9.749716e-02 1.206600e-01 1.000000e-01 1.597505e+00 -0.991906 0.012758 0.040873 0.706198 0.210417 0.021660 0.991906 -0.005799 -0.028717 -0.929384 0.000000 
1.250000e-01 1.003098e-01 9.749716e-02 1.206600e-01 1.000000e-01 1.597505e+00 -0.991906 0.012758 0.040873 0.706198 0.210417 0.021660 0.991906 -0.005799 -0.028717 -0.929384 0.000000 
1.250000e-01 1.003098e-01 9.749716e-02 1.206600e-01 1.000000e-01 1.597505e+00 -0.991906 0.012758 0.040873 0.706198 0.210417 0.021660 0.991906 -0.005799 -0.028717 -0.929384 0.000000 
1.250000e-01 1.003098e-01 9.749716e-02 1.206600e-01 1.000000e-01 1.597505e+00 -0.991906 0.012758 0.040873 0.706198 0.210417 0.021660 0.991906 -0.005799 -0.028717 -0.929384 0.000000 
1.250000e-01 1.003098e-01 9.749716e-02 1.206600e-01 1.000000e-01 1.597505e+00 -0.991906 0.012758 0.040873 0.706198 0.210417 0.021660 0.991906 -0.005799 -0.028717 -0.929384 0.000000 
1.250000e-01 1.003098e-01 9.749716e-02 1.206600e-01 1.000000e-01 1.597505e+00 -0.991906 0.012758 0.040873 0.706198 0.210417 0.021660 0.991906 -0.005799 -0.028717 -0.929384 0.000000 
1.250000e-01 1.003098e-01 9.749716e-02 1.206600e-01 1.000000e-01 1.597505e+00 -0.991906 0.012758 0.040873 0.706198 0.210417 0.021660 0.991906 -0.005799 -0.028717 -0.929384 0.000000 
1.250000e-01 1.003098e-01 9.749716e-02 1.206600e-01 1.000000e-01 1.597505e+00 -0.991906 0.012758 0.040873 0.706198 0.210417 0.021660 0.991906 -0.005799 -0.028717 -0.929384 0.000000 
1.250000e-01 1.003098e-01 9.749716e-02 1.206600e-01 1.000000e-01 1.597505e+00 -0.991906 0.012758 0.040873 0.706198 0.210417 0.021660 0.991906 -0.005799 -0.028717 -0.929384 0.000000 
1.250000e-01 1.003098e-01 9.749716e-02 1.206600e-01 1.000000e-01 1.597505e+00 -0.991906 0.012758 0.040873 0.706198 0.210417 0.021660 0.991906 -0.005799 -0.028717 -0.929384 0.000000 
1.250000e-01 1.003098e-01 9.749716e-02 1.206600e-01 1.000000e-01 1.597505e+00 -0.991906 0.012758 0.040873 0.706198 0.210417 0.021660 0.991906 -0.005799 -0.028717 -0.929384 0.000000 
1.250000e-01 1.003098e-01 9.749716e-02 1.206600e-01 1.000000e-01 1.597505e+00 -0.991906 0.012758 0.040873 0.706198 0.210417 0.021660 0.991906 -0.005799 -0.028717 -0.929384 0.000000 
1.250000e-01 1.003098e-01 9.749716e-02 1.206600e-01 1.000000e-01 1.597505e+00 -0.991906 0.012758 0.040873 0.706198 0.210417 0.021660 0.991906 -0.005799 -0.028717 -0.929384 0.000000 
1.250000e-01 1.003098e-01 9.749716e-02 1.206600e-01 1.000000e-01 1.597505e+00 -0.991906 0.012758 0.040873 0.706198 0.210417 0.021660 0.991906 -0.005799 -0.028717 -0.929384 0.000000 
1.250000e-01 1.003098e-01 9.749716e-02 1.206600e-01 1.000000e-01 1.597505e+00 -0.991906 0.012758 0.040873 0.706198 0.210417 0.021660 0.991906 -0.005799 -0.028717 -0.929384 0.000000 
1.250000e-01 1.003098e-01 9.749716e-02 1.206600e-01 1.000000e-01 1.597505e+00 -0.991906 0.012758 0.040873 0.706198 0.210417 0.021660 0.991906 -0.005799 -0.028717 -0.929384 0.000000 
1.250000e-01 1.003098e-01 9.749716e-02 1.206600e-01 1.000000e-01 1.597505e+00 -0.991906 0.012758 0.040873 0.706198 0.210417 0.021660 0.991906 -0.005799 -0.028717 -0.929384 0.000000 
1.250000e-01 1.003098e-01 9.749716e-02 1.206600e-01 1.000000e-01 1.597505e+00 -0.991906 0.012758 0.040873 0.706198 0.210417 0.021660 0.991906 -0.005799 -0.028717 -0.929384 0.000000 
1.250000e-01 1.003098e-01 9.749716e-02 1.206600e-01 1.000000e-01 1.597505e+00 -0.991906 0.012758 0.040873 0.706198 0.210417 0.021660 0.991906 -0.005799 -0.028717 -0.929384 0.000000 
1.250000e-01 1.003098e-01 9.749716e-02 1.206600e-01 1.000000e-01 1.597505e+00 -0.991906 0.012758 0.040873 0.706198 0.210417 0.021660 0.991906 -0.005799 -0.028717 -0.929384 0.000000 
1.250000e-01 1.003098e-01 9.749716e-02 1.206600e-01 1.000000e-01 1.597505e+00 -0.991906 0.012758 0.040873 0.706198 0.210417 0.021660 0.991906 -0.005799 -0.028717 -0.929384 0.000000 
1.250000e-01 1.003098e-01 9.749716e-02 1.206600e-01 1.000000e-01 1.597505e+00 -0.991906 0.012758 0.040873 0.706198 0.210417 0.021660 0.991906 -0.005799 -0.028717 -0.929384 0.000000 
1.250000e-01 1.003098e-01 9.749716e-02 1.206600e-01 1.000000e-01 1.597505e+00 -0.991906 0.012758 0.040873 0.706198 0.210417 0.021660 0.991906 -0.005799 -0.028717 -0.929384 0.000000 
1.250000e-01 1.003098e-01 9.749716e-02 1.206600e-01 1.000000e-01 1.597505e+00 -0.991906 0.012758 0.040873 0.706198 0.210417 0.021660 0.991906 -0.005799 -0.028717 -0.929384 0.000000 
1.250000e-01 1.003098e-01 9.749716e-02 1.206600e-01 1.000000e-01 1.597505e+00 -0.991906 0.012758 0.040873 0.706198 0.210417 0.021660 0.991906 -0.005799 -0.028717 -0.929384 0.000000 
1.250000e-01 1.003098e-01 9.749716e-02 1.206600e-01 1.000000e-01 1.597505e+00 -0.991906 0.012758 0.040873 0.706198 0.210417 0.021660 0.991906 -0.005799 -0.028717 -0.929384 0.000000 
1.250000e-01 1.003098e-01 9.749716e-02 1.206600e-01 1.000000e-01 1.597505e+00 -0.991906 0.012758 0.040873 0.706198 0.210417 0.021660 0.991906 -0.005799 -0.028717 -0.929384 0.000000 
1.250000e-01 1.003098e-01 9.749716e-02 1.206600e-01 1.000000e-01 1.597505e+00 -0.991906 0.012758 0.040873 0.706198 0.210417 0.021660 0.991906 -0.005799 -0.028717 -0.929384 0.000000 
1.250000e-01 1.003098e-01 9.749716e-02 1.206600e-01 1.000000e-01 1.597505e+00 -0.991906 0.012758 0.040873 0.706198 0.210417 0.021660 0.991906 -0.005799 -0.028717 -0.929384 0.000000 
1.250000e-01 1.003098e-01 9.749716e-02 1.206600e-01 1.000000e-01 1.597505e+00 -0.991906 0.012758 0.040873 0.706198 0.210417 0.021660 0.991906 -0.005799 -0.028717 -0.929384 0.000000 
1.250000e-01 1.003098e-01 9.749716e-02 1.206600e-01 1.000000e-01 1.597505e+00 -0.991906 0.012758 0.040873 0.706198 0.210417 0.021660 0.991906 -0.005799 -0.028717 -0.929384 0.000000 
1.250000e-01 1.003098e-01 9.749716e-02 1.206600e-01 1.000000e-01 1.597505e+00 -0.991906 0.012758 0.040873 0.706198 0.210417 0.021660 0.991906 -0.005799 -0.028717 -0.929384 0.000000 
1.250000e-01 1.003098e-01 9.749716e-02 1.206600e-01 1.000000e-01 1.597505e+00 -0.991906 0.012758 0.040873 0.706198 0.210417 0.021660 0.991906 -0.005799 -0.028717 -0.929384 0.000000 
1.250000e-01 1.003098e-01 9.749716e-02 1.206600e-01 1.000000e-01 1.597505e+00 -0.991906 0.012758 0.040873 0.706198 0.210417 0.021660 0.991906 -0.005799 -0.028717 -0.929384 0.000000 
1.250000e-01 1.003098e-01 9.749716e-02 1.206600e-01 1.000000e-01 1.597505e+00 -0.991906 0.012758 0.040873 0.706198 0.210417 0.021660 0.991906 -0.005799 -0.028717 -0.929384 0.000000 
1.250000e-01 1.003098e-01 9.749716e-02 1.206600e-01 1.000000e-01 1.597505e+00 -0.991906 0.012758 0.040873 0.706198 0.210417 0.021660 0.991906 -0.005799 -0.028717 -0.929384 0.000000 
1.250000e-01 1.003098e-01 9.749716e-02 1.206600e-01 1.000000e-01 1.597505e+00 -0.991906 0.012758 0.040873 0.706198 0.210417 0.021660 0.991906 -0.005799 -0.028717 -0.929384 0.000000 
1.250000e-01 1.003098e-01 9.749716e-02 1.206600e-01 1.000000e-01 1.597505e+00 -0.991906 0.012758 0.040873 0.706198 0.210417 0.021660 0.991906 -0.005799 -0.028717 -0.929384 0.000000 
1.250000e-01 1.003098e-01 9.749716e-02 1.206600e-01 1.000000e-01 1.597505e+00 -0.991906 0.012758 0.040873 0.706198 0.210417 0.021660 0.991906 -0.005799 -0.028717 -0.929384 0.000000 
1.250000e-01 1.003098e-01 9.749716e-02 1.206600e-01 1.000000e-01 1.597505e+00 -0.991906 0.012758 0.040873 0.706198 0.210417 0.021660 0.991906 -0.005799 -0.028717 -0.929384 0.000000 
1.250000e-01 1.003098e-01 9.749716e-02 1.206600e-01 1.000000e-01 1.597505e+00 -0.991906 0.012758 0.040873 0.706198 0.210417 0.021660 0.991906 -0.005799 -0.028717 -0.929384 0.000000 
1.250000e-01 1.003098e-01 9.749716e-02 1.206600e-01 1.000000e-01 1.597505e+00 -0.991906 0.012758 0.040873 0.706198 0.210417 0.021660 0.991906 -0.005799 -0.028717 -0.929384 0.000000 
1.250000e-01 1.003098e-01 9.749716e-02 1.206600e-01 1.000000e-01 1.597505e+00 -0.991906 0.012758 0.040873 0.706198 0.210417 0.021660 0.991906 -0.005799 -0.028717 -0.929384 0.000000 
1.250000e-01 1.003098e-01 9.749716e-02 1.206600e-01 1.000000e-01 1.597505e+00 -0.991906 0.012758 0.040873 0.706198 0.210417 0.021660 0.991906 -0.005799 -0.028717 -0.929384 0.000000 
1.250000e-01 1.003098e-01 9.749716e-02 1.206600e-01 1.000000e-01 1.597505e+00 -0.991906 0.012758 0.040873 0.706198 0.210417 0.021660 0.991906 -0.005799 -0.028717 -0.929384 0.000000 
1.250000e-01 1.003098e-01 9.749716e-02 1.206600e-01 1.000000e-01 1.597505e+00 -0.991906 0.012758 0.040873 0.706198 0.210417 0.021660 0.991906 -0.005799 -0.028717 -0.929384 0.000000 
1.250000e-01 1.003098e-01 9.749716e-02 1.206600e-01 1.000000e-01 1.597505e+00 -0.991906 0.012758 0.040873 0.706198 0.210417 0.021660 0.991906 -0.005799 -0.028717 -0.929384 0.000000 
1.250000e-01 1.003098e-01 9.749716e-02 1.206600e-01 1.000000e-01 1.597505e+00 -0.991906 0.012758 0.040873 0.706198 0.210417 0.021660 0.991906 -0.005799 -0.028717 -0.929384 0.000000 
1.250000e-01 1.003098e-01 9.749716e-02 1.206600e-01 1.000000e-01 1.597505e+00 -0.991906 0.012758 0.040873 0.706198 0.210417 0.021660 0.991906 -0.005799 -0.028717 -0.929384 0.000000 
1.250000e-01 1.003098e-01 9.749716e-02 1.206600e-01 1.000000e-01 1.597505e+00 -0.991906 0.012758 0.040873 0.706198 0.210417 0.021660 0.991906 -0.005799 -0.028717 -0.929384 0.000000 
1.250000e-01 1.003098e-01 9.749716e-02 1.206600e-01 1.000000e-01 1.597505e+00 -0.991906 0.012758 0.040873 0.706198 0.210417 0.021660 0.991906 -0.005799 -0.028717 -0.929384 0.000000 
1.250000e-01 1.003098e-01 9.749716e-02 1.206600e-01 1.000000e-01 1.597505e+00 -0.991906 0.012758 0.040873 0.706198 0.210417 0.021660 0.991906 -0.005799 -0.028717 -0.929384 0.000000 
1.250000e-01 1.003098e-01 9.749716e-02 1.206600e-01 1.000000e-01 1.597505e+00 -0.991906 0.012758 0.040873 0.706198 0.210417 0.021660 0.991906 -0.005799 -0.028717 -0.929384 0.000000 
1.250000e-01 1.003098e-01 9.749716e-02 1.206600e-01 1.000000e-01 1.597505e+00 -0.991906 0.012758 0.040873 0.706198 0.210417 0.021660 0.991906 -0.005799 -0.028717 -0.929384 0.000000 
1.250000e-01 1.003098e-01 9.749716e-02 1.206600e-01 1.000000e-01 1.597505e+00 -0.991906 0.012758 0.040873 0.706198 0.210417 0.021660 0.991906 -0.005799 -0.028717 -0.929384 0.000000 
1.250000e-01 1.003098e-01 9.749716e-02 1.206600e-01 1.000000e-01 1.597505e+00 -0.991906 0.012758 0.040873 0.706198 0.210417 0.021660 0.991906 -0.005799 -0.028717 -0.929384 0.000000 
1.250000e-01 1.003098e-01 9.749716e-02 1.206600e-01 1.000000e-01 1.597505e+00 -0.991906 0.012758 0.040873 0.706198 0.210417 0.021660 0.991906 -0.005799 -0.028717 -0.929384 0.000000 
1.250000e-01 1.003098e-01 9.749716e-02 1.206600e-01 1.000000e-01 1.597505e+00 -0.991906 0.012758 0.040873 0.706198 0.210417 0.021660 0.991906 -0.005799 -0.028717 -0.929384 0.000000 
1.250000e-01 1.003098e-01 9.749716e-02 1.206600e-01 1.000000e-01 1.597505e+00 -0.991906 0.012758 0.040873 0.706198 0.210417 0.021660 0.991906 -0.005799 -0.028717 -0.929384 0.000000 
1.250000e-01 1.003098e-01 9.749716e-02 1.206600e-01 1.000000e-01 1.597505e+00 -0.991906 0.012758 0.040873 0.706198 0.210417 0.021660 0.991906 -0.005799 -0.028717 -0.929384 0.000000 
1.250000e-01 1.003098e-01 9.749716e-02 1.206600e-01 1.000000e-01 1.597505e+00 -0.991906 0.012758 0.040873 0.706198 0.210417 0.021660 0.991906 -0.005799 -0.028717 -0.929384 0.000000 
1.250000e-01 1.003098e-01 9.749716e-02 1.206600e-01 1.000000e-01 1.597505e+00 -0.991906 0.012758 0.040873 0.706198 0.210417 0.021660 0.991906 -0.005799 -0.028717 -0.929384 0.000000 
1.250000e-01 1.003098e-01 9.749716e-02 1.206600e-01 1.000000e-01 1.597505e+00 -0.991906 0.012758 0.040873 0.706198 0.210417 0.021660 0.991906 -0.005799 -0.028717 -0.929384 0.000000 
1.250000e-01 1.003098e-01 9.749716e-02 1.206600e-01 1.000000e-01 1.597505e+00 -0.991906 0.012758 0.040873 0.706198 0.210417 0.021660 0.991906 -0.005799 -0.028717 -0.929384 0.000000 
1.250000e-01 1.003098e-01 9.749716e-02 1.206600e-01 1.000000e-01 1.597505e+00 -0.991906 0.012758 0.040873 0.706198 0.210417 0.021660 0.991906 -0.005799 -0.028717 -0.929384 0.000000 
1.250000e-01 1.003098e-01 9.749716e-02 1.206600e-01 1.000000e-01 1.597505e+00 -0.991906 0.012758 0.040873 0.706198 0.210417 0.021660 0.991906 -0.005799 -0.028717 -0.929384 0.000000 
1.250000e-01 1.003098e-01 9.749716e-02 1.206600e-01 1.000000e-01 1.597505e+00 -0.991906 0.012758 0.040873 0.706198 0.210417 0.021660 0.991906 -0.005799 -0.028717 -0.929384 0.000000 
1.250000e-01 1.003098e-01 9.749716e-02 1.206600e-01 1.000000e-01 1.597505e+00 -0.991906 0.012758 0.040873 0.706198 0.210417 0.021660 0.991906 -0.005799 -0.028717 -0.929384 0.000000 
1.250000e-01 1.003098e-01 9.749716e-02 1.206600e-01 1.000000e-01 1.597505e+00 -0.991906 0.012758 0.040873 0.706198 0.210417 0.021660 0.991906 -0.005799 -0.028717 -0.929384 0.000000 
1.250000e-01 1.003098e-01 9.749716e-02 1.206600e-01 1.000000e-01 1.597505e+00 -0.991906 0.012758 0.040873 0.706198 0.210417 0.021660 0.991906 -0.005799 -0.028717 -0.929384 0.000000 
1.250000e-01 1.003098e-01 9.749716e-02 1.206600e-01 1.000000e-01 1.597505e+00 -0.991906 0.012758 0.040873 0.706198 0.210417 0.021660 0.991906 -0.005799 -0.028717 -0.929384 0.000000 
1.250000e-01 1.003098e-01 9.749716e-02 1.206600e-01 1.000000e-01 1.597505e+00 -0.991906 0.012758 0.040873 0.706198 0.210417 0.021660 0.991906 -0.005799 -0.028717 -0.929384 0.000000 
1.250000e-01 1.003098e-01 9.749716e-02 1.206600e-01 1.000000e-01 1.597505e+00 -0.991906 0.012758 0.040873 0.706198 0.210417 0.021660 0.991906 -0.005799 -0.028717 -0.929384 0.000000 
1.250000e-01 1.003098e-01 9.749716e-02 1.206600e-01 1.000000e-01 1.597505e+00 -0.991906 0.012758 0.040873 0.706198 0.210417 0.021660 0.991906 -0.005799 -0.028717 -0.929384 0.000000 
1.250000e-01 1.003098e-01 9.749716e-02 1.206600e-01 1.000000e-01 1.597505e+00 -0.991906 0.012758 0.040873 0.706198 0.210417 0.021660 0.991906 -0.005799 -0.028717 -0.929384 0.000000 
1.250000e-01 1.003098e-01 9.749716e-02 1.206600e-01 1.000000e-01 1.597505e+00 -0.991906 0.012758 0.040873 0.706198 0.210417 0.021660 0.991906 -0.005799 -0.028717 -0.929384 0.000000 
1.250000e-01 1.003098e-01 9.749716e-02 1.206600e-01 1.000000e-01 1.597505e+00 -0.991906 0.012758 0.040873 0.706198 0.210417 0.021660 0.991906 -0.005799 -0.028717 -0.929384 0.000000 
1.250000e-01 1.003098e-01 9.749716e-02 1.206600e-01 1.000000e-01 1.597505e+00 -0.991906 0.012758 0.040873 0.706198 0.210417 0.021660 0.991906 -0.005799 -0.028717 -0.929384 0.000000 
1.250000e-01 1.003098e-01 9.749716e-02 1.206600e-01 1.000000e-01 1.597505e+00 -0.991906 0.012758 0.040873 0.706198 0.210417 0.021660 0.991906 -0.005799 -0.028717 -0.929384 0.000000 
1.250000e-01 1.003098e-01 9.749716e-02 1.206600e-01 1.000000e-01 1.597505e+00 -0.991906 0.012758 0.040873 0.706198 0.210417 0.021660 0.991906 -0.005799 -0.028717 -0.929384 0.000000 
1.250000e-01 1.003098e-01 9.749716e-02 1.206600e-01 1.000000e-01 1.597505e+00 -0.991906 0.012758 0.040873 0.706198 0.210417 0.021660 0.991906 -0.005799 -0.028717 -0.929384 0.000000 
1.250000e-01 1.003098e-01 9.749716e-02 1.206600e-01 1.000000e-01 1.597505e+00 -0.991906 0.012758 0.040873 0.706198 0.210417 0.021660 0.991906 -0.005799 -0.028717 -0.929384 0.000000 
1.250000e-01 1.003098e-01 9.749716e-02 1.206600e-01 1.000000e-01 1.597505e+00 -0.991906 0.012758 0.040873 0.706198 0.210417 0.021660 0.991906 -0.005799 -0.028717 -0.929384 0.000000 
1.250000e-01 1.003098e-01 9.749716e-02 1.206600e-01 1.000000e-01 1.597505e+00 -0.991906 0.012758 0.040873 0.706198 0.210417 0.021660 0.991906 -0.005799 -0.028717 -0.929384 0.000000 
1.250000e-01 1.003098e-01 9.749716e-02 1.206600e-01 1.000000e-01 1.597505e+00 -0.991906 0.012758 0.040873 0.706198 0.210417 0.021660 0.991906 -0.005799 -0.028717 -0.929384 0.000000 
1.250000e-01 1.003098e-01 9.749716e-02 1.206600e-01 1.000000e-01 1.597505e+00 -0.991906 0.012758 0.040873 0.706198 0.210417 0.021660 0.991906 -0.005799 -0.028717 -0.929384 0.000000 
1.250000e-01 1.003098e-01 9.749716e-02 1.206600e-01 1.000000e-01 1.597505e+00 -0.991906 0.012758 0.040873 0.706198 0.210417 0.021660 0.991906 -0.005799 -0.028717 -0.929384 0.000000 
1.250000e-01 1.003098e-01 9.749716e-02 1.206600e-01 1.000000e-01 1.597505e+00 -0.991906 0.012758 0.040873 0.706198 0.210417 0.021660 0.991906 -0.005799 -0.028717 -0.929384 0.000000 
1.250000e-01 1.003098e-01 9.749716e-02 1.206600e-01 1.000000e-01 1.597505e+00 -0.991906 0.012758 0.040873 0.706198 0.210417 0.021660 0.991906 -0.005799 -0.028717 -0.929384 0.000000 
1.250000e-01 1.003098e-01 9.749716e-02 1.206600e-01 1.000000e-01 1.597505e+00 -0.991906 0.012758 0.040873 0.706198 0.210417 0.021660 0.991906 -0.005799 -0.028717 -0.929384 0.000000 
1.250000e-01 1.003098e-01 9.749716e-02 1.206600e-01 1.000000e-01 1.597505e+00 -0.991906 0.012758 0.040873 0.706198 0.210417 0.021660 0.991906 -0.005799 -0.028717 -0.929384 0.000000 
1.250000e-01 1.003098e-01 9.749716e-02 1.206600e-01 1.000000e-01 1.597505e+00 -0.991906 0.012758 0.040873 0.706198 0.210417 0.021660 0.991906 -0.005799 -0.028717 -0.929384 0.000000 
1.250000e-01 1.003098e-01 9.749716e-02 1.206600e-01 1.000000e-01 1.597505e+00 -0.991906 0.012758 0.040873 0.706198 0.210417 0.021660 0.991906 -0.005799 -0.028717 -0.929384 0.000000 
1.250000e-01 1.003098e-01 9.749716e-02 1.206600e-01 1.000000e-01 1.597505e+00 -0.991906 0.012758 0.040873 0.706198 0.210417 0.021660 0.991906 -0.005799 -0.028717 -0.929384 0.000000 
1.250000e-01 1.003098e-01 9.749716e-02 1.206600e-01 1.000000e-01 1.597505e+00 -0.991906 0.012758 0.040873 0.706198 0.210417 0.021660 0.991906 -0.005799 -0.028717 -0.929384 0.000000 
1.250000e-01 1.003098e-01 9.749716e-02 1.206600e-01 1.000000e-01 1.597505e+00 -0.991906 0.012758 0.040873 0.706198 0.210417 0.021660 0.991906 -0.005799 -0.028717 -0.929384 0.000000 
1.250000e-01 1.003098e-01 9.749716e-02 1.206600e-01 1.000000e-01 1.597505e+00 -0.991906 0.012758 0.040873 0.706198 0.210417 0.021660 0.991906 -0.005799 -0.028717 -0.929384 0.000000 
1.250000e-01 1.003098e-01 9.749716e-02 1.206600e-01 1.000000e-01 1.597505e+00 -0.991906 0.012758 0.040873 0.706198 0.210417 0.021660 0.991906 -0.005799 -0.028717 -0.929384 0.000000 
1.250000e-01 1.003098e-01 9.749716e-02 1.206600e-01 1.000000e-01 1.597505e+00 -0.991906 0.012758 0.040873 0.706198 0.210417 0.021660 0.991906 -0.005799 -0.028717 -0.929384 0.000000 
1.250000e-01 1.003098e-01 9.749716e-02 1.206600e-01 1.000000e-01 1.597505e+00 -0.991906 0.012758 0.040873 0.706198 0.210417 0.021660 0.991906 -0.005799 -0.028717 -0.929384 0.000000 
1.250000e-01 1.003098e-01 9.749716e-02 1.206600e-01 1.000000e-01 1.597505e+00 -0.991906 0.012758 0.040873 0.706198 0.210417 0.021660 0.991906 -0.005799 -0.028717 -0.929384 0.000000 
1.250000e-01 1.003098e-01 9.749716e-02 1.206600e-01 1.000000e-01 1.597505e+00 -0.991906 0.012758 0.040873 0.706198 0.210417 0.021660 0.991906 -0.005799 -0.028717 -0.929384 0.000000 
1.250000e-01 1.003098e-01 9.749716e-02 1.206600e-01 1.000000e-01 1.597505e+00 -0.991906 0.012758 0.040873 0.706198 0.210417 0.021660 0.991906 -0.005799 -0.028717 -0.929384 0.000000 
1.250000e-01 1.003098e-01 9.749716e-02 1.206600e-01 1.000000e-01 1.597505e+00 -0.991906 0.012758 0.040873 0.706198 0.210417 0.021660 0.991906 -0.005799 -0.028717 -0.929384 0.000000 
1.250000e-01 1.003098e-01 9.749716e-02 1.206600e-01 1.000000e-01 1.597505e+00 -0.991906 0.012758 0.040873 0.706198 0.210417 0.021660 0.991906 -0.005799 -0.028717 -0.929384 0.000000 
1.250000e-01 1.003098e-01 9.749716e-02 1.206600e-01 1.000000e-01 1.597505e+00 -0.991906 0.012758 0.040873 0.706198 0.210417 0.021660 0.991906 -0.005799 -0.028717 -0.929384 0.000000 
1.250000e-01 1.003098e-01 9.749716e-02 1.206600e-01 1.000000e-01 1.597505e+00 -0.991906 0.012758 0.040873 0.706198 0.210417 0.021660 0.991906 -0.005799 -0.028717 -0.929384 0.000000 
1.250000e-01 1.003098e-01 9.749716e-02 1.206600e-01 1.000000e-01 1.597505e+00 -0.991906 0.012758 0.040873 0.706198 0.210417 0.021660 0.991906 -0.005799 -0.028717 -0.929384 0.000000 
1.250000e-01 1.003098e-01 9.749716e-02 1.206600e-01 1.000000e-01 1.597505e+00 -0.991906 0.012758 0.040873 0.706198 0.210417 0.021660 0.991906 -0.005799 -0.028717 -0.929384 0.000000 
1.250000e-01 1.003098e-01 9.749716e-02 1.206600e-01 1.000000e-01 1.597505e+00 -0.991906 0.012758 0.040873 0.706198 0.210417 0.021660 0.991906 -0.005799 -0.028717 -0.929384 0.000000 
1.250000e-01 1.003098e-01 9.749716e-02 1.206600e-01 1.000000e-01 1.597505e+00 -0.991906 0.012758 0.040873 0.706198 0.210417 0.021660 0.991906 -0.005799 -0.028717 -0.929384 0.000000 
1.250000e-01 1.003098e-01 9.749716e-02 1.206600e-01 1.000000e-01 1.597505e+00 -0.991906 0.012758 0.040873 0.706198 0.210417 0.021660 0.991906 -0.005799 -0.028717 -0.929384 0.000000 
1.250000e-01 1.003098e-01 9.749716e-02 1.206600e-01 1.000000e-01 1.597505e+00 -0.991906 0.012758 0.040873 0.706198 0.210417 0.021660 0.991906 -0.005799 -0.028717 -0.929384 0.000000 
1.250000e-01 1.003098e-01 9.749716e-02 1.206600e-01 1.000000e-01 1.597505e+00 -0.991906 0.012758 0.040873 0.706198 0.210417 0.021660 0.991906 -0.005799 -0.028717 -0.929384 0.000000 
1.250000e-01 1.003098e-01 9.749716e-02 1.206600e-01 1.000000e-01 1.597505e+00 -0.991906 0.012758 0.040873 0.706198 0.210417 0.021660 0.991906 -0.005799 -0.028717 -0.929384 0.000000 
1.250000e-01 1.003098e-01 9.749716e-02 1.206600e-01 1.000000e-01 1.597505e+00 -0.991906 0.012758 0.040873 0.706198 0.210417 0.021660 0.991906 -0.005799 -0.028717 -0.929384 0.000000 
