# TeX TeY TeZ ThX ThY THZ P1 P2
7.500000e-02 1.000000e-01 1.090000e+00 7.500000e-02 1.000000e-01 1.090000e+00 0.000000 0.000000 0.000000 0.000000 0.000000 0.000000 0.000000 0.000000 0.000000 0.000000 0.000000 
7.500000e-02 1.000000e-01 1.079586e+00 7.500000e-02 1.000000e-01 1.097925e+00 -0.012116 0.001562 0.003121 0.003113 0.003120 0.001201 0.012116 -0.001555 -0.003111 -0.003114 0.000000 
7.500000e-02 1.000000e-01 1.069119e+00 7.500000e-02 1.000000e-01 1.105831e+00 -0.024255 0.003127 0.006247 0.006232 0.006245 0.002404 0.024255 -0.003113 -0.006227 -0.006233 0.000000 
7.500001e-02 1.000000e-01 1.058598e+00 7.499999e-02 1.000000e-01 1.113718e+00 -0.036417 0.004695 0.009379 0.009356 0.009377 0.003609 0.036417 -0.004674 -0.009349 -0.009358 0.000000 
7.500001e-02 1.000000e-01 1.048026e+00 7.499999e-02 1.000000e-01 1.121586e+00 -0.048600 0.006266 0.012517 0.012486 0.012513 0.004816 0.048600 -0.006237 -0.012477 -0.012489 0.000000 
7.500001e-02 1.000000e-01 1.037402e+00 7.499998e-02 1.000000e-01 1.129434e+00 -0.060804 0.007840 0.015661 0.015622 0.015655 0.006026 0.060804 -0.007804 -0.015610 -0.015625 0.000000 
7.500001e-02 1.000000e-01 1.026726e+00 7.499998e-02 1.000000e-01 1.137262e+00 -0.073029 0.009417 0.018811 0.018763 0.018802 0.007236 0.073029 -0.009373 -0.018749 -0.018766 0.000000 
7.500001e-02 1.000000e-01 1.015999e+00 7.499998e-02 1.000000e-01 1.145071e+00 -0.085275 0.010998 0.021967 0.021909 0.021953 0.008449 0.085275 -0.010944 -0.021893 -0.021913 0.000000 
7.500001e-02 1.000000e-01 1.005222e+00 7.499997e-02 1.000000e-01 1.152859e+00 -0.097541 0.012581 0.025129 0.025060 0.025108 0.009663 0.097540 -0.012519 -0.025042 -0.025065 0.000000 
7.500001e-02 1.000000e-01 9.943945e-01 7.499996e-02 1.000000e-01 1.160626e+00 -0.109826 0.014168 0.028297 0.028216 0.028266 0.010878 0.109826 -0.014095 -0.028196 -0.028222 0.000000 
7.500001e-02 1.000000e-01 9.835176e-01 7.499995e-02 1.000000e-01 1.168373e+00 -0.122130 0.015758 0.031471 0.031377 0.031428 0.012094 0.122130 -0.015675 -0.031355 -0.031384 0.000000 
7.500001e-02 1.000000e-01 9.725915e-01 7.499995e-02 1.000000e-01 1.176099e+00 -0.134453 0.017352 0.034652 0.034543 0.034594 0.013312 0.134453 -0.017256 -0.034519 -0.034551 0.000000 
7.500001e-02 1.000000e-01 9.616167e-01 7.499994e-02 1.000000e-01 1.183803e+00 -0.146794 0.018950 0.037840 0.037713 0.037761 0.014530 0.146794 -0.018840 -0.037687 -0.037722 0.000000 
7.500001e-02 1.000000e-01 9.505935e-01 7.499992e-02 1.000000e-01 1.191486e+00 -0.159153 0.020552 0.041034 0.040888 0.040931 0.015748 0.159153 -0.020426 -0.040860 -0.040898 0.000000 
7.500001e-02 1.000000e-01 9.395225e-01 7.499991e-02 1.000000e-01 1.199148e+00 -0.171529 0.022157 0.044236 0.044067 0.044103 0.016967 0.171529 -0.022015 -0.044037 -0.044078 0.000000 
7.500001e-02 1.000000e-01 9.284040e-01 7.499990e-02 1.000000e-01 1.206787e+00 -0.183922 0.023767 0.047444 0.047250 0.047275 0.018185 0.183922 -0.023605 -0.047219 -0.047263 0.000000 
7.500001e-02 1.000000e-01 9.172385e-01 7.499988e-02 1.000000e-01 1.214405e+00 -0.196332 0.025381 0.050660 0.050437 0.050449 0.019404 0.196331 -0.025198 -0.050405 -0.050452 0.000000 
7.500001e-02 1.000000e-01 9.060263e-01 7.499986e-02 1.000000e-01 1.222000e+00 -0.208757 0.027000 0.053884 0.053628 0.053622 0.020622 0.208757 -0.026793 -0.053595 -0.053645 0.000000 
7.500001e-02 1.000000e-01 8.947680e-01 7.499984e-02 1.000000e-01 1.229572e+00 -0.221198 0.028624 0.057116 0.056823 0.056795 0.021839 0.221198 -0.028389 -0.056789 -0.056842 0.000000 
7.500001e-02 1.000000e-01 8.834638e-01 7.499981e-02 1.000000e-01 1.237121e+00 -0.233654 0.030254 0.060357 0.060022 0.059966 0.023054 0.233654 -0.029988 -0.059987 -0.060043 0.000000 
7.500001e-02 1.000000e-01 8.721142e-01 7.499978e-02 1.000000e-01 1.244647e+00 -0.246125 0.031888 0.063606 0.063224 0.063136 0.024269 0.246124 -0.031588 -0.063189 -0.063247 0.000000 
7.500001e-02 1.000000e-01 8.607197e-01 7.499975e-02 1.000000e-01 1.252149e+00 -0.258610 0.033529 0.066866 0.066430 0.066303 0.025481 0.258609 -0.033191 -0.066394 -0.066455 0.000000 
7.500001e-02 1.000000e-01 8.492805e-01 7.499971e-02 1.000000e-01 1.259628e+00 -0.271108 0.035176 0.070135 0.069639 0.069466 0.026691 0.271108 -0.034795 -0.069603 -0.069667 0.000000 
7.500001e-02 1.000000e-01 8.377971e-01 7.499967e-02 1.000000e-01 1.267082e+00 -0.283620 0.036831 0.073416 0.072852 0.072624 0.027897 0.283620 -0.036401 -0.072815 -0.072882 0.000000 
7.500001e-02 1.000000e-01 8.262699e-01 7.499962e-02 1.000000e-01 1.274512e+00 -0.296145 0.038493 0.076707 0.076067 0.075776 0.029100 0.296144 -0.038008 -0.076031 -0.076101 0.000000 
7.500001e-02 1.000000e-01 8.146992e-01 7.499957e-02 1.000000e-01 1.281918e+00 -0.308682 0.040163 0.080013 0.079286 0.078921 0.030299 0.308682 -0.039617 -0.079249 -0.079323 0.000000 
7.500001e-02 1.000000e-01 8.030855e-01 7.499951e-02 1.000000e-01 1.289298e+00 -0.321231 0.041841 0.083331 0.082508 0.082058 0.031493 0.321231 -0.041228 -0.082471 -0.082547 0.000000 
7.500001e-02 1.000000e-01 7.914291e-01 7.499944e-02 1.000000e-01 1.296653e+00 -0.333791 0.043530 0.086664 0.085732 0.085184 0.032681 0.333791 -0.042840 -0.085696 -0.085775 0.000000 
7.500001e-02 9.999999e-02 7.797304e-01 7.499936e-02 1.000000e-01 1.303983e+00 -0.346363 0.045229 0.090013 0.088960 0.088299 0.033862 0.346363 -0.044453 -0.088923 -0.089006 0.000000 
7.500001e-02 9.999999e-02 7.679897e-01 7.499926e-02 1.000000e-01 1.311286e+00 -0.358945 0.046939 0.093379 0.092190 0.091400 0.035036 0.358945 -0.046068 -0.092154 -0.092239 0.000000 
7.500001e-02 9.999999e-02 7.562074e-01 7.499916e-02 1.000000e-01 1.318564e+00 -0.371538 0.048661 0.096765 0.095424 0.094486 0.036200 0.371537 -0.047684 -0.095386 -0.095475 0.000000 
7.500001e-02 9.999999e-02 7.443840e-01 7.499904e-02 1.000000e-01 1.325815e+00 -0.384140 0.050397 0.100171 0.098661 0.097555 0.037355 0.384139 -0.049302 -0.098622 -0.098713 0.000000 
7.500001e-02 9.999999e-02 7.325196e-01 7.499891e-02 1.000000e-01 1.333038e+00 -0.396751 0.052148 0.103601 0.101901 0.100602 0.038498 0.396751 -0.050920 -0.101860 -0.101954 0.000000 
7.500001e-02 9.999999e-02 7.206148e-01 7.499876e-02 1.000000e-01 1.340235e+00 -0.409371 0.053914 0.107054 0.105145 0.103629 0.039628 0.409371 -0.052540 -0.105100 -0.105197 0.000000 
7.500001e-02 9.999999e-02 7.086698e-01 7.499859e-02 1.000000e-01 1.347404e+00 -0.422000 0.055699 0.110538 0.108393 0.106626 0.040743 0.421999 -0.054161 -0.108342 -0.108442 0.000000 
7.500001e-02 9.999998e-02 6.966849e-01 7.499840e-02 1.000000e-01 1.354546e+00 -0.434636 0.057502 0.114049 0.111646 0.109597 0.041842 0.434636 -0.055782 -0.111586 -0.111689 0.000000 
7.500001e-02 9.999998e-02 6.846606e-01 7.499819e-02 1.000000e-01 1.361659e+00 -0.447280 0.059326 0.117597 0.114904 0.112532 0.042920 0.447279 -0.057405 -0.114832 -0.114939 0.000000 
7.500001e-02 9.999997e-02 6.725972e-01 7.499794e-02 1.000000e-01 1.368743e+00 -0.459930 0.061172 0.121180 0.118169 0.115431 0.043977 0.459930 -0.059029 -0.118080 -0.118189 0.000000 
7.500001e-02 9.999997e-02 6.604949e-01 7.499767e-02 1.000000e-01 1.375798e+00 -0.472588 0.063042 0.124804 0.121442 0.118289 0.045011 0.472587 -0.060653 -0.121329 -0.121442 0.000000 
7.500001e-02 9.999996e-02 6.483542e-01 7.499736e-02 1.000000e-01 1.382824e+00 -0.485251 0.064939 0.128475 0.124725 0.121097 0.046015 0.485251 -0.062279 -0.124581 -0.124696 0.000000 
7.500001e-02 9.999996e-02 6.361753e-01 7.499701e-02 1.000000e-01 1.389821e+00 -0.497920 0.066861 0.132192 0.128018 0.123857 0.046991 0.497920 -0.063904 -0.127833 -0.127952 0.000000 
7.500001e-02 9.999995e-02 6.239586e-01 7.499662e-02 1.000000e-01 1.396787e+00 -0.510594 0.068816 0.135972 0.131328 0.126551 0.047927 0.510594 -0.065531 -0.131087 -0.131209 0.000000 
7.500001e-02 9.999994e-02 6.117044e-01 7.499618e-02 1.000000e-01 1.403723e+00 -0.523273 0.070800 0.139809 0.134655 0.129182 0.048825 0.523272 -0.067158 -0.134342 -0.134467 0.000000 
7.500001e-02 9.999992e-02 5.994131e-01 7.499569e-02 1.000000e-01 1.410627e+00 -0.535956 0.072818 0.143715 0.138003 0.131740 0.049679 0.535955 -0.068786 -0.137598 -0.137726 0.000000 
7.500001e-02 9.999991e-02 5.870848e-01 7.499514e-02 1.000000e-01 1.417501e+00 -0.548642 0.074871 0.147703 0.141381 0.134208 0.050478 0.548642 -0.070414 -0.140855 -0.140986 0.000000 
7.500001e-02 9.999989e-02 5.747200e-01 7.499452e-02 1.000000e-01 1.424343e+00 -0.561332 0.076957 0.151769 0.144791 0.136590 0.051223 0.561332 -0.072043 -0.144113 -0.144247 0.000000 
7.500001e-02 9.999986e-02 5.623189e-01 7.499384e-02 1.000000e-01 1.431153e+00 -0.574025 0.079081 0.155937 0.148246 0.138861 0.051900 0.574025 -0.073672 -0.147372 -0.147509 0.000000 
7.500001e-02 9.999983e-02 5.498819e-01 7.499308e-02 1.000000e-01 1.437930e+00 -0.586720 0.081239 0.160213 0.151754 0.141012 0.052501 0.586720 -0.075301 -0.150631 -0.150771 0.000000 
7.500001e-02 9.999980e-02 5.374092e-01 7.499223e-02 1.000000e-01 1.444675e+00 -0.599417 0.083429 0.164601 0.155322 0.143040 0.053025 0.599417 -0.076931 -0.153891 -0.154034 0.000000 
7.500001e-02 9.999976e-02 5.249012e-01 7.499129e-02 1.000000e-01 1.451386e+00 -0.612116 0.085651 0.169138 0.158977 0.144902 0.053446 0.612115 -0.078560 -0.157151 -0.157297 0.000000 
7.500001e-02 9.999970e-02 5.123581e-01 7.499026e-02 1.000000e-01 1.458063e+00 -0.624815 0.087898 0.173825 0.162730 0.146599 0.053762 0.624815 -0.080190 -0.160411 -0.160561 0.000000 
7.500001e-02 9.999964e-02 4.997803e-01 7.498912e-02 1.000000e-01 1.464706e+00 -0.637515 0.090161 0.178676 0.166596 0.148115 0.053966 0.637515 -0.081820 -0.163672 -0.163825 0.000000 
7.500001e-02 9.999957e-02 4.871679e-01 7.498787e-02 1.000000e-01 1.471314e+00 -0.650215 0.092429 0.183747 0.170625 0.149390 0.054021 0.650214 -0.083450 -0.166932 -0.167089 0.000000 
7.500001e-02 9.999947e-02 4.745213e-01 7.498650e-02 1.000000e-01 1.477888e+00 -0.662914 0.094687 0.189045 0.174834 0.150419 0.053928 0.662914 -0.085079 -0.170193 -0.170353 0.000000 
7.500001e-02 9.999936e-02 4.618408e-01 7.498501e-02 1.000000e-01 1.484425e+00 -0.675613 0.096914 0.194594 0.179251 0.151178 0.053675 0.675612 -0.086708 -0.173453 -0.173617 0.000000 
7.500001e-02 9.999922e-02 4.491267e-01 7.498340e-02 1.000000e-01 1.490927e+00 -0.688310 0.099077 0.200472 0.183954 0.151585 0.053220 0.688309 -0.088337 -0.176713 -0.176881 0.000000 
7.500001e-02 9.999906e-02 4.363792e-01 7.498166e-02 1.000000e-01 1.497392e+00 -0.701005 0.101136 0.206724 0.188992 0.151602 0.052551 0.701004 -0.089965 -0.179972 -0.180146 0.000000 
7.500001e-02 9.999885e-02 4.235986e-01 7.497979e-02 1.000000e-01 1.503819e+00 -0.713697 0.103050 0.213385 0.194405 0.151196 0.051660 0.713697 -0.091592 -0.183231 -0.183411 0.000000 
7.500001e-02 9.999860e-02 4.107851e-01 7.497780e-02 1.000000e-01 1.510207e+00 -0.726385 0.104756 0.220544 0.200277 0.150288 0.050520 0.726385 -0.093218 -0.186489 -0.186677 0.000000 
7.500001e-02 9.999830e-02 3.979391e-01 7.497568e-02 1.000000e-01 1.516555e+00 -0.739068 0.106130 0.228380 0.206772 0.148714 0.049072 0.739068 -0.094842 -0.189745 -0.189945 0.000000 
7.500001e-02 9.999792e-02 3.850608e-01 7.497343e-02 1.000000e-01 1.522862e+00 -0.751746 0.107109 0.236928 0.213913 0.146458 0.047336 0.751746 -0.096463 -0.193001 -0.193215 0.000000 
7.500001e-02 9.999747e-02 3.721504e-01 7.497104e-02 1.000000e-01 1.529128e+00 -0.764419 0.107577 0.246330 0.221806 0.143413 0.045292 0.764418 -0.098079 -0.196255 -0.196491 0.000000 
7.500001e-02 9.999691e-02 3.592082e-01 7.496844e-02 1.000000e-01 1.535353e+00 -0.777084 0.107347 0.256816 0.230616 0.139398 0.042906 0.777084 -0.099690 -0.199508 -0.199774 0.000000 
7.500001e-02 9.999623e-02 3.462345e-01 7.496550e-02 1.000000e-01 1.541535e+00 -0.789741 0.106157 0.268725 0.240552 0.134168 0.040139 0.789741 -0.101293 -0.202759 -0.203071 0.000000 
7.500001e-02 9.999540e-02 3.332294e-01 7.496189e-02 1.000000e-01 1.547673e+00 -0.802389 0.103882 0.282190 0.251612 0.127680 0.037025 0.802388 -0.102882 -0.206009 -0.206389 0.000000 
7.500001e-02 9.999438e-02 3.201934e-01 7.495690e-02 1.000000e-01 1.553765e+00 -0.815023 0.100295 0.297520 0.263870 0.119772 0.033565 0.815023 -0.104452 -0.209256 -0.209737 0.000000 
7.500001e-02 9.999313e-02 3.071265e-01 7.494895e-02 1.000000e-01 1.559809e+00 -0.827637 0.095162 0.315079 0.277324 0.110299 0.029774 0.827637 -0.105993 -0.212501 -0.213136 0.000000 
7.500001e-02 9.999160e-02 2.940290e-01 7.493458e-02 1.000000e-01 1.565799e+00 -0.840216 0.088045 0.335654 0.291919 0.098951 0.025646 0.840216 -0.107488 -0.215740 -0.216607 0.000000 
7.500001e-02 9.998972e-02 2.809012e-01 7.490559e-02 1.000000e-01 1.571723e+00 -0.852733 0.079002 0.359554 0.306956 0.085933 0.021288 0.852733 -0.108912 -0.218968 -0.220189 0.000000 
7.500001e-02 9.998743e-02 2.677433e-01 7.484321e-02 1.000000e-01 1.577557e+00 -0.865133 0.068248 0.387335 0.321121 0.071598 0.016831 0.865133 -0.110224 -0.222172 -0.223938 0.000000 
7.500001e-02 9.998463e-02 2.545555e-01 7.469895e-02 1.000000e-01 1.583245e+00 -0.877309 0.056395 0.420098 0.331629 0.056691 0.012495 0.877309 -0.111363 -0.225327 -0.227922 0.000000 
7.500001e-02 9.998122e-02 2.413379e-01 7.433099e-02 1.000000e-01 1.588654e+00 -0.889066 0.044784 0.461016 0.332001 0.042617 0.008646 0.889066 -0.112221 -0.228385 -0.232269 0.000000 
7.500001e-02 9.997708e-02 2.280909e-01 7.326420e-02 1.000000e-01 1.593477e+00 -0.900218 0.035200 0.524418 0.304200 0.030773 0.005626 0.900217 -0.112660 -0.231298 -0.237178 0.000000 
7.500001e-02 9.997209e-02 2.148145e-01 7.075742e-02 1.000000e-01 1.597506e+00 -0.912002 0.022116 0.685426 0.188862 0.014134 0.001463 0.912002 -0.112675 -0.234374 -0.243342 0.000000 
7.500001e-02 9.996612e-02 2.015089e-01 7.075742e-02 1.000000e-01 1.597506e+00 -0.920795 0.023245 0.687683 0.191122 0.016406 0.002339 0.920795 -0.111507 -0.236645 -0.250541 0.000000 
7.500001e-02 9.995912e-02 1.881742e-01 7.075742e-02 1.000000e-01 1.597506e+00 -0.929608 0.024376 0.689946 0.193386 0.018683 0.003216 0.929608 -0.109186 -0.238780 -0.260535 0.000000 
7.500001e-02 9.995111e-02 1.748104e-01 7.075742e-02 1.000000e-01 1.597506e+00 -0.938441 0.025509 0.692214 0.195656 0.020965 0.004096 0.938441 -0.105201 -0.240514 -0.274969 0.000000 
7.500001e-02 9.994248e-02 1.614172e-01 7.075742e-02 1.000000e-01 1.597506e+00 -0.947297 0.026646 0.694487 0.197932 0.023254 0.004978 0.947297 -0.098731 -0.241101 -0.297124 0.000000 
7.500001e-02 9.993482e-02 1.479932e-01 7.075742e-02 1.000000e-01 1.597506e+00 -0.956179 0.027786 0.696768 0.200215 0.025549 0.005862 0.956179 -0.088950 -0.238777 -0.332294 0.000000 
7.500001e-02 9.993487e-02 1.345306e-01 7.075742e-02 1.000000e-01 1.597506e+00 -0.965112 0.028932 0.699061 0.202510 0.027857 0.006752 0.965112 -0.074924 -0.229301 -0.390674 0.000000 
7.500001e-02 9.997210e-02 1.209931e-01 7.075742e-02 1.000000e-01 1.597506e+00 -0.974213 0.030100 0.701397 0.204849 0.030208 0.007658 0.974213 -0.055538 -0.201285 -0.495615 0.000000 
7.500001e-02 1.001376e-01 1.072251e-01 7.075742e-02 1.000000e-01 1.597506e+00 -0.984026 0.031360 0.703917 0.207370 0.032744 0.008635 0.984026 -0.029310 -0.127345 -0.697139 0.000000 
7.500001e-02 1.003098e-01 9.749331e-02 7.075742e-02 1.000000e-01 1.597506e+00 -0.991866 0.032366 0.705930 0.209385 0.034770 0.009416 0.991866 -0.005783 -0.028659 -0.929479 0.000000 
7.500001e-02 1.003098e-01 9.749331e-02 7.075742e-02 1.000000e-01 1.597506e+00 -0.991866 0.032366 0.705930 0.209385 0.034770 0.009416 0.991866 -0.005783 -0.028659 -0.929479 0.000000 
7.500001e-02 1.003098e-01 9.749331e-02 7.075742e-02 1.000000e-01 1.597506e+00 -0.991866 0.032366 0.705930 0.209385 0.034770 0.009416 0.991866 -0.005783 -0.028659 -0.929479 0.000000 
7.500001e-02 1.003098e-01 9.749331e-02 7.075742e-02 1.000000e-01 1.597506e+00 -0.991866 0.032366 0.705930 0.209385 0.034770 0.009416 0.991866 -0.005783 -0.028659 -0.929479 0.000000 
7.500001e-02 1.003098e-01 9.749331e-02 7.075742e-02 1.000000e-01 1.597506e+00 -0.991866 0.032366 0.705930 0.209385 0.034770 0.009416 0.991866 -0.005783 -0.028659 -0.929479 0.000000 
7.500001e-02 1.003098e-01 9.749331e-02 7.075742e-02 1.000000e-01 1.597506e+00 -0.991866 0.032366 0.705930 0.209385 0.034770 0.009416 0.991866 -0.005783 -0.028659 -0.929479 0.000000 
7.500001e-02 1.003098e-01 9.749331e-02 7.075742e-02 1.000000e-01 1.597506e+00 -0.991866 0.032366 0.705930 0.209385 0.034770 0.009416 0.991866 -0.005783 -0.028659 -0.929479 0.000000 
7.500001e-02 1.003098e-01 9.749331e-02 7.075742e-02 1.000000e-01 1.597506e+00 -0.991866 0.032366 0.705930 0.209385 0.034770 0.009416 0.991866 -0.005783 -0.028659 -0.929479 0.000000 
7.500001e-02 1.003098e-01 9.749331e-02 7.075742e-02 1.000000e-01 1.597506e+00 -0.991866 0.032366 0.705930 0.209385 0.034770 0.009416 0.991866 -0.005783 -0.028659 -0.929479 0.000000 
7.500001e-02 1.003098e-01 9.749331e-02 7.075742e-02 1.000000e-01 1.597506e+00 -0.991866 0.032366 0.705930 0.209385 0.034770 0.009416 0.991866 -0.005783 -0.028659 -0.929479 0.000000 
7.500001e-02 1.003098e-01 9.749331e-02 7.075742e-02 1.000000e-01 1.597506e+00 -0.991866 0.032366 0.705930 0.209385 0.034770 0.009416 0.991866 -0.005783 -0.028659 -0.929479 0.000000 
7.500001e-02 1.003098e-01 9.749331e-02 7.075742e-02 1.000000e-01 1.597506e+00 -0.991866 0.032366 0.705930 0.209385 0.034770 0.009416 0.991866 -0.005783 -0.028659 -0.929479 0.000000 
7.500001e-02 1.003098e-01 9.749331e-02 7.075742e-02 1.000000e-01 1.597506e+00 -0.991866 0.032366 0.705930 0.209385 0.034770 0.009416 0.991866 -0.005783 -0.028659 -0.929479 0.000000 
7.500001e-02 1.003098e-01 9.749331e-02 7.075742e-02 1.000000e-01 1.597506e+00 -0.991866 0.032366 0.705930 0.209385 0.034770 0.009416 0.991866 -0.005783 -0.028659 -0.929479 0.000000 
7.500001e-02 1.003098e-01 9.749331e-02 7.075742e-02 1.000000e-01 1.597506e+00 -0.991866 0.032366 0.705930 0.209385 0.034770 0.009416 0.991866 -0.005783 -0.028659 -0.929479 0.000000 
7.500001e-02 1.003098e-01 9.749331e-02 7.075742e-02 1.000000e-01 1.597506e+00 -0.991866 0.032366 0.705930 0.209385 0.034770 0.009416 0.991866 -0.005783 -0.028659 -0.929479 0.000000 
7.500001e-02 1.003098e-01 9.749331e-02 7.075742e-02 1.000000e-01 1.597506e+00 -0.991866 0.032366 0.705930 0.209385 0.034770 0.009416 0.991866 -0.005783 -0.028659 -0.929479 0.000000 
7.500001e-02 1.003098e-01 9.749331e-02 7.075742e-02 1.000000e-01 1.597506e+00 -0.991866 0.032366 0.705930 0.209385 0.034770 0.009416 0.991866 -0.005783 -0.028659 -0.929479 0.000000 
7.500001e-02 1.003098e-01 9.749331e-02 7.075742e-02 1.000000e-01 1.597506e+00 -0.991866 0.032366 0.705930 0.209385 0.034770 0.009416 0.991866 -0.005783 -0.028659 -0.929479 0.000000 
7.500001e-02 1.003098e-01 9.749331e-02 7.075742e-02 1.000000e-01 1.597506e+00 -0.991866 0.032366 0.705930 0.209385 0.034770 0.009416 0.991866 -0.005783 -0.028659 -0.929479 0.000000 
7.500001e-02 1.003098e-01 9.749331e-02 7.075742e-02 1.000000e-01 1.597506e+00 -0.991866 0.032366 0.705930 0.209385 0.034770 0.009416 0.991866 -0.005783 -0.028659 -0.929479 0.000000 
7.500001e-02 1.003098e-01 9.749331e-02 7.075742e-02 1.000000e-01 1.597506e+00 -0.991866 0.032366 0.705930 0.209385 0.034770 0.009416 0.991866 -0.005783 -0.028659 -0.929479 0.000000 
7.500001e-02 1.003098e-01 9.749331e-02 7.075742e-02 1.000000e-01 1.597506e+00 -0.991866 0.032366 0.705930 0.209385 0.034770 0.009416 0.991866 -0.005783 -0.028659 -0.929479 0.000000 
7.500001e-02 1.003098e-01 9.749331e-02 7.075742e-02 1.000000e-01 1.597506e+00 -0.991866 0.032366 0.705930 0.209385 0.034770 0.009416 0.991866 -0.005783 -0.028659 -0.929479 0.000000 
7.500001e-02 1.003098e-01 9.749331e-02 7.075742e-02 1.000000e-01 1.597506e+00 -0.991866 0.032366 0.705930 0.209385 0.034770 0.009416 0.991866 -0.005783 -0.028659 -0.929479 0.000000 
7.500001e-02 1.003098e-01 9.749331e-02 7.075742e-02 1.000000e-01 1.597506e+00 -0.991866 0.032366 0.705930 0.209385 0.034770 0.009416 0.991866 -0.005783 -0.028659 -0.929479 0.000000 
7.500001e-02 1.003098e-01 9.749331e-02 7.075742e-02 1.000000e-01 1.597506e+00 -0.991866 0.032366 0.705930 0.209385 0.034770 0.009416 0.991866 -0.005783 -0.028659 -0.929479 0.000000 
7.500001e-02 1.003098e-01 9.749331e-02 7.075742e-02 1.000000e-01 1.597506e+00 -0.991866 0.032366 0.705930 0.209385 0.034770 0.009416 0.991866 -0.005783 -0.028659 -0.929479 0.000000 
7.500001e-02 1.003098e-01 9.749331e-02 7.075742e-02 1.000000e-01 1.597506e+00 -0.991866 0.032366 0.705930 0.209385 0.034770 0.009416 0.991866 -0.005783 -0.028659 -0.929479 0.000000 
7.500001e-02 1.003098e-01 9.749331e-02 7.075742e-02 1.000000e-01 1.597506e+00 -0.991866 0.032366 0.705930 0.209385 0.034770 0.009416 0.991866 -0.005783 -0.028659 -0.929479 0.000000 
7.500001e-02 1.003098e-01 9.749331e-02 7.075742e-02 1.000000e-01 1.597506e+00 -0.991866 0.032366 0.705930 0.209385 0.034770 0.009416 0.991866 -0.005783 -0.028659 -0.929479 0.000000 
7.500001e-02 1.003098e-01 9.749331e-02 7.075742e-02 1.000000e-01 1.597506e+00 -0.991866 0.032366 0.705930 0.209385 0.034770 0.009416 0.991866 -0.005783 -0.028659 -0.929479 0.000000 
7.500001e-02 1.003098e-01 9.749331e-02 7.075742e-02 1.000000e-01 1.597506e+00 -0.991866 0.032366 0.705930 0.209385 0.034770 0.009416 0.991866 -0.005783 -0.028659 -0.929479 0.000000 
7.500001e-02 1.003098e-01 9.749331e-02 7.075742e-02 1.000000e-01 1.597506e+00 -0.991866 0.032366 0.705930 0.209385 0.034770 0.009416 0.991866 -0.005783 -0.028659 -0.929479 0.000000 
7.500001e-02 1.003098e-01 9.749331e-02 7.075742e-02 1.000000e-01 1.597506e+00 -0.991866 0.032366 0.705930 0.209385 0.034770 0.009416 0.991866 -0.005783 -0.028659 -0.929479 0.000000 
7.500001e-02 1.003098e-01 9.749331e-02 7.075742e-02 1.000000e-01 1.597506e+00 -0.991866 0.032366 0.705930 0.209385 0.034770 0.009416 0.991866 -0.005783 -0.028659 -0.929479 0.000000 
7.500001e-02 1.003098e-01 9.749331e-02 7.075742e-02 1.000000e-01 1.597506e+00 -0.991866 0.032366 0.705930 0.209385 0.034770 0.009416 0.991866 -0.005783 -0.028659 -0.929479 0.000000 
7.500001e-02 1.003098e-01 9.749331e-02 7.075742e-02 1.000000e-01 1.597506e+00 -0.991866 0.032366 0.705930 0.209385 0.034770 0.009416 0.991866 -0.005783 -0.028659 -0.929479 0.000000 
7.500001e-02 1.003098e-01 9.749331e-02 7.075742e-02 1.000000e-01 1.597506e+00 -0.991866 0.032366 0.705930 0.209385 0.034770 0.009416 0.991866 -0.005783 -0.028659 -0.929479 0.000000 
7.500001e-02 1.003098e-01 9.749331e-02 7.075742e-02 1.000000e-01 1.597506e+00 -0.991866 0.032366 0.705930 0.209385 0.034770 0.009416 0.991866 -0.005783 -0.028659 -0.929479 0.000000 
7.500001e-02 1.003098e-01 9.749331e-02 7.075742e-02 1.000000e-01 1.597506e+00 -0.991866 0.032366 0.705930 0.209385 0.034770 0.009416 0.991866 -0.005783 -0.028659 -0.929479 0.000000 
7.500001e-02 1.003098e-01 9.749331e-02 7.075742e-02 1.000000e-01 1.597506e+00 -0.991866 0.032366 0.705930 0.209385 0.034770 0.009416 0.991866 -0.005783 -0.028659 -0.929479 0.000000 
7.500001e-02 1.003098e-01 9.749331e-02 7.075742e-02 1.000000e-01 1.597506e+00 -0.991866 0.032366 0.705930 0.209385 0.034770 0.009416 0.991866 -0.005783 -0.028659 -0.929479 0.000000 
7.500001e-02 1.003098e-01 9.749331e-02 7.075742e-02 1.000000e-01 1.597506e+00 -0.991866 0.032366 0.705930 0.209385 0.034770 0.009416 0.991866 -0.005783 -0.028659 -0.929479 0.000000 
7.500001e-02 1.003098e-01 9.749331e-02 7.075742e-02 1.000000e-01 1.597506e+00 -0.991866 0.032366 0.705930 0.209385 0.034770 0.009416 0.991866 -0.005783 -0.028659 -0.929479 0.000000 
7.500001e-02 1.003098e-01 9.749331e-02 7.075742e-02 1.000000e-01 1.597506e+00 -0.991866 0.032366 0.705930 0.209385 0.034770 0.009416 0.991866 -0.005783 -0.028659 -0.929479 0.000000 
7.500001e-02 1.003098e-01 9.749331e-02 7.075742e-02 1.000000e-01 1.597506e+00 -0.991866 0.032366 0.705930 0.209385 0.034770 0.009416 0.991866 -0.005783 -0.028659 -0.929479 0.000000 
7.500001e-02 1.003098e-01 9.749331e-02 7.075742e-02 1.000000e-01 1.597506e+00 -0.991866 0.032366 0.705930 0.209385 0.034770 0.009416 0.991866 -0.005783 -0.028659 -0.929479 0.000000 
7.500001e-02 1.003098e-01 9.749331e-02 7.075742e-02 1.000000e-01 1.597506e+00 -0.991866 0.032366 0.705930 0.209385 0.034770 0.009416 0.991866 -0.005783 -0.028659 -0.929479 0.000000 
7.500001e-02 1.003098e-01 9.749331e-02 7.075742e-02 1.000000e-01 1.597506e+00 -0.991866 0.032366 0.705930 0.209385 0.034770 0.009416 0.991866 -0.005783 -0.028659 -0.929479 0.000000 
7.500001e-02 1.003098e-01 9.749331e-02 7.075742e-02 1.000000e-01 1.597506e+00 -0.991866 0.032366 0.705930 0.209385 0.034770 0.009416 0.991866 -0.005783 -0.028659 -0.929479 0.000000 
7.500001e-02 1.003098e-01 9.749331e-02 7.075742e-02 1.000000e-01 1.597506e+00 -0.991866 0.032366 0.705930 0.209385 0.034770 0.009416 0.991866 -0.005783 -0.028659 -0.929479 0.000000 
7.500001e-02 1.003098e-01 9.749331e-02 7.075742e-02 1.000000e-01 1.597506e+00 -0.991866 0.032366 0.705930 0.209385 0.034770 0.009416 0.991866 -0.005783 -0.028659 -0.929479 0.000000 
7.500001e-02 1.003098e-01 9.749331e-02 7.075742e-02 1.000000e-01 1.597506e+00 -0.991866 0.032366 0.705930 0.209385 0.034770 0.009416 0.991866 -0.005783 -0.028659 -0.929479 0.000000 
7.500001e-02 1.003098e-01 9.749331e-02 7.075742e-02 1.000000e-01 1.597506e+00 -0.991866 0.032366 0.705930 0.209385 0.034770 0.009416 0.991866 -0.005783 -0.028659 -0.929479 0.000000 
7.500001e-02 1.003098e-01 9.749331e-02 7.075742e-02 1.000000e-01 1.597506e+00 -0.991866 0.032366 0.705930 0.209385 0.034770 0.009416 0.991866 -0.005783 -0.028659 -0.929479 0.000000 
7.500001e-02 1.003098e-01 9.749331e-02 7.075742e-02 1.000000e-01 1.597506e+00 -0.991866 0.032366 0.705930 0.209385 0.034770 0.009416 0.991866 -0.005783 -0.028659 -0.929479 0.000000 
7.500001e-02 1.003098e-01 9.749331e-02 7.075742e-02 1.000000e-01 1.597506e+00 -0.991866 0.032366 0.705930 0.209385 0.034770 0.009416 0.991866 -0.005783 -0.028659 -0.929479 0.000000 
7.500001e-02 1.003098e-01 9.749331e-02 7.075742e-02 1.000000e-01 1.597506e+00 -0.991866 0.032366 0.705930 0.209385 0.034770 0.009416 0.991866 -0.005783 -0.028659 -0.929479 0.000000 
7.500001e-02 1.003098e-01 9.749331e-02 7.075742e-02 1.000000e-01 1.597506e+00 -0.991866 0.032366 0.705930 0.209385 0.034770 0.009416 0.991866 -0.005783 -0.028659 -0.929479 0.000000 
7.500001e-02 1.003098e-01 9.749331e-02 7.075742e-02 1.000000e-01 1.597506e+00 -0.991866 0.032366 0.705930 0.209385 0.034770 0.009416 0.991866 -0.005783 -0.028659 -0.929479 0.000000 
7.500001e-02 1.003098e-01 9.749331e-02 7.075742e-02 1.000000e-01 1.597506e+00 -0.991866 0.032366 0.705930 0.209385 0.034770 0.009416 0.991866 -0.005783 -0.028659 -0.929479 0.000000 
7.500001e-02 1.003098e-01 9.749331e-02 7.075742e-02 1.000000e-01 1.597506e+00 -0.991866 0.032366 0.705930 0.209385 0.034770 0.009416 0.991866 -0.005783 -0.028659 -0.929479 0.000000 
7.500001e-02 1.003098e-01 9.749331e-02 7.075742e-02 1.000000e-01 1.597506e+00 -0.991866 0.032366 0.705930 0.209385 0.034770 0.009416 0.991866 -0.005783 -0.028659 -0.929479 0.000000 
7.500001e-02 1.003098e-01 9.749331e-02 7.075742e-02 1.000000e-01 1.597506e+00 -0.991866 0.032366 0.705930 0.209385 0.034770 0.009416 0.991866 -0.005783 -0.028659 -0.929479 0.000000 
7.500001e-02 1.003098e-01 9.749331e-02 7.075742e-02 1.000000e-01 1.597506e+00 -0.991866 0.032366 0.705930 0.209385 0.034770 0.009416 0.991866 -0.005783 -0.028659 -0.929479 0.000000 
7.500001e-02 1.003098e-01 9.749331e-02 7.075742e-02 1.000000e-01 1.597506e+00 -0.991866 0.032366 0.705930 0.209385 0.034770 0.009416 0.991866 -0.005783 -0.028659 -0.929479 0.000000 
7.500001e-02 1.003098e-01 9.749331e-02 7.075742e-02 1.000000e-01 1.597506e+00 -0.991866 0.032366 0.705930 0.209385 0.034770 0.009416 0.991866 -0.005783 -0.028659 -0.929479 0.000000 
7.500001e-02 1.003098e-01 9.749331e-02 7.075742e-02 1.000000e-01 1.597506e+00 -0.991866 0.032366 0.705930 0.209385 0.034770 0.009416 0.991866 -0.005783 -0.028659 -0.929479 0.000000 
7.500001e-02 1.003098e-01 9.749331e-02 7.075742e-02 1.000000e-01 1.597506e+00 -0.991866 0.032366 0.705930 0.209385 0.034770 0.009416 0.991866 -0.005783 -0.028659 -0.929479 0.000000 
7.500001e-02 1.003098e-01 9.749331e-02 7.075742e-02 1.000000e-01 1.597506e+00 -0.991866 0.032366 0.705930 0.209385 0.034770 0.009416 0.991866 -0.005783 -0.028659 -0.929479 0.000000 
7.500001e-02 1.003098e-01 9.749331e-02 7.075742e-02 1.000000e-01 1.597506e+00 -0.991866 0.032366 0.705930 0.209385 0.034770 0.009416 0.991866 -0.005783 -0.028659 -0.929479 0.000000 
7.500001e-02 1.003098e-01 9.749331e-02 7.075742e-02 1.000000e-01 1.597506e+00 -0.991866 0.032366 0.705930 0.209385 0.034770 0.009416 0.991866 -0.005783 -0.028659 -0.929479 0.000000 
7.500001e-02 1.003098e-01 9.749331e-02 7.075742e-02 1.000000e-01 1.597506e+00 -0.991866 0.032366 0.705930 0.209385 0.034770 0.009416 0.991866 -0.005783 -0.028659 -0.929479 0.000000 
7.500001e-02 1.003098e-01 9.749331e-02 7.075742e-02 1.000000e-01 1.597506e+00 -0.991866 0.032366 0.705930 0.209385 0.034770 0.009416 0.991866 -0.005783 -0.028659 -0.929479 0.000000 
7.500001e-02 1.003098e-01 9.749331e-02 7.075742e-02 1.000000e-01 1.597506e+00 -0.991866 0.032366 0.705930 0.209385 0.034770 0.009416 0.991866 -0.005783 -0.028659 -0.929479 0.000000 
7.500001e-02 1.003098e-01 9.749331e-02 7.075742e-02 1.000000e-01 1.597506e+00 -0.991866 0.032366 0.705930 0.209385 0.034770 0.009416 0.991866 -0.005783 -0.028659 -0.929479 0.000000 
7.500001e-02 1.003098e-01 9.749331e-02 7.075742e-02 1.000000e-01 1.597506e+00 -0.991866 0.032366 0.705930 0.209385 0.034770 0.009416 0.991866 -0.005783 -0.028659 -0.929479 0.000000 
7.500001e-02 1.003098e-01 9.749331e-02 7.075742e-02 1.000000e-01 1.597506e+00 -0.991866 0.032366 0.705930 0.209385 0.034770 0.009416 0.991866 -0.005783 -0.028659 -0.929479 0.000000 
7.500001e-02 1.003098e-01 9.749331e-02 7.075742e-02 1.000000e-01 1.597506e+00 -0.991866 0.032366 0.705930 0.209385 0.034770 0.009416 0.991866 -0.005783 -0.028659 -0.929479 0.000000 
7.500001e-02 1.003098e-01 9.749331e-02 7.075742e-02 1.000000e-01 1.597506e+00 -0.991866 0.032366 0.705930 0.209385 0.034770 0.009416 0.991866 -0.005783 -0.028659 -0.929479 0.000000 
7.500001e-02 1.003098e-01 9.749331e-02 7.075742e-02 1.000000e-01 1.597506e+00 -0.991866 0.032366 0.705930 0.209385 0.034770 0.009416 0.991866 -0.005783 -0.028659 -0.929479 0.000000 
7.500001e-02 1.003098e-01 9.749331e-02 7.075742e-02 1.000000e-01 1.597506e+00 -0.991866 0.032366 0.705930 0.209385 0.034770 0.009416 0.991866 -0.005783 -0.028659 -0.929479 0.000000 
7.500001e-02 1.003098e-01 9.749331e-02 7.075742e-02 1.000000e-01 1.597506e+00 -0.991866 0.032366 0.705930 0.209385 0.034770 0.009416 0.991866 -0.005783 -0.028659 -0.929479 0.000000 
7.500001e-02 1.003098e-01 9.749331e-02 7.075742e-02 1.000000e-01 1.597506e+00 -0.991866 0.032366 0.705930 0.209385 0.034770 0.009416 0.991866 -0.005783 -0.028659 -0.929479 0.000000 
7.500001e-02 1.003098e-01 9.749331e-02 7.075742e-02 1.000000e-01 1.597506e+00 -0.991866 0.032366 0.705930 0.209385 0.034770 0.009416 0.991866 -0.005783 -0.028659 -0.929479 0.000000 
7.500001e-02 1.003098e-01 9.749331e-02 7.075742e-02 1.000000e-01 1.597506e+00 -0.991866 0.032366 0.705930 0.209385 0.034770 0.009416 0.991866 -0.005783 -0.028659 -0.929479 0.000000 
7.500001e-02 1.003098e-01 9.749331e-02 7.075742e-02 1.000000e-01 1.597506e+00 -0.991866 0.032366 0.705930 0.209385 0.034770 0.009416 0.991866 -0.005783 -0.028659 -0.929479 0.000000 
7.500001e-02 1.003098e-01 9.749331e-02 7.075742e-02 1.000000e-01 1.597506e+00 -0.991866 0.032366 0.705930 0.209385 0.034770 0.009416 0.991866 -0.005783 -0.028659 -0.929479 0.000000 
7.500001e-02 1.003098e-01 9.749331e-02 7.075742e-02 1.000000e-01 1.597506e+00 -0.991866 0.032366 0.705930 0.209385 0.034770 0.009416 0.991866 -0.005783 -0.028659 -0.929479 0.000000 
7.500001e-02 1.003098e-01 9.749331e-02 7.075742e-02 1.000000e-01 1.597506e+00 -0.991866 0.032366 0.705930 0.209385 0.034770 0.009416 0.991866 -0.005783 -0.028659 -0.929479 0.000000 
7.500001e-02 1.003098e-01 9.749331e-02 7.075742e-02 1.000000e-01 1.597506e+00 -0.991866 0.032366 0.705930 0.209385 0.034770 0.009416 0.991866 -0.005783 -0.028659 -0.929479 0.000000 
7.500001e-02 1.003098e-01 9.749331e-02 7.075742e-02 1.000000e-01 1.597506e+00 -0.991866 0.032366 0.705930 0.209385 0.034770 0.009416 0.991866 -0.005783 -0.028659 -0.929479 0.000000 
7.500001e-02 1.003098e-01 9.749331e-02 7.075742e-02 1.000000e-01 1.597506e+00 -0.991866 0.032366 0.705930 0.209385 0.034770 0.009416 0.991866 -0.005783 -0.028659 -0.929479 0.000000 
7.500001e-02 1.003098e-01 9.749331e-02 7.075742e-02 1.000000e-01 1.597506e+00 -0.991866 0.032366 0.705930 0.209385 0.034770 0.009416 0.991866 -0.005783 -0.028659 -0.929479 0.000000 
7.500001e-02 1.003098e-01 9.749331e-02 7.075742e-02 1.000000e-01 1.597506e+00 -0.991866 0.032366 0.705930 0.209385 0.034770 0.009416 0.991866 -0.005783 -0.028659 -0.929479 0.000000 
7.500001e-02 1.003098e-01 9.749331e-02 7.075742e-02 1.000000e-01 1.597506e+00 -0.991866 0.032366 0.705930 0.209385 0.034770 0.009416 0.991866 -0.005783 -0.028659 -0.929479 0.000000 
7.500001e-02 1.003098e-01 9.749331e-02 7.075742e-02 1.000000e-01 1.597506e+00 -0.991866 0.032366 0.705930 0.209385 0.034770 0.009416 0.991866 -0.005783 -0.028659 -0.929479 0.000000 
7.500001e-02 1.003098e-01 9.749331e-02 7.075742e-02 1.000000e-01 1.597506e+00 -0.991866 0.032366 0.705930 0.209385 0.034770 0.009416 0.991866 -0.005783 -0.028659 -0.929479 0.000000 
7.500001e-02 1.003098e-01 9.749331e-02 7.075742e-02 1.000000e-01 1.597506e+00 -0.991866 0.032366 0.705930 0.209385 0.034770 0.009416 0.991866 -0.005783 -0.028659 -0.929479 0.000000 
7.500001e-02 1.003098e-01 9.749331e-02 7.075742e-02 1.000000e-01 1.597506e+00 -0.991866 0.032366 0.705930 0.209385 0.034770 0.009416 0.991866 -0.005783 -0.028659 -0.929479 0.000000 
7.500001e-02 1.003098e-01 9.749331e-02 7.075742e-02 1.000000e-01 1.597506e+00 -0.991866 0.032366 0.705930 0.209385 0.034770 0.009416 0.991866 -0.005783 -0.028659 -0.929479 0.000000 
7.500001e-02 1.003098e-01 9.749331e-02 7.075742e-02 1.000000e-01 1.597506e+00 -0.991866 0.032366 0.705930 0.209385 0.034770 0.009416 0.991866 -0.005783 -0.028659 -0.929479 0.000000 
7.500001e-02 1.003098e-01 9.749331e-02 7.075742e-02 1.000000e-01 1.597506e+00 -0.991866 0.032366 0.705930 0.209385 0.034770 0.009416 0.991866 -0.005783 -0.028659 -0.929479 0.000000 
7.500001e-02 1.003098e-01 9.749331e-02 7.075742e-02 1.000000e-01 1.597506e+00 -0.991866 0.032366 0.705930 0.209385 0.034770 0.009416 0.991866 -0.005783 -0.028659 -0.929479 0.000000 
7.500001e-02 1.003098e-01 9.749331e-02 7.075742e-02 1.000000e-01 1.597506e+00 -0.991866 0.032366 0.705930 0.209385 0.034770 0.009416 0.991866 -0.005783 -0.028659 -0.929479 0.000000 
7.500001e-02 1.003098e-01 9.749331e-02 7.075742e-02 1.000000e-01 1.597506e+00 -0.991866 0.032366 0.705930 0.209385 0.034770 0.009416 0.991866 -0.005783 -0.028659 -0.929479 0.000000 
7.500001e-02 1.003098e-01 9.749331e-02 7.075742e-02 1.000000e-01 1.597506e+00 -0.991866 0.032366 0.705930 0.209385 0.034770 0.009416 0.991866 -0.005783 -0.028659 -0.929479 0.000000 
7.500001e-02 1.003098e-01 9.749331e-02 7.075742e-02 1.000000e-01 1.597506e+00 -0.991866 0.032366 0.705930 0.209385 0.034770 0.009416 0.991866 -0.005783 -0.028659 -0.929479 0.000000 
7.500001e-02 1.003098e-01 9.749331e-02 7.075742e-02 1.000000e-01 1.597506e+00 -0.991866 0.032366 0.705930 0.209385 0.034770 0.009416 0.991866 -0.005783 -0.028659 -0.929479 0.000000 
7.500001e-02 1.003098e-01 9.749331e-02 7.075742e-02 1.000000e-01 1.597506e+00 -0.991866 0.032366 0.705930 0.209385 0.034770 0.009416 0.991866 -0.005783 -0.028659 -0.929479 0.000000 
7.500001e-02 1.003098e-01 9.749331e-02 7.075742e-02 1.000000e-01 1.597506e+00 -0.991866 0.032366 0.705930 0.209385 0.034770 0.009416 0.991866 -0.005783 -0.028659 -0.929479 0.000000 
7.500001e-02 1.003098e-01 9.749331e-02 7.075742e-02 1.000000e-01 1.597506e+00 -0.991866 0.032366 0.705930 0.209385 0.034770 0.009416 0.991866 -0.005783 -0.028659 -0.929479 0.000000 
7.500001e-02 1.003098e-01 9.749331e-02 7.075742e-02 1.000000e-01 1.597506e+00 -0.991866 0.032366 0.705930 0.209385 0.034770 0.009416 0.991866 -0.005783 -0.028659 -0.929479 0.000000 
7.500001e-02 1.003098e-01 9.749331e-02 7.075742e-02 1.000000e-01 1.597506e+00 -0.991866 0.032366 0.705930 0.209385 0.034770 0.009416 0.991866 -0.005783 -0.028659 -0.929479 0.000000 
7.500001e-02 1.003098e-01 9.749331e-02 7.075742e-02 1.000000e-01 1.597506e+00 -0.991866 0.032366 0.705930 0.209385 0.034770 0.009416 0.991866 -0.005783 -0.028659 -0.929479 0.000000 
7.500001e-02 1.003098e-01 9.749331e-02 7.075742e-02 1.000000e-01 1.597506e+00 -0.991866 0.032366 0.705930 0.209385 0.034770 0.009416 0.991866 -0.005783 -0.028659 -0.929479 0.000000 
7.500001e-02 1.003098e-01 9.749331e-02 7.075742e-02 1.000000e-01 1.597506e+00 -0.991866 0.032366 0.705930 0.209385 0.034770 0.009416 0.991866 -0.005783 -0.028659 -0.929479 0.000000 
7.500001e-02 1.003098e-01 9.749331e-02 7.075742e-02 1.000000e-01 1.597506e+00 -0.991866 0.032366 0.705930 0.209385 0.034770 0.009416 0.991866 -0.005783 -0.028659 -0.929479 0.000000 
7.500001e-02 1.003098e-01 9.749331e-02 7.075742e-02 1.000000e-01 1.597506e+00 -0.991866 0.032366 0.705930 0.209385 0.034770 0.009416 0.991866 -0.005783 -0.028659 -0.929479 0.000000 
7.500001e-02 1.003098e-01 9.749331e-02 7.075742e-02 1.000000e-01 1.597506e+00 -0.991866 0.032366 0.705930 0.209385 0.034770 0.009416 0.991866 -0.005783 -0.028659 -0.929479 0.000000 
7.500001e-02 1.003098e-01 9.749331e-02 7.075742e-02 1.000000e-01 1.597506e+00 -0.991866 0.032366 0.705930 0.209385 0.034770 0.009416 0.991866 -0.005783 -0.028659 -0.929479 0.000000 
7.500001e-02 1.003098e-01 9.749331e-02 7.075742e-02 1.000000e-01 1.597506e+00 -0.991866 0.032366 0.705930 0.209385 0.034770 0.009416 0.991866 -0.005783 -0.028659 -0.929479 0.000000 
7.500001e-02 1.003098e-01 9.749331e-02 7.075742e-02 1.000000e-01 1.597506e+00 -0.991866 0.032366 0.705930 0.209385 0.034770 0.009416 0.991866 -0.005783 -0.028659 -0.929479 0.000000 
7.500001e-02 1.003098e-01 9.749331e-02 7.075742e-02 1.000000e-01 1.597506e+00 -0.991866 0.032366 0.705930 0.209385 0.034770 0.009416 0.991866 -0.005783 -0.028659 -0.929479 0.000000 
7.500001e-02 1.003098e-01 9.749331e-02 7.075742e-02 1.000000e-01 1.597506e+00 -0.991866 0.032366 0.705930 0.209385 0.034770 0.009416 0.991866 -0.005783 -0.028659 -0.929479 0.000000 
7.500001e-02 1.003098e-01 9.749331e-02 7.075742e-02 1.000000e-01 1.597506e+00 -0.991866 0.032366 0.705930 0.209385 0.034770 0.009416 0.991866 -0.005783 -0.028659 -0.929479 0.000000 
7.500001e-02 1.003098e-01 9.749331e-02 7.075742e-02 1.000000e-01 1.597506e+00 -0.991866 0.032366 0.705930 0.209385 0.034770 0.009416 0.991866 -0.005783 -0.028659 -0.929479 0.000000 
7.500001e-02 1.003098e-01 9.749331e-02 7.075742e-02 1.000000e-01 1.597506e+00 -0.991866 0.032366 0.705930 0.209385 0.034770 0.009416 0.991866 -0.005783 -0.028659 -0.929479 0.000000 
7.500001e-02 1.003098e-01 9.749331e-02 7.075742e-02 1.000000e-01 1.597506e+00 -0.991866 0.032366 0.705930 0.209385 0.034770 0.009416 0.991866 -0.005783 -0.028659 -0.929479 0.000000 
7.500001e-02 1.003098e-01 9.749331e-02 7.075742e-02 1.000000e-01 1.597506e+00 -0.991866 0.032366 0.705930 0.209385 0.034770 0.009416 0.991866 -0.005783 -0.028659 -0.929479 0.000000 
7.500001e-02 1.003098e-01 9.749331e-02 7.075742e-02 1.000000e-01 1.597506e+00 -0.991866 0.032366 0.705930 0.209385 0.034770 0.009416 0.991866 -0.005783 -0.028659 -0.929479 0.000000 
7.500001e-02 1.003098e-01 9.749331e-02 7.075742e-02 1.000000e-01 1.597506e+00 -0.991866 0.032366 0.705930 0.209385 0.034770 0.009416 0.991866 -0.005783 -0.028659 -0.929479 0.000000 
7.500001e-02 1.003098e-01 9.749331e-02 7.075742e-02 1.000000e-01 1.597506e+00 -0.991866 0.032366 0.705930 0.209385 0.034770 0.009416 0.991866 -0.005783 -0.028659 -0.929479 0.000000 
7.500001e-02 1.003098e-01 9.749331e-02 7.075742e-02 1.000000e-01 1.597506e+00 -0.991866 0.032366 0.705930 0.209385 0.034770 0.009416 0.991866 -0.005783 -0.028659 -0.929479 0.000000 
7.500001e-02 1.003098e-01 9.749331e-02 7.075742e-02 1.000000e-01 1.597506e+00 -0.991866 0.032366 0.705930 0.209385 0.034770 0.009416 0.991866 -0.005783 -0.028659 -0.929479 0.000000 
7.500001e-02 1.003098e-01 9.749331e-02 7.075742e-02 1.000000e-01 1.597506e+00 -0.991866 0.032366 0.705930 0.209385 0.034770 0.009416 0.991866 -0.005783 -0.028659 -0.929479 0.000000 
7.500001e-02 1.003098e-01 9.749331e-02 7.075742e-02 1.000000e-01 1.597506e+00 -0.991866 0.032366 0.705930 0.209385 0.034770 0.009416 0.991866 -0.005783 -0.028659 -0.929479 0.000000 
7.500001e-02 1.003098e-01 9.749331e-02 7.075742e-02 1.000000e-01 1.597506e+00 -0.991866 0.032366 0.705930 0.209385 0.034770 0.009416 0.991866 -0.005783 -0.028659 -0.929479 0.000000 
7.500001e-02 1.003098e-01 9.749331e-02 7.075742e-02 1.000000e-01 1.597506e+00 -0.991866 0.032366 0.705930 0.209385 0.034770 0.009416 0.991866 -0.005783 -0.028659 -0.929479 0.000000 
7.500001e-02 1.003098e-01 9.749331e-02 7.075742e-02 1.000000e-01 1.597506e+00 -0.991866 0.032366 0.705930 0.209385 0.034770 0.009416 0.991866 -0.005783 -0.028659 -0.929479 0.000000 
7.500001e-02 1.003098e-01 9.749331e-02 7.075742e-02 1.000000e-01 1.597506e+00 -0.991866 0.032366 0.705930 0.209385 0.034770 0.009416 0.991866 -0.005783 -0.028659 -0.929479 0.000000 
7.500001e-02 1.003098e-01 9.749331e-02 7.075742e-02 1.000000e-01 1.597506e+00 -0.991866 0.032366 0.705930 0.209385 0.034770 0.009416 0.991866 -0.005783 -0.028659 -0.929479 0.000000 
7.500001e-02 1.003098e-01 9.749331e-02 7.075742e-02 1.000000e-01 1.597506e+00 -0.991866 0.032366 0.705930 0.209385 0.034770 0.009416 0.991866 -0.005783 -0.028659 -0.929479 0.000000 
7.500001e-02 1.003098e-01 9.749331e-02 7.075742e-02 1.000000e-01 1.597506e+00 -0.991866 0.032366 0.705930 0.209385 0.034770 0.009416 0.991866 -0.005783 -0.028659 -0.929479 0.000000 
7.500001e-02 1.003098e-01 9.749331e-02 7.075742e-02 1.000000e-01 1.597506e+00 -0.991866 0.032366 0.705930 0.209385 0.034770 0.009416 0.991866 -0.005783 -0.028659 -0.929479 0.000000 
7.500001e-02 1.003098e-01 9.749331e-02 7.075742e-02 1.000000e-01 1.597506e+00 -0.991866 0.032366 0.705930 0.209385 0.034770 0.009416 0.991866 -0.005783 -0.028659 -0.929479 0.000000 
7.500001e-02 1.003098e-01 9.749331e-02 7.075742e-02 1.000000e-01 1.597506e+00 -0.991866 0.032366 0.705930 0.209385 0.034770 0.009416 0.991866 -0.005783 -0.028659 -0.929479 0.000000 
7.500001e-02 1.003098e-01 9.749331e-02 7.075742e-02 1.000000e-01 1.597506e+00 -0.991866 0.032366 0.705930 0.209385 0.034770 0.009416 0.991866 -0.005783 -0.028659 -0.929479 0.000000 
7.500001e-02 1.003098e-01 9.749331e-02 7.075742e-02 1.000000e-01 1.597506e+00 -0.991866 0.032366 0.705930 0.209385 0.034770 0.009416 0.991866 -0.005783 -0.028659 -0.929479 0.000000 
7.500001e-02 1.003098e-01 9.749331e-02 7.075742e-02 1.000000e-01 1.597506e+00 -0.991866 0.032366 0.705930 0.209385 0.034770 0.009416 0.991866 -0.005783 -0.028659 -0.929479 0.000000 
7.500001e-02 1.003098e-01 9.749331e-02 7.075742e-02 1.000000e-01 1.597506e+00 -0.991866 0.032366 0.705930 0.209385 0.034770 0.009416 0.991866 -0.005783 -0.028659 -0.929479 0.000000 
7.500001e-02 1.003098e-01 9.749331e-02 7.075742e-02 1.000000e-01 1.597506e+00 -0.991866 0.032366 0.705930 0.209385 0.034770 0.009416 0.991866 -0.005783 -0.028659 -0.929479 0.000000 
7.500001e-02 1.003098e-01 9.749331e-02 7.075742e-02 1.000000e-01 1.597506e+00 -0.991866 0.032366 0.705930 0.209385 0.034770 0.009416 0.991866 -0.005783 -0.028659 -0.929479 0.000000 
7.500001e-02 1.003098e-01 9.749331e-02 7.075742e-02 1.000000e-01 1.597506e+00 -0.991866 0.032366 0.705930 0.209385 0.034770 0.009416 0.991866 -0.005783 -0.028659 -0.929479 0.000000 
7.500001e-02 1.003098e-01 9.749331e-02 7.075742e-02 1.000000e-01 1.597506e+00 -0.991866 0.032366 0.705930 0.209385 0.034770 0.009416 0.991866 -0.005783 -0.028659 -0.929479 0.000000 
7.500001e-02 1.003098e-01 9.749331e-02 7.075742e-02 1.000000e-01 1.597506e+00 -0.991866 0.032366 0.705930 0.209385 0.034770 0.009416 0.991866 -0.005783 -0.028659 -0.929479 0.000000 
7.500001e-02 1.003098e-01 9.749331e-02 7.075742e-02 1.000000e-01 1.597506e+00 -0.991866 0.032366 0.705930 0.209385 0.034770 0.009416 0.991866 -0.005783 -0.028659 -0.929479 0.000000 
7.500001e-02 1.003098e-01 9.749331e-02 7.075742e-02 1.000000e-01 1.597506e+00 -0.991866 0.032366 0.705930 0.209385 0.034770 0.009416 0.991866 -0.005783 -0.028659 -0.929479 0.000000 
7.500001e-02 1.003098e-01 9.749331e-02 7.075742e-02 1.000000e-01 1.597506e+00 -0.991866 0.032366 0.705930 0.209385 0.034770 0.009416 0.991866 -0.005783 -0.028659 -0.929479 0.000000 
7.500001e-02 1.003098e-01 9.749331e-02 7.075742e-02 1.000000e-01 1.597506e+00 -0.991866 0.032366 0.705930 0.209385 0.034770 0.009416 0.991866 -0.005783 -0.028659 -0.929479 0.000000 
7.500001e-02 1.003098e-01 9.749331e-02 7.075742e-02 1.000000e-01 1.597506e+00 -0.991866 0.032366 0.705930 0.209385 0.034770 0.009416 0.991866 -0.005783 -0.028659 -0.929479 0.000000 
7.500001e-02 1.003098e-01 9.749331e-02 7.075742e-02 1.000000e-01 1.597506e+00 -0.991866 0.032366 0.705930 0.209385 0.034770 0.009416 0.991866 -0.005783 -0.028659 -0.929479 0.000000 
7.500001e-02 1.003098e-01 9.749331e-02 7.075742e-02 1.000000e-01 1.597506e+00 -0.991866 0.032366 0.705930 0.209385 0.034770 0.009416 0.991866 -0.005783 -0.028659 -0.929479 0.000000 
7.500001e-02 1.003098e-01 9.749331e-02 7.075742e-02 1.000000e-01 1.597506e+00 -0.991866 0.032366 0.705930 0.209385 0.034770 0.009416 0.991866 -0.005783 -0.028659 -0.929479 0.000000 
7.500001e-02 1.003098e-01 9.749331e-02 7.075742e-02 1.000000e-01 1.597506e+00 -0.991866 0.032366 0.705930 0.209385 0.034770 0.009416 0.991866 -0.005783 -0.028659 -0.929479 0.000000 
7.500001e-02 1.003098e-01 9.749331e-02 7.075742e-02 1.000000e-01 1.597506e+00 -0.991866 0.032366 0.705930 0.209385 0.034770 0.009416 0.991866 -0.005783 -0.028659 -0.929479 0.000000 
7.500001e-02 1.003098e-01 9.749331e-02 7.075742e-02 1.000000e-01 1.597506e+00 -0.991866 0.032366 0.705930 0.209385 0.034770 0.009416 0.991866 -0.005783 -0.028659 -0.929479 0.000000 
7.500001e-02 1.003098e-01 9.749331e-02 7.075742e-02 1.000000e-01 1.597506e+00 -0.991866 0.032366 0.705930 0.209385 0.034770 0.009416 0.991866 -0.005783 -0.028659 -0.929479 0.000000 
7.500001e-02 1.003098e-01 9.749331e-02 7.075742e-02 1.000000e-01 1.597506e+00 -0.991866 0.032366 0.705930 0.209385 0.034770 0.009416 0.991866 -0.005783 -0.028659 -0.929479 0.000000 
7.500001e-02 1.003098e-01 9.749331e-02 7.075742e-02 1.000000e-01 1.597506e+00 -0.991866 0.032366 0.705930 0.209385 0.034770 0.009416 0.991866 -0.005783 -0.028659 -0.929479 0.000000 
7.500001e-02 1.003098e-01 9.749331e-02 7.075742e-02 1.000000e-01 1.597506e+00 -0.991866 0.032366 0.705930 0.209385 0.034770 0.009416 0.991866 -0.005783 -0.028659 -0.929479 0.000000 
7.500001e-02 1.003098e-01 9.749331e-02 7.075742e-02 1.000000e-01 1.597506e+00 -0.991866 0.032366 0.705930 0.209385 0.034770 0.009416 0.991866 -0.005783 -0.028659 -0.929479 0.000000 
7.500001e-02 1.003098e-01 9.749331e-02 7.075742e-02 1.000000e-01 1.597506e+00 -0.991866 0.032366 0.705930 0.209385 0.034770 0.009416 0.991866 -0.005783 -0.028659 -0.929479 0.000000 
7.500001e-02 1.003098e-01 9.749331e-02 7.075742e-02 1.000000e-01 1.597506e+00 -0.991866 0.032366 0.705930 0.209385 0.034770 0.009416 0.991866 -0.005783 -0.028659 -0.929479 0.000000 
7.500001e-02 1.003098e-01 9.749331e-02 7.075742e-02 1.000000e-01 1.597506e+00 -0.991866 0.032366 0.705930 0.209385 0.034770 0.009416 0.991866 -0.005783 -0.028659 -0.929479 0.000000 
7.500001e-02 1.003098e-01 9.749331e-02 7.075742e-02 1.000000e-01 1.597506e+00 -0.991866 0.032366 0.705930 0.209385 0.034770 0.009416 0.991866 -0.005783 -0.028659 -0.929479 0.000000 
7.500001e-02 1.003098e-01 9.749331e-02 7.075742e-02 1.000000e-01 1.597506e+00 -0.991866 0.032366 0.705930 0.209385 0.034770 0.009416 0.991866 -0.005783 -0.028659 -0.929479 0.000000 
7.500001e-02 1.003098e-01 9.749331e-02 7.075742e-02 1.000000e-01 1.597506e+00 -0.991866 0.032366 0.705930 0.209385 0.034770 0.009416 0.991866 -0.005783 -0.028659 -0.929479 0.000000 
7.500001e-02 1.003098e-01 9.749331e-02 7.075742e-02 1.000000e-01 1.597506e+00 -0.991866 0.032366 0.705930 0.209385 0.034770 0.009416 0.991866 -0.005783 -0.028659 -0.929479 0.000000 
7.500001e-02 1.003098e-01 9.749331e-02 7.075742e-02 1.000000e-01 1.597506e+00 -0.991866 0.032366 0.705930 0.209385 0.034770 0.009416 0.991866 -0.005783 -0.028659 -0.929479 0.000000 
7.500001e-02 1.003098e-01 9.749331e-02 7.075742e-02 1.000000e-01 1.597506e+00 -0.991866 0.032366 0.705930 0.209385 0.034770 0.009416 0.991866 -0.005783 -0.028659 -0.929479 0.000000 
7.500001e-02 1.003098e-01 9.749331e-02 7.075742e-02 1.000000e-01 1.597506e+00 -0.991866 0.032366 0.705930 0.209385 0.034770 0.009416 0.991866 -0.005783 -0.028659 -0.929479 0.000000 
7.500001e-02 1.003098e-01 9.749331e-02 7.075742e-02 1.000000e-01 1.597506e+00 -0.991866 0.032366 0.705930 0.209385 0.034770 0.009416 0.991866 -0.005783 -0.028659 -0.929479 0.000000 
7.500001e-02 1.003098e-01 9.749331e-02 7.075742e-02 1.000000e-01 1.597506e+00 -0.991866 0.032366 0.705930 0.209385 0.034770 0.009416 0.991866 -0.005783 -0.028659 -0.929479 0.000000 
7.500001e-02 1.003098e-01 9.749331e-02 7.075742e-02 1.000000e-01 1.597506e+00 -0.991866 0.032366 0.705930 0.209385 0.034770 0.009416 0.991866 -0.005783 -0.028659 -0.929479 0.000000 
7.500001e-02 1.003098e-01 9.749331e-02 7.075742e-02 1.000000e-01 1.597506e+00 -0.991866 0.032366 0.705930 0.209385 0.034770 0.009416 0.991866 -0.005783 -0.028659 -0.929479 0.000000 
7.500001e-02 1.003098e-01 9.749331e-02 7.075742e-02 1.000000e-01 1.597506e+00 -0.991866 0.032366 0.705930 0.209385 0.034770 0.009416 0.991866 -0.005783 -0.028659 -0.929479 0.000000 
7.500001e-02 1.003098e-01 9.749331e-02 7.075742e-02 1.000000e-01 1.597506e+00 -0.991866 0.032366 0.705930 0.209385 0.034770 0.009416 0.991866 -0.005783 -0.028659 -0.929479 0.000000 
7.500001e-02 1.003098e-01 9.749331e-02 7.075742e-02 1.000000e-01 1.597506e+00 -0.991866 0.032366 0.705930 0.209385 0.034770 0.009416 0.991866 -0.005783 -0.028659 -0.929479 0.000000 
7.500001e-02 1.003098e-01 9.749331e-02 7.075742e-02 1.000000e-01 1.597506e+00 -0.991866 0.032366 0.705930 0.209385 0.034770 0.009416 0.991866 -0.005783 -0.028659 -0.929479 0.000000 
7.500001e-02 1.003098e-01 9.749331e-02 7.075742e-02 1.000000e-01 1.597506e+00 -0.991866 0.032366 0.705930 0.209385 0.034770 0.009416 0.991866 -0.005783 -0.028659 -0.929479 0.000000 
7.500001e-02 1.003098e-01 9.749331e-02 7.075742e-02 1.000000e-01 1.597506e+00 -0.991866 0.032366 0.705930 0.209385 0.034770 0.009416 0.991866 -0.005783 -0.028659 -0.929479 0.000000 
7.500001e-02 1.003098e-01 9.749331e-02 7.075742e-02 1.000000e-01 1.597506e+00 -0.991866 0.032366 0.705930 0.209385 0.034770 0.009416 0.991866 -0.005783 -0.028659 -0.929479 0.000000 
7.500001e-02 1.003098e-01 9.749331e-02 7.075742e-02 1.000000e-01 1.597506e+00 -0.991866 0.032366 0.705930 0.209385 0.034770 0.009416 0.991866 -0.005783 -0.028659 -0.929479 0.000000 
7.500001e-02 1.003098e-01 9.749331e-02 7.075742e-02 1.000000e-01 1.597506e+00 -0.991866 0.032366 0.705930 0.209385 0.034770 0.009416 0.991866 -0.005783 -0.028659 -0.929479 0.000000 
7.500001e-02 1.003098e-01 9.749331e-02 7.075742e-02 1.000000e-01 1.597506e+00 -0.991866 0.032366 0.705930 0.209385 0.034770 0.009416 0.991866 -0.005783 -0.028659 -0.929479 0.000000 
7.500001e-02 1.003098e-01 9.749331e-02 7.075742e-02 1.000000e-01 1.597506e+00 -0.991866 0.032366 0.705930 0.209385 0.034770 0.009416 0.991866 -0.005783 -0.028659 -0.929479 0.000000 
7.500001e-02 1.003098e-01 9.749331e-02 7.075742e-02 1.000000e-01 1.597506e+00 -0.991866 0.032366 0.705930 0.209385 0.034770 0.009416 0.991866 -0.005783 -0.028659 -0.929479 0.000000 
7.500001e-02 1.003098e-01 9.749331e-02 7.075742e-02 1.000000e-01 1.597506e+00 -0.991866 0.032366 0.705930 0.209385 0.034770 0.009416 0.991866 -0.005783 -0.028659 -0.929479 0.000000 
7.500001e-02 1.003098e-01 9.749331e-02 7.075742e-02 1.000000e-01 1.597506e+00 -0.991866 0.032366 0.705930 0.209385 0.034770 0.009416 0.991866 -0.005783 -0.028659 -0.929479 0.000000 
7.500001e-02 1.003098e-01 9.749331e-02 7.075742e-02 1.000000e-01 1.597506e+00 -0.991866 0.032366 0.705930 0.209385 0.034770 0.009416 0.991866 -0.005783 -0.028659 -0.929479 0.000000 
7.500001e-02 1.003098e-01 9.749331e-02 7.075742e-02 1.000000e-01 1.597506e+00 -0.991866 0.032366 0.705930 0.209385 0.034770 0.009416 0.991866 -0.005783 -0.028659 -0.929479 0.000000 
7.500001e-02 1.003098e-01 9.749331e-02 7.075742e-02 1.000000e-01 1.597506e+00 -0.991866 0.032366 0.705930 0.209385 0.034770 0.009416 0.991866 -0.005783 -0.028659 -0.929479 0.000000 
7.500001e-02 1.003098e-01 9.749331e-02 7.075742e-02 1.000000e-01 1.597506e+00 -0.991866 0.032366 0.705930 0.209385 0.034770 0.009416 0.991866 -0.005783 -0.028659 -0.929479 0.000000 
7.500001e-02 1.003098e-01 9.749331e-02 7.075742e-02 1.000000e-01 1.597506e+00 -0.991866 0.032366 0.705930 0.209385 0.034770 0.009416 0.991866 -0.005783 -0.028659 -0.929479 0.000000 
7.500001e-02 1.003098e-01 9.749331e-02 7.075742e-02 1.000000e-01 1.597506e+00 -0.991866 0.032366 0.705930 0.209385 0.034770 0.009416 0.991866 -0.005783 -0.028659 -0.929479 0.000000 
7.500001e-02 1.003098e-01 9.749331e-02 7.075742e-02 1.000000e-01 1.597506e+00 -0.991866 0.032366 0.705930 0.209385 0.034770 0.009416 0.991866 -0.005783 -0.028659 -0.929479 0.000000 
7.500001e-02 1.003098e-01 9.749331e-02 7.075742e-02 1.000000e-01 1.597506e+00 -0.991866 0.032366 0.705930 0.209385 0.034770 0.009416 0.991866 -0.005783 -0.028659 -0.929479 0.000000 
7.500001e-02 1.003098e-01 9.749331e-02 7.075742e-02 1.000000e-01 1.597506e+00 -0.991866 0.032366 0.705930 0.209385 0.034770 0.009416 0.991866 -0.005783 -0.028659 -0.929479 0.000000 
7.500001e-02 1.003098e-01 9.749331e-02 7.075742e-02 1.000000e-01 1.597506e+00 -0.991866 0.032366 0.705930 0.209385 0.034770 0.009416 0.991866 -0.005783 -0.028659 -0.929479 0.000000 
7.500001e-02 1.003098e-01 9.749331e-02 7.075742e-02 1.000000e-01 1.597506e+00 -0.991866 0.032366 0.705930 0.209385 0.034770 0.009416 0.991866 -0.005783 -0.028659 -0.929479 0.000000 
7.500001e-02 1.003098e-01 9.749331e-02 7.075742e-02 1.000000e-01 1.597506e+00 -0.991866 0.032366 0.705930 0.209385 0.034770 0.009416 0.991866 -0.005783 -0.028659 -0.929479 0.000000 
7.500001e-02 1.003098e-01 9.749331e-02 7.075742e-02 1.000000e-01 1.597506e+00 -0.991866 0.032366 0.705930 0.209385 0.034770 0.009416 0.991866 -0.005783 -0.028659 -0.929479 0.000000 
7.500001e-02 1.003098e-01 9.749331e-02 7.075742e-02 1.000000e-01 1.597506e+00 -0.991866 0.032366 0.705930 0.209385 0.034770 0.009416 0.991866 -0.005783 -0.028659 -0.929479 0.000000 
7.500001e-02 1.003098e-01 9.749331e-02 7.075742e-02 1.000000e-01 1.597506e+00 -0.991866 0.032366 0.705930 0.209385 0.034770 0.009416 0.991866 -0.005783 -0.028659 -0.929479 0.000000 
7.500001e-02 1.003098e-01 9.749331e-02 7.075742e-02 1.000000e-01 1.597506e+00 -0.991866 0.032366 0.705930 0.209385 0.034770 0.009416 0.991866 -0.005783 -0.028659 -0.929479 0.000000 
7.500001e-02 1.003098e-01 9.749331e-02 7.075742e-02 1.000000e-01 1.597506e+00 -0.991866 0.032366 0.705930 0.209385 0.034770 0.009416 0.991866 -0.005783 -0.028659 -0.929479 0.000000 
7.500001e-02 1.003098e-01 9.749331e-02 7.075742e-02 1.000000e-01 1.597506e+00 -0.991866 0.032366 0.705930 0.209385 0.034770 0.009416 0.991866 -0.005783 -0.028659 -0.929479 0.000000 
