# TeX TeY TeZ ThX ThY THZ P1 P2
1.100000e-01 1.000000e-01 8.550000e-01 1.100000e-01 1.000000e-01 8.550000e-01 0.000000 0.000000 0.000000 0.000000 0.000000 0.000000 0.000000 0.000000 0.000000 0.000000 0.000000 
1.100000e-01 1.000000e-01 8.435386e-01 1.100000e-01 1.000000e-01 8.633928e-01 -0.013117 0.001683 0.003368 0.003371 0.003389 0.001306 0.013117 -0.001683 -0.003368 -0.003371 0.000000 
1.100000e-01 1.000000e-01 8.320333e-01 1.100000e-01 1.000000e-01 8.717715e-01 -0.026254 0.003369 0.006740 0.006747 0.006784 0.002614 0.026254 -0.003370 -0.006740 -0.006747 0.000000 
1.100000e-01 1.000000e-01 8.204843e-01 1.100000e-01 1.000000e-01 8.801360e-01 -0.039411 0.005058 0.010118 0.010127 0.010183 0.003924 0.039411 -0.005058 -0.010118 -0.010127 0.000000 
1.100000e-01 1.000000e-01 8.088920e-01 1.100000e-01 1.000000e-01 8.884861e-01 -0.052586 0.006749 0.013500 0.013513 0.013588 0.005236 0.052586 -0.006749 -0.013501 -0.013513 0.000000 
1.100000e-01 1.000000e-01 7.972569e-01 1.100000e-01 1.000000e-01 8.968216e-01 -0.065780 0.008442 0.016888 0.016904 0.016997 0.006550 0.065780 -0.008442 -0.016888 -0.016904 0.000000 
1.100000e-01 1.000000e-01 7.855792e-01 1.100000e-01 1.000000e-01 9.051425e-01 -0.078993 0.010138 0.020280 0.020299 0.020411 0.007866 0.078993 -0.010138 -0.020280 -0.020299 0.000000 
1.100000e-01 1.000000e-01 7.738595e-01 1.100000e-01 1.000000e-01 9.134486e-01 -0.092224 0.011836 0.023676 0.023699 0.023830 0.009183 0.092224 -0.011836 -0.023677 -0.023699 0.000000 
1.100000e-01 9.999999e-02 7.620979e-01 1.100000e-01 1.000000e-01 9.217398e-01 -0.105472 0.013536 0.027077 0.027103 0.027253 0.010502 0.105472 -0.013537 -0.027078 -0.027103 0.000000 
1.100000e-01 9.999999e-02 7.502950e-01 1.100000e-01 1.000000e-01 9.300158e-01 -0.118738 0.015238 0.030483 0.030512 0.030681 0.011823 0.118738 -0.015239 -0.030484 -0.030512 0.000000 
1.100000e-01 9.999999e-02 7.384510e-01 1.100000e-01 1.000000e-01 9.382766e-01 -0.132020 0.016943 0.033893 0.033926 0.034113 0.013146 0.132020 -0.016944 -0.033894 -0.033926 0.000000 
1.100000e-01 9.999999e-02 7.265664e-01 1.100000e-01 1.000000e-01 9.465219e-01 -0.145320 0.018650 0.037307 0.037343 0.037549 0.014470 0.145320 -0.018651 -0.037309 -0.037343 0.000000 
1.100000e-01 9.999999e-02 7.146414e-01 1.100000e-01 1.000000e-01 9.547517e-01 -0.158636 0.020359 0.040726 0.040765 0.040990 0.015796 0.158636 -0.020360 -0.040727 -0.040765 0.000000 
1.100000e-01 9.999999e-02 7.026764e-01 1.100000e-01 1.000000e-01 9.629658e-01 -0.171968 0.022069 0.044148 0.044191 0.044435 0.017124 0.171968 -0.022071 -0.044150 -0.044191 0.000000 
1.100000e-01 9.999998e-02 6.906718e-01 1.100000e-01 1.000000e-01 9.711640e-01 -0.185315 0.023782 0.047575 0.047621 0.047884 0.018453 0.185315 -0.023784 -0.047577 -0.047621 0.000000 
1.100000e-01 9.999998e-02 6.786278e-01 1.100000e-01 1.000000e-01 9.793461e-01 -0.198678 0.025497 0.051005 0.051055 0.051337 0.019784 0.198678 -0.025499 -0.051007 -0.051055 0.000000 
1.100000e-01 9.999997e-02 6.665449e-01 1.100000e-01 1.000000e-01 9.875120e-01 -0.212056 0.027214 0.054439 0.054493 0.054794 0.021116 0.212056 -0.027216 -0.054442 -0.054492 0.000000 
1.100000e-01 9.999997e-02 6.544234e-01 1.100000e-01 1.000000e-01 9.956615e-01 -0.225449 0.028932 0.057877 0.057934 0.058255 0.022450 0.225449 -0.028935 -0.057880 -0.057934 0.000000 
1.100000e-01 9.999996e-02 6.422635e-01 1.100000e-01 1.000000e-01 1.003795e+00 -0.238856 0.030653 0.061319 0.061379 0.061719 0.023785 0.238856 -0.030655 -0.061322 -0.061379 0.000000 
1.100000e-01 9.999995e-02 6.300657e-01 1.100000e-01 1.000000e-01 1.011911e+00 -0.252277 0.032375 0.064764 0.064828 0.065188 0.025122 0.252277 -0.032378 -0.064768 -0.064828 0.000000 
1.100000e-01 9.999994e-02 6.178302e-01 1.100000e-01 1.000000e-01 1.020010e+00 -0.265712 0.034099 0.068213 0.068281 0.068660 0.026460 0.265712 -0.034102 -0.068217 -0.068280 0.000000 
1.100000e-01 9.999993e-02 6.055573e-01 1.100000e-01 1.000000e-01 1.028092e+00 -0.279160 0.035824 0.071665 0.071737 0.072135 0.027799 0.279160 -0.035828 -0.071670 -0.071736 0.000000 
1.100000e-01 9.999992e-02 5.932475e-01 1.100000e-01 1.000000e-01 1.036157e+00 -0.292621 0.037551 0.075120 0.075196 0.075614 0.029140 0.292621 -0.037556 -0.075126 -0.075195 0.000000 
1.100000e-01 9.999990e-02 5.809009e-01 1.100000e-01 1.000000e-01 1.044205e+00 -0.306095 0.039280 0.078578 0.078658 0.079096 0.030482 0.306095 -0.039285 -0.078585 -0.078658 0.000000 
1.100000e-01 9.999988e-02 5.685179e-01 1.100000e-01 1.000000e-01 1.052235e+00 -0.319582 0.041010 0.082040 0.082124 0.082582 0.031825 0.319582 -0.041016 -0.082047 -0.082124 0.000000 
1.100000e-01 9.999985e-02 5.560988e-01 1.100000e-01 1.000000e-01 1.060247e+00 -0.333080 0.042742 0.085504 0.085593 0.086071 0.033170 0.333080 -0.042748 -0.085513 -0.085592 0.000000 
1.100000e-01 9.999982e-02 5.436439e-01 1.100000e-01 1.000000e-01 1.068241e+00 -0.346590 0.044475 0.088972 0.089065 0.089563 0.034516 0.346590 -0.044482 -0.088982 -0.089064 0.000000 
1.100000e-01 9.999978e-02 5.311535e-01 1.100000e-01 1.000000e-01 1.076217e+00 -0.360112 0.046210 0.092442 0.092539 0.093058 0.035863 0.360112 -0.046218 -0.092453 -0.092539 0.000000 
1.100000e-01 9.999973e-02 5.186279e-01 1.100000e-01 1.000000e-01 1.084175e+00 -0.373645 0.047945 0.095914 0.096017 0.096557 0.037212 0.373645 -0.047954 -0.095927 -0.096017 0.000000 
1.100000e-01 9.999968e-02 5.060673e-01 1.100000e-01 1.000000e-01 1.092114e+00 -0.387188 0.049682 0.099390 0.099498 0.100058 0.038561 0.387188 -0.049692 -0.099404 -0.099497 0.000000 
1.100000e-01 9.999961e-02 4.934721e-01 1.100000e-01 1.000000e-01 1.100034e+00 -0.400742 0.051420 0.102868 0.102981 0.103562 0.039912 0.400742 -0.051432 -0.102884 -0.102981 0.000000 
1.100000e-01 9.999952e-02 4.808426e-01 1.100000e-01 1.000000e-01 1.107935e+00 -0.414306 0.053159 0.106348 0.106466 0.107069 0.041264 0.414306 -0.053172 -0.106367 -0.106467 0.000000 
1.100000e-01 9.999942e-02 4.681791e-01 1.100000e-01 1.000000e-01 1.115817e+00 -0.427880 0.054900 0.109830 0.109955 0.110579 0.042617 0.427880 -0.054914 -0.109852 -0.109956 0.000000 
1.100000e-01 9.999930e-02 4.554817e-01 1.100000e-01 1.000000e-01 1.123679e+00 -0.441464 0.056641 0.113314 0.113445 0.114092 0.043971 0.441464 -0.056657 -0.113339 -0.113448 0.000000 
1.100000e-01 9.999914e-02 4.427508e-01 1.100000e-01 1.000000e-01 1.131522e+00 -0.455056 0.058383 0.116801 0.116939 0.117608 0.045326 0.455056 -0.058400 -0.116829 -0.116943 0.000000 
1.100000e-01 9.999896e-02 4.299867e-01 1.100000e-01 1.000000e-01 1.139345e+00 -0.468658 0.060126 0.120289 0.120434 0.121126 0.046683 0.468658 -0.060144 -0.120321 -0.120441 0.000000 
1.100000e-01 9.999873e-02 4.171896e-01 1.100000e-01 1.000000e-01 1.147148e+00 -0.482268 0.061870 0.123779 0.123932 0.124647 0.048040 0.482268 -0.061889 -0.123815 -0.123943 0.000000 
1.100000e-01 9.999846e-02 4.043598e-01 1.099999e-01 1.000000e-01 1.154930e+00 -0.495886 0.063614 0.127270 0.127432 0.128171 0.049399 0.495886 -0.063633 -0.127312 -0.127449 0.000000 
1.100000e-01 9.999812e-02 3.914976e-01 1.099999e-01 1.000000e-01 1.162692e+00 -0.509512 0.065359 0.130763 0.130933 0.131698 0.050759 0.509512 -0.065377 -0.130810 -0.130960 0.000000 
1.100000e-01 9.999771e-02 3.786032e-01 1.099999e-01 1.000000e-01 1.170433e+00 -0.523145 0.067104 0.134257 0.134437 0.135227 0.052119 0.523145 -0.067119 -0.134311 -0.134479 0.000000 
1.100000e-01 9.999721e-02 3.656769e-01 1.099999e-01 1.000000e-01 1.178154e+00 -0.536786 0.068850 0.137753 0.137943 0.138759 0.053482 0.536786 -0.068858 -0.137814 -0.138008 0.000000 
1.100000e-01 9.999659e-02 3.527189e-01 1.099999e-01 1.000000e-01 1.185852e+00 -0.550434 0.070596 0.141249 0.141451 0.142294 0.054845 0.550434 -0.070591 -0.141319 -0.141551 0.000000 
1.100000e-01 9.999584e-02 3.397294e-01 1.099999e-01 1.000000e-01 1.193530e+00 -0.564088 0.072342 0.144745 0.144960 0.145831 0.056209 0.564088 -0.072316 -0.144827 -0.145114 0.000000 
1.100000e-01 9.999491e-02 3.267088e-01 1.099999e-01 1.000000e-01 1.201186e+00 -0.577748 0.074088 0.148243 0.148472 0.149372 0.057575 0.577748 -0.074028 -0.148338 -0.148708 0.000000 
1.100000e-01 9.999378e-02 3.136573e-01 1.099999e-01 1.000000e-01 1.208819e+00 -0.591414 0.075834 0.151740 0.151984 0.152915 0.058942 0.591415 -0.075718 -0.151851 -0.152347 0.000000 
1.100000e-01 9.999240e-02 3.005751e-01 1.099998e-01 1.000000e-01 1.216431e+00 -0.605086 0.077579 0.155238 0.155499 0.156461 0.060310 0.605086 -0.077377 -0.155369 -0.156053 0.000000 
1.100000e-01 9.999071e-02 2.874624e-01 1.099998e-01 1.000000e-01 1.224019e+00 -0.618763 0.079324 0.158735 0.159015 0.160011 0.061680 0.618764 -0.078984 -0.158892 -0.159864 0.000000 
1.100000e-01 9.998863e-02 2.743195e-01 1.099998e-01 1.000000e-01 1.231585e+00 -0.632446 0.081068 0.162232 0.162532 0.163563 0.063051 0.632446 -0.080515 -0.162422 -0.163831 0.000000 
1.100000e-01 9.998610e-02 2.611466e-01 1.099998e-01 1.000000e-01 1.239128e+00 -0.646132 0.082811 0.165728 0.166051 0.167119 0.064424 0.646133 -0.081927 -0.165960 -0.168043 0.000000 
1.100000e-01 9.998301e-02 2.479439e-01 1.099997e-01 1.000000e-01 1.246648e+00 -0.659824 0.084553 0.169222 0.169572 0.170679 0.065798 0.659824 -0.083157 -0.169510 -0.172630 0.000000 
1.100000e-01 9.997925e-02 2.347116e-01 1.099997e-01 1.000000e-01 1.254144e+00 -0.673519 0.086294 0.172716 0.173094 0.174242 0.067174 0.673519 -0.084117 -0.173071 -0.177781 0.000000 
1.100000e-01 9.997470e-02 2.214498e-01 1.099997e-01 1.000000e-01 1.261616e+00 -0.687219 0.088033 0.176208 0.176617 0.177809 0.068552 0.687219 -0.084648 -0.176641 -0.183848 0.000000 
1.100000e-01 9.996923e-02 2.081588e-01 1.099996e-01 1.000000e-01 1.269064e+00 -0.700922 0.089770 0.179697 0.180143 0.181381 0.069932 0.700922 -0.084546 -0.180198 -0.191314 0.000000 
1.100000e-01 9.996275e-02 1.948387e-01 1.099996e-01 1.000000e-01 1.276488e+00 -0.714629 0.091505 0.183184 0.183669 0.184958 0.071314 0.714629 -0.083512 -0.183683 -0.200947 0.000000 
1.100000e-01 9.995523e-02 1.814894e-01 1.099995e-01 1.000000e-01 1.283887e+00 -0.728340 0.093237 0.186668 0.187198 0.188540 0.072698 0.728340 -0.081034 -0.186917 -0.214224 0.000000 
1.100000e-01 9.994682e-02 1.681110e-01 1.099994e-01 1.000000e-01 1.291260e+00 -0.742056 0.094966 0.190149 0.190730 0.192127 0.074085 0.742056 -0.076525 -0.189455 -0.233315 0.000000 
1.100000e-01 9.993831e-02 1.547027e-01 1.099993e-01 1.000000e-01 1.298609e+00 -0.755779 0.096691 0.193626 0.194264 0.195722 0.075476 0.755779 -0.069206 -0.190226 -0.262052 0.000000 
1.100000e-01 9.993300e-02 1.412612e-01 1.099993e-01 1.000000e-01 1.305931e+00 -0.769519 0.098415 0.197103 0.197804 0.199328 0.076870 0.769519 -0.057990 -0.186307 -0.308525 0.000000 
1.100000e-01 9.994510e-02 1.277697e-01 1.099992e-01 1.000000e-01 1.313228e+00 -0.783330 0.100142 0.200592 0.201365 0.202958 0.078274 0.783330 -0.041990 -0.170694 -0.387860 0.000000 
1.100000e-01 1.000309e-01 1.141489e-01 1.099990e-01 1.000000e-01 1.320498e+00 -0.797465 0.101904 0.204157 0.205012 0.206679 0.079714 0.797466 -0.020168 -0.126301 -0.532566 0.000000 
1.100000e-01 1.002734e-01 1.001401e-01 1.099989e-01 1.000000e-01 1.327742e+00 -0.812900 0.103827 0.208048 0.208996 0.210744 0.081286 0.812900 0.009961 -0.015157 -0.811367 0.000000 
1.100000e-01 1.003093e-01 9.749522e-02 1.099988e-01 1.000000e-01 1.334959e+00 -0.819921 0.104662 0.209771 0.210821 0.212644 0.082024 0.819921 0.016280 0.015461 -0.885241 0.000000 
1.100000e-01 1.003093e-01 9.749522e-02 1.099986e-01 1.000000e-01 1.342148e+00 -0.824670 0.105196 0.210901 0.212068 0.213968 0.082540 0.824671 0.015670 0.014242 -0.886462 0.000000 
1.100000e-01 1.003093e-01 9.749522e-02 1.099984e-01 1.000000e-01 1.349310e+00 -0.829402 0.105718 0.212016 0.213315 0.215297 0.083057 0.829402 0.015063 0.013027 -0.887678 0.000000 
1.100000e-01 1.003093e-01 9.749522e-02 1.099982e-01 1.000000e-01 1.356443e+00 -0.834115 0.106225 0.213114 0.214566 0.216634 0.083577 0.834115 0.014458 0.011817 -0.888889 0.000000 
1.100000e-01 1.003093e-01 9.749522e-02 1.099979e-01 1.000000e-01 1.363549e+00 -0.838809 0.106717 0.214195 0.215820 0.217979 0.084099 0.838810 0.013856 0.010612 -0.890095 0.000000 
1.100000e-01 1.003093e-01 9.749522e-02 1.099976e-01 1.000000e-01 1.370625e+00 -0.843485 0.107191 0.215256 0.217081 0.219334 0.084623 0.843485 0.013255 0.009412 -0.891297 0.000000 
1.100000e-01 1.003093e-01 9.749522e-02 1.099973e-01 1.000000e-01 1.377673e+00 -0.848141 0.107643 0.216296 0.218351 0.220701 0.085150 0.848141 0.012658 0.008216 -0.892493 0.000000 
1.100000e-01 1.003093e-01 9.749522e-02 1.099969e-01 1.000000e-01 1.384691e+00 -0.852777 0.108075 0.217315 0.219631 0.222080 0.085678 0.852778 0.012063 0.007026 -0.893685 0.000000 
1.100000e-01 1.003093e-01 9.749522e-02 1.099965e-01 1.000000e-01 1.391679e+00 -0.857394 0.108477 0.218307 0.220929 0.223475 0.086207 0.857395 0.011470 0.005841 -0.894871 0.000000 
1.100000e-01 1.003093e-01 9.749522e-02 1.099961e-01 1.000000e-01 1.398637e+00 -0.861991 0.108851 0.219273 0.222247 0.224885 0.086737 0.861992 0.010880 0.004660 -0.896052 0.000000 
1.100000e-01 1.003093e-01 9.749522e-02 1.099955e-01 1.000000e-01 1.405565e+00 -0.866568 0.109190 0.220210 0.223590 0.226313 0.087266 0.866568 0.010293 0.003485 -0.897229 0.000000 
1.100000e-01 1.003093e-01 9.749522e-02 1.099949e-01 1.000000e-01 1.412461e+00 -0.871124 0.109487 0.221113 0.224970 0.227763 0.087793 0.871125 0.009708 0.002316 -0.898399 0.000000 
1.100000e-01 1.003093e-01 9.749522e-02 1.099942e-01 1.000000e-01 1.419326e+00 -0.875660 0.109741 0.221982 0.226389 0.229233 0.088315 0.875660 0.009126 0.001151 -0.899565 0.000000 
1.100000e-01 1.003093e-01 9.749522e-02 1.099935e-01 1.000000e-01 1.426159e+00 -0.880174 0.109939 0.222811 0.227865 0.230730 0.088830 0.880175 0.008547 -0.000008 -0.900725 0.000000 
1.100000e-01 1.003093e-01 9.749522e-02 1.099926e-01 1.000000e-01 1.432960e+00 -0.884668 0.110075 0.223597 0.229409 0.232254 0.089334 0.884668 0.007970 -0.001161 -0.901880 0.000000 
1.100000e-01 1.003093e-01 9.749522e-02 1.099916e-01 1.000000e-01 1.439729e+00 -0.889139 0.110144 0.224338 0.231031 0.233805 0.089823 0.889140 0.007396 -0.002309 -0.903029 0.000000 
1.100000e-01 1.003093e-01 9.749522e-02 1.099905e-01 1.000000e-01 1.446464e+00 -0.893589 0.110121 0.225020 0.232769 0.235392 0.090288 0.893590 0.006825 -0.003452 -0.904172 0.000000 
1.100000e-01 1.003093e-01 9.749522e-02 1.099892e-01 1.000000e-01 1.453166e+00 -0.898017 0.110004 0.225645 0.234635 0.237012 0.090723 0.898017 0.006257 -0.004589 -0.905310 0.000000 
1.100000e-01 1.003093e-01 9.749522e-02 1.099878e-01 1.000000e-01 1.459834e+00 -0.902423 0.109781 0.226206 0.236650 0.238666 0.091120 0.902423 0.005691 -0.005720 -0.906442 0.000000 
1.100000e-01 1.003093e-01 9.749522e-02 1.099862e-01 1.000000e-01 1.466468e+00 -0.906805 0.109412 0.226682 0.238890 0.240365 0.091458 0.906806 0.005129 -0.006845 -0.907568 0.000000 
1.100000e-01 1.003093e-01 9.749522e-02 1.099845e-01 1.000000e-01 1.473066e+00 -0.911165 0.108894 0.227071 0.241370 0.242102 0.091729 0.911165 0.004569 -0.007964 -0.908689 0.000000 
1.100000e-01 1.003093e-01 9.749522e-02 1.099825e-01 1.000000e-01 1.479630e+00 -0.915502 0.108209 0.227362 0.244137 0.243878 0.091916 0.915502 0.004013 -0.009078 -0.909803 0.000000 
1.100000e-01 1.003093e-01 9.749522e-02 1.099802e-01 1.000000e-01 1.486158e+00 -0.919815 0.107300 0.227517 0.247319 0.245700 0.091980 0.919815 0.003459 -0.010185 -0.910912 0.000000 
1.100000e-01 1.003093e-01 9.749522e-02 1.099777e-01 1.000000e-01 1.492649e+00 -0.924105 0.106152 0.227523 0.250970 0.247559 0.091900 0.924105 0.002908 -0.011286 -0.912014 0.000000 
1.100000e-01 1.003093e-01 9.749522e-02 1.099749e-01 1.000000e-01 1.499104e+00 -0.928370 0.104742 0.227355 0.255174 0.249449 0.091650 0.928370 0.002361 -0.012381 -0.913110 0.000000 
1.100000e-01 1.003093e-01 9.749522e-02 1.099718e-01 1.000000e-01 1.505520e+00 -0.932610 0.103010 0.226955 0.260110 0.251360 0.091175 0.932610 0.001817 -0.013470 -0.914200 0.000000 
1.100000e-01 1.003093e-01 9.749522e-02 1.099684e-01 1.000000e-01 1.511897e+00 -0.936824 0.100893 0.226247 0.266006 0.253271 0.090407 0.936825 0.001276 -0.014552 -0.915282 0.000000 
1.100000e-01 1.003093e-01 9.749522e-02 1.099646e-01 1.000000e-01 1.518234e+00 -0.941013 0.098383 0.225183 0.272979 0.255149 0.089318 0.941013 0.000738 -0.015627 -0.916359 0.000000 
1.100000e-01 1.003093e-01 9.749522e-02 1.099603e-01 1.000000e-01 1.524530e+00 -0.945175 0.095433 0.223666 0.281284 0.256946 0.087846 0.945175 0.000204 -0.016696 -0.917428 0.000000 
1.100000e-01 1.003093e-01 9.749522e-02 1.099556e-01 1.000000e-01 1.530786e+00 -0.949310 0.091936 0.221485 0.291462 0.258562 0.085865 0.949310 -0.000327 -0.017757 -0.918491 0.000000 
1.100000e-01 1.003093e-01 9.749522e-02 1.099501e-01 1.000000e-01 1.536999e+00 -0.953419 0.087859 0.218454 0.303944 0.259858 0.083303 0.953419 -0.000854 -0.018812 -0.919547 0.000000 
1.100000e-01 1.003093e-01 9.749522e-02 1.099433e-01 1.000000e-01 1.543171e+00 -0.957501 0.083190 0.214367 0.319189 0.260648 0.080108 0.957502 -0.001378 -0.019860 -0.920596 0.000000 
1.100000e-01 1.003093e-01 9.749522e-02 1.099344e-01 1.000000e-01 1.549301e+00 -0.961558 0.077886 0.208903 0.337942 0.260632 0.076196 0.961558 -0.001899 -0.020902 -0.921638 0.000000 
1.100000e-01 1.003093e-01 9.749522e-02 1.099211e-01 1.000000e-01 1.555389e+00 -0.965592 0.071875 0.201514 0.361518 0.259250 0.071434 0.965592 -0.002416 -0.021937 -0.922675 0.000000 
1.100000e-01 1.003093e-01 9.749522e-02 1.098987e-01 1.000000e-01 1.561437e+00 -0.969606 0.065098 0.191454 0.391809 0.255548 0.065698 0.969606 -0.002931 -0.022968 -0.923706 0.000000 
1.100000e-01 1.003093e-01 9.749522e-02 1.098580e-01 1.000000e-01 1.567447e+00 -0.973611 0.057608 0.178209 0.430365 0.248424 0.059005 0.973611 -0.003445 -0.023996 -0.924736 0.000000 
1.100000e-01 1.003093e-01 9.749522e-02 1.097807e-01 1.000000e-01 1.573427e+00 -0.977627 0.049383 0.160928 0.480073 0.235951 0.051292 0.977627 -0.003961 -0.025027 -0.925768 0.000000 
1.100000e-01 1.003093e-01 9.749522e-02 1.096353e-01 1.000000e-01 1.579393e+00 -0.981696 0.040366 0.138574 0.545204 0.215086 0.042466 0.981696 -0.004483 -0.026072 -0.926813 0.000000 
1.100000e-01 1.003093e-01 9.749522e-02 1.093746e-01 1.000000e-01 1.585379e+00 -0.985922 0.030332 0.109318 0.633925 0.180082 0.032264 0.985922 -0.005025 -0.027157 -0.927899 0.000000 
1.100000e-01 1.003093e-01 9.749522e-02 1.089753e-01 1.000000e-01 1.591450e+00 -0.990535 0.018766 0.070389 0.759229 0.122018 0.020133 0.990535 -0.005618 -0.028341 -0.929085 0.000000 
1.100000e-01 1.003093e-01 9.749522e-02 1.085989e-01 1.000000e-01 1.597550e+00 -0.995685 0.005438 0.021205 0.925136 0.037999 0.005906 0.995685 -0.006278 -0.029663 -0.930408 0.000000 
1.100000e-01 1.003093e-01 9.749522e-02 1.085989e-01 1.000000e-01 1.597550e+00 -0.995685 0.005438 0.021205 0.925136 0.037999 0.005906 0.995685 -0.006278 -0.029663 -0.930408 0.000000 
1.100000e-01 1.003093e-01 9.749522e-02 1.085989e-01 1.000000e-01 1.597550e+00 -0.995685 0.005438 0.021205 0.925136 0.037999 0.005906 0.995685 -0.006278 -0.029663 -0.930408 0.000000 
1.100000e-01 1.003093e-01 9.749522e-02 1.085989e-01 1.000000e-01 1.597550e+00 -0.995685 0.005438 0.021205 0.925136 0.037999 0.005906 0.995685 -0.006278 -0.029663 -0.930408 0.000000 
1.100000e-01 1.003093e-01 9.749522e-02 1.085989e-01 1.000000e-01 1.597550e+00 -0.995685 0.005438 0.021205 0.925136 0.037999 0.005906 0.995685 -0.006278 -0.029663 -0.930408 0.000000 
1.100000e-01 1.003093e-01 9.749522e-02 1.085989e-01 1.000000e-01 1.597550e+00 -0.995685 0.005438 0.021205 0.925136 0.037999 0.005906 0.995685 -0.006278 -0.029663 -0.930408 0.000000 
1.100000e-01 1.003093e-01 9.749522e-02 1.085989e-01 1.000000e-01 1.597550e+00 -0.995685 0.005438 0.021205 0.925136 0.037999 0.005906 0.995685 -0.006278 -0.029663 -0.930408 0.000000 
1.100000e-01 1.003093e-01 9.749522e-02 1.085989e-01 1.000000e-01 1.597550e+00 -0.995685 0.005438 0.021205 0.925136 0.037999 0.005906 0.995685 -0.006278 -0.029663 -0.930408 0.000000 
1.100000e-01 1.003093e-01 9.749522e-02 1.085989e-01 1.000000e-01 1.597550e+00 -0.995685 0.005438 0.021205 0.925136 0.037999 0.005906 0.995685 -0.006278 -0.029663 -0.930408 0.000000 
1.100000e-01 1.003093e-01 9.749522e-02 1.085989e-01 1.000000e-01 1.597550e+00 -0.995685 0.005438 0.021205 0.925136 0.037999 0.005906 0.995685 -0.006278 -0.029663 -0.930408 0.000000 
1.100000e-01 1.003093e-01 9.749522e-02 1.085989e-01 1.000000e-01 1.597550e+00 -0.995685 0.005438 0.021205 0.925136 0.037999 0.005906 0.995685 -0.006278 -0.029663 -0.930408 0.000000 
1.100000e-01 1.003093e-01 9.749522e-02 1.085989e-01 1.000000e-01 1.597550e+00 -0.995685 0.005438 0.021205 0.925136 0.037999 0.005906 0.995685 -0.006278 -0.029663 -0.930408 0.000000 
1.100000e-01 1.003093e-01 9.749522e-02 1.085989e-01 1.000000e-01 1.597550e+00 -0.995685 0.005438 0.021205 0.925136 0.037999 0.005906 0.995685 -0.006278 -0.029663 -0.930408 0.000000 
1.100000e-01 1.003093e-01 9.749522e-02 1.085989e-01 1.000000e-01 1.597550e+00 -0.995685 0.005438 0.021205 0.925136 0.037999 0.005906 0.995685 -0.006278 -0.029663 -0.930408 0.000000 
1.100000e-01 1.003093e-01 9.749522e-02 1.085989e-01 1.000000e-01 1.597550e+00 -0.995685 0.005438 0.021205 0.925136 0.037999 0.005906 0.995685 -0.006278 -0.029663 -0.930408 0.000000 
1.100000e-01 1.003093e-01 9.749522e-02 1.085989e-01 1.000000e-01 1.597550e+00 -0.995685 0.005438 0.021205 0.925136 0.037999 0.005906 0.995685 -0.006278 -0.029663 -0.930408 0.000000 
1.100000e-01 1.003093e-01 9.749522e-02 1.085989e-01 1.000000e-01 1.597550e+00 -0.995685 0.005438 0.021205 0.925136 0.037999 0.005906 0.995685 -0.006278 -0.029663 -0.930408 0.000000 
1.100000e-01 1.003093e-01 9.749522e-02 1.085989e-01 1.000000e-01 1.597550e+00 -0.995685 0.005438 0.021205 0.925136 0.037999 0.005906 0.995685 -0.006278 -0.029663 -0.930408 0.000000 
1.100000e-01 1.003093e-01 9.749522e-02 1.085989e-01 1.000000e-01 1.597550e+00 -0.995685 0.005438 0.021205 0.925136 0.037999 0.005906 0.995685 -0.006278 -0.029663 -0.930408 0.000000 
1.100000e-01 1.003093e-01 9.749522e-02 1.085989e-01 1.000000e-01 1.597550e+00 -0.995685 0.005438 0.021205 0.925136 0.037999 0.005906 0.995685 -0.006278 -0.029663 -0.930408 0.000000 
1.100000e-01 1.003093e-01 9.749522e-02 1.085989e-01 1.000000e-01 1.597550e+00 -0.995685 0.005438 0.021205 0.925136 0.037999 0.005906 0.995685 -0.006278 -0.029663 -0.930408 0.000000 
1.100000e-01 1.003093e-01 9.749522e-02 1.085989e-01 1.000000e-01 1.597550e+00 -0.995685 0.005438 0.021205 0.925136 0.037999 0.005906 0.995685 -0.006278 -0.029663 -0.930408 0.000000 
1.100000e-01 1.003093e-01 9.749522e-02 1.085989e-01 1.000000e-01 1.597550e+00 -0.995685 0.005438 0.021205 0.925136 0.037999 0.005906 0.995685 -0.006278 -0.029663 -0.930408 0.000000 
1.100000e-01 1.003093e-01 9.749522e-02 1.085989e-01 1.000000e-01 1.597550e+00 -0.995685 0.005438 0.021205 0.925136 0.037999 0.005906 0.995685 -0.006278 -0.029663 -0.930408 0.000000 
1.100000e-01 1.003093e-01 9.749522e-02 1.085989e-01 1.000000e-01 1.597550e+00 -0.995685 0.005438 0.021205 0.925136 0.037999 0.005906 0.995685 -0.006278 -0.029663 -0.930408 0.000000 
1.100000e-01 1.003093e-01 9.749522e-02 1.085989e-01 1.000000e-01 1.597550e+00 -0.995685 0.005438 0.021205 0.925136 0.037999 0.005906 0.995685 -0.006278 -0.029663 -0.930408 0.000000 
1.100000e-01 1.003093e-01 9.749522e-02 1.085989e-01 1.000000e-01 1.597550e+00 -0.995685 0.005438 0.021205 0.925136 0.037999 0.005906 0.995685 -0.006278 -0.029663 -0.930408 0.000000 
1.100000e-01 1.003093e-01 9.749522e-02 1.085989e-01 1.000000e-01 1.597550e+00 -0.995685 0.005438 0.021205 0.925136 0.037999 0.005906 0.995685 -0.006278 -0.029663 -0.930408 0.000000 
1.100000e-01 1.003093e-01 9.749522e-02 1.085989e-01 1.000000e-01 1.597550e+00 -0.995685 0.005438 0.021205 0.925136 0.037999 0.005906 0.995685 -0.006278 -0.029663 -0.930408 0.000000 
1.100000e-01 1.003093e-01 9.749522e-02 1.085989e-01 1.000000e-01 1.597550e+00 -0.995685 0.005438 0.021205 0.925136 0.037999 0.005906 0.995685 -0.006278 -0.029663 -0.930408 0.000000 
1.100000e-01 1.003093e-01 9.749522e-02 1.085989e-01 1.000000e-01 1.597550e+00 -0.995685 0.005438 0.021205 0.925136 0.037999 0.005906 0.995685 -0.006278 -0.029663 -0.930408 0.000000 
1.100000e-01 1.003093e-01 9.749522e-02 1.085989e-01 1.000000e-01 1.597550e+00 -0.995685 0.005438 0.021205 0.925136 0.037999 0.005906 0.995685 -0.006278 -0.029663 -0.930408 0.000000 
1.100000e-01 1.003093e-01 9.749522e-02 1.085989e-01 1.000000e-01 1.597550e+00 -0.995685 0.005438 0.021205 0.925136 0.037999 0.005906 0.995685 -0.006278 -0.029663 -0.930408 0.000000 
1.100000e-01 1.003093e-01 9.749522e-02 1.085989e-01 1.000000e-01 1.597550e+00 -0.995685 0.005438 0.021205 0.925136 0.037999 0.005906 0.995685 -0.006278 -0.029663 -0.930408 0.000000 
1.100000e-01 1.003093e-01 9.749522e-02 1.085989e-01 1.000000e-01 1.597550e+00 -0.995685 0.005438 0.021205 0.925136 0.037999 0.005906 0.995685 -0.006278 -0.029663 -0.930408 0.000000 
1.100000e-01 1.003093e-01 9.749522e-02 1.085989e-01 1.000000e-01 1.597550e+00 -0.995685 0.005438 0.021205 0.925136 0.037999 0.005906 0.995685 -0.006278 -0.029663 -0.930408 0.000000 
1.100000e-01 1.003093e-01 9.749522e-02 1.085989e-01 1.000000e-01 1.597550e+00 -0.995685 0.005438 0.021205 0.925136 0.037999 0.005906 0.995685 -0.006278 -0.029663 -0.930408 0.000000 
1.100000e-01 1.003093e-01 9.749522e-02 1.085989e-01 1.000000e-01 1.597550e+00 -0.995685 0.005438 0.021205 0.925136 0.037999 0.005906 0.995685 -0.006278 -0.029663 -0.930408 0.000000 
1.100000e-01 1.003093e-01 9.749522e-02 1.085989e-01 1.000000e-01 1.597550e+00 -0.995685 0.005438 0.021205 0.925136 0.037999 0.005906 0.995685 -0.006278 -0.029663 -0.930408 0.000000 
1.100000e-01 1.003093e-01 9.749522e-02 1.085989e-01 1.000000e-01 1.597550e+00 -0.995685 0.005438 0.021205 0.925136 0.037999 0.005906 0.995685 -0.006278 -0.029663 -0.930408 0.000000 
1.100000e-01 1.003093e-01 9.749522e-02 1.085989e-01 1.000000e-01 1.597550e+00 -0.995685 0.005438 0.021205 0.925136 0.037999 0.005906 0.995685 -0.006278 -0.029663 -0.930408 0.000000 
1.100000e-01 1.003093e-01 9.749522e-02 1.085989e-01 1.000000e-01 1.597550e+00 -0.995685 0.005438 0.021205 0.925136 0.037999 0.005906 0.995685 -0.006278 -0.029663 -0.930408 0.000000 
1.100000e-01 1.003093e-01 9.749522e-02 1.085989e-01 1.000000e-01 1.597550e+00 -0.995685 0.005438 0.021205 0.925136 0.037999 0.005906 0.995685 -0.006278 -0.029663 -0.930408 0.000000 
1.100000e-01 1.003093e-01 9.749522e-02 1.085989e-01 1.000000e-01 1.597550e+00 -0.995685 0.005438 0.021205 0.925136 0.037999 0.005906 0.995685 -0.006278 -0.029663 -0.930408 0.000000 
1.100000e-01 1.003093e-01 9.749522e-02 1.085989e-01 1.000000e-01 1.597550e+00 -0.995685 0.005438 0.021205 0.925136 0.037999 0.005906 0.995685 -0.006278 -0.029663 -0.930408 0.000000 
1.100000e-01 1.003093e-01 9.749522e-02 1.085989e-01 1.000000e-01 1.597550e+00 -0.995685 0.005438 0.021205 0.925136 0.037999 0.005906 0.995685 -0.006278 -0.029663 -0.930408 0.000000 
1.100000e-01 1.003093e-01 9.749522e-02 1.085989e-01 1.000000e-01 1.597550e+00 -0.995685 0.005438 0.021205 0.925136 0.037999 0.005906 0.995685 -0.006278 -0.029663 -0.930408 0.000000 
1.100000e-01 1.003093e-01 9.749522e-02 1.085989e-01 1.000000e-01 1.597550e+00 -0.995685 0.005438 0.021205 0.925136 0.037999 0.005906 0.995685 -0.006278 -0.029663 -0.930408 0.000000 
1.100000e-01 1.003093e-01 9.749522e-02 1.085989e-01 1.000000e-01 1.597550e+00 -0.995685 0.005438 0.021205 0.925136 0.037999 0.005906 0.995685 -0.006278 -0.029663 -0.930408 0.000000 
1.100000e-01 1.003093e-01 9.749522e-02 1.085989e-01 1.000000e-01 1.597550e+00 -0.995685 0.005438 0.021205 0.925136 0.037999 0.005906 0.995685 -0.006278 -0.029663 -0.930408 0.000000 
1.100000e-01 1.003093e-01 9.749522e-02 1.085989e-01 1.000000e-01 1.597550e+00 -0.995685 0.005438 0.021205 0.925136 0.037999 0.005906 0.995685 -0.006278 -0.029663 -0.930408 0.000000 
1.100000e-01 1.003093e-01 9.749522e-02 1.085989e-01 1.000000e-01 1.597550e+00 -0.995685 0.005438 0.021205 0.925136 0.037999 0.005906 0.995685 -0.006278 -0.029663 -0.930408 0.000000 
1.100000e-01 1.003093e-01 9.749522e-02 1.085989e-01 1.000000e-01 1.597550e+00 -0.995685 0.005438 0.021205 0.925136 0.037999 0.005906 0.995685 -0.006278 -0.029663 -0.930408 0.000000 
1.100000e-01 1.003093e-01 9.749522e-02 1.085989e-01 1.000000e-01 1.597550e+00 -0.995685 0.005438 0.021205 0.925136 0.037999 0.005906 0.995685 -0.006278 -0.029663 -0.930408 0.000000 
1.100000e-01 1.003093e-01 9.749522e-02 1.085989e-01 1.000000e-01 1.597550e+00 -0.995685 0.005438 0.021205 0.925136 0.037999 0.005906 0.995685 -0.006278 -0.029663 -0.930408 0.000000 
1.100000e-01 1.003093e-01 9.749522e-02 1.085989e-01 1.000000e-01 1.597550e+00 -0.995685 0.005438 0.021205 0.925136 0.037999 0.005906 0.995685 -0.006278 -0.029663 -0.930408 0.000000 
1.100000e-01 1.003093e-01 9.749522e-02 1.085989e-01 1.000000e-01 1.597550e+00 -0.995685 0.005438 0.021205 0.925136 0.037999 0.005906 0.995685 -0.006278 -0.029663 -0.930408 0.000000 
1.100000e-01 1.003093e-01 9.749522e-02 1.085989e-01 1.000000e-01 1.597550e+00 -0.995685 0.005438 0.021205 0.925136 0.037999 0.005906 0.995685 -0.006278 -0.029663 -0.930408 0.000000 
1.100000e-01 1.003093e-01 9.749522e-02 1.085989e-01 1.000000e-01 1.597550e+00 -0.995685 0.005438 0.021205 0.925136 0.037999 0.005906 0.995685 -0.006278 -0.029663 -0.930408 0.000000 
1.100000e-01 1.003093e-01 9.749522e-02 1.085989e-01 1.000000e-01 1.597550e+00 -0.995685 0.005438 0.021205 0.925136 0.037999 0.005906 0.995685 -0.006278 -0.029663 -0.930408 0.000000 
1.100000e-01 1.003093e-01 9.749522e-02 1.085989e-01 1.000000e-01 1.597550e+00 -0.995685 0.005438 0.021205 0.925136 0.037999 0.005906 0.995685 -0.006278 -0.029663 -0.930408 0.000000 
1.100000e-01 1.003093e-01 9.749522e-02 1.085989e-01 1.000000e-01 1.597550e+00 -0.995685 0.005438 0.021205 0.925136 0.037999 0.005906 0.995685 -0.006278 -0.029663 -0.930408 0.000000 
1.100000e-01 1.003093e-01 9.749522e-02 1.085989e-01 1.000000e-01 1.597550e+00 -0.995685 0.005438 0.021205 0.925136 0.037999 0.005906 0.995685 -0.006278 -0.029663 -0.930408 0.000000 
1.100000e-01 1.003093e-01 9.749522e-02 1.085989e-01 1.000000e-01 1.597550e+00 -0.995685 0.005438 0.021205 0.925136 0.037999 0.005906 0.995685 -0.006278 -0.029663 -0.930408 0.000000 
1.100000e-01 1.003093e-01 9.749522e-02 1.085989e-01 1.000000e-01 1.597550e+00 -0.995685 0.005438 0.021205 0.925136 0.037999 0.005906 0.995685 -0.006278 -0.029663 -0.930408 0.000000 
1.100000e-01 1.003093e-01 9.749522e-02 1.085989e-01 1.000000e-01 1.597550e+00 -0.995685 0.005438 0.021205 0.925136 0.037999 0.005906 0.995685 -0.006278 -0.029663 -0.930408 0.000000 
1.100000e-01 1.003093e-01 9.749522e-02 1.085989e-01 1.000000e-01 1.597550e+00 -0.995685 0.005438 0.021205 0.925136 0.037999 0.005906 0.995685 -0.006278 -0.029663 -0.930408 0.000000 
1.100000e-01 1.003093e-01 9.749522e-02 1.085989e-01 1.000000e-01 1.597550e+00 -0.995685 0.005438 0.021205 0.925136 0.037999 0.005906 0.995685 -0.006278 -0.029663 -0.930408 0.000000 
1.100000e-01 1.003093e-01 9.749522e-02 1.085989e-01 1.000000e-01 1.597550e+00 -0.995685 0.005438 0.021205 0.925136 0.037999 0.005906 0.995685 -0.006278 -0.029663 -0.930408 0.000000 
1.100000e-01 1.003093e-01 9.749522e-02 1.085989e-01 1.000000e-01 1.597550e+00 -0.995685 0.005438 0.021205 0.925136 0.037999 0.005906 0.995685 -0.006278 -0.029663 -0.930408 0.000000 
1.100000e-01 1.003093e-01 9.749522e-02 1.085989e-01 1.000000e-01 1.597550e+00 -0.995685 0.005438 0.021205 0.925136 0.037999 0.005906 0.995685 -0.006278 -0.029663 -0.930408 0.000000 
1.100000e-01 1.003093e-01 9.749522e-02 1.085989e-01 1.000000e-01 1.597550e+00 -0.995685 0.005438 0.021205 0.925136 0.037999 0.005906 0.995685 -0.006278 -0.029663 -0.930408 0.000000 
1.100000e-01 1.003093e-01 9.749522e-02 1.085989e-01 1.000000e-01 1.597550e+00 -0.995685 0.005438 0.021205 0.925136 0.037999 0.005906 0.995685 -0.006278 -0.029663 -0.930408 0.000000 
1.100000e-01 1.003093e-01 9.749522e-02 1.085989e-01 1.000000e-01 1.597550e+00 -0.995685 0.005438 0.021205 0.925136 0.037999 0.005906 0.995685 -0.006278 -0.029663 -0.930408 0.000000 
1.100000e-01 1.003093e-01 9.749522e-02 1.085989e-01 1.000000e-01 1.597550e+00 -0.995685 0.005438 0.021205 0.925136 0.037999 0.005906 0.995685 -0.006278 -0.029663 -0.930408 0.000000 
1.100000e-01 1.003093e-01 9.749522e-02 1.085989e-01 1.000000e-01 1.597550e+00 -0.995685 0.005438 0.021205 0.925136 0.037999 0.005906 0.995685 -0.006278 -0.029663 -0.930408 0.000000 
1.100000e-01 1.003093e-01 9.749522e-02 1.085989e-01 1.000000e-01 1.597550e+00 -0.995685 0.005438 0.021205 0.925136 0.037999 0.005906 0.995685 -0.006278 -0.029663 -0.930408 0.000000 
1.100000e-01 1.003093e-01 9.749522e-02 1.085989e-01 1.000000e-01 1.597550e+00 -0.995685 0.005438 0.021205 0.925136 0.037999 0.005906 0.995685 -0.006278 -0.029663 -0.930408 0.000000 
1.100000e-01 1.003093e-01 9.749522e-02 1.085989e-01 1.000000e-01 1.597550e+00 -0.995685 0.005438 0.021205 0.925136 0.037999 0.005906 0.995685 -0.006278 -0.029663 -0.930408 0.000000 
1.100000e-01 1.003093e-01 9.749522e-02 1.085989e-01 1.000000e-01 1.597550e+00 -0.995685 0.005438 0.021205 0.925136 0.037999 0.005906 0.995685 -0.006278 -0.029663 -0.930408 0.000000 
1.100000e-01 1.003093e-01 9.749522e-02 1.085989e-01 1.000000e-01 1.597550e+00 -0.995685 0.005438 0.021205 0.925136 0.037999 0.005906 0.995685 -0.006278 -0.029663 -0.930408 0.000000 
1.100000e-01 1.003093e-01 9.749522e-02 1.085989e-01 1.000000e-01 1.597550e+00 -0.995685 0.005438 0.021205 0.925136 0.037999 0.005906 0.995685 -0.006278 -0.029663 -0.930408 0.000000 
1.100000e-01 1.003093e-01 9.749522e-02 1.085989e-01 1.000000e-01 1.597550e+00 -0.995685 0.005438 0.021205 0.925136 0.037999 0.005906 0.995685 -0.006278 -0.029663 -0.930408 0.000000 
1.100000e-01 1.003093e-01 9.749522e-02 1.085989e-01 1.000000e-01 1.597550e+00 -0.995685 0.005438 0.021205 0.925136 0.037999 0.005906 0.995685 -0.006278 -0.029663 -0.930408 0.000000 
1.100000e-01 1.003093e-01 9.749522e-02 1.085989e-01 1.000000e-01 1.597550e+00 -0.995685 0.005438 0.021205 0.925136 0.037999 0.005906 0.995685 -0.006278 -0.029663 -0.930408 0.000000 
1.100000e-01 1.003093e-01 9.749522e-02 1.085989e-01 1.000000e-01 1.597550e+00 -0.995685 0.005438 0.021205 0.925136 0.037999 0.005906 0.995685 -0.006278 -0.029663 -0.930408 0.000000 
1.100000e-01 1.003093e-01 9.749522e-02 1.085989e-01 1.000000e-01 1.597550e+00 -0.995685 0.005438 0.021205 0.925136 0.037999 0.005906 0.995685 -0.006278 -0.029663 -0.930408 0.000000 
1.100000e-01 1.003093e-01 9.749522e-02 1.085989e-01 1.000000e-01 1.597550e+00 -0.995685 0.005438 0.021205 0.925136 0.037999 0.005906 0.995685 -0.006278 -0.029663 -0.930408 0.000000 
1.100000e-01 1.003093e-01 9.749522e-02 1.085989e-01 1.000000e-01 1.597550e+00 -0.995685 0.005438 0.021205 0.925136 0.037999 0.005906 0.995685 -0.006278 -0.029663 -0.930408 0.000000 
1.100000e-01 1.003093e-01 9.749522e-02 1.085989e-01 1.000000e-01 1.597550e+00 -0.995685 0.005438 0.021205 0.925136 0.037999 0.005906 0.995685 -0.006278 -0.029663 -0.930408 0.000000 
1.100000e-01 1.003093e-01 9.749522e-02 1.085989e-01 1.000000e-01 1.597550e+00 -0.995685 0.005438 0.021205 0.925136 0.037999 0.005906 0.995685 -0.006278 -0.029663 -0.930408 0.000000 
1.100000e-01 1.003093e-01 9.749522e-02 1.085989e-01 1.000000e-01 1.597550e+00 -0.995685 0.005438 0.021205 0.925136 0.037999 0.005906 0.995685 -0.006278 -0.029663 -0.930408 0.000000 
1.100000e-01 1.003093e-01 9.749522e-02 1.085989e-01 1.000000e-01 1.597550e+00 -0.995685 0.005438 0.021205 0.925136 0.037999 0.005906 0.995685 -0.006278 -0.029663 -0.930408 0.000000 
1.100000e-01 1.003093e-01 9.749522e-02 1.085989e-01 1.000000e-01 1.597550e+00 -0.995685 0.005438 0.021205 0.925136 0.037999 0.005906 0.995685 -0.006278 -0.029663 -0.930408 0.000000 
1.100000e-01 1.003093e-01 9.749522e-02 1.085989e-01 1.000000e-01 1.597550e+00 -0.995685 0.005438 0.021205 0.925136 0.037999 0.005906 0.995685 -0.006278 -0.029663 -0.930408 0.000000 
1.100000e-01 1.003093e-01 9.749522e-02 1.085989e-01 1.000000e-01 1.597550e+00 -0.995685 0.005438 0.021205 0.925136 0.037999 0.005906 0.995685 -0.006278 -0.029663 -0.930408 0.000000 
1.100000e-01 1.003093e-01 9.749522e-02 1.085989e-01 1.000000e-01 1.597550e+00 -0.995685 0.005438 0.021205 0.925136 0.037999 0.005906 0.995685 -0.006278 -0.029663 -0.930408 0.000000 
1.100000e-01 1.003093e-01 9.749522e-02 1.085989e-01 1.000000e-01 1.597550e+00 -0.995685 0.005438 0.021205 0.925136 0.037999 0.005906 0.995685 -0.006278 -0.029663 -0.930408 0.000000 
1.100000e-01 1.003093e-01 9.749522e-02 1.085989e-01 1.000000e-01 1.597550e+00 -0.995685 0.005438 0.021205 0.925136 0.037999 0.005906 0.995685 -0.006278 -0.029663 -0.930408 0.000000 
1.100000e-01 1.003093e-01 9.749522e-02 1.085989e-01 1.000000e-01 1.597550e+00 -0.995685 0.005438 0.021205 0.925136 0.037999 0.005906 0.995685 -0.006278 -0.029663 -0.930408 0.000000 
1.100000e-01 1.003093e-01 9.749522e-02 1.085989e-01 1.000000e-01 1.597550e+00 -0.995685 0.005438 0.021205 0.925136 0.037999 0.005906 0.995685 -0.006278 -0.029663 -0.930408 0.000000 
1.100000e-01 1.003093e-01 9.749522e-02 1.085989e-01 1.000000e-01 1.597550e+00 -0.995685 0.005438 0.021205 0.925136 0.037999 0.005906 0.995685 -0.006278 -0.029663 -0.930408 0.000000 
1.100000e-01 1.003093e-01 9.749522e-02 1.085989e-01 1.000000e-01 1.597550e+00 -0.995685 0.005438 0.021205 0.925136 0.037999 0.005906 0.995685 -0.006278 -0.029663 -0.930408 0.000000 
1.100000e-01 1.003093e-01 9.749522e-02 1.085989e-01 1.000000e-01 1.597550e+00 -0.995685 0.005438 0.021205 0.925136 0.037999 0.005906 0.995685 -0.006278 -0.029663 -0.930408 0.000000 
1.100000e-01 1.003093e-01 9.749522e-02 1.085989e-01 1.000000e-01 1.597550e+00 -0.995685 0.005438 0.021205 0.925136 0.037999 0.005906 0.995685 -0.006278 -0.029663 -0.930408 0.000000 
1.100000e-01 1.003093e-01 9.749522e-02 1.085989e-01 1.000000e-01 1.597550e+00 -0.995685 0.005438 0.021205 0.925136 0.037999 0.005906 0.995685 -0.006278 -0.029663 -0.930408 0.000000 
1.100000e-01 1.003093e-01 9.749522e-02 1.085989e-01 1.000000e-01 1.597550e+00 -0.995685 0.005438 0.021205 0.925136 0.037999 0.005906 0.995685 -0.006278 -0.029663 -0.930408 0.000000 
1.100000e-01 1.003093e-01 9.749522e-02 1.085989e-01 1.000000e-01 1.597550e+00 -0.995685 0.005438 0.021205 0.925136 0.037999 0.005906 0.995685 -0.006278 -0.029663 -0.930408 0.000000 
1.100000e-01 1.003093e-01 9.749522e-02 1.085989e-01 1.000000e-01 1.597550e+00 -0.995685 0.005438 0.021205 0.925136 0.037999 0.005906 0.995685 -0.006278 -0.029663 -0.930408 0.000000 
1.100000e-01 1.003093e-01 9.749522e-02 1.085989e-01 1.000000e-01 1.597550e+00 -0.995685 0.005438 0.021205 0.925136 0.037999 0.005906 0.995685 -0.006278 -0.029663 -0.930408 0.000000 
1.100000e-01 1.003093e-01 9.749522e-02 1.085989e-01 1.000000e-01 1.597550e+00 -0.995685 0.005438 0.021205 0.925136 0.037999 0.005906 0.995685 -0.006278 -0.029663 -0.930408 0.000000 
1.100000e-01 1.003093e-01 9.749522e-02 1.085989e-01 1.000000e-01 1.597550e+00 -0.995685 0.005438 0.021205 0.925136 0.037999 0.005906 0.995685 -0.006278 -0.029663 -0.930408 0.000000 
1.100000e-01 1.003093e-01 9.749522e-02 1.085989e-01 1.000000e-01 1.597550e+00 -0.995685 0.005438 0.021205 0.925136 0.037999 0.005906 0.995685 -0.006278 -0.029663 -0.930408 0.000000 
1.100000e-01 1.003093e-01 9.749522e-02 1.085989e-01 1.000000e-01 1.597550e+00 -0.995685 0.005438 0.021205 0.925136 0.037999 0.005906 0.995685 -0.006278 -0.029663 -0.930408 0.000000 
1.100000e-01 1.003093e-01 9.749522e-02 1.085989e-01 1.000000e-01 1.597550e+00 -0.995685 0.005438 0.021205 0.925136 0.037999 0.005906 0.995685 -0.006278 -0.029663 -0.930408 0.000000 
1.100000e-01 1.003093e-01 9.749522e-02 1.085989e-01 1.000000e-01 1.597550e+00 -0.995685 0.005438 0.021205 0.925136 0.037999 0.005906 0.995685 -0.006278 -0.029663 -0.930408 0.000000 
1.100000e-01 1.003093e-01 9.749522e-02 1.085989e-01 1.000000e-01 1.597550e+00 -0.995685 0.005438 0.021205 0.925136 0.037999 0.005906 0.995685 -0.006278 -0.029663 -0.930408 0.000000 
1.100000e-01 1.003093e-01 9.749522e-02 1.085989e-01 1.000000e-01 1.597550e+00 -0.995685 0.005438 0.021205 0.925136 0.037999 0.005906 0.995685 -0.006278 -0.029663 -0.930408 0.000000 
1.100000e-01 1.003093e-01 9.749522e-02 1.085989e-01 1.000000e-01 1.597550e+00 -0.995685 0.005438 0.021205 0.925136 0.037999 0.005906 0.995685 -0.006278 -0.029663 -0.930408 0.000000 
1.100000e-01 1.003093e-01 9.749522e-02 1.085989e-01 1.000000e-01 1.597550e+00 -0.995685 0.005438 0.021205 0.925136 0.037999 0.005906 0.995685 -0.006278 -0.029663 -0.930408 0.000000 
1.100000e-01 1.003093e-01 9.749522e-02 1.085989e-01 1.000000e-01 1.597550e+00 -0.995685 0.005438 0.021205 0.925136 0.037999 0.005906 0.995685 -0.006278 -0.029663 -0.930408 0.000000 
1.100000e-01 1.003093e-01 9.749522e-02 1.085989e-01 1.000000e-01 1.597550e+00 -0.995685 0.005438 0.021205 0.925136 0.037999 0.005906 0.995685 -0.006278 -0.029663 -0.930408 0.000000 
1.100000e-01 1.003093e-01 9.749522e-02 1.085989e-01 1.000000e-01 1.597550e+00 -0.995685 0.005438 0.021205 0.925136 0.037999 0.005906 0.995685 -0.006278 -0.029663 -0.930408 0.000000 
1.100000e-01 1.003093e-01 9.749522e-02 1.085989e-01 1.000000e-01 1.597550e+00 -0.995685 0.005438 0.021205 0.925136 0.037999 0.005906 0.995685 -0.006278 -0.029663 -0.930408 0.000000 
1.100000e-01 1.003093e-01 9.749522e-02 1.085989e-01 1.000000e-01 1.597550e+00 -0.995685 0.005438 0.021205 0.925136 0.037999 0.005906 0.995685 -0.006278 -0.029663 -0.930408 0.000000 
1.100000e-01 1.003093e-01 9.749522e-02 1.085989e-01 1.000000e-01 1.597550e+00 -0.995685 0.005438 0.021205 0.925136 0.037999 0.005906 0.995685 -0.006278 -0.029663 -0.930408 0.000000 
1.100000e-01 1.003093e-01 9.749522e-02 1.085989e-01 1.000000e-01 1.597550e+00 -0.995685 0.005438 0.021205 0.925136 0.037999 0.005906 0.995685 -0.006278 -0.029663 -0.930408 0.000000 
1.100000e-01 1.003093e-01 9.749522e-02 1.085989e-01 1.000000e-01 1.597550e+00 -0.995685 0.005438 0.021205 0.925136 0.037999 0.005906 0.995685 -0.006278 -0.029663 -0.930408 0.000000 
1.100000e-01 1.003093e-01 9.749522e-02 1.085989e-01 1.000000e-01 1.597550e+00 -0.995685 0.005438 0.021205 0.925136 0.037999 0.005906 0.995685 -0.006278 -0.029663 -0.930408 0.000000 
1.100000e-01 1.003093e-01 9.749522e-02 1.085989e-01 1.000000e-01 1.597550e+00 -0.995685 0.005438 0.021205 0.925136 0.037999 0.005906 0.995685 -0.006278 -0.029663 -0.930408 0.000000 
1.100000e-01 1.003093e-01 9.749522e-02 1.085989e-01 1.000000e-01 1.597550e+00 -0.995685 0.005438 0.021205 0.925136 0.037999 0.005906 0.995685 -0.006278 -0.029663 -0.930408 0.000000 
1.100000e-01 1.003093e-01 9.749522e-02 1.085989e-01 1.000000e-01 1.597550e+00 -0.995685 0.005438 0.021205 0.925136 0.037999 0.005906 0.995685 -0.006278 -0.029663 -0.930408 0.000000 
1.100000e-01 1.003093e-01 9.749522e-02 1.085989e-01 1.000000e-01 1.597550e+00 -0.995685 0.005438 0.021205 0.925136 0.037999 0.005906 0.995685 -0.006278 -0.029663 -0.930408 0.000000 
1.100000e-01 1.003093e-01 9.749522e-02 1.085989e-01 1.000000e-01 1.597550e+00 -0.995685 0.005438 0.021205 0.925136 0.037999 0.005906 0.995685 -0.006278 -0.029663 -0.930408 0.000000 
1.100000e-01 1.003093e-01 9.749522e-02 1.085989e-01 1.000000e-01 1.597550e+00 -0.995685 0.005438 0.021205 0.925136 0.037999 0.005906 0.995685 -0.006278 -0.029663 -0.930408 0.000000 
1.100000e-01 1.003093e-01 9.749522e-02 1.085989e-01 1.000000e-01 1.597550e+00 -0.995685 0.005438 0.021205 0.925136 0.037999 0.005906 0.995685 -0.006278 -0.029663 -0.930408 0.000000 
1.100000e-01 1.003093e-01 9.749522e-02 1.085989e-01 1.000000e-01 1.597550e+00 -0.995685 0.005438 0.021205 0.925136 0.037999 0.005906 0.995685 -0.006278 -0.029663 -0.930408 0.000000 
1.100000e-01 1.003093e-01 9.749522e-02 1.085989e-01 1.000000e-01 1.597550e+00 -0.995685 0.005438 0.021205 0.925136 0.037999 0.005906 0.995685 -0.006278 -0.029663 -0.930408 0.000000 
1.100000e-01 1.003093e-01 9.749522e-02 1.085989e-01 1.000000e-01 1.597550e+00 -0.995685 0.005438 0.021205 0.925136 0.037999 0.005906 0.995685 -0.006278 -0.029663 -0.930408 0.000000 
1.100000e-01 1.003093e-01 9.749522e-02 1.085989e-01 1.000000e-01 1.597550e+00 -0.995685 0.005438 0.021205 0.925136 0.037999 0.005906 0.995685 -0.006278 -0.029663 -0.930408 0.000000 
1.100000e-01 1.003093e-01 9.749522e-02 1.085989e-01 1.000000e-01 1.597550e+00 -0.995685 0.005438 0.021205 0.925136 0.037999 0.005906 0.995685 -0.006278 -0.029663 -0.930408 0.000000 
1.100000e-01 1.003093e-01 9.749522e-02 1.085989e-01 1.000000e-01 1.597550e+00 -0.995685 0.005438 0.021205 0.925136 0.037999 0.005906 0.995685 -0.006278 -0.029663 -0.930408 0.000000 
1.100000e-01 1.003093e-01 9.749522e-02 1.085989e-01 1.000000e-01 1.597550e+00 -0.995685 0.005438 0.021205 0.925136 0.037999 0.005906 0.995685 -0.006278 -0.029663 -0.930408 0.000000 
1.100000e-01 1.003093e-01 9.749522e-02 1.085989e-01 1.000000e-01 1.597550e+00 -0.995685 0.005438 0.021205 0.925136 0.037999 0.005906 0.995685 -0.006278 -0.029663 -0.930408 0.000000 
1.100000e-01 1.003093e-01 9.749522e-02 1.085989e-01 1.000000e-01 1.597550e+00 -0.995685 0.005438 0.021205 0.925136 0.037999 0.005906 0.995685 -0.006278 -0.029663 -0.930408 0.000000 
1.100000e-01 1.003093e-01 9.749522e-02 1.085989e-01 1.000000e-01 1.597550e+00 -0.995685 0.005438 0.021205 0.925136 0.037999 0.005906 0.995685 -0.006278 -0.029663 -0.930408 0.000000 
1.100000e-01 1.003093e-01 9.749522e-02 1.085989e-01 1.000000e-01 1.597550e+00 -0.995685 0.005438 0.021205 0.925136 0.037999 0.005906 0.995685 -0.006278 -0.029663 -0.930408 0.000000 
1.100000e-01 1.003093e-01 9.749522e-02 1.085989e-01 1.000000e-01 1.597550e+00 -0.995685 0.005438 0.021205 0.925136 0.037999 0.005906 0.995685 -0.006278 -0.029663 -0.930408 0.000000 
1.100000e-01 1.003093e-01 9.749522e-02 1.085989e-01 1.000000e-01 1.597550e+00 -0.995685 0.005438 0.021205 0.925136 0.037999 0.005906 0.995685 -0.006278 -0.029663 -0.930408 0.000000 
1.100000e-01 1.003093e-01 9.749522e-02 1.085989e-01 1.000000e-01 1.597550e+00 -0.995685 0.005438 0.021205 0.925136 0.037999 0.005906 0.995685 -0.006278 -0.029663 -0.930408 0.000000 
1.100000e-01 1.003093e-01 9.749522e-02 1.085989e-01 1.000000e-01 1.597550e+00 -0.995685 0.005438 0.021205 0.925136 0.037999 0.005906 0.995685 -0.006278 -0.029663 -0.930408 0.000000 
1.100000e-01 1.003093e-01 9.749522e-02 1.085989e-01 1.000000e-01 1.597550e+00 -0.995685 0.005438 0.021205 0.925136 0.037999 0.005906 0.995685 -0.006278 -0.029663 -0.930408 0.000000 
1.100000e-01 1.003093e-01 9.749522e-02 1.085989e-01 1.000000e-01 1.597550e+00 -0.995685 0.005438 0.021205 0.925136 0.037999 0.005906 0.995685 -0.006278 -0.029663 -0.930408 0.000000 
1.100000e-01 1.003093e-01 9.749522e-02 1.085989e-01 1.000000e-01 1.597550e+00 -0.995685 0.005438 0.021205 0.925136 0.037999 0.005906 0.995685 -0.006278 -0.029663 -0.930408 0.000000 
1.100000e-01 1.003093e-01 9.749522e-02 1.085989e-01 1.000000e-01 1.597550e+00 -0.995685 0.005438 0.021205 0.925136 0.037999 0.005906 0.995685 -0.006278 -0.029663 -0.930408 0.000000 
1.100000e-01 1.003093e-01 9.749522e-02 1.085989e-01 1.000000e-01 1.597550e+00 -0.995685 0.005438 0.021205 0.925136 0.037999 0.005906 0.995685 -0.006278 -0.029663 -0.930408 0.000000 
1.100000e-01 1.003093e-01 9.749522e-02 1.085989e-01 1.000000e-01 1.597550e+00 -0.995685 0.005438 0.021205 0.925136 0.037999 0.005906 0.995685 -0.006278 -0.029663 -0.930408 0.000000 
1.100000e-01 1.003093e-01 9.749522e-02 1.085989e-01 1.000000e-01 1.597550e+00 -0.995685 0.005438 0.021205 0.925136 0.037999 0.005906 0.995685 -0.006278 -0.029663 -0.930408 0.000000 
1.100000e-01 1.003093e-01 9.749522e-02 1.085989e-01 1.000000e-01 1.597550e+00 -0.995685 0.005438 0.021205 0.925136 0.037999 0.005906 0.995685 -0.006278 -0.029663 -0.930408 0.000000 
1.100000e-01 1.003093e-01 9.749522e-02 1.085989e-01 1.000000e-01 1.597550e+00 -0.995685 0.005438 0.021205 0.925136 0.037999 0.005906 0.995685 -0.006278 -0.029663 -0.930408 0.000000 
1.100000e-01 1.003093e-01 9.749522e-02 1.085989e-01 1.000000e-01 1.597550e+00 -0.995685 0.005438 0.021205 0.925136 0.037999 0.005906 0.995685 -0.006278 -0.029663 -0.930408 0.000000 
1.100000e-01 1.003093e-01 9.749522e-02 1.085989e-01 1.000000e-01 1.597550e+00 -0.995685 0.005438 0.021205 0.925136 0.037999 0.005906 0.995685 -0.006278 -0.029663 -0.930408 0.000000 
1.100000e-01 1.003093e-01 9.749522e-02 1.085989e-01 1.000000e-01 1.597550e+00 -0.995685 0.005438 0.021205 0.925136 0.037999 0.005906 0.995685 -0.006278 -0.029663 -0.930408 0.000000 
1.100000e-01 1.003093e-01 9.749522e-02 1.085989e-01 1.000000e-01 1.597550e+00 -0.995685 0.005438 0.021205 0.925136 0.037999 0.005906 0.995685 -0.006278 -0.029663 -0.930408 0.000000 
1.100000e-01 1.003093e-01 9.749522e-02 1.085989e-01 1.000000e-01 1.597550e+00 -0.995685 0.005438 0.021205 0.925136 0.037999 0.005906 0.995685 -0.006278 -0.029663 -0.930408 0.000000 
1.100000e-01 1.003093e-01 9.749522e-02 1.085989e-01 1.000000e-01 1.597550e+00 -0.995685 0.005438 0.021205 0.925136 0.037999 0.005906 0.995685 -0.006278 -0.029663 -0.930408 0.000000 
1.100000e-01 1.003093e-01 9.749522e-02 1.085989e-01 1.000000e-01 1.597550e+00 -0.995685 0.005438 0.021205 0.925136 0.037999 0.005906 0.995685 -0.006278 -0.029663 -0.930408 0.000000 
1.100000e-01 1.003093e-01 9.749522e-02 1.085989e-01 1.000000e-01 1.597550e+00 -0.995685 0.005438 0.021205 0.925136 0.037999 0.005906 0.995685 -0.006278 -0.029663 -0.930408 0.000000 
1.100000e-01 1.003093e-01 9.749522e-02 1.085989e-01 1.000000e-01 1.597550e+00 -0.995685 0.005438 0.021205 0.925136 0.037999 0.005906 0.995685 -0.006278 -0.029663 -0.930408 0.000000 
1.100000e-01 1.003093e-01 9.749522e-02 1.085989e-01 1.000000e-01 1.597550e+00 -0.995685 0.005438 0.021205 0.925136 0.037999 0.005906 0.995685 -0.006278 -0.029663 -0.930408 0.000000 
1.100000e-01 1.003093e-01 9.749522e-02 1.085989e-01 1.000000e-01 1.597550e+00 -0.995685 0.005438 0.021205 0.925136 0.037999 0.005906 0.995685 -0.006278 -0.029663 -0.930408 0.000000 
1.100000e-01 1.003093e-01 9.749522e-02 1.085989e-01 1.000000e-01 1.597550e+00 -0.995685 0.005438 0.021205 0.925136 0.037999 0.005906 0.995685 -0.006278 -0.029663 -0.930408 0.000000 
1.100000e-01 1.003093e-01 9.749522e-02 1.085989e-01 1.000000e-01 1.597550e+00 -0.995685 0.005438 0.021205 0.925136 0.037999 0.005906 0.995685 -0.006278 -0.029663 -0.930408 0.000000 
1.100000e-01 1.003093e-01 9.749522e-02 1.085989e-01 1.000000e-01 1.597550e+00 -0.995685 0.005438 0.021205 0.925136 0.037999 0.005906 0.995685 -0.006278 -0.029663 -0.930408 0.000000 
1.100000e-01 1.003093e-01 9.749522e-02 1.085989e-01 1.000000e-01 1.597550e+00 -0.995685 0.005438 0.021205 0.925136 0.037999 0.005906 0.995685 -0.006278 -0.029663 -0.930408 0.000000 
1.100000e-01 1.003093e-01 9.749522e-02 1.085989e-01 1.000000e-01 1.597550e+00 -0.995685 0.005438 0.021205 0.925136 0.037999 0.005906 0.995685 -0.006278 -0.029663 -0.930408 0.000000 
1.100000e-01 1.003093e-01 9.749522e-02 1.085989e-01 1.000000e-01 1.597550e+00 -0.995685 0.005438 0.021205 0.925136 0.037999 0.005906 0.995685 -0.006278 -0.029663 -0.930408 0.000000 
1.100000e-01 1.003093e-01 9.749522e-02 1.085989e-01 1.000000e-01 1.597550e+00 -0.995685 0.005438 0.021205 0.925136 0.037999 0.005906 0.995685 -0.006278 -0.029663 -0.930408 0.000000 
1.100000e-01 1.003093e-01 9.749522e-02 1.085989e-01 1.000000e-01 1.597550e+00 -0.995685 0.005438 0.021205 0.925136 0.037999 0.005906 0.995685 -0.006278 -0.029663 -0.930408 0.000000 
1.100000e-01 1.003093e-01 9.749522e-02 1.085989e-01 1.000000e-01 1.597550e+00 -0.995685 0.005438 0.021205 0.925136 0.037999 0.005906 0.995685 -0.006278 -0.029663 -0.930408 0.000000 
1.100000e-01 1.003093e-01 9.749522e-02 1.085989e-01 1.000000e-01 1.597550e+00 -0.995685 0.005438 0.021205 0.925136 0.037999 0.005906 0.995685 -0.006278 -0.029663 -0.930408 0.000000 
1.100000e-01 1.003093e-01 9.749522e-02 1.085989e-01 1.000000e-01 1.597550e+00 -0.995685 0.005438 0.021205 0.925136 0.037999 0.005906 0.995685 -0.006278 -0.029663 -0.930408 0.000000 
1.100000e-01 1.003093e-01 9.749522e-02 1.085989e-01 1.000000e-01 1.597550e+00 -0.995685 0.005438 0.021205 0.925136 0.037999 0.005906 0.995685 -0.006278 -0.029663 -0.930408 0.000000 
1.100000e-01 1.003093e-01 9.749522e-02 1.085989e-01 1.000000e-01 1.597550e+00 -0.995685 0.005438 0.021205 0.925136 0.037999 0.005906 0.995685 -0.006278 -0.029663 -0.930408 0.000000 
1.100000e-01 1.003093e-01 9.749522e-02 1.085989e-01 1.000000e-01 1.597550e+00 -0.995685 0.005438 0.021205 0.925136 0.037999 0.005906 0.995685 -0.006278 -0.029663 -0.930408 0.000000 
1.100000e-01 1.003093e-01 9.749522e-02 1.085989e-01 1.000000e-01 1.597550e+00 -0.995685 0.005438 0.021205 0.925136 0.037999 0.005906 0.995685 -0.006278 -0.029663 -0.930408 0.000000 
1.100000e-01 1.003093e-01 9.749522e-02 1.085989e-01 1.000000e-01 1.597550e+00 -0.995685 0.005438 0.021205 0.925136 0.037999 0.005906 0.995685 -0.006278 -0.029663 -0.930408 0.000000 
1.100000e-01 1.003093e-01 9.749522e-02 1.085989e-01 1.000000e-01 1.597550e+00 -0.995685 0.005438 0.021205 0.925136 0.037999 0.005906 0.995685 -0.006278 -0.029663 -0.930408 0.000000 
1.100000e-01 1.003093e-01 9.749522e-02 1.085989e-01 1.000000e-01 1.597550e+00 -0.995685 0.005438 0.021205 0.925136 0.037999 0.005906 0.995685 -0.006278 -0.029663 -0.930408 0.000000 
1.100000e-01 1.003093e-01 9.749522e-02 1.085989e-01 1.000000e-01 1.597550e+00 -0.995685 0.005438 0.021205 0.925136 0.037999 0.005906 0.995685 -0.006278 -0.029663 -0.930408 0.000000 
1.100000e-01 1.003093e-01 9.749522e-02 1.085989e-01 1.000000e-01 1.597550e+00 -0.995685 0.005438 0.021205 0.925136 0.037999 0.005906 0.995685 -0.006278 -0.029663 -0.930408 0.000000 
1.100000e-01 1.003093e-01 9.749522e-02 1.085989e-01 1.000000e-01 1.597550e+00 -0.995685 0.005438 0.021205 0.925136 0.037999 0.005906 0.995685 -0.006278 -0.029663 -0.930408 0.000000 
1.100000e-01 1.003093e-01 9.749522e-02 1.085989e-01 1.000000e-01 1.597550e+00 -0.995685 0.005438 0.021205 0.925136 0.037999 0.005906 0.995685 -0.006278 -0.029663 -0.930408 0.000000 
1.100000e-01 1.003093e-01 9.749522e-02 1.085989e-01 1.000000e-01 1.597550e+00 -0.995685 0.005438 0.021205 0.925136 0.037999 0.005906 0.995685 -0.006278 -0.029663 -0.930408 0.000000 
1.100000e-01 1.003093e-01 9.749522e-02 1.085989e-01 1.000000e-01 1.597550e+00 -0.995685 0.005438 0.021205 0.925136 0.037999 0.005906 0.995685 -0.006278 -0.029663 -0.930408 0.000000 
1.100000e-01 1.003093e-01 9.749522e-02 1.085989e-01 1.000000e-01 1.597550e+00 -0.995685 0.005438 0.021205 0.925136 0.037999 0.005906 0.995685 -0.006278 -0.029663 -0.930408 0.000000 
1.100000e-01 1.003093e-01 9.749522e-02 1.085989e-01 1.000000e-01 1.597550e+00 -0.995685 0.005438 0.021205 0.925136 0.037999 0.005906 0.995685 -0.006278 -0.029663 -0.930408 0.000000 
1.100000e-01 1.003093e-01 9.749522e-02 1.085989e-01 1.000000e-01 1.597550e+00 -0.995685 0.005438 0.021205 0.925136 0.037999 0.005906 0.995685 -0.006278 -0.029663 -0.930408 0.000000 
1.100000e-01 1.003093e-01 9.749522e-02 1.085989e-01 1.000000e-01 1.597550e+00 -0.995685 0.005438 0.021205 0.925136 0.037999 0.005906 0.995685 -0.006278 -0.029663 -0.930408 0.000000 
1.100000e-01 1.003093e-01 9.749522e-02 1.085989e-01 1.000000e-01 1.597550e+00 -0.995685 0.005438 0.021205 0.925136 0.037999 0.005906 0.995685 -0.006278 -0.029663 -0.930408 0.000000 
