# TeX TeY TeZ ThX ThY THZ P1 P2
1.150000e-01 1.000000e-01 4.650000e-01 1.150000e-01 1.000000e-01 4.650000e-01 0.000000 0.000000 0.000000 0.000000 0.000000 0.000000 0.000000 0.000000 0.000000 0.000000 0.000000 
1.150000e-01 9.999987e-02 4.522942e-01 1.149999e-01 1.000000e-01 4.739108e-01 -0.014282 0.001833 0.003667 0.003670 0.003690 0.001422 0.014282 -0.001832 -0.003667 -0.003672 0.000000 
1.150000e-01 9.999971e-02 4.395550e-01 1.149998e-01 1.000000e-01 4.828121e-01 -0.028579 0.003668 0.007337 0.007344 0.007384 0.002846 0.028579 -0.003665 -0.007337 -0.007349 0.000000 
1.150000e-01 9.999951e-02 4.267826e-01 1.149998e-01 1.000000e-01 4.917038e-01 -0.042892 0.005505 0.011012 0.011022 0.011082 0.004271 0.042892 -0.005501 -0.011012 -0.011031 0.000000 
1.150000e-01 9.999928e-02 4.139773e-01 1.149997e-01 1.000000e-01 5.005859e-01 -0.057220 0.007344 0.014690 0.014704 0.014785 0.005698 0.057221 -0.007337 -0.014691 -0.014718 0.000000 
1.150000e-01 9.999899e-02 4.011393e-01 1.149997e-01 1.000000e-01 5.094583e-01 -0.071564 0.009185 0.018373 0.018390 0.018491 0.007126 0.071564 -0.009174 -0.018374 -0.018411 0.000000 
1.150000e-01 9.999863e-02 3.882690e-01 1.149996e-01 1.000000e-01 5.183209e-01 -0.085922 0.011028 0.022059 0.022080 0.022201 0.008555 0.085923 -0.011011 -0.022061 -0.022113 0.000000 
1.150000e-01 9.999820e-02 3.753666e-01 1.149996e-01 1.000000e-01 5.271736e-01 -0.100296 0.012872 0.025749 0.025773 0.025914 0.009987 0.100296 -0.012847 -0.025751 -0.025823 0.000000 
1.150000e-01 9.999767e-02 3.624323e-01 1.149996e-01 1.000000e-01 5.360164e-01 -0.114683 0.014719 0.029443 0.029470 0.029632 0.011419 0.114683 -0.014680 -0.029446 -0.029547 0.000000 
1.150000e-01 9.999702e-02 3.494664e-01 1.149995e-01 1.000000e-01 5.448491e-01 -0.129085 0.016567 0.033141 0.033171 0.033353 0.012853 0.129085 -0.016509 -0.033145 -0.033288 0.000000 
1.150000e-01 9.999623e-02 3.364691e-01 1.149995e-01 1.000000e-01 5.536716e-01 -0.143501 0.018417 0.036842 0.036876 0.037078 0.014289 0.143501 -0.018328 -0.036849 -0.037053 0.000000 
1.150000e-01 9.999526e-02 3.234407e-01 1.149995e-01 1.000000e-01 5.624840e-01 -0.157931 0.020269 0.040546 0.040584 0.040806 0.015725 0.157931 -0.020134 -0.040557 -0.040854 0.000000 
1.150000e-01 9.999407e-02 3.103815e-01 1.149995e-01 1.000000e-01 5.712861e-01 -0.172374 0.022123 0.044254 0.044295 0.044538 0.017164 0.172374 -0.021917 -0.044271 -0.044705 0.000000 
1.150000e-01 9.999262e-02 2.972916e-01 1.149995e-01 1.000000e-01 5.800777e-01 -0.186831 0.023979 0.047966 0.048010 0.048274 0.018603 0.186831 -0.023665 -0.047991 -0.048637 0.000000 
1.150000e-01 9.999083e-02 2.841714e-01 1.149995e-01 1.000000e-01 5.888590e-01 -0.201301 0.025836 0.051681 0.051729 0.052012 0.020044 0.201301 -0.025358 -0.051719 -0.052683 0.000000 
1.150000e-01 9.998865e-02 2.710209e-01 1.149994e-01 1.000000e-01 5.976296e-01 -0.215784 0.027694 0.055399 0.055451 0.055754 0.021486 0.215784 -0.026966 -0.055455 -0.056908 0.000000 
1.150000e-01 9.998599e-02 2.578405e-01 1.149994e-01 1.000000e-01 6.063896e-01 -0.230280 0.029555 0.059121 0.059176 0.059500 0.022929 0.230280 -0.028442 -0.059204 -0.061408 0.000000 
1.150000e-01 9.998274e-02 2.446304e-01 1.149994e-01 1.000000e-01 6.151388e-01 -0.244788 0.031417 0.062846 0.062904 0.063249 0.024374 0.244789 -0.029723 -0.062966 -0.066318 0.000000 
1.150000e-01 9.997879e-02 2.313907e-01 1.149994e-01 1.000000e-01 6.238773e-01 -0.259309 0.033281 0.066574 0.066636 0.067001 0.025820 0.259310 -0.030692 -0.066742 -0.071885 0.000000 
1.150000e-01 9.997402e-02 2.181216e-01 1.149994e-01 1.000000e-01 6.326047e-01 -0.273843 0.035146 0.070305 0.070370 0.070756 0.027267 0.273844 -0.031197 -0.070525 -0.078457 0.000000 
1.150000e-01 9.996831e-02 2.048232e-01 1.149994e-01 1.000000e-01 6.413212e-01 -0.288390 0.037013 0.074040 0.074108 0.074514 0.028716 0.288390 -0.031015 -0.074289 -0.086565 0.000000 
1.150000e-01 9.996157e-02 1.914958e-01 1.149994e-01 1.000000e-01 6.500266e-01 -0.302949 0.038881 0.077778 0.077850 0.078276 0.030165 0.302949 -0.029755 -0.077950 -0.097230 0.000000 
1.150000e-01 9.995379e-02 1.781392e-01 1.149994e-01 1.000000e-01 6.587207e-01 -0.317521 0.040752 0.081519 0.081594 0.082041 0.031616 0.317521 -0.026954 -0.081290 -0.111900 0.000000 
1.150000e-01 9.994524e-02 1.647534e-01 1.149994e-01 1.000000e-01 6.674035e-01 -0.332107 0.042624 0.085264 0.085343 0.085810 0.033069 0.332108 -0.021967 -0.083772 -0.133054 0.000000 
1.150000e-01 9.993705e-02 1.513374e-01 1.149994e-01 1.000000e-01 6.760749e-01 -0.346711 0.044498 0.089013 0.089095 0.089584 0.034523 0.346712 -0.013822 -0.083914 -0.165759 0.000000 
1.150000e-01 9.993390e-02 1.378860e-01 1.149994e-01 1.000000e-01 6.847348e-01 -0.361349 0.046377 0.092771 0.092857 0.093366 0.035980 0.361349 -0.001625 -0.078203 -0.218779 0.000000 
1.150000e-01 9.995620e-02 1.243740e-01 1.149994e-01 1.000000e-01 6.933831e-01 -0.376097 0.048270 0.096557 0.096647 0.097176 0.037449 0.376097 0.015542 -0.058137 -0.309922 0.000000 
1.150000e-01 1.000784e-01 1.106899e-01 1.149994e-01 1.000000e-01 7.020196e-01 -0.391328 0.050224 0.100468 0.100561 0.101112 0.038965 0.391329 0.039040 -0.001517 -0.480901 0.000000 
1.150000e-01 1.003094e-01 9.749662e-02 1.149994e-01 1.000000e-01 7.106443e-01 -0.407449 0.052293 0.104606 0.104703 0.105277 0.040570 0.407449 0.069214 0.121340 -0.779209 0.000000 
1.150000e-01 1.003094e-01 9.749662e-02 1.149994e-01 1.000000e-01 7.192571e-01 -0.413139 0.053024 0.106067 0.106166 0.106747 0.041137 0.413139 0.068484 0.119879 -0.780671 0.000000 
1.150000e-01 1.003094e-01 9.749662e-02 1.149994e-01 1.000000e-01 7.278579e-01 -0.418821 0.053753 0.107526 0.107626 0.108216 0.041703 0.418822 0.067754 0.118420 -0.782132 0.000000 
1.150000e-01 1.003094e-01 9.749662e-02 1.149994e-01 1.000000e-01 7.364465e-01 -0.424495 0.054481 0.108983 0.109084 0.109682 0.042268 0.424496 0.067026 0.116963 -0.783590 0.000000 
1.150000e-01 1.003094e-01 9.749662e-02 1.149994e-01 1.000000e-01 7.450228e-01 -0.430162 0.055208 0.110437 0.110540 0.111146 0.042832 0.430162 0.066299 0.115509 -0.785046 0.000000 
1.150000e-01 1.003094e-01 9.749662e-02 1.149994e-01 1.000000e-01 7.535868e-01 -0.435820 0.055935 0.111890 0.111994 0.112608 0.043395 0.435820 0.065573 0.114056 -0.786500 0.000000 
1.150000e-01 1.003094e-01 9.749662e-02 1.149994e-01 1.000000e-01 7.621383e-01 -0.441469 0.056660 0.113341 0.113446 0.114067 0.043958 0.441470 0.064847 0.112606 -0.787952 0.000000 
1.150000e-01 1.003094e-01 9.749662e-02 1.149994e-01 1.000000e-01 7.706772e-01 -0.447111 0.057384 0.114789 0.114895 0.115525 0.044520 0.447112 0.064123 0.111157 -0.789401 0.000000 
1.150000e-01 1.003094e-01 9.749662e-02 1.149994e-01 1.000000e-01 7.792033e-01 -0.452744 0.058107 0.116235 0.116343 0.116981 0.045081 0.452745 0.063400 0.109711 -0.790849 0.000000 
1.150000e-01 1.003094e-01 9.749662e-02 1.149994e-01 1.000000e-01 7.877167e-01 -0.458369 0.058828 0.117679 0.117788 0.118434 0.045641 0.458369 0.062679 0.108267 -0.792294 0.000000 
1.150000e-01 1.003094e-01 9.749662e-02 1.149994e-01 1.000000e-01 7.962171e-01 -0.463985 0.059549 0.119121 0.119231 0.119885 0.046200 0.463985 0.061958 0.106825 -0.793737 0.000000 
1.150000e-01 1.003094e-01 9.749662e-02 1.149994e-01 1.000000e-01 8.047044e-01 -0.469592 0.060269 0.120560 0.120672 0.121334 0.046758 0.469593 0.061238 0.105386 -0.795178 0.000000 
1.150000e-01 1.003094e-01 9.749662e-02 1.149994e-01 1.000000e-01 8.131785e-01 -0.475191 0.060987 0.121998 0.122111 0.122780 0.047316 0.475191 0.060520 0.103948 -0.796617 0.000000 
1.150000e-01 1.003094e-01 9.749662e-02 1.149994e-01 1.000000e-01 8.216393e-01 -0.480781 0.061705 0.123433 0.123548 0.124225 0.047872 0.480781 0.059802 0.102513 -0.798053 0.000000 
1.150000e-01 1.003094e-01 9.749662e-02 1.149994e-01 1.000000e-01 8.300866e-01 -0.486361 0.062421 0.124866 0.124982 0.125667 0.048428 0.486362 0.059086 0.101080 -0.799488 0.000000 
1.150000e-01 1.003094e-01 9.749662e-02 1.149994e-01 1.000000e-01 8.385203e-01 -0.491933 0.063136 0.126296 0.126414 0.127107 0.048983 0.491934 0.058371 0.099650 -0.800919 0.000000 
1.150000e-01 1.003094e-01 9.749662e-02 1.149994e-01 1.000000e-01 8.469404e-01 -0.497496 0.063850 0.127724 0.127843 0.128544 0.049537 0.497497 0.057657 0.098222 -0.802349 0.000000 
1.150000e-01 1.003094e-01 9.749662e-02 1.149994e-01 1.000000e-01 8.553466e-01 -0.503050 0.064563 0.129150 0.129270 0.129979 0.050090 0.503051 0.056944 0.096796 -0.803776 0.000000 
1.150000e-01 1.003094e-01 9.749662e-02 1.149994e-01 1.000000e-01 8.637388e-01 -0.508595 0.065274 0.130573 0.130695 0.131412 0.050642 0.508595 0.056232 0.095372 -0.805201 0.000000 
1.150000e-01 1.003094e-01 9.749662e-02 1.149994e-01 1.000000e-01 8.721170e-01 -0.514130 0.065985 0.131994 0.132117 0.132842 0.051193 0.514131 0.055522 0.093951 -0.806623 0.000000 
1.150000e-01 1.003094e-01 9.749662e-02 1.149994e-01 1.000000e-01 8.804808e-01 -0.519656 0.066694 0.133413 0.133537 0.134270 0.051743 0.519657 0.054813 0.092533 -0.808043 0.000000 
1.150000e-01 1.003094e-01 9.749662e-02 1.149994e-01 1.000000e-01 8.888303e-01 -0.525172 0.067402 0.134829 0.134955 0.135695 0.052293 0.525173 0.054105 0.091116 -0.809461 0.000000 
1.150000e-01 1.003094e-01 9.749662e-02 1.149994e-01 1.000000e-01 8.971653e-01 -0.530679 0.068108 0.136243 0.136370 0.137118 0.052841 0.530680 0.053398 0.089703 -0.810876 0.000000 
1.150000e-01 1.003094e-01 9.749662e-02 1.149994e-01 1.000000e-01 9.054856e-01 -0.536176 0.068814 0.137654 0.137783 0.138539 0.053389 0.536177 0.052693 0.088291 -0.812289 0.000000 
1.150000e-01 1.003094e-01 9.749662e-02 1.149994e-01 1.000000e-01 9.137911e-01 -0.541663 0.069518 0.139063 0.139193 0.139957 0.053935 0.541664 0.051988 0.086883 -0.813699 0.000000 
1.150000e-01 1.003094e-01 9.749662e-02 1.149994e-01 1.000000e-01 9.220816e-01 -0.547141 0.070221 0.140469 0.140600 0.141372 0.054481 0.547141 0.051285 0.085476 -0.815106 0.000000 
1.150000e-01 1.003094e-01 9.749662e-02 1.149994e-01 1.000000e-01 9.303570e-01 -0.552608 0.070922 0.141872 0.142005 0.142785 0.055025 0.552609 0.050584 0.084073 -0.816511 0.000000 
1.150000e-01 1.003094e-01 9.749662e-02 1.149994e-01 1.000000e-01 9.386171e-01 -0.558065 0.071623 0.143273 0.143408 0.144195 0.055569 0.558066 0.049883 0.082672 -0.817913 0.000000 
1.150000e-01 1.003094e-01 9.749662e-02 1.149994e-01 1.000000e-01 9.468618e-01 -0.563512 0.072321 0.144671 0.144807 0.145603 0.056111 0.563513 0.049184 0.081273 -0.819313 0.000000 
1.150000e-01 1.003094e-01 9.749662e-02 1.149994e-01 1.000000e-01 9.550910e-01 -0.568949 0.073019 0.146067 0.146205 0.147008 0.056653 0.568950 0.048486 0.079877 -0.820710 0.000000 
1.150000e-01 1.003094e-01 9.749662e-02 1.149994e-01 1.000000e-01 9.633044e-01 -0.574376 0.073715 0.147459 0.147599 0.148411 0.057193 0.574376 0.047790 0.078484 -0.822105 0.000000 
1.150000e-01 1.003094e-01 9.749662e-02 1.149994e-01 1.000000e-01 9.715019e-01 -0.579792 0.074410 0.148849 0.148991 0.149810 0.057733 0.579792 0.047095 0.077094 -0.823497 0.000000 
1.150000e-01 1.003094e-01 9.749662e-02 1.149994e-01 1.000000e-01 9.796834e-01 -0.585197 0.075103 0.150237 0.150380 0.151208 0.058271 0.585197 0.046401 0.075706 -0.824886 0.000000 
1.150000e-01 1.003094e-01 9.749662e-02 1.149994e-01 1.000000e-01 9.878486e-01 -0.590591 0.075795 0.151621 0.151766 0.152602 0.058808 0.590592 0.045709 0.074321 -0.826272 0.000000 
1.150000e-01 1.003094e-01 9.749662e-02 1.149994e-01 1.000000e-01 9.959975e-01 -0.595975 0.076486 0.153003 0.153150 0.153994 0.059345 0.595976 0.045018 0.072939 -0.827655 0.000000 
1.150000e-01 1.003094e-01 9.749662e-02 1.149994e-01 1.000000e-01 1.004130e+00 -0.601348 0.077175 0.154382 0.154530 0.155383 0.059880 0.601349 0.044328 0.071559 -0.829036 0.000000 
1.150000e-01 1.003094e-01 9.749662e-02 1.149994e-01 1.000000e-01 1.012245e+00 -0.606710 0.077863 0.155757 0.155908 0.156769 0.060415 0.606710 0.043640 0.070183 -0.830414 0.000000 
1.150000e-01 1.003094e-01 9.749662e-02 1.149994e-01 1.000000e-01 1.020344e+00 -0.612060 0.078549 0.157130 0.157283 0.158152 0.060948 0.612061 0.042953 0.068809 -0.831789 0.000000 
1.150000e-01 1.003094e-01 9.749662e-02 1.149994e-01 1.000000e-01 1.028426e+00 -0.617400 0.079233 0.158500 0.158655 0.159533 0.061480 0.617400 0.042268 0.067438 -0.833161 0.000000 
1.150000e-01 1.003094e-01 9.749662e-02 1.149994e-01 1.000000e-01 1.036490e+00 -0.622728 0.079916 0.159867 0.160025 0.160911 0.062011 0.622728 0.041584 0.066070 -0.834530 0.000000 
1.150000e-01 1.003094e-01 9.749662e-02 1.149994e-01 1.000000e-01 1.044537e+00 -0.628044 0.080598 0.161230 0.161391 0.162286 0.062541 0.628045 0.040902 0.064706 -0.835896 0.000000 
1.150000e-01 1.003094e-01 9.749662e-02 1.149994e-01 1.000000e-01 1.052566e+00 -0.633349 0.081278 0.162591 0.162754 0.163658 0.063070 0.633349 0.040221 0.063344 -0.837259 0.000000 
1.150000e-01 1.003094e-01 9.749662e-02 1.149994e-01 1.000000e-01 1.060577e+00 -0.638642 0.081956 0.163948 0.164114 0.165027 0.063598 0.638642 0.039542 0.061985 -0.838619 0.000000 
1.150000e-01 1.003094e-01 9.749662e-02 1.149994e-01 1.000000e-01 1.068571e+00 -0.643923 0.082632 0.165302 0.165471 0.166394 0.064125 0.643923 0.038864 0.060629 -0.839977 0.000000 
1.150000e-01 1.003094e-01 9.749662e-02 1.149994e-01 1.000000e-01 1.076546e+00 -0.649192 0.083307 0.166653 0.166826 0.167757 0.064651 0.649192 0.038188 0.059276 -0.841331 0.000000 
1.150000e-01 1.003094e-01 9.749662e-02 1.149994e-01 1.000000e-01 1.084503e+00 -0.654449 0.083980 0.168000 0.168177 0.169118 0.065175 0.654449 0.037513 0.057927 -0.842681 0.000000 
1.150000e-01 1.003094e-01 9.749662e-02 1.149994e-01 1.000000e-01 1.092441e+00 -0.659693 0.084651 0.169344 0.169524 0.170476 0.065699 0.659694 0.036840 0.056580 -0.844029 0.000000 
1.150000e-01 1.003094e-01 9.749662e-02 1.149994e-01 1.000000e-01 1.100360e+00 -0.664925 0.085320 0.170684 0.170869 0.171831 0.066222 0.664926 0.036169 0.055237 -0.845374 0.000000 
1.150000e-01 1.003094e-01 9.749662e-02 1.149993e-01 1.000000e-01 1.108260e+00 -0.670145 0.085988 0.172021 0.172211 0.173184 0.066743 0.670146 0.035499 0.053897 -0.846715 0.000000 
1.150000e-01 1.003094e-01 9.749662e-02 1.149993e-01 1.000000e-01 1.116141e+00 -0.675352 0.086653 0.173354 0.173549 0.174533 0.067264 0.675352 0.034830 0.052560 -0.848053 0.000000 
1.150000e-01 1.003094e-01 9.749662e-02 1.149993e-01 1.000000e-01 1.124003e+00 -0.680546 0.087317 0.174683 0.174884 0.175880 0.067784 0.680546 0.034164 0.051227 -0.849388 0.000000 
1.150000e-01 1.003094e-01 9.749662e-02 1.149993e-01 1.000000e-01 1.131845e+00 -0.685727 0.087978 0.176008 0.176216 0.177224 0.068302 0.685727 0.033499 0.049896 -0.850719 0.000000 
1.150000e-01 1.003094e-01 9.749662e-02 1.149993e-01 1.000000e-01 1.139667e+00 -0.690895 0.088637 0.177329 0.177544 0.178565 0.068820 0.690895 0.032836 0.048570 -0.852047 0.000000 
1.150000e-01 1.003094e-01 9.749662e-02 1.149993e-01 1.000000e-01 1.147469e+00 -0.696049 0.089294 0.178646 0.178869 0.179904 0.069337 0.696050 0.032174 0.047246 -0.853372 0.000000 
1.150000e-01 1.003094e-01 9.749662e-02 1.149993e-01 1.000000e-01 1.155251e+00 -0.701191 0.089949 0.179959 0.180191 0.181240 0.069853 0.701191 0.031514 0.045926 -0.854693 0.000000 
1.150000e-01 1.003094e-01 9.749662e-02 1.149993e-01 1.000000e-01 1.163012e+00 -0.706318 0.090601 0.181268 0.181509 0.182574 0.070368 0.706319 0.030856 0.044610 -0.856010 0.000000 
1.150000e-01 1.003094e-01 9.749662e-02 1.149993e-01 1.000000e-01 1.170752e+00 -0.711432 0.091251 0.182571 0.182824 0.183905 0.070882 0.711433 0.030200 0.043297 -0.857325 0.000000 
1.150000e-01 1.003094e-01 9.749662e-02 1.149993e-01 1.000000e-01 1.178472e+00 -0.716532 0.091898 0.183870 0.184135 0.185234 0.071396 0.716533 0.029545 0.041988 -0.858635 0.000000 
1.150000e-01 1.003094e-01 9.749662e-02 1.149993e-01 1.000000e-01 1.186170e+00 -0.721618 0.092542 0.185165 0.185443 0.186561 0.071909 0.721619 0.028892 0.040682 -0.859942 0.000000 
1.150000e-01 1.003094e-01 9.749662e-02 1.149993e-01 1.000000e-01 1.193846e+00 -0.726690 0.093184 0.186453 0.186747 0.187886 0.072421 0.726690 0.028241 0.039380 -0.861245 0.000000 
1.150000e-01 1.003094e-01 9.749662e-02 1.149993e-01 1.000000e-01 1.201501e+00 -0.731747 0.093822 0.187737 0.188048 0.189209 0.072933 0.731748 0.027592 0.038081 -0.862545 0.000000 
1.150000e-01 1.003094e-01 9.749662e-02 1.149992e-01 1.000000e-01 1.209134e+00 -0.736790 0.094457 0.189015 0.189345 0.190530 0.073445 0.736790 0.026945 0.036787 -0.863841 0.000000 
1.150000e-01 1.003094e-01 9.749662e-02 1.149992e-01 1.000000e-01 1.216744e+00 -0.741818 0.095088 0.190287 0.190638 0.191850 0.073956 0.741818 0.026300 0.035496 -0.865133 0.000000 
1.150000e-01 1.003094e-01 9.749662e-02 1.149992e-01 1.000000e-01 1.224332e+00 -0.746831 0.095716 0.191553 0.191928 0.193168 0.074467 0.746832 0.025656 0.034209 -0.866421 0.000000 
1.150000e-01 1.003094e-01 9.749662e-02 1.149992e-01 1.000000e-01 1.231897e+00 -0.751829 0.096340 0.192812 0.193215 0.194486 0.074978 0.751830 0.025015 0.032926 -0.867705 0.000000 
1.150000e-01 1.003094e-01 9.749662e-02 1.149991e-01 1.000000e-01 1.239439e+00 -0.756812 0.096960 0.194065 0.194498 0.195802 0.075489 0.756812 0.024376 0.031646 -0.868986 0.000000 
1.150000e-01 1.003094e-01 9.749662e-02 1.149991e-01 1.000000e-01 1.246958e+00 -0.761779 0.097575 0.195310 0.195777 0.197119 0.076000 0.761780 0.023738 0.030371 -0.870262 0.000000 
1.150000e-01 1.003094e-01 9.749662e-02 1.149991e-01 1.000000e-01 1.254453e+00 -0.766731 0.098186 0.196547 0.197053 0.198435 0.076512 0.766732 0.023102 0.029100 -0.871535 0.000000 
1.150000e-01 1.003094e-01 9.749662e-02 1.149990e-01 1.000000e-01 1.261924e+00 -0.771667 0.098790 0.197776 0.198325 0.199752 0.077025 0.771668 0.022469 0.027833 -0.872803 0.000000 
1.150000e-01 1.003094e-01 9.749662e-02 1.149990e-01 1.000000e-01 1.269371e+00 -0.776587 0.099390 0.198996 0.199594 0.201070 0.077538 0.776588 0.021837 0.026569 -0.874068 0.000000 
1.150000e-01 1.003094e-01 9.749662e-02 1.149989e-01 1.000000e-01 1.276794e+00 -0.781491 0.099983 0.200207 0.200859 0.202390 0.078053 0.781492 0.021208 0.025310 -0.875328 0.000000 
1.150000e-01 1.003094e-01 9.749662e-02 1.149989e-01 1.000000e-01 1.284191e+00 -0.786379 0.100570 0.201408 0.202122 0.203712 0.078569 0.786379 0.020581 0.024056 -0.876584 0.000000 
1.150000e-01 1.003094e-01 9.749662e-02 1.149988e-01 1.000000e-01 1.291564e+00 -0.791250 0.101149 0.202597 0.203381 0.205037 0.079087 0.791250 0.019956 0.022805 -0.877835 0.000000 
1.150000e-01 1.003094e-01 9.749662e-02 1.149987e-01 1.000000e-01 1.298911e+00 -0.796104 0.101720 0.203775 0.204637 0.206365 0.079607 0.796104 0.019333 0.021559 -0.879083 0.000000 
1.150000e-01 1.003094e-01 9.749662e-02 1.149986e-01 1.000000e-01 1.306233e+00 -0.800941 0.102282 0.204941 0.205891 0.207698 0.080130 0.800941 0.018712 0.020317 -0.880326 0.000000 
1.150000e-01 1.003094e-01 9.749662e-02 1.149985e-01 1.000000e-01 1.313528e+00 -0.805761 0.102835 0.206092 0.207143 0.209036 0.080655 0.805761 0.018093 0.019080 -0.881564 0.000000 
1.150000e-01 1.003094e-01 9.749662e-02 1.149984e-01 1.000000e-01 1.320798e+00 -0.810563 0.103377 0.207230 0.208393 0.210381 0.081184 0.810564 0.017477 0.017847 -0.882799 0.000000 
1.150000e-01 1.003094e-01 9.749662e-02 1.149983e-01 1.000000e-01 1.328040e+00 -0.815348 0.103907 0.208350 0.209641 0.211734 0.081716 0.815349 0.016863 0.016618 -0.884028 0.000000 
1.150000e-01 1.003094e-01 9.749662e-02 1.149981e-01 1.000000e-01 1.335256e+00 -0.820116 0.104425 0.209455 0.210889 0.213095 0.082253 0.820116 0.016251 0.015394 -0.885253 0.000000 
1.150000e-01 1.003094e-01 9.749662e-02 1.149980e-01 1.000000e-01 1.342444e+00 -0.824865 0.104927 0.210539 0.212137 0.214469 0.082794 0.824865 0.015641 0.014175 -0.886474 0.000000 
1.150000e-01 1.003094e-01 9.749662e-02 1.149978e-01 1.000000e-01 1.349604e+00 -0.829595 0.105413 0.211604 0.213386 0.215852 0.083341 0.829596 0.015034 0.012960 -0.887689 0.000000 
1.150000e-01 1.003094e-01 9.749662e-02 1.149976e-01 1.000000e-01 1.356737e+00 -0.834308 0.105881 0.212645 0.214638 0.217251 0.083893 0.834308 0.014429 0.011751 -0.888900 0.000000 
1.150000e-01 1.003094e-01 9.749662e-02 1.149973e-01 1.000000e-01 1.363841e+00 -0.839001 0.106328 0.213663 0.215894 0.218665 0.084451 0.839001 0.013827 0.010546 -0.890106 0.000000 
1.150000e-01 1.003094e-01 9.749662e-02 1.149970e-01 1.000000e-01 1.370917e+00 -0.843676 0.106753 0.214654 0.217156 0.220097 0.085016 0.843676 0.013227 0.009346 -0.891307 0.000000 
1.150000e-01 1.003094e-01 9.749662e-02 1.149967e-01 1.000000e-01 1.377963e+00 -0.848331 0.107151 0.215615 0.218427 0.221551 0.085588 0.848331 0.012630 0.008150 -0.892504 0.000000 
1.150000e-01 1.003094e-01 9.749662e-02 1.149963e-01 1.000000e-01 1.384980e+00 -0.852967 0.107523 0.216546 0.219707 0.223024 0.086166 0.852967 0.012035 0.006960 -0.893695 0.000000 
1.150000e-01 1.003094e-01 9.749662e-02 1.149959e-01 1.000000e-01 1.391967e+00 -0.857583 0.107858 0.217439 0.221006 0.224528 0.086753 0.857583 0.011442 0.005775 -0.894881 0.000000 
1.150000e-01 1.003094e-01 9.749662e-02 1.149954e-01 1.000000e-01 1.398923e+00 -0.862179 0.108158 0.218296 0.222322 0.226057 0.087346 0.862179 0.010852 0.004595 -0.896062 0.000000 
1.150000e-01 1.003094e-01 9.749662e-02 1.149949e-01 1.000000e-01 1.405850e+00 -0.866755 0.108415 0.219110 0.223665 0.227619 0.087946 0.866755 0.010265 0.003420 -0.897238 0.000000 
1.150000e-01 1.003094e-01 9.749662e-02 1.149943e-01 1.000000e-01 1.412745e+00 -0.871310 0.108622 0.219877 0.225041 0.229218 0.088552 0.871310 0.009680 0.002251 -0.898409 0.000000 
1.150000e-01 1.003094e-01 9.749662e-02 1.149936e-01 1.000000e-01 1.419609e+00 -0.875844 0.108778 0.220596 0.226455 0.230854 0.089162 0.875845 0.009098 0.001087 -0.899574 0.000000 
1.150000e-01 1.003094e-01 9.749662e-02 1.149928e-01 1.000000e-01 1.426440e+00 -0.880358 0.108865 0.221253 0.227926 0.232538 0.089776 0.880358 0.008519 -0.000072 -0.900734 0.000000 
1.150000e-01 1.003094e-01 9.749662e-02 1.149920e-01 1.000000e-01 1.433240e+00 -0.884850 0.108883 0.221850 0.229459 0.234270 0.090390 0.884851 0.007943 -0.001225 -0.901888 0.000000 
1.150000e-01 1.003094e-01 9.749662e-02 1.149910e-01 1.000000e-01 1.440007e+00 -0.889321 0.108823 0.222382 0.231067 0.236051 0.091000 0.889321 0.007369 -0.002373 -0.903037 0.000000 
1.150000e-01 1.003094e-01 9.749662e-02 1.149898e-01 1.000000e-01 1.446741e+00 -0.893770 0.108656 0.222826 0.232789 0.237900 0.091600 0.893770 0.006798 -0.003515 -0.904180 0.000000 
1.150000e-01 1.003094e-01 9.749662e-02 1.149886e-01 1.000000e-01 1.453441e+00 -0.898197 0.108387 0.223187 0.234628 0.239810 0.092186 0.898197 0.006230 -0.004652 -0.905318 0.000000 
1.150000e-01 1.003094e-01 9.749662e-02 1.149871e-01 1.000000e-01 1.460108e+00 -0.902601 0.107999 0.223455 0.236612 0.241788 0.092748 0.902601 0.005664 -0.005783 -0.906450 0.000000 
1.150000e-01 1.003094e-01 9.749662e-02 1.149855e-01 1.000000e-01 1.466740e+00 -0.906983 0.107450 0.223597 0.238810 0.243856 0.093270 0.906983 0.005102 -0.006908 -0.907576 0.000000 
1.150000e-01 1.003094e-01 9.749662e-02 1.149836e-01 1.000000e-01 1.473337e+00 -0.911341 0.106744 0.223617 0.241232 0.246005 0.093743 0.911341 0.004543 -0.008027 -0.908696 0.000000 
1.150000e-01 1.003094e-01 9.749662e-02 1.149816e-01 1.000000e-01 1.479899e+00 -0.915677 0.105861 0.223496 0.243926 0.248243 0.094151 0.915677 0.003986 -0.009140 -0.909810 0.000000 
1.150000e-01 1.003094e-01 9.749662e-02 1.149792e-01 1.000000e-01 1.486425e+00 -0.919989 0.104736 0.223179 0.247022 0.250598 0.094454 0.919989 0.003433 -0.010247 -0.910918 0.000000 
1.150000e-01 1.003094e-01 9.749662e-02 1.149766e-01 1.000000e-01 1.492915e+00 -0.924277 0.103372 0.222661 0.250548 0.253060 0.094636 0.924277 0.002882 -0.011348 -0.912020 0.000000 
1.150000e-01 1.003094e-01 9.749662e-02 1.149737e-01 1.000000e-01 1.499369e+00 -0.928541 0.101741 0.221907 0.254592 0.255634 0.094667 0.928541 0.002335 -0.012442 -0.913116 0.000000 
1.150000e-01 1.003094e-01 9.749662e-02 1.149704e-01 1.000000e-01 1.505783e+00 -0.932780 0.099778 0.220835 0.259346 0.258339 0.094482 0.932780 0.001791 -0.013531 -0.914205 0.000000 
1.150000e-01 1.003094e-01 9.749662e-02 1.149667e-01 1.000000e-01 1.512158e+00 -0.936993 0.097444 0.219378 0.264970 0.261174 0.094027 0.936993 0.001251 -0.014612 -0.915287 0.000000 
1.150000e-01 1.003094e-01 9.749662e-02 1.149626e-01 1.000000e-01 1.518494e+00 -0.941179 0.094727 0.217478 0.271592 0.264124 0.093258 0.941179 0.000713 -0.015687 -0.916363 0.000000 
1.150000e-01 1.003094e-01 9.749662e-02 1.149580e-01 1.000000e-01 1.524788e+00 -0.945340 0.091589 0.215032 0.279440 0.267172 0.092107 0.945340 0.000179 -0.016755 -0.917432 0.000000 
1.150000e-01 1.003094e-01 9.749662e-02 1.149527e-01 1.000000e-01 1.531041e+00 -0.949473 0.087917 0.211785 0.289064 0.270291 0.090416 0.949473 -0.000351 -0.017816 -0.918495 0.000000 
1.150000e-01 1.003094e-01 9.749662e-02 1.149465e-01 1.000000e-01 1.537253e+00 -0.953580 0.083722 0.207613 0.300723 0.273389 0.088133 0.953580 -0.000878 -0.018871 -0.919550 0.000000 
1.150000e-01 1.003094e-01 9.749662e-02 1.149388e-01 1.000000e-01 1.543422e+00 -0.957659 0.078984 0.202305 0.314862 0.276335 0.085173 0.957659 -0.001402 -0.019918 -0.920598 0.000000 
1.150000e-01 1.003094e-01 9.749662e-02 1.149281e-01 1.000000e-01 1.549549e+00 -0.961711 0.073677 0.195576 0.332119 0.278911 0.081429 0.961711 -0.001922 -0.020958 -0.921639 0.000000 
1.150000e-01 1.003094e-01 9.749662e-02 1.149117e-01 1.000000e-01 1.555632e+00 -0.965735 0.067723 0.186873 0.353787 0.280643 0.076709 0.965735 -0.002438 -0.021991 -0.922674 0.000000 
1.150000e-01 1.003094e-01 9.749662e-02 1.148834e-01 1.000000e-01 1.561672e+00 -0.969732 0.061136 0.175750 0.381130 0.280787 0.070928 0.969732 -0.002951 -0.023018 -0.923701 0.000000 
1.150000e-01 1.003094e-01 9.749662e-02 1.148302e-01 1.000000e-01 1.567668e+00 -0.973702 0.053967 0.161857 0.415577 0.278225 0.064076 0.973702 -0.003461 -0.024037 -0.924721 0.000000 
1.150000e-01 1.003094e-01 9.749662e-02 1.147258e-01 1.000000e-01 1.573620e+00 -0.977650 0.046238 0.144714 0.459616 0.270975 0.056107 0.977650 -0.003968 -0.025050 -0.925735 0.000000 
1.150000e-01 1.003094e-01 9.749662e-02 1.145169e-01 1.000000e-01 1.579532e+00 -0.981594 0.037965 0.123850 0.517230 0.255568 0.046981 0.981594 -0.004474 -0.026063 -0.926749 0.000000 
1.150000e-01 1.003094e-01 9.749662e-02 1.141039e-01 1.000000e-01 1.585419e+00 -0.985609 0.029020 0.098277 0.597342 0.224480 0.036490 0.985609 -0.004989 -0.027094 -0.927780 0.000000 
1.150000e-01 1.003094e-01 9.749662e-02 1.133604e-01 1.000000e-01 1.591344e+00 -0.989971 0.018831 0.065792 0.717674 0.163743 0.023931 0.989971 -0.005549 -0.028214 -0.928901 0.000000 
1.150000e-01 1.003094e-01 9.749662e-02 1.125201e-01 1.000000e-01 1.597529e+00 -0.995443 0.005641 0.020381 0.909006 0.053157 0.007257 0.995443 -0.006251 -0.029618 -0.930308 0.000000 
1.150000e-01 1.003094e-01 9.749662e-02 1.125201e-01 1.000000e-01 1.597529e+00 -0.995443 0.005641 0.020381 0.909006 0.053157 0.007257 0.995443 -0.006251 -0.029618 -0.930308 0.000000 
1.150000e-01 1.003094e-01 9.749662e-02 1.125201e-01 1.000000e-01 1.597529e+00 -0.995443 0.005641 0.020381 0.909006 0.053157 0.007257 0.995443 -0.006251 -0.029618 -0.930308 0.000000 
1.150000e-01 1.003094e-01 9.749662e-02 1.125201e-01 1.000000e-01 1.597529e+00 -0.995443 0.005641 0.020381 0.909006 0.053157 0.007257 0.995443 -0.006251 -0.029618 -0.930308 0.000000 
1.150000e-01 1.003094e-01 9.749662e-02 1.125201e-01 1.000000e-01 1.597529e+00 -0.995443 0.005641 0.020381 0.909006 0.053157 0.007257 0.995443 -0.006251 -0.029618 -0.930308 0.000000 
1.150000e-01 1.003094e-01 9.749662e-02 1.125201e-01 1.000000e-01 1.597529e+00 -0.995443 0.005641 0.020381 0.909006 0.053157 0.007257 0.995443 -0.006251 -0.029618 -0.930308 0.000000 
1.150000e-01 1.003094e-01 9.749662e-02 1.125201e-01 1.000000e-01 1.597529e+00 -0.995443 0.005641 0.020381 0.909006 0.053157 0.007257 0.995443 -0.006251 -0.029618 -0.930308 0.000000 
1.150000e-01 1.003094e-01 9.749662e-02 1.125201e-01 1.000000e-01 1.597529e+00 -0.995443 0.005641 0.020381 0.909006 0.053157 0.007257 0.995443 -0.006251 -0.029618 -0.930308 0.000000 
1.150000e-01 1.003094e-01 9.749662e-02 1.125201e-01 1.000000e-01 1.597529e+00 -0.995443 0.005641 0.020381 0.909006 0.053157 0.007257 0.995443 -0.006251 -0.029618 -0.930308 0.000000 
1.150000e-01 1.003094e-01 9.749662e-02 1.125201e-01 1.000000e-01 1.597529e+00 -0.995443 0.005641 0.020381 0.909006 0.053157 0.007257 0.995443 -0.006251 -0.029618 -0.930308 0.000000 
1.150000e-01 1.003094e-01 9.749662e-02 1.125201e-01 1.000000e-01 1.597529e+00 -0.995443 0.005641 0.020381 0.909006 0.053157 0.007257 0.995443 -0.006251 -0.029618 -0.930308 0.000000 
1.150000e-01 1.003094e-01 9.749662e-02 1.125201e-01 1.000000e-01 1.597529e+00 -0.995443 0.005641 0.020381 0.909006 0.053157 0.007257 0.995443 -0.006251 -0.029618 -0.930308 0.000000 
1.150000e-01 1.003094e-01 9.749662e-02 1.125201e-01 1.000000e-01 1.597529e+00 -0.995443 0.005641 0.020381 0.909006 0.053157 0.007257 0.995443 -0.006251 -0.029618 -0.930308 0.000000 
1.150000e-01 1.003094e-01 9.749662e-02 1.125201e-01 1.000000e-01 1.597529e+00 -0.995443 0.005641 0.020381 0.909006 0.053157 0.007257 0.995443 -0.006251 -0.029618 -0.930308 0.000000 
1.150000e-01 1.003094e-01 9.749662e-02 1.125201e-01 1.000000e-01 1.597529e+00 -0.995443 0.005641 0.020381 0.909006 0.053157 0.007257 0.995443 -0.006251 -0.029618 -0.930308 0.000000 
1.150000e-01 1.003094e-01 9.749662e-02 1.125201e-01 1.000000e-01 1.597529e+00 -0.995443 0.005641 0.020381 0.909006 0.053157 0.007257 0.995443 -0.006251 -0.029618 -0.930308 0.000000 
1.150000e-01 1.003094e-01 9.749662e-02 1.125201e-01 1.000000e-01 1.597529e+00 -0.995443 0.005641 0.020381 0.909006 0.053157 0.007257 0.995443 -0.006251 -0.029618 -0.930308 0.000000 
1.150000e-01 1.003094e-01 9.749662e-02 1.125201e-01 1.000000e-01 1.597529e+00 -0.995443 0.005641 0.020381 0.909006 0.053157 0.007257 0.995443 -0.006251 -0.029618 -0.930308 0.000000 
1.150000e-01 1.003094e-01 9.749662e-02 1.125201e-01 1.000000e-01 1.597529e+00 -0.995443 0.005641 0.020381 0.909006 0.053157 0.007257 0.995443 -0.006251 -0.029618 -0.930308 0.000000 
1.150000e-01 1.003094e-01 9.749662e-02 1.125201e-01 1.000000e-01 1.597529e+00 -0.995443 0.005641 0.020381 0.909006 0.053157 0.007257 0.995443 -0.006251 -0.029618 -0.930308 0.000000 
1.150000e-01 1.003094e-01 9.749662e-02 1.125201e-01 1.000000e-01 1.597529e+00 -0.995443 0.005641 0.020381 0.909006 0.053157 0.007257 0.995443 -0.006251 -0.029618 -0.930308 0.000000 
1.150000e-01 1.003094e-01 9.749662e-02 1.125201e-01 1.000000e-01 1.597529e+00 -0.995443 0.005641 0.020381 0.909006 0.053157 0.007257 0.995443 -0.006251 -0.029618 -0.930308 0.000000 
1.150000e-01 1.003094e-01 9.749662e-02 1.125201e-01 1.000000e-01 1.597529e+00 -0.995443 0.005641 0.020381 0.909006 0.053157 0.007257 0.995443 -0.006251 -0.029618 -0.930308 0.000000 
1.150000e-01 1.003094e-01 9.749662e-02 1.125201e-01 1.000000e-01 1.597529e+00 -0.995443 0.005641 0.020381 0.909006 0.053157 0.007257 0.995443 -0.006251 -0.029618 -0.930308 0.000000 
1.150000e-01 1.003094e-01 9.749662e-02 1.125201e-01 1.000000e-01 1.597529e+00 -0.995443 0.005641 0.020381 0.909006 0.053157 0.007257 0.995443 -0.006251 -0.029618 -0.930308 0.000000 
1.150000e-01 1.003094e-01 9.749662e-02 1.125201e-01 1.000000e-01 1.597529e+00 -0.995443 0.005641 0.020381 0.909006 0.053157 0.007257 0.995443 -0.006251 -0.029618 -0.930308 0.000000 
1.150000e-01 1.003094e-01 9.749662e-02 1.125201e-01 1.000000e-01 1.597529e+00 -0.995443 0.005641 0.020381 0.909006 0.053157 0.007257 0.995443 -0.006251 -0.029618 -0.930308 0.000000 
1.150000e-01 1.003094e-01 9.749662e-02 1.125201e-01 1.000000e-01 1.597529e+00 -0.995443 0.005641 0.020381 0.909006 0.053157 0.007257 0.995443 -0.006251 -0.029618 -0.930308 0.000000 
1.150000e-01 1.003094e-01 9.749662e-02 1.125201e-01 1.000000e-01 1.597529e+00 -0.995443 0.005641 0.020381 0.909006 0.053157 0.007257 0.995443 -0.006251 -0.029618 -0.930308 0.000000 
1.150000e-01 1.003094e-01 9.749662e-02 1.125201e-01 1.000000e-01 1.597529e+00 -0.995443 0.005641 0.020381 0.909006 0.053157 0.007257 0.995443 -0.006251 -0.029618 -0.930308 0.000000 
1.150000e-01 1.003094e-01 9.749662e-02 1.125201e-01 1.000000e-01 1.597529e+00 -0.995443 0.005641 0.020381 0.909006 0.053157 0.007257 0.995443 -0.006251 -0.029618 -0.930308 0.000000 
1.150000e-01 1.003094e-01 9.749662e-02 1.125201e-01 1.000000e-01 1.597529e+00 -0.995443 0.005641 0.020381 0.909006 0.053157 0.007257 0.995443 -0.006251 -0.029618 -0.930308 0.000000 
1.150000e-01 1.003094e-01 9.749662e-02 1.125201e-01 1.000000e-01 1.597529e+00 -0.995443 0.005641 0.020381 0.909006 0.053157 0.007257 0.995443 -0.006251 -0.029618 -0.930308 0.000000 
1.150000e-01 1.003094e-01 9.749662e-02 1.125201e-01 1.000000e-01 1.597529e+00 -0.995443 0.005641 0.020381 0.909006 0.053157 0.007257 0.995443 -0.006251 -0.029618 -0.930308 0.000000 
1.150000e-01 1.003094e-01 9.749662e-02 1.125201e-01 1.000000e-01 1.597529e+00 -0.995443 0.005641 0.020381 0.909006 0.053157 0.007257 0.995443 -0.006251 -0.029618 -0.930308 0.000000 
1.150000e-01 1.003094e-01 9.749662e-02 1.125201e-01 1.000000e-01 1.597529e+00 -0.995443 0.005641 0.020381 0.909006 0.053157 0.007257 0.995443 -0.006251 -0.029618 -0.930308 0.000000 
1.150000e-01 1.003094e-01 9.749662e-02 1.125201e-01 1.000000e-01 1.597529e+00 -0.995443 0.005641 0.020381 0.909006 0.053157 0.007257 0.995443 -0.006251 -0.029618 -0.930308 0.000000 
1.150000e-01 1.003094e-01 9.749662e-02 1.125201e-01 1.000000e-01 1.597529e+00 -0.995443 0.005641 0.020381 0.909006 0.053157 0.007257 0.995443 -0.006251 -0.029618 -0.930308 0.000000 
1.150000e-01 1.003094e-01 9.749662e-02 1.125201e-01 1.000000e-01 1.597529e+00 -0.995443 0.005641 0.020381 0.909006 0.053157 0.007257 0.995443 -0.006251 -0.029618 -0.930308 0.000000 
1.150000e-01 1.003094e-01 9.749662e-02 1.125201e-01 1.000000e-01 1.597529e+00 -0.995443 0.005641 0.020381 0.909006 0.053157 0.007257 0.995443 -0.006251 -0.029618 -0.930308 0.000000 
1.150000e-01 1.003094e-01 9.749662e-02 1.125201e-01 1.000000e-01 1.597529e+00 -0.995443 0.005641 0.020381 0.909006 0.053157 0.007257 0.995443 -0.006251 -0.029618 -0.930308 0.000000 
1.150000e-01 1.003094e-01 9.749662e-02 1.125201e-01 1.000000e-01 1.597529e+00 -0.995443 0.005641 0.020381 0.909006 0.053157 0.007257 0.995443 -0.006251 -0.029618 -0.930308 0.000000 
1.150000e-01 1.003094e-01 9.749662e-02 1.125201e-01 1.000000e-01 1.597529e+00 -0.995443 0.005641 0.020381 0.909006 0.053157 0.007257 0.995443 -0.006251 -0.029618 -0.930308 0.000000 
1.150000e-01 1.003094e-01 9.749662e-02 1.125201e-01 1.000000e-01 1.597529e+00 -0.995443 0.005641 0.020381 0.909006 0.053157 0.007257 0.995443 -0.006251 -0.029618 -0.930308 0.000000 
1.150000e-01 1.003094e-01 9.749662e-02 1.125201e-01 1.000000e-01 1.597529e+00 -0.995443 0.005641 0.020381 0.909006 0.053157 0.007257 0.995443 -0.006251 -0.029618 -0.930308 0.000000 
1.150000e-01 1.003094e-01 9.749662e-02 1.125201e-01 1.000000e-01 1.597529e+00 -0.995443 0.005641 0.020381 0.909006 0.053157 0.007257 0.995443 -0.006251 -0.029618 -0.930308 0.000000 
1.150000e-01 1.003094e-01 9.749662e-02 1.125201e-01 1.000000e-01 1.597529e+00 -0.995443 0.005641 0.020381 0.909006 0.053157 0.007257 0.995443 -0.006251 -0.029618 -0.930308 0.000000 
1.150000e-01 1.003094e-01 9.749662e-02 1.125201e-01 1.000000e-01 1.597529e+00 -0.995443 0.005641 0.020381 0.909006 0.053157 0.007257 0.995443 -0.006251 -0.029618 -0.930308 0.000000 
1.150000e-01 1.003094e-01 9.749662e-02 1.125201e-01 1.000000e-01 1.597529e+00 -0.995443 0.005641 0.020381 0.909006 0.053157 0.007257 0.995443 -0.006251 -0.029618 -0.930308 0.000000 
1.150000e-01 1.003094e-01 9.749662e-02 1.125201e-01 1.000000e-01 1.597529e+00 -0.995443 0.005641 0.020381 0.909006 0.053157 0.007257 0.995443 -0.006251 -0.029618 -0.930308 0.000000 
1.150000e-01 1.003094e-01 9.749662e-02 1.125201e-01 1.000000e-01 1.597529e+00 -0.995443 0.005641 0.020381 0.909006 0.053157 0.007257 0.995443 -0.006251 -0.029618 -0.930308 0.000000 
1.150000e-01 1.003094e-01 9.749662e-02 1.125201e-01 1.000000e-01 1.597529e+00 -0.995443 0.005641 0.020381 0.909006 0.053157 0.007257 0.995443 -0.006251 -0.029618 -0.930308 0.000000 
1.150000e-01 1.003094e-01 9.749662e-02 1.125201e-01 1.000000e-01 1.597529e+00 -0.995443 0.005641 0.020381 0.909006 0.053157 0.007257 0.995443 -0.006251 -0.029618 -0.930308 0.000000 
1.150000e-01 1.003094e-01 9.749662e-02 1.125201e-01 1.000000e-01 1.597529e+00 -0.995443 0.005641 0.020381 0.909006 0.053157 0.007257 0.995443 -0.006251 -0.029618 -0.930308 0.000000 
1.150000e-01 1.003094e-01 9.749662e-02 1.125201e-01 1.000000e-01 1.597529e+00 -0.995443 0.005641 0.020381 0.909006 0.053157 0.007257 0.995443 -0.006251 -0.029618 -0.930308 0.000000 
1.150000e-01 1.003094e-01 9.749662e-02 1.125201e-01 1.000000e-01 1.597529e+00 -0.995443 0.005641 0.020381 0.909006 0.053157 0.007257 0.995443 -0.006251 -0.029618 -0.930308 0.000000 
1.150000e-01 1.003094e-01 9.749662e-02 1.125201e-01 1.000000e-01 1.597529e+00 -0.995443 0.005641 0.020381 0.909006 0.053157 0.007257 0.995443 -0.006251 -0.029618 -0.930308 0.000000 
1.150000e-01 1.003094e-01 9.749662e-02 1.125201e-01 1.000000e-01 1.597529e+00 -0.995443 0.005641 0.020381 0.909006 0.053157 0.007257 0.995443 -0.006251 -0.029618 -0.930308 0.000000 
1.150000e-01 1.003094e-01 9.749662e-02 1.125201e-01 1.000000e-01 1.597529e+00 -0.995443 0.005641 0.020381 0.909006 0.053157 0.007257 0.995443 -0.006251 -0.029618 -0.930308 0.000000 
1.150000e-01 1.003094e-01 9.749662e-02 1.125201e-01 1.000000e-01 1.597529e+00 -0.995443 0.005641 0.020381 0.909006 0.053157 0.007257 0.995443 -0.006251 -0.029618 -0.930308 0.000000 
1.150000e-01 1.003094e-01 9.749662e-02 1.125201e-01 1.000000e-01 1.597529e+00 -0.995443 0.005641 0.020381 0.909006 0.053157 0.007257 0.995443 -0.006251 -0.029618 -0.930308 0.000000 
1.150000e-01 1.003094e-01 9.749662e-02 1.125201e-01 1.000000e-01 1.597529e+00 -0.995443 0.005641 0.020381 0.909006 0.053157 0.007257 0.995443 -0.006251 -0.029618 -0.930308 0.000000 
1.150000e-01 1.003094e-01 9.749662e-02 1.125201e-01 1.000000e-01 1.597529e+00 -0.995443 0.005641 0.020381 0.909006 0.053157 0.007257 0.995443 -0.006251 -0.029618 -0.930308 0.000000 
1.150000e-01 1.003094e-01 9.749662e-02 1.125201e-01 1.000000e-01 1.597529e+00 -0.995443 0.005641 0.020381 0.909006 0.053157 0.007257 0.995443 -0.006251 -0.029618 -0.930308 0.000000 
1.150000e-01 1.003094e-01 9.749662e-02 1.125201e-01 1.000000e-01 1.597529e+00 -0.995443 0.005641 0.020381 0.909006 0.053157 0.007257 0.995443 -0.006251 -0.029618 -0.930308 0.000000 
1.150000e-01 1.003094e-01 9.749662e-02 1.125201e-01 1.000000e-01 1.597529e+00 -0.995443 0.005641 0.020381 0.909006 0.053157 0.007257 0.995443 -0.006251 -0.029618 -0.930308 0.000000 
1.150000e-01 1.003094e-01 9.749662e-02 1.125201e-01 1.000000e-01 1.597529e+00 -0.995443 0.005641 0.020381 0.909006 0.053157 0.007257 0.995443 -0.006251 -0.029618 -0.930308 0.000000 
1.150000e-01 1.003094e-01 9.749662e-02 1.125201e-01 1.000000e-01 1.597529e+00 -0.995443 0.005641 0.020381 0.909006 0.053157 0.007257 0.995443 -0.006251 -0.029618 -0.930308 0.000000 
1.150000e-01 1.003094e-01 9.749662e-02 1.125201e-01 1.000000e-01 1.597529e+00 -0.995443 0.005641 0.020381 0.909006 0.053157 0.007257 0.995443 -0.006251 -0.029618 -0.930308 0.000000 
1.150000e-01 1.003094e-01 9.749662e-02 1.125201e-01 1.000000e-01 1.597529e+00 -0.995443 0.005641 0.020381 0.909006 0.053157 0.007257 0.995443 -0.006251 -0.029618 -0.930308 0.000000 
1.150000e-01 1.003094e-01 9.749662e-02 1.125201e-01 1.000000e-01 1.597529e+00 -0.995443 0.005641 0.020381 0.909006 0.053157 0.007257 0.995443 -0.006251 -0.029618 -0.930308 0.000000 
1.150000e-01 1.003094e-01 9.749662e-02 1.125201e-01 1.000000e-01 1.597529e+00 -0.995443 0.005641 0.020381 0.909006 0.053157 0.007257 0.995443 -0.006251 -0.029618 -0.930308 0.000000 
1.150000e-01 1.003094e-01 9.749662e-02 1.125201e-01 1.000000e-01 1.597529e+00 -0.995443 0.005641 0.020381 0.909006 0.053157 0.007257 0.995443 -0.006251 -0.029618 -0.930308 0.000000 
1.150000e-01 1.003094e-01 9.749662e-02 1.125201e-01 1.000000e-01 1.597529e+00 -0.995443 0.005641 0.020381 0.909006 0.053157 0.007257 0.995443 -0.006251 -0.029618 -0.930308 0.000000 
1.150000e-01 1.003094e-01 9.749662e-02 1.125201e-01 1.000000e-01 1.597529e+00 -0.995443 0.005641 0.020381 0.909006 0.053157 0.007257 0.995443 -0.006251 -0.029618 -0.930308 0.000000 
1.150000e-01 1.003094e-01 9.749662e-02 1.125201e-01 1.000000e-01 1.597529e+00 -0.995443 0.005641 0.020381 0.909006 0.053157 0.007257 0.995443 -0.006251 -0.029618 -0.930308 0.000000 
1.150000e-01 1.003094e-01 9.749662e-02 1.125201e-01 1.000000e-01 1.597529e+00 -0.995443 0.005641 0.020381 0.909006 0.053157 0.007257 0.995443 -0.006251 -0.029618 -0.930308 0.000000 
1.150000e-01 1.003094e-01 9.749662e-02 1.125201e-01 1.000000e-01 1.597529e+00 -0.995443 0.005641 0.020381 0.909006 0.053157 0.007257 0.995443 -0.006251 -0.029618 -0.930308 0.000000 
1.150000e-01 1.003094e-01 9.749662e-02 1.125201e-01 1.000000e-01 1.597529e+00 -0.995443 0.005641 0.020381 0.909006 0.053157 0.007257 0.995443 -0.006251 -0.029618 -0.930308 0.000000 
1.150000e-01 1.003094e-01 9.749662e-02 1.125201e-01 1.000000e-01 1.597529e+00 -0.995443 0.005641 0.020381 0.909006 0.053157 0.007257 0.995443 -0.006251 -0.029618 -0.930308 0.000000 
1.150000e-01 1.003094e-01 9.749662e-02 1.125201e-01 1.000000e-01 1.597529e+00 -0.995443 0.005641 0.020381 0.909006 0.053157 0.007257 0.995443 -0.006251 -0.029618 -0.930308 0.000000 
1.150000e-01 1.003094e-01 9.749662e-02 1.125201e-01 1.000000e-01 1.597529e+00 -0.995443 0.005641 0.020381 0.909006 0.053157 0.007257 0.995443 -0.006251 -0.029618 -0.930308 0.000000 
1.150000e-01 1.003094e-01 9.749662e-02 1.125201e-01 1.000000e-01 1.597529e+00 -0.995443 0.005641 0.020381 0.909006 0.053157 0.007257 0.995443 -0.006251 -0.029618 -0.930308 0.000000 
1.150000e-01 1.003094e-01 9.749662e-02 1.125201e-01 1.000000e-01 1.597529e+00 -0.995443 0.005641 0.020381 0.909006 0.053157 0.007257 0.995443 -0.006251 -0.029618 -0.930308 0.000000 
1.150000e-01 1.003094e-01 9.749662e-02 1.125201e-01 1.000000e-01 1.597529e+00 -0.995443 0.005641 0.020381 0.909006 0.053157 0.007257 0.995443 -0.006251 -0.029618 -0.930308 0.000000 
1.150000e-01 1.003094e-01 9.749662e-02 1.125201e-01 1.000000e-01 1.597529e+00 -0.995443 0.005641 0.020381 0.909006 0.053157 0.007257 0.995443 -0.006251 -0.029618 -0.930308 0.000000 
1.150000e-01 1.003094e-01 9.749662e-02 1.125201e-01 1.000000e-01 1.597529e+00 -0.995443 0.005641 0.020381 0.909006 0.053157 0.007257 0.995443 -0.006251 -0.029618 -0.930308 0.000000 
1.150000e-01 1.003094e-01 9.749662e-02 1.125201e-01 1.000000e-01 1.597529e+00 -0.995443 0.005641 0.020381 0.909006 0.053157 0.007257 0.995443 -0.006251 -0.029618 -0.930308 0.000000 
1.150000e-01 1.003094e-01 9.749662e-02 1.125201e-01 1.000000e-01 1.597529e+00 -0.995443 0.005641 0.020381 0.909006 0.053157 0.007257 0.995443 -0.006251 -0.029618 -0.930308 0.000000 
1.150000e-01 1.003094e-01 9.749662e-02 1.125201e-01 1.000000e-01 1.597529e+00 -0.995443 0.005641 0.020381 0.909006 0.053157 0.007257 0.995443 -0.006251 -0.029618 -0.930308 0.000000 
1.150000e-01 1.003094e-01 9.749662e-02 1.125201e-01 1.000000e-01 1.597529e+00 -0.995443 0.005641 0.020381 0.909006 0.053157 0.007257 0.995443 -0.006251 -0.029618 -0.930308 0.000000 
1.150000e-01 1.003094e-01 9.749662e-02 1.125201e-01 1.000000e-01 1.597529e+00 -0.995443 0.005641 0.020381 0.909006 0.053157 0.007257 0.995443 -0.006251 -0.029618 -0.930308 0.000000 
1.150000e-01 1.003094e-01 9.749662e-02 1.125201e-01 1.000000e-01 1.597529e+00 -0.995443 0.005641 0.020381 0.909006 0.053157 0.007257 0.995443 -0.006251 -0.029618 -0.930308 0.000000 
1.150000e-01 1.003094e-01 9.749662e-02 1.125201e-01 1.000000e-01 1.597529e+00 -0.995443 0.005641 0.020381 0.909006 0.053157 0.007257 0.995443 -0.006251 -0.029618 -0.930308 0.000000 
1.150000e-01 1.003094e-01 9.749662e-02 1.125201e-01 1.000000e-01 1.597529e+00 -0.995443 0.005641 0.020381 0.909006 0.053157 0.007257 0.995443 -0.006251 -0.029618 -0.930308 0.000000 
1.150000e-01 1.003094e-01 9.749662e-02 1.125201e-01 1.000000e-01 1.597529e+00 -0.995443 0.005641 0.020381 0.909006 0.053157 0.007257 0.995443 -0.006251 -0.029618 -0.930308 0.000000 
1.150000e-01 1.003094e-01 9.749662e-02 1.125201e-01 1.000000e-01 1.597529e+00 -0.995443 0.005641 0.020381 0.909006 0.053157 0.007257 0.995443 -0.006251 -0.029618 -0.930308 0.000000 
1.150000e-01 1.003094e-01 9.749662e-02 1.125201e-01 1.000000e-01 1.597529e+00 -0.995443 0.005641 0.020381 0.909006 0.053157 0.007257 0.995443 -0.006251 -0.029618 -0.930308 0.000000 
1.150000e-01 1.003094e-01 9.749662e-02 1.125201e-01 1.000000e-01 1.597529e+00 -0.995443 0.005641 0.020381 0.909006 0.053157 0.007257 0.995443 -0.006251 -0.029618 -0.930308 0.000000 
1.150000e-01 1.003094e-01 9.749662e-02 1.125201e-01 1.000000e-01 1.597529e+00 -0.995443 0.005641 0.020381 0.909006 0.053157 0.007257 0.995443 -0.006251 -0.029618 -0.930308 0.000000 
1.150000e-01 1.003094e-01 9.749662e-02 1.125201e-01 1.000000e-01 1.597529e+00 -0.995443 0.005641 0.020381 0.909006 0.053157 0.007257 0.995443 -0.006251 -0.029618 -0.930308 0.000000 
1.150000e-01 1.003094e-01 9.749662e-02 1.125201e-01 1.000000e-01 1.597529e+00 -0.995443 0.005641 0.020381 0.909006 0.053157 0.007257 0.995443 -0.006251 -0.029618 -0.930308 0.000000 
1.150000e-01 1.003094e-01 9.749662e-02 1.125201e-01 1.000000e-01 1.597529e+00 -0.995443 0.005641 0.020381 0.909006 0.053157 0.007257 0.995443 -0.006251 -0.029618 -0.930308 0.000000 
1.150000e-01 1.003094e-01 9.749662e-02 1.125201e-01 1.000000e-01 1.597529e+00 -0.995443 0.005641 0.020381 0.909006 0.053157 0.007257 0.995443 -0.006251 -0.029618 -0.930308 0.000000 
1.150000e-01 1.003094e-01 9.749662e-02 1.125201e-01 1.000000e-01 1.597529e+00 -0.995443 0.005641 0.020381 0.909006 0.053157 0.007257 0.995443 -0.006251 -0.029618 -0.930308 0.000000 
1.150000e-01 1.003094e-01 9.749662e-02 1.125201e-01 1.000000e-01 1.597529e+00 -0.995443 0.005641 0.020381 0.909006 0.053157 0.007257 0.995443 -0.006251 -0.029618 -0.930308 0.000000 
1.150000e-01 1.003094e-01 9.749662e-02 1.125201e-01 1.000000e-01 1.597529e+00 -0.995443 0.005641 0.020381 0.909006 0.053157 0.007257 0.995443 -0.006251 -0.029618 -0.930308 0.000000 
1.150000e-01 1.003094e-01 9.749662e-02 1.125201e-01 1.000000e-01 1.597529e+00 -0.995443 0.005641 0.020381 0.909006 0.053157 0.007257 0.995443 -0.006251 -0.029618 -0.930308 0.000000 
1.150000e-01 1.003094e-01 9.749662e-02 1.125201e-01 1.000000e-01 1.597529e+00 -0.995443 0.005641 0.020381 0.909006 0.053157 0.007257 0.995443 -0.006251 -0.029618 -0.930308 0.000000 
1.150000e-01 1.003094e-01 9.749662e-02 1.125201e-01 1.000000e-01 1.597529e+00 -0.995443 0.005641 0.020381 0.909006 0.053157 0.007257 0.995443 -0.006251 -0.029618 -0.930308 0.000000 
1.150000e-01 1.003094e-01 9.749662e-02 1.125201e-01 1.000000e-01 1.597529e+00 -0.995443 0.005641 0.020381 0.909006 0.053157 0.007257 0.995443 -0.006251 -0.029618 -0.930308 0.000000 
1.150000e-01 1.003094e-01 9.749662e-02 1.125201e-01 1.000000e-01 1.597529e+00 -0.995443 0.005641 0.020381 0.909006 0.053157 0.007257 0.995443 -0.006251 -0.029618 -0.930308 0.000000 
1.150000e-01 1.003094e-01 9.749662e-02 1.125201e-01 1.000000e-01 1.597529e+00 -0.995443 0.005641 0.020381 0.909006 0.053157 0.007257 0.995443 -0.006251 -0.029618 -0.930308 0.000000 
1.150000e-01 1.003094e-01 9.749662e-02 1.125201e-01 1.000000e-01 1.597529e+00 -0.995443 0.005641 0.020381 0.909006 0.053157 0.007257 0.995443 -0.006251 -0.029618 -0.930308 0.000000 
1.150000e-01 1.003094e-01 9.749662e-02 1.125201e-01 1.000000e-01 1.597529e+00 -0.995443 0.005641 0.020381 0.909006 0.053157 0.007257 0.995443 -0.006251 -0.029618 -0.930308 0.000000 
1.150000e-01 1.003094e-01 9.749662e-02 1.125201e-01 1.000000e-01 1.597529e+00 -0.995443 0.005641 0.020381 0.909006 0.053157 0.007257 0.995443 -0.006251 -0.029618 -0.930308 0.000000 
1.150000e-01 1.003094e-01 9.749662e-02 1.125201e-01 1.000000e-01 1.597529e+00 -0.995443 0.005641 0.020381 0.909006 0.053157 0.007257 0.995443 -0.006251 -0.029618 -0.930308 0.000000 
1.150000e-01 1.003094e-01 9.749662e-02 1.125201e-01 1.000000e-01 1.597529e+00 -0.995443 0.005641 0.020381 0.909006 0.053157 0.007257 0.995443 -0.006251 -0.029618 -0.930308 0.000000 
1.150000e-01 1.003094e-01 9.749662e-02 1.125201e-01 1.000000e-01 1.597529e+00 -0.995443 0.005641 0.020381 0.909006 0.053157 0.007257 0.995443 -0.006251 -0.029618 -0.930308 0.000000 
1.150000e-01 1.003094e-01 9.749662e-02 1.125201e-01 1.000000e-01 1.597529e+00 -0.995443 0.005641 0.020381 0.909006 0.053157 0.007257 0.995443 -0.006251 -0.029618 -0.930308 0.000000 
1.150000e-01 1.003094e-01 9.749662e-02 1.125201e-01 1.000000e-01 1.597529e+00 -0.995443 0.005641 0.020381 0.909006 0.053157 0.007257 0.995443 -0.006251 -0.029618 -0.930308 0.000000 
1.150000e-01 1.003094e-01 9.749662e-02 1.125201e-01 1.000000e-01 1.597529e+00 -0.995443 0.005641 0.020381 0.909006 0.053157 0.007257 0.995443 -0.006251 -0.029618 -0.930308 0.000000 
1.150000e-01 1.003094e-01 9.749662e-02 1.125201e-01 1.000000e-01 1.597529e+00 -0.995443 0.005641 0.020381 0.909006 0.053157 0.007257 0.995443 -0.006251 -0.029618 -0.930308 0.000000 
1.150000e-01 1.003094e-01 9.749662e-02 1.125201e-01 1.000000e-01 1.597529e+00 -0.995443 0.005641 0.020381 0.909006 0.053157 0.007257 0.995443 -0.006251 -0.029618 -0.930308 0.000000 
1.150000e-01 1.003094e-01 9.749662e-02 1.125201e-01 1.000000e-01 1.597529e+00 -0.995443 0.005641 0.020381 0.909006 0.053157 0.007257 0.995443 -0.006251 -0.029618 -0.930308 0.000000 
1.150000e-01 1.003094e-01 9.749662e-02 1.125201e-01 1.000000e-01 1.597529e+00 -0.995443 0.005641 0.020381 0.909006 0.053157 0.007257 0.995443 -0.006251 -0.029618 -0.930308 0.000000 
1.150000e-01 1.003094e-01 9.749662e-02 1.125201e-01 1.000000e-01 1.597529e+00 -0.995443 0.005641 0.020381 0.909006 0.053157 0.007257 0.995443 -0.006251 -0.029618 -0.930308 0.000000 
1.150000e-01 1.003094e-01 9.749662e-02 1.125201e-01 1.000000e-01 1.597529e+00 -0.995443 0.005641 0.020381 0.909006 0.053157 0.007257 0.995443 -0.006251 -0.029618 -0.930308 0.000000 
1.150000e-01 1.003094e-01 9.749662e-02 1.125201e-01 1.000000e-01 1.597529e+00 -0.995443 0.005641 0.020381 0.909006 0.053157 0.007257 0.995443 -0.006251 -0.029618 -0.930308 0.000000 
1.150000e-01 1.003094e-01 9.749662e-02 1.125201e-01 1.000000e-01 1.597529e+00 -0.995443 0.005641 0.020381 0.909006 0.053157 0.007257 0.995443 -0.006251 -0.029618 -0.930308 0.000000 
1.150000e-01 1.003094e-01 9.749662e-02 1.125201e-01 1.000000e-01 1.597529e+00 -0.995443 0.005641 0.020381 0.909006 0.053157 0.007257 0.995443 -0.006251 -0.029618 -0.930308 0.000000 
1.150000e-01 1.003094e-01 9.749662e-02 1.125201e-01 1.000000e-01 1.597529e+00 -0.995443 0.005641 0.020381 0.909006 0.053157 0.007257 0.995443 -0.006251 -0.029618 -0.930308 0.000000 
1.150000e-01 1.003094e-01 9.749662e-02 1.125201e-01 1.000000e-01 1.597529e+00 -0.995443 0.005641 0.020381 0.909006 0.053157 0.007257 0.995443 -0.006251 -0.029618 -0.930308 0.000000 
1.150000e-01 1.003094e-01 9.749662e-02 1.125201e-01 1.000000e-01 1.597529e+00 -0.995443 0.005641 0.020381 0.909006 0.053157 0.007257 0.995443 -0.006251 -0.029618 -0.930308 0.000000 
1.150000e-01 1.003094e-01 9.749662e-02 1.125201e-01 1.000000e-01 1.597529e+00 -0.995443 0.005641 0.020381 0.909006 0.053157 0.007257 0.995443 -0.006251 -0.029618 -0.930308 0.000000 
1.150000e-01 1.003094e-01 9.749662e-02 1.125201e-01 1.000000e-01 1.597529e+00 -0.995443 0.005641 0.020381 0.909006 0.053157 0.007257 0.995443 -0.006251 -0.029618 -0.930308 0.000000 
1.150000e-01 1.003094e-01 9.749662e-02 1.125201e-01 1.000000e-01 1.597529e+00 -0.995443 0.005641 0.020381 0.909006 0.053157 0.007257 0.995443 -0.006251 -0.029618 -0.930308 0.000000 
1.150000e-01 1.003094e-01 9.749662e-02 1.125201e-01 1.000000e-01 1.597529e+00 -0.995443 0.005641 0.020381 0.909006 0.053157 0.007257 0.995443 -0.006251 -0.029618 -0.930308 0.000000 
1.150000e-01 1.003094e-01 9.749662e-02 1.125201e-01 1.000000e-01 1.597529e+00 -0.995443 0.005641 0.020381 0.909006 0.053157 0.007257 0.995443 -0.006251 -0.029618 -0.930308 0.000000 
1.150000e-01 1.003094e-01 9.749662e-02 1.125201e-01 1.000000e-01 1.597529e+00 -0.995443 0.005641 0.020381 0.909006 0.053157 0.007257 0.995443 -0.006251 -0.029618 -0.930308 0.000000 
1.150000e-01 1.003094e-01 9.749662e-02 1.125201e-01 1.000000e-01 1.597529e+00 -0.995443 0.005641 0.020381 0.909006 0.053157 0.007257 0.995443 -0.006251 -0.029618 -0.930308 0.000000 
1.150000e-01 1.003094e-01 9.749662e-02 1.125201e-01 1.000000e-01 1.597529e+00 -0.995443 0.005641 0.020381 0.909006 0.053157 0.007257 0.995443 -0.006251 -0.029618 -0.930308 0.000000 
1.150000e-01 1.003094e-01 9.749662e-02 1.125201e-01 1.000000e-01 1.597529e+00 -0.995443 0.005641 0.020381 0.909006 0.053157 0.007257 0.995443 -0.006251 -0.029618 -0.930308 0.000000 
1.150000e-01 1.003094e-01 9.749662e-02 1.125201e-01 1.000000e-01 1.597529e+00 -0.995443 0.005641 0.020381 0.909006 0.053157 0.007257 0.995443 -0.006251 -0.029618 -0.930308 0.000000 
1.150000e-01 1.003094e-01 9.749662e-02 1.125201e-01 1.000000e-01 1.597529e+00 -0.995443 0.005641 0.020381 0.909006 0.053157 0.007257 0.995443 -0.006251 -0.029618 -0.930308 0.000000 
1.150000e-01 1.003094e-01 9.749662e-02 1.125201e-01 1.000000e-01 1.597529e+00 -0.995443 0.005641 0.020381 0.909006 0.053157 0.007257 0.995443 -0.006251 -0.029618 -0.930308 0.000000 
1.150000e-01 1.003094e-01 9.749662e-02 1.125201e-01 1.000000e-01 1.597529e+00 -0.995443 0.005641 0.020381 0.909006 0.053157 0.007257 0.995443 -0.006251 -0.029618 -0.930308 0.000000 
1.150000e-01 1.003094e-01 9.749662e-02 1.125201e-01 1.000000e-01 1.597529e+00 -0.995443 0.005641 0.020381 0.909006 0.053157 0.007257 0.995443 -0.006251 -0.029618 -0.930308 0.000000 
1.150000e-01 1.003094e-01 9.749662e-02 1.125201e-01 1.000000e-01 1.597529e+00 -0.995443 0.005641 0.020381 0.909006 0.053157 0.007257 0.995443 -0.006251 -0.029618 -0.930308 0.000000 
1.150000e-01 1.003094e-01 9.749662e-02 1.125201e-01 1.000000e-01 1.597529e+00 -0.995443 0.005641 0.020381 0.909006 0.053157 0.007257 0.995443 -0.006251 -0.029618 -0.930308 0.000000 
1.150000e-01 1.003094e-01 9.749662e-02 1.125201e-01 1.000000e-01 1.597529e+00 -0.995443 0.005641 0.020381 0.909006 0.053157 0.007257 0.995443 -0.006251 -0.029618 -0.930308 0.000000 
1.150000e-01 1.003094e-01 9.749662e-02 1.125201e-01 1.000000e-01 1.597529e+00 -0.995443 0.005641 0.020381 0.909006 0.053157 0.007257 0.995443 -0.006251 -0.029618 -0.930308 0.000000 
1.150000e-01 1.003094e-01 9.749662e-02 1.125201e-01 1.000000e-01 1.597529e+00 -0.995443 0.005641 0.020381 0.909006 0.053157 0.007257 0.995443 -0.006251 -0.029618 -0.930308 0.000000 
1.150000e-01 1.003094e-01 9.749662e-02 1.125201e-01 1.000000e-01 1.597529e+00 -0.995443 0.005641 0.020381 0.909006 0.053157 0.007257 0.995443 -0.006251 -0.029618 -0.930308 0.000000 
1.150000e-01 1.003094e-01 9.749662e-02 1.125201e-01 1.000000e-01 1.597529e+00 -0.995443 0.005641 0.020381 0.909006 0.053157 0.007257 0.995443 -0.006251 -0.029618 -0.930308 0.000000 
