# TeX TeY TeZ ThX ThY THZ P1 P2
1.200000e-01 1.000000e-01 6.450000e-01 1.200000e-01 1.000000e-01 6.450000e-01 0.000000 0.000000 0.000000 0.000000 0.000000 0.000000 0.000000 0.000000 0.000000 0.000000 0.000000 
1.200000e-01 9.999999e-02 6.328107e-01 1.200000e-01 1.000000e-01 6.537006e-01 -0.013802 0.001771 0.003543 0.003547 0.003566 0.001374 0.013802 -0.001771 -0.003543 -0.003547 0.000000 
1.200000e-01 9.999998e-02 6.205836e-01 1.200000e-01 1.000000e-01 6.623900e-01 -0.027621 0.003545 0.007091 0.007098 0.007137 0.002750 0.027621 -0.003545 -0.007091 -0.007098 0.000000 
1.200000e-01 9.999997e-02 6.083191e-01 1.200000e-01 1.000000e-01 6.710680e-01 -0.041457 0.005321 0.010643 0.010653 0.010712 0.004128 0.041457 -0.005321 -0.010643 -0.010653 0.000000 
1.200000e-01 9.999996e-02 5.960176e-01 1.200000e-01 1.000000e-01 6.797345e-01 -0.055310 0.007099 0.014200 0.014213 0.014291 0.005507 0.055310 -0.007099 -0.014200 -0.014213 0.000000 
1.200000e-01 9.999994e-02 5.836792e-01 1.200000e-01 1.000000e-01 6.883895e-01 -0.069180 0.008879 0.017761 0.017777 0.017875 0.006888 0.069180 -0.008879 -0.017761 -0.017777 0.000000 
1.200000e-01 9.999992e-02 5.713044e-01 1.200000e-01 1.000000e-01 6.970329e-01 -0.083066 0.010661 0.021326 0.021346 0.021463 0.008271 0.083066 -0.010661 -0.021326 -0.021346 0.000000 
1.200000e-01 9.999989e-02 5.588934e-01 1.200000e-01 1.000000e-01 7.056644e-01 -0.096968 0.012445 0.024895 0.024918 0.025055 0.009655 0.096969 -0.012445 -0.024895 -0.024918 0.000000 
1.200000e-01 9.999986e-02 5.464465e-01 1.200000e-01 1.000000e-01 7.142841e-01 -0.110887 0.014232 0.028468 0.028495 0.028651 0.011041 0.110887 -0.014231 -0.028468 -0.028495 0.000000 
1.200000e-01 9.999983e-02 5.339640e-01 1.200000e-01 1.000000e-01 7.228918e-01 -0.124821 0.016020 0.032046 0.032075 0.032251 0.012429 0.124821 -0.016020 -0.032046 -0.032076 0.000000 
1.200000e-01 9.999978e-02 5.214463e-01 1.200000e-01 1.000000e-01 7.314875e-01 -0.138770 0.017810 0.035627 0.035660 0.035855 0.013818 0.138770 -0.017810 -0.035627 -0.035660 0.000000 
1.200000e-01 9.999973e-02 5.088936e-01 1.200000e-01 1.000000e-01 7.400709e-01 -0.152734 0.019602 0.039212 0.039248 0.039464 0.015208 0.152734 -0.019602 -0.039212 -0.039249 0.000000 
1.200000e-01 9.999966e-02 4.963062e-01 1.200000e-01 1.000000e-01 7.486420e-01 -0.166713 0.021396 0.042801 0.042841 0.043076 0.016600 0.166713 -0.021396 -0.042801 -0.042842 0.000000 
1.200000e-01 9.999958e-02 4.836844e-01 1.200000e-01 1.000000e-01 7.572008e-01 -0.180706 0.023192 0.046393 0.046437 0.046691 0.017993 0.180707 -0.023191 -0.046393 -0.046438 0.000000 
1.200000e-01 9.999948e-02 4.710284e-01 1.200000e-01 1.000000e-01 7.657469e-01 -0.194714 0.024990 0.049990 0.050036 0.050311 0.019388 0.194714 -0.024989 -0.049990 -0.050038 0.000000 
1.200000e-01 9.999936e-02 4.583386e-01 1.200000e-01 1.000000e-01 7.742805e-01 -0.208736 0.026790 0.053590 0.053639 0.053934 0.020784 0.208736 -0.026788 -0.053590 -0.053643 0.000000 
1.200000e-01 9.999922e-02 4.456153e-01 1.200000e-01 1.000000e-01 7.828012e-01 -0.222771 0.028591 0.057193 0.057246 0.057560 0.022182 0.222772 -0.028588 -0.057193 -0.057251 0.000000 
1.200000e-01 9.999904e-02 4.328586e-01 1.200000e-01 1.000000e-01 7.913091e-01 -0.236821 0.030394 0.060800 0.060856 0.061190 0.023581 0.236821 -0.030390 -0.060800 -0.060864 0.000000 
1.200000e-01 9.999883e-02 4.200689e-01 1.200000e-01 1.000000e-01 7.998040e-01 -0.250883 0.032199 0.064410 0.064470 0.064824 0.024981 0.250883 -0.032193 -0.064411 -0.064482 0.000000 
1.200000e-01 9.999856e-02 4.072464e-01 1.200000e-01 1.000000e-01 8.082857e-01 -0.264958 0.034005 0.068024 0.068087 0.068460 0.026382 0.264958 -0.033996 -0.068024 -0.068105 0.000000 
1.200000e-01 9.999824e-02 3.943915e-01 1.200000e-01 1.000000e-01 8.167542e-01 -0.279046 0.035813 0.071640 0.071707 0.072100 0.027785 0.279046 -0.035800 -0.071642 -0.071734 0.000000 
1.200000e-01 9.999785e-02 3.815043e-01 1.200000e-01 1.000000e-01 8.252093e-01 -0.293146 0.037623 0.075260 0.075331 0.075744 0.029189 0.293147 -0.037602 -0.075262 -0.075372 0.000000 
1.200000e-01 9.999737e-02 3.685851e-01 1.200000e-01 1.000000e-01 8.336510e-01 -0.307259 0.039434 0.078884 0.078957 0.079390 0.030595 0.307259 -0.039403 -0.078886 -0.079020 0.000000 
1.200000e-01 9.999678e-02 3.556342e-01 1.200000e-01 1.000000e-01 8.420789e-01 -0.321384 0.041247 0.082510 0.082587 0.083040 0.032001 0.321384 -0.041199 -0.082514 -0.082682 0.000000 
1.200000e-01 9.999606e-02 3.426518e-01 1.200000e-01 1.000000e-01 8.504931e-01 -0.335520 0.043061 0.086139 0.086219 0.086693 0.033409 0.335520 -0.042988 -0.086145 -0.086365 0.000000 
1.200000e-01 9.999518e-02 3.296382e-01 1.200000e-01 1.000000e-01 8.588935e-01 -0.349668 0.044877 0.089771 0.089855 0.090348 0.034817 0.349668 -0.044766 -0.089781 -0.090075 0.000000 
1.200000e-01 9.999410e-02 3.165936e-01 1.200000e-01 1.000000e-01 8.672798e-01 -0.363827 0.046694 0.093406 0.093494 0.094007 0.036227 0.363827 -0.046526 -0.093420 -0.093830 0.000000 
1.200000e-01 9.999277e-02 3.035183e-01 1.200000e-01 1.000000e-01 8.756519e-01 -0.377997 0.048513 0.097044 0.097135 0.097668 0.037638 0.377997 -0.048256 -0.097065 -0.097647 0.000000 
1.200000e-01 9.999116e-02 2.904124e-01 1.200000e-01 1.000000e-01 8.840097e-01 -0.392177 0.050333 0.100684 0.100779 0.101332 0.039050 0.392178 -0.049943 -0.100716 -0.101558 0.000000 
1.200000e-01 9.998918e-02 2.772763e-01 1.200000e-01 1.000000e-01 8.923531e-01 -0.406368 0.052154 0.104328 0.104426 0.104999 0.040463 0.406369 -0.051558 -0.104375 -0.105618 0.000000 
1.200000e-01 9.998675e-02 2.641101e-01 1.200000e-01 1.000000e-01 9.006818e-01 -0.420570 0.053976 0.107974 0.108075 0.108669 0.041878 0.420570 -0.053068 -0.108044 -0.109896 0.000000 
1.200000e-01 9.998380e-02 2.509141e-01 1.200000e-01 1.000000e-01 9.089959e-01 -0.434782 0.055800 0.111622 0.111727 0.112341 0.043293 0.434782 -0.054415 -0.111725 -0.114516 0.000000 
1.200000e-01 9.998020e-02 2.376884e-01 1.200000e-01 1.000000e-01 9.172951e-01 -0.449003 0.057625 0.115273 0.115382 0.116016 0.044709 0.449004 -0.055508 -0.115419 -0.119665 0.000000 
1.200000e-01 9.997583e-02 2.244332e-01 1.200000e-01 1.000000e-01 9.255792e-01 -0.463235 0.059452 0.118926 0.119039 0.119693 0.046126 0.463235 -0.056227 -0.119124 -0.125611 0.000000 
1.200000e-01 9.997058e-02 2.111488e-01 1.200000e-01 1.000000e-01 9.338482e-01 -0.477476 0.061279 0.122582 0.122698 0.123373 0.047544 0.477476 -0.056360 -0.122826 -0.132842 0.000000 
1.200000e-01 9.996434e-02 1.978352e-01 1.200000e-01 1.000000e-01 9.421018e-01 -0.491727 0.063108 0.126241 0.126361 0.127056 0.048964 0.491727 -0.055620 -0.126474 -0.142083 0.000000 
1.200000e-01 9.995704e-02 1.844925e-01 1.200000e-01 1.000000e-01 9.503400e-01 -0.505988 0.064938 0.129902 0.130025 0.130741 0.050384 0.505989 -0.053612 -0.129937 -0.154458 0.000000 
1.200000e-01 9.994880e-02 1.711206e-01 1.200000e-01 1.000000e-01 9.585625e-01 -0.520260 0.066769 0.133565 0.133693 0.134429 0.051805 0.520260 -0.049696 -0.132843 -0.172104 0.000000 
1.200000e-01 9.994018e-02 1.577191e-01 1.200000e-01 1.000000e-01 9.667692e-01 -0.534544 0.068602 0.137232 0.137363 0.138120 0.053228 0.534544 -0.043111 -0.134266 -0.198536 0.000000 
1.200000e-01 9.993354e-02 1.442858e-01 1.200000e-01 1.000000e-01 9.749600e-01 -0.548848 0.070438 0.140904 0.141039 0.141817 0.054652 0.548848 -0.032982 -0.132007 -0.239980 0.000000 
1.200000e-01 9.993909e-02 1.308088e-01 1.200000e-01 1.000000e-01 9.831346e-01 -0.563208 0.072280 0.144590 0.144729 0.145528 0.056082 0.563208 -0.018240 -0.120326 -0.309711 0.000000 
1.200000e-01 9.999978e-02 1.172321e-01 1.200000e-01 1.000000e-01 9.912930e-01 -0.577810 0.074154 0.148338 0.148482 0.149301 0.057537 0.577810 0.002142 -0.084546 -0.436392 0.000000 
1.200000e-01 1.002135e-01 1.033424e-01 1.200000e-01 1.000000e-01 9.994348e-01 -0.593418 0.076156 0.152345 0.152493 0.153335 0.059091 0.593419 0.030059 0.007997 -0.678947 0.000000 
1.200000e-01 1.003094e-01 9.749313e-02 1.200000e-01 1.000000e-01 1.007560e+00 -0.603617 0.077465 0.154962 0.155114 0.155971 0.060107 0.603618 0.044047 0.071020 -0.829715 0.000000 
1.200000e-01 1.003094e-01 9.749313e-02 1.200000e-01 1.000000e-01 1.015669e+00 -0.608974 0.078152 0.156336 0.156490 0.157357 0.060641 0.608975 0.043359 0.069644 -0.831092 0.000000 
1.200000e-01 1.003094e-01 9.749313e-02 1.200000e-01 1.000000e-01 1.023760e+00 -0.614320 0.078837 0.157708 0.157864 0.158739 0.061174 0.614321 0.042673 0.068272 -0.832465 0.000000 
1.200000e-01 1.003094e-01 9.749313e-02 1.200000e-01 1.000000e-01 1.031834e+00 -0.619655 0.079521 0.159076 0.159235 0.160119 0.061706 0.619655 0.041988 0.066902 -0.833836 0.000000 
1.200000e-01 1.003094e-01 9.749313e-02 1.200000e-01 1.000000e-01 1.039891e+00 -0.624978 0.080203 0.160441 0.160603 0.161496 0.062237 0.624979 0.041305 0.065536 -0.835204 0.000000 
1.200000e-01 1.003094e-01 9.749313e-02 1.200000e-01 1.000000e-01 1.047931e+00 -0.630289 0.080883 0.161803 0.161968 0.162870 0.062767 0.630290 0.040623 0.064172 -0.836569 0.000000 
1.200000e-01 1.003094e-01 9.749313e-02 1.200000e-01 1.000000e-01 1.055952e+00 -0.635589 0.081562 0.163162 0.163330 0.164242 0.063296 0.635590 0.039943 0.062812 -0.837931 0.000000 
1.200000e-01 1.003094e-01 9.749313e-02 1.200000e-01 1.000000e-01 1.063956e+00 -0.640877 0.082239 0.164517 0.164689 0.165610 0.063824 0.640878 0.039265 0.061454 -0.839290 0.000000 
1.200000e-01 1.003094e-01 9.749313e-02 1.200000e-01 1.000000e-01 1.071942e+00 -0.646153 0.082914 0.165869 0.166045 0.166976 0.064350 0.646154 0.038587 0.060099 -0.840645 0.000000 
1.200000e-01 1.003094e-01 9.749313e-02 1.200000e-01 1.000000e-01 1.079909e+00 -0.651417 0.083588 0.167217 0.167398 0.168340 0.064876 0.651418 0.037912 0.058748 -0.841998 0.000000 
1.200000e-01 1.003094e-01 9.749313e-02 1.200000e-01 1.000000e-01 1.087858e+00 -0.656669 0.084259 0.168562 0.168748 0.169700 0.065401 0.656669 0.037238 0.057400 -0.843348 0.000000 
1.200000e-01 1.003094e-01 9.749313e-02 1.200000e-01 1.000000e-01 1.095788e+00 -0.661908 0.084929 0.169904 0.170094 0.171058 0.065925 0.661909 0.036565 0.056055 -0.844694 0.000000 
1.200000e-01 1.003094e-01 9.749313e-02 1.200000e-01 1.000000e-01 1.103700e+00 -0.667135 0.085597 0.171242 0.171438 0.172413 0.066447 0.667135 0.035895 0.054713 -0.846037 0.000000 
1.200000e-01 1.003094e-01 9.749313e-02 1.199999e-01 1.000000e-01 1.111592e+00 -0.672349 0.086263 0.172576 0.172778 0.173765 0.066969 0.672350 0.035225 0.053374 -0.847377 0.000000 
1.200000e-01 1.003094e-01 9.749313e-02 1.199999e-01 1.000000e-01 1.119465e+00 -0.677551 0.086926 0.173906 0.174115 0.175115 0.067490 0.677551 0.034558 0.052039 -0.848714 0.000000 
1.200000e-01 1.003094e-01 9.749313e-02 1.199999e-01 1.000000e-01 1.127318e+00 -0.682739 0.087588 0.175232 0.175448 0.176463 0.068010 0.682740 0.033892 0.050707 -0.850047 0.000000 
1.200000e-01 1.003094e-01 9.749313e-02 1.199999e-01 1.000000e-01 1.135152e+00 -0.687915 0.088247 0.176553 0.176779 0.177807 0.068530 0.687915 0.033228 0.049378 -0.851377 0.000000 
1.200000e-01 1.003094e-01 9.749313e-02 1.199999e-01 1.000000e-01 1.142966e+00 -0.693077 0.088904 0.177871 0.178106 0.179150 0.069048 0.693077 0.032565 0.048052 -0.852704 0.000000 
1.200000e-01 1.003094e-01 9.749313e-02 1.199999e-01 1.000000e-01 1.150759e+00 -0.698226 0.089558 0.179184 0.179430 0.180490 0.069566 0.698226 0.031904 0.046731 -0.854027 0.000000 
1.200000e-01 1.003094e-01 9.749313e-02 1.199999e-01 1.000000e-01 1.158532e+00 -0.703361 0.090210 0.180493 0.180750 0.181827 0.070083 0.703362 0.031245 0.045412 -0.855346 0.000000 
1.200000e-01 1.003094e-01 9.749313e-02 1.199999e-01 1.000000e-01 1.166284e+00 -0.708483 0.090860 0.181796 0.182067 0.183163 0.070599 0.708484 0.030588 0.044097 -0.856663 0.000000 
1.200000e-01 1.003094e-01 9.749313e-02 1.199999e-01 1.000000e-01 1.174016e+00 -0.713591 0.091506 0.183095 0.183380 0.184497 0.071115 0.713592 0.029932 0.042786 -0.857975 0.000000 
1.200000e-01 1.003094e-01 9.749313e-02 1.199999e-01 1.000000e-01 1.181726e+00 -0.718685 0.092149 0.184388 0.184690 0.185829 0.071630 0.718686 0.029278 0.041478 -0.859284 0.000000 
1.200000e-01 1.003094e-01 9.749313e-02 1.199999e-01 1.000000e-01 1.189415e+00 -0.723765 0.092789 0.185676 0.185997 0.187159 0.072145 0.723766 0.028626 0.040174 -0.860590 0.000000 
1.200000e-01 1.003094e-01 9.749313e-02 1.199999e-01 1.000000e-01 1.197083e+00 -0.728831 0.093426 0.186959 0.187300 0.188488 0.072660 0.728831 0.027976 0.038873 -0.861891 0.000000 
1.200000e-01 1.003094e-01 9.749313e-02 1.199999e-01 1.000000e-01 1.204728e+00 -0.733882 0.094060 0.188235 0.188599 0.189815 0.073174 0.733882 0.027328 0.037576 -0.863189 0.000000 
1.200000e-01 1.003094e-01 9.749313e-02 1.199998e-01 1.000000e-01 1.212351e+00 -0.738919 0.094689 0.189505 0.189895 0.191142 0.073689 0.738919 0.026682 0.036283 -0.864484 0.000000 
1.200000e-01 1.003094e-01 9.749313e-02 1.199998e-01 1.000000e-01 1.219952e+00 -0.743940 0.095315 0.190768 0.191188 0.192468 0.074203 0.743941 0.026037 0.034994 -0.865774 0.000000 
1.200000e-01 1.003094e-01 9.749313e-02 1.199998e-01 1.000000e-01 1.227531e+00 -0.748947 0.095935 0.192024 0.192477 0.193794 0.074719 0.748948 0.025394 0.033709 -0.867061 0.000000 
1.200000e-01 1.003094e-01 9.749313e-02 1.199998e-01 1.000000e-01 1.235086e+00 -0.753939 0.096552 0.193272 0.193762 0.195120 0.075234 0.753939 0.024754 0.032427 -0.868343 0.000000 
1.200000e-01 1.003094e-01 9.749313e-02 1.199997e-01 1.000000e-01 1.242618e+00 -0.758915 0.097163 0.194512 0.195044 0.196447 0.075751 0.758916 0.024115 0.031149 -0.869622 0.000000 
1.200000e-01 1.003094e-01 9.749313e-02 1.199997e-01 1.000000e-01 1.250127e+00 -0.763876 0.097769 0.195744 0.196322 0.197774 0.076268 0.763877 0.023478 0.029876 -0.870897 0.000000 
1.200000e-01 1.003094e-01 9.749313e-02 1.199997e-01 1.000000e-01 1.257612e+00 -0.768821 0.098369 0.196966 0.197597 0.199104 0.076787 0.768822 0.022844 0.028606 -0.872168 0.000000 
1.200000e-01 1.003094e-01 9.749313e-02 1.199996e-01 1.000000e-01 1.265073e+00 -0.773751 0.098962 0.198179 0.198868 0.200435 0.077307 0.773751 0.022211 0.027341 -0.873434 0.000000 
1.200000e-01 1.003094e-01 9.749313e-02 1.199996e-01 1.000000e-01 1.272510e+00 -0.778664 0.099549 0.199380 0.200137 0.201770 0.077829 0.778664 0.021581 0.026079 -0.874697 0.000000 
1.200000e-01 1.003094e-01 9.749313e-02 1.199995e-01 1.000000e-01 1.279922e+00 -0.783561 0.100128 0.200571 0.201401 0.203108 0.078354 0.783561 0.020952 0.024822 -0.875955 0.000000 
1.200000e-01 1.003094e-01 9.749313e-02 1.199995e-01 1.000000e-01 1.287309e+00 -0.788441 0.100698 0.201748 0.202663 0.204452 0.078882 0.788442 0.020326 0.023569 -0.877210 0.000000 
1.200000e-01 1.003094e-01 9.749313e-02 1.199994e-01 1.000000e-01 1.294671e+00 -0.793305 0.101259 0.202912 0.203922 0.205800 0.079412 0.793305 0.019701 0.022320 -0.878459 0.000000 
1.200000e-01 1.003094e-01 9.749313e-02 1.199993e-01 1.000000e-01 1.302007e+00 -0.798152 0.101810 0.204061 0.205179 0.207157 0.079947 0.798152 0.019079 0.021076 -0.879705 0.000000 
1.200000e-01 1.003094e-01 9.749313e-02 1.199992e-01 1.000000e-01 1.309318e+00 -0.802982 0.102350 0.205196 0.206432 0.208520 0.080485 0.802982 0.018459 0.019836 -0.880946 0.000000 
1.200000e-01 1.003094e-01 9.749313e-02 1.199991e-01 1.000000e-01 1.316602e+00 -0.807795 0.102878 0.206312 0.207684 0.209893 0.081029 0.807795 0.017842 0.018600 -0.882183 0.000000 
1.200000e-01 1.003094e-01 9.749313e-02 1.199990e-01 1.000000e-01 1.323860e+00 -0.812590 0.103392 0.207410 0.208934 0.211277 0.081578 0.812590 0.017226 0.017369 -0.883415 0.000000 
1.200000e-01 1.003094e-01 9.749313e-02 1.199988e-01 1.000000e-01 1.331091e+00 -0.817367 0.103891 0.208487 0.210183 0.212674 0.082134 0.817368 0.016613 0.016143 -0.884643 0.000000 
1.200000e-01 1.003094e-01 9.749313e-02 1.199987e-01 1.000000e-01 1.338296e+00 -0.822127 0.104373 0.209541 0.211432 0.214085 0.082696 0.822127 0.016002 0.014921 -0.885866 0.000000 
1.200000e-01 1.003094e-01 9.749313e-02 1.199985e-01 1.000000e-01 1.345472e+00 -0.826868 0.104837 0.210573 0.212681 0.215512 0.083266 0.826868 0.015394 0.013704 -0.887084 0.000000 
1.200000e-01 1.003094e-01 9.749313e-02 1.199983e-01 1.000000e-01 1.352621e+00 -0.831591 0.105280 0.211575 0.213932 0.216959 0.083845 0.831591 0.014788 0.012491 -0.888298 0.000000 
1.200000e-01 1.003094e-01 9.749313e-02 1.199981e-01 1.000000e-01 1.359741e+00 -0.836295 0.105701 0.212551 0.215185 0.218426 0.084433 0.836296 0.014184 0.011283 -0.889507 0.000000 
1.200000e-01 1.003094e-01 9.749313e-02 1.199978e-01 1.000000e-01 1.366833e+00 -0.840981 0.106094 0.213492 0.216444 0.219919 0.085033 0.840981 0.013583 0.010080 -0.890711 0.000000 
1.200000e-01 1.003094e-01 9.749313e-02 1.199975e-01 1.000000e-01 1.373897e+00 -0.845647 0.106460 0.214400 0.217708 0.221438 0.085642 0.845647 0.012984 0.008882 -0.891910 0.000000 
1.200000e-01 1.003094e-01 9.749313e-02 1.199972e-01 1.000000e-01 1.380931e+00 -0.850294 0.106793 0.215269 0.218981 0.222988 0.086264 0.850294 0.012387 0.007689 -0.893104 0.000000 
1.200000e-01 1.003094e-01 9.749313e-02 1.199968e-01 1.000000e-01 1.387935e+00 -0.854921 0.107089 0.216094 0.220267 0.224573 0.086900 0.854922 0.011793 0.006501 -0.894293 0.000000 
1.200000e-01 1.003094e-01 9.749313e-02 1.199964e-01 1.000000e-01 1.394909e+00 -0.859529 0.107347 0.216876 0.221567 0.226193 0.087547 0.859529 0.011202 0.005318 -0.895477 0.000000 
1.200000e-01 1.003094e-01 9.749313e-02 1.199959e-01 1.000000e-01 1.401853e+00 -0.864117 0.107553 0.217601 0.222890 0.227862 0.088211 0.864117 0.010613 0.004141 -0.896656 0.000000 
1.200000e-01 1.003094e-01 9.749313e-02 1.199953e-01 1.000000e-01 1.408766e+00 -0.868684 0.107711 0.218272 0.224237 0.229575 0.088888 0.868684 0.010027 0.002968 -0.897830 0.000000 
1.200000e-01 1.003094e-01 9.749313e-02 1.199947e-01 1.000000e-01 1.415648e+00 -0.873230 0.107811 0.218882 0.225617 0.231341 0.089580 0.873230 0.009444 0.001801 -0.898998 0.000000 
1.200000e-01 1.003094e-01 9.749313e-02 1.199940e-01 1.000000e-01 1.422498e+00 -0.877756 0.107840 0.219418 0.227042 0.233170 0.090286 0.877756 0.008863 0.000639 -0.900161 0.000000 
1.200000e-01 1.003094e-01 9.749313e-02 1.199932e-01 1.000000e-01 1.429317e+00 -0.882260 0.107798 0.219883 0.228514 0.235061 0.091005 0.882261 0.008285 -0.000517 -0.901318 0.000000 
1.200000e-01 1.003094e-01 9.749313e-02 1.199922e-01 1.000000e-01 1.436102e+00 -0.886743 0.107667 0.220258 0.230056 0.237028 0.091735 0.886744 0.007709 -0.001668 -0.902471 0.000000 
1.200000e-01 1.003094e-01 9.749313e-02 1.199912e-01 1.000000e-01 1.442856e+00 -0.891205 0.107437 0.220537 0.231679 0.239078 0.092474 0.891205 0.007137 -0.002814 -0.903617 0.000000 
1.200000e-01 1.003094e-01 9.749313e-02 1.199900e-01 1.000000e-01 1.449575e+00 -0.895644 0.107104 0.220717 0.233396 0.241212 0.093216 0.895644 0.006567 -0.003954 -0.904758 0.000000 
1.200000e-01 1.003094e-01 9.749313e-02 1.199886e-01 1.000000e-01 1.456261e+00 -0.900061 0.106636 0.220768 0.235248 0.243455 0.093956 0.900061 0.006000 -0.005088 -0.905893 0.000000 
1.200000e-01 1.003094e-01 9.749313e-02 1.199871e-01 1.000000e-01 1.462913e+00 -0.904456 0.106026 0.220685 0.237252 0.245808 0.094685 0.904456 0.005436 -0.006216 -0.907022 0.000000 
1.200000e-01 1.003094e-01 9.749313e-02 1.199854e-01 1.000000e-01 1.469531e+00 -0.908828 0.105265 0.220458 0.239433 0.248278 0.095395 0.908828 0.004875 -0.007338 -0.908146 0.000000 
1.200000e-01 1.003094e-01 9.749313e-02 1.199834e-01 1.000000e-01 1.476113e+00 -0.913176 0.104306 0.220042 0.241866 0.250897 0.096066 0.913176 0.004317 -0.008455 -0.909263 0.000000 
1.200000e-01 1.003094e-01 9.749313e-02 1.199811e-01 1.000000e-01 1.482660e+00 -0.917502 0.103140 0.219422 0.244588 0.253672 0.096680 0.917502 0.003762 -0.009565 -0.910375 0.000000 
1.200000e-01 1.003094e-01 9.749313e-02 1.199786e-01 1.000000e-01 1.489171e+00 -0.921803 0.101752 0.218579 0.247644 0.256610 0.097219 0.921803 0.003210 -0.010669 -0.911480 0.000000 
1.200000e-01 1.003094e-01 9.749313e-02 1.199758e-01 1.000000e-01 1.495645e+00 -0.926081 0.100093 0.217452 0.251147 0.259747 0.097643 0.926081 0.002661 -0.011768 -0.912579 0.000000 
1.200000e-01 1.003094e-01 9.749313e-02 1.199725e-01 1.000000e-01 1.502082e+00 -0.930334 0.098123 0.215978 0.255214 0.263114 0.097906 0.930334 0.002115 -0.012860 -0.913672 0.000000 
1.200000e-01 1.003094e-01 9.749313e-02 1.199689e-01 1.000000e-01 1.508480e+00 -0.934561 0.095838 0.214128 0.259911 0.266711 0.097973 0.934562 0.001572 -0.013945 -0.914758 0.000000 
1.200000e-01 1.003094e-01 9.749313e-02 1.199649e-01 1.000000e-01 1.514838e+00 -0.938763 0.093209 0.211830 0.265372 0.270561 0.097791 0.938763 0.001033 -0.015024 -0.915838 0.000000 
1.200000e-01 1.003094e-01 9.749313e-02 1.199603e-01 1.000000e-01 1.521156e+00 -0.942938 0.090135 0.208894 0.271937 0.274740 0.097232 0.942938 0.000497 -0.016096 -0.916911 0.000000 
1.200000e-01 1.003094e-01 9.749313e-02 1.199551e-01 1.000000e-01 1.527433e+00 -0.947086 0.086632 0.205260 0.279720 0.279230 0.096245 0.947087 -0.000035 -0.017161 -0.917977 0.000000 
1.200000e-01 1.003094e-01 9.749313e-02 1.199492e-01 1.000000e-01 1.533669e+00 -0.951208 0.082678 0.200794 0.288964 0.284034 0.094738 0.951208 -0.000564 -0.018219 -0.919036 0.000000 
1.200000e-01 1.003094e-01 9.749313e-02 1.199422e-01 1.000000e-01 1.539862e+00 -0.955301 0.078246 0.195316 0.299996 0.289142 0.092601 0.955301 -0.001090 -0.019270 -0.920088 0.000000 
1.200000e-01 1.003094e-01 9.749313e-02 1.199335e-01 1.000000e-01 1.546012e+00 -0.959366 0.073236 0.188396 0.313613 0.294537 0.089585 0.959366 -0.001611 -0.020313 -0.921133 0.000000 
1.200000e-01 1.003094e-01 9.749313e-02 1.199214e-01 1.000000e-01 1.552119e+00 -0.963401 0.067699 0.179895 0.330145 0.300029 0.085634 0.963401 -0.002129 -0.021349 -0.922169 0.000000 
1.200000e-01 1.003094e-01 9.749313e-02 1.199027e-01 1.000000e-01 1.558180e+00 -0.967402 0.061647 0.169545 0.350249 0.305323 0.080637 0.967402 -0.002643 -0.022376 -0.923198 0.000000 
1.200000e-01 1.003094e-01 9.749313e-02 1.198705e-01 1.000000e-01 1.564192e+00 -0.971363 0.055102 0.157052 0.374849 0.309874 0.074487 0.971363 -0.003151 -0.023393 -0.924216 0.000000 
1.200000e-01 1.003094e-01 9.749313e-02 1.198091e-01 1.000000e-01 1.570149e+00 -0.975273 0.048101 0.142104 0.405379 0.312595 0.067093 0.975273 -0.003653 -0.024397 -0.925220 0.000000 
1.200000e-01 1.003094e-01 9.749313e-02 1.196839e-01 1.000000e-01 1.576041e+00 -0.979107 0.040703 0.124330 0.444763 0.310936 0.058375 0.979107 -0.004145 -0.025381 -0.926205 0.000000 
1.200000e-01 1.003094e-01 9.749313e-02 1.194131e-01 1.000000e-01 1.581845e+00 -0.982833 0.033110 0.104258 0.496033 0.300807 0.048624 0.982833 -0.004623 -0.026338 -0.927163 0.000000 
1.200000e-01 1.003094e-01 9.749313e-02 1.187958e-01 1.000000e-01 1.587509e+00 -0.986441 0.025447 0.082289 0.567585 0.273142 0.037978 0.986441 -0.005086 -0.027264 -0.928090 0.000000 
1.200000e-01 1.003094e-01 9.749313e-02 1.173327e-01 1.000000e-01 1.592922e+00 -0.990210 0.017208 0.057051 0.684876 0.205452 0.025622 0.990210 -0.005570 -0.028232 -0.929059 0.000000 
1.200000e-01 1.003094e-01 9.749313e-02 1.155683e-01 1.000000e-01 1.597506e+00 -0.994901 0.006607 0.022544 0.877139 0.078952 0.009659 0.994901 -0.006172 -0.029436 -0.930264 0.000000 
1.200000e-01 1.003094e-01 9.749313e-02 1.155683e-01 1.000000e-01 1.597506e+00 -0.994901 0.006607 0.022544 0.877139 0.078952 0.009659 0.994901 -0.006172 -0.029436 -0.930264 0.000000 
1.200000e-01 1.003094e-01 9.749313e-02 1.155683e-01 1.000000e-01 1.597506e+00 -0.994901 0.006607 0.022544 0.877139 0.078952 0.009659 0.994901 -0.006172 -0.029436 -0.930264 0.000000 
1.200000e-01 1.003094e-01 9.749313e-02 1.155683e-01 1.000000e-01 1.597506e+00 -0.994901 0.006607 0.022544 0.877139 0.078952 0.009659 0.994901 -0.006172 -0.029436 -0.930264 0.000000 
1.200000e-01 1.003094e-01 9.749313e-02 1.155683e-01 1.000000e-01 1.597506e+00 -0.994901 0.006607 0.022544 0.877139 0.078952 0.009659 0.994901 -0.006172 -0.029436 -0.930264 0.000000 
1.200000e-01 1.003094e-01 9.749313e-02 1.155683e-01 1.000000e-01 1.597506e+00 -0.994901 0.006607 0.022544 0.877139 0.078952 0.009659 0.994901 -0.006172 -0.029436 -0.930264 0.000000 
1.200000e-01 1.003094e-01 9.749313e-02 1.155683e-01 1.000000e-01 1.597506e+00 -0.994901 0.006607 0.022544 0.877139 0.078952 0.009659 0.994901 -0.006172 -0.029436 -0.930264 0.000000 
1.200000e-01 1.003094e-01 9.749313e-02 1.155683e-01 1.000000e-01 1.597506e+00 -0.994901 0.006607 0.022544 0.877139 0.078952 0.009659 0.994901 -0.006172 -0.029436 -0.930264 0.000000 
1.200000e-01 1.003094e-01 9.749313e-02 1.155683e-01 1.000000e-01 1.597506e+00 -0.994901 0.006607 0.022544 0.877139 0.078952 0.009659 0.994901 -0.006172 -0.029436 -0.930264 0.000000 
1.200000e-01 1.003094e-01 9.749313e-02 1.155683e-01 1.000000e-01 1.597506e+00 -0.994901 0.006607 0.022544 0.877139 0.078952 0.009659 0.994901 -0.006172 -0.029436 -0.930264 0.000000 
1.200000e-01 1.003094e-01 9.749313e-02 1.155683e-01 1.000000e-01 1.597506e+00 -0.994901 0.006607 0.022544 0.877139 0.078952 0.009659 0.994901 -0.006172 -0.029436 -0.930264 0.000000 
1.200000e-01 1.003094e-01 9.749313e-02 1.155683e-01 1.000000e-01 1.597506e+00 -0.994901 0.006607 0.022544 0.877139 0.078952 0.009659 0.994901 -0.006172 -0.029436 -0.930264 0.000000 
1.200000e-01 1.003094e-01 9.749313e-02 1.155683e-01 1.000000e-01 1.597506e+00 -0.994901 0.006607 0.022544 0.877139 0.078952 0.009659 0.994901 -0.006172 -0.029436 -0.930264 0.000000 
1.200000e-01 1.003094e-01 9.749313e-02 1.155683e-01 1.000000e-01 1.597506e+00 -0.994901 0.006607 0.022544 0.877139 0.078952 0.009659 0.994901 -0.006172 -0.029436 -0.930264 0.000000 
1.200000e-01 1.003094e-01 9.749313e-02 1.155683e-01 1.000000e-01 1.597506e+00 -0.994901 0.006607 0.022544 0.877139 0.078952 0.009659 0.994901 -0.006172 -0.029436 -0.930264 0.000000 
1.200000e-01 1.003094e-01 9.749313e-02 1.155683e-01 1.000000e-01 1.597506e+00 -0.994901 0.006607 0.022544 0.877139 0.078952 0.009659 0.994901 -0.006172 -0.029436 -0.930264 0.000000 
1.200000e-01 1.003094e-01 9.749313e-02 1.155683e-01 1.000000e-01 1.597506e+00 -0.994901 0.006607 0.022544 0.877139 0.078952 0.009659 0.994901 -0.006172 -0.029436 -0.930264 0.000000 
1.200000e-01 1.003094e-01 9.749313e-02 1.155683e-01 1.000000e-01 1.597506e+00 -0.994901 0.006607 0.022544 0.877139 0.078952 0.009659 0.994901 -0.006172 -0.029436 -0.930264 0.000000 
1.200000e-01 1.003094e-01 9.749313e-02 1.155683e-01 1.000000e-01 1.597506e+00 -0.994901 0.006607 0.022544 0.877139 0.078952 0.009659 0.994901 -0.006172 -0.029436 -0.930264 0.000000 
1.200000e-01 1.003094e-01 9.749313e-02 1.155683e-01 1.000000e-01 1.597506e+00 -0.994901 0.006607 0.022544 0.877139 0.078952 0.009659 0.994901 -0.006172 -0.029436 -0.930264 0.000000 
1.200000e-01 1.003094e-01 9.749313e-02 1.155683e-01 1.000000e-01 1.597506e+00 -0.994901 0.006607 0.022544 0.877139 0.078952 0.009659 0.994901 -0.006172 -0.029436 -0.930264 0.000000 
1.200000e-01 1.003094e-01 9.749313e-02 1.155683e-01 1.000000e-01 1.597506e+00 -0.994901 0.006607 0.022544 0.877139 0.078952 0.009659 0.994901 -0.006172 -0.029436 -0.930264 0.000000 
1.200000e-01 1.003094e-01 9.749313e-02 1.155683e-01 1.000000e-01 1.597506e+00 -0.994901 0.006607 0.022544 0.877139 0.078952 0.009659 0.994901 -0.006172 -0.029436 -0.930264 0.000000 
1.200000e-01 1.003094e-01 9.749313e-02 1.155683e-01 1.000000e-01 1.597506e+00 -0.994901 0.006607 0.022544 0.877139 0.078952 0.009659 0.994901 -0.006172 -0.029436 -0.930264 0.000000 
1.200000e-01 1.003094e-01 9.749313e-02 1.155683e-01 1.000000e-01 1.597506e+00 -0.994901 0.006607 0.022544 0.877139 0.078952 0.009659 0.994901 -0.006172 -0.029436 -0.930264 0.000000 
1.200000e-01 1.003094e-01 9.749313e-02 1.155683e-01 1.000000e-01 1.597506e+00 -0.994901 0.006607 0.022544 0.877139 0.078952 0.009659 0.994901 -0.006172 -0.029436 -0.930264 0.000000 
1.200000e-01 1.003094e-01 9.749313e-02 1.155683e-01 1.000000e-01 1.597506e+00 -0.994901 0.006607 0.022544 0.877139 0.078952 0.009659 0.994901 -0.006172 -0.029436 -0.930264 0.000000 
1.200000e-01 1.003094e-01 9.749313e-02 1.155683e-01 1.000000e-01 1.597506e+00 -0.994901 0.006607 0.022544 0.877139 0.078952 0.009659 0.994901 -0.006172 -0.029436 -0.930264 0.000000 
1.200000e-01 1.003094e-01 9.749313e-02 1.155683e-01 1.000000e-01 1.597506e+00 -0.994901 0.006607 0.022544 0.877139 0.078952 0.009659 0.994901 -0.006172 -0.029436 -0.930264 0.000000 
1.200000e-01 1.003094e-01 9.749313e-02 1.155683e-01 1.000000e-01 1.597506e+00 -0.994901 0.006607 0.022544 0.877139 0.078952 0.009659 0.994901 -0.006172 -0.029436 -0.930264 0.000000 
1.200000e-01 1.003094e-01 9.749313e-02 1.155683e-01 1.000000e-01 1.597506e+00 -0.994901 0.006607 0.022544 0.877139 0.078952 0.009659 0.994901 -0.006172 -0.029436 -0.930264 0.000000 
1.200000e-01 1.003094e-01 9.749313e-02 1.155683e-01 1.000000e-01 1.597506e+00 -0.994901 0.006607 0.022544 0.877139 0.078952 0.009659 0.994901 -0.006172 -0.029436 -0.930264 0.000000 
1.200000e-01 1.003094e-01 9.749313e-02 1.155683e-01 1.000000e-01 1.597506e+00 -0.994901 0.006607 0.022544 0.877139 0.078952 0.009659 0.994901 -0.006172 -0.029436 -0.930264 0.000000 
1.200000e-01 1.003094e-01 9.749313e-02 1.155683e-01 1.000000e-01 1.597506e+00 -0.994901 0.006607 0.022544 0.877139 0.078952 0.009659 0.994901 -0.006172 -0.029436 -0.930264 0.000000 
1.200000e-01 1.003094e-01 9.749313e-02 1.155683e-01 1.000000e-01 1.597506e+00 -0.994901 0.006607 0.022544 0.877139 0.078952 0.009659 0.994901 -0.006172 -0.029436 -0.930264 0.000000 
1.200000e-01 1.003094e-01 9.749313e-02 1.155683e-01 1.000000e-01 1.597506e+00 -0.994901 0.006607 0.022544 0.877139 0.078952 0.009659 0.994901 -0.006172 -0.029436 -0.930264 0.000000 
1.200000e-01 1.003094e-01 9.749313e-02 1.155683e-01 1.000000e-01 1.597506e+00 -0.994901 0.006607 0.022544 0.877139 0.078952 0.009659 0.994901 -0.006172 -0.029436 -0.930264 0.000000 
1.200000e-01 1.003094e-01 9.749313e-02 1.155683e-01 1.000000e-01 1.597506e+00 -0.994901 0.006607 0.022544 0.877139 0.078952 0.009659 0.994901 -0.006172 -0.029436 -0.930264 0.000000 
1.200000e-01 1.003094e-01 9.749313e-02 1.155683e-01 1.000000e-01 1.597506e+00 -0.994901 0.006607 0.022544 0.877139 0.078952 0.009659 0.994901 -0.006172 -0.029436 -0.930264 0.000000 
1.200000e-01 1.003094e-01 9.749313e-02 1.155683e-01 1.000000e-01 1.597506e+00 -0.994901 0.006607 0.022544 0.877139 0.078952 0.009659 0.994901 -0.006172 -0.029436 -0.930264 0.000000 
1.200000e-01 1.003094e-01 9.749313e-02 1.155683e-01 1.000000e-01 1.597506e+00 -0.994901 0.006607 0.022544 0.877139 0.078952 0.009659 0.994901 -0.006172 -0.029436 -0.930264 0.000000 
1.200000e-01 1.003094e-01 9.749313e-02 1.155683e-01 1.000000e-01 1.597506e+00 -0.994901 0.006607 0.022544 0.877139 0.078952 0.009659 0.994901 -0.006172 -0.029436 -0.930264 0.000000 
1.200000e-01 1.003094e-01 9.749313e-02 1.155683e-01 1.000000e-01 1.597506e+00 -0.994901 0.006607 0.022544 0.877139 0.078952 0.009659 0.994901 -0.006172 -0.029436 -0.930264 0.000000 
1.200000e-01 1.003094e-01 9.749313e-02 1.155683e-01 1.000000e-01 1.597506e+00 -0.994901 0.006607 0.022544 0.877139 0.078952 0.009659 0.994901 -0.006172 -0.029436 -0.930264 0.000000 
1.200000e-01 1.003094e-01 9.749313e-02 1.155683e-01 1.000000e-01 1.597506e+00 -0.994901 0.006607 0.022544 0.877139 0.078952 0.009659 0.994901 -0.006172 -0.029436 -0.930264 0.000000 
1.200000e-01 1.003094e-01 9.749313e-02 1.155683e-01 1.000000e-01 1.597506e+00 -0.994901 0.006607 0.022544 0.877139 0.078952 0.009659 0.994901 -0.006172 -0.029436 -0.930264 0.000000 
1.200000e-01 1.003094e-01 9.749313e-02 1.155683e-01 1.000000e-01 1.597506e+00 -0.994901 0.006607 0.022544 0.877139 0.078952 0.009659 0.994901 -0.006172 -0.029436 -0.930264 0.000000 
1.200000e-01 1.003094e-01 9.749313e-02 1.155683e-01 1.000000e-01 1.597506e+00 -0.994901 0.006607 0.022544 0.877139 0.078952 0.009659 0.994901 -0.006172 -0.029436 -0.930264 0.000000 
1.200000e-01 1.003094e-01 9.749313e-02 1.155683e-01 1.000000e-01 1.597506e+00 -0.994901 0.006607 0.022544 0.877139 0.078952 0.009659 0.994901 -0.006172 -0.029436 -0.930264 0.000000 
1.200000e-01 1.003094e-01 9.749313e-02 1.155683e-01 1.000000e-01 1.597506e+00 -0.994901 0.006607 0.022544 0.877139 0.078952 0.009659 0.994901 -0.006172 -0.029436 -0.930264 0.000000 
1.200000e-01 1.003094e-01 9.749313e-02 1.155683e-01 1.000000e-01 1.597506e+00 -0.994901 0.006607 0.022544 0.877139 0.078952 0.009659 0.994901 -0.006172 -0.029436 -0.930264 0.000000 
1.200000e-01 1.003094e-01 9.749313e-02 1.155683e-01 1.000000e-01 1.597506e+00 -0.994901 0.006607 0.022544 0.877139 0.078952 0.009659 0.994901 -0.006172 -0.029436 -0.930264 0.000000 
1.200000e-01 1.003094e-01 9.749313e-02 1.155683e-01 1.000000e-01 1.597506e+00 -0.994901 0.006607 0.022544 0.877139 0.078952 0.009659 0.994901 -0.006172 -0.029436 -0.930264 0.000000 
1.200000e-01 1.003094e-01 9.749313e-02 1.155683e-01 1.000000e-01 1.597506e+00 -0.994901 0.006607 0.022544 0.877139 0.078952 0.009659 0.994901 -0.006172 -0.029436 -0.930264 0.000000 
1.200000e-01 1.003094e-01 9.749313e-02 1.155683e-01 1.000000e-01 1.597506e+00 -0.994901 0.006607 0.022544 0.877139 0.078952 0.009659 0.994901 -0.006172 -0.029436 -0.930264 0.000000 
1.200000e-01 1.003094e-01 9.749313e-02 1.155683e-01 1.000000e-01 1.597506e+00 -0.994901 0.006607 0.022544 0.877139 0.078952 0.009659 0.994901 -0.006172 -0.029436 -0.930264 0.000000 
1.200000e-01 1.003094e-01 9.749313e-02 1.155683e-01 1.000000e-01 1.597506e+00 -0.994901 0.006607 0.022544 0.877139 0.078952 0.009659 0.994901 -0.006172 -0.029436 -0.930264 0.000000 
1.200000e-01 1.003094e-01 9.749313e-02 1.155683e-01 1.000000e-01 1.597506e+00 -0.994901 0.006607 0.022544 0.877139 0.078952 0.009659 0.994901 -0.006172 -0.029436 -0.930264 0.000000 
1.200000e-01 1.003094e-01 9.749313e-02 1.155683e-01 1.000000e-01 1.597506e+00 -0.994901 0.006607 0.022544 0.877139 0.078952 0.009659 0.994901 -0.006172 -0.029436 -0.930264 0.000000 
1.200000e-01 1.003094e-01 9.749313e-02 1.155683e-01 1.000000e-01 1.597506e+00 -0.994901 0.006607 0.022544 0.877139 0.078952 0.009659 0.994901 -0.006172 -0.029436 -0.930264 0.000000 
1.200000e-01 1.003094e-01 9.749313e-02 1.155683e-01 1.000000e-01 1.597506e+00 -0.994901 0.006607 0.022544 0.877139 0.078952 0.009659 0.994901 -0.006172 -0.029436 -0.930264 0.000000 
1.200000e-01 1.003094e-01 9.749313e-02 1.155683e-01 1.000000e-01 1.597506e+00 -0.994901 0.006607 0.022544 0.877139 0.078952 0.009659 0.994901 -0.006172 -0.029436 -0.930264 0.000000 
1.200000e-01 1.003094e-01 9.749313e-02 1.155683e-01 1.000000e-01 1.597506e+00 -0.994901 0.006607 0.022544 0.877139 0.078952 0.009659 0.994901 -0.006172 -0.029436 -0.930264 0.000000 
1.200000e-01 1.003094e-01 9.749313e-02 1.155683e-01 1.000000e-01 1.597506e+00 -0.994901 0.006607 0.022544 0.877139 0.078952 0.009659 0.994901 -0.006172 -0.029436 -0.930264 0.000000 
1.200000e-01 1.003094e-01 9.749313e-02 1.155683e-01 1.000000e-01 1.597506e+00 -0.994901 0.006607 0.022544 0.877139 0.078952 0.009659 0.994901 -0.006172 -0.029436 -0.930264 0.000000 
1.200000e-01 1.003094e-01 9.749313e-02 1.155683e-01 1.000000e-01 1.597506e+00 -0.994901 0.006607 0.022544 0.877139 0.078952 0.009659 0.994901 -0.006172 -0.029436 -0.930264 0.000000 
1.200000e-01 1.003094e-01 9.749313e-02 1.155683e-01 1.000000e-01 1.597506e+00 -0.994901 0.006607 0.022544 0.877139 0.078952 0.009659 0.994901 -0.006172 -0.029436 -0.930264 0.000000 
1.200000e-01 1.003094e-01 9.749313e-02 1.155683e-01 1.000000e-01 1.597506e+00 -0.994901 0.006607 0.022544 0.877139 0.078952 0.009659 0.994901 -0.006172 -0.029436 -0.930264 0.000000 
1.200000e-01 1.003094e-01 9.749313e-02 1.155683e-01 1.000000e-01 1.597506e+00 -0.994901 0.006607 0.022544 0.877139 0.078952 0.009659 0.994901 -0.006172 -0.029436 -0.930264 0.000000 
1.200000e-01 1.003094e-01 9.749313e-02 1.155683e-01 1.000000e-01 1.597506e+00 -0.994901 0.006607 0.022544 0.877139 0.078952 0.009659 0.994901 -0.006172 -0.029436 -0.930264 0.000000 
1.200000e-01 1.003094e-01 9.749313e-02 1.155683e-01 1.000000e-01 1.597506e+00 -0.994901 0.006607 0.022544 0.877139 0.078952 0.009659 0.994901 -0.006172 -0.029436 -0.930264 0.000000 
1.200000e-01 1.003094e-01 9.749313e-02 1.155683e-01 1.000000e-01 1.597506e+00 -0.994901 0.006607 0.022544 0.877139 0.078952 0.009659 0.994901 -0.006172 -0.029436 -0.930264 0.000000 
1.200000e-01 1.003094e-01 9.749313e-02 1.155683e-01 1.000000e-01 1.597506e+00 -0.994901 0.006607 0.022544 0.877139 0.078952 0.009659 0.994901 -0.006172 -0.029436 -0.930264 0.000000 
1.200000e-01 1.003094e-01 9.749313e-02 1.155683e-01 1.000000e-01 1.597506e+00 -0.994901 0.006607 0.022544 0.877139 0.078952 0.009659 0.994901 -0.006172 -0.029436 -0.930264 0.000000 
1.200000e-01 1.003094e-01 9.749313e-02 1.155683e-01 1.000000e-01 1.597506e+00 -0.994901 0.006607 0.022544 0.877139 0.078952 0.009659 0.994901 -0.006172 -0.029436 -0.930264 0.000000 
1.200000e-01 1.003094e-01 9.749313e-02 1.155683e-01 1.000000e-01 1.597506e+00 -0.994901 0.006607 0.022544 0.877139 0.078952 0.009659 0.994901 -0.006172 -0.029436 -0.930264 0.000000 
1.200000e-01 1.003094e-01 9.749313e-02 1.155683e-01 1.000000e-01 1.597506e+00 -0.994901 0.006607 0.022544 0.877139 0.078952 0.009659 0.994901 -0.006172 -0.029436 -0.930264 0.000000 
1.200000e-01 1.003094e-01 9.749313e-02 1.155683e-01 1.000000e-01 1.597506e+00 -0.994901 0.006607 0.022544 0.877139 0.078952 0.009659 0.994901 -0.006172 -0.029436 -0.930264 0.000000 
1.200000e-01 1.003094e-01 9.749313e-02 1.155683e-01 1.000000e-01 1.597506e+00 -0.994901 0.006607 0.022544 0.877139 0.078952 0.009659 0.994901 -0.006172 -0.029436 -0.930264 0.000000 
1.200000e-01 1.003094e-01 9.749313e-02 1.155683e-01 1.000000e-01 1.597506e+00 -0.994901 0.006607 0.022544 0.877139 0.078952 0.009659 0.994901 -0.006172 -0.029436 -0.930264 0.000000 
1.200000e-01 1.003094e-01 9.749313e-02 1.155683e-01 1.000000e-01 1.597506e+00 -0.994901 0.006607 0.022544 0.877139 0.078952 0.009659 0.994901 -0.006172 -0.029436 -0.930264 0.000000 
1.200000e-01 1.003094e-01 9.749313e-02 1.155683e-01 1.000000e-01 1.597506e+00 -0.994901 0.006607 0.022544 0.877139 0.078952 0.009659 0.994901 -0.006172 -0.029436 -0.930264 0.000000 
1.200000e-01 1.003094e-01 9.749313e-02 1.155683e-01 1.000000e-01 1.597506e+00 -0.994901 0.006607 0.022544 0.877139 0.078952 0.009659 0.994901 -0.006172 -0.029436 -0.930264 0.000000 
1.200000e-01 1.003094e-01 9.749313e-02 1.155683e-01 1.000000e-01 1.597506e+00 -0.994901 0.006607 0.022544 0.877139 0.078952 0.009659 0.994901 -0.006172 -0.029436 -0.930264 0.000000 
1.200000e-01 1.003094e-01 9.749313e-02 1.155683e-01 1.000000e-01 1.597506e+00 -0.994901 0.006607 0.022544 0.877139 0.078952 0.009659 0.994901 -0.006172 -0.029436 -0.930264 0.000000 
1.200000e-01 1.003094e-01 9.749313e-02 1.155683e-01 1.000000e-01 1.597506e+00 -0.994901 0.006607 0.022544 0.877139 0.078952 0.009659 0.994901 -0.006172 -0.029436 -0.930264 0.000000 
1.200000e-01 1.003094e-01 9.749313e-02 1.155683e-01 1.000000e-01 1.597506e+00 -0.994901 0.006607 0.022544 0.877139 0.078952 0.009659 0.994901 -0.006172 -0.029436 -0.930264 0.000000 
1.200000e-01 1.003094e-01 9.749313e-02 1.155683e-01 1.000000e-01 1.597506e+00 -0.994901 0.006607 0.022544 0.877139 0.078952 0.009659 0.994901 -0.006172 -0.029436 -0.930264 0.000000 
1.200000e-01 1.003094e-01 9.749313e-02 1.155683e-01 1.000000e-01 1.597506e+00 -0.994901 0.006607 0.022544 0.877139 0.078952 0.009659 0.994901 -0.006172 -0.029436 -0.930264 0.000000 
1.200000e-01 1.003094e-01 9.749313e-02 1.155683e-01 1.000000e-01 1.597506e+00 -0.994901 0.006607 0.022544 0.877139 0.078952 0.009659 0.994901 -0.006172 -0.029436 -0.930264 0.000000 
1.200000e-01 1.003094e-01 9.749313e-02 1.155683e-01 1.000000e-01 1.597506e+00 -0.994901 0.006607 0.022544 0.877139 0.078952 0.009659 0.994901 -0.006172 -0.029436 -0.930264 0.000000 
1.200000e-01 1.003094e-01 9.749313e-02 1.155683e-01 1.000000e-01 1.597506e+00 -0.994901 0.006607 0.022544 0.877139 0.078952 0.009659 0.994901 -0.006172 -0.029436 -0.930264 0.000000 
1.200000e-01 1.003094e-01 9.749313e-02 1.155683e-01 1.000000e-01 1.597506e+00 -0.994901 0.006607 0.022544 0.877139 0.078952 0.009659 0.994901 -0.006172 -0.029436 -0.930264 0.000000 
1.200000e-01 1.003094e-01 9.749313e-02 1.155683e-01 1.000000e-01 1.597506e+00 -0.994901 0.006607 0.022544 0.877139 0.078952 0.009659 0.994901 -0.006172 -0.029436 -0.930264 0.000000 
1.200000e-01 1.003094e-01 9.749313e-02 1.155683e-01 1.000000e-01 1.597506e+00 -0.994901 0.006607 0.022544 0.877139 0.078952 0.009659 0.994901 -0.006172 -0.029436 -0.930264 0.000000 
1.200000e-01 1.003094e-01 9.749313e-02 1.155683e-01 1.000000e-01 1.597506e+00 -0.994901 0.006607 0.022544 0.877139 0.078952 0.009659 0.994901 -0.006172 -0.029436 -0.930264 0.000000 
1.200000e-01 1.003094e-01 9.749313e-02 1.155683e-01 1.000000e-01 1.597506e+00 -0.994901 0.006607 0.022544 0.877139 0.078952 0.009659 0.994901 -0.006172 -0.029436 -0.930264 0.000000 
1.200000e-01 1.003094e-01 9.749313e-02 1.155683e-01 1.000000e-01 1.597506e+00 -0.994901 0.006607 0.022544 0.877139 0.078952 0.009659 0.994901 -0.006172 -0.029436 -0.930264 0.000000 
1.200000e-01 1.003094e-01 9.749313e-02 1.155683e-01 1.000000e-01 1.597506e+00 -0.994901 0.006607 0.022544 0.877139 0.078952 0.009659 0.994901 -0.006172 -0.029436 -0.930264 0.000000 
1.200000e-01 1.003094e-01 9.749313e-02 1.155683e-01 1.000000e-01 1.597506e+00 -0.994901 0.006607 0.022544 0.877139 0.078952 0.009659 0.994901 -0.006172 -0.029436 -0.930264 0.000000 
1.200000e-01 1.003094e-01 9.749313e-02 1.155683e-01 1.000000e-01 1.597506e+00 -0.994901 0.006607 0.022544 0.877139 0.078952 0.009659 0.994901 -0.006172 -0.029436 -0.930264 0.000000 
1.200000e-01 1.003094e-01 9.749313e-02 1.155683e-01 1.000000e-01 1.597506e+00 -0.994901 0.006607 0.022544 0.877139 0.078952 0.009659 0.994901 -0.006172 -0.029436 -0.930264 0.000000 
1.200000e-01 1.003094e-01 9.749313e-02 1.155683e-01 1.000000e-01 1.597506e+00 -0.994901 0.006607 0.022544 0.877139 0.078952 0.009659 0.994901 -0.006172 -0.029436 -0.930264 0.000000 
1.200000e-01 1.003094e-01 9.749313e-02 1.155683e-01 1.000000e-01 1.597506e+00 -0.994901 0.006607 0.022544 0.877139 0.078952 0.009659 0.994901 -0.006172 -0.029436 -0.930264 0.000000 
1.200000e-01 1.003094e-01 9.749313e-02 1.155683e-01 1.000000e-01 1.597506e+00 -0.994901 0.006607 0.022544 0.877139 0.078952 0.009659 0.994901 -0.006172 -0.029436 -0.930264 0.000000 
1.200000e-01 1.003094e-01 9.749313e-02 1.155683e-01 1.000000e-01 1.597506e+00 -0.994901 0.006607 0.022544 0.877139 0.078952 0.009659 0.994901 -0.006172 -0.029436 -0.930264 0.000000 
1.200000e-01 1.003094e-01 9.749313e-02 1.155683e-01 1.000000e-01 1.597506e+00 -0.994901 0.006607 0.022544 0.877139 0.078952 0.009659 0.994901 -0.006172 -0.029436 -0.930264 0.000000 
1.200000e-01 1.003094e-01 9.749313e-02 1.155683e-01 1.000000e-01 1.597506e+00 -0.994901 0.006607 0.022544 0.877139 0.078952 0.009659 0.994901 -0.006172 -0.029436 -0.930264 0.000000 
1.200000e-01 1.003094e-01 9.749313e-02 1.155683e-01 1.000000e-01 1.597506e+00 -0.994901 0.006607 0.022544 0.877139 0.078952 0.009659 0.994901 -0.006172 -0.029436 -0.930264 0.000000 
1.200000e-01 1.003094e-01 9.749313e-02 1.155683e-01 1.000000e-01 1.597506e+00 -0.994901 0.006607 0.022544 0.877139 0.078952 0.009659 0.994901 -0.006172 -0.029436 -0.930264 0.000000 
1.200000e-01 1.003094e-01 9.749313e-02 1.155683e-01 1.000000e-01 1.597506e+00 -0.994901 0.006607 0.022544 0.877139 0.078952 0.009659 0.994901 -0.006172 -0.029436 -0.930264 0.000000 
1.200000e-01 1.003094e-01 9.749313e-02 1.155683e-01 1.000000e-01 1.597506e+00 -0.994901 0.006607 0.022544 0.877139 0.078952 0.009659 0.994901 -0.006172 -0.029436 -0.930264 0.000000 
1.200000e-01 1.003094e-01 9.749313e-02 1.155683e-01 1.000000e-01 1.597506e+00 -0.994901 0.006607 0.022544 0.877139 0.078952 0.009659 0.994901 -0.006172 -0.029436 -0.930264 0.000000 
1.200000e-01 1.003094e-01 9.749313e-02 1.155683e-01 1.000000e-01 1.597506e+00 -0.994901 0.006607 0.022544 0.877139 0.078952 0.009659 0.994901 -0.006172 -0.029436 -0.930264 0.000000 
1.200000e-01 1.003094e-01 9.749313e-02 1.155683e-01 1.000000e-01 1.597506e+00 -0.994901 0.006607 0.022544 0.877139 0.078952 0.009659 0.994901 -0.006172 -0.029436 -0.930264 0.000000 
1.200000e-01 1.003094e-01 9.749313e-02 1.155683e-01 1.000000e-01 1.597506e+00 -0.994901 0.006607 0.022544 0.877139 0.078952 0.009659 0.994901 -0.006172 -0.029436 -0.930264 0.000000 
1.200000e-01 1.003094e-01 9.749313e-02 1.155683e-01 1.000000e-01 1.597506e+00 -0.994901 0.006607 0.022544 0.877139 0.078952 0.009659 0.994901 -0.006172 -0.029436 -0.930264 0.000000 
1.200000e-01 1.003094e-01 9.749313e-02 1.155683e-01 1.000000e-01 1.597506e+00 -0.994901 0.006607 0.022544 0.877139 0.078952 0.009659 0.994901 -0.006172 -0.029436 -0.930264 0.000000 
1.200000e-01 1.003094e-01 9.749313e-02 1.155683e-01 1.000000e-01 1.597506e+00 -0.994901 0.006607 0.022544 0.877139 0.078952 0.009659 0.994901 -0.006172 -0.029436 -0.930264 0.000000 
1.200000e-01 1.003094e-01 9.749313e-02 1.155683e-01 1.000000e-01 1.597506e+00 -0.994901 0.006607 0.022544 0.877139 0.078952 0.009659 0.994901 -0.006172 -0.029436 -0.930264 0.000000 
1.200000e-01 1.003094e-01 9.749313e-02 1.155683e-01 1.000000e-01 1.597506e+00 -0.994901 0.006607 0.022544 0.877139 0.078952 0.009659 0.994901 -0.006172 -0.029436 -0.930264 0.000000 
1.200000e-01 1.003094e-01 9.749313e-02 1.155683e-01 1.000000e-01 1.597506e+00 -0.994901 0.006607 0.022544 0.877139 0.078952 0.009659 0.994901 -0.006172 -0.029436 -0.930264 0.000000 
1.200000e-01 1.003094e-01 9.749313e-02 1.155683e-01 1.000000e-01 1.597506e+00 -0.994901 0.006607 0.022544 0.877139 0.078952 0.009659 0.994901 -0.006172 -0.029436 -0.930264 0.000000 
1.200000e-01 1.003094e-01 9.749313e-02 1.155683e-01 1.000000e-01 1.597506e+00 -0.994901 0.006607 0.022544 0.877139 0.078952 0.009659 0.994901 -0.006172 -0.029436 -0.930264 0.000000 
1.200000e-01 1.003094e-01 9.749313e-02 1.155683e-01 1.000000e-01 1.597506e+00 -0.994901 0.006607 0.022544 0.877139 0.078952 0.009659 0.994901 -0.006172 -0.029436 -0.930264 0.000000 
1.200000e-01 1.003094e-01 9.749313e-02 1.155683e-01 1.000000e-01 1.597506e+00 -0.994901 0.006607 0.022544 0.877139 0.078952 0.009659 0.994901 -0.006172 -0.029436 -0.930264 0.000000 
1.200000e-01 1.003094e-01 9.749313e-02 1.155683e-01 1.000000e-01 1.597506e+00 -0.994901 0.006607 0.022544 0.877139 0.078952 0.009659 0.994901 -0.006172 -0.029436 -0.930264 0.000000 
1.200000e-01 1.003094e-01 9.749313e-02 1.155683e-01 1.000000e-01 1.597506e+00 -0.994901 0.006607 0.022544 0.877139 0.078952 0.009659 0.994901 -0.006172 -0.029436 -0.930264 0.000000 
1.200000e-01 1.003094e-01 9.749313e-02 1.155683e-01 1.000000e-01 1.597506e+00 -0.994901 0.006607 0.022544 0.877139 0.078952 0.009659 0.994901 -0.006172 -0.029436 -0.930264 0.000000 
1.200000e-01 1.003094e-01 9.749313e-02 1.155683e-01 1.000000e-01 1.597506e+00 -0.994901 0.006607 0.022544 0.877139 0.078952 0.009659 0.994901 -0.006172 -0.029436 -0.930264 0.000000 
1.200000e-01 1.003094e-01 9.749313e-02 1.155683e-01 1.000000e-01 1.597506e+00 -0.994901 0.006607 0.022544 0.877139 0.078952 0.009659 0.994901 -0.006172 -0.029436 -0.930264 0.000000 
1.200000e-01 1.003094e-01 9.749313e-02 1.155683e-01 1.000000e-01 1.597506e+00 -0.994901 0.006607 0.022544 0.877139 0.078952 0.009659 0.994901 -0.006172 -0.029436 -0.930264 0.000000 
1.200000e-01 1.003094e-01 9.749313e-02 1.155683e-01 1.000000e-01 1.597506e+00 -0.994901 0.006607 0.022544 0.877139 0.078952 0.009659 0.994901 -0.006172 -0.029436 -0.930264 0.000000 
1.200000e-01 1.003094e-01 9.749313e-02 1.155683e-01 1.000000e-01 1.597506e+00 -0.994901 0.006607 0.022544 0.877139 0.078952 0.009659 0.994901 -0.006172 -0.029436 -0.930264 0.000000 
1.200000e-01 1.003094e-01 9.749313e-02 1.155683e-01 1.000000e-01 1.597506e+00 -0.994901 0.006607 0.022544 0.877139 0.078952 0.009659 0.994901 -0.006172 -0.029436 -0.930264 0.000000 
1.200000e-01 1.003094e-01 9.749313e-02 1.155683e-01 1.000000e-01 1.597506e+00 -0.994901 0.006607 0.022544 0.877139 0.078952 0.009659 0.994901 -0.006172 -0.029436 -0.930264 0.000000 
1.200000e-01 1.003094e-01 9.749313e-02 1.155683e-01 1.000000e-01 1.597506e+00 -0.994901 0.006607 0.022544 0.877139 0.078952 0.009659 0.994901 -0.006172 -0.029436 -0.930264 0.000000 
1.200000e-01 1.003094e-01 9.749313e-02 1.155683e-01 1.000000e-01 1.597506e+00 -0.994901 0.006607 0.022544 0.877139 0.078952 0.009659 0.994901 -0.006172 -0.029436 -0.930264 0.000000 
1.200000e-01 1.003094e-01 9.749313e-02 1.155683e-01 1.000000e-01 1.597506e+00 -0.994901 0.006607 0.022544 0.877139 0.078952 0.009659 0.994901 -0.006172 -0.029436 -0.930264 0.000000 
1.200000e-01 1.003094e-01 9.749313e-02 1.155683e-01 1.000000e-01 1.597506e+00 -0.994901 0.006607 0.022544 0.877139 0.078952 0.009659 0.994901 -0.006172 -0.029436 -0.930264 0.000000 
1.200000e-01 1.003094e-01 9.749313e-02 1.155683e-01 1.000000e-01 1.597506e+00 -0.994901 0.006607 0.022544 0.877139 0.078952 0.009659 0.994901 -0.006172 -0.029436 -0.930264 0.000000 
1.200000e-01 1.003094e-01 9.749313e-02 1.155683e-01 1.000000e-01 1.597506e+00 -0.994901 0.006607 0.022544 0.877139 0.078952 0.009659 0.994901 -0.006172 -0.029436 -0.930264 0.000000 
1.200000e-01 1.003094e-01 9.749313e-02 1.155683e-01 1.000000e-01 1.597506e+00 -0.994901 0.006607 0.022544 0.877139 0.078952 0.009659 0.994901 -0.006172 -0.029436 -0.930264 0.000000 
1.200000e-01 1.003094e-01 9.749313e-02 1.155683e-01 1.000000e-01 1.597506e+00 -0.994901 0.006607 0.022544 0.877139 0.078952 0.009659 0.994901 -0.006172 -0.029436 -0.930264 0.000000 
1.200000e-01 1.003094e-01 9.749313e-02 1.155683e-01 1.000000e-01 1.597506e+00 -0.994901 0.006607 0.022544 0.877139 0.078952 0.009659 0.994901 -0.006172 -0.029436 -0.930264 0.000000 
1.200000e-01 1.003094e-01 9.749313e-02 1.155683e-01 1.000000e-01 1.597506e+00 -0.994901 0.006607 0.022544 0.877139 0.078952 0.009659 0.994901 -0.006172 -0.029436 -0.930264 0.000000 
1.200000e-01 1.003094e-01 9.749313e-02 1.155683e-01 1.000000e-01 1.597506e+00 -0.994901 0.006607 0.022544 0.877139 0.078952 0.009659 0.994901 -0.006172 -0.029436 -0.930264 0.000000 
1.200000e-01 1.003094e-01 9.749313e-02 1.155683e-01 1.000000e-01 1.597506e+00 -0.994901 0.006607 0.022544 0.877139 0.078952 0.009659 0.994901 -0.006172 -0.029436 -0.930264 0.000000 
1.200000e-01 1.003094e-01 9.749313e-02 1.155683e-01 1.000000e-01 1.597506e+00 -0.994901 0.006607 0.022544 0.877139 0.078952 0.009659 0.994901 -0.006172 -0.029436 -0.930264 0.000000 
1.200000e-01 1.003094e-01 9.749313e-02 1.155683e-01 1.000000e-01 1.597506e+00 -0.994901 0.006607 0.022544 0.877139 0.078952 0.009659 0.994901 -0.006172 -0.029436 -0.930264 0.000000 
1.200000e-01 1.003094e-01 9.749313e-02 1.155683e-01 1.000000e-01 1.597506e+00 -0.994901 0.006607 0.022544 0.877139 0.078952 0.009659 0.994901 -0.006172 -0.029436 -0.930264 0.000000 
1.200000e-01 1.003094e-01 9.749313e-02 1.155683e-01 1.000000e-01 1.597506e+00 -0.994901 0.006607 0.022544 0.877139 0.078952 0.009659 0.994901 -0.006172 -0.029436 -0.930264 0.000000 
1.200000e-01 1.003094e-01 9.749313e-02 1.155683e-01 1.000000e-01 1.597506e+00 -0.994901 0.006607 0.022544 0.877139 0.078952 0.009659 0.994901 -0.006172 -0.029436 -0.930264 0.000000 
1.200000e-01 1.003094e-01 9.749313e-02 1.155683e-01 1.000000e-01 1.597506e+00 -0.994901 0.006607 0.022544 0.877139 0.078952 0.009659 0.994901 -0.006172 -0.029436 -0.930264 0.000000 
1.200000e-01 1.003094e-01 9.749313e-02 1.155683e-01 1.000000e-01 1.597506e+00 -0.994901 0.006607 0.022544 0.877139 0.078952 0.009659 0.994901 -0.006172 -0.029436 -0.930264 0.000000 
1.200000e-01 1.003094e-01 9.749313e-02 1.155683e-01 1.000000e-01 1.597506e+00 -0.994901 0.006607 0.022544 0.877139 0.078952 0.009659 0.994901 -0.006172 -0.029436 -0.930264 0.000000 
1.200000e-01 1.003094e-01 9.749313e-02 1.155683e-01 1.000000e-01 1.597506e+00 -0.994901 0.006607 0.022544 0.877139 0.078952 0.009659 0.994901 -0.006172 -0.029436 -0.930264 0.000000 
1.200000e-01 1.003094e-01 9.749313e-02 1.155683e-01 1.000000e-01 1.597506e+00 -0.994901 0.006607 0.022544 0.877139 0.078952 0.009659 0.994901 -0.006172 -0.029436 -0.930264 0.000000 
1.200000e-01 1.003094e-01 9.749313e-02 1.155683e-01 1.000000e-01 1.597506e+00 -0.994901 0.006607 0.022544 0.877139 0.078952 0.009659 0.994901 -0.006172 -0.029436 -0.930264 0.000000 
1.200000e-01 1.003094e-01 9.749313e-02 1.155683e-01 1.000000e-01 1.597506e+00 -0.994901 0.006607 0.022544 0.877139 0.078952 0.009659 0.994901 -0.006172 -0.029436 -0.930264 0.000000 
1.200000e-01 1.003094e-01 9.749313e-02 1.155683e-01 1.000000e-01 1.597506e+00 -0.994901 0.006607 0.022544 0.877139 0.078952 0.009659 0.994901 -0.006172 -0.029436 -0.930264 0.000000 
1.200000e-01 1.003094e-01 9.749313e-02 1.155683e-01 1.000000e-01 1.597506e+00 -0.994901 0.006607 0.022544 0.877139 0.078952 0.009659 0.994901 -0.006172 -0.029436 -0.930264 0.000000 
1.200000e-01 1.003094e-01 9.749313e-02 1.155683e-01 1.000000e-01 1.597506e+00 -0.994901 0.006607 0.022544 0.877139 0.078952 0.009659 0.994901 -0.006172 -0.029436 -0.930264 0.000000 
1.200000e-01 1.003094e-01 9.749313e-02 1.155683e-01 1.000000e-01 1.597506e+00 -0.994901 0.006607 0.022544 0.877139 0.078952 0.009659 0.994901 -0.006172 -0.029436 -0.930264 0.000000 
1.200000e-01 1.003094e-01 9.749313e-02 1.155683e-01 1.000000e-01 1.597506e+00 -0.994901 0.006607 0.022544 0.877139 0.078952 0.009659 0.994901 -0.006172 -0.029436 -0.930264 0.000000 
1.200000e-01 1.003094e-01 9.749313e-02 1.155683e-01 1.000000e-01 1.597506e+00 -0.994901 0.006607 0.022544 0.877139 0.078952 0.009659 0.994901 -0.006172 -0.029436 -0.930264 0.000000 
1.200000e-01 1.003094e-01 9.749313e-02 1.155683e-01 1.000000e-01 1.597506e+00 -0.994901 0.006607 0.022544 0.877139 0.078952 0.009659 0.994901 -0.006172 -0.029436 -0.930264 0.000000 
1.200000e-01 1.003094e-01 9.749313e-02 1.155683e-01 1.000000e-01 1.597506e+00 -0.994901 0.006607 0.022544 0.877139 0.078952 0.009659 0.994901 -0.006172 -0.029436 -0.930264 0.000000 
1.200000e-01 1.003094e-01 9.749313e-02 1.155683e-01 1.000000e-01 1.597506e+00 -0.994901 0.006607 0.022544 0.877139 0.078952 0.009659 0.994901 -0.006172 -0.029436 -0.930264 0.000000 
1.200000e-01 1.003094e-01 9.749313e-02 1.155683e-01 1.000000e-01 1.597506e+00 -0.994901 0.006607 0.022544 0.877139 0.078952 0.009659 0.994901 -0.006172 -0.029436 -0.930264 0.000000 
1.200000e-01 1.003094e-01 9.749313e-02 1.155683e-01 1.000000e-01 1.597506e+00 -0.994901 0.006607 0.022544 0.877139 0.078952 0.009659 0.994901 -0.006172 -0.029436 -0.930264 0.000000 
1.200000e-01 1.003094e-01 9.749313e-02 1.155683e-01 1.000000e-01 1.597506e+00 -0.994901 0.006607 0.022544 0.877139 0.078952 0.009659 0.994901 -0.006172 -0.029436 -0.930264 0.000000 
1.200000e-01 1.003094e-01 9.749313e-02 1.155683e-01 1.000000e-01 1.597506e+00 -0.994901 0.006607 0.022544 0.877139 0.078952 0.009659 0.994901 -0.006172 -0.029436 -0.930264 0.000000 
1.200000e-01 1.003094e-01 9.749313e-02 1.155683e-01 1.000000e-01 1.597506e+00 -0.994901 0.006607 0.022544 0.877139 0.078952 0.009659 0.994901 -0.006172 -0.029436 -0.930264 0.000000 
1.200000e-01 1.003094e-01 9.749313e-02 1.155683e-01 1.000000e-01 1.597506e+00 -0.994901 0.006607 0.022544 0.877139 0.078952 0.009659 0.994901 -0.006172 -0.029436 -0.930264 0.000000 
