# TeX TeY TeZ ThX ThY THZ P1 P2
1.300000e-01 1.000000e-01 9.300000e-01 1.300000e-01 1.000000e-01 9.300000e-01 0.000000 0.000000 0.000000 0.000000 0.000000 0.000000 0.000000 0.000000 0.000000 0.000000 0.000000 
1.300000e-01 1.000000e-01 9.188412e-01 1.300000e-01 1.000000e-01 9.382608e-01 -0.012830 0.001646 0.003293 0.003297 0.003316 0.001278 0.012830 -0.001647 -0.003294 -0.003297 0.000000 
1.300000e-01 1.000000e-01 9.076357e-01 1.300000e-01 1.000000e-01 9.465062e-01 -0.025681 0.003295 0.006591 0.006599 0.006638 0.002558 0.025681 -0.003296 -0.006593 -0.006599 0.000000 
1.300000e-01 1.000000e-01 8.963839e-01 1.300000e-01 1.000000e-01 9.547360e-01 -0.038552 0.004946 0.009895 0.009907 0.009964 0.003840 0.038552 -0.004948 -0.009898 -0.009907 0.000000 
1.300000e-01 1.000000e-01 8.850863e-01 1.300000e-01 1.000000e-01 9.629501e-01 -0.051443 0.006600 0.013203 0.013220 0.013296 0.005124 0.051443 -0.006602 -0.013207 -0.013219 0.000000 
1.300000e-01 1.000000e-01 8.737432e-01 1.300000e-01 1.000000e-01 9.711483e-01 -0.064353 0.008256 0.016517 0.016537 0.016633 0.006410 0.064353 -0.008259 -0.016522 -0.016537 0.000000 
1.300000e-01 1.000000e-01 8.623551e-01 1.300000e-01 1.000000e-01 9.793305e-01 -0.077283 0.009914 0.019835 0.019860 0.019975 0.007698 0.077283 -0.009919 -0.019841 -0.019860 0.000000 
1.300000e-01 1.000000e-01 8.509223e-01 1.300000e-01 1.000000e-01 9.874964e-01 -0.090232 0.011575 0.023158 0.023187 0.023322 0.008988 0.090232 -0.011581 -0.023166 -0.023187 0.000000 
1.300000e-01 1.000000e-01 8.394452e-01 1.300000e-01 1.000000e-01 9.956460e-01 -0.103199 0.013239 0.026486 0.026520 0.026673 0.010280 0.103199 -0.013245 -0.026495 -0.026519 0.000000 
1.300000e-01 1.000000e-01 8.279242e-01 1.300000e-01 1.000000e-01 1.003779e+00 -0.116184 0.014904 0.029819 0.029856 0.030030 0.011574 0.116183 -0.014911 -0.029828 -0.029856 0.000000 
1.300000e-01 1.000000e-01 8.163598e-01 1.300000e-01 1.000000e-01 1.011895e+00 -0.129186 0.016572 0.033155 0.033198 0.033391 0.012870 0.129186 -0.016580 -0.033167 -0.033197 0.000000 
1.300000e-01 1.000000e-01 8.047522e-01 1.300000e-01 1.000000e-01 1.019995e+00 -0.142206 0.018242 0.036496 0.036544 0.036757 0.014167 0.142206 -0.018251 -0.036509 -0.036543 0.000000 
1.300000e-01 1.000000e-01 7.931019e-01 1.300000e-01 1.000000e-01 1.028077e+00 -0.155243 0.019914 0.039841 0.039894 0.040128 0.015466 0.155243 -0.019924 -0.039856 -0.039893 0.000000 
1.300000e-01 1.000000e-01 7.814092e-01 1.300000e-01 1.000000e-01 1.036142e+00 -0.168297 0.021587 0.043190 0.043249 0.043503 0.016767 0.168297 -0.021600 -0.043207 -0.043248 0.000000 
1.300000e-01 9.999999e-02 7.696745e-01 1.300000e-01 1.000000e-01 1.044190e+00 -0.181366 0.023263 0.046543 0.046607 0.046883 0.018070 0.181366 -0.023277 -0.046563 -0.046606 0.000000 
1.300000e-01 9.999999e-02 7.578982e-01 1.300000e-01 1.000000e-01 1.052220e+00 -0.194452 0.024940 0.049900 0.049970 0.050267 0.019374 0.194452 -0.024956 -0.049922 -0.049969 0.000000 
1.300000e-01 9.999999e-02 7.460806e-01 1.300000e-01 1.000000e-01 1.060232e+00 -0.207553 0.026620 0.053261 0.053337 0.053655 0.020681 0.207553 -0.026638 -0.053286 -0.053335 0.000000 
1.300000e-01 9.999999e-02 7.342221e-01 1.300000e-01 1.000000e-01 1.068226e+00 -0.220669 0.028300 0.056624 0.056708 0.057048 0.021989 0.220669 -0.028321 -0.056653 -0.056706 0.000000 
1.300000e-01 9.999999e-02 7.223230e-01 1.300000e-01 1.000000e-01 1.076202e+00 -0.233800 0.029983 0.059992 0.060082 0.060445 0.023298 0.233800 -0.030007 -0.060025 -0.060080 0.000000 
1.300000e-01 9.999999e-02 7.103837e-01 1.300000e-01 1.000000e-01 1.084159e+00 -0.246946 0.031667 0.063362 0.063460 0.063847 0.024610 0.246946 -0.031694 -0.063399 -0.063458 0.000000 
1.300000e-01 9.999998e-02 6.984046e-01 1.300000e-01 1.000000e-01 1.092098e+00 -0.260105 0.033352 0.066735 0.066842 0.067252 0.025923 0.260105 -0.033383 -0.066778 -0.066840 0.000000 
1.300000e-01 9.999998e-02 6.863859e-01 1.300000e-01 1.000000e-01 1.100019e+00 -0.273278 0.035038 0.070112 0.070228 0.070662 0.027238 0.273278 -0.035073 -0.070160 -0.070225 0.000000 
1.300000e-01 9.999998e-02 6.743280e-01 1.300000e-01 1.000000e-01 1.107920e+00 -0.286465 0.036726 0.073490 0.073617 0.074077 0.028555 0.286465 -0.036766 -0.073545 -0.073613 0.000000 
1.300000e-01 9.999997e-02 6.622313e-01 1.300000e-01 1.000000e-01 1.115802e+00 -0.299664 0.038415 0.076872 0.077009 0.077495 0.029873 0.299664 -0.038460 -0.076934 -0.077005 0.000000 
1.300000e-01 9.999996e-02 6.500961e-01 1.300000e-01 1.000000e-01 1.123664e+00 -0.312876 0.040104 0.080255 0.080405 0.080918 0.031193 0.312876 -0.040155 -0.080326 -0.080400 0.000000 
1.300000e-01 9.999996e-02 6.379227e-01 1.300000e-01 1.000000e-01 1.131507e+00 -0.326101 0.041795 0.083641 0.083804 0.084346 0.032516 0.326101 -0.041853 -0.083721 -0.083799 0.000000 
1.300000e-01 9.999995e-02 6.257114e-01 1.300000e-01 1.000000e-01 1.139330e+00 -0.339337 0.043486 0.087028 0.087206 0.087777 0.033840 0.339337 -0.043551 -0.087119 -0.087200 0.000000 
1.300000e-01 9.999994e-02 6.134625e-01 1.300000e-01 1.000000e-01 1.147133e+00 -0.352585 0.045177 0.090417 0.090611 0.091214 0.035166 0.352584 -0.045252 -0.090520 -0.090604 0.000000 
1.300000e-01 9.999992e-02 6.011765e-01 1.300000e-01 1.000000e-01 1.154915e+00 -0.365843 0.046869 0.093807 0.094019 0.094655 0.036494 0.365843 -0.046953 -0.093925 -0.094012 0.000000 
1.300000e-01 9.999991e-02 5.888535e-01 1.299999e-01 1.000000e-01 1.162677e+00 -0.379113 0.048560 0.097199 0.097430 0.098100 0.037824 0.379113 -0.048656 -0.097331 -0.097422 0.000000 
1.300000e-01 9.999989e-02 5.764939e-01 1.299999e-01 1.000000e-01 1.170419e+00 -0.392393 0.050252 0.100590 0.100844 0.101551 0.039156 0.392393 -0.050361 -0.100741 -0.100834 0.000000 
1.300000e-01 9.999987e-02 5.640980e-01 1.299999e-01 1.000000e-01 1.178139e+00 -0.405684 0.051943 0.103983 0.104260 0.105007 0.040491 0.405684 -0.052066 -0.104153 -0.104249 0.000000 
1.300000e-01 9.999984e-02 5.516661e-01 1.299999e-01 1.000000e-01 1.185838e+00 -0.418984 0.053634 0.107375 0.107679 0.108468 0.041828 0.418984 -0.053773 -0.107567 -0.107667 0.000000 
1.300000e-01 9.999980e-02 5.391985e-01 1.299999e-01 1.000000e-01 1.193515e+00 -0.432293 0.055324 0.110766 0.111101 0.111934 0.043167 0.432293 -0.055482 -0.110984 -0.111087 0.000000 
1.300000e-01 9.999976e-02 5.266956e-01 1.299999e-01 1.000000e-01 1.201171e+00 -0.445611 0.057012 0.114157 0.114525 0.115407 0.044509 0.445611 -0.057191 -0.114404 -0.114510 0.000000 
1.300000e-01 9.999971e-02 5.141575e-01 1.299999e-01 1.000000e-01 1.208805e+00 -0.458938 0.058700 0.117546 0.117952 0.118886 0.045855 0.458938 -0.058901 -0.117825 -0.117935 0.000000 
1.300000e-01 9.999965e-02 5.015846e-01 1.299999e-01 1.000000e-01 1.216416e+00 -0.472274 0.060385 0.120934 0.121382 0.122371 0.047203 0.472274 -0.060612 -0.121249 -0.121362 0.000000 
1.300000e-01 9.999958e-02 4.889771e-01 1.299998e-01 1.000000e-01 1.224005e+00 -0.485617 0.062067 0.124318 0.124813 0.125863 0.048555 0.485617 -0.062325 -0.124675 -0.124791 0.000000 
1.300000e-01 9.999949e-02 4.763355e-01 1.299998e-01 1.000000e-01 1.231571e+00 -0.498968 0.063747 0.127700 0.128247 0.129363 0.049910 0.498968 -0.064038 -0.128102 -0.128223 0.000000 
1.300000e-01 9.999938e-02 4.636598e-01 1.299998e-01 1.000000e-01 1.239114e+00 -0.512326 0.065424 0.131077 0.131684 0.132872 0.051269 0.512326 -0.065752 -0.131532 -0.131656 0.000000 
1.300000e-01 9.999924e-02 4.509505e-01 1.299998e-01 1.000000e-01 1.246634e+00 -0.525691 0.067097 0.134450 0.135122 0.136389 0.052633 0.525691 -0.067466 -0.134963 -0.135092 0.000000 
1.300000e-01 9.999908e-02 4.382077e-01 1.299997e-01 1.000000e-01 1.254130e+00 -0.539062 0.068765 0.137817 0.138563 0.139915 0.054001 0.539062 -0.069181 -0.138396 -0.138531 0.000000 
1.300000e-01 9.999888e-02 4.254318e-01 1.299997e-01 1.000000e-01 1.261602e+00 -0.552440 0.070428 0.141178 0.142006 0.143453 0.055375 0.552440 -0.070896 -0.141830 -0.141972 0.000000 
1.300000e-01 9.999864e-02 4.126231e-01 1.299997e-01 1.000000e-01 1.269050e+00 -0.565823 0.072085 0.144531 0.145452 0.147001 0.056754 0.565823 -0.072611 -0.145267 -0.145416 0.000000 
1.300000e-01 9.999834e-02 3.997817e-01 1.299996e-01 1.000000e-01 1.276474e+00 -0.579211 0.073735 0.147874 0.148899 0.150563 0.058140 0.579211 -0.074326 -0.148704 -0.148864 0.000000 
1.300000e-01 9.999798e-02 3.869080e-01 1.299996e-01 1.000000e-01 1.283872e+00 -0.592605 0.075377 0.151208 0.152350 0.154138 0.059532 0.592605 -0.076039 -0.152143 -0.152318 0.000000 
1.300000e-01 9.999754e-02 3.740022e-01 1.299995e-01 1.000000e-01 1.291246e+00 -0.606003 0.077011 0.154530 0.155802 0.157728 0.060932 0.606003 -0.077749 -0.155584 -0.155779 0.000000 
1.300000e-01 9.999700e-02 3.610645e-01 1.299994e-01 1.000000e-01 1.298595e+00 -0.619406 0.078634 0.157839 0.159257 0.161336 0.062340 0.619406 -0.079456 -0.159026 -0.159250 0.000000 
1.300000e-01 9.999634e-02 3.480953e-01 1.299993e-01 1.000000e-01 1.305917e+00 -0.632812 0.080246 0.161133 0.162716 0.164961 0.063757 0.632812 -0.081155 -0.162469 -0.162737 0.000000 
1.300000e-01 9.999553e-02 3.350947e-01 1.299992e-01 1.000000e-01 1.313214e+00 -0.646222 0.081844 0.164410 0.166177 0.168607 0.065184 0.646222 -0.082845 -0.165915 -0.166246 0.000000 
1.300000e-01 9.999454e-02 3.220631e-01 1.299991e-01 1.000000e-01 1.320484e+00 -0.659635 0.083429 0.167668 0.169641 0.172275 0.066622 0.659635 -0.084518 -0.169362 -0.169790 0.000000 
1.300000e-01 9.999332e-02 3.090006e-01 1.299990e-01 1.000000e-01 1.327728e+00 -0.673051 0.084995 0.170903 0.173109 0.175969 0.068074 0.673051 -0.086166 -0.172813 -0.173384 0.000000 
1.300000e-01 9.999184e-02 2.959075e-01 1.299989e-01 1.000000e-01 1.334945e+00 -0.686469 0.086546 0.174117 0.176581 0.179689 0.069537 0.686469 -0.087776 -0.176266 -0.177057 0.000000 
1.300000e-01 9.999002e-02 2.827841e-01 1.299987e-01 1.000000e-01 1.342134e+00 -0.699889 0.088072 0.177300 0.180059 0.183442 0.071017 0.699889 -0.089326 -0.179725 -0.180851 0.000000 
1.300000e-01 9.998779e-02 2.696304e-01 1.299985e-01 1.000000e-01 1.349296e+00 -0.713311 0.089578 0.180455 0.183541 0.187226 0.072511 0.713311 -0.090788 -0.183190 -0.184824 0.000000 
1.300000e-01 9.998507e-02 2.564469e-01 1.299983e-01 1.000000e-01 1.356429e+00 -0.726734 0.091055 0.183575 0.187030 0.191050 0.074025 0.726735 -0.092109 -0.186665 -0.189085 0.000000 
1.300000e-01 9.998175e-02 2.432336e-01 1.299981e-01 1.000000e-01 1.363535e+00 -0.740159 0.092503 0.186657 0.190526 0.194915 0.075558 0.740159 -0.093220 -0.190149 -0.193779 0.000000 
1.300000e-01 9.997772e-02 2.299908e-01 1.299978e-01 1.000000e-01 1.370611e+00 -0.753584 0.093919 0.189699 0.194031 0.198824 0.077111 0.753584 -0.094018 -0.193645 -0.199130 0.000000 
1.300000e-01 9.997286e-02 2.167186e-01 1.299975e-01 1.000000e-01 1.377659e+00 -0.767010 0.095295 0.192690 0.197548 0.202787 0.078690 0.767010 -0.094313 -0.197143 -0.205563 0.000000 
1.300000e-01 9.996704e-02 2.034172e-01 1.299972e-01 1.000000e-01 1.384677e+00 -0.780436 0.096633 0.195633 0.201076 0.206803 0.080291 0.780436 -0.093880 -0.200613 -0.213629 0.000000 
1.300000e-01 9.996019e-02 1.900867e-01 1.299968e-01 1.000000e-01 1.391665e+00 -0.793863 0.097920 0.198513 0.204621 0.210886 0.081923 0.793863 -0.092372 -0.203969 -0.224255 0.000000 
1.300000e-01 9.995231e-02 1.767270e-01 1.299964e-01 1.000000e-01 1.398623e+00 -0.807290 0.099156 0.201331 0.208184 0.215036 0.083583 0.807290 -0.089205 -0.206954 -0.239229 0.000000 
1.300000e-01 9.994372e-02 1.633381e-01 1.299959e-01 1.000000e-01 1.405551e+00 -0.820718 0.100334 0.204078 0.211769 0.219262 0.085275 0.820718 -0.083748 -0.208957 -0.261152 0.000000 
1.300000e-01 9.993571e-02 1.499187e-01 1.299953e-01 1.000000e-01 1.412447e+00 -0.834152 0.101442 0.206742 0.215385 0.223580 0.087004 0.834152 -0.075158 -0.208502 -0.294785 0.000000 
1.300000e-01 9.993382e-02 1.364628e-01 1.299946e-01 1.000000e-01 1.419312e+00 -0.847610 0.102485 0.209328 0.219038 0.227991 0.088768 0.847610 -0.062284 -0.201477 -0.350604 0.000000 
1.300000e-01 9.996185e-02 1.229410e-01 1.299939e-01 1.000000e-01 1.426146e+00 -0.861187 0.103455 0.211841 0.222764 0.232543 0.090585 0.861187 -0.044308 -0.178273 -0.448134 0.000000 
1.300000e-01 1.001017e-01 1.092240e-01 1.299930e-01 1.000000e-01 1.432946e+00 -0.875310 0.104400 0.214382 0.226679 0.237354 0.092495 0.875310 -0.019899 -0.115457 -0.630721 0.000000 
1.300000e-01 1.003094e-01 9.749704e-02 1.299921e-01 1.000000e-01 1.439715e+00 -0.889124 0.105210 0.216729 0.230571 0.242203 0.094412 0.889125 0.007393 -0.002328 -0.902975 0.000000 
1.300000e-01 1.003094e-01 9.749704e-02 1.299910e-01 1.000000e-01 1.446450e+00 -0.893574 0.104688 0.216519 0.232135 0.244790 0.095441 0.893574 0.006822 -0.003470 -0.904118 0.000000 
1.300000e-01 1.003094e-01 9.749704e-02 1.299897e-01 1.000000e-01 1.453152e+00 -0.898001 0.104036 0.216153 0.233780 0.247526 0.096506 0.898001 0.006254 -0.004607 -0.905256 0.000000 
1.300000e-01 1.003094e-01 9.749704e-02 1.299883e-01 1.000000e-01 1.459820e+00 -0.902406 0.103244 0.215619 0.235518 0.250422 0.097603 0.902406 0.005688 -0.005738 -0.906388 0.000000 
1.300000e-01 1.003094e-01 9.749704e-02 1.299866e-01 1.000000e-01 1.466453e+00 -0.906788 0.102267 0.214859 0.237396 0.253533 0.098732 0.906788 0.005126 -0.006863 -0.907514 0.000000 
1.300000e-01 1.003094e-01 9.749704e-02 1.299847e-01 1.000000e-01 1.473052e+00 -0.911146 0.101111 0.213878 0.239421 0.256855 0.099882 0.911147 0.004567 -0.007982 -0.908634 0.000000 
1.300000e-01 1.003094e-01 9.749704e-02 1.299825e-01 1.000000e-01 1.479615e+00 -0.915482 0.099762 0.212652 0.241619 0.260407 0.101042 0.915482 0.004010 -0.009095 -0.909748 0.000000 
1.300000e-01 1.003094e-01 9.749704e-02 1.299801e-01 1.000000e-01 1.486142e+00 -0.919794 0.098165 0.211105 0.244063 0.264265 0.102196 0.919794 0.003457 -0.010202 -0.910856 0.000000 
1.300000e-01 1.003094e-01 9.749704e-02 1.299773e-01 1.000000e-01 1.492634e+00 -0.924082 0.096317 0.209219 0.246782 0.268444 0.103320 0.924082 0.002906 -0.011303 -0.911958 0.000000 
1.300000e-01 1.003094e-01 9.749704e-02 1.299740e-01 1.000000e-01 1.499088e+00 -0.928346 0.094207 0.206962 0.249816 0.272976 0.104385 0.928346 0.002359 -0.012398 -0.913054 0.000000 
1.300000e-01 1.003094e-01 9.749704e-02 1.299704e-01 1.000000e-01 1.505504e+00 -0.932585 0.091792 0.204247 0.253255 0.277944 0.105348 0.932585 0.001815 -0.013486 -0.914143 0.000000 
1.300000e-01 1.003094e-01 9.749704e-02 1.299662e-01 1.000000e-01 1.511881e+00 -0.936797 0.089026 0.200969 0.257209 0.283454 0.106140 0.936798 0.001274 -0.014567 -0.915226 0.000000 
1.300000e-01 1.003094e-01 9.749704e-02 1.299615e-01 1.000000e-01 1.518217e+00 -0.940984 0.085922 0.197101 0.261714 0.289539 0.106708 0.940984 0.000737 -0.015642 -0.916301 0.000000 
1.300000e-01 1.003094e-01 9.749704e-02 1.299563e-01 1.000000e-01 1.524513e+00 -0.945144 0.082458 0.192548 0.266868 0.296303 0.106967 0.945144 0.000203 -0.016710 -0.917370 0.000000 
1.300000e-01 1.003094e-01 9.749704e-02 1.299504e-01 1.000000e-01 1.530767e+00 -0.949276 0.078569 0.187100 0.272872 0.303976 0.106758 0.949276 -0.000327 -0.017771 -0.918432 0.000000 
1.300000e-01 1.003094e-01 9.749704e-02 1.299441e-01 1.000000e-01 1.536980e+00 -0.953381 0.074253 0.180636 0.279835 0.312720 0.105938 0.953381 -0.000854 -0.018825 -0.919487 0.000000 
1.300000e-01 1.003094e-01 9.749704e-02 1.299376e-01 1.000000e-01 1.543149e+00 -0.957458 0.069523 0.173062 0.287825 0.322679 0.104370 0.957458 -0.001377 -0.019872 -0.920535 0.000000 
1.300000e-01 1.003094e-01 9.749704e-02 1.299311e-01 1.000000e-01 1.549275e+00 -0.961504 0.064377 0.164216 0.296950 0.334098 0.101863 0.961504 -0.001897 -0.020910 -0.921574 0.000000 
1.300000e-01 1.003094e-01 9.749704e-02 1.299259e-01 1.000000e-01 1.555356e+00 -0.965516 0.058799 0.153852 0.307351 0.347382 0.098132 0.965516 -0.002411 -0.021940 -0.922605 0.000000 
1.300000e-01 1.003094e-01 9.749704e-02 1.299239e-01 1.000000e-01 1.561387e+00 -0.969484 0.052795 0.141724 0.319061 0.363051 0.092853 0.969484 -0.002921 -0.022959 -0.923625 0.000000 
1.300000e-01 1.003094e-01 9.749704e-02 1.299295e-01 1.000000e-01 1.567362e+00 -0.973395 0.046463 0.127923 0.331710 0.381327 0.085971 0.973395 -0.003423 -0.023963 -0.924630 0.000000 
1.300000e-01 1.003094e-01 9.749704e-02 1.299524e-01 1.000000e-01 1.573267e+00 -0.977215 0.039900 0.112534 0.344655 0.402706 0.077420 0.977215 -0.003913 -0.024944 -0.925612 0.000000 
1.300000e-01 1.003094e-01 9.749704e-02 1.300148e-01 1.000000e-01 1.579070e+00 -0.980878 0.033281 0.095936 0.356438 0.427842 0.067383 0.980878 -0.004383 -0.025884 -0.926553 0.000000 
1.300000e-01 1.003094e-01 9.749704e-02 1.301768e-01 1.000000e-01 1.584701e+00 -0.984259 0.026916 0.079012 0.363862 0.457965 0.056505 0.984259 -0.004817 -0.026752 -0.927422 0.000000 
1.300000e-01 1.003094e-01 9.749704e-02 1.306185e-01 1.000000e-01 1.589989e+00 -0.987138 0.021306 0.063319 0.359103 0.497314 0.046095 0.987138 -0.005186 -0.027492 -0.928162 0.000000 
1.300000e-01 1.003094e-01 9.749704e-02 1.319420e-01 1.000000e-01 1.594620e+00 -0.989393 0.016736 0.049873 0.319121 0.566150 0.037514 0.989393 -0.005476 -0.028071 -0.928741 0.000000 
1.300000e-01 1.003094e-01 9.749704e-02 1.339770e-01 1.000000e-01 1.597501e+00 -0.991701 0.011961 0.035420 0.219609 0.696451 0.028259 0.991701 -0.005772 -0.028663 -0.929334 0.000000 
1.300000e-01 1.003094e-01 9.749704e-02 1.339770e-01 1.000000e-01 1.597501e+00 -0.991701 0.011961 0.035420 0.219609 0.696451 0.028259 0.991701 -0.005772 -0.028663 -0.929334 0.000000 
1.300000e-01 1.003094e-01 9.749704e-02 1.339770e-01 1.000000e-01 1.597501e+00 -0.991701 0.011961 0.035420 0.219609 0.696451 0.028259 0.991701 -0.005772 -0.028663 -0.929334 0.000000 
1.300000e-01 1.003094e-01 9.749704e-02 1.339770e-01 1.000000e-01 1.597501e+00 -0.991701 0.011961 0.035420 0.219609 0.696451 0.028259 0.991701 -0.005772 -0.028663 -0.929334 0.000000 
1.300000e-01 1.003094e-01 9.749704e-02 1.339770e-01 1.000000e-01 1.597501e+00 -0.991701 0.011961 0.035420 0.219609 0.696451 0.028259 0.991701 -0.005772 -0.028663 -0.929334 0.000000 
1.300000e-01 1.003094e-01 9.749704e-02 1.339770e-01 1.000000e-01 1.597501e+00 -0.991701 0.011961 0.035420 0.219609 0.696451 0.028259 0.991701 -0.005772 -0.028663 -0.929334 0.000000 
1.300000e-01 1.003094e-01 9.749704e-02 1.339770e-01 1.000000e-01 1.597501e+00 -0.991701 0.011961 0.035420 0.219609 0.696451 0.028259 0.991701 -0.005772 -0.028663 -0.929334 0.000000 
1.300000e-01 1.003094e-01 9.749704e-02 1.339770e-01 1.000000e-01 1.597501e+00 -0.991701 0.011961 0.035420 0.219609 0.696451 0.028259 0.991701 -0.005772 -0.028663 -0.929334 0.000000 
1.300000e-01 1.003094e-01 9.749704e-02 1.339770e-01 1.000000e-01 1.597501e+00 -0.991701 0.011961 0.035420 0.219609 0.696451 0.028259 0.991701 -0.005772 -0.028663 -0.929334 0.000000 
1.300000e-01 1.003094e-01 9.749704e-02 1.339770e-01 1.000000e-01 1.597501e+00 -0.991701 0.011961 0.035420 0.219609 0.696451 0.028259 0.991701 -0.005772 -0.028663 -0.929334 0.000000 
1.300000e-01 1.003094e-01 9.749704e-02 1.339770e-01 1.000000e-01 1.597501e+00 -0.991701 0.011961 0.035420 0.219609 0.696451 0.028259 0.991701 -0.005772 -0.028663 -0.929334 0.000000 
1.300000e-01 1.003094e-01 9.749704e-02 1.339770e-01 1.000000e-01 1.597501e+00 -0.991701 0.011961 0.035420 0.219609 0.696451 0.028259 0.991701 -0.005772 -0.028663 -0.929334 0.000000 
1.300000e-01 1.003094e-01 9.749704e-02 1.339770e-01 1.000000e-01 1.597501e+00 -0.991701 0.011961 0.035420 0.219609 0.696451 0.028259 0.991701 -0.005772 -0.028663 -0.929334 0.000000 
1.300000e-01 1.003094e-01 9.749704e-02 1.339770e-01 1.000000e-01 1.597501e+00 -0.991701 0.011961 0.035420 0.219609 0.696451 0.028259 0.991701 -0.005772 -0.028663 -0.929334 0.000000 
1.300000e-01 1.003094e-01 9.749704e-02 1.339770e-01 1.000000e-01 1.597501e+00 -0.991701 0.011961 0.035420 0.219609 0.696451 0.028259 0.991701 -0.005772 -0.028663 -0.929334 0.000000 
1.300000e-01 1.003094e-01 9.749704e-02 1.339770e-01 1.000000e-01 1.597501e+00 -0.991701 0.011961 0.035420 0.219609 0.696451 0.028259 0.991701 -0.005772 -0.028663 -0.929334 0.000000 
1.300000e-01 1.003094e-01 9.749704e-02 1.339770e-01 1.000000e-01 1.597501e+00 -0.991701 0.011961 0.035420 0.219609 0.696451 0.028259 0.991701 -0.005772 -0.028663 -0.929334 0.000000 
1.300000e-01 1.003094e-01 9.749704e-02 1.339770e-01 1.000000e-01 1.597501e+00 -0.991701 0.011961 0.035420 0.219609 0.696451 0.028259 0.991701 -0.005772 -0.028663 -0.929334 0.000000 
1.300000e-01 1.003094e-01 9.749704e-02 1.339770e-01 1.000000e-01 1.597501e+00 -0.991701 0.011961 0.035420 0.219609 0.696451 0.028259 0.991701 -0.005772 -0.028663 -0.929334 0.000000 
1.300000e-01 1.003094e-01 9.749704e-02 1.339770e-01 1.000000e-01 1.597501e+00 -0.991701 0.011961 0.035420 0.219609 0.696451 0.028259 0.991701 -0.005772 -0.028663 -0.929334 0.000000 
1.300000e-01 1.003094e-01 9.749704e-02 1.339770e-01 1.000000e-01 1.597501e+00 -0.991701 0.011961 0.035420 0.219609 0.696451 0.028259 0.991701 -0.005772 -0.028663 -0.929334 0.000000 
1.300000e-01 1.003094e-01 9.749704e-02 1.339770e-01 1.000000e-01 1.597501e+00 -0.991701 0.011961 0.035420 0.219609 0.696451 0.028259 0.991701 -0.005772 -0.028663 -0.929334 0.000000 
1.300000e-01 1.003094e-01 9.749704e-02 1.339770e-01 1.000000e-01 1.597501e+00 -0.991701 0.011961 0.035420 0.219609 0.696451 0.028259 0.991701 -0.005772 -0.028663 -0.929334 0.000000 
1.300000e-01 1.003094e-01 9.749704e-02 1.339770e-01 1.000000e-01 1.597501e+00 -0.991701 0.011961 0.035420 0.219609 0.696451 0.028259 0.991701 -0.005772 -0.028663 -0.929334 0.000000 
1.300000e-01 1.003094e-01 9.749704e-02 1.339770e-01 1.000000e-01 1.597501e+00 -0.991701 0.011961 0.035420 0.219609 0.696451 0.028259 0.991701 -0.005772 -0.028663 -0.929334 0.000000 
1.300000e-01 1.003094e-01 9.749704e-02 1.339770e-01 1.000000e-01 1.597501e+00 -0.991701 0.011961 0.035420 0.219609 0.696451 0.028259 0.991701 -0.005772 -0.028663 -0.929334 0.000000 
1.300000e-01 1.003094e-01 9.749704e-02 1.339770e-01 1.000000e-01 1.597501e+00 -0.991701 0.011961 0.035420 0.219609 0.696451 0.028259 0.991701 -0.005772 -0.028663 -0.929334 0.000000 
1.300000e-01 1.003094e-01 9.749704e-02 1.339770e-01 1.000000e-01 1.597501e+00 -0.991701 0.011961 0.035420 0.219609 0.696451 0.028259 0.991701 -0.005772 -0.028663 -0.929334 0.000000 
1.300000e-01 1.003094e-01 9.749704e-02 1.339770e-01 1.000000e-01 1.597501e+00 -0.991701 0.011961 0.035420 0.219609 0.696451 0.028259 0.991701 -0.005772 -0.028663 -0.929334 0.000000 
1.300000e-01 1.003094e-01 9.749704e-02 1.339770e-01 1.000000e-01 1.597501e+00 -0.991701 0.011961 0.035420 0.219609 0.696451 0.028259 0.991701 -0.005772 -0.028663 -0.929334 0.000000 
1.300000e-01 1.003094e-01 9.749704e-02 1.339770e-01 1.000000e-01 1.597501e+00 -0.991701 0.011961 0.035420 0.219609 0.696451 0.028259 0.991701 -0.005772 -0.028663 -0.929334 0.000000 
1.300000e-01 1.003094e-01 9.749704e-02 1.339770e-01 1.000000e-01 1.597501e+00 -0.991701 0.011961 0.035420 0.219609 0.696451 0.028259 0.991701 -0.005772 -0.028663 -0.929334 0.000000 
1.300000e-01 1.003094e-01 9.749704e-02 1.339770e-01 1.000000e-01 1.597501e+00 -0.991701 0.011961 0.035420 0.219609 0.696451 0.028259 0.991701 -0.005772 -0.028663 -0.929334 0.000000 
1.300000e-01 1.003094e-01 9.749704e-02 1.339770e-01 1.000000e-01 1.597501e+00 -0.991701 0.011961 0.035420 0.219609 0.696451 0.028259 0.991701 -0.005772 -0.028663 -0.929334 0.000000 
1.300000e-01 1.003094e-01 9.749704e-02 1.339770e-01 1.000000e-01 1.597501e+00 -0.991701 0.011961 0.035420 0.219609 0.696451 0.028259 0.991701 -0.005772 -0.028663 -0.929334 0.000000 
1.300000e-01 1.003094e-01 9.749704e-02 1.339770e-01 1.000000e-01 1.597501e+00 -0.991701 0.011961 0.035420 0.219609 0.696451 0.028259 0.991701 -0.005772 -0.028663 -0.929334 0.000000 
1.300000e-01 1.003094e-01 9.749704e-02 1.339770e-01 1.000000e-01 1.597501e+00 -0.991701 0.011961 0.035420 0.219609 0.696451 0.028259 0.991701 -0.005772 -0.028663 -0.929334 0.000000 
1.300000e-01 1.003094e-01 9.749704e-02 1.339770e-01 1.000000e-01 1.597501e+00 -0.991701 0.011961 0.035420 0.219609 0.696451 0.028259 0.991701 -0.005772 -0.028663 -0.929334 0.000000 
1.300000e-01 1.003094e-01 9.749704e-02 1.339770e-01 1.000000e-01 1.597501e+00 -0.991701 0.011961 0.035420 0.219609 0.696451 0.028259 0.991701 -0.005772 -0.028663 -0.929334 0.000000 
1.300000e-01 1.003094e-01 9.749704e-02 1.339770e-01 1.000000e-01 1.597501e+00 -0.991701 0.011961 0.035420 0.219609 0.696451 0.028259 0.991701 -0.005772 -0.028663 -0.929334 0.000000 
1.300000e-01 1.003094e-01 9.749704e-02 1.339770e-01 1.000000e-01 1.597501e+00 -0.991701 0.011961 0.035420 0.219609 0.696451 0.028259 0.991701 -0.005772 -0.028663 -0.929334 0.000000 
1.300000e-01 1.003094e-01 9.749704e-02 1.339770e-01 1.000000e-01 1.597501e+00 -0.991701 0.011961 0.035420 0.219609 0.696451 0.028259 0.991701 -0.005772 -0.028663 -0.929334 0.000000 
1.300000e-01 1.003094e-01 9.749704e-02 1.339770e-01 1.000000e-01 1.597501e+00 -0.991701 0.011961 0.035420 0.219609 0.696451 0.028259 0.991701 -0.005772 -0.028663 -0.929334 0.000000 
1.300000e-01 1.003094e-01 9.749704e-02 1.339770e-01 1.000000e-01 1.597501e+00 -0.991701 0.011961 0.035420 0.219609 0.696451 0.028259 0.991701 -0.005772 -0.028663 -0.929334 0.000000 
1.300000e-01 1.003094e-01 9.749704e-02 1.339770e-01 1.000000e-01 1.597501e+00 -0.991701 0.011961 0.035420 0.219609 0.696451 0.028259 0.991701 -0.005772 -0.028663 -0.929334 0.000000 
1.300000e-01 1.003094e-01 9.749704e-02 1.339770e-01 1.000000e-01 1.597501e+00 -0.991701 0.011961 0.035420 0.219609 0.696451 0.028259 0.991701 -0.005772 -0.028663 -0.929334 0.000000 
1.300000e-01 1.003094e-01 9.749704e-02 1.339770e-01 1.000000e-01 1.597501e+00 -0.991701 0.011961 0.035420 0.219609 0.696451 0.028259 0.991701 -0.005772 -0.028663 -0.929334 0.000000 
1.300000e-01 1.003094e-01 9.749704e-02 1.339770e-01 1.000000e-01 1.597501e+00 -0.991701 0.011961 0.035420 0.219609 0.696451 0.028259 0.991701 -0.005772 -0.028663 -0.929334 0.000000 
1.300000e-01 1.003094e-01 9.749704e-02 1.339770e-01 1.000000e-01 1.597501e+00 -0.991701 0.011961 0.035420 0.219609 0.696451 0.028259 0.991701 -0.005772 -0.028663 -0.929334 0.000000 
1.300000e-01 1.003094e-01 9.749704e-02 1.339770e-01 1.000000e-01 1.597501e+00 -0.991701 0.011961 0.035420 0.219609 0.696451 0.028259 0.991701 -0.005772 -0.028663 -0.929334 0.000000 
1.300000e-01 1.003094e-01 9.749704e-02 1.339770e-01 1.000000e-01 1.597501e+00 -0.991701 0.011961 0.035420 0.219609 0.696451 0.028259 0.991701 -0.005772 -0.028663 -0.929334 0.000000 
1.300000e-01 1.003094e-01 9.749704e-02 1.339770e-01 1.000000e-01 1.597501e+00 -0.991701 0.011961 0.035420 0.219609 0.696451 0.028259 0.991701 -0.005772 -0.028663 -0.929334 0.000000 
1.300000e-01 1.003094e-01 9.749704e-02 1.339770e-01 1.000000e-01 1.597501e+00 -0.991701 0.011961 0.035420 0.219609 0.696451 0.028259 0.991701 -0.005772 -0.028663 -0.929334 0.000000 
1.300000e-01 1.003094e-01 9.749704e-02 1.339770e-01 1.000000e-01 1.597501e+00 -0.991701 0.011961 0.035420 0.219609 0.696451 0.028259 0.991701 -0.005772 -0.028663 -0.929334 0.000000 
1.300000e-01 1.003094e-01 9.749704e-02 1.339770e-01 1.000000e-01 1.597501e+00 -0.991701 0.011961 0.035420 0.219609 0.696451 0.028259 0.991701 -0.005772 -0.028663 -0.929334 0.000000 
1.300000e-01 1.003094e-01 9.749704e-02 1.339770e-01 1.000000e-01 1.597501e+00 -0.991701 0.011961 0.035420 0.219609 0.696451 0.028259 0.991701 -0.005772 -0.028663 -0.929334 0.000000 
1.300000e-01 1.003094e-01 9.749704e-02 1.339770e-01 1.000000e-01 1.597501e+00 -0.991701 0.011961 0.035420 0.219609 0.696451 0.028259 0.991701 -0.005772 -0.028663 -0.929334 0.000000 
1.300000e-01 1.003094e-01 9.749704e-02 1.339770e-01 1.000000e-01 1.597501e+00 -0.991701 0.011961 0.035420 0.219609 0.696451 0.028259 0.991701 -0.005772 -0.028663 -0.929334 0.000000 
1.300000e-01 1.003094e-01 9.749704e-02 1.339770e-01 1.000000e-01 1.597501e+00 -0.991701 0.011961 0.035420 0.219609 0.696451 0.028259 0.991701 -0.005772 -0.028663 -0.929334 0.000000 
1.300000e-01 1.003094e-01 9.749704e-02 1.339770e-01 1.000000e-01 1.597501e+00 -0.991701 0.011961 0.035420 0.219609 0.696451 0.028259 0.991701 -0.005772 -0.028663 -0.929334 0.000000 
1.300000e-01 1.003094e-01 9.749704e-02 1.339770e-01 1.000000e-01 1.597501e+00 -0.991701 0.011961 0.035420 0.219609 0.696451 0.028259 0.991701 -0.005772 -0.028663 -0.929334 0.000000 
1.300000e-01 1.003094e-01 9.749704e-02 1.339770e-01 1.000000e-01 1.597501e+00 -0.991701 0.011961 0.035420 0.219609 0.696451 0.028259 0.991701 -0.005772 -0.028663 -0.929334 0.000000 
1.300000e-01 1.003094e-01 9.749704e-02 1.339770e-01 1.000000e-01 1.597501e+00 -0.991701 0.011961 0.035420 0.219609 0.696451 0.028259 0.991701 -0.005772 -0.028663 -0.929334 0.000000 
1.300000e-01 1.003094e-01 9.749704e-02 1.339770e-01 1.000000e-01 1.597501e+00 -0.991701 0.011961 0.035420 0.219609 0.696451 0.028259 0.991701 -0.005772 -0.028663 -0.929334 0.000000 
1.300000e-01 1.003094e-01 9.749704e-02 1.339770e-01 1.000000e-01 1.597501e+00 -0.991701 0.011961 0.035420 0.219609 0.696451 0.028259 0.991701 -0.005772 -0.028663 -0.929334 0.000000 
1.300000e-01 1.003094e-01 9.749704e-02 1.339770e-01 1.000000e-01 1.597501e+00 -0.991701 0.011961 0.035420 0.219609 0.696451 0.028259 0.991701 -0.005772 -0.028663 -0.929334 0.000000 
1.300000e-01 1.003094e-01 9.749704e-02 1.339770e-01 1.000000e-01 1.597501e+00 -0.991701 0.011961 0.035420 0.219609 0.696451 0.028259 0.991701 -0.005772 -0.028663 -0.929334 0.000000 
1.300000e-01 1.003094e-01 9.749704e-02 1.339770e-01 1.000000e-01 1.597501e+00 -0.991701 0.011961 0.035420 0.219609 0.696451 0.028259 0.991701 -0.005772 -0.028663 -0.929334 0.000000 
1.300000e-01 1.003094e-01 9.749704e-02 1.339770e-01 1.000000e-01 1.597501e+00 -0.991701 0.011961 0.035420 0.219609 0.696451 0.028259 0.991701 -0.005772 -0.028663 -0.929334 0.000000 
1.300000e-01 1.003094e-01 9.749704e-02 1.339770e-01 1.000000e-01 1.597501e+00 -0.991701 0.011961 0.035420 0.219609 0.696451 0.028259 0.991701 -0.005772 -0.028663 -0.929334 0.000000 
1.300000e-01 1.003094e-01 9.749704e-02 1.339770e-01 1.000000e-01 1.597501e+00 -0.991701 0.011961 0.035420 0.219609 0.696451 0.028259 0.991701 -0.005772 -0.028663 -0.929334 0.000000 
1.300000e-01 1.003094e-01 9.749704e-02 1.339770e-01 1.000000e-01 1.597501e+00 -0.991701 0.011961 0.035420 0.219609 0.696451 0.028259 0.991701 -0.005772 -0.028663 -0.929334 0.000000 
1.300000e-01 1.003094e-01 9.749704e-02 1.339770e-01 1.000000e-01 1.597501e+00 -0.991701 0.011961 0.035420 0.219609 0.696451 0.028259 0.991701 -0.005772 -0.028663 -0.929334 0.000000 
1.300000e-01 1.003094e-01 9.749704e-02 1.339770e-01 1.000000e-01 1.597501e+00 -0.991701 0.011961 0.035420 0.219609 0.696451 0.028259 0.991701 -0.005772 -0.028663 -0.929334 0.000000 
1.300000e-01 1.003094e-01 9.749704e-02 1.339770e-01 1.000000e-01 1.597501e+00 -0.991701 0.011961 0.035420 0.219609 0.696451 0.028259 0.991701 -0.005772 -0.028663 -0.929334 0.000000 
1.300000e-01 1.003094e-01 9.749704e-02 1.339770e-01 1.000000e-01 1.597501e+00 -0.991701 0.011961 0.035420 0.219609 0.696451 0.028259 0.991701 -0.005772 -0.028663 -0.929334 0.000000 
1.300000e-01 1.003094e-01 9.749704e-02 1.339770e-01 1.000000e-01 1.597501e+00 -0.991701 0.011961 0.035420 0.219609 0.696451 0.028259 0.991701 -0.005772 -0.028663 -0.929334 0.000000 
1.300000e-01 1.003094e-01 9.749704e-02 1.339770e-01 1.000000e-01 1.597501e+00 -0.991701 0.011961 0.035420 0.219609 0.696451 0.028259 0.991701 -0.005772 -0.028663 -0.929334 0.000000 
1.300000e-01 1.003094e-01 9.749704e-02 1.339770e-01 1.000000e-01 1.597501e+00 -0.991701 0.011961 0.035420 0.219609 0.696451 0.028259 0.991701 -0.005772 -0.028663 -0.929334 0.000000 
1.300000e-01 1.003094e-01 9.749704e-02 1.339770e-01 1.000000e-01 1.597501e+00 -0.991701 0.011961 0.035420 0.219609 0.696451 0.028259 0.991701 -0.005772 -0.028663 -0.929334 0.000000 
1.300000e-01 1.003094e-01 9.749704e-02 1.339770e-01 1.000000e-01 1.597501e+00 -0.991701 0.011961 0.035420 0.219609 0.696451 0.028259 0.991701 -0.005772 -0.028663 -0.929334 0.000000 
1.300000e-01 1.003094e-01 9.749704e-02 1.339770e-01 1.000000e-01 1.597501e+00 -0.991701 0.011961 0.035420 0.219609 0.696451 0.028259 0.991701 -0.005772 -0.028663 -0.929334 0.000000 
1.300000e-01 1.003094e-01 9.749704e-02 1.339770e-01 1.000000e-01 1.597501e+00 -0.991701 0.011961 0.035420 0.219609 0.696451 0.028259 0.991701 -0.005772 -0.028663 -0.929334 0.000000 
1.300000e-01 1.003094e-01 9.749704e-02 1.339770e-01 1.000000e-01 1.597501e+00 -0.991701 0.011961 0.035420 0.219609 0.696451 0.028259 0.991701 -0.005772 -0.028663 -0.929334 0.000000 
1.300000e-01 1.003094e-01 9.749704e-02 1.339770e-01 1.000000e-01 1.597501e+00 -0.991701 0.011961 0.035420 0.219609 0.696451 0.028259 0.991701 -0.005772 -0.028663 -0.929334 0.000000 
1.300000e-01 1.003094e-01 9.749704e-02 1.339770e-01 1.000000e-01 1.597501e+00 -0.991701 0.011961 0.035420 0.219609 0.696451 0.028259 0.991701 -0.005772 -0.028663 -0.929334 0.000000 
1.300000e-01 1.003094e-01 9.749704e-02 1.339770e-01 1.000000e-01 1.597501e+00 -0.991701 0.011961 0.035420 0.219609 0.696451 0.028259 0.991701 -0.005772 -0.028663 -0.929334 0.000000 
1.300000e-01 1.003094e-01 9.749704e-02 1.339770e-01 1.000000e-01 1.597501e+00 -0.991701 0.011961 0.035420 0.219609 0.696451 0.028259 0.991701 -0.005772 -0.028663 -0.929334 0.000000 
1.300000e-01 1.003094e-01 9.749704e-02 1.339770e-01 1.000000e-01 1.597501e+00 -0.991701 0.011961 0.035420 0.219609 0.696451 0.028259 0.991701 -0.005772 -0.028663 -0.929334 0.000000 
1.300000e-01 1.003094e-01 9.749704e-02 1.339770e-01 1.000000e-01 1.597501e+00 -0.991701 0.011961 0.035420 0.219609 0.696451 0.028259 0.991701 -0.005772 -0.028663 -0.929334 0.000000 
1.300000e-01 1.003094e-01 9.749704e-02 1.339770e-01 1.000000e-01 1.597501e+00 -0.991701 0.011961 0.035420 0.219609 0.696451 0.028259 0.991701 -0.005772 -0.028663 -0.929334 0.000000 
1.300000e-01 1.003094e-01 9.749704e-02 1.339770e-01 1.000000e-01 1.597501e+00 -0.991701 0.011961 0.035420 0.219609 0.696451 0.028259 0.991701 -0.005772 -0.028663 -0.929334 0.000000 
1.300000e-01 1.003094e-01 9.749704e-02 1.339770e-01 1.000000e-01 1.597501e+00 -0.991701 0.011961 0.035420 0.219609 0.696451 0.028259 0.991701 -0.005772 -0.028663 -0.929334 0.000000 
1.300000e-01 1.003094e-01 9.749704e-02 1.339770e-01 1.000000e-01 1.597501e+00 -0.991701 0.011961 0.035420 0.219609 0.696451 0.028259 0.991701 -0.005772 -0.028663 -0.929334 0.000000 
1.300000e-01 1.003094e-01 9.749704e-02 1.339770e-01 1.000000e-01 1.597501e+00 -0.991701 0.011961 0.035420 0.219609 0.696451 0.028259 0.991701 -0.005772 -0.028663 -0.929334 0.000000 
1.300000e-01 1.003094e-01 9.749704e-02 1.339770e-01 1.000000e-01 1.597501e+00 -0.991701 0.011961 0.035420 0.219609 0.696451 0.028259 0.991701 -0.005772 -0.028663 -0.929334 0.000000 
1.300000e-01 1.003094e-01 9.749704e-02 1.339770e-01 1.000000e-01 1.597501e+00 -0.991701 0.011961 0.035420 0.219609 0.696451 0.028259 0.991701 -0.005772 -0.028663 -0.929334 0.000000 
1.300000e-01 1.003094e-01 9.749704e-02 1.339770e-01 1.000000e-01 1.597501e+00 -0.991701 0.011961 0.035420 0.219609 0.696451 0.028259 0.991701 -0.005772 -0.028663 -0.929334 0.000000 
1.300000e-01 1.003094e-01 9.749704e-02 1.339770e-01 1.000000e-01 1.597501e+00 -0.991701 0.011961 0.035420 0.219609 0.696451 0.028259 0.991701 -0.005772 -0.028663 -0.929334 0.000000 
1.300000e-01 1.003094e-01 9.749704e-02 1.339770e-01 1.000000e-01 1.597501e+00 -0.991701 0.011961 0.035420 0.219609 0.696451 0.028259 0.991701 -0.005772 -0.028663 -0.929334 0.000000 
1.300000e-01 1.003094e-01 9.749704e-02 1.339770e-01 1.000000e-01 1.597501e+00 -0.991701 0.011961 0.035420 0.219609 0.696451 0.028259 0.991701 -0.005772 -0.028663 -0.929334 0.000000 
1.300000e-01 1.003094e-01 9.749704e-02 1.339770e-01 1.000000e-01 1.597501e+00 -0.991701 0.011961 0.035420 0.219609 0.696451 0.028259 0.991701 -0.005772 -0.028663 -0.929334 0.000000 
1.300000e-01 1.003094e-01 9.749704e-02 1.339770e-01 1.000000e-01 1.597501e+00 -0.991701 0.011961 0.035420 0.219609 0.696451 0.028259 0.991701 -0.005772 -0.028663 -0.929334 0.000000 
1.300000e-01 1.003094e-01 9.749704e-02 1.339770e-01 1.000000e-01 1.597501e+00 -0.991701 0.011961 0.035420 0.219609 0.696451 0.028259 0.991701 -0.005772 -0.028663 -0.929334 0.000000 
1.300000e-01 1.003094e-01 9.749704e-02 1.339770e-01 1.000000e-01 1.597501e+00 -0.991701 0.011961 0.035420 0.219609 0.696451 0.028259 0.991701 -0.005772 -0.028663 -0.929334 0.000000 
1.300000e-01 1.003094e-01 9.749704e-02 1.339770e-01 1.000000e-01 1.597501e+00 -0.991701 0.011961 0.035420 0.219609 0.696451 0.028259 0.991701 -0.005772 -0.028663 -0.929334 0.000000 
1.300000e-01 1.003094e-01 9.749704e-02 1.339770e-01 1.000000e-01 1.597501e+00 -0.991701 0.011961 0.035420 0.219609 0.696451 0.028259 0.991701 -0.005772 -0.028663 -0.929334 0.000000 
1.300000e-01 1.003094e-01 9.749704e-02 1.339770e-01 1.000000e-01 1.597501e+00 -0.991701 0.011961 0.035420 0.219609 0.696451 0.028259 0.991701 -0.005772 -0.028663 -0.929334 0.000000 
1.300000e-01 1.003094e-01 9.749704e-02 1.339770e-01 1.000000e-01 1.597501e+00 -0.991701 0.011961 0.035420 0.219609 0.696451 0.028259 0.991701 -0.005772 -0.028663 -0.929334 0.000000 
1.300000e-01 1.003094e-01 9.749704e-02 1.339770e-01 1.000000e-01 1.597501e+00 -0.991701 0.011961 0.035420 0.219609 0.696451 0.028259 0.991701 -0.005772 -0.028663 -0.929334 0.000000 
1.300000e-01 1.003094e-01 9.749704e-02 1.339770e-01 1.000000e-01 1.597501e+00 -0.991701 0.011961 0.035420 0.219609 0.696451 0.028259 0.991701 -0.005772 -0.028663 -0.929334 0.000000 
1.300000e-01 1.003094e-01 9.749704e-02 1.339770e-01 1.000000e-01 1.597501e+00 -0.991701 0.011961 0.035420 0.219609 0.696451 0.028259 0.991701 -0.005772 -0.028663 -0.929334 0.000000 
1.300000e-01 1.003094e-01 9.749704e-02 1.339770e-01 1.000000e-01 1.597501e+00 -0.991701 0.011961 0.035420 0.219609 0.696451 0.028259 0.991701 -0.005772 -0.028663 -0.929334 0.000000 
1.300000e-01 1.003094e-01 9.749704e-02 1.339770e-01 1.000000e-01 1.597501e+00 -0.991701 0.011961 0.035420 0.219609 0.696451 0.028259 0.991701 -0.005772 -0.028663 -0.929334 0.000000 
1.300000e-01 1.003094e-01 9.749704e-02 1.339770e-01 1.000000e-01 1.597501e+00 -0.991701 0.011961 0.035420 0.219609 0.696451 0.028259 0.991701 -0.005772 -0.028663 -0.929334 0.000000 
1.300000e-01 1.003094e-01 9.749704e-02 1.339770e-01 1.000000e-01 1.597501e+00 -0.991701 0.011961 0.035420 0.219609 0.696451 0.028259 0.991701 -0.005772 -0.028663 -0.929334 0.000000 
1.300000e-01 1.003094e-01 9.749704e-02 1.339770e-01 1.000000e-01 1.597501e+00 -0.991701 0.011961 0.035420 0.219609 0.696451 0.028259 0.991701 -0.005772 -0.028663 -0.929334 0.000000 
1.300000e-01 1.003094e-01 9.749704e-02 1.339770e-01 1.000000e-01 1.597501e+00 -0.991701 0.011961 0.035420 0.219609 0.696451 0.028259 0.991701 -0.005772 -0.028663 -0.929334 0.000000 
1.300000e-01 1.003094e-01 9.749704e-02 1.339770e-01 1.000000e-01 1.597501e+00 -0.991701 0.011961 0.035420 0.219609 0.696451 0.028259 0.991701 -0.005772 -0.028663 -0.929334 0.000000 
1.300000e-01 1.003094e-01 9.749704e-02 1.339770e-01 1.000000e-01 1.597501e+00 -0.991701 0.011961 0.035420 0.219609 0.696451 0.028259 0.991701 -0.005772 -0.028663 -0.929334 0.000000 
1.300000e-01 1.003094e-01 9.749704e-02 1.339770e-01 1.000000e-01 1.597501e+00 -0.991701 0.011961 0.035420 0.219609 0.696451 0.028259 0.991701 -0.005772 -0.028663 -0.929334 0.000000 
1.300000e-01 1.003094e-01 9.749704e-02 1.339770e-01 1.000000e-01 1.597501e+00 -0.991701 0.011961 0.035420 0.219609 0.696451 0.028259 0.991701 -0.005772 -0.028663 -0.929334 0.000000 
1.300000e-01 1.003094e-01 9.749704e-02 1.339770e-01 1.000000e-01 1.597501e+00 -0.991701 0.011961 0.035420 0.219609 0.696451 0.028259 0.991701 -0.005772 -0.028663 -0.929334 0.000000 
1.300000e-01 1.003094e-01 9.749704e-02 1.339770e-01 1.000000e-01 1.597501e+00 -0.991701 0.011961 0.035420 0.219609 0.696451 0.028259 0.991701 -0.005772 -0.028663 -0.929334 0.000000 
1.300000e-01 1.003094e-01 9.749704e-02 1.339770e-01 1.000000e-01 1.597501e+00 -0.991701 0.011961 0.035420 0.219609 0.696451 0.028259 0.991701 -0.005772 -0.028663 -0.929334 0.000000 
1.300000e-01 1.003094e-01 9.749704e-02 1.339770e-01 1.000000e-01 1.597501e+00 -0.991701 0.011961 0.035420 0.219609 0.696451 0.028259 0.991701 -0.005772 -0.028663 -0.929334 0.000000 
1.300000e-01 1.003094e-01 9.749704e-02 1.339770e-01 1.000000e-01 1.597501e+00 -0.991701 0.011961 0.035420 0.219609 0.696451 0.028259 0.991701 -0.005772 -0.028663 -0.929334 0.000000 
1.300000e-01 1.003094e-01 9.749704e-02 1.339770e-01 1.000000e-01 1.597501e+00 -0.991701 0.011961 0.035420 0.219609 0.696451 0.028259 0.991701 -0.005772 -0.028663 -0.929334 0.000000 
1.300000e-01 1.003094e-01 9.749704e-02 1.339770e-01 1.000000e-01 1.597501e+00 -0.991701 0.011961 0.035420 0.219609 0.696451 0.028259 0.991701 -0.005772 -0.028663 -0.929334 0.000000 
1.300000e-01 1.003094e-01 9.749704e-02 1.339770e-01 1.000000e-01 1.597501e+00 -0.991701 0.011961 0.035420 0.219609 0.696451 0.028259 0.991701 -0.005772 -0.028663 -0.929334 0.000000 
1.300000e-01 1.003094e-01 9.749704e-02 1.339770e-01 1.000000e-01 1.597501e+00 -0.991701 0.011961 0.035420 0.219609 0.696451 0.028259 0.991701 -0.005772 -0.028663 -0.929334 0.000000 
1.300000e-01 1.003094e-01 9.749704e-02 1.339770e-01 1.000000e-01 1.597501e+00 -0.991701 0.011961 0.035420 0.219609 0.696451 0.028259 0.991701 -0.005772 -0.028663 -0.929334 0.000000 
1.300000e-01 1.003094e-01 9.749704e-02 1.339770e-01 1.000000e-01 1.597501e+00 -0.991701 0.011961 0.035420 0.219609 0.696451 0.028259 0.991701 -0.005772 -0.028663 -0.929334 0.000000 
1.300000e-01 1.003094e-01 9.749704e-02 1.339770e-01 1.000000e-01 1.597501e+00 -0.991701 0.011961 0.035420 0.219609 0.696451 0.028259 0.991701 -0.005772 -0.028663 -0.929334 0.000000 
1.300000e-01 1.003094e-01 9.749704e-02 1.339770e-01 1.000000e-01 1.597501e+00 -0.991701 0.011961 0.035420 0.219609 0.696451 0.028259 0.991701 -0.005772 -0.028663 -0.929334 0.000000 
1.300000e-01 1.003094e-01 9.749704e-02 1.339770e-01 1.000000e-01 1.597501e+00 -0.991701 0.011961 0.035420 0.219609 0.696451 0.028259 0.991701 -0.005772 -0.028663 -0.929334 0.000000 
1.300000e-01 1.003094e-01 9.749704e-02 1.339770e-01 1.000000e-01 1.597501e+00 -0.991701 0.011961 0.035420 0.219609 0.696451 0.028259 0.991701 -0.005772 -0.028663 -0.929334 0.000000 
1.300000e-01 1.003094e-01 9.749704e-02 1.339770e-01 1.000000e-01 1.597501e+00 -0.991701 0.011961 0.035420 0.219609 0.696451 0.028259 0.991701 -0.005772 -0.028663 -0.929334 0.000000 
1.300000e-01 1.003094e-01 9.749704e-02 1.339770e-01 1.000000e-01 1.597501e+00 -0.991701 0.011961 0.035420 0.219609 0.696451 0.028259 0.991701 -0.005772 -0.028663 -0.929334 0.000000 
1.300000e-01 1.003094e-01 9.749704e-02 1.339770e-01 1.000000e-01 1.597501e+00 -0.991701 0.011961 0.035420 0.219609 0.696451 0.028259 0.991701 -0.005772 -0.028663 -0.929334 0.000000 
1.300000e-01 1.003094e-01 9.749704e-02 1.339770e-01 1.000000e-01 1.597501e+00 -0.991701 0.011961 0.035420 0.219609 0.696451 0.028259 0.991701 -0.005772 -0.028663 -0.929334 0.000000 
1.300000e-01 1.003094e-01 9.749704e-02 1.339770e-01 1.000000e-01 1.597501e+00 -0.991701 0.011961 0.035420 0.219609 0.696451 0.028259 0.991701 -0.005772 -0.028663 -0.929334 0.000000 
1.300000e-01 1.003094e-01 9.749704e-02 1.339770e-01 1.000000e-01 1.597501e+00 -0.991701 0.011961 0.035420 0.219609 0.696451 0.028259 0.991701 -0.005772 -0.028663 -0.929334 0.000000 
1.300000e-01 1.003094e-01 9.749704e-02 1.339770e-01 1.000000e-01 1.597501e+00 -0.991701 0.011961 0.035420 0.219609 0.696451 0.028259 0.991701 -0.005772 -0.028663 -0.929334 0.000000 
1.300000e-01 1.003094e-01 9.749704e-02 1.339770e-01 1.000000e-01 1.597501e+00 -0.991701 0.011961 0.035420 0.219609 0.696451 0.028259 0.991701 -0.005772 -0.028663 -0.929334 0.000000 
1.300000e-01 1.003094e-01 9.749704e-02 1.339770e-01 1.000000e-01 1.597501e+00 -0.991701 0.011961 0.035420 0.219609 0.696451 0.028259 0.991701 -0.005772 -0.028663 -0.929334 0.000000 
1.300000e-01 1.003094e-01 9.749704e-02 1.339770e-01 1.000000e-01 1.597501e+00 -0.991701 0.011961 0.035420 0.219609 0.696451 0.028259 0.991701 -0.005772 -0.028663 -0.929334 0.000000 
1.300000e-01 1.003094e-01 9.749704e-02 1.339770e-01 1.000000e-01 1.597501e+00 -0.991701 0.011961 0.035420 0.219609 0.696451 0.028259 0.991701 -0.005772 -0.028663 -0.929334 0.000000 
1.300000e-01 1.003094e-01 9.749704e-02 1.339770e-01 1.000000e-01 1.597501e+00 -0.991701 0.011961 0.035420 0.219609 0.696451 0.028259 0.991701 -0.005772 -0.028663 -0.929334 0.000000 
1.300000e-01 1.003094e-01 9.749704e-02 1.339770e-01 1.000000e-01 1.597501e+00 -0.991701 0.011961 0.035420 0.219609 0.696451 0.028259 0.991701 -0.005772 -0.028663 -0.929334 0.000000 
1.300000e-01 1.003094e-01 9.749704e-02 1.339770e-01 1.000000e-01 1.597501e+00 -0.991701 0.011961 0.035420 0.219609 0.696451 0.028259 0.991701 -0.005772 -0.028663 -0.929334 0.000000 
1.300000e-01 1.003094e-01 9.749704e-02 1.339770e-01 1.000000e-01 1.597501e+00 -0.991701 0.011961 0.035420 0.219609 0.696451 0.028259 0.991701 -0.005772 -0.028663 -0.929334 0.000000 
1.300000e-01 1.003094e-01 9.749704e-02 1.339770e-01 1.000000e-01 1.597501e+00 -0.991701 0.011961 0.035420 0.219609 0.696451 0.028259 0.991701 -0.005772 -0.028663 -0.929334 0.000000 
1.300000e-01 1.003094e-01 9.749704e-02 1.339770e-01 1.000000e-01 1.597501e+00 -0.991701 0.011961 0.035420 0.219609 0.696451 0.028259 0.991701 -0.005772 -0.028663 -0.929334 0.000000 
1.300000e-01 1.003094e-01 9.749704e-02 1.339770e-01 1.000000e-01 1.597501e+00 -0.991701 0.011961 0.035420 0.219609 0.696451 0.028259 0.991701 -0.005772 -0.028663 -0.929334 0.000000 
1.300000e-01 1.003094e-01 9.749704e-02 1.339770e-01 1.000000e-01 1.597501e+00 -0.991701 0.011961 0.035420 0.219609 0.696451 0.028259 0.991701 -0.005772 -0.028663 -0.929334 0.000000 
1.300000e-01 1.003094e-01 9.749704e-02 1.339770e-01 1.000000e-01 1.597501e+00 -0.991701 0.011961 0.035420 0.219609 0.696451 0.028259 0.991701 -0.005772 -0.028663 -0.929334 0.000000 
1.300000e-01 1.003094e-01 9.749704e-02 1.339770e-01 1.000000e-01 1.597501e+00 -0.991701 0.011961 0.035420 0.219609 0.696451 0.028259 0.991701 -0.005772 -0.028663 -0.929334 0.000000 
1.300000e-01 1.003094e-01 9.749704e-02 1.339770e-01 1.000000e-01 1.597501e+00 -0.991701 0.011961 0.035420 0.219609 0.696451 0.028259 0.991701 -0.005772 -0.028663 -0.929334 0.000000 
1.300000e-01 1.003094e-01 9.749704e-02 1.339770e-01 1.000000e-01 1.597501e+00 -0.991701 0.011961 0.035420 0.219609 0.696451 0.028259 0.991701 -0.005772 -0.028663 -0.929334 0.000000 
1.300000e-01 1.003094e-01 9.749704e-02 1.339770e-01 1.000000e-01 1.597501e+00 -0.991701 0.011961 0.035420 0.219609 0.696451 0.028259 0.991701 -0.005772 -0.028663 -0.929334 0.000000 
1.300000e-01 1.003094e-01 9.749704e-02 1.339770e-01 1.000000e-01 1.597501e+00 -0.991701 0.011961 0.035420 0.219609 0.696451 0.028259 0.991701 -0.005772 -0.028663 -0.929334 0.000000 
1.300000e-01 1.003094e-01 9.749704e-02 1.339770e-01 1.000000e-01 1.597501e+00 -0.991701 0.011961 0.035420 0.219609 0.696451 0.028259 0.991701 -0.005772 -0.028663 -0.929334 0.000000 
1.300000e-01 1.003094e-01 9.749704e-02 1.339770e-01 1.000000e-01 1.597501e+00 -0.991701 0.011961 0.035420 0.219609 0.696451 0.028259 0.991701 -0.005772 -0.028663 -0.929334 0.000000 
1.300000e-01 1.003094e-01 9.749704e-02 1.339770e-01 1.000000e-01 1.597501e+00 -0.991701 0.011961 0.035420 0.219609 0.696451 0.028259 0.991701 -0.005772 -0.028663 -0.929334 0.000000 
1.300000e-01 1.003094e-01 9.749704e-02 1.339770e-01 1.000000e-01 1.597501e+00 -0.991701 0.011961 0.035420 0.219609 0.696451 0.028259 0.991701 -0.005772 -0.028663 -0.929334 0.000000 
1.300000e-01 1.003094e-01 9.749704e-02 1.339770e-01 1.000000e-01 1.597501e+00 -0.991701 0.011961 0.035420 0.219609 0.696451 0.028259 0.991701 -0.005772 -0.028663 -0.929334 0.000000 
1.300000e-01 1.003094e-01 9.749704e-02 1.339770e-01 1.000000e-01 1.597501e+00 -0.991701 0.011961 0.035420 0.219609 0.696451 0.028259 0.991701 -0.005772 -0.028663 -0.929334 0.000000 
1.300000e-01 1.003094e-01 9.749704e-02 1.339770e-01 1.000000e-01 1.597501e+00 -0.991701 0.011961 0.035420 0.219609 0.696451 0.028259 0.991701 -0.005772 -0.028663 -0.929334 0.000000 
1.300000e-01 1.003094e-01 9.749704e-02 1.339770e-01 1.000000e-01 1.597501e+00 -0.991701 0.011961 0.035420 0.219609 0.696451 0.028259 0.991701 -0.005772 -0.028663 -0.929334 0.000000 
1.300000e-01 1.003094e-01 9.749704e-02 1.339770e-01 1.000000e-01 1.597501e+00 -0.991701 0.011961 0.035420 0.219609 0.696451 0.028259 0.991701 -0.005772 -0.028663 -0.929334 0.000000 
1.300000e-01 1.003094e-01 9.749704e-02 1.339770e-01 1.000000e-01 1.597501e+00 -0.991701 0.011961 0.035420 0.219609 0.696451 0.028259 0.991701 -0.005772 -0.028663 -0.929334 0.000000 
1.300000e-01 1.003094e-01 9.749704e-02 1.339770e-01 1.000000e-01 1.597501e+00 -0.991701 0.011961 0.035420 0.219609 0.696451 0.028259 0.991701 -0.005772 -0.028663 -0.929334 0.000000 
1.300000e-01 1.003094e-01 9.749704e-02 1.339770e-01 1.000000e-01 1.597501e+00 -0.991701 0.011961 0.035420 0.219609 0.696451 0.028259 0.991701 -0.005772 -0.028663 -0.929334 0.000000 
1.300000e-01 1.003094e-01 9.749704e-02 1.339770e-01 1.000000e-01 1.597501e+00 -0.991701 0.011961 0.035420 0.219609 0.696451 0.028259 0.991701 -0.005772 -0.028663 -0.929334 0.000000 
1.300000e-01 1.003094e-01 9.749704e-02 1.339770e-01 1.000000e-01 1.597501e+00 -0.991701 0.011961 0.035420 0.219609 0.696451 0.028259 0.991701 -0.005772 -0.028663 -0.929334 0.000000 
1.300000e-01 1.003094e-01 9.749704e-02 1.339770e-01 1.000000e-01 1.597501e+00 -0.991701 0.011961 0.035420 0.219609 0.696451 0.028259 0.991701 -0.005772 -0.028663 -0.929334 0.000000 
1.300000e-01 1.003094e-01 9.749704e-02 1.339770e-01 1.000000e-01 1.597501e+00 -0.991701 0.011961 0.035420 0.219609 0.696451 0.028259 0.991701 -0.005772 -0.028663 -0.929334 0.000000 
1.300000e-01 1.003094e-01 9.749704e-02 1.339770e-01 1.000000e-01 1.597501e+00 -0.991701 0.011961 0.035420 0.219609 0.696451 0.028259 0.991701 -0.005772 -0.028663 -0.929334 0.000000 
1.300000e-01 1.003094e-01 9.749704e-02 1.339770e-01 1.000000e-01 1.597501e+00 -0.991701 0.011961 0.035420 0.219609 0.696451 0.028259 0.991701 -0.005772 -0.028663 -0.929334 0.000000 
1.300000e-01 1.003094e-01 9.749704e-02 1.339770e-01 1.000000e-01 1.597501e+00 -0.991701 0.011961 0.035420 0.219609 0.696451 0.028259 0.991701 -0.005772 -0.028663 -0.929334 0.000000 
1.300000e-01 1.003094e-01 9.749704e-02 1.339770e-01 1.000000e-01 1.597501e+00 -0.991701 0.011961 0.035420 0.219609 0.696451 0.028259 0.991701 -0.005772 -0.028663 -0.929334 0.000000 
1.300000e-01 1.003094e-01 9.749704e-02 1.339770e-01 1.000000e-01 1.597501e+00 -0.991701 0.011961 0.035420 0.219609 0.696451 0.028259 0.991701 -0.005772 -0.028663 -0.929334 0.000000 
1.300000e-01 1.003094e-01 9.749704e-02 1.339770e-01 1.000000e-01 1.597501e+00 -0.991701 0.011961 0.035420 0.219609 0.696451 0.028259 0.991701 -0.005772 -0.028663 -0.929334 0.000000 
1.300000e-01 1.003094e-01 9.749704e-02 1.339770e-01 1.000000e-01 1.597501e+00 -0.991701 0.011961 0.035420 0.219609 0.696451 0.028259 0.991701 -0.005772 -0.028663 -0.929334 0.000000 
1.300000e-01 1.003094e-01 9.749704e-02 1.339770e-01 1.000000e-01 1.597501e+00 -0.991701 0.011961 0.035420 0.219609 0.696451 0.028259 0.991701 -0.005772 -0.028663 -0.929334 0.000000 
1.300000e-01 1.003094e-01 9.749704e-02 1.339770e-01 1.000000e-01 1.597501e+00 -0.991701 0.011961 0.035420 0.219609 0.696451 0.028259 0.991701 -0.005772 -0.028663 -0.929334 0.000000 
1.300000e-01 1.003094e-01 9.749704e-02 1.339770e-01 1.000000e-01 1.597501e+00 -0.991701 0.011961 0.035420 0.219609 0.696451 0.028259 0.991701 -0.005772 -0.028663 -0.929334 0.000000 
1.300000e-01 1.003094e-01 9.749704e-02 1.339770e-01 1.000000e-01 1.597501e+00 -0.991701 0.011961 0.035420 0.219609 0.696451 0.028259 0.991701 -0.005772 -0.028663 -0.929334 0.000000 
1.300000e-01 1.003094e-01 9.749704e-02 1.339770e-01 1.000000e-01 1.597501e+00 -0.991701 0.011961 0.035420 0.219609 0.696451 0.028259 0.991701 -0.005772 -0.028663 -0.929334 0.000000 
1.300000e-01 1.003094e-01 9.749704e-02 1.339770e-01 1.000000e-01 1.597501e+00 -0.991701 0.011961 0.035420 0.219609 0.696451 0.028259 0.991701 -0.005772 -0.028663 -0.929334 0.000000 
1.300000e-01 1.003094e-01 9.749704e-02 1.339770e-01 1.000000e-01 1.597501e+00 -0.991701 0.011961 0.035420 0.219609 0.696451 0.028259 0.991701 -0.005772 -0.028663 -0.929334 0.000000 
1.300000e-01 1.003094e-01 9.749704e-02 1.339770e-01 1.000000e-01 1.597501e+00 -0.991701 0.011961 0.035420 0.219609 0.696451 0.028259 0.991701 -0.005772 -0.028663 -0.929334 0.000000 
1.300000e-01 1.003094e-01 9.749704e-02 1.339770e-01 1.000000e-01 1.597501e+00 -0.991701 0.011961 0.035420 0.219609 0.696451 0.028259 0.991701 -0.005772 -0.028663 -0.929334 0.000000 
1.300000e-01 1.003094e-01 9.749704e-02 1.339770e-01 1.000000e-01 1.597501e+00 -0.991701 0.011961 0.035420 0.219609 0.696451 0.028259 0.991701 -0.005772 -0.028663 -0.929334 0.000000 
1.300000e-01 1.003094e-01 9.749704e-02 1.339770e-01 1.000000e-01 1.597501e+00 -0.991701 0.011961 0.035420 0.219609 0.696451 0.028259 0.991701 -0.005772 -0.028663 -0.929334 0.000000 
1.300000e-01 1.003094e-01 9.749704e-02 1.339770e-01 1.000000e-01 1.597501e+00 -0.991701 0.011961 0.035420 0.219609 0.696451 0.028259 0.991701 -0.005772 -0.028663 -0.929334 0.000000 
1.300000e-01 1.003094e-01 9.749704e-02 1.339770e-01 1.000000e-01 1.597501e+00 -0.991701 0.011961 0.035420 0.219609 0.696451 0.028259 0.991701 -0.005772 -0.028663 -0.929334 0.000000 
1.300000e-01 1.003094e-01 9.749704e-02 1.339770e-01 1.000000e-01 1.597501e+00 -0.991701 0.011961 0.035420 0.219609 0.696451 0.028259 0.991701 -0.005772 -0.028663 -0.929334 0.000000 
1.300000e-01 1.003094e-01 9.749704e-02 1.339770e-01 1.000000e-01 1.597501e+00 -0.991701 0.011961 0.035420 0.219609 0.696451 0.028259 0.991701 -0.005772 -0.028663 -0.929334 0.000000 
1.300000e-01 1.003094e-01 9.749704e-02 1.339770e-01 1.000000e-01 1.597501e+00 -0.991701 0.011961 0.035420 0.219609 0.696451 0.028259 0.991701 -0.005772 -0.028663 -0.929334 0.000000 
1.300000e-01 1.003094e-01 9.749704e-02 1.339770e-01 1.000000e-01 1.597501e+00 -0.991701 0.011961 0.035420 0.219609 0.696451 0.028259 0.991701 -0.005772 -0.028663 -0.929334 0.000000 
1.300000e-01 1.003094e-01 9.749704e-02 1.339770e-01 1.000000e-01 1.597501e+00 -0.991701 0.011961 0.035420 0.219609 0.696451 0.028259 0.991701 -0.005772 -0.028663 -0.929334 0.000000 
1.300000e-01 1.003094e-01 9.749704e-02 1.339770e-01 1.000000e-01 1.597501e+00 -0.991701 0.011961 0.035420 0.219609 0.696451 0.028259 0.991701 -0.005772 -0.028663 -0.929334 0.000000 
1.300000e-01 1.003094e-01 9.749704e-02 1.339770e-01 1.000000e-01 1.597501e+00 -0.991701 0.011961 0.035420 0.219609 0.696451 0.028259 0.991701 -0.005772 -0.028663 -0.929334 0.000000 
1.300000e-01 1.003094e-01 9.749704e-02 1.339770e-01 1.000000e-01 1.597501e+00 -0.991701 0.011961 0.035420 0.219609 0.696451 0.028259 0.991701 -0.005772 -0.028663 -0.929334 0.000000 
1.300000e-01 1.003094e-01 9.749704e-02 1.339770e-01 1.000000e-01 1.597501e+00 -0.991701 0.011961 0.035420 0.219609 0.696451 0.028259 0.991701 -0.005772 -0.028663 -0.929334 0.000000 
1.300000e-01 1.003094e-01 9.749704e-02 1.339770e-01 1.000000e-01 1.597501e+00 -0.991701 0.011961 0.035420 0.219609 0.696451 0.028259 0.991701 -0.005772 -0.028663 -0.929334 0.000000 
