# TeX TeY TeZ ThX ThY THZ P1 P2
1.300000e-01 1.000000e-01 1.525000e+00 1.300000e-01 1.000000e-01 1.525000e+00 0.000000 0.000000 0.000000 0.000000 0.000000 0.000000 0.000000 0.000000 0.000000 0.000000 0.000000 
1.300058e-01 1.000000e-01 1.517831e+00 1.299941e-01 1.000000e-01 1.531251e+00 -0.008867 -0.007880 -0.010745 0.011946 0.015507 0.000039 0.008867 -0.001138 -0.002276 -0.002279 0.000000 
1.300109e-01 1.000000e-01 1.510581e+00 1.299878e-01 1.000000e-01 1.537460e+00 -0.017760 -0.015735 -0.021643 0.024035 0.031240 -0.000137 0.017760 -0.002279 -0.004560 -0.004564 0.000000 
1.300153e-01 1.000000e-01 1.503250e+00 1.299812e-01 1.000000e-01 1.543627e+00 -0.026678 -0.023529 -0.032840 0.036396 0.047417 -0.000768 0.026677 -0.003424 -0.006849 -0.006855 0.000000 
1.300192e-01 1.000000e-01 1.495839e+00 1.299749e-01 1.000000e-01 1.549750e+00 -0.035617 -0.031348 -0.044700 0.049341 0.064495 -0.002171 0.035617 -0.004571 -0.009144 -0.009153 0.000000 
1.300225e-01 1.000000e-01 1.488349e+00 1.299698e-01 1.000000e-01 1.555826e+00 -0.044573 -0.039236 -0.057624 0.063147 0.083076 -0.004790 0.044573 -0.005721 -0.011444 -0.011454 0.000000 
1.300254e-01 1.000000e-01 1.480784e+00 1.299683e-01 1.000000e-01 1.561853e+00 -0.053536 -0.047187 -0.071758 0.077786 0.103529 -0.008835 0.053536 -0.006871 -0.013745 -0.013757 0.000000 
1.300278e-01 1.000000e-01 1.473143e+00 1.299751e-01 1.000000e-01 1.567824e+00 -0.062489 -0.055140 -0.087140 0.092997 0.126246 -0.014475 0.062489 -0.008020 -0.016043 -0.016058 0.000000 
1.300299e-01 1.000000e-01 1.465428e+00 1.300006e-01 1.000000e-01 1.573722e+00 -0.071397 -0.063055 -0.103761 0.108179 0.151824 -0.021790 0.071397 -0.009163 -0.018330 -0.018347 0.000000 
1.300317e-01 1.000000e-01 1.457637e+00 1.300694e-01 1.000000e-01 1.579515e+00 -0.080195 -0.070749 -0.121224 0.121822 0.180942 -0.030596 0.080194 -0.010292 -0.020589 -0.020608 0.000000 
1.300333e-01 1.000000e-01 1.449772e+00 1.302468e-01 1.000000e-01 1.585127e+00 -0.088741 -0.077953 -0.138694 0.130447 0.215185 -0.040246 0.088741 -0.011389 -0.022783 -0.022804 0.000000 
1.300346e-01 1.000000e-01 1.441834e+00 1.307336e-01 1.000000e-01 1.590379e+00 -0.096792 -0.084105 -0.154425 0.125272 0.259326 -0.049277 0.096791 -0.012423 -0.024850 -0.024873 0.000000 
1.300358e-01 1.000000e-01 1.433823e+00 1.321854e-01 1.000000e-01 1.594967e+00 -0.104385 -0.089277 -0.168295 0.082401 0.336413 -0.056857 0.104385 -0.013397 -0.026799 -0.026824 0.000000 
1.300367e-01 1.000000e-01 1.425738e+00 1.340515e-01 1.000000e-01 1.597512e+00 -0.111857 -0.094040 -0.181595 -0.010859 0.462688 -0.064337 0.111857 -0.014356 -0.028718 -0.028744 0.000000 
1.300376e-01 1.000000e-01 1.417582e+00 1.340515e-01 1.000000e-01 1.597512e+00 -0.117245 -0.094250 -0.181350 -0.009202 0.465301 -0.063254 0.117245 -0.015048 -0.030101 -0.030129 0.000000 
1.300383e-01 1.000000e-01 1.409354e+00 1.340515e-01 1.000000e-01 1.597512e+00 -0.122681 -0.094347 -0.180963 -0.007585 0.467792 -0.062217 0.122681 -0.015745 -0.031497 -0.031526 0.000000 
1.300389e-01 1.000000e-01 1.401055e+00 1.340515e-01 1.000000e-01 1.597512e+00 -0.128164 -0.094334 -0.180441 -0.006000 0.470164 -0.061226 0.128164 -0.016449 -0.032904 -0.032935 0.000000 
1.300394e-01 1.000000e-01 1.392685e+00 1.340515e-01 1.000000e-01 1.597512e+00 -0.133693 -0.094228 -0.179800 -0.004438 0.472435 -0.060276 0.133693 -0.017159 -0.034324 -0.034356 0.000000 
1.300399e-01 1.000000e-01 1.384245e+00 1.340515e-01 1.000000e-01 1.597512e+00 -0.139269 -0.094042 -0.179057 -0.002890 0.474621 -0.059363 0.139269 -0.017874 -0.035755 -0.035788 0.000000 
1.300403e-01 1.000000e-01 1.375735e+00 1.340515e-01 1.000000e-01 1.597512e+00 -0.144891 -0.093782 -0.178217 -0.001353 0.476728 -0.058486 0.144891 -0.018596 -0.037199 -0.037233 0.000000 
1.300406e-01 1.000000e-01 1.367156e+00 1.340515e-01 1.000000e-01 1.597512e+00 -0.150559 -0.093456 -0.177290 0.000178 0.478766 -0.057640 0.150558 -0.019323 -0.038654 -0.038689 0.000000 
1.300409e-01 1.000000e-01 1.358509e+00 1.340515e-01 1.000000e-01 1.597512e+00 -0.156272 -0.093074 -0.176288 0.001707 0.480748 -0.056822 0.156271 -0.020056 -0.040120 -0.040158 0.000000 
1.300411e-01 1.000000e-01 1.349793e+00 1.340515e-01 1.000000e-01 1.597512e+00 -0.162030 -0.092642 -0.175219 0.003237 0.482680 -0.056027 0.162029 -0.020795 -0.041599 -0.041637 0.000000 
1.300414e-01 1.000000e-01 1.341010e+00 1.340515e-01 1.000000e-01 1.597512e+00 -0.167832 -0.092163 -0.174084 0.004769 0.484566 -0.055256 0.167832 -0.021540 -0.043088 -0.043128 0.000000 
1.300415e-01 1.000000e-01 1.332160e+00 1.340515e-01 1.000000e-01 1.597512e+00 -0.173679 -0.091644 -0.172894 0.006304 0.486415 -0.054503 0.173679 -0.022291 -0.044589 -0.044631 0.000000 
1.300417e-01 1.000000e-01 1.323244e+00 1.340515e-01 1.000000e-01 1.597512e+00 -0.179570 -0.091090 -0.171654 0.007846 0.488234 -0.053767 0.179570 -0.023047 -0.046102 -0.046145 0.000000 
1.300418e-01 1.000000e-01 1.314261e+00 1.340515e-01 1.000000e-01 1.597512e+00 -0.185504 -0.090505 -0.170368 0.009394 0.490027 -0.053044 0.185504 -0.023808 -0.047625 -0.047670 0.000000 
1.300419e-01 1.000000e-01 1.305213e+00 1.340515e-01 1.000000e-01 1.597512e+00 -0.191482 -0.089890 -0.169040 0.010949 0.491797 -0.052334 0.191482 -0.024575 -0.049160 -0.049206 0.000000 
1.300420e-01 1.000000e-01 1.296100e+00 1.340515e-01 1.000000e-01 1.597512e+00 -0.197503 -0.089249 -0.167674 0.012511 0.493549 -0.051635 0.197502 -0.025348 -0.050706 -0.050753 0.000000 
1.300421e-01 1.000000e-01 1.286923e+00 1.340515e-01 1.000000e-01 1.597512e+00 -0.203566 -0.088586 -0.166273 0.014082 0.495286 -0.050944 0.203566 -0.026126 -0.052262 -0.052311 0.000000 
1.300422e-01 1.000000e-01 1.277682e+00 1.340515e-01 1.000000e-01 1.597512e+00 -0.209671 -0.087901 -0.164842 0.015662 0.497011 -0.050261 0.209671 -0.026910 -0.053830 -0.053880 0.000000 
1.300422e-01 1.000000e-01 1.268377e+00 1.340515e-01 1.000000e-01 1.597512e+00 -0.215819 -0.087199 -0.163381 0.017251 0.498729 -0.049582 0.215818 -0.027699 -0.055408 -0.055459 0.000000 
1.300423e-01 1.000000e-01 1.259010e+00 1.340515e-01 1.000000e-01 1.597512e+00 -0.222007 -0.086479 -0.161894 0.018849 0.500439 -0.048909 0.222007 -0.028493 -0.056997 -0.057050 0.000000 
1.300423e-01 1.000000e-01 1.249580e+00 1.340515e-01 1.000000e-01 1.597512e+00 -0.228237 -0.085744 -0.160383 0.020457 0.502145 -0.048239 0.228237 -0.029293 -0.058596 -0.058651 0.000000 
1.300424e-01 1.000000e-01 1.240089e+00 1.340515e-01 1.000000e-01 1.597512e+00 -0.234508 -0.084994 -0.158850 0.022073 0.503849 -0.047572 0.234507 -0.030098 -0.060206 -0.060262 0.000000 
1.300424e-01 1.000000e-01 1.230536e+00 1.340515e-01 1.000000e-01 1.597512e+00 -0.240819 -0.084232 -0.157295 0.023700 0.505552 -0.046906 0.240819 -0.030908 -0.061827 -0.061884 0.000000 
1.300424e-01 1.000000e-01 1.220923e+00 1.340515e-01 1.000000e-01 1.597512e+00 -0.247170 -0.083458 -0.155721 0.025336 0.507255 -0.046242 0.247170 -0.031723 -0.063457 -0.063516 0.000000 
1.300424e-01 1.000000e-01 1.211250e+00 1.340515e-01 1.000000e-01 1.597512e+00 -0.253561 -0.082674 -0.154130 0.026982 0.508959 -0.045578 0.253561 -0.032543 -0.065098 -0.065158 0.000000 
1.300425e-01 1.000000e-01 1.201516e+00 1.340515e-01 1.000000e-01 1.597512e+00 -0.259992 -0.081879 -0.152521 0.028637 0.510667 -0.044914 0.259991 -0.033368 -0.066749 -0.066811 0.000000 
1.300425e-01 1.000000e-01 1.191724e+00 1.340515e-01 1.000000e-01 1.597512e+00 -0.266462 -0.081075 -0.150896 0.030302 0.512378 -0.044249 0.266461 -0.034199 -0.068410 -0.068473 0.000000 
1.300425e-01 1.000000e-01 1.181873e+00 1.340515e-01 1.000000e-01 1.597512e+00 -0.272970 -0.080262 -0.149256 0.031976 0.514094 -0.043584 0.272969 -0.035034 -0.070081 -0.070146 0.000000 
1.300425e-01 1.000000e-01 1.171963e+00 1.340515e-01 1.000000e-01 1.597512e+00 -0.279517 -0.079441 -0.147602 0.033660 0.515815 -0.042917 0.279516 -0.035874 -0.071762 -0.071828 0.000000 
1.300425e-01 1.000000e-01 1.161996e+00 1.340515e-01 1.000000e-01 1.597512e+00 -0.286102 -0.078612 -0.145934 0.035354 0.517541 -0.042248 0.286101 -0.036719 -0.073452 -0.073520 0.000000 
1.300425e-01 1.000000e-01 1.151972e+00 1.340515e-01 1.000000e-01 1.597512e+00 -0.292725 -0.077777 -0.144254 0.037057 0.519274 -0.041578 0.292724 -0.037569 -0.075153 -0.075222 0.000000 
1.300425e-01 1.000000e-01 1.141891e+00 1.340515e-01 1.000000e-01 1.597512e+00 -0.299385 -0.076934 -0.142560 0.038770 0.521013 -0.040905 0.299384 -0.038424 -0.076862 -0.076934 0.000000 
1.300425e-01 1.000000e-01 1.131754e+00 1.340515e-01 1.000000e-01 1.597512e+00 -0.306082 -0.076085 -0.140855 0.040492 0.522759 -0.040230 0.306082 -0.039284 -0.078582 -0.078655 0.000000 
1.300425e-01 1.000000e-01 1.121562e+00 1.340515e-01 1.000000e-01 1.597512e+00 -0.312816 -0.075229 -0.139139 0.042223 0.524512 -0.039552 0.312816 -0.040148 -0.080311 -0.080385 0.000000 
1.300425e-01 1.000000e-01 1.111314e+00 1.340515e-01 1.000000e-01 1.597512e+00 -0.319587 -0.074368 -0.137411 0.043963 0.526273 -0.038872 0.319586 -0.041017 -0.082049 -0.082125 0.000000 
1.300425e-01 1.000000e-01 1.101011e+00 1.340515e-01 1.000000e-01 1.597512e+00 -0.326394 -0.073501 -0.135672 0.045713 0.528042 -0.038190 0.326393 -0.041890 -0.083797 -0.083874 0.000000 
1.300425e-01 1.000000e-01 1.090654e+00 1.340515e-01 1.000000e-01 1.597512e+00 -0.333236 -0.072628 -0.133923 0.047472 0.529818 -0.037504 0.333236 -0.042769 -0.085553 -0.085633 0.000000 
1.300426e-01 1.000000e-01 1.080243e+00 1.340515e-01 1.000000e-01 1.597512e+00 -0.340114 -0.071750 -0.132164 0.049240 0.531602 -0.036816 0.340114 -0.043651 -0.087319 -0.087400 0.000000 
1.300426e-01 1.000000e-01 1.069779e+00 1.340515e-01 1.000000e-01 1.597512e+00 -0.347028 -0.070867 -0.130394 0.051017 0.533394 -0.036124 0.347027 -0.044539 -0.089094 -0.089177 0.000000 
1.300426e-01 1.000000e-01 1.059262e+00 1.340515e-01 1.000000e-01 1.597512e+00 -0.353976 -0.069978 -0.128615 0.052802 0.535195 -0.035430 0.353975 -0.045430 -0.090878 -0.090962 0.000000 
1.300426e-01 1.000000e-01 1.048693e+00 1.340515e-01 1.000000e-01 1.597512e+00 -0.360959 -0.069085 -0.126826 0.054597 0.537003 -0.034732 0.360958 -0.046327 -0.092671 -0.092757 0.000000 
1.300426e-01 1.000000e-01 1.038072e+00 1.340515e-01 1.000000e-01 1.597512e+00 -0.367976 -0.068187 -0.125028 0.056400 0.538820 -0.034032 0.367975 -0.047227 -0.094472 -0.094560 0.000000 
1.300426e-01 1.000000e-01 1.027400e+00 1.340515e-01 1.000000e-01 1.597512e+00 -0.375027 -0.067284 -0.123221 0.058213 0.540645 -0.033328 0.375027 -0.048132 -0.096282 -0.096372 0.000000 
1.300426e-01 1.000000e-01 1.016676e+00 1.340515e-01 1.000000e-01 1.597512e+00 -0.382112 -0.066376 -0.121404 0.060033 0.542478 -0.032621 0.382111 -0.049042 -0.098101 -0.098192 0.000000 
1.300426e-01 1.000000e-01 1.005902e+00 1.340515e-01 1.000000e-01 1.597512e+00 -0.389230 -0.065464 -0.119579 0.061863 0.544319 -0.031911 0.389230 -0.049955 -0.099929 -0.100021 0.000000 
1.300426e-01 1.000000e-01 9.950777e-01 1.340515e-01 1.000000e-01 1.597512e+00 -0.396381 -0.064547 -0.117744 0.063700 0.546169 -0.031198 0.396381 -0.050873 -0.101765 -0.101859 0.000000 
1.300426e-01 1.000000e-01 9.842039e-01 1.340515e-01 1.000000e-01 1.597512e+00 -0.403565 -0.063626 -0.115901 0.065547 0.548027 -0.030482 0.403565 -0.051795 -0.103609 -0.103705 0.000000 
1.300426e-01 1.000000e-01 9.732809e-01 1.340515e-01 1.000000e-01 1.597512e+00 -0.410782 -0.062701 -0.114050 0.067401 0.549893 -0.029763 0.410781 -0.052721 -0.105462 -0.105560 0.000000 
1.300426e-01 1.000000e-01 9.623092e-01 1.340515e-01 1.000000e-01 1.597512e+00 -0.418031 -0.061772 -0.112190 0.069264 0.551767 -0.029040 0.418030 -0.053651 -0.107323 -0.107422 0.000000 
1.300426e-01 1.000000e-01 9.512891e-01 1.340515e-01 1.000000e-01 1.597512e+00 -0.425312 -0.060838 -0.110321 0.071135 0.553649 -0.028315 0.425311 -0.054586 -0.109192 -0.109293 0.000000 
1.300426e-01 1.000000e-01 9.402210e-01 1.340515e-01 1.000000e-01 1.597512e+00 -0.432624 -0.059900 -0.108445 0.073014 0.555539 -0.027586 0.432623 -0.055524 -0.111070 -0.111173 0.000000 
1.300426e-01 1.000000e-01 9.291055e-01 1.340515e-01 1.000000e-01 1.597512e+00 -0.439968 -0.058958 -0.106560 0.074901 0.557437 -0.026855 0.439967 -0.056467 -0.112955 -0.113060 0.000000 
1.300426e-01 1.000000e-01 9.179429e-01 1.340515e-01 1.000000e-01 1.597512e+00 -0.447343 -0.058012 -0.104667 0.076796 0.559343 -0.026120 0.447342 -0.057413 -0.114848 -0.114955 0.000000 
1.300426e-01 1.000000e-01 9.067337e-01 1.340515e-01 1.000000e-01 1.597512e+00 -0.454748 -0.057061 -0.102766 0.078700 0.561257 -0.025383 0.454748 -0.058364 -0.116750 -0.116858 0.000000 
1.300426e-01 1.000000e-01 8.954783e-01 1.340515e-01 1.000000e-01 1.597512e+00 -0.462185 -0.056107 -0.100858 0.080610 0.563179 -0.024642 0.462184 -0.059318 -0.118659 -0.118769 0.000000 
1.300426e-01 1.000000e-01 8.841770e-01 1.340515e-01 1.000000e-01 1.597512e+00 -0.469651 -0.055149 -0.098941 0.082529 0.565109 -0.023898 0.469651 -0.060277 -0.120576 -0.120687 0.000000 
1.300426e-01 1.000000e-01 8.728302e-01 1.340515e-01 1.000000e-01 1.597512e+00 -0.477148 -0.054187 -0.097017 0.084456 0.567046 -0.023152 0.477147 -0.061239 -0.122500 -0.122614 0.000000 
1.300426e-01 1.000000e-01 8.614385e-01 1.340515e-01 1.000000e-01 1.597512e+00 -0.484674 -0.053221 -0.095084 0.086390 0.568991 -0.022402 0.484673 -0.062205 -0.124433 -0.124548 0.000000 
1.300426e-01 1.000000e-01 8.500021e-01 1.340515e-01 1.000000e-01 1.597512e+00 -0.492230 -0.052252 -0.093145 0.088331 0.570943 -0.021650 0.492229 -0.063174 -0.126372 -0.126490 0.000000 
1.300426e-01 1.000000e-01 8.385215e-01 1.340515e-01 1.000000e-01 1.597512e+00 -0.499815 -0.051279 -0.091198 0.090280 0.572903 -0.020894 0.499814 -0.064148 -0.128320 -0.128439 0.000000 
1.300426e-01 1.000000e-01 8.269970e-01 1.340515e-01 1.000000e-01 1.597512e+00 -0.507429 -0.050301 -0.089243 0.092237 0.574871 -0.020136 0.507428 -0.065125 -0.130274 -0.130395 0.000000 
1.300426e-01 1.000000e-01 8.154291e-01 1.340515e-01 1.000000e-01 1.597512e+00 -0.515071 -0.049321 -0.087281 0.094201 0.576845 -0.019375 0.515071 -0.066106 -0.132237 -0.132359 0.000000 
1.300426e-01 1.000000e-01 8.038181e-01 1.340515e-01 1.000000e-01 1.597512e+00 -0.522743 -0.048336 -0.085312 0.096172 0.578828 -0.018611 0.522742 -0.067090 -0.134206 -0.134330 0.000000 
1.300426e-01 1.000000e-01 7.921643e-01 1.340515e-01 1.000000e-01 1.597512e+00 -0.530442 -0.047348 -0.083335 0.098151 0.580817 -0.017845 0.530441 -0.068079 -0.136183 -0.136309 0.000000 
1.300426e-01 9.999999e-02 7.804683e-01 1.340515e-01 1.000000e-01 1.597512e+00 -0.538169 -0.046356 -0.081351 0.100136 0.582814 -0.017075 0.538169 -0.069070 -0.138167 -0.138295 0.000000 
1.300426e-01 9.999999e-02 7.687302e-01 1.340515e-01 1.000000e-01 1.597512e+00 -0.545924 -0.045361 -0.079360 0.102129 0.584818 -0.016303 0.545924 -0.070066 -0.140158 -0.140288 0.000000 
1.300426e-01 9.999999e-02 7.569506e-01 1.340515e-01 1.000000e-01 1.597512e+00 -0.553707 -0.044362 -0.077362 0.104129 0.586828 -0.015528 0.553706 -0.071064 -0.142156 -0.142287 0.000000 
1.300426e-01 9.999999e-02 7.451297e-01 1.340515e-01 1.000000e-01 1.597512e+00 -0.561517 -0.043360 -0.075357 0.106136 0.588846 -0.014750 0.561516 -0.072067 -0.144161 -0.144294 0.000000 
1.300426e-01 9.999999e-02 7.332679e-01 1.340515e-01 1.000000e-01 1.597512e+00 -0.569354 -0.042354 -0.073345 0.108150 0.590871 -0.013970 0.569353 -0.073073 -0.146173 -0.146308 0.000000 
1.300426e-01 9.999999e-02 7.213656e-01 1.340515e-01 1.000000e-01 1.597512e+00 -0.577217 -0.041345 -0.071326 0.110171 0.592903 -0.013187 0.577217 -0.074082 -0.148192 -0.148329 0.000000 
1.300426e-01 9.999999e-02 7.094231e-01 1.340515e-01 1.000000e-01 1.597512e+00 -0.585107 -0.040332 -0.069301 0.112198 0.594942 -0.012401 0.585107 -0.075094 -0.150217 -0.150356 0.000000 
1.300426e-01 9.999998e-02 6.974408e-01 1.340515e-01 1.000000e-01 1.597512e+00 -0.593024 -0.039316 -0.067268 0.114233 0.596987 -0.011613 0.593023 -0.076111 -0.152250 -0.152391 0.000000 
1.300426e-01 9.999998e-02 6.854189e-01 1.340515e-01 1.000000e-01 1.597512e+00 -0.600966 -0.038297 -0.065229 0.116274 0.599039 -0.010822 0.600966 -0.077130 -0.154289 -0.154432 0.000000 
1.300426e-01 9.999997e-02 6.733579e-01 1.340515e-01 1.000000e-01 1.597512e+00 -0.608935 -0.037274 -0.063183 0.118321 0.601098 -0.010029 0.608934 -0.078153 -0.156335 -0.156479 0.000000 
1.300426e-01 9.999997e-02 6.612581e-01 1.340515e-01 1.000000e-01 1.597512e+00 -0.616929 -0.036248 -0.061131 0.120376 0.603164 -0.009233 0.616928 -0.079179 -0.158387 -0.158534 0.000000 
1.300426e-01 9.999996e-02 6.491198e-01 1.340515e-01 1.000000e-01 1.597512e+00 -0.624948 -0.035219 -0.059072 0.122436 0.605236 -0.008434 0.624948 -0.080208 -0.160446 -0.160594 0.000000 
1.300426e-01 9.999996e-02 6.369433e-01 1.340515e-01 1.000000e-01 1.597512e+00 -0.632993 -0.034187 -0.057007 0.124504 0.607315 -0.007633 0.632993 -0.081240 -0.162511 -0.162662 0.000000 
1.300426e-01 9.999995e-02 6.247290e-01 1.340515e-01 1.000000e-01 1.597512e+00 -0.641063 -0.033151 -0.054935 0.126577 0.609400 -0.006830 0.641062 -0.082276 -0.164583 -0.164735 0.000000 
1.300426e-01 9.999994e-02 6.124772e-01 1.340515e-01 1.000000e-01 1.597512e+00 -0.649157 -0.032112 -0.052857 0.128657 0.611491 -0.006024 0.649157 -0.083315 -0.166661 -0.166816 0.000000 
1.300426e-01 9.999992e-02 6.001881e-01 1.340515e-01 1.000000e-01 1.597512e+00 -0.657277 -0.031070 -0.050773 0.130744 0.613589 -0.005215 0.657276 -0.084357 -0.168745 -0.168902 0.000000 
1.300426e-01 9.999991e-02 5.878622e-01 1.340515e-01 1.000000e-01 1.597512e+00 -0.665420 -0.030025 -0.048682 0.132836 0.615693 -0.004405 0.665419 -0.085402 -0.170836 -0.170995 0.000000 
1.300426e-01 9.999989e-02 5.754997e-01 1.340515e-01 1.000000e-01 1.597512e+00 -0.673588 -0.028977 -0.046585 0.134935 0.617803 -0.003591 0.673587 -0.086450 -0.172933 -0.173093 0.000000 
1.300426e-01 9.999986e-02 5.631009e-01 1.340515e-01 1.000000e-01 1.597512e+00 -0.681779 -0.027925 -0.044482 0.137040 0.619920 -0.002776 0.681779 -0.087502 -0.175036 -0.175199 0.000000 
1.300426e-01 9.999984e-02 5.506661e-01 1.340515e-01 1.000000e-01 1.597512e+00 -0.689995 -0.026871 -0.042373 0.139151 0.622043 -0.001958 0.689994 -0.088556 -0.177145 -0.177310 0.000000 
1.300426e-01 9.999980e-02 5.381957e-01 1.340515e-01 1.000000e-01 1.597512e+00 -0.698234 -0.025813 -0.040257 0.141269 0.624172 -0.001137 0.698233 -0.089613 -0.179261 -0.179427 0.000000 
1.300426e-01 9.999976e-02 5.256899e-01 1.340515e-01 1.000000e-01 1.597512e+00 -0.706496 -0.024753 -0.038136 0.143392 0.626306 -0.000315 0.706495 -0.090674 -0.181382 -0.181550 0.000000 
1.300426e-01 9.999971e-02 5.131490e-01 1.340515e-01 1.000000e-01 1.597512e+00 -0.714781 -0.023690 -0.036009 0.145521 0.628447 0.000510 0.714781 -0.091737 -0.183509 -0.183680 0.000000 
1.300426e-01 9.999965e-02 5.005733e-01 1.340515e-01 1.000000e-01 1.597512e+00 -0.723090 -0.022623 -0.033876 0.147656 0.630594 0.001338 0.723089 -0.092803 -0.185642 -0.185815 0.000000 
1.300426e-01 9.999957e-02 4.879631e-01 1.340515e-01 1.000000e-01 1.597512e+00 -0.731421 -0.021554 -0.031737 0.149797 0.632747 0.002167 0.731421 -0.093872 -0.187781 -0.187956 0.000000 
1.300426e-01 9.999948e-02 4.753187e-01 1.340515e-01 1.000000e-01 1.597512e+00 -0.739775 -0.020482 -0.029592 0.151944 0.634905 0.002999 0.739775 -0.094944 -0.189926 -0.190104 0.000000 
1.300426e-01 9.999937e-02 4.626403e-01 1.340515e-01 1.000000e-01 1.597512e+00 -0.748151 -0.019407 -0.027442 0.154096 0.637069 0.003833 0.748151 -0.096018 -0.192076 -0.192257 0.000000 
1.300426e-01 9.999923e-02 4.499283e-01 1.340515e-01 1.000000e-01 1.597512e+00 -0.756550 -0.018329 -0.025286 0.156254 0.639239 0.004669 0.756550 -0.097095 -0.194233 -0.194417 0.000000 
1.300426e-01 9.999907e-02 4.371829e-01 1.340515e-01 1.000000e-01 1.597512e+00 -0.764971 -0.017248 -0.023124 0.158418 0.641415 0.005508 0.764970 -0.098175 -0.196394 -0.196583 0.000000 
1.300426e-01 9.999886e-02 4.244043e-01 1.340515e-01 1.000000e-01 1.597512e+00 -0.773413 -0.016165 -0.020956 0.160588 0.643596 0.006349 0.773413 -0.099257 -0.198562 -0.198756 0.000000 
1.300426e-01 9.999862e-02 4.115929e-01 1.340515e-01 1.000000e-01 1.597512e+00 -0.781877 -0.015078 -0.018783 0.162763 0.645783 0.007191 0.781877 -0.100340 -0.200735 -0.200937 0.000000 
1.300426e-01 9.999832e-02 3.987490e-01 1.340515e-01 1.000000e-01 1.597512e+00 -0.790363 -0.013989 -0.016605 0.164943 0.647976 0.008036 0.790363 -0.101425 -0.202914 -0.203125 0.000000 
1.300426e-01 9.999795e-02 3.858726e-01 1.340515e-01 1.000000e-01 1.597512e+00 -0.798870 -0.012897 -0.014421 0.167129 0.650174 0.008883 0.798870 -0.102511 -0.205099 -0.205324 0.000000 
1.300426e-01 9.999750e-02 3.729643e-01 1.340515e-01 1.000000e-01 1.597512e+00 -0.807398 -0.011803 -0.012231 0.169321 0.652378 0.009733 0.807398 -0.103596 -0.207289 -0.207534 0.000000 
1.300426e-01 9.999695e-02 3.600241e-01 1.340515e-01 1.000000e-01 1.597512e+00 -0.815948 -0.010706 -0.010036 0.171518 0.654587 0.010584 0.815947 -0.104679 -0.209485 -0.209759 0.000000 
1.300426e-01 9.999628e-02 3.470523e-01 1.340515e-01 1.000000e-01 1.597512e+00 -0.824518 -0.009606 -0.007836 0.173720 0.656801 0.011437 0.824518 -0.105758 -0.211687 -0.212005 0.000000 
1.300426e-01 9.999546e-02 3.340493e-01 1.340515e-01 1.000000e-01 1.597512e+00 -0.833109 -0.008503 -0.005630 0.175928 0.659021 0.012293 0.833108 -0.106827 -0.213895 -0.214278 0.000000 
1.300426e-01 9.999445e-02 3.210151e-01 1.340515e-01 1.000000e-01 1.597512e+00 -0.841720 -0.007398 -0.003419 0.178141 0.661246 0.013150 0.841720 -0.107883 -0.216110 -0.216590 0.000000 
1.300426e-01 9.999321e-02 3.079502e-01 1.340515e-01 1.000000e-01 1.597512e+00 -0.850352 -0.006290 -0.001203 0.180359 0.663476 0.014009 0.850352 -0.108914 -0.218333 -0.218961 0.000000 
1.300426e-01 9.999170e-02 2.948546e-01 1.340515e-01 1.000000e-01 1.597512e+00 -0.859004 -0.005180 0.001018 0.182582 0.665712 0.014871 0.859004 -0.109909 -0.220563 -0.221416 0.000000 
1.300426e-01 9.998985e-02 2.817287e-01 1.340515e-01 1.000000e-01 1.597512e+00 -0.867676 -0.004067 0.003244 0.184811 0.667952 0.015735 0.867676 -0.110843 -0.222803 -0.224002 0.000000 
1.300426e-01 9.998759e-02 2.685727e-01 1.340515e-01 1.000000e-01 1.597512e+00 -0.876368 -0.002951 0.005476 0.187044 0.670198 0.016600 0.876368 -0.111688 -0.225055 -0.226781 0.000000 
1.300426e-01 9.998482e-02 2.553868e-01 1.340515e-01 1.000000e-01 1.597512e+00 -0.885080 -0.001833 0.007713 0.189283 0.672449 0.017467 0.885080 -0.112394 -0.227320 -0.229853 0.000000 
1.300426e-01 9.998145e-02 2.421711e-01 1.340515e-01 1.000000e-01 1.597512e+00 -0.893812 -0.000712 0.009954 0.191527 0.674705 0.018337 0.893812 -0.112879 -0.229601 -0.233390 0.000000 
1.300426e-01 9.997736e-02 2.289259e-01 1.340515e-01 1.000000e-01 1.597512e+00 -0.902564 0.000411 0.012201 0.193776 0.676967 0.019208 0.902564 -0.113039 -0.231897 -0.237619 0.000000 
1.300426e-01 9.997243e-02 2.156514e-01 1.340515e-01 1.000000e-01 1.597512e+00 -0.911335 0.001537 0.014453 0.196030 0.679233 0.020082 0.911335 -0.112700 -0.234200 -0.242937 0.000000 
1.300426e-01 9.996653e-02 2.023476e-01 1.340515e-01 1.000000e-01 1.597512e+00 -0.920126 0.002665 0.016710 0.198289 0.681504 0.020957 0.920126 -0.111591 -0.236475 -0.249999 0.000000 
1.300426e-01 9.995959e-02 1.890148e-01 1.340515e-01 1.000000e-01 1.597512e+00 -0.928938 0.003796 0.018972 0.200553 0.683781 0.021834 0.928938 -0.109369 -0.238626 -0.259744 0.000000 
1.300426e-01 9.995164e-02 1.756528e-01 1.340515e-01 1.000000e-01 1.597512e+00 -0.937770 0.004930 0.021240 0.202823 0.686063 0.022714 0.937770 -0.105489 -0.240393 -0.273880 0.000000 
1.300426e-01 9.994303e-02 1.622615e-01 1.340515e-01 1.000000e-01 1.597512e+00 -0.946624 0.006066 0.023513 0.205098 0.688351 0.023596 0.946624 -0.099199 -0.241083 -0.295437 0.000000 
1.300426e-01 9.993520e-02 1.488395e-01 1.340515e-01 1.000000e-01 1.597512e+00 -0.955504 0.007206 0.025793 0.207380 0.690645 0.024480 0.955504 -0.089685 -0.239067 -0.329417 0.000000 
1.300426e-01 9.993432e-02 1.353799e-01 1.340515e-01 1.000000e-01 1.597512e+00 -0.964432 0.008351 0.028085 0.209674 0.692952 0.025369 0.964432 -0.075947 -0.230275 -0.385852 0.000000 
1.300426e-01 9.996749e-02 1.218496e-01 1.340515e-01 1.000000e-01 1.597512e+00 -0.973516 0.009517 0.030417 0.212009 0.695299 0.026273 0.973516 -0.056889 -0.203748 -0.487329 0.000000 
1.300426e-01 1.001219e-01 1.081055e-01 1.340515e-01 1.000000e-01 1.597512e+00 -0.983248 0.010766 0.032916 0.214510 0.697814 0.027242 0.983248 -0.031210 -0.134199 -0.679991 0.000000 
1.300426e-01 1.003103e-01 9.749947e-02 1.340515e-01 1.000000e-01 1.597512e+00 -0.991747 0.011857 0.035098 0.216694 0.700010 0.028088 0.991747 -0.005785 -0.028704 -0.929279 0.000000 
1.300426e-01 1.003103e-01 9.749947e-02 1.340515e-01 1.000000e-01 1.597512e+00 -0.991747 0.011857 0.035098 0.216694 0.700010 0.028088 0.991747 -0.005785 -0.028704 -0.929279 0.000000 
1.300426e-01 1.003103e-01 9.749947e-02 1.340515e-01 1.000000e-01 1.597512e+00 -0.991747 0.011857 0.035098 0.216694 0.700010 0.028088 0.991747 -0.005785 -0.028704 -0.929279 0.000000 
1.300426e-01 1.003103e-01 9.749947e-02 1.340515e-01 1.000000e-01 1.597512e+00 -0.991747 0.011857 0.035098 0.216694 0.700010 0.028088 0.991747 -0.005785 -0.028704 -0.929279 0.000000 
1.300426e-01 1.003103e-01 9.749947e-02 1.340515e-01 1.000000e-01 1.597512e+00 -0.991747 0.011857 0.035098 0.216694 0.700010 0.028088 0.991747 -0.005785 -0.028704 -0.929279 0.000000 
1.300426e-01 1.003103e-01 9.749947e-02 1.340515e-01 1.000000e-01 1.597512e+00 -0.991747 0.011857 0.035098 0.216694 0.700010 0.028088 0.991747 -0.005785 -0.028704 -0.929279 0.000000 
1.300426e-01 1.003103e-01 9.749947e-02 1.340515e-01 1.000000e-01 1.597512e+00 -0.991747 0.011857 0.035098 0.216694 0.700010 0.028088 0.991747 -0.005785 -0.028704 -0.929279 0.000000 
1.300426e-01 1.003103e-01 9.749947e-02 1.340515e-01 1.000000e-01 1.597512e+00 -0.991747 0.011857 0.035098 0.216694 0.700010 0.028088 0.991747 -0.005785 -0.028704 -0.929279 0.000000 
1.300426e-01 1.003103e-01 9.749947e-02 1.340515e-01 1.000000e-01 1.597512e+00 -0.991747 0.011857 0.035098 0.216694 0.700010 0.028088 0.991747 -0.005785 -0.028704 -0.929279 0.000000 
1.300426e-01 1.003103e-01 9.749947e-02 1.340515e-01 1.000000e-01 1.597512e+00 -0.991747 0.011857 0.035098 0.216694 0.700010 0.028088 0.991747 -0.005785 -0.028704 -0.929279 0.000000 
1.300426e-01 1.003103e-01 9.749947e-02 1.340515e-01 1.000000e-01 1.597512e+00 -0.991747 0.011857 0.035098 0.216694 0.700010 0.028088 0.991747 -0.005785 -0.028704 -0.929279 0.000000 
1.300426e-01 1.003103e-01 9.749947e-02 1.340515e-01 1.000000e-01 1.597512e+00 -0.991747 0.011857 0.035098 0.216694 0.700010 0.028088 0.991747 -0.005785 -0.028704 -0.929279 0.000000 
1.300426e-01 1.003103e-01 9.749947e-02 1.340515e-01 1.000000e-01 1.597512e+00 -0.991747 0.011857 0.035098 0.216694 0.700010 0.028088 0.991747 -0.005785 -0.028704 -0.929279 0.000000 
1.300426e-01 1.003103e-01 9.749947e-02 1.340515e-01 1.000000e-01 1.597512e+00 -0.991747 0.011857 0.035098 0.216694 0.700010 0.028088 0.991747 -0.005785 -0.028704 -0.929279 0.000000 
1.300426e-01 1.003103e-01 9.749947e-02 1.340515e-01 1.000000e-01 1.597512e+00 -0.991747 0.011857 0.035098 0.216694 0.700010 0.028088 0.991747 -0.005785 -0.028704 -0.929279 0.000000 
1.300426e-01 1.003103e-01 9.749947e-02 1.340515e-01 1.000000e-01 1.597512e+00 -0.991747 0.011857 0.035098 0.216694 0.700010 0.028088 0.991747 -0.005785 -0.028704 -0.929279 0.000000 
1.300426e-01 1.003103e-01 9.749947e-02 1.340515e-01 1.000000e-01 1.597512e+00 -0.991747 0.011857 0.035098 0.216694 0.700010 0.028088 0.991747 -0.005785 -0.028704 -0.929279 0.000000 
1.300426e-01 1.003103e-01 9.749947e-02 1.340515e-01 1.000000e-01 1.597512e+00 -0.991747 0.011857 0.035098 0.216694 0.700010 0.028088 0.991747 -0.005785 -0.028704 -0.929279 0.000000 
1.300426e-01 1.003103e-01 9.749947e-02 1.340515e-01 1.000000e-01 1.597512e+00 -0.991747 0.011857 0.035098 0.216694 0.700010 0.028088 0.991747 -0.005785 -0.028704 -0.929279 0.000000 
1.300426e-01 1.003103e-01 9.749947e-02 1.340515e-01 1.000000e-01 1.597512e+00 -0.991747 0.011857 0.035098 0.216694 0.700010 0.028088 0.991747 -0.005785 -0.028704 -0.929279 0.000000 
1.300426e-01 1.003103e-01 9.749947e-02 1.340515e-01 1.000000e-01 1.597512e+00 -0.991747 0.011857 0.035098 0.216694 0.700010 0.028088 0.991747 -0.005785 -0.028704 -0.929279 0.000000 
1.300426e-01 1.003103e-01 9.749947e-02 1.340515e-01 1.000000e-01 1.597512e+00 -0.991747 0.011857 0.035098 0.216694 0.700010 0.028088 0.991747 -0.005785 -0.028704 -0.929279 0.000000 
1.300426e-01 1.003103e-01 9.749947e-02 1.340515e-01 1.000000e-01 1.597512e+00 -0.991747 0.011857 0.035098 0.216694 0.700010 0.028088 0.991747 -0.005785 -0.028704 -0.929279 0.000000 
1.300426e-01 1.003103e-01 9.749947e-02 1.340515e-01 1.000000e-01 1.597512e+00 -0.991747 0.011857 0.035098 0.216694 0.700010 0.028088 0.991747 -0.005785 -0.028704 -0.929279 0.000000 
1.300426e-01 1.003103e-01 9.749947e-02 1.340515e-01 1.000000e-01 1.597512e+00 -0.991747 0.011857 0.035098 0.216694 0.700010 0.028088 0.991747 -0.005785 -0.028704 -0.929279 0.000000 
1.300426e-01 1.003103e-01 9.749947e-02 1.340515e-01 1.000000e-01 1.597512e+00 -0.991747 0.011857 0.035098 0.216694 0.700010 0.028088 0.991747 -0.005785 -0.028704 -0.929279 0.000000 
1.300426e-01 1.003103e-01 9.749947e-02 1.340515e-01 1.000000e-01 1.597512e+00 -0.991747 0.011857 0.035098 0.216694 0.700010 0.028088 0.991747 -0.005785 -0.028704 -0.929279 0.000000 
1.300426e-01 1.003103e-01 9.749947e-02 1.340515e-01 1.000000e-01 1.597512e+00 -0.991747 0.011857 0.035098 0.216694 0.700010 0.028088 0.991747 -0.005785 -0.028704 -0.929279 0.000000 
1.300426e-01 1.003103e-01 9.749947e-02 1.340515e-01 1.000000e-01 1.597512e+00 -0.991747 0.011857 0.035098 0.216694 0.700010 0.028088 0.991747 -0.005785 -0.028704 -0.929279 0.000000 
1.300426e-01 1.003103e-01 9.749947e-02 1.340515e-01 1.000000e-01 1.597512e+00 -0.991747 0.011857 0.035098 0.216694 0.700010 0.028088 0.991747 -0.005785 -0.028704 -0.929279 0.000000 
1.300426e-01 1.003103e-01 9.749947e-02 1.340515e-01 1.000000e-01 1.597512e+00 -0.991747 0.011857 0.035098 0.216694 0.700010 0.028088 0.991747 -0.005785 -0.028704 -0.929279 0.000000 
1.300426e-01 1.003103e-01 9.749947e-02 1.340515e-01 1.000000e-01 1.597512e+00 -0.991747 0.011857 0.035098 0.216694 0.700010 0.028088 0.991747 -0.005785 -0.028704 -0.929279 0.000000 
1.300426e-01 1.003103e-01 9.749947e-02 1.340515e-01 1.000000e-01 1.597512e+00 -0.991747 0.011857 0.035098 0.216694 0.700010 0.028088 0.991747 -0.005785 -0.028704 -0.929279 0.000000 
1.300426e-01 1.003103e-01 9.749947e-02 1.340515e-01 1.000000e-01 1.597512e+00 -0.991747 0.011857 0.035098 0.216694 0.700010 0.028088 0.991747 -0.005785 -0.028704 -0.929279 0.000000 
1.300426e-01 1.003103e-01 9.749947e-02 1.340515e-01 1.000000e-01 1.597512e+00 -0.991747 0.011857 0.035098 0.216694 0.700010 0.028088 0.991747 -0.005785 -0.028704 -0.929279 0.000000 
1.300426e-01 1.003103e-01 9.749947e-02 1.340515e-01 1.000000e-01 1.597512e+00 -0.991747 0.011857 0.035098 0.216694 0.700010 0.028088 0.991747 -0.005785 -0.028704 -0.929279 0.000000 
1.300426e-01 1.003103e-01 9.749947e-02 1.340515e-01 1.000000e-01 1.597512e+00 -0.991747 0.011857 0.035098 0.216694 0.700010 0.028088 0.991747 -0.005785 -0.028704 -0.929279 0.000000 
1.300426e-01 1.003103e-01 9.749947e-02 1.340515e-01 1.000000e-01 1.597512e+00 -0.991747 0.011857 0.035098 0.216694 0.700010 0.028088 0.991747 -0.005785 -0.028704 -0.929279 0.000000 
1.300426e-01 1.003103e-01 9.749947e-02 1.340515e-01 1.000000e-01 1.597512e+00 -0.991747 0.011857 0.035098 0.216694 0.700010 0.028088 0.991747 -0.005785 -0.028704 -0.929279 0.000000 
1.300426e-01 1.003103e-01 9.749947e-02 1.340515e-01 1.000000e-01 1.597512e+00 -0.991747 0.011857 0.035098 0.216694 0.700010 0.028088 0.991747 -0.005785 -0.028704 -0.929279 0.000000 
1.300426e-01 1.003103e-01 9.749947e-02 1.340515e-01 1.000000e-01 1.597512e+00 -0.991747 0.011857 0.035098 0.216694 0.700010 0.028088 0.991747 -0.005785 -0.028704 -0.929279 0.000000 
1.300426e-01 1.003103e-01 9.749947e-02 1.340515e-01 1.000000e-01 1.597512e+00 -0.991747 0.011857 0.035098 0.216694 0.700010 0.028088 0.991747 -0.005785 -0.028704 -0.929279 0.000000 
1.300426e-01 1.003103e-01 9.749947e-02 1.340515e-01 1.000000e-01 1.597512e+00 -0.991747 0.011857 0.035098 0.216694 0.700010 0.028088 0.991747 -0.005785 -0.028704 -0.929279 0.000000 
1.300426e-01 1.003103e-01 9.749947e-02 1.340515e-01 1.000000e-01 1.597512e+00 -0.991747 0.011857 0.035098 0.216694 0.700010 0.028088 0.991747 -0.005785 -0.028704 -0.929279 0.000000 
1.300426e-01 1.003103e-01 9.749947e-02 1.340515e-01 1.000000e-01 1.597512e+00 -0.991747 0.011857 0.035098 0.216694 0.700010 0.028088 0.991747 -0.005785 -0.028704 -0.929279 0.000000 
1.300426e-01 1.003103e-01 9.749947e-02 1.340515e-01 1.000000e-01 1.597512e+00 -0.991747 0.011857 0.035098 0.216694 0.700010 0.028088 0.991747 -0.005785 -0.028704 -0.929279 0.000000 
1.300426e-01 1.003103e-01 9.749947e-02 1.340515e-01 1.000000e-01 1.597512e+00 -0.991747 0.011857 0.035098 0.216694 0.700010 0.028088 0.991747 -0.005785 -0.028704 -0.929279 0.000000 
1.300426e-01 1.003103e-01 9.749947e-02 1.340515e-01 1.000000e-01 1.597512e+00 -0.991747 0.011857 0.035098 0.216694 0.700010 0.028088 0.991747 -0.005785 -0.028704 -0.929279 0.000000 
1.300426e-01 1.003103e-01 9.749947e-02 1.340515e-01 1.000000e-01 1.597512e+00 -0.991747 0.011857 0.035098 0.216694 0.700010 0.028088 0.991747 -0.005785 -0.028704 -0.929279 0.000000 
1.300426e-01 1.003103e-01 9.749947e-02 1.340515e-01 1.000000e-01 1.597512e+00 -0.991747 0.011857 0.035098 0.216694 0.700010 0.028088 0.991747 -0.005785 -0.028704 -0.929279 0.000000 
1.300426e-01 1.003103e-01 9.749947e-02 1.340515e-01 1.000000e-01 1.597512e+00 -0.991747 0.011857 0.035098 0.216694 0.700010 0.028088 0.991747 -0.005785 -0.028704 -0.929279 0.000000 
1.300426e-01 1.003103e-01 9.749947e-02 1.340515e-01 1.000000e-01 1.597512e+00 -0.991747 0.011857 0.035098 0.216694 0.700010 0.028088 0.991747 -0.005785 -0.028704 -0.929279 0.000000 
1.300426e-01 1.003103e-01 9.749947e-02 1.340515e-01 1.000000e-01 1.597512e+00 -0.991747 0.011857 0.035098 0.216694 0.700010 0.028088 0.991747 -0.005785 -0.028704 -0.929279 0.000000 
1.300426e-01 1.003103e-01 9.749947e-02 1.340515e-01 1.000000e-01 1.597512e+00 -0.991747 0.011857 0.035098 0.216694 0.700010 0.028088 0.991747 -0.005785 -0.028704 -0.929279 0.000000 
1.300426e-01 1.003103e-01 9.749947e-02 1.340515e-01 1.000000e-01 1.597512e+00 -0.991747 0.011857 0.035098 0.216694 0.700010 0.028088 0.991747 -0.005785 -0.028704 -0.929279 0.000000 
1.300426e-01 1.003103e-01 9.749947e-02 1.340515e-01 1.000000e-01 1.597512e+00 -0.991747 0.011857 0.035098 0.216694 0.700010 0.028088 0.991747 -0.005785 -0.028704 -0.929279 0.000000 
1.300426e-01 1.003103e-01 9.749947e-02 1.340515e-01 1.000000e-01 1.597512e+00 -0.991747 0.011857 0.035098 0.216694 0.700010 0.028088 0.991747 -0.005785 -0.028704 -0.929279 0.000000 
1.300426e-01 1.003103e-01 9.749947e-02 1.340515e-01 1.000000e-01 1.597512e+00 -0.991747 0.011857 0.035098 0.216694 0.700010 0.028088 0.991747 -0.005785 -0.028704 -0.929279 0.000000 
1.300426e-01 1.003103e-01 9.749947e-02 1.340515e-01 1.000000e-01 1.597512e+00 -0.991747 0.011857 0.035098 0.216694 0.700010 0.028088 0.991747 -0.005785 -0.028704 -0.929279 0.000000 
1.300426e-01 1.003103e-01 9.749947e-02 1.340515e-01 1.000000e-01 1.597512e+00 -0.991747 0.011857 0.035098 0.216694 0.700010 0.028088 0.991747 -0.005785 -0.028704 -0.929279 0.000000 
1.300426e-01 1.003103e-01 9.749947e-02 1.340515e-01 1.000000e-01 1.597512e+00 -0.991747 0.011857 0.035098 0.216694 0.700010 0.028088 0.991747 -0.005785 -0.028704 -0.929279 0.000000 
1.300426e-01 1.003103e-01 9.749947e-02 1.340515e-01 1.000000e-01 1.597512e+00 -0.991747 0.011857 0.035098 0.216694 0.700010 0.028088 0.991747 -0.005785 -0.028704 -0.929279 0.000000 
1.300426e-01 1.003103e-01 9.749947e-02 1.340515e-01 1.000000e-01 1.597512e+00 -0.991747 0.011857 0.035098 0.216694 0.700010 0.028088 0.991747 -0.005785 -0.028704 -0.929279 0.000000 
1.300426e-01 1.003103e-01 9.749947e-02 1.340515e-01 1.000000e-01 1.597512e+00 -0.991747 0.011857 0.035098 0.216694 0.700010 0.028088 0.991747 -0.005785 -0.028704 -0.929279 0.000000 
1.300426e-01 1.003103e-01 9.749947e-02 1.340515e-01 1.000000e-01 1.597512e+00 -0.991747 0.011857 0.035098 0.216694 0.700010 0.028088 0.991747 -0.005785 -0.028704 -0.929279 0.000000 
1.300426e-01 1.003103e-01 9.749947e-02 1.340515e-01 1.000000e-01 1.597512e+00 -0.991747 0.011857 0.035098 0.216694 0.700010 0.028088 0.991747 -0.005785 -0.028704 -0.929279 0.000000 
1.300426e-01 1.003103e-01 9.749947e-02 1.340515e-01 1.000000e-01 1.597512e+00 -0.991747 0.011857 0.035098 0.216694 0.700010 0.028088 0.991747 -0.005785 -0.028704 -0.929279 0.000000 
1.300426e-01 1.003103e-01 9.749947e-02 1.340515e-01 1.000000e-01 1.597512e+00 -0.991747 0.011857 0.035098 0.216694 0.700010 0.028088 0.991747 -0.005785 -0.028704 -0.929279 0.000000 
1.300426e-01 1.003103e-01 9.749947e-02 1.340515e-01 1.000000e-01 1.597512e+00 -0.991747 0.011857 0.035098 0.216694 0.700010 0.028088 0.991747 -0.005785 -0.028704 -0.929279 0.000000 
1.300426e-01 1.003103e-01 9.749947e-02 1.340515e-01 1.000000e-01 1.597512e+00 -0.991747 0.011857 0.035098 0.216694 0.700010 0.028088 0.991747 -0.005785 -0.028704 -0.929279 0.000000 
1.300426e-01 1.003103e-01 9.749947e-02 1.340515e-01 1.000000e-01 1.597512e+00 -0.991747 0.011857 0.035098 0.216694 0.700010 0.028088 0.991747 -0.005785 -0.028704 -0.929279 0.000000 
1.300426e-01 1.003103e-01 9.749947e-02 1.340515e-01 1.000000e-01 1.597512e+00 -0.991747 0.011857 0.035098 0.216694 0.700010 0.028088 0.991747 -0.005785 -0.028704 -0.929279 0.000000 
1.300426e-01 1.003103e-01 9.749947e-02 1.340515e-01 1.000000e-01 1.597512e+00 -0.991747 0.011857 0.035098 0.216694 0.700010 0.028088 0.991747 -0.005785 -0.028704 -0.929279 0.000000 
1.300426e-01 1.003103e-01 9.749947e-02 1.340515e-01 1.000000e-01 1.597512e+00 -0.991747 0.011857 0.035098 0.216694 0.700010 0.028088 0.991747 -0.005785 -0.028704 -0.929279 0.000000 
1.300426e-01 1.003103e-01 9.749947e-02 1.340515e-01 1.000000e-01 1.597512e+00 -0.991747 0.011857 0.035098 0.216694 0.700010 0.028088 0.991747 -0.005785 -0.028704 -0.929279 0.000000 
1.300426e-01 1.003103e-01 9.749947e-02 1.340515e-01 1.000000e-01 1.597512e+00 -0.991747 0.011857 0.035098 0.216694 0.700010 0.028088 0.991747 -0.005785 -0.028704 -0.929279 0.000000 
1.300426e-01 1.003103e-01 9.749947e-02 1.340515e-01 1.000000e-01 1.597512e+00 -0.991747 0.011857 0.035098 0.216694 0.700010 0.028088 0.991747 -0.005785 -0.028704 -0.929279 0.000000 
1.300426e-01 1.003103e-01 9.749947e-02 1.340515e-01 1.000000e-01 1.597512e+00 -0.991747 0.011857 0.035098 0.216694 0.700010 0.028088 0.991747 -0.005785 -0.028704 -0.929279 0.000000 
1.300426e-01 1.003103e-01 9.749947e-02 1.340515e-01 1.000000e-01 1.597512e+00 -0.991747 0.011857 0.035098 0.216694 0.700010 0.028088 0.991747 -0.005785 -0.028704 -0.929279 0.000000 
1.300426e-01 1.003103e-01 9.749947e-02 1.340515e-01 1.000000e-01 1.597512e+00 -0.991747 0.011857 0.035098 0.216694 0.700010 0.028088 0.991747 -0.005785 -0.028704 -0.929279 0.000000 
1.300426e-01 1.003103e-01 9.749947e-02 1.340515e-01 1.000000e-01 1.597512e+00 -0.991747 0.011857 0.035098 0.216694 0.700010 0.028088 0.991747 -0.005785 -0.028704 -0.929279 0.000000 
1.300426e-01 1.003103e-01 9.749947e-02 1.340515e-01 1.000000e-01 1.597512e+00 -0.991747 0.011857 0.035098 0.216694 0.700010 0.028088 0.991747 -0.005785 -0.028704 -0.929279 0.000000 
1.300426e-01 1.003103e-01 9.749947e-02 1.340515e-01 1.000000e-01 1.597512e+00 -0.991747 0.011857 0.035098 0.216694 0.700010 0.028088 0.991747 -0.005785 -0.028704 -0.929279 0.000000 
1.300426e-01 1.003103e-01 9.749947e-02 1.340515e-01 1.000000e-01 1.597512e+00 -0.991747 0.011857 0.035098 0.216694 0.700010 0.028088 0.991747 -0.005785 -0.028704 -0.929279 0.000000 
1.300426e-01 1.003103e-01 9.749947e-02 1.340515e-01 1.000000e-01 1.597512e+00 -0.991747 0.011857 0.035098 0.216694 0.700010 0.028088 0.991747 -0.005785 -0.028704 -0.929279 0.000000 
1.300426e-01 1.003103e-01 9.749947e-02 1.340515e-01 1.000000e-01 1.597512e+00 -0.991747 0.011857 0.035098 0.216694 0.700010 0.028088 0.991747 -0.005785 -0.028704 -0.929279 0.000000 
1.300426e-01 1.003103e-01 9.749947e-02 1.340515e-01 1.000000e-01 1.597512e+00 -0.991747 0.011857 0.035098 0.216694 0.700010 0.028088 0.991747 -0.005785 -0.028704 -0.929279 0.000000 
1.300426e-01 1.003103e-01 9.749947e-02 1.340515e-01 1.000000e-01 1.597512e+00 -0.991747 0.011857 0.035098 0.216694 0.700010 0.028088 0.991747 -0.005785 -0.028704 -0.929279 0.000000 
1.300426e-01 1.003103e-01 9.749947e-02 1.340515e-01 1.000000e-01 1.597512e+00 -0.991747 0.011857 0.035098 0.216694 0.700010 0.028088 0.991747 -0.005785 -0.028704 -0.929279 0.000000 
1.300426e-01 1.003103e-01 9.749947e-02 1.340515e-01 1.000000e-01 1.597512e+00 -0.991747 0.011857 0.035098 0.216694 0.700010 0.028088 0.991747 -0.005785 -0.028704 -0.929279 0.000000 
1.300426e-01 1.003103e-01 9.749947e-02 1.340515e-01 1.000000e-01 1.597512e+00 -0.991747 0.011857 0.035098 0.216694 0.700010 0.028088 0.991747 -0.005785 -0.028704 -0.929279 0.000000 
1.300426e-01 1.003103e-01 9.749947e-02 1.340515e-01 1.000000e-01 1.597512e+00 -0.991747 0.011857 0.035098 0.216694 0.700010 0.028088 0.991747 -0.005785 -0.028704 -0.929279 0.000000 
1.300426e-01 1.003103e-01 9.749947e-02 1.340515e-01 1.000000e-01 1.597512e+00 -0.991747 0.011857 0.035098 0.216694 0.700010 0.028088 0.991747 -0.005785 -0.028704 -0.929279 0.000000 
1.300426e-01 1.003103e-01 9.749947e-02 1.340515e-01 1.000000e-01 1.597512e+00 -0.991747 0.011857 0.035098 0.216694 0.700010 0.028088 0.991747 -0.005785 -0.028704 -0.929279 0.000000 
1.300426e-01 1.003103e-01 9.749947e-02 1.340515e-01 1.000000e-01 1.597512e+00 -0.991747 0.011857 0.035098 0.216694 0.700010 0.028088 0.991747 -0.005785 -0.028704 -0.929279 0.000000 
1.300426e-01 1.003103e-01 9.749947e-02 1.340515e-01 1.000000e-01 1.597512e+00 -0.991747 0.011857 0.035098 0.216694 0.700010 0.028088 0.991747 -0.005785 -0.028704 -0.929279 0.000000 
1.300426e-01 1.003103e-01 9.749947e-02 1.340515e-01 1.000000e-01 1.597512e+00 -0.991747 0.011857 0.035098 0.216694 0.700010 0.028088 0.991747 -0.005785 -0.028704 -0.929279 0.000000 
1.300426e-01 1.003103e-01 9.749947e-02 1.340515e-01 1.000000e-01 1.597512e+00 -0.991747 0.011857 0.035098 0.216694 0.700010 0.028088 0.991747 -0.005785 -0.028704 -0.929279 0.000000 
1.300426e-01 1.003103e-01 9.749947e-02 1.340515e-01 1.000000e-01 1.597512e+00 -0.991747 0.011857 0.035098 0.216694 0.700010 0.028088 0.991747 -0.005785 -0.028704 -0.929279 0.000000 
1.300426e-01 1.003103e-01 9.749947e-02 1.340515e-01 1.000000e-01 1.597512e+00 -0.991747 0.011857 0.035098 0.216694 0.700010 0.028088 0.991747 -0.005785 -0.028704 -0.929279 0.000000 
1.300426e-01 1.003103e-01 9.749947e-02 1.340515e-01 1.000000e-01 1.597512e+00 -0.991747 0.011857 0.035098 0.216694 0.700010 0.028088 0.991747 -0.005785 -0.028704 -0.929279 0.000000 
1.300426e-01 1.003103e-01 9.749947e-02 1.340515e-01 1.000000e-01 1.597512e+00 -0.991747 0.011857 0.035098 0.216694 0.700010 0.028088 0.991747 -0.005785 -0.028704 -0.929279 0.000000 
1.300426e-01 1.003103e-01 9.749947e-02 1.340515e-01 1.000000e-01 1.597512e+00 -0.991747 0.011857 0.035098 0.216694 0.700010 0.028088 0.991747 -0.005785 -0.028704 -0.929279 0.000000 
1.300426e-01 1.003103e-01 9.749947e-02 1.340515e-01 1.000000e-01 1.597512e+00 -0.991747 0.011857 0.035098 0.216694 0.700010 0.028088 0.991747 -0.005785 -0.028704 -0.929279 0.000000 
1.300426e-01 1.003103e-01 9.749947e-02 1.340515e-01 1.000000e-01 1.597512e+00 -0.991747 0.011857 0.035098 0.216694 0.700010 0.028088 0.991747 -0.005785 -0.028704 -0.929279 0.000000 
1.300426e-01 1.003103e-01 9.749947e-02 1.340515e-01 1.000000e-01 1.597512e+00 -0.991747 0.011857 0.035098 0.216694 0.700010 0.028088 0.991747 -0.005785 -0.028704 -0.929279 0.000000 
1.300426e-01 1.003103e-01 9.749947e-02 1.340515e-01 1.000000e-01 1.597512e+00 -0.991747 0.011857 0.035098 0.216694 0.700010 0.028088 0.991747 -0.005785 -0.028704 -0.929279 0.000000 
1.300426e-01 1.003103e-01 9.749947e-02 1.340515e-01 1.000000e-01 1.597512e+00 -0.991747 0.011857 0.035098 0.216694 0.700010 0.028088 0.991747 -0.005785 -0.028704 -0.929279 0.000000 
1.300426e-01 1.003103e-01 9.749947e-02 1.340515e-01 1.000000e-01 1.597512e+00 -0.991747 0.011857 0.035098 0.216694 0.700010 0.028088 0.991747 -0.005785 -0.028704 -0.929279 0.000000 
1.300426e-01 1.003103e-01 9.749947e-02 1.340515e-01 1.000000e-01 1.597512e+00 -0.991747 0.011857 0.035098 0.216694 0.700010 0.028088 0.991747 -0.005785 -0.028704 -0.929279 0.000000 
1.300426e-01 1.003103e-01 9.749947e-02 1.340515e-01 1.000000e-01 1.597512e+00 -0.991747 0.011857 0.035098 0.216694 0.700010 0.028088 0.991747 -0.005785 -0.028704 -0.929279 0.000000 
1.300426e-01 1.003103e-01 9.749947e-02 1.340515e-01 1.000000e-01 1.597512e+00 -0.991747 0.011857 0.035098 0.216694 0.700010 0.028088 0.991747 -0.005785 -0.028704 -0.929279 0.000000 
1.300426e-01 1.003103e-01 9.749947e-02 1.340515e-01 1.000000e-01 1.597512e+00 -0.991747 0.011857 0.035098 0.216694 0.700010 0.028088 0.991747 -0.005785 -0.028704 -0.929279 0.000000 
1.300426e-01 1.003103e-01 9.749947e-02 1.340515e-01 1.000000e-01 1.597512e+00 -0.991747 0.011857 0.035098 0.216694 0.700010 0.028088 0.991747 -0.005785 -0.028704 -0.929279 0.000000 
1.300426e-01 1.003103e-01 9.749947e-02 1.340515e-01 1.000000e-01 1.597512e+00 -0.991747 0.011857 0.035098 0.216694 0.700010 0.028088 0.991747 -0.005785 -0.028704 -0.929279 0.000000 
1.300426e-01 1.003103e-01 9.749947e-02 1.340515e-01 1.000000e-01 1.597512e+00 -0.991747 0.011857 0.035098 0.216694 0.700010 0.028088 0.991747 -0.005785 -0.028704 -0.929279 0.000000 
1.300426e-01 1.003103e-01 9.749947e-02 1.340515e-01 1.000000e-01 1.597512e+00 -0.991747 0.011857 0.035098 0.216694 0.700010 0.028088 0.991747 -0.005785 -0.028704 -0.929279 0.000000 
1.300426e-01 1.003103e-01 9.749947e-02 1.340515e-01 1.000000e-01 1.597512e+00 -0.991747 0.011857 0.035098 0.216694 0.700010 0.028088 0.991747 -0.005785 -0.028704 -0.929279 0.000000 
1.300426e-01 1.003103e-01 9.749947e-02 1.340515e-01 1.000000e-01 1.597512e+00 -0.991747 0.011857 0.035098 0.216694 0.700010 0.028088 0.991747 -0.005785 -0.028704 -0.929279 0.000000 
1.300426e-01 1.003103e-01 9.749947e-02 1.340515e-01 1.000000e-01 1.597512e+00 -0.991747 0.011857 0.035098 0.216694 0.700010 0.028088 0.991747 -0.005785 -0.028704 -0.929279 0.000000 
1.300426e-01 1.003103e-01 9.749947e-02 1.340515e-01 1.000000e-01 1.597512e+00 -0.991747 0.011857 0.035098 0.216694 0.700010 0.028088 0.991747 -0.005785 -0.028704 -0.929279 0.000000 
1.300426e-01 1.003103e-01 9.749947e-02 1.340515e-01 1.000000e-01 1.597512e+00 -0.991747 0.011857 0.035098 0.216694 0.700010 0.028088 0.991747 -0.005785 -0.028704 -0.929279 0.000000 
1.300426e-01 1.003103e-01 9.749947e-02 1.340515e-01 1.000000e-01 1.597512e+00 -0.991747 0.011857 0.035098 0.216694 0.700010 0.028088 0.991747 -0.005785 -0.028704 -0.929279 0.000000 
1.300426e-01 1.003103e-01 9.749947e-02 1.340515e-01 1.000000e-01 1.597512e+00 -0.991747 0.011857 0.035098 0.216694 0.700010 0.028088 0.991747 -0.005785 -0.028704 -0.929279 0.000000 
1.300426e-01 1.003103e-01 9.749947e-02 1.340515e-01 1.000000e-01 1.597512e+00 -0.991747 0.011857 0.035098 0.216694 0.700010 0.028088 0.991747 -0.005785 -0.028704 -0.929279 0.000000 
1.300426e-01 1.003103e-01 9.749947e-02 1.340515e-01 1.000000e-01 1.597512e+00 -0.991747 0.011857 0.035098 0.216694 0.700010 0.028088 0.991747 -0.005785 -0.028704 -0.929279 0.000000 
1.300426e-01 1.003103e-01 9.749947e-02 1.340515e-01 1.000000e-01 1.597512e+00 -0.991747 0.011857 0.035098 0.216694 0.700010 0.028088 0.991747 -0.005785 -0.028704 -0.929279 0.000000 
1.300426e-01 1.003103e-01 9.749947e-02 1.340515e-01 1.000000e-01 1.597512e+00 -0.991747 0.011857 0.035098 0.216694 0.700010 0.028088 0.991747 -0.005785 -0.028704 -0.929279 0.000000 
1.300426e-01 1.003103e-01 9.749947e-02 1.340515e-01 1.000000e-01 1.597512e+00 -0.991747 0.011857 0.035098 0.216694 0.700010 0.028088 0.991747 -0.005785 -0.028704 -0.929279 0.000000 
1.300426e-01 1.003103e-01 9.749947e-02 1.340515e-01 1.000000e-01 1.597512e+00 -0.991747 0.011857 0.035098 0.216694 0.700010 0.028088 0.991747 -0.005785 -0.028704 -0.929279 0.000000 
1.300426e-01 1.003103e-01 9.749947e-02 1.340515e-01 1.000000e-01 1.597512e+00 -0.991747 0.011857 0.035098 0.216694 0.700010 0.028088 0.991747 -0.005785 -0.028704 -0.929279 0.000000 
1.300426e-01 1.003103e-01 9.749947e-02 1.340515e-01 1.000000e-01 1.597512e+00 -0.991747 0.011857 0.035098 0.216694 0.700010 0.028088 0.991747 -0.005785 -0.028704 -0.929279 0.000000 
1.300426e-01 1.003103e-01 9.749947e-02 1.340515e-01 1.000000e-01 1.597512e+00 -0.991747 0.011857 0.035098 0.216694 0.700010 0.028088 0.991747 -0.005785 -0.028704 -0.929279 0.000000 
1.300426e-01 1.003103e-01 9.749947e-02 1.340515e-01 1.000000e-01 1.597512e+00 -0.991747 0.011857 0.035098 0.216694 0.700010 0.028088 0.991747 -0.005785 -0.028704 -0.929279 0.000000 
1.300426e-01 1.003103e-01 9.749947e-02 1.340515e-01 1.000000e-01 1.597512e+00 -0.991747 0.011857 0.035098 0.216694 0.700010 0.028088 0.991747 -0.005785 -0.028704 -0.929279 0.000000 
1.300426e-01 1.003103e-01 9.749947e-02 1.340515e-01 1.000000e-01 1.597512e+00 -0.991747 0.011857 0.035098 0.216694 0.700010 0.028088 0.991747 -0.005785 -0.028704 -0.929279 0.000000 
1.300426e-01 1.003103e-01 9.749947e-02 1.340515e-01 1.000000e-01 1.597512e+00 -0.991747 0.011857 0.035098 0.216694 0.700010 0.028088 0.991747 -0.005785 -0.028704 -0.929279 0.000000 
1.300426e-01 1.003103e-01 9.749947e-02 1.340515e-01 1.000000e-01 1.597512e+00 -0.991747 0.011857 0.035098 0.216694 0.700010 0.028088 0.991747 -0.005785 -0.028704 -0.929279 0.000000 
1.300426e-01 1.003103e-01 9.749947e-02 1.340515e-01 1.000000e-01 1.597512e+00 -0.991747 0.011857 0.035098 0.216694 0.700010 0.028088 0.991747 -0.005785 -0.028704 -0.929279 0.000000 
1.300426e-01 1.003103e-01 9.749947e-02 1.340515e-01 1.000000e-01 1.597512e+00 -0.991747 0.011857 0.035098 0.216694 0.700010 0.028088 0.991747 -0.005785 -0.028704 -0.929279 0.000000 
1.300426e-01 1.003103e-01 9.749947e-02 1.340515e-01 1.000000e-01 1.597512e+00 -0.991747 0.011857 0.035098 0.216694 0.700010 0.028088 0.991747 -0.005785 -0.028704 -0.929279 0.000000 
1.300426e-01 1.003103e-01 9.749947e-02 1.340515e-01 1.000000e-01 1.597512e+00 -0.991747 0.011857 0.035098 0.216694 0.700010 0.028088 0.991747 -0.005785 -0.028704 -0.929279 0.000000 
1.300426e-01 1.003103e-01 9.749947e-02 1.340515e-01 1.000000e-01 1.597512e+00 -0.991747 0.011857 0.035098 0.216694 0.700010 0.028088 0.991747 -0.005785 -0.028704 -0.929279 0.000000 
1.300426e-01 1.003103e-01 9.749947e-02 1.340515e-01 1.000000e-01 1.597512e+00 -0.991747 0.011857 0.035098 0.216694 0.700010 0.028088 0.991747 -0.005785 -0.028704 -0.929279 0.000000 
1.300426e-01 1.003103e-01 9.749947e-02 1.340515e-01 1.000000e-01 1.597512e+00 -0.991747 0.011857 0.035098 0.216694 0.700010 0.028088 0.991747 -0.005785 -0.028704 -0.929279 0.000000 
1.300426e-01 1.003103e-01 9.749947e-02 1.340515e-01 1.000000e-01 1.597512e+00 -0.991747 0.011857 0.035098 0.216694 0.700010 0.028088 0.991747 -0.005785 -0.028704 -0.929279 0.000000 
1.300426e-01 1.003103e-01 9.749947e-02 1.340515e-01 1.000000e-01 1.597512e+00 -0.991747 0.011857 0.035098 0.216694 0.700010 0.028088 0.991747 -0.005785 -0.028704 -0.929279 0.000000 
1.300426e-01 1.003103e-01 9.749947e-02 1.340515e-01 1.000000e-01 1.597512e+00 -0.991747 0.011857 0.035098 0.216694 0.700010 0.028088 0.991747 -0.005785 -0.028704 -0.929279 0.000000 
1.300426e-01 1.003103e-01 9.749947e-02 1.340515e-01 1.000000e-01 1.597512e+00 -0.991747 0.011857 0.035098 0.216694 0.700010 0.028088 0.991747 -0.005785 -0.028704 -0.929279 0.000000 
1.300426e-01 1.003103e-01 9.749947e-02 1.340515e-01 1.000000e-01 1.597512e+00 -0.991747 0.011857 0.035098 0.216694 0.700010 0.028088 0.991747 -0.005785 -0.028704 -0.929279 0.000000 
1.300426e-01 1.003103e-01 9.749947e-02 1.340515e-01 1.000000e-01 1.597512e+00 -0.991747 0.011857 0.035098 0.216694 0.700010 0.028088 0.991747 -0.005785 -0.028704 -0.929279 0.000000 
1.300426e-01 1.003103e-01 9.749947e-02 1.340515e-01 1.000000e-01 1.597512e+00 -0.991747 0.011857 0.035098 0.216694 0.700010 0.028088 0.991747 -0.005785 -0.028704 -0.929279 0.000000 
1.300426e-01 1.003103e-01 9.749947e-02 1.340515e-01 1.000000e-01 1.597512e+00 -0.991747 0.011857 0.035098 0.216694 0.700010 0.028088 0.991747 -0.005785 -0.028704 -0.929279 0.000000 
1.300426e-01 1.003103e-01 9.749947e-02 1.340515e-01 1.000000e-01 1.597512e+00 -0.991747 0.011857 0.035098 0.216694 0.700010 0.028088 0.991747 -0.005785 -0.028704 -0.929279 0.000000 
1.300426e-01 1.003103e-01 9.749947e-02 1.340515e-01 1.000000e-01 1.597512e+00 -0.991747 0.011857 0.035098 0.216694 0.700010 0.028088 0.991747 -0.005785 -0.028704 -0.929279 0.000000 
1.300426e-01 1.003103e-01 9.749947e-02 1.340515e-01 1.000000e-01 1.597512e+00 -0.991747 0.011857 0.035098 0.216694 0.700010 0.028088 0.991747 -0.005785 -0.028704 -0.929279 0.000000 
1.300426e-01 1.003103e-01 9.749947e-02 1.340515e-01 1.000000e-01 1.597512e+00 -0.991747 0.011857 0.035098 0.216694 0.700010 0.028088 0.991747 -0.005785 -0.028704 -0.929279 0.000000 
1.300426e-01 1.003103e-01 9.749947e-02 1.340515e-01 1.000000e-01 1.597512e+00 -0.991747 0.011857 0.035098 0.216694 0.700010 0.028088 0.991747 -0.005785 -0.028704 -0.929279 0.000000 
1.300426e-01 1.003103e-01 9.749947e-02 1.340515e-01 1.000000e-01 1.597512e+00 -0.991747 0.011857 0.035098 0.216694 0.700010 0.028088 0.991747 -0.005785 -0.028704 -0.929279 0.000000 
1.300426e-01 1.003103e-01 9.749947e-02 1.340515e-01 1.000000e-01 1.597512e+00 -0.991747 0.011857 0.035098 0.216694 0.700010 0.028088 0.991747 -0.005785 -0.028704 -0.929279 0.000000 
1.300426e-01 1.003103e-01 9.749947e-02 1.340515e-01 1.000000e-01 1.597512e+00 -0.991747 0.011857 0.035098 0.216694 0.700010 0.028088 0.991747 -0.005785 -0.028704 -0.929279 0.000000 
1.300426e-01 1.003103e-01 9.749947e-02 1.340515e-01 1.000000e-01 1.597512e+00 -0.991747 0.011857 0.035098 0.216694 0.700010 0.028088 0.991747 -0.005785 -0.028704 -0.929279 0.000000 
1.300426e-01 1.003103e-01 9.749947e-02 1.340515e-01 1.000000e-01 1.597512e+00 -0.991747 0.011857 0.035098 0.216694 0.700010 0.028088 0.991747 -0.005785 -0.028704 -0.929279 0.000000 
1.300426e-01 1.003103e-01 9.749947e-02 1.340515e-01 1.000000e-01 1.597512e+00 -0.991747 0.011857 0.035098 0.216694 0.700010 0.028088 0.991747 -0.005785 -0.028704 -0.929279 0.000000 
1.300426e-01 1.003103e-01 9.749947e-02 1.340515e-01 1.000000e-01 1.597512e+00 -0.991747 0.011857 0.035098 0.216694 0.700010 0.028088 0.991747 -0.005785 -0.028704 -0.929279 0.000000 
1.300426e-01 1.003103e-01 9.749947e-02 1.340515e-01 1.000000e-01 1.597512e+00 -0.991747 0.011857 0.035098 0.216694 0.700010 0.028088 0.991747 -0.005785 -0.028704 -0.929279 0.000000 
1.300426e-01 1.003103e-01 9.749947e-02 1.340515e-01 1.000000e-01 1.597512e+00 -0.991747 0.011857 0.035098 0.216694 0.700010 0.028088 0.991747 -0.005785 -0.028704 -0.929279 0.000000 
1.300426e-01 1.003103e-01 9.749947e-02 1.340515e-01 1.000000e-01 1.597512e+00 -0.991747 0.011857 0.035098 0.216694 0.700010 0.028088 0.991747 -0.005785 -0.028704 -0.929279 0.000000 
1.300426e-01 1.003103e-01 9.749947e-02 1.340515e-01 1.000000e-01 1.597512e+00 -0.991747 0.011857 0.035098 0.216694 0.700010 0.028088 0.991747 -0.005785 -0.028704 -0.929279 0.000000 
1.300426e-01 1.003103e-01 9.749947e-02 1.340515e-01 1.000000e-01 1.597512e+00 -0.991747 0.011857 0.035098 0.216694 0.700010 0.028088 0.991747 -0.005785 -0.028704 -0.929279 0.000000 
