# TeX TeY TeZ ThX ThY THZ P1 P2
9.000000e-02 1.000000e-01 6.000000e-01 9.000000e-02 1.000000e-01 6.000000e-01 0.000000 0.000000 0.000000 0.000000 0.000000 0.000000 0.000000 0.000000 0.000000 0.000000 0.000000 
9.000000e-02 9.999998e-02 5.876735e-01 8.999999e-02 1.000000e-01 6.087571e-01 -0.013929 0.001788 0.003576 0.003579 0.003599 0.001387 0.013929 -0.001788 -0.003576 -0.003580 0.000000 
9.000000e-02 9.999996e-02 5.753104e-01 8.999998e-02 1.000000e-01 6.175034e-01 -0.027876 0.003578 0.007157 0.007163 0.007203 0.002776 0.027876 -0.003578 -0.007157 -0.007163 0.000000 
9.000000e-02 9.999994e-02 5.629111e-01 8.999997e-02 1.000000e-01 6.262389e-01 -0.041839 0.005370 0.010742 0.010752 0.010810 0.004166 0.041839 -0.005370 -0.010742 -0.010752 0.000000 
9.000000e-02 9.999991e-02 5.504758e-01 8.999997e-02 1.000000e-01 6.349634e-01 -0.055819 0.007164 0.014331 0.014344 0.014423 0.005558 0.055819 -0.007164 -0.014331 -0.014344 0.000000 
9.000000e-02 9.999988e-02 5.380048e-01 8.999996e-02 1.000000e-01 6.436769e-01 -0.069815 0.008960 0.017924 0.017941 0.018039 0.006952 0.069815 -0.008960 -0.017924 -0.017941 0.000000 
9.000000e-02 9.999984e-02 5.254984e-01 8.999996e-02 1.000000e-01 6.523792e-01 -0.083827 0.010759 0.021521 0.021541 0.021659 0.008347 0.083827 -0.010758 -0.021521 -0.021542 0.000000 
9.000000e-02 9.999978e-02 5.129570e-01 8.999995e-02 1.000000e-01 6.610703e-01 -0.097855 0.012559 0.025123 0.025146 0.025284 0.009744 0.097855 -0.012559 -0.025123 -0.025147 0.000000 
9.000000e-02 9.999972e-02 5.003808e-01 8.999995e-02 1.000000e-01 6.697500e-01 -0.111899 0.014361 0.028728 0.028755 0.028912 0.011142 0.111899 -0.014361 -0.028728 -0.028756 0.000000 
9.000000e-02 9.999965e-02 4.877701e-01 8.999994e-02 1.000000e-01 6.784183e-01 -0.125957 0.016166 0.032338 0.032368 0.032545 0.012542 0.125957 -0.016165 -0.032338 -0.032369 0.000000 
9.000000e-02 9.999956e-02 4.751251e-01 8.999994e-02 1.000000e-01 6.870751e-01 -0.140031 0.017972 0.035951 0.035984 0.036181 0.013943 0.140031 -0.017971 -0.035951 -0.035986 0.000000 
9.000000e-02 9.999944e-02 4.624463e-01 8.999994e-02 1.000000e-01 6.957202e-01 -0.154119 0.019780 0.039568 0.039604 0.039821 0.015346 0.154119 -0.019778 -0.039568 -0.039607 0.000000 
9.000000e-02 9.999931e-02 4.497337e-01 8.999994e-02 1.000000e-01 7.043535e-01 -0.168222 0.021590 0.043188 0.043228 0.043465 0.016750 0.168222 -0.021588 -0.043188 -0.043233 0.000000 
9.000000e-02 9.999914e-02 4.369878e-01 8.999993e-02 1.000000e-01 7.129751e-01 -0.182339 0.023402 0.046813 0.046856 0.047113 0.018156 0.182339 -0.023398 -0.046813 -0.046863 0.000000 
9.000000e-02 9.999894e-02 4.242087e-01 8.999993e-02 1.000000e-01 7.215846e-01 -0.196470 0.025216 0.050441 0.050487 0.050764 0.019563 0.196470 -0.025210 -0.050441 -0.050498 0.000000 
9.000000e-02 9.999869e-02 4.113969e-01 8.999993e-02 1.000000e-01 7.301821e-01 -0.210615 0.027031 0.054072 0.054122 0.054419 0.020971 0.210615 -0.027023 -0.054073 -0.054138 0.000000 
9.000000e-02 9.999839e-02 3.985524e-01 8.999993e-02 1.000000e-01 7.387674e-01 -0.224773 0.028848 0.057707 0.057760 0.058077 0.022381 0.224773 -0.028836 -0.057708 -0.057784 0.000000 
9.000000e-02 9.999802e-02 3.856756e-01 8.999993e-02 1.000000e-01 7.473404e-01 -0.238944 0.030667 0.061345 0.061402 0.061739 0.023792 0.238944 -0.030648 -0.061347 -0.061438 0.000000 
9.000000e-02 9.999757e-02 3.727667e-01 8.999993e-02 1.000000e-01 7.559010e-01 -0.253129 0.032487 0.064987 0.065047 0.065403 0.025204 0.253129 -0.032459 -0.064989 -0.065102 0.000000 
9.000000e-02 9.999702e-02 3.598260e-01 8.999993e-02 1.000000e-01 7.644491e-01 -0.267326 0.034310 0.068632 0.068695 0.069072 0.026618 0.267326 -0.034267 -0.068635 -0.068779 0.000000 
9.000000e-02 9.999634e-02 3.468538e-01 8.999993e-02 1.000000e-01 7.729845e-01 -0.281535 0.036133 0.072280 0.072347 0.072743 0.028033 0.281536 -0.036069 -0.072285 -0.072474 0.000000 
9.000000e-02 9.999552e-02 3.338503e-01 8.999993e-02 1.000000e-01 7.815073e-01 -0.295757 0.037959 0.075931 0.076002 0.076418 0.029449 0.295758 -0.037861 -0.075939 -0.076194 0.000000 
9.000000e-02 9.999451e-02 3.208157e-01 8.999993e-02 1.000000e-01 7.900171e-01 -0.309991 0.039785 0.079586 0.079659 0.080096 0.030866 0.309992 -0.039638 -0.079597 -0.079952 0.000000 
9.000000e-02 9.999327e-02 3.077502e-01 8.999993e-02 1.000000e-01 7.985140e-01 -0.324237 0.041614 0.083243 0.083320 0.083777 0.032285 0.324237 -0.041389 -0.083261 -0.083767 0.000000 
9.000000e-02 9.999175e-02 2.946542e-01 8.999993e-02 1.000000e-01 8.069977e-01 -0.338495 0.043444 0.086903 0.086984 0.087460 0.033704 0.338495 -0.043103 -0.086930 -0.087664 0.000000 
9.000000e-02 9.998990e-02 2.815279e-01 8.999993e-02 1.000000e-01 8.154682e-01 -0.352763 0.045275 0.090567 0.090651 0.091147 0.035125 0.352764 -0.044754 -0.090607 -0.091690 0.000000 
9.000000e-02 9.998763e-02 2.683714e-01 8.999993e-02 1.000000e-01 8.239254e-01 -0.367043 0.047108 0.094233 0.094320 0.094837 0.036547 0.367044 -0.046314 -0.094294 -0.095909 0.000000 
9.000000e-02 9.998486e-02 2.551850e-01 8.999993e-02 1.000000e-01 8.323690e-01 -0.381334 0.048942 0.097902 0.097992 0.098529 0.037970 0.381334 -0.047734 -0.097991 -0.100418 0.000000 
9.000000e-02 9.998148e-02 2.419689e-01 8.999993e-02 1.000000e-01 8.407991e-01 -0.395636 0.050777 0.101574 0.101668 0.102224 0.039394 0.395636 -0.048929 -0.101703 -0.105396 0.000000 
9.000000e-02 9.997737e-02 2.287232e-01 8.999993e-02 1.000000e-01 8.492154e-01 -0.409948 0.052614 0.105248 0.105345 0.105922 0.040819 0.409949 -0.049796 -0.105427 -0.111070 0.000000 
9.000000e-02 9.997242e-02 2.154483e-01 8.999993e-02 1.000000e-01 8.576179e-01 -0.424271 0.054453 0.108925 0.109026 0.109623 0.042245 0.424272 -0.050163 -0.109155 -0.117830 0.000000 
9.000000e-02 9.996651e-02 2.021441e-01 8.999993e-02 1.000000e-01 8.660063e-01 -0.438605 0.056292 0.112605 0.112709 0.113327 0.043672 0.438605 -0.049750 -0.112851 -0.126351 0.000000 
9.000000e-02 9.995955e-02 1.888107e-01 8.999993e-02 1.000000e-01 8.743806e-01 -0.452949 0.058133 0.116288 0.116396 0.117033 0.045101 0.452950 -0.048214 -0.116418 -0.137579 0.000000 
9.000000e-02 9.995159e-02 1.754483e-01 8.999993e-02 1.000000e-01 8.827406e-01 -0.467305 0.059976 0.119974 0.120085 0.120742 0.046530 0.467305 -0.045020 -0.119597 -0.153196 0.000000 
9.000000e-02 9.994297e-02 1.620566e-01 8.999993e-02 1.000000e-01 8.910861e-01 -0.481673 0.061820 0.123663 0.123777 0.124454 0.047961 0.481674 -0.039391 -0.121677 -0.176325 0.000000 
9.000000e-02 9.993518e-02 1.486340e-01 8.999993e-02 1.000000e-01 8.994172e-01 -0.496058 0.063666 0.127356 0.127473 0.128171 0.049393 0.496059 -0.030518 -0.120998 -0.212008 0.000000 
9.000000e-02 9.993453e-02 1.351738e-01 8.999993e-02 1.000000e-01 9.077335e-01 -0.510481 0.065517 0.131059 0.131180 0.131898 0.050829 0.510482 -0.017432 -0.113502 -0.270194 0.000000 
9.000000e-02 9.996867e-02 1.216417e-01 8.999993e-02 1.000000e-01 9.160349e-01 -0.525054 0.067388 0.134801 0.134925 0.135663 0.052280 0.525055 0.001017 -0.087971 -0.374054 0.000000 
9.000000e-02 1.001254e-01 1.078910e-01 8.999993e-02 1.000000e-01 9.243213e-01 -0.540281 0.069342 0.138710 0.138837 0.139597 0.053796 0.540282 0.026129 -0.018757 -0.570289 0.000000 
9.000000e-02 1.003099e-01 9.749871e-02 8.999993e-02 1.000000e-01 9.325926e-01 -0.554083 0.071114 0.142254 0.142384 0.143163 0.055170 0.554084 0.050389 0.083669 -0.816833 0.000000 
9.000000e-02 1.003099e-01 9.749871e-02 8.999993e-02 1.000000e-01 9.408486e-01 -0.559538 0.071814 0.143654 0.143786 0.144572 0.055713 0.559538 0.049689 0.082268 -0.818234 0.000000 
9.000000e-02 1.003099e-01 9.749871e-02 8.999993e-02 1.000000e-01 9.490891e-01 -0.564982 0.072513 0.145052 0.145185 0.145979 0.056255 0.564983 0.048990 0.080871 -0.819633 0.000000 
9.000000e-02 1.003099e-01 9.749871e-02 8.999993e-02 1.000000e-01 9.573140e-01 -0.570416 0.073210 0.146447 0.146581 0.147383 0.056796 0.570417 0.048292 0.079475 -0.821030 0.000000 
9.000000e-02 1.003099e-01 9.749871e-02 8.999993e-02 1.000000e-01 9.655232e-01 -0.575840 0.073907 0.147840 0.147975 0.148784 0.057336 0.575840 0.047596 0.078083 -0.822424 0.000000 
9.000000e-02 1.003099e-01 9.749871e-02 8.999993e-02 1.000000e-01 9.737164e-01 -0.581253 0.074601 0.149230 0.149366 0.150182 0.057875 0.581253 0.046902 0.076693 -0.823815 0.000000 
9.000000e-02 1.003099e-01 9.749871e-02 8.999993e-02 1.000000e-01 9.818934e-01 -0.586655 0.075295 0.150617 0.150754 0.151578 0.058413 0.586656 0.046208 0.075306 -0.825203 0.000000 
9.000000e-02 1.003099e-01 9.749871e-02 8.999993e-02 1.000000e-01 9.900543e-01 -0.592047 0.075987 0.152002 0.152140 0.152970 0.058949 0.592048 0.045516 0.073922 -0.826588 0.000000 
9.000000e-02 1.003099e-01 9.749871e-02 8.999993e-02 1.000000e-01 9.981987e-01 -0.597428 0.076678 0.153384 0.153522 0.154360 0.059485 0.597428 0.044826 0.072541 -0.827971 0.000000 
9.000000e-02 1.003099e-01 9.749871e-02 8.999993e-02 1.000000e-01 1.006326e+00 -0.602798 0.077368 0.154763 0.154902 0.155747 0.060019 0.602798 0.044137 0.071162 -0.829351 0.000000 
9.000000e-02 1.003099e-01 9.749871e-02 8.999993e-02 1.000000e-01 1.014437e+00 -0.608156 0.078056 0.156139 0.156279 0.157131 0.060553 0.608157 0.043449 0.069786 -0.830728 0.000000 
9.000000e-02 1.003099e-01 9.749871e-02 8.999993e-02 1.000000e-01 1.022532e+00 -0.613504 0.078743 0.157513 0.157653 0.158512 0.061085 0.613505 0.042762 0.068413 -0.832102 0.000000 
9.000000e-02 1.003099e-01 9.749871e-02 8.999992e-02 1.000000e-01 1.030608e+00 -0.618840 0.079428 0.158883 0.159025 0.159890 0.061616 0.618841 0.042078 0.067043 -0.833474 0.000000 
9.000000e-02 1.003099e-01 9.749871e-02 8.999992e-02 1.000000e-01 1.038668e+00 -0.624165 0.080112 0.160251 0.160393 0.161265 0.062146 0.624166 0.041394 0.065676 -0.834842 0.000000 
9.000000e-02 1.003099e-01 9.749871e-02 8.999992e-02 1.000000e-01 1.046710e+00 -0.629478 0.080794 0.161616 0.161758 0.162637 0.062674 0.629479 0.040712 0.064312 -0.836207 0.000000 
9.000000e-02 1.003099e-01 9.749871e-02 8.999992e-02 1.000000e-01 1.054735e+00 -0.634780 0.081475 0.162978 0.163121 0.164006 0.063201 0.634780 0.040032 0.062951 -0.837570 0.000000 
9.000000e-02 1.003099e-01 9.749871e-02 8.999992e-02 1.000000e-01 1.062741e+00 -0.640070 0.082155 0.164337 0.164480 0.165372 0.063728 0.640070 0.039353 0.061593 -0.838929 0.000000 
9.000000e-02 1.003099e-01 9.749871e-02 8.999992e-02 1.000000e-01 1.070730e+00 -0.645347 0.082833 0.165693 0.165836 0.166734 0.064252 0.645348 0.038676 0.060238 -0.840285 0.000000 
9.000000e-02 1.003099e-01 9.749871e-02 8.999992e-02 1.000000e-01 1.078700e+00 -0.650613 0.083510 0.167047 0.167189 0.168093 0.064776 0.650614 0.038000 0.058886 -0.841638 0.000000 
9.000000e-02 1.003099e-01 9.749871e-02 8.999991e-02 1.000000e-01 1.086652e+00 -0.655867 0.084186 0.168397 0.168539 0.169449 0.065298 0.655867 0.037325 0.057537 -0.842988 0.000000 
9.000000e-02 1.003099e-01 9.749871e-02 8.999991e-02 1.000000e-01 1.094585e+00 -0.661108 0.084860 0.169745 0.169886 0.170801 0.065819 0.661108 0.036653 0.056192 -0.844335 0.000000 
9.000000e-02 1.003099e-01 9.749871e-02 8.999991e-02 1.000000e-01 1.102499e+00 -0.666337 0.085532 0.171089 0.171229 0.172149 0.066338 0.666337 0.035982 0.054849 -0.845679 0.000000 
9.000000e-02 1.003099e-01 9.749871e-02 8.999991e-02 1.000000e-01 1.110394e+00 -0.671553 0.086203 0.172431 0.172569 0.173495 0.066856 0.671553 0.035312 0.053510 -0.847019 0.000000 
9.000000e-02 1.003099e-01 9.749871e-02 8.999990e-02 1.000000e-01 1.118270e+00 -0.676756 0.086873 0.173769 0.173906 0.174836 0.067373 0.676757 0.034644 0.052174 -0.848356 0.000000 
9.000000e-02 1.003099e-01 9.749871e-02 8.999990e-02 1.000000e-01 1.126126e+00 -0.681947 0.087541 0.175105 0.175240 0.176174 0.067888 0.681947 0.033978 0.050842 -0.849690 0.000000 
9.000000e-02 1.003099e-01 9.749871e-02 8.999989e-02 1.000000e-01 1.133963e+00 -0.687124 0.088208 0.176437 0.176570 0.177508 0.068402 0.687125 0.033314 0.049512 -0.851021 0.000000 
9.000000e-02 1.003099e-01 9.749871e-02 8.999989e-02 1.000000e-01 1.141779e+00 -0.692289 0.088874 0.177767 0.177897 0.178838 0.068914 0.692289 0.032651 0.048187 -0.852348 0.000000 
9.000000e-02 1.003099e-01 9.749871e-02 8.999988e-02 1.000000e-01 1.149576e+00 -0.697440 0.089538 0.179094 0.179221 0.180164 0.069424 0.697440 0.031990 0.046864 -0.853671 0.000000 
9.000000e-02 1.003099e-01 9.749871e-02 8.999988e-02 1.000000e-01 1.157352e+00 -0.702577 0.090201 0.180418 0.180541 0.181486 0.069933 0.702578 0.031331 0.045545 -0.854992 0.000000 
9.000000e-02 1.003099e-01 9.749871e-02 8.999987e-02 1.000000e-01 1.165108e+00 -0.707701 0.090863 0.181739 0.181857 0.182804 0.070440 0.707702 0.030673 0.044230 -0.856308 0.000000 
9.000000e-02 1.003099e-01 9.749871e-02 8.999986e-02 1.000000e-01 1.172842e+00 -0.712811 0.091523 0.183057 0.183170 0.184117 0.070945 0.712812 0.030017 0.042918 -0.857621 0.000000 
9.000000e-02 1.003099e-01 9.749871e-02 8.999985e-02 1.000000e-01 1.180556e+00 -0.717907 0.092182 0.184373 0.184479 0.185426 0.071448 0.717908 0.029363 0.041609 -0.858931 0.000000 
9.000000e-02 1.003099e-01 9.749871e-02 8.999984e-02 1.000000e-01 1.188248e+00 -0.722990 0.092840 0.185686 0.185785 0.186731 0.071950 0.722990 0.028711 0.040305 -0.860237 0.000000 
9.000000e-02 1.003099e-01 9.749871e-02 8.999982e-02 1.000000e-01 1.195919e+00 -0.728057 0.093497 0.186996 0.187087 0.188030 0.072449 0.728058 0.028060 0.039004 -0.861539 0.000000 
9.000000e-02 1.003099e-01 9.749871e-02 8.999981e-02 1.000000e-01 1.203568e+00 -0.733111 0.094153 0.188303 0.188385 0.189325 0.072946 0.733111 0.027412 0.037706 -0.862838 0.000000 
9.000000e-02 1.003099e-01 9.749871e-02 8.999979e-02 1.000000e-01 1.211194e+00 -0.738150 0.094808 0.189609 0.189679 0.190614 0.073441 0.738150 0.026765 0.036413 -0.864133 0.000000 
9.000000e-02 1.003099e-01 9.749871e-02 8.999977e-02 1.000000e-01 1.218799e+00 -0.743174 0.095462 0.190911 0.190970 0.191898 0.073934 0.743174 0.026120 0.035123 -0.865424 0.000000 
9.000000e-02 1.003099e-01 9.749871e-02 8.999975e-02 1.000000e-01 1.226381e+00 -0.748183 0.096115 0.192212 0.192257 0.193176 0.074424 0.748183 0.025477 0.033837 -0.866711 0.000000 
9.000000e-02 1.003099e-01 9.749871e-02 8.999972e-02 1.000000e-01 1.233939e+00 -0.753177 0.096768 0.193511 0.193540 0.194448 0.074912 0.753177 0.024836 0.032555 -0.867994 0.000000 
9.000000e-02 1.003099e-01 9.749871e-02 8.999969e-02 1.000000e-01 1.241475e+00 -0.758156 0.097420 0.194808 0.194819 0.195714 0.075397 0.758156 0.024197 0.031276 -0.869274 0.000000 
9.000000e-02 1.003099e-01 9.749871e-02 8.999966e-02 1.000000e-01 1.248988e+00 -0.763119 0.098071 0.196103 0.196094 0.196973 0.075879 0.763119 0.023560 0.030002 -0.870549 0.000000 
9.000000e-02 1.003099e-01 9.749871e-02 8.999962e-02 1.000000e-01 1.256476e+00 -0.768066 0.098723 0.197397 0.197365 0.198226 0.076357 0.768067 0.022925 0.028732 -0.871821 0.000000 
9.000000e-02 1.003099e-01 9.749871e-02 8.999958e-02 1.000000e-01 1.263941e+00 -0.772998 0.099374 0.198689 0.198633 0.199471 0.076833 0.772999 0.022292 0.027466 -0.873088 0.000000 
9.000000e-02 1.003099e-01 9.749871e-02 8.999953e-02 1.000000e-01 1.271381e+00 -0.777914 0.100025 0.199981 0.199896 0.200708 0.077304 0.777914 0.021662 0.026204 -0.874351 0.000000 
9.000000e-02 1.003099e-01 9.749871e-02 8.999948e-02 1.000000e-01 1.278797e+00 -0.782813 0.100677 0.201273 0.201156 0.201937 0.077772 0.782814 0.021033 0.024946 -0.875610 0.000000 
9.000000e-02 1.003099e-01 9.749871e-02 8.999941e-02 1.000000e-01 1.286188e+00 -0.787697 0.101329 0.202564 0.202412 0.203157 0.078236 0.787697 0.020406 0.023692 -0.876865 0.000000 
9.000000e-02 1.003099e-01 9.749871e-02 8.999934e-02 1.000000e-01 1.293554e+00 -0.792563 0.101982 0.203856 0.203664 0.204368 0.078695 0.792563 0.019781 0.022443 -0.878115 0.000000 
9.000000e-02 1.003099e-01 9.749871e-02 8.999926e-02 1.000000e-01 1.300894e+00 -0.797413 0.102635 0.205148 0.204913 0.205568 0.079148 0.797413 0.019159 0.021198 -0.879362 0.000000 
9.000000e-02 1.003099e-01 9.749871e-02 8.999916e-02 1.000000e-01 1.308209e+00 -0.802245 0.103290 0.206442 0.206159 0.206758 0.079597 0.802246 0.018539 0.019957 -0.880604 0.000000 
9.000000e-02 1.003099e-01 9.749871e-02 8.999906e-02 1.000000e-01 1.315497e+00 -0.807061 0.103947 0.207738 0.207401 0.207936 0.080039 0.807061 0.017921 0.018721 -0.881841 0.000000 
9.000000e-02 1.003099e-01 9.749871e-02 8.999894e-02 1.000000e-01 1.322759e+00 -0.811859 0.104605 0.209037 0.208641 0.209101 0.080474 0.811859 0.017305 0.017489 -0.883074 0.000000 
9.000000e-02 1.003099e-01 9.749871e-02 8.999880e-02 1.000000e-01 1.329995e+00 -0.816639 0.105265 0.210339 0.209879 0.210254 0.080903 0.816639 0.016691 0.016262 -0.884302 0.000000 
9.000000e-02 1.003099e-01 9.749871e-02 8.999865e-02 1.000000e-01 1.337203e+00 -0.821401 0.105928 0.211647 0.211115 0.211390 0.081322 0.821401 0.016080 0.015039 -0.885526 0.000000 
9.000000e-02 1.003099e-01 9.749871e-02 8.999847e-02 1.000000e-01 1.344384e+00 -0.826145 0.106593 0.212959 0.212351 0.212511 0.081733 0.826146 0.015471 0.013821 -0.886745 0.000000 
9.000000e-02 1.003099e-01 9.749871e-02 8.999827e-02 1.000000e-01 1.351537e+00 -0.830871 0.107261 0.214278 0.213586 0.213614 0.082134 0.830872 0.014865 0.012608 -0.887960 0.000000 
9.000000e-02 1.003099e-01 9.749871e-02 8.999805e-02 1.000000e-01 1.358662e+00 -0.835579 0.107931 0.215605 0.214823 0.214698 0.082522 0.835579 0.014261 0.011399 -0.889169 0.000000 
9.000000e-02 1.003099e-01 9.749871e-02 8.999780e-02 1.000000e-01 1.365758e+00 -0.840267 0.108605 0.216940 0.216063 0.215761 0.082898 0.840268 0.013659 0.010195 -0.890374 0.000000 
9.000000e-02 1.003099e-01 9.749871e-02 8.999751e-02 1.000000e-01 1.372826e+00 -0.844937 0.109282 0.218288 0.217309 0.216801 0.083259 0.844937 0.013060 0.008997 -0.891574 0.000000 
9.000000e-02 1.003099e-01 9.749871e-02 8.999718e-02 1.000000e-01 1.379864e+00 -0.849587 0.109961 0.219646 0.218560 0.217816 0.083604 0.849587 0.012463 0.007803 -0.892769 0.000000 
9.000000e-02 1.003099e-01 9.749871e-02 8.999682e-02 1.000000e-01 1.386873e+00 -0.854218 0.110643 0.221021 0.219824 0.218802 0.083928 0.854218 0.011868 0.006614 -0.893959 0.000000 
9.000000e-02 1.003099e-01 9.749871e-02 8.999641e-02 1.000000e-01 1.393852e+00 -0.858829 0.111326 0.222412 0.221102 0.219758 0.084232 0.858829 0.011277 0.005430 -0.895144 0.000000 
9.000000e-02 1.003099e-01 9.749871e-02 8.999594e-02 1.000000e-01 1.400800e+00 -0.863420 0.112009 0.223822 0.222398 0.220680 0.084511 0.863420 0.010687 0.004251 -0.896324 0.000000 
9.000000e-02 1.003099e-01 9.749871e-02 8.999542e-02 1.000000e-01 1.407718e+00 -0.867990 0.112692 0.225256 0.223722 0.221562 0.084759 0.867991 0.010101 0.003078 -0.897498 0.000000 
9.000000e-02 1.003099e-01 9.749871e-02 8.999483e-02 1.000000e-01 1.414605e+00 -0.872541 0.113372 0.226712 0.225074 0.222405 0.084977 0.872541 0.009517 0.001910 -0.898668 0.000000 
9.000000e-02 1.003099e-01 9.749871e-02 8.999417e-02 1.000000e-01 1.421460e+00 -0.877070 0.114046 0.228201 0.226473 0.223197 0.085153 0.877070 0.008936 0.000747 -0.899831 0.000000 
9.000000e-02 1.003099e-01 9.749871e-02 8.999343e-02 1.000000e-01 1.428284e+00 -0.881578 0.114710 0.229722 0.227923 0.223937 0.085287 0.881579 0.008357 -0.000411 -0.900990 0.000000 
9.000000e-02 1.003099e-01 9.749871e-02 8.999260e-02 1.000000e-01 1.435075e+00 -0.886065 0.115361 0.231278 0.229434 0.224621 0.085372 0.886066 0.007781 -0.001563 -0.902143 0.000000 
9.000000e-02 1.003099e-01 9.749871e-02 8.999167e-02 1.000000e-01 1.441833e+00 -0.890531 0.115988 0.232884 0.231040 0.225230 0.085390 0.890531 0.007208 -0.002709 -0.903291 0.000000 
9.000000e-02 1.003099e-01 9.749871e-02 8.999063e-02 1.000000e-01 1.448558e+00 -0.894974 0.116587 0.234536 0.232745 0.225765 0.085342 0.894975 0.006638 -0.003850 -0.904432 0.000000 
9.000000e-02 1.003099e-01 9.749871e-02 8.998948e-02 1.000000e-01 1.455250e+00 -0.899396 0.117148 0.236242 0.234575 0.226215 0.085217 0.899396 0.006070 -0.004985 -0.905569 0.000000 
9.000000e-02 1.003099e-01 9.749871e-02 8.998820e-02 1.000000e-01 1.461907e+00 -0.903795 0.117650 0.238020 0.236584 0.226554 0.084987 0.903795 0.005506 -0.006114 -0.906699 0.000000 
9.000000e-02 1.003099e-01 9.749871e-02 8.998677e-02 1.000000e-01 1.468530e+00 -0.908171 0.118085 0.239868 0.238784 0.226781 0.084654 0.908172 0.004944 -0.007238 -0.907824 0.000000 
9.000000e-02 1.003099e-01 9.749871e-02 8.998520e-02 1.000000e-01 1.475118e+00 -0.912525 0.118433 0.241795 0.241220 0.226877 0.084200 0.912525 0.004385 -0.008356 -0.908942 0.000000 
9.000000e-02 1.003099e-01 9.749871e-02 8.998346e-02 1.000000e-01 1.481671e+00 -0.916855 0.118651 0.243831 0.244002 0.226793 0.083579 0.916855 0.003829 -0.009467 -0.910055 0.000000 
9.000000e-02 1.003099e-01 9.749871e-02 8.998156e-02 1.000000e-01 1.488187e+00 -0.921162 0.118724 0.245970 0.247148 0.226524 0.082796 0.921162 0.003277 -0.010573 -0.911162 0.000000 
9.000000e-02 1.003099e-01 9.749871e-02 8.997948e-02 1.000000e-01 1.494668e+00 -0.925445 0.118619 0.248225 0.250738 0.226038 0.081825 0.925445 0.002727 -0.011673 -0.912262 0.000000 
9.000000e-02 1.003099e-01 9.749871e-02 8.997723e-02 1.000000e-01 1.501111e+00 -0.929703 0.118256 0.250630 0.254963 0.225248 0.080607 0.929703 0.002180 -0.012766 -0.913357 0.000000 
9.000000e-02 1.003099e-01 9.749871e-02 8.997481e-02 1.000000e-01 1.507516e+00 -0.933936 0.117598 0.253183 0.259910 0.224117 0.079128 0.933936 0.001637 -0.013853 -0.914445 0.000000 
9.000000e-02 1.003099e-01 9.749871e-02 8.997224e-02 1.000000e-01 1.513880e+00 -0.938143 0.116594 0.255887 0.265709 0.222586 0.077368 0.938143 0.001097 -0.014933 -0.915526 0.000000 
9.000000e-02 1.003099e-01 9.749871e-02 8.996956e-02 1.000000e-01 1.520205e+00 -0.942324 0.115157 0.258751 0.272585 0.220548 0.075283 0.942324 0.000561 -0.016006 -0.916600 0.000000 
9.000000e-02 1.003099e-01 9.749871e-02 8.996687e-02 1.000000e-01 1.526489e+00 -0.946478 0.113132 0.261782 0.280985 0.217794 0.072787 0.946478 0.000027 -0.017073 -0.917668 0.000000 
9.000000e-02 1.003099e-01 9.749871e-02 8.996439e-02 1.000000e-01 1.532731e+00 -0.950606 0.110486 0.264920 0.291061 0.214244 0.069895 0.950606 -0.000502 -0.018132 -0.918728 0.000000 
9.000000e-02 1.003099e-01 9.749871e-02 8.996251e-02 1.000000e-01 1.538931e+00 -0.954705 0.107115 0.268096 0.303216 0.209706 0.066573 0.954706 -0.001028 -0.019185 -0.919782 0.000000 
9.000000e-02 1.003099e-01 9.749871e-02 8.996208e-02 1.000000e-01 1.545089e+00 -0.958778 0.102897 0.271177 0.318005 0.203916 0.062783 0.958778 -0.001551 -0.020230 -0.920828 0.000000 
9.000000e-02 1.003099e-01 9.749871e-02 8.996489e-02 1.000000e-01 1.551204e+00 -0.962822 0.097569 0.273843 0.336671 0.196309 0.058430 0.962822 -0.002070 -0.021269 -0.921867 0.000000 
9.000000e-02 1.003099e-01 9.749871e-02 8.997466e-02 1.000000e-01 1.557276e+00 -0.966838 0.091157 0.275656 0.359755 0.186701 0.053570 0.966838 -0.002586 -0.022300 -0.922899 0.000000 
9.000000e-02 1.003099e-01 9.749871e-02 8.999913e-02 1.000000e-01 1.563303e+00 -0.970826 0.083568 0.275849 0.388555 0.174652 0.048202 0.970826 -0.003097 -0.023324 -0.923924 0.000000 
9.000000e-02 1.003099e-01 9.749871e-02 9.005380e-02 1.000000e-01 1.569286e+00 -0.974786 0.074745 0.273150 0.424835 0.159717 0.042339 0.974786 -0.003606 -0.024340 -0.924942 0.000000 
9.000000e-02 1.003099e-01 9.749871e-02 9.017160e-02 1.000000e-01 1.575225e+00 -0.978726 0.064606 0.265084 0.471762 0.141291 0.035983 0.978726 -0.004111 -0.025352 -0.925954 0.000000 
9.000000e-02 1.003099e-01 9.749871e-02 9.041771e-02 1.000000e-01 1.581125e+00 -0.982674 0.053015 0.246417 0.535592 0.118548 0.029102 0.982674 -0.004618 -0.026365 -0.926969 0.000000 
9.000000e-02 1.003099e-01 9.749871e-02 9.090988e-02 1.000000e-01 1.587007e+00 -0.986734 0.039830 0.209505 0.624721 0.091056 0.021622 0.986734 -0.005139 -0.027408 -0.928012 0.000000 
9.000000e-02 1.003099e-01 9.749871e-02 9.175421e-02 1.000000e-01 1.592962e+00 -0.991259 0.023955 0.139909 0.758525 0.055962 0.012909 0.991259 -0.005720 -0.028570 -0.929175 0.000000 
9.000000e-02 1.003099e-01 9.749871e-02 9.237061e-02 1.000000e-01 1.597509e+00 -0.995415 0.008741 0.053522 0.907635 0.020829 0.004688 0.995415 -0.006253 -0.029637 -0.930243 0.000000 
9.000000e-02 1.003099e-01 9.749871e-02 9.237061e-02 1.000000e-01 1.597509e+00 -0.995415 0.008741 0.053522 0.907635 0.020829 0.004688 0.995415 -0.006253 -0.029637 -0.930243 0.000000 
9.000000e-02 1.003099e-01 9.749871e-02 9.237061e-02 1.000000e-01 1.597509e+00 -0.995415 0.008741 0.053522 0.907635 0.020829 0.004688 0.995415 -0.006253 -0.029637 -0.930243 0.000000 
9.000000e-02 1.003099e-01 9.749871e-02 9.237061e-02 1.000000e-01 1.597509e+00 -0.995415 0.008741 0.053522 0.907635 0.020829 0.004688 0.995415 -0.006253 -0.029637 -0.930243 0.000000 
9.000000e-02 1.003099e-01 9.749871e-02 9.237061e-02 1.000000e-01 1.597509e+00 -0.995415 0.008741 0.053522 0.907635 0.020829 0.004688 0.995415 -0.006253 -0.029637 -0.930243 0.000000 
9.000000e-02 1.003099e-01 9.749871e-02 9.237061e-02 1.000000e-01 1.597509e+00 -0.995415 0.008741 0.053522 0.907635 0.020829 0.004688 0.995415 -0.006253 -0.029637 -0.930243 0.000000 
9.000000e-02 1.003099e-01 9.749871e-02 9.237061e-02 1.000000e-01 1.597509e+00 -0.995415 0.008741 0.053522 0.907635 0.020829 0.004688 0.995415 -0.006253 -0.029637 -0.930243 0.000000 
9.000000e-02 1.003099e-01 9.749871e-02 9.237061e-02 1.000000e-01 1.597509e+00 -0.995415 0.008741 0.053522 0.907635 0.020829 0.004688 0.995415 -0.006253 -0.029637 -0.930243 0.000000 
9.000000e-02 1.003099e-01 9.749871e-02 9.237061e-02 1.000000e-01 1.597509e+00 -0.995415 0.008741 0.053522 0.907635 0.020829 0.004688 0.995415 -0.006253 -0.029637 -0.930243 0.000000 
9.000000e-02 1.003099e-01 9.749871e-02 9.237061e-02 1.000000e-01 1.597509e+00 -0.995415 0.008741 0.053522 0.907635 0.020829 0.004688 0.995415 -0.006253 -0.029637 -0.930243 0.000000 
9.000000e-02 1.003099e-01 9.749871e-02 9.237061e-02 1.000000e-01 1.597509e+00 -0.995415 0.008741 0.053522 0.907635 0.020829 0.004688 0.995415 -0.006253 -0.029637 -0.930243 0.000000 
9.000000e-02 1.003099e-01 9.749871e-02 9.237061e-02 1.000000e-01 1.597509e+00 -0.995415 0.008741 0.053522 0.907635 0.020829 0.004688 0.995415 -0.006253 -0.029637 -0.930243 0.000000 
9.000000e-02 1.003099e-01 9.749871e-02 9.237061e-02 1.000000e-01 1.597509e+00 -0.995415 0.008741 0.053522 0.907635 0.020829 0.004688 0.995415 -0.006253 -0.029637 -0.930243 0.000000 
9.000000e-02 1.003099e-01 9.749871e-02 9.237061e-02 1.000000e-01 1.597509e+00 -0.995415 0.008741 0.053522 0.907635 0.020829 0.004688 0.995415 -0.006253 -0.029637 -0.930243 0.000000 
9.000000e-02 1.003099e-01 9.749871e-02 9.237061e-02 1.000000e-01 1.597509e+00 -0.995415 0.008741 0.053522 0.907635 0.020829 0.004688 0.995415 -0.006253 -0.029637 -0.930243 0.000000 
9.000000e-02 1.003099e-01 9.749871e-02 9.237061e-02 1.000000e-01 1.597509e+00 -0.995415 0.008741 0.053522 0.907635 0.020829 0.004688 0.995415 -0.006253 -0.029637 -0.930243 0.000000 
9.000000e-02 1.003099e-01 9.749871e-02 9.237061e-02 1.000000e-01 1.597509e+00 -0.995415 0.008741 0.053522 0.907635 0.020829 0.004688 0.995415 -0.006253 -0.029637 -0.930243 0.000000 
9.000000e-02 1.003099e-01 9.749871e-02 9.237061e-02 1.000000e-01 1.597509e+00 -0.995415 0.008741 0.053522 0.907635 0.020829 0.004688 0.995415 -0.006253 -0.029637 -0.930243 0.000000 
9.000000e-02 1.003099e-01 9.749871e-02 9.237061e-02 1.000000e-01 1.597509e+00 -0.995415 0.008741 0.053522 0.907635 0.020829 0.004688 0.995415 -0.006253 -0.029637 -0.930243 0.000000 
9.000000e-02 1.003099e-01 9.749871e-02 9.237061e-02 1.000000e-01 1.597509e+00 -0.995415 0.008741 0.053522 0.907635 0.020829 0.004688 0.995415 -0.006253 -0.029637 -0.930243 0.000000 
9.000000e-02 1.003099e-01 9.749871e-02 9.237061e-02 1.000000e-01 1.597509e+00 -0.995415 0.008741 0.053522 0.907635 0.020829 0.004688 0.995415 -0.006253 -0.029637 -0.930243 0.000000 
9.000000e-02 1.003099e-01 9.749871e-02 9.237061e-02 1.000000e-01 1.597509e+00 -0.995415 0.008741 0.053522 0.907635 0.020829 0.004688 0.995415 -0.006253 -0.029637 -0.930243 0.000000 
9.000000e-02 1.003099e-01 9.749871e-02 9.237061e-02 1.000000e-01 1.597509e+00 -0.995415 0.008741 0.053522 0.907635 0.020829 0.004688 0.995415 -0.006253 -0.029637 -0.930243 0.000000 
9.000000e-02 1.003099e-01 9.749871e-02 9.237061e-02 1.000000e-01 1.597509e+00 -0.995415 0.008741 0.053522 0.907635 0.020829 0.004688 0.995415 -0.006253 -0.029637 -0.930243 0.000000 
9.000000e-02 1.003099e-01 9.749871e-02 9.237061e-02 1.000000e-01 1.597509e+00 -0.995415 0.008741 0.053522 0.907635 0.020829 0.004688 0.995415 -0.006253 -0.029637 -0.930243 0.000000 
9.000000e-02 1.003099e-01 9.749871e-02 9.237061e-02 1.000000e-01 1.597509e+00 -0.995415 0.008741 0.053522 0.907635 0.020829 0.004688 0.995415 -0.006253 -0.029637 -0.930243 0.000000 
9.000000e-02 1.003099e-01 9.749871e-02 9.237061e-02 1.000000e-01 1.597509e+00 -0.995415 0.008741 0.053522 0.907635 0.020829 0.004688 0.995415 -0.006253 -0.029637 -0.930243 0.000000 
9.000000e-02 1.003099e-01 9.749871e-02 9.237061e-02 1.000000e-01 1.597509e+00 -0.995415 0.008741 0.053522 0.907635 0.020829 0.004688 0.995415 -0.006253 -0.029637 -0.930243 0.000000 
9.000000e-02 1.003099e-01 9.749871e-02 9.237061e-02 1.000000e-01 1.597509e+00 -0.995415 0.008741 0.053522 0.907635 0.020829 0.004688 0.995415 -0.006253 -0.029637 -0.930243 0.000000 
9.000000e-02 1.003099e-01 9.749871e-02 9.237061e-02 1.000000e-01 1.597509e+00 -0.995415 0.008741 0.053522 0.907635 0.020829 0.004688 0.995415 -0.006253 -0.029637 -0.930243 0.000000 
9.000000e-02 1.003099e-01 9.749871e-02 9.237061e-02 1.000000e-01 1.597509e+00 -0.995415 0.008741 0.053522 0.907635 0.020829 0.004688 0.995415 -0.006253 -0.029637 -0.930243 0.000000 
9.000000e-02 1.003099e-01 9.749871e-02 9.237061e-02 1.000000e-01 1.597509e+00 -0.995415 0.008741 0.053522 0.907635 0.020829 0.004688 0.995415 -0.006253 -0.029637 -0.930243 0.000000 
9.000000e-02 1.003099e-01 9.749871e-02 9.237061e-02 1.000000e-01 1.597509e+00 -0.995415 0.008741 0.053522 0.907635 0.020829 0.004688 0.995415 -0.006253 -0.029637 -0.930243 0.000000 
9.000000e-02 1.003099e-01 9.749871e-02 9.237061e-02 1.000000e-01 1.597509e+00 -0.995415 0.008741 0.053522 0.907635 0.020829 0.004688 0.995415 -0.006253 -0.029637 -0.930243 0.000000 
9.000000e-02 1.003099e-01 9.749871e-02 9.237061e-02 1.000000e-01 1.597509e+00 -0.995415 0.008741 0.053522 0.907635 0.020829 0.004688 0.995415 -0.006253 -0.029637 -0.930243 0.000000 
9.000000e-02 1.003099e-01 9.749871e-02 9.237061e-02 1.000000e-01 1.597509e+00 -0.995415 0.008741 0.053522 0.907635 0.020829 0.004688 0.995415 -0.006253 -0.029637 -0.930243 0.000000 
9.000000e-02 1.003099e-01 9.749871e-02 9.237061e-02 1.000000e-01 1.597509e+00 -0.995415 0.008741 0.053522 0.907635 0.020829 0.004688 0.995415 -0.006253 -0.029637 -0.930243 0.000000 
9.000000e-02 1.003099e-01 9.749871e-02 9.237061e-02 1.000000e-01 1.597509e+00 -0.995415 0.008741 0.053522 0.907635 0.020829 0.004688 0.995415 -0.006253 -0.029637 -0.930243 0.000000 
9.000000e-02 1.003099e-01 9.749871e-02 9.237061e-02 1.000000e-01 1.597509e+00 -0.995415 0.008741 0.053522 0.907635 0.020829 0.004688 0.995415 -0.006253 -0.029637 -0.930243 0.000000 
9.000000e-02 1.003099e-01 9.749871e-02 9.237061e-02 1.000000e-01 1.597509e+00 -0.995415 0.008741 0.053522 0.907635 0.020829 0.004688 0.995415 -0.006253 -0.029637 -0.930243 0.000000 
9.000000e-02 1.003099e-01 9.749871e-02 9.237061e-02 1.000000e-01 1.597509e+00 -0.995415 0.008741 0.053522 0.907635 0.020829 0.004688 0.995415 -0.006253 -0.029637 -0.930243 0.000000 
9.000000e-02 1.003099e-01 9.749871e-02 9.237061e-02 1.000000e-01 1.597509e+00 -0.995415 0.008741 0.053522 0.907635 0.020829 0.004688 0.995415 -0.006253 -0.029637 -0.930243 0.000000 
9.000000e-02 1.003099e-01 9.749871e-02 9.237061e-02 1.000000e-01 1.597509e+00 -0.995415 0.008741 0.053522 0.907635 0.020829 0.004688 0.995415 -0.006253 -0.029637 -0.930243 0.000000 
9.000000e-02 1.003099e-01 9.749871e-02 9.237061e-02 1.000000e-01 1.597509e+00 -0.995415 0.008741 0.053522 0.907635 0.020829 0.004688 0.995415 -0.006253 -0.029637 -0.930243 0.000000 
9.000000e-02 1.003099e-01 9.749871e-02 9.237061e-02 1.000000e-01 1.597509e+00 -0.995415 0.008741 0.053522 0.907635 0.020829 0.004688 0.995415 -0.006253 -0.029637 -0.930243 0.000000 
9.000000e-02 1.003099e-01 9.749871e-02 9.237061e-02 1.000000e-01 1.597509e+00 -0.995415 0.008741 0.053522 0.907635 0.020829 0.004688 0.995415 -0.006253 -0.029637 -0.930243 0.000000 
9.000000e-02 1.003099e-01 9.749871e-02 9.237061e-02 1.000000e-01 1.597509e+00 -0.995415 0.008741 0.053522 0.907635 0.020829 0.004688 0.995415 -0.006253 -0.029637 -0.930243 0.000000 
9.000000e-02 1.003099e-01 9.749871e-02 9.237061e-02 1.000000e-01 1.597509e+00 -0.995415 0.008741 0.053522 0.907635 0.020829 0.004688 0.995415 -0.006253 -0.029637 -0.930243 0.000000 
9.000000e-02 1.003099e-01 9.749871e-02 9.237061e-02 1.000000e-01 1.597509e+00 -0.995415 0.008741 0.053522 0.907635 0.020829 0.004688 0.995415 -0.006253 -0.029637 -0.930243 0.000000 
9.000000e-02 1.003099e-01 9.749871e-02 9.237061e-02 1.000000e-01 1.597509e+00 -0.995415 0.008741 0.053522 0.907635 0.020829 0.004688 0.995415 -0.006253 -0.029637 -0.930243 0.000000 
9.000000e-02 1.003099e-01 9.749871e-02 9.237061e-02 1.000000e-01 1.597509e+00 -0.995415 0.008741 0.053522 0.907635 0.020829 0.004688 0.995415 -0.006253 -0.029637 -0.930243 0.000000 
9.000000e-02 1.003099e-01 9.749871e-02 9.237061e-02 1.000000e-01 1.597509e+00 -0.995415 0.008741 0.053522 0.907635 0.020829 0.004688 0.995415 -0.006253 -0.029637 -0.930243 0.000000 
9.000000e-02 1.003099e-01 9.749871e-02 9.237061e-02 1.000000e-01 1.597509e+00 -0.995415 0.008741 0.053522 0.907635 0.020829 0.004688 0.995415 -0.006253 -0.029637 -0.930243 0.000000 
9.000000e-02 1.003099e-01 9.749871e-02 9.237061e-02 1.000000e-01 1.597509e+00 -0.995415 0.008741 0.053522 0.907635 0.020829 0.004688 0.995415 -0.006253 -0.029637 -0.930243 0.000000 
9.000000e-02 1.003099e-01 9.749871e-02 9.237061e-02 1.000000e-01 1.597509e+00 -0.995415 0.008741 0.053522 0.907635 0.020829 0.004688 0.995415 -0.006253 -0.029637 -0.930243 0.000000 
9.000000e-02 1.003099e-01 9.749871e-02 9.237061e-02 1.000000e-01 1.597509e+00 -0.995415 0.008741 0.053522 0.907635 0.020829 0.004688 0.995415 -0.006253 -0.029637 -0.930243 0.000000 
9.000000e-02 1.003099e-01 9.749871e-02 9.237061e-02 1.000000e-01 1.597509e+00 -0.995415 0.008741 0.053522 0.907635 0.020829 0.004688 0.995415 -0.006253 -0.029637 -0.930243 0.000000 
9.000000e-02 1.003099e-01 9.749871e-02 9.237061e-02 1.000000e-01 1.597509e+00 -0.995415 0.008741 0.053522 0.907635 0.020829 0.004688 0.995415 -0.006253 -0.029637 -0.930243 0.000000 
9.000000e-02 1.003099e-01 9.749871e-02 9.237061e-02 1.000000e-01 1.597509e+00 -0.995415 0.008741 0.053522 0.907635 0.020829 0.004688 0.995415 -0.006253 -0.029637 -0.930243 0.000000 
9.000000e-02 1.003099e-01 9.749871e-02 9.237061e-02 1.000000e-01 1.597509e+00 -0.995415 0.008741 0.053522 0.907635 0.020829 0.004688 0.995415 -0.006253 -0.029637 -0.930243 0.000000 
9.000000e-02 1.003099e-01 9.749871e-02 9.237061e-02 1.000000e-01 1.597509e+00 -0.995415 0.008741 0.053522 0.907635 0.020829 0.004688 0.995415 -0.006253 -0.029637 -0.930243 0.000000 
9.000000e-02 1.003099e-01 9.749871e-02 9.237061e-02 1.000000e-01 1.597509e+00 -0.995415 0.008741 0.053522 0.907635 0.020829 0.004688 0.995415 -0.006253 -0.029637 -0.930243 0.000000 
9.000000e-02 1.003099e-01 9.749871e-02 9.237061e-02 1.000000e-01 1.597509e+00 -0.995415 0.008741 0.053522 0.907635 0.020829 0.004688 0.995415 -0.006253 -0.029637 -0.930243 0.000000 
9.000000e-02 1.003099e-01 9.749871e-02 9.237061e-02 1.000000e-01 1.597509e+00 -0.995415 0.008741 0.053522 0.907635 0.020829 0.004688 0.995415 -0.006253 -0.029637 -0.930243 0.000000 
9.000000e-02 1.003099e-01 9.749871e-02 9.237061e-02 1.000000e-01 1.597509e+00 -0.995415 0.008741 0.053522 0.907635 0.020829 0.004688 0.995415 -0.006253 -0.029637 -0.930243 0.000000 
9.000000e-02 1.003099e-01 9.749871e-02 9.237061e-02 1.000000e-01 1.597509e+00 -0.995415 0.008741 0.053522 0.907635 0.020829 0.004688 0.995415 -0.006253 -0.029637 -0.930243 0.000000 
9.000000e-02 1.003099e-01 9.749871e-02 9.237061e-02 1.000000e-01 1.597509e+00 -0.995415 0.008741 0.053522 0.907635 0.020829 0.004688 0.995415 -0.006253 -0.029637 -0.930243 0.000000 
9.000000e-02 1.003099e-01 9.749871e-02 9.237061e-02 1.000000e-01 1.597509e+00 -0.995415 0.008741 0.053522 0.907635 0.020829 0.004688 0.995415 -0.006253 -0.029637 -0.930243 0.000000 
9.000000e-02 1.003099e-01 9.749871e-02 9.237061e-02 1.000000e-01 1.597509e+00 -0.995415 0.008741 0.053522 0.907635 0.020829 0.004688 0.995415 -0.006253 -0.029637 -0.930243 0.000000 
9.000000e-02 1.003099e-01 9.749871e-02 9.237061e-02 1.000000e-01 1.597509e+00 -0.995415 0.008741 0.053522 0.907635 0.020829 0.004688 0.995415 -0.006253 -0.029637 -0.930243 0.000000 
9.000000e-02 1.003099e-01 9.749871e-02 9.237061e-02 1.000000e-01 1.597509e+00 -0.995415 0.008741 0.053522 0.907635 0.020829 0.004688 0.995415 -0.006253 -0.029637 -0.930243 0.000000 
9.000000e-02 1.003099e-01 9.749871e-02 9.237061e-02 1.000000e-01 1.597509e+00 -0.995415 0.008741 0.053522 0.907635 0.020829 0.004688 0.995415 -0.006253 -0.029637 -0.930243 0.000000 
9.000000e-02 1.003099e-01 9.749871e-02 9.237061e-02 1.000000e-01 1.597509e+00 -0.995415 0.008741 0.053522 0.907635 0.020829 0.004688 0.995415 -0.006253 -0.029637 -0.930243 0.000000 
9.000000e-02 1.003099e-01 9.749871e-02 9.237061e-02 1.000000e-01 1.597509e+00 -0.995415 0.008741 0.053522 0.907635 0.020829 0.004688 0.995415 -0.006253 -0.029637 -0.930243 0.000000 
9.000000e-02 1.003099e-01 9.749871e-02 9.237061e-02 1.000000e-01 1.597509e+00 -0.995415 0.008741 0.053522 0.907635 0.020829 0.004688 0.995415 -0.006253 -0.029637 -0.930243 0.000000 
9.000000e-02 1.003099e-01 9.749871e-02 9.237061e-02 1.000000e-01 1.597509e+00 -0.995415 0.008741 0.053522 0.907635 0.020829 0.004688 0.995415 -0.006253 -0.029637 -0.930243 0.000000 
9.000000e-02 1.003099e-01 9.749871e-02 9.237061e-02 1.000000e-01 1.597509e+00 -0.995415 0.008741 0.053522 0.907635 0.020829 0.004688 0.995415 -0.006253 -0.029637 -0.930243 0.000000 
9.000000e-02 1.003099e-01 9.749871e-02 9.237061e-02 1.000000e-01 1.597509e+00 -0.995415 0.008741 0.053522 0.907635 0.020829 0.004688 0.995415 -0.006253 -0.029637 -0.930243 0.000000 
9.000000e-02 1.003099e-01 9.749871e-02 9.237061e-02 1.000000e-01 1.597509e+00 -0.995415 0.008741 0.053522 0.907635 0.020829 0.004688 0.995415 -0.006253 -0.029637 -0.930243 0.000000 
9.000000e-02 1.003099e-01 9.749871e-02 9.237061e-02 1.000000e-01 1.597509e+00 -0.995415 0.008741 0.053522 0.907635 0.020829 0.004688 0.995415 -0.006253 -0.029637 -0.930243 0.000000 
9.000000e-02 1.003099e-01 9.749871e-02 9.237061e-02 1.000000e-01 1.597509e+00 -0.995415 0.008741 0.053522 0.907635 0.020829 0.004688 0.995415 -0.006253 -0.029637 -0.930243 0.000000 
9.000000e-02 1.003099e-01 9.749871e-02 9.237061e-02 1.000000e-01 1.597509e+00 -0.995415 0.008741 0.053522 0.907635 0.020829 0.004688 0.995415 -0.006253 -0.029637 -0.930243 0.000000 
9.000000e-02 1.003099e-01 9.749871e-02 9.237061e-02 1.000000e-01 1.597509e+00 -0.995415 0.008741 0.053522 0.907635 0.020829 0.004688 0.995415 -0.006253 -0.029637 -0.930243 0.000000 
9.000000e-02 1.003099e-01 9.749871e-02 9.237061e-02 1.000000e-01 1.597509e+00 -0.995415 0.008741 0.053522 0.907635 0.020829 0.004688 0.995415 -0.006253 -0.029637 -0.930243 0.000000 
9.000000e-02 1.003099e-01 9.749871e-02 9.237061e-02 1.000000e-01 1.597509e+00 -0.995415 0.008741 0.053522 0.907635 0.020829 0.004688 0.995415 -0.006253 -0.029637 -0.930243 0.000000 
9.000000e-02 1.003099e-01 9.749871e-02 9.237061e-02 1.000000e-01 1.597509e+00 -0.995415 0.008741 0.053522 0.907635 0.020829 0.004688 0.995415 -0.006253 -0.029637 -0.930243 0.000000 
9.000000e-02 1.003099e-01 9.749871e-02 9.237061e-02 1.000000e-01 1.597509e+00 -0.995415 0.008741 0.053522 0.907635 0.020829 0.004688 0.995415 -0.006253 -0.029637 -0.930243 0.000000 
9.000000e-02 1.003099e-01 9.749871e-02 9.237061e-02 1.000000e-01 1.597509e+00 -0.995415 0.008741 0.053522 0.907635 0.020829 0.004688 0.995415 -0.006253 -0.029637 -0.930243 0.000000 
9.000000e-02 1.003099e-01 9.749871e-02 9.237061e-02 1.000000e-01 1.597509e+00 -0.995415 0.008741 0.053522 0.907635 0.020829 0.004688 0.995415 -0.006253 -0.029637 -0.930243 0.000000 
9.000000e-02 1.003099e-01 9.749871e-02 9.237061e-02 1.000000e-01 1.597509e+00 -0.995415 0.008741 0.053522 0.907635 0.020829 0.004688 0.995415 -0.006253 -0.029637 -0.930243 0.000000 
9.000000e-02 1.003099e-01 9.749871e-02 9.237061e-02 1.000000e-01 1.597509e+00 -0.995415 0.008741 0.053522 0.907635 0.020829 0.004688 0.995415 -0.006253 -0.029637 -0.930243 0.000000 
9.000000e-02 1.003099e-01 9.749871e-02 9.237061e-02 1.000000e-01 1.597509e+00 -0.995415 0.008741 0.053522 0.907635 0.020829 0.004688 0.995415 -0.006253 -0.029637 -0.930243 0.000000 
9.000000e-02 1.003099e-01 9.749871e-02 9.237061e-02 1.000000e-01 1.597509e+00 -0.995415 0.008741 0.053522 0.907635 0.020829 0.004688 0.995415 -0.006253 -0.029637 -0.930243 0.000000 
9.000000e-02 1.003099e-01 9.749871e-02 9.237061e-02 1.000000e-01 1.597509e+00 -0.995415 0.008741 0.053522 0.907635 0.020829 0.004688 0.995415 -0.006253 -0.029637 -0.930243 0.000000 
9.000000e-02 1.003099e-01 9.749871e-02 9.237061e-02 1.000000e-01 1.597509e+00 -0.995415 0.008741 0.053522 0.907635 0.020829 0.004688 0.995415 -0.006253 -0.029637 -0.930243 0.000000 
9.000000e-02 1.003099e-01 9.749871e-02 9.237061e-02 1.000000e-01 1.597509e+00 -0.995415 0.008741 0.053522 0.907635 0.020829 0.004688 0.995415 -0.006253 -0.029637 -0.930243 0.000000 
9.000000e-02 1.003099e-01 9.749871e-02 9.237061e-02 1.000000e-01 1.597509e+00 -0.995415 0.008741 0.053522 0.907635 0.020829 0.004688 0.995415 -0.006253 -0.029637 -0.930243 0.000000 
9.000000e-02 1.003099e-01 9.749871e-02 9.237061e-02 1.000000e-01 1.597509e+00 -0.995415 0.008741 0.053522 0.907635 0.020829 0.004688 0.995415 -0.006253 -0.029637 -0.930243 0.000000 
9.000000e-02 1.003099e-01 9.749871e-02 9.237061e-02 1.000000e-01 1.597509e+00 -0.995415 0.008741 0.053522 0.907635 0.020829 0.004688 0.995415 -0.006253 -0.029637 -0.930243 0.000000 
9.000000e-02 1.003099e-01 9.749871e-02 9.237061e-02 1.000000e-01 1.597509e+00 -0.995415 0.008741 0.053522 0.907635 0.020829 0.004688 0.995415 -0.006253 -0.029637 -0.930243 0.000000 
9.000000e-02 1.003099e-01 9.749871e-02 9.237061e-02 1.000000e-01 1.597509e+00 -0.995415 0.008741 0.053522 0.907635 0.020829 0.004688 0.995415 -0.006253 -0.029637 -0.930243 0.000000 
9.000000e-02 1.003099e-01 9.749871e-02 9.237061e-02 1.000000e-01 1.597509e+00 -0.995415 0.008741 0.053522 0.907635 0.020829 0.004688 0.995415 -0.006253 -0.029637 -0.930243 0.000000 
9.000000e-02 1.003099e-01 9.749871e-02 9.237061e-02 1.000000e-01 1.597509e+00 -0.995415 0.008741 0.053522 0.907635 0.020829 0.004688 0.995415 -0.006253 -0.029637 -0.930243 0.000000 
9.000000e-02 1.003099e-01 9.749871e-02 9.237061e-02 1.000000e-01 1.597509e+00 -0.995415 0.008741 0.053522 0.907635 0.020829 0.004688 0.995415 -0.006253 -0.029637 -0.930243 0.000000 
9.000000e-02 1.003099e-01 9.749871e-02 9.237061e-02 1.000000e-01 1.597509e+00 -0.995415 0.008741 0.053522 0.907635 0.020829 0.004688 0.995415 -0.006253 -0.029637 -0.930243 0.000000 
9.000000e-02 1.003099e-01 9.749871e-02 9.237061e-02 1.000000e-01 1.597509e+00 -0.995415 0.008741 0.053522 0.907635 0.020829 0.004688 0.995415 -0.006253 -0.029637 -0.930243 0.000000 
9.000000e-02 1.003099e-01 9.749871e-02 9.237061e-02 1.000000e-01 1.597509e+00 -0.995415 0.008741 0.053522 0.907635 0.020829 0.004688 0.995415 -0.006253 -0.029637 -0.930243 0.000000 
9.000000e-02 1.003099e-01 9.749871e-02 9.237061e-02 1.000000e-01 1.597509e+00 -0.995415 0.008741 0.053522 0.907635 0.020829 0.004688 0.995415 -0.006253 -0.029637 -0.930243 0.000000 
9.000000e-02 1.003099e-01 9.749871e-02 9.237061e-02 1.000000e-01 1.597509e+00 -0.995415 0.008741 0.053522 0.907635 0.020829 0.004688 0.995415 -0.006253 -0.029637 -0.930243 0.000000 
9.000000e-02 1.003099e-01 9.749871e-02 9.237061e-02 1.000000e-01 1.597509e+00 -0.995415 0.008741 0.053522 0.907635 0.020829 0.004688 0.995415 -0.006253 -0.029637 -0.930243 0.000000 
9.000000e-02 1.003099e-01 9.749871e-02 9.237061e-02 1.000000e-01 1.597509e+00 -0.995415 0.008741 0.053522 0.907635 0.020829 0.004688 0.995415 -0.006253 -0.029637 -0.930243 0.000000 
9.000000e-02 1.003099e-01 9.749871e-02 9.237061e-02 1.000000e-01 1.597509e+00 -0.995415 0.008741 0.053522 0.907635 0.020829 0.004688 0.995415 -0.006253 -0.029637 -0.930243 0.000000 
9.000000e-02 1.003099e-01 9.749871e-02 9.237061e-02 1.000000e-01 1.597509e+00 -0.995415 0.008741 0.053522 0.907635 0.020829 0.004688 0.995415 -0.006253 -0.029637 -0.930243 0.000000 
9.000000e-02 1.003099e-01 9.749871e-02 9.237061e-02 1.000000e-01 1.597509e+00 -0.995415 0.008741 0.053522 0.907635 0.020829 0.004688 0.995415 -0.006253 -0.029637 -0.930243 0.000000 
9.000000e-02 1.003099e-01 9.749871e-02 9.237061e-02 1.000000e-01 1.597509e+00 -0.995415 0.008741 0.053522 0.907635 0.020829 0.004688 0.995415 -0.006253 -0.029637 -0.930243 0.000000 
9.000000e-02 1.003099e-01 9.749871e-02 9.237061e-02 1.000000e-01 1.597509e+00 -0.995415 0.008741 0.053522 0.907635 0.020829 0.004688 0.995415 -0.006253 -0.029637 -0.930243 0.000000 
9.000000e-02 1.003099e-01 9.749871e-02 9.237061e-02 1.000000e-01 1.597509e+00 -0.995415 0.008741 0.053522 0.907635 0.020829 0.004688 0.995415 -0.006253 -0.029637 -0.930243 0.000000 
9.000000e-02 1.003099e-01 9.749871e-02 9.237061e-02 1.000000e-01 1.597509e+00 -0.995415 0.008741 0.053522 0.907635 0.020829 0.004688 0.995415 -0.006253 -0.029637 -0.930243 0.000000 
9.000000e-02 1.003099e-01 9.749871e-02 9.237061e-02 1.000000e-01 1.597509e+00 -0.995415 0.008741 0.053522 0.907635 0.020829 0.004688 0.995415 -0.006253 -0.029637 -0.930243 0.000000 
9.000000e-02 1.003099e-01 9.749871e-02 9.237061e-02 1.000000e-01 1.597509e+00 -0.995415 0.008741 0.053522 0.907635 0.020829 0.004688 0.995415 -0.006253 -0.029637 -0.930243 0.000000 
9.000000e-02 1.003099e-01 9.749871e-02 9.237061e-02 1.000000e-01 1.597509e+00 -0.995415 0.008741 0.053522 0.907635 0.020829 0.004688 0.995415 -0.006253 -0.029637 -0.930243 0.000000 
9.000000e-02 1.003099e-01 9.749871e-02 9.237061e-02 1.000000e-01 1.597509e+00 -0.995415 0.008741 0.053522 0.907635 0.020829 0.004688 0.995415 -0.006253 -0.029637 -0.930243 0.000000 
9.000000e-02 1.003099e-01 9.749871e-02 9.237061e-02 1.000000e-01 1.597509e+00 -0.995415 0.008741 0.053522 0.907635 0.020829 0.004688 0.995415 -0.006253 -0.029637 -0.930243 0.000000 
9.000000e-02 1.003099e-01 9.749871e-02 9.237061e-02 1.000000e-01 1.597509e+00 -0.995415 0.008741 0.053522 0.907635 0.020829 0.004688 0.995415 -0.006253 -0.029637 -0.930243 0.000000 
9.000000e-02 1.003099e-01 9.749871e-02 9.237061e-02 1.000000e-01 1.597509e+00 -0.995415 0.008741 0.053522 0.907635 0.020829 0.004688 0.995415 -0.006253 -0.029637 -0.930243 0.000000 
9.000000e-02 1.003099e-01 9.749871e-02 9.237061e-02 1.000000e-01 1.597509e+00 -0.995415 0.008741 0.053522 0.907635 0.020829 0.004688 0.995415 -0.006253 -0.029637 -0.930243 0.000000 
9.000000e-02 1.003099e-01 9.749871e-02 9.237061e-02 1.000000e-01 1.597509e+00 -0.995415 0.008741 0.053522 0.907635 0.020829 0.004688 0.995415 -0.006253 -0.029637 -0.930243 0.000000 
9.000000e-02 1.003099e-01 9.749871e-02 9.237061e-02 1.000000e-01 1.597509e+00 -0.995415 0.008741 0.053522 0.907635 0.020829 0.004688 0.995415 -0.006253 -0.029637 -0.930243 0.000000 
9.000000e-02 1.003099e-01 9.749871e-02 9.237061e-02 1.000000e-01 1.597509e+00 -0.995415 0.008741 0.053522 0.907635 0.020829 0.004688 0.995415 -0.006253 -0.029637 -0.930243 0.000000 
9.000000e-02 1.003099e-01 9.749871e-02 9.237061e-02 1.000000e-01 1.597509e+00 -0.995415 0.008741 0.053522 0.907635 0.020829 0.004688 0.995415 -0.006253 -0.029637 -0.930243 0.000000 
9.000000e-02 1.003099e-01 9.749871e-02 9.237061e-02 1.000000e-01 1.597509e+00 -0.995415 0.008741 0.053522 0.907635 0.020829 0.004688 0.995415 -0.006253 -0.029637 -0.930243 0.000000 
9.000000e-02 1.003099e-01 9.749871e-02 9.237061e-02 1.000000e-01 1.597509e+00 -0.995415 0.008741 0.053522 0.907635 0.020829 0.004688 0.995415 -0.006253 -0.029637 -0.930243 0.000000 
9.000000e-02 1.003099e-01 9.749871e-02 9.237061e-02 1.000000e-01 1.597509e+00 -0.995415 0.008741 0.053522 0.907635 0.020829 0.004688 0.995415 -0.006253 -0.029637 -0.930243 0.000000 
9.000000e-02 1.003099e-01 9.749871e-02 9.237061e-02 1.000000e-01 1.597509e+00 -0.995415 0.008741 0.053522 0.907635 0.020829 0.004688 0.995415 -0.006253 -0.029637 -0.930243 0.000000 
9.000000e-02 1.003099e-01 9.749871e-02 9.237061e-02 1.000000e-01 1.597509e+00 -0.995415 0.008741 0.053522 0.907635 0.020829 0.004688 0.995415 -0.006253 -0.029637 -0.930243 0.000000 
9.000000e-02 1.003099e-01 9.749871e-02 9.237061e-02 1.000000e-01 1.597509e+00 -0.995415 0.008741 0.053522 0.907635 0.020829 0.004688 0.995415 -0.006253 -0.029637 -0.930243 0.000000 
9.000000e-02 1.003099e-01 9.749871e-02 9.237061e-02 1.000000e-01 1.597509e+00 -0.995415 0.008741 0.053522 0.907635 0.020829 0.004688 0.995415 -0.006253 -0.029637 -0.930243 0.000000 
9.000000e-02 1.003099e-01 9.749871e-02 9.237061e-02 1.000000e-01 1.597509e+00 -0.995415 0.008741 0.053522 0.907635 0.020829 0.004688 0.995415 -0.006253 -0.029637 -0.930243 0.000000 
9.000000e-02 1.003099e-01 9.749871e-02 9.237061e-02 1.000000e-01 1.597509e+00 -0.995415 0.008741 0.053522 0.907635 0.020829 0.004688 0.995415 -0.006253 -0.029637 -0.930243 0.000000 
9.000000e-02 1.003099e-01 9.749871e-02 9.237061e-02 1.000000e-01 1.597509e+00 -0.995415 0.008741 0.053522 0.907635 0.020829 0.004688 0.995415 -0.006253 -0.029637 -0.930243 0.000000 
9.000000e-02 1.003099e-01 9.749871e-02 9.237061e-02 1.000000e-01 1.597509e+00 -0.995415 0.008741 0.053522 0.907635 0.020829 0.004688 0.995415 -0.006253 -0.029637 -0.930243 0.000000 
9.000000e-02 1.003099e-01 9.749871e-02 9.237061e-02 1.000000e-01 1.597509e+00 -0.995415 0.008741 0.053522 0.907635 0.020829 0.004688 0.995415 -0.006253 -0.029637 -0.930243 0.000000 
9.000000e-02 1.003099e-01 9.749871e-02 9.237061e-02 1.000000e-01 1.597509e+00 -0.995415 0.008741 0.053522 0.907635 0.020829 0.004688 0.995415 -0.006253 -0.029637 -0.930243 0.000000 
9.000000e-02 1.003099e-01 9.749871e-02 9.237061e-02 1.000000e-01 1.597509e+00 -0.995415 0.008741 0.053522 0.907635 0.020829 0.004688 0.995415 -0.006253 -0.029637 -0.930243 0.000000 
9.000000e-02 1.003099e-01 9.749871e-02 9.237061e-02 1.000000e-01 1.597509e+00 -0.995415 0.008741 0.053522 0.907635 0.020829 0.004688 0.995415 -0.006253 -0.029637 -0.930243 0.000000 
9.000000e-02 1.003099e-01 9.749871e-02 9.237061e-02 1.000000e-01 1.597509e+00 -0.995415 0.008741 0.053522 0.907635 0.020829 0.004688 0.995415 -0.006253 -0.029637 -0.930243 0.000000 
9.000000e-02 1.003099e-01 9.749871e-02 9.237061e-02 1.000000e-01 1.597509e+00 -0.995415 0.008741 0.053522 0.907635 0.020829 0.004688 0.995415 -0.006253 -0.029637 -0.930243 0.000000 
9.000000e-02 1.003099e-01 9.749871e-02 9.237061e-02 1.000000e-01 1.597509e+00 -0.995415 0.008741 0.053522 0.907635 0.020829 0.004688 0.995415 -0.006253 -0.029637 -0.930243 0.000000 
9.000000e-02 1.003099e-01 9.749871e-02 9.237061e-02 1.000000e-01 1.597509e+00 -0.995415 0.008741 0.053522 0.907635 0.020829 0.004688 0.995415 -0.006253 -0.029637 -0.930243 0.000000 
9.000000e-02 1.003099e-01 9.749871e-02 9.237061e-02 1.000000e-01 1.597509e+00 -0.995415 0.008741 0.053522 0.907635 0.020829 0.004688 0.995415 -0.006253 -0.029637 -0.930243 0.000000 
9.000000e-02 1.003099e-01 9.749871e-02 9.237061e-02 1.000000e-01 1.597509e+00 -0.995415 0.008741 0.053522 0.907635 0.020829 0.004688 0.995415 -0.006253 -0.029637 -0.930243 0.000000 
9.000000e-02 1.003099e-01 9.749871e-02 9.237061e-02 1.000000e-01 1.597509e+00 -0.995415 0.008741 0.053522 0.907635 0.020829 0.004688 0.995415 -0.006253 -0.029637 -0.930243 0.000000 
9.000000e-02 1.003099e-01 9.749871e-02 9.237061e-02 1.000000e-01 1.597509e+00 -0.995415 0.008741 0.053522 0.907635 0.020829 0.004688 0.995415 -0.006253 -0.029637 -0.930243 0.000000 
9.000000e-02 1.003099e-01 9.749871e-02 9.237061e-02 1.000000e-01 1.597509e+00 -0.995415 0.008741 0.053522 0.907635 0.020829 0.004688 0.995415 -0.006253 -0.029637 -0.930243 0.000000 
9.000000e-02 1.003099e-01 9.749871e-02 9.237061e-02 1.000000e-01 1.597509e+00 -0.995415 0.008741 0.053522 0.907635 0.020829 0.004688 0.995415 -0.006253 -0.029637 -0.930243 0.000000 
9.000000e-02 1.003099e-01 9.749871e-02 9.237061e-02 1.000000e-01 1.597509e+00 -0.995415 0.008741 0.053522 0.907635 0.020829 0.004688 0.995415 -0.006253 -0.029637 -0.930243 0.000000 
9.000000e-02 1.003099e-01 9.749871e-02 9.237061e-02 1.000000e-01 1.597509e+00 -0.995415 0.008741 0.053522 0.907635 0.020829 0.004688 0.995415 -0.006253 -0.029637 -0.930243 0.000000 
9.000000e-02 1.003099e-01 9.749871e-02 9.237061e-02 1.000000e-01 1.597509e+00 -0.995415 0.008741 0.053522 0.907635 0.020829 0.004688 0.995415 -0.006253 -0.029637 -0.930243 0.000000 
9.000000e-02 1.003099e-01 9.749871e-02 9.237061e-02 1.000000e-01 1.597509e+00 -0.995415 0.008741 0.053522 0.907635 0.020829 0.004688 0.995415 -0.006253 -0.029637 -0.930243 0.000000 
9.000000e-02 1.003099e-01 9.749871e-02 9.237061e-02 1.000000e-01 1.597509e+00 -0.995415 0.008741 0.053522 0.907635 0.020829 0.004688 0.995415 -0.006253 -0.029637 -0.930243 0.000000 
9.000000e-02 1.003099e-01 9.749871e-02 9.237061e-02 1.000000e-01 1.597509e+00 -0.995415 0.008741 0.053522 0.907635 0.020829 0.004688 0.995415 -0.006253 -0.029637 -0.930243 0.000000 
9.000000e-02 1.003099e-01 9.749871e-02 9.237061e-02 1.000000e-01 1.597509e+00 -0.995415 0.008741 0.053522 0.907635 0.020829 0.004688 0.995415 -0.006253 -0.029637 -0.930243 0.000000 
9.000000e-02 1.003099e-01 9.749871e-02 9.237061e-02 1.000000e-01 1.597509e+00 -0.995415 0.008741 0.053522 0.907635 0.020829 0.004688 0.995415 -0.006253 -0.029637 -0.930243 0.000000 
9.000000e-02 1.003099e-01 9.749871e-02 9.237061e-02 1.000000e-01 1.597509e+00 -0.995415 0.008741 0.053522 0.907635 0.020829 0.004688 0.995415 -0.006253 -0.029637 -0.930243 0.000000 
9.000000e-02 1.003099e-01 9.749871e-02 9.237061e-02 1.000000e-01 1.597509e+00 -0.995415 0.008741 0.053522 0.907635 0.020829 0.004688 0.995415 -0.006253 -0.029637 -0.930243 0.000000 
9.000000e-02 1.003099e-01 9.749871e-02 9.237061e-02 1.000000e-01 1.597509e+00 -0.995415 0.008741 0.053522 0.907635 0.020829 0.004688 0.995415 -0.006253 -0.029637 -0.930243 0.000000 
9.000000e-02 1.003099e-01 9.749871e-02 9.237061e-02 1.000000e-01 1.597509e+00 -0.995415 0.008741 0.053522 0.907635 0.020829 0.004688 0.995415 -0.006253 -0.029637 -0.930243 0.000000 
9.000000e-02 1.003099e-01 9.749871e-02 9.237061e-02 1.000000e-01 1.597509e+00 -0.995415 0.008741 0.053522 0.907635 0.020829 0.004688 0.995415 -0.006253 -0.029637 -0.930243 0.000000 
9.000000e-02 1.003099e-01 9.749871e-02 9.237061e-02 1.000000e-01 1.597509e+00 -0.995415 0.008741 0.053522 0.907635 0.020829 0.004688 0.995415 -0.006253 -0.029637 -0.930243 0.000000 
9.000000e-02 1.003099e-01 9.749871e-02 9.237061e-02 1.000000e-01 1.597509e+00 -0.995415 0.008741 0.053522 0.907635 0.020829 0.004688 0.995415 -0.006253 -0.029637 -0.930243 0.000000 
