# TeX TeY TeZ ThX ThY THZ P1 P2
1.300000e-01 1.000000e-01 1.045000e+00 1.300000e-01 1.000000e-01 1.045000e+00 0.000000 0.000000 0.000000 0.000000 0.000000 0.000000 0.000000 0.000000 0.000000 0.000000 0.000000 
1.300000e-01 1.000000e-01 1.034361e+00 1.300000e-01 1.000000e-01 1.053028e+00 -0.012333 0.001579 0.003160 0.003170 0.003193 0.001231 0.012333 -0.001583 -0.003166 -0.003169 0.000000 
1.300000e-01 1.000000e-01 1.023671e+00 1.300000e-01 1.000000e-01 1.061039e+00 -0.024688 0.003160 0.006327 0.006345 0.006392 0.002465 0.024688 -0.003169 -0.006338 -0.006344 0.000000 
1.300000e-01 1.000000e-01 1.012929e+00 1.300000e-01 1.000000e-01 1.069031e+00 -0.037065 0.004744 0.009498 0.009526 0.009596 0.003700 0.037065 -0.004757 -0.009516 -0.009525 0.000000 
1.300000e-01 1.000000e-01 1.002138e+00 1.300000e-01 1.000000e-01 1.077005e+00 -0.049463 0.006331 0.012675 0.012712 0.012806 0.004938 0.049463 -0.006348 -0.012699 -0.012711 0.000000 
1.300000e-01 1.000000e-01 9.912963e-01 1.300000e-01 1.000000e-01 1.084961e+00 -0.061882 0.007921 0.015858 0.015904 0.016021 0.006178 0.061882 -0.007942 -0.015887 -0.015902 0.000000 
1.300000e-01 1.000000e-01 9.804053e-01 1.300000e-01 1.000000e-01 1.092898e+00 -0.074321 0.009512 0.019045 0.019101 0.019243 0.007421 0.074321 -0.009539 -0.019081 -0.019099 0.000000 
1.300000e-01 1.000000e-01 9.694653e-01 1.300000e-01 1.000000e-01 1.100816e+00 -0.086781 0.011106 0.022236 0.022303 0.022469 0.008665 0.086781 -0.011138 -0.022280 -0.022300 0.000000 
1.300000e-01 1.000000e-01 9.584766e-01 1.300000e-01 1.000000e-01 1.108715e+00 -0.099259 0.012703 0.025433 0.025510 0.025702 0.009912 0.099259 -0.012739 -0.025483 -0.025507 0.000000 
1.300000e-01 1.000000e-01 9.474398e-01 1.300000e-01 1.000000e-01 1.116595e+00 -0.111757 0.014301 0.028633 0.028722 0.028940 0.011161 0.111757 -0.014343 -0.028692 -0.028719 0.000000 
1.300000e-01 1.000000e-01 9.363552e-01 1.300000e-01 1.000000e-01 1.124456e+00 -0.124274 0.015900 0.031837 0.031939 0.032185 0.012413 0.124274 -0.015950 -0.031905 -0.031935 0.000000 
1.300000e-01 1.000000e-01 9.252232e-01 1.300000e-01 1.000000e-01 1.132297e+00 -0.136809 0.017502 0.035045 0.035161 0.035434 0.013667 0.136809 -0.017558 -0.035124 -0.035156 0.000000 
1.300000e-01 1.000000e-01 9.140444e-01 1.300000e-01 1.000000e-01 1.140118e+00 -0.149362 0.019105 0.038256 0.038387 0.038690 0.014923 0.149362 -0.019170 -0.038346 -0.038382 0.000000 
1.300000e-01 1.000000e-01 9.028190e-01 1.300000e-01 1.000000e-01 1.147918e+00 -0.161932 0.020709 0.041471 0.041618 0.041952 0.016182 0.161932 -0.020783 -0.041573 -0.041612 0.000000 
1.300000e-01 1.000000e-01 8.915475e-01 1.300000e-01 1.000000e-01 1.155699e+00 -0.174519 0.022314 0.044688 0.044854 0.045220 0.017443 0.174519 -0.022398 -0.044805 -0.044847 0.000000 
1.300000e-01 1.000000e-01 8.802304e-01 1.300000e-01 1.000000e-01 1.163459e+00 -0.187123 0.023920 0.047908 0.048094 0.048494 0.018707 0.187123 -0.024016 -0.048041 -0.048085 0.000000 
1.300000e-01 1.000000e-01 8.688679e-01 1.299999e-01 1.000000e-01 1.171198e+00 -0.199743 0.025526 0.051130 0.051338 0.051775 0.019974 0.199743 -0.025636 -0.051281 -0.051328 0.000000 
1.300000e-01 1.000000e-01 8.574606e-01 1.299999e-01 1.000000e-01 1.178916e+00 -0.212379 0.027133 0.054353 0.054586 0.055062 0.021244 0.212379 -0.027257 -0.054525 -0.054575 0.000000 
1.300000e-01 1.000000e-01 8.460087e-01 1.299999e-01 1.000000e-01 1.186613e+00 -0.225030 0.028740 0.057578 0.057839 0.058356 0.022516 0.225030 -0.028881 -0.057773 -0.057826 0.000000 
1.300000e-01 1.000000e-01 8.345128e-01 1.299999e-01 1.000000e-01 1.194288e+00 -0.237696 0.030347 0.060805 0.061095 0.061656 0.023792 0.237696 -0.030507 -0.061025 -0.061081 0.000000 
1.300000e-01 1.000000e-01 8.229732e-01 1.299999e-01 1.000000e-01 1.201942e+00 -0.250376 0.031954 0.064031 0.064356 0.064965 0.025071 0.250376 -0.032134 -0.064280 -0.064340 0.000000 
1.300000e-01 1.000000e-01 8.113902e-01 1.299999e-01 1.000000e-01 1.209573e+00 -0.263071 0.033559 0.067257 0.067620 0.068280 0.026354 0.263071 -0.033763 -0.067539 -0.067602 0.000000 
1.300000e-01 1.000000e-01 7.997642e-01 1.299999e-01 1.000000e-01 1.217182e+00 -0.275779 0.035163 0.070483 0.070888 0.071604 0.027640 0.275779 -0.035394 -0.070802 -0.070868 0.000000 
1.300000e-01 1.000000e-01 7.880957e-01 1.299998e-01 1.000000e-01 1.224769e+00 -0.288500 0.036766 0.073708 0.074160 0.074936 0.028930 0.288500 -0.037027 -0.074068 -0.074137 0.000000 
1.300000e-01 9.999999e-02 7.763850e-01 1.299998e-01 1.000000e-01 1.232333e+00 -0.301235 0.038366 0.076930 0.077436 0.078278 0.030224 0.301235 -0.038661 -0.077337 -0.077409 0.000000 
1.300000e-01 9.999999e-02 7.646324e-01 1.299998e-01 1.000000e-01 1.239873e+00 -0.313981 0.039964 0.080150 0.080715 0.081629 0.031523 0.313981 -0.040297 -0.080610 -0.080685 0.000000 
1.300000e-01 9.999999e-02 7.528384e-01 1.299998e-01 1.000000e-01 1.247391e+00 -0.326740 0.041558 0.083366 0.083998 0.084990 0.032827 0.326740 -0.041935 -0.083885 -0.083963 0.000000 
1.300000e-01 9.999999e-02 7.410032e-01 1.299997e-01 1.000000e-01 1.254884e+00 -0.339510 0.043149 0.086579 0.087284 0.088362 0.034135 0.339510 -0.043574 -0.087164 -0.087245 0.000000 
1.300000e-01 9.999999e-02 7.291272e-01 1.299997e-01 1.000000e-01 1.262354e+00 -0.352291 0.044734 0.089785 0.090574 0.091747 0.035450 0.352291 -0.045214 -0.090445 -0.090529 0.000000 
1.300000e-01 9.999999e-02 7.172109e-01 1.299997e-01 1.000000e-01 1.269800e+00 -0.365083 0.046315 0.092985 0.093868 0.095144 0.036771 0.365083 -0.046856 -0.093729 -0.093816 0.000000 
1.300000e-01 9.999998e-02 7.052545e-01 1.299996e-01 1.000000e-01 1.277221e+00 -0.377886 0.047889 0.096177 0.097165 0.098555 0.038099 0.377885 -0.048499 -0.097016 -0.097106 0.000000 
1.300000e-01 9.999998e-02 6.932584e-01 1.299996e-01 1.000000e-01 1.284617e+00 -0.390698 0.049456 0.099361 0.100466 0.101981 0.039434 0.390697 -0.050143 -0.100305 -0.100398 0.000000 
1.300000e-01 9.999998e-02 6.812228e-01 1.299995e-01 1.000000e-01 1.291988e+00 -0.403519 0.051014 0.102533 0.103770 0.105424 0.040777 0.403519 -0.051789 -0.103597 -0.103693 0.000000 
1.300000e-01 9.999997e-02 6.691483e-01 1.299994e-01 1.000000e-01 1.299334e+00 -0.416350 0.052563 0.105694 0.107079 0.108885 0.042129 0.416350 -0.053436 -0.106891 -0.106990 0.000000 
1.300000e-01 9.999997e-02 6.570350e-01 1.299993e-01 1.000000e-01 1.306654e+00 -0.429189 0.054100 0.108840 0.110391 0.112366 0.043491 0.429189 -0.055083 -0.110187 -0.110290 0.000000 
1.300000e-01 9.999996e-02 6.448834e-01 1.299992e-01 1.000000e-01 1.313948e+00 -0.442036 0.055625 0.111971 0.113708 0.115869 0.044863 0.442036 -0.056732 -0.113486 -0.113591 0.000000 
1.300000e-01 9.999995e-02 6.326937e-01 1.299991e-01 1.000000e-01 1.321216e+00 -0.454891 0.057136 0.115083 0.117029 0.119395 0.046247 0.454891 -0.058382 -0.116786 -0.116894 0.000000 
1.300000e-01 9.999994e-02 6.204663e-01 1.299990e-01 1.000000e-01 1.328457e+00 -0.467753 0.058630 0.118174 0.120356 0.122948 0.047644 0.467753 -0.060033 -0.120088 -0.120200 0.000000 
1.300000e-01 9.999993e-02 6.082014e-01 1.299989e-01 1.000000e-01 1.335671e+00 -0.480622 0.060107 0.121243 0.123687 0.126530 0.049054 0.480622 -0.061684 -0.123392 -0.123507 0.000000 
1.300000e-01 9.999992e-02 5.958995e-01 1.299987e-01 1.000000e-01 1.342857e+00 -0.493498 0.061562 0.124284 0.127025 0.130145 0.050481 0.493498 -0.063337 -0.126698 -0.126815 0.000000 
1.300000e-01 9.999990e-02 5.835608e-01 1.299985e-01 1.000000e-01 1.350016e+00 -0.506379 0.062997 0.127298 0.130369 0.133792 0.051923 0.506379 -0.064990 -0.130005 -0.130126 0.000000 
1.300000e-01 9.999988e-02 5.711856e-01 1.299983e-01 1.000000e-01 1.357147e+00 -0.519267 0.064401 0.130275 0.133721 0.137483 0.053386 0.519266 -0.066644 -0.133314 -0.133437 0.000000 
1.300000e-01 9.999985e-02 5.587743e-01 1.299981e-01 1.000000e-01 1.364250e+00 -0.532159 0.065779 0.133218 0.137081 0.141213 0.054867 0.532159 -0.068299 -0.136623 -0.136750 0.000000 
1.300000e-01 9.999982e-02 5.463270e-01 1.299978e-01 1.000000e-01 1.371323e+00 -0.545056 0.067122 0.136117 0.140452 0.144992 0.056371 0.545055 -0.069954 -0.139934 -0.140064 0.000000 
1.300000e-01 9.999979e-02 5.338443e-01 1.299975e-01 1.000000e-01 1.378368e+00 -0.557957 0.068428 0.138970 0.143834 0.148824 0.057899 0.557957 -0.071610 -0.143247 -0.143380 0.000000 
1.300000e-01 9.999974e-02 5.213262e-01 1.299972e-01 1.000000e-01 1.385383e+00 -0.570862 0.069694 0.141774 0.147230 0.152711 0.059452 0.570861 -0.073266 -0.146560 -0.146696 0.000000 
1.300000e-01 9.999969e-02 5.087731e-01 1.299968e-01 1.000000e-01 1.392368e+00 -0.583770 0.070909 0.144514 0.150643 0.156668 0.061035 0.583770 -0.074922 -0.149874 -0.150013 0.000000 
1.300000e-01 9.999962e-02 4.961854e-01 1.299963e-01 1.000000e-01 1.399323e+00 -0.596681 0.072074 0.147194 0.154075 0.160690 0.062646 0.596681 -0.076579 -0.153188 -0.153331 0.000000 
1.300000e-01 9.999954e-02 4.835633e-01 1.299958e-01 1.000000e-01 1.406248e+00 -0.609595 0.073178 0.149799 0.157532 0.164794 0.064292 0.609594 -0.078236 -0.156504 -0.156650 0.000000 
1.300000e-01 9.999944e-02 4.709070e-01 1.299952e-01 1.000000e-01 1.413141e+00 -0.622510 0.074214 0.152322 0.161017 0.168985 0.065971 0.622510 -0.079894 -0.159820 -0.159970 0.000000 
1.300000e-01 9.999932e-02 4.582169e-01 1.299946e-01 1.000000e-01 1.420003e+00 -0.635427 0.075181 0.154764 0.164533 0.173264 0.067685 0.635427 -0.081551 -0.163136 -0.163291 0.000000 
1.300000e-01 9.999918e-02 4.454932e-01 1.299938e-01 1.000000e-01 1.426833e+00 -0.648346 0.076054 0.157091 0.168096 0.177662 0.069441 0.648346 -0.083208 -0.166453 -0.166612 0.000000 
1.300000e-01 9.999900e-02 4.327362e-01 1.299930e-01 1.000000e-01 1.433630e+00 -0.661265 0.076838 0.159315 0.171707 0.182170 0.071235 0.661264 -0.084865 -0.169770 -0.169935 0.000000 
1.300000e-01 9.999878e-02 4.199462e-01 1.299920e-01 1.000000e-01 1.440395e+00 -0.674184 0.077519 0.161416 0.175376 0.186805 0.073068 0.674184 -0.086521 -0.173087 -0.173259 0.000000 
1.300000e-01 9.999852e-02 4.071234e-01 1.299908e-01 1.000000e-01 1.447127e+00 -0.687103 0.078070 0.163365 0.179125 0.191597 0.074944 0.687102 -0.088175 -0.176403 -0.176585 0.000000 
1.300000e-01 9.999820e-02 3.942681e-01 1.299896e-01 1.000000e-01 1.453826e+00 -0.700021 0.078498 0.165167 0.182959 0.196539 0.076857 0.700021 -0.089829 -0.179720 -0.179913 0.000000 
1.300000e-01 9.999780e-02 3.813806e-01 1.299881e-01 1.000000e-01 1.460490e+00 -0.712938 0.078778 0.166793 0.186901 0.201659 0.078806 0.712937 -0.091479 -0.183037 -0.183247 0.000000 
1.300000e-01 9.999732e-02 3.684612e-01 1.299864e-01 1.000000e-01 1.467120e+00 -0.725853 0.078879 0.168203 0.190985 0.206996 0.080788 0.725853 -0.093126 -0.186354 -0.186587 0.000000 
1.300000e-01 9.999673e-02 3.555099e-01 1.299845e-01 1.000000e-01 1.473715e+00 -0.738766 0.078807 0.169400 0.195222 0.212546 0.082791 0.738766 -0.094767 -0.189670 -0.189938 0.000000 
1.300000e-01 9.999601e-02 3.425273e-01 1.299823e-01 1.000000e-01 1.480275e+00 -0.751677 0.078534 0.170346 0.199647 0.218343 0.084805 0.751677 -0.096399 -0.192987 -0.193306 0.000000 
1.300000e-01 9.999513e-02 3.295134e-01 1.299798e-01 1.000000e-01 1.486798e+00 -0.764584 0.078011 0.170968 0.204332 0.224460 0.086813 0.764584 -0.098018 -0.196304 -0.196699 0.000000 
1.300000e-01 9.999405e-02 3.164685e-01 1.299770e-01 1.000000e-01 1.493286e+00 -0.777489 0.077249 0.171266 0.209289 0.230893 0.088791 0.777489 -0.099616 -0.199622 -0.200131 0.000000 
1.300000e-01 9.999272e-02 3.033928e-01 1.299737e-01 1.000000e-01 1.499737e+00 -0.790389 0.076226 0.171195 0.214570 0.237687 0.090711 0.790389 -0.101183 -0.202941 -0.203622 0.000000 
1.300000e-01 9.999110e-02 2.902867e-01 1.299700e-01 1.000000e-01 1.506149e+00 -0.803284 0.074871 0.170625 0.220305 0.244968 0.092515 0.803284 -0.102704 -0.206262 -0.207204 0.000000 
1.300000e-01 9.998912e-02 2.771503e-01 1.299658e-01 1.000000e-01 1.512521e+00 -0.816173 0.073192 0.169529 0.226532 0.252765 0.094155 0.816173 -0.104151 -0.209587 -0.210932 0.000000 
1.300000e-01 9.998669e-02 2.639838e-01 1.299610e-01 1.000000e-01 1.518853e+00 -0.829056 0.071176 0.167841 0.233322 0.261149 0.095567 0.829056 -0.105491 -0.212917 -0.214874 0.000000 
1.300000e-01 9.998373e-02 2.507875e-01 1.299557e-01 1.000000e-01 1.525145e+00 -0.841932 0.068793 0.165451 0.240789 0.270241 0.096658 0.841932 -0.106664 -0.216255 -0.219153 0.000000 
1.300000e-01 9.998012e-02 2.375615e-01 1.299498e-01 1.000000e-01 1.531395e+00 -0.854801 0.065966 0.162114 0.249164 0.280310 0.097245 0.854800 -0.107580 -0.219602 -0.223961 0.000000 
1.300000e-01 9.997575e-02 2.243061e-01 1.299435e-01 1.000000e-01 1.537604e+00 -0.867661 0.062739 0.157811 0.258460 0.291411 0.097240 0.867661 -0.108118 -0.222955 -0.229567 0.000000 
1.300000e-01 9.997049e-02 2.110214e-01 1.299369e-01 1.000000e-01 1.543769e+00 -0.880513 0.059102 0.152390 0.268796 0.303750 0.096475 0.880513 -0.108068 -0.226300 -0.236452 0.000000 
1.300000e-01 9.996423e-02 1.977075e-01 1.299305e-01 1.000000e-01 1.549891e+00 -0.893354 0.055050 0.145692 0.280281 0.317573 0.094758 0.893354 -0.107136 -0.229585 -0.245357 0.000000 
1.300000e-01 9.995693e-02 1.843645e-01 1.299255e-01 1.000000e-01 1.555966e+00 -0.906180 0.050532 0.137324 0.293161 0.333480 0.091682 0.906180 -0.104927 -0.232675 -0.257408 0.000000 
1.300000e-01 9.994868e-02 1.709923e-01 1.299240e-01 1.000000e-01 1.561992e+00 -0.918984 0.045634 0.127322 0.307235 0.351645 0.087148 0.918984 -0.100806 -0.235198 -0.274725 0.000000 
1.300000e-01 9.994007e-02 1.575906e-01 1.299308e-01 1.000000e-01 1.567961e+00 -0.931750 0.040415 0.115653 0.322217 0.372460 0.081005 0.931750 -0.093993 -0.236208 -0.300885 0.000000 
1.300000e-01 9.993347e-02 1.441569e-01 1.299562e-01 1.000000e-01 1.573857e+00 -0.944452 0.034980 0.102421 0.337424 0.396429 0.073198 0.944452 -0.083614 -0.233472 -0.342144 0.000000 
1.300000e-01 9.993923e-02 1.306793e-01 1.300252e-01 1.000000e-01 1.579647e+00 -0.957057 0.029515 0.088039 0.351307 0.424255 0.063940 0.957057 -0.068611 -0.221239 -0.411696 0.000000 
1.300000e-01 1.000009e-01 1.171011e-01 1.302031e-01 1.000000e-01 1.585253e+00 -0.969607 0.024394 0.073526 0.360260 0.457492 0.053935 0.969607 -0.047900 -0.184571 -0.538645 0.000000 
1.300000e-01 1.002160e-01 1.032067e-01 1.306935e-01 1.000000e-01 1.590490e+00 -0.982637 0.020264 0.060839 0.355760 0.500990 0.044784 0.982637 -0.019553 -0.090520 -0.782186 0.000000 
1.300000e-01 1.003093e-01 9.749952e-02 1.321579e-01 1.000000e-01 1.595058e+00 -0.989647 0.016212 0.048314 0.311665 0.576924 0.036532 0.989647 -0.005515 -0.028167 -0.928738 0.000000 
1.300000e-01 1.003093e-01 9.749952e-02 1.339887e-01 1.000000e-01 1.597514e+00 -0.991713 0.011931 0.035329 0.218948 0.697307 0.028198 0.991713 -0.005780 -0.028697 -0.929269 0.000000 
1.300000e-01 1.003093e-01 9.749952e-02 1.339887e-01 1.000000e-01 1.597514e+00 -0.991713 0.011931 0.035329 0.218948 0.697307 0.028198 0.991713 -0.005780 -0.028697 -0.929269 0.000000 
1.300000e-01 1.003093e-01 9.749952e-02 1.339887e-01 1.000000e-01 1.597514e+00 -0.991713 0.011931 0.035329 0.218948 0.697307 0.028198 0.991713 -0.005780 -0.028697 -0.929269 0.000000 
1.300000e-01 1.003093e-01 9.749952e-02 1.339887e-01 1.000000e-01 1.597514e+00 -0.991713 0.011931 0.035329 0.218948 0.697307 0.028198 0.991713 -0.005780 -0.028697 -0.929269 0.000000 
1.300000e-01 1.003093e-01 9.749952e-02 1.339887e-01 1.000000e-01 1.597514e+00 -0.991713 0.011931 0.035329 0.218948 0.697307 0.028198 0.991713 -0.005780 -0.028697 -0.929269 0.000000 
1.300000e-01 1.003093e-01 9.749952e-02 1.339887e-01 1.000000e-01 1.597514e+00 -0.991713 0.011931 0.035329 0.218948 0.697307 0.028198 0.991713 -0.005780 -0.028697 -0.929269 0.000000 
1.300000e-01 1.003093e-01 9.749952e-02 1.339887e-01 1.000000e-01 1.597514e+00 -0.991713 0.011931 0.035329 0.218948 0.697307 0.028198 0.991713 -0.005780 -0.028697 -0.929269 0.000000 
1.300000e-01 1.003093e-01 9.749952e-02 1.339887e-01 1.000000e-01 1.597514e+00 -0.991713 0.011931 0.035329 0.218948 0.697307 0.028198 0.991713 -0.005780 -0.028697 -0.929269 0.000000 
1.300000e-01 1.003093e-01 9.749952e-02 1.339887e-01 1.000000e-01 1.597514e+00 -0.991713 0.011931 0.035329 0.218948 0.697307 0.028198 0.991713 -0.005780 -0.028697 -0.929269 0.000000 
1.300000e-01 1.003093e-01 9.749952e-02 1.339887e-01 1.000000e-01 1.597514e+00 -0.991713 0.011931 0.035329 0.218948 0.697307 0.028198 0.991713 -0.005780 -0.028697 -0.929269 0.000000 
1.300000e-01 1.003093e-01 9.749952e-02 1.339887e-01 1.000000e-01 1.597514e+00 -0.991713 0.011931 0.035329 0.218948 0.697307 0.028198 0.991713 -0.005780 -0.028697 -0.929269 0.000000 
1.300000e-01 1.003093e-01 9.749952e-02 1.339887e-01 1.000000e-01 1.597514e+00 -0.991713 0.011931 0.035329 0.218948 0.697307 0.028198 0.991713 -0.005780 -0.028697 -0.929269 0.000000 
1.300000e-01 1.003093e-01 9.749952e-02 1.339887e-01 1.000000e-01 1.597514e+00 -0.991713 0.011931 0.035329 0.218948 0.697307 0.028198 0.991713 -0.005780 -0.028697 -0.929269 0.000000 
1.300000e-01 1.003093e-01 9.749952e-02 1.339887e-01 1.000000e-01 1.597514e+00 -0.991713 0.011931 0.035329 0.218948 0.697307 0.028198 0.991713 -0.005780 -0.028697 -0.929269 0.000000 
1.300000e-01 1.003093e-01 9.749952e-02 1.339887e-01 1.000000e-01 1.597514e+00 -0.991713 0.011931 0.035329 0.218948 0.697307 0.028198 0.991713 -0.005780 -0.028697 -0.929269 0.000000 
1.300000e-01 1.003093e-01 9.749952e-02 1.339887e-01 1.000000e-01 1.597514e+00 -0.991713 0.011931 0.035329 0.218948 0.697307 0.028198 0.991713 -0.005780 -0.028697 -0.929269 0.000000 
1.300000e-01 1.003093e-01 9.749952e-02 1.339887e-01 1.000000e-01 1.597514e+00 -0.991713 0.011931 0.035329 0.218948 0.697307 0.028198 0.991713 -0.005780 -0.028697 -0.929269 0.000000 
1.300000e-01 1.003093e-01 9.749952e-02 1.339887e-01 1.000000e-01 1.597514e+00 -0.991713 0.011931 0.035329 0.218948 0.697307 0.028198 0.991713 -0.005780 -0.028697 -0.929269 0.000000 
1.300000e-01 1.003093e-01 9.749952e-02 1.339887e-01 1.000000e-01 1.597514e+00 -0.991713 0.011931 0.035329 0.218948 0.697307 0.028198 0.991713 -0.005780 -0.028697 -0.929269 0.000000 
1.300000e-01 1.003093e-01 9.749952e-02 1.339887e-01 1.000000e-01 1.597514e+00 -0.991713 0.011931 0.035329 0.218948 0.697307 0.028198 0.991713 -0.005780 -0.028697 -0.929269 0.000000 
1.300000e-01 1.003093e-01 9.749952e-02 1.339887e-01 1.000000e-01 1.597514e+00 -0.991713 0.011931 0.035329 0.218948 0.697307 0.028198 0.991713 -0.005780 -0.028697 -0.929269 0.000000 
1.300000e-01 1.003093e-01 9.749952e-02 1.339887e-01 1.000000e-01 1.597514e+00 -0.991713 0.011931 0.035329 0.218948 0.697307 0.028198 0.991713 -0.005780 -0.028697 -0.929269 0.000000 
1.300000e-01 1.003093e-01 9.749952e-02 1.339887e-01 1.000000e-01 1.597514e+00 -0.991713 0.011931 0.035329 0.218948 0.697307 0.028198 0.991713 -0.005780 -0.028697 -0.929269 0.000000 
1.300000e-01 1.003093e-01 9.749952e-02 1.339887e-01 1.000000e-01 1.597514e+00 -0.991713 0.011931 0.035329 0.218948 0.697307 0.028198 0.991713 -0.005780 -0.028697 -0.929269 0.000000 
1.300000e-01 1.003093e-01 9.749952e-02 1.339887e-01 1.000000e-01 1.597514e+00 -0.991713 0.011931 0.035329 0.218948 0.697307 0.028198 0.991713 -0.005780 -0.028697 -0.929269 0.000000 
1.300000e-01 1.003093e-01 9.749952e-02 1.339887e-01 1.000000e-01 1.597514e+00 -0.991713 0.011931 0.035329 0.218948 0.697307 0.028198 0.991713 -0.005780 -0.028697 -0.929269 0.000000 
1.300000e-01 1.003093e-01 9.749952e-02 1.339887e-01 1.000000e-01 1.597514e+00 -0.991713 0.011931 0.035329 0.218948 0.697307 0.028198 0.991713 -0.005780 -0.028697 -0.929269 0.000000 
1.300000e-01 1.003093e-01 9.749952e-02 1.339887e-01 1.000000e-01 1.597514e+00 -0.991713 0.011931 0.035329 0.218948 0.697307 0.028198 0.991713 -0.005780 -0.028697 -0.929269 0.000000 
1.300000e-01 1.003093e-01 9.749952e-02 1.339887e-01 1.000000e-01 1.597514e+00 -0.991713 0.011931 0.035329 0.218948 0.697307 0.028198 0.991713 -0.005780 -0.028697 -0.929269 0.000000 
1.300000e-01 1.003093e-01 9.749952e-02 1.339887e-01 1.000000e-01 1.597514e+00 -0.991713 0.011931 0.035329 0.218948 0.697307 0.028198 0.991713 -0.005780 -0.028697 -0.929269 0.000000 
1.300000e-01 1.003093e-01 9.749952e-02 1.339887e-01 1.000000e-01 1.597514e+00 -0.991713 0.011931 0.035329 0.218948 0.697307 0.028198 0.991713 -0.005780 -0.028697 -0.929269 0.000000 
1.300000e-01 1.003093e-01 9.749952e-02 1.339887e-01 1.000000e-01 1.597514e+00 -0.991713 0.011931 0.035329 0.218948 0.697307 0.028198 0.991713 -0.005780 -0.028697 -0.929269 0.000000 
1.300000e-01 1.003093e-01 9.749952e-02 1.339887e-01 1.000000e-01 1.597514e+00 -0.991713 0.011931 0.035329 0.218948 0.697307 0.028198 0.991713 -0.005780 -0.028697 -0.929269 0.000000 
1.300000e-01 1.003093e-01 9.749952e-02 1.339887e-01 1.000000e-01 1.597514e+00 -0.991713 0.011931 0.035329 0.218948 0.697307 0.028198 0.991713 -0.005780 -0.028697 -0.929269 0.000000 
1.300000e-01 1.003093e-01 9.749952e-02 1.339887e-01 1.000000e-01 1.597514e+00 -0.991713 0.011931 0.035329 0.218948 0.697307 0.028198 0.991713 -0.005780 -0.028697 -0.929269 0.000000 
1.300000e-01 1.003093e-01 9.749952e-02 1.339887e-01 1.000000e-01 1.597514e+00 -0.991713 0.011931 0.035329 0.218948 0.697307 0.028198 0.991713 -0.005780 -0.028697 -0.929269 0.000000 
1.300000e-01 1.003093e-01 9.749952e-02 1.339887e-01 1.000000e-01 1.597514e+00 -0.991713 0.011931 0.035329 0.218948 0.697307 0.028198 0.991713 -0.005780 -0.028697 -0.929269 0.000000 
1.300000e-01 1.003093e-01 9.749952e-02 1.339887e-01 1.000000e-01 1.597514e+00 -0.991713 0.011931 0.035329 0.218948 0.697307 0.028198 0.991713 -0.005780 -0.028697 -0.929269 0.000000 
1.300000e-01 1.003093e-01 9.749952e-02 1.339887e-01 1.000000e-01 1.597514e+00 -0.991713 0.011931 0.035329 0.218948 0.697307 0.028198 0.991713 -0.005780 -0.028697 -0.929269 0.000000 
1.300000e-01 1.003093e-01 9.749952e-02 1.339887e-01 1.000000e-01 1.597514e+00 -0.991713 0.011931 0.035329 0.218948 0.697307 0.028198 0.991713 -0.005780 -0.028697 -0.929269 0.000000 
1.300000e-01 1.003093e-01 9.749952e-02 1.339887e-01 1.000000e-01 1.597514e+00 -0.991713 0.011931 0.035329 0.218948 0.697307 0.028198 0.991713 -0.005780 -0.028697 -0.929269 0.000000 
1.300000e-01 1.003093e-01 9.749952e-02 1.339887e-01 1.000000e-01 1.597514e+00 -0.991713 0.011931 0.035329 0.218948 0.697307 0.028198 0.991713 -0.005780 -0.028697 -0.929269 0.000000 
1.300000e-01 1.003093e-01 9.749952e-02 1.339887e-01 1.000000e-01 1.597514e+00 -0.991713 0.011931 0.035329 0.218948 0.697307 0.028198 0.991713 -0.005780 -0.028697 -0.929269 0.000000 
1.300000e-01 1.003093e-01 9.749952e-02 1.339887e-01 1.000000e-01 1.597514e+00 -0.991713 0.011931 0.035329 0.218948 0.697307 0.028198 0.991713 -0.005780 -0.028697 -0.929269 0.000000 
1.300000e-01 1.003093e-01 9.749952e-02 1.339887e-01 1.000000e-01 1.597514e+00 -0.991713 0.011931 0.035329 0.218948 0.697307 0.028198 0.991713 -0.005780 -0.028697 -0.929269 0.000000 
1.300000e-01 1.003093e-01 9.749952e-02 1.339887e-01 1.000000e-01 1.597514e+00 -0.991713 0.011931 0.035329 0.218948 0.697307 0.028198 0.991713 -0.005780 -0.028697 -0.929269 0.000000 
1.300000e-01 1.003093e-01 9.749952e-02 1.339887e-01 1.000000e-01 1.597514e+00 -0.991713 0.011931 0.035329 0.218948 0.697307 0.028198 0.991713 -0.005780 -0.028697 -0.929269 0.000000 
1.300000e-01 1.003093e-01 9.749952e-02 1.339887e-01 1.000000e-01 1.597514e+00 -0.991713 0.011931 0.035329 0.218948 0.697307 0.028198 0.991713 -0.005780 -0.028697 -0.929269 0.000000 
1.300000e-01 1.003093e-01 9.749952e-02 1.339887e-01 1.000000e-01 1.597514e+00 -0.991713 0.011931 0.035329 0.218948 0.697307 0.028198 0.991713 -0.005780 -0.028697 -0.929269 0.000000 
1.300000e-01 1.003093e-01 9.749952e-02 1.339887e-01 1.000000e-01 1.597514e+00 -0.991713 0.011931 0.035329 0.218948 0.697307 0.028198 0.991713 -0.005780 -0.028697 -0.929269 0.000000 
1.300000e-01 1.003093e-01 9.749952e-02 1.339887e-01 1.000000e-01 1.597514e+00 -0.991713 0.011931 0.035329 0.218948 0.697307 0.028198 0.991713 -0.005780 -0.028697 -0.929269 0.000000 
1.300000e-01 1.003093e-01 9.749952e-02 1.339887e-01 1.000000e-01 1.597514e+00 -0.991713 0.011931 0.035329 0.218948 0.697307 0.028198 0.991713 -0.005780 -0.028697 -0.929269 0.000000 
1.300000e-01 1.003093e-01 9.749952e-02 1.339887e-01 1.000000e-01 1.597514e+00 -0.991713 0.011931 0.035329 0.218948 0.697307 0.028198 0.991713 -0.005780 -0.028697 -0.929269 0.000000 
1.300000e-01 1.003093e-01 9.749952e-02 1.339887e-01 1.000000e-01 1.597514e+00 -0.991713 0.011931 0.035329 0.218948 0.697307 0.028198 0.991713 -0.005780 -0.028697 -0.929269 0.000000 
1.300000e-01 1.003093e-01 9.749952e-02 1.339887e-01 1.000000e-01 1.597514e+00 -0.991713 0.011931 0.035329 0.218948 0.697307 0.028198 0.991713 -0.005780 -0.028697 -0.929269 0.000000 
1.300000e-01 1.003093e-01 9.749952e-02 1.339887e-01 1.000000e-01 1.597514e+00 -0.991713 0.011931 0.035329 0.218948 0.697307 0.028198 0.991713 -0.005780 -0.028697 -0.929269 0.000000 
1.300000e-01 1.003093e-01 9.749952e-02 1.339887e-01 1.000000e-01 1.597514e+00 -0.991713 0.011931 0.035329 0.218948 0.697307 0.028198 0.991713 -0.005780 -0.028697 -0.929269 0.000000 
1.300000e-01 1.003093e-01 9.749952e-02 1.339887e-01 1.000000e-01 1.597514e+00 -0.991713 0.011931 0.035329 0.218948 0.697307 0.028198 0.991713 -0.005780 -0.028697 -0.929269 0.000000 
1.300000e-01 1.003093e-01 9.749952e-02 1.339887e-01 1.000000e-01 1.597514e+00 -0.991713 0.011931 0.035329 0.218948 0.697307 0.028198 0.991713 -0.005780 -0.028697 -0.929269 0.000000 
1.300000e-01 1.003093e-01 9.749952e-02 1.339887e-01 1.000000e-01 1.597514e+00 -0.991713 0.011931 0.035329 0.218948 0.697307 0.028198 0.991713 -0.005780 -0.028697 -0.929269 0.000000 
1.300000e-01 1.003093e-01 9.749952e-02 1.339887e-01 1.000000e-01 1.597514e+00 -0.991713 0.011931 0.035329 0.218948 0.697307 0.028198 0.991713 -0.005780 -0.028697 -0.929269 0.000000 
1.300000e-01 1.003093e-01 9.749952e-02 1.339887e-01 1.000000e-01 1.597514e+00 -0.991713 0.011931 0.035329 0.218948 0.697307 0.028198 0.991713 -0.005780 -0.028697 -0.929269 0.000000 
1.300000e-01 1.003093e-01 9.749952e-02 1.339887e-01 1.000000e-01 1.597514e+00 -0.991713 0.011931 0.035329 0.218948 0.697307 0.028198 0.991713 -0.005780 -0.028697 -0.929269 0.000000 
1.300000e-01 1.003093e-01 9.749952e-02 1.339887e-01 1.000000e-01 1.597514e+00 -0.991713 0.011931 0.035329 0.218948 0.697307 0.028198 0.991713 -0.005780 -0.028697 -0.929269 0.000000 
1.300000e-01 1.003093e-01 9.749952e-02 1.339887e-01 1.000000e-01 1.597514e+00 -0.991713 0.011931 0.035329 0.218948 0.697307 0.028198 0.991713 -0.005780 -0.028697 -0.929269 0.000000 
1.300000e-01 1.003093e-01 9.749952e-02 1.339887e-01 1.000000e-01 1.597514e+00 -0.991713 0.011931 0.035329 0.218948 0.697307 0.028198 0.991713 -0.005780 -0.028697 -0.929269 0.000000 
1.300000e-01 1.003093e-01 9.749952e-02 1.339887e-01 1.000000e-01 1.597514e+00 -0.991713 0.011931 0.035329 0.218948 0.697307 0.028198 0.991713 -0.005780 -0.028697 -0.929269 0.000000 
1.300000e-01 1.003093e-01 9.749952e-02 1.339887e-01 1.000000e-01 1.597514e+00 -0.991713 0.011931 0.035329 0.218948 0.697307 0.028198 0.991713 -0.005780 -0.028697 -0.929269 0.000000 
1.300000e-01 1.003093e-01 9.749952e-02 1.339887e-01 1.000000e-01 1.597514e+00 -0.991713 0.011931 0.035329 0.218948 0.697307 0.028198 0.991713 -0.005780 -0.028697 -0.929269 0.000000 
1.300000e-01 1.003093e-01 9.749952e-02 1.339887e-01 1.000000e-01 1.597514e+00 -0.991713 0.011931 0.035329 0.218948 0.697307 0.028198 0.991713 -0.005780 -0.028697 -0.929269 0.000000 
1.300000e-01 1.003093e-01 9.749952e-02 1.339887e-01 1.000000e-01 1.597514e+00 -0.991713 0.011931 0.035329 0.218948 0.697307 0.028198 0.991713 -0.005780 -0.028697 -0.929269 0.000000 
1.300000e-01 1.003093e-01 9.749952e-02 1.339887e-01 1.000000e-01 1.597514e+00 -0.991713 0.011931 0.035329 0.218948 0.697307 0.028198 0.991713 -0.005780 -0.028697 -0.929269 0.000000 
1.300000e-01 1.003093e-01 9.749952e-02 1.339887e-01 1.000000e-01 1.597514e+00 -0.991713 0.011931 0.035329 0.218948 0.697307 0.028198 0.991713 -0.005780 -0.028697 -0.929269 0.000000 
1.300000e-01 1.003093e-01 9.749952e-02 1.339887e-01 1.000000e-01 1.597514e+00 -0.991713 0.011931 0.035329 0.218948 0.697307 0.028198 0.991713 -0.005780 -0.028697 -0.929269 0.000000 
1.300000e-01 1.003093e-01 9.749952e-02 1.339887e-01 1.000000e-01 1.597514e+00 -0.991713 0.011931 0.035329 0.218948 0.697307 0.028198 0.991713 -0.005780 -0.028697 -0.929269 0.000000 
1.300000e-01 1.003093e-01 9.749952e-02 1.339887e-01 1.000000e-01 1.597514e+00 -0.991713 0.011931 0.035329 0.218948 0.697307 0.028198 0.991713 -0.005780 -0.028697 -0.929269 0.000000 
1.300000e-01 1.003093e-01 9.749952e-02 1.339887e-01 1.000000e-01 1.597514e+00 -0.991713 0.011931 0.035329 0.218948 0.697307 0.028198 0.991713 -0.005780 -0.028697 -0.929269 0.000000 
1.300000e-01 1.003093e-01 9.749952e-02 1.339887e-01 1.000000e-01 1.597514e+00 -0.991713 0.011931 0.035329 0.218948 0.697307 0.028198 0.991713 -0.005780 -0.028697 -0.929269 0.000000 
1.300000e-01 1.003093e-01 9.749952e-02 1.339887e-01 1.000000e-01 1.597514e+00 -0.991713 0.011931 0.035329 0.218948 0.697307 0.028198 0.991713 -0.005780 -0.028697 -0.929269 0.000000 
1.300000e-01 1.003093e-01 9.749952e-02 1.339887e-01 1.000000e-01 1.597514e+00 -0.991713 0.011931 0.035329 0.218948 0.697307 0.028198 0.991713 -0.005780 -0.028697 -0.929269 0.000000 
1.300000e-01 1.003093e-01 9.749952e-02 1.339887e-01 1.000000e-01 1.597514e+00 -0.991713 0.011931 0.035329 0.218948 0.697307 0.028198 0.991713 -0.005780 -0.028697 -0.929269 0.000000 
1.300000e-01 1.003093e-01 9.749952e-02 1.339887e-01 1.000000e-01 1.597514e+00 -0.991713 0.011931 0.035329 0.218948 0.697307 0.028198 0.991713 -0.005780 -0.028697 -0.929269 0.000000 
1.300000e-01 1.003093e-01 9.749952e-02 1.339887e-01 1.000000e-01 1.597514e+00 -0.991713 0.011931 0.035329 0.218948 0.697307 0.028198 0.991713 -0.005780 -0.028697 -0.929269 0.000000 
1.300000e-01 1.003093e-01 9.749952e-02 1.339887e-01 1.000000e-01 1.597514e+00 -0.991713 0.011931 0.035329 0.218948 0.697307 0.028198 0.991713 -0.005780 -0.028697 -0.929269 0.000000 
1.300000e-01 1.003093e-01 9.749952e-02 1.339887e-01 1.000000e-01 1.597514e+00 -0.991713 0.011931 0.035329 0.218948 0.697307 0.028198 0.991713 -0.005780 -0.028697 -0.929269 0.000000 
1.300000e-01 1.003093e-01 9.749952e-02 1.339887e-01 1.000000e-01 1.597514e+00 -0.991713 0.011931 0.035329 0.218948 0.697307 0.028198 0.991713 -0.005780 -0.028697 -0.929269 0.000000 
1.300000e-01 1.003093e-01 9.749952e-02 1.339887e-01 1.000000e-01 1.597514e+00 -0.991713 0.011931 0.035329 0.218948 0.697307 0.028198 0.991713 -0.005780 -0.028697 -0.929269 0.000000 
1.300000e-01 1.003093e-01 9.749952e-02 1.339887e-01 1.000000e-01 1.597514e+00 -0.991713 0.011931 0.035329 0.218948 0.697307 0.028198 0.991713 -0.005780 -0.028697 -0.929269 0.000000 
1.300000e-01 1.003093e-01 9.749952e-02 1.339887e-01 1.000000e-01 1.597514e+00 -0.991713 0.011931 0.035329 0.218948 0.697307 0.028198 0.991713 -0.005780 -0.028697 -0.929269 0.000000 
1.300000e-01 1.003093e-01 9.749952e-02 1.339887e-01 1.000000e-01 1.597514e+00 -0.991713 0.011931 0.035329 0.218948 0.697307 0.028198 0.991713 -0.005780 -0.028697 -0.929269 0.000000 
1.300000e-01 1.003093e-01 9.749952e-02 1.339887e-01 1.000000e-01 1.597514e+00 -0.991713 0.011931 0.035329 0.218948 0.697307 0.028198 0.991713 -0.005780 -0.028697 -0.929269 0.000000 
1.300000e-01 1.003093e-01 9.749952e-02 1.339887e-01 1.000000e-01 1.597514e+00 -0.991713 0.011931 0.035329 0.218948 0.697307 0.028198 0.991713 -0.005780 -0.028697 -0.929269 0.000000 
1.300000e-01 1.003093e-01 9.749952e-02 1.339887e-01 1.000000e-01 1.597514e+00 -0.991713 0.011931 0.035329 0.218948 0.697307 0.028198 0.991713 -0.005780 -0.028697 -0.929269 0.000000 
1.300000e-01 1.003093e-01 9.749952e-02 1.339887e-01 1.000000e-01 1.597514e+00 -0.991713 0.011931 0.035329 0.218948 0.697307 0.028198 0.991713 -0.005780 -0.028697 -0.929269 0.000000 
1.300000e-01 1.003093e-01 9.749952e-02 1.339887e-01 1.000000e-01 1.597514e+00 -0.991713 0.011931 0.035329 0.218948 0.697307 0.028198 0.991713 -0.005780 -0.028697 -0.929269 0.000000 
1.300000e-01 1.003093e-01 9.749952e-02 1.339887e-01 1.000000e-01 1.597514e+00 -0.991713 0.011931 0.035329 0.218948 0.697307 0.028198 0.991713 -0.005780 -0.028697 -0.929269 0.000000 
1.300000e-01 1.003093e-01 9.749952e-02 1.339887e-01 1.000000e-01 1.597514e+00 -0.991713 0.011931 0.035329 0.218948 0.697307 0.028198 0.991713 -0.005780 -0.028697 -0.929269 0.000000 
1.300000e-01 1.003093e-01 9.749952e-02 1.339887e-01 1.000000e-01 1.597514e+00 -0.991713 0.011931 0.035329 0.218948 0.697307 0.028198 0.991713 -0.005780 -0.028697 -0.929269 0.000000 
1.300000e-01 1.003093e-01 9.749952e-02 1.339887e-01 1.000000e-01 1.597514e+00 -0.991713 0.011931 0.035329 0.218948 0.697307 0.028198 0.991713 -0.005780 -0.028697 -0.929269 0.000000 
1.300000e-01 1.003093e-01 9.749952e-02 1.339887e-01 1.000000e-01 1.597514e+00 -0.991713 0.011931 0.035329 0.218948 0.697307 0.028198 0.991713 -0.005780 -0.028697 -0.929269 0.000000 
1.300000e-01 1.003093e-01 9.749952e-02 1.339887e-01 1.000000e-01 1.597514e+00 -0.991713 0.011931 0.035329 0.218948 0.697307 0.028198 0.991713 -0.005780 -0.028697 -0.929269 0.000000 
1.300000e-01 1.003093e-01 9.749952e-02 1.339887e-01 1.000000e-01 1.597514e+00 -0.991713 0.011931 0.035329 0.218948 0.697307 0.028198 0.991713 -0.005780 -0.028697 -0.929269 0.000000 
1.300000e-01 1.003093e-01 9.749952e-02 1.339887e-01 1.000000e-01 1.597514e+00 -0.991713 0.011931 0.035329 0.218948 0.697307 0.028198 0.991713 -0.005780 -0.028697 -0.929269 0.000000 
1.300000e-01 1.003093e-01 9.749952e-02 1.339887e-01 1.000000e-01 1.597514e+00 -0.991713 0.011931 0.035329 0.218948 0.697307 0.028198 0.991713 -0.005780 -0.028697 -0.929269 0.000000 
1.300000e-01 1.003093e-01 9.749952e-02 1.339887e-01 1.000000e-01 1.597514e+00 -0.991713 0.011931 0.035329 0.218948 0.697307 0.028198 0.991713 -0.005780 -0.028697 -0.929269 0.000000 
1.300000e-01 1.003093e-01 9.749952e-02 1.339887e-01 1.000000e-01 1.597514e+00 -0.991713 0.011931 0.035329 0.218948 0.697307 0.028198 0.991713 -0.005780 -0.028697 -0.929269 0.000000 
1.300000e-01 1.003093e-01 9.749952e-02 1.339887e-01 1.000000e-01 1.597514e+00 -0.991713 0.011931 0.035329 0.218948 0.697307 0.028198 0.991713 -0.005780 -0.028697 -0.929269 0.000000 
1.300000e-01 1.003093e-01 9.749952e-02 1.339887e-01 1.000000e-01 1.597514e+00 -0.991713 0.011931 0.035329 0.218948 0.697307 0.028198 0.991713 -0.005780 -0.028697 -0.929269 0.000000 
1.300000e-01 1.003093e-01 9.749952e-02 1.339887e-01 1.000000e-01 1.597514e+00 -0.991713 0.011931 0.035329 0.218948 0.697307 0.028198 0.991713 -0.005780 -0.028697 -0.929269 0.000000 
1.300000e-01 1.003093e-01 9.749952e-02 1.339887e-01 1.000000e-01 1.597514e+00 -0.991713 0.011931 0.035329 0.218948 0.697307 0.028198 0.991713 -0.005780 -0.028697 -0.929269 0.000000 
1.300000e-01 1.003093e-01 9.749952e-02 1.339887e-01 1.000000e-01 1.597514e+00 -0.991713 0.011931 0.035329 0.218948 0.697307 0.028198 0.991713 -0.005780 -0.028697 -0.929269 0.000000 
1.300000e-01 1.003093e-01 9.749952e-02 1.339887e-01 1.000000e-01 1.597514e+00 -0.991713 0.011931 0.035329 0.218948 0.697307 0.028198 0.991713 -0.005780 -0.028697 -0.929269 0.000000 
1.300000e-01 1.003093e-01 9.749952e-02 1.339887e-01 1.000000e-01 1.597514e+00 -0.991713 0.011931 0.035329 0.218948 0.697307 0.028198 0.991713 -0.005780 -0.028697 -0.929269 0.000000 
1.300000e-01 1.003093e-01 9.749952e-02 1.339887e-01 1.000000e-01 1.597514e+00 -0.991713 0.011931 0.035329 0.218948 0.697307 0.028198 0.991713 -0.005780 -0.028697 -0.929269 0.000000 
1.300000e-01 1.003093e-01 9.749952e-02 1.339887e-01 1.000000e-01 1.597514e+00 -0.991713 0.011931 0.035329 0.218948 0.697307 0.028198 0.991713 -0.005780 -0.028697 -0.929269 0.000000 
1.300000e-01 1.003093e-01 9.749952e-02 1.339887e-01 1.000000e-01 1.597514e+00 -0.991713 0.011931 0.035329 0.218948 0.697307 0.028198 0.991713 -0.005780 -0.028697 -0.929269 0.000000 
1.300000e-01 1.003093e-01 9.749952e-02 1.339887e-01 1.000000e-01 1.597514e+00 -0.991713 0.011931 0.035329 0.218948 0.697307 0.028198 0.991713 -0.005780 -0.028697 -0.929269 0.000000 
1.300000e-01 1.003093e-01 9.749952e-02 1.339887e-01 1.000000e-01 1.597514e+00 -0.991713 0.011931 0.035329 0.218948 0.697307 0.028198 0.991713 -0.005780 -0.028697 -0.929269 0.000000 
1.300000e-01 1.003093e-01 9.749952e-02 1.339887e-01 1.000000e-01 1.597514e+00 -0.991713 0.011931 0.035329 0.218948 0.697307 0.028198 0.991713 -0.005780 -0.028697 -0.929269 0.000000 
1.300000e-01 1.003093e-01 9.749952e-02 1.339887e-01 1.000000e-01 1.597514e+00 -0.991713 0.011931 0.035329 0.218948 0.697307 0.028198 0.991713 -0.005780 -0.028697 -0.929269 0.000000 
1.300000e-01 1.003093e-01 9.749952e-02 1.339887e-01 1.000000e-01 1.597514e+00 -0.991713 0.011931 0.035329 0.218948 0.697307 0.028198 0.991713 -0.005780 -0.028697 -0.929269 0.000000 
1.300000e-01 1.003093e-01 9.749952e-02 1.339887e-01 1.000000e-01 1.597514e+00 -0.991713 0.011931 0.035329 0.218948 0.697307 0.028198 0.991713 -0.005780 -0.028697 -0.929269 0.000000 
1.300000e-01 1.003093e-01 9.749952e-02 1.339887e-01 1.000000e-01 1.597514e+00 -0.991713 0.011931 0.035329 0.218948 0.697307 0.028198 0.991713 -0.005780 -0.028697 -0.929269 0.000000 
1.300000e-01 1.003093e-01 9.749952e-02 1.339887e-01 1.000000e-01 1.597514e+00 -0.991713 0.011931 0.035329 0.218948 0.697307 0.028198 0.991713 -0.005780 -0.028697 -0.929269 0.000000 
1.300000e-01 1.003093e-01 9.749952e-02 1.339887e-01 1.000000e-01 1.597514e+00 -0.991713 0.011931 0.035329 0.218948 0.697307 0.028198 0.991713 -0.005780 -0.028697 -0.929269 0.000000 
1.300000e-01 1.003093e-01 9.749952e-02 1.339887e-01 1.000000e-01 1.597514e+00 -0.991713 0.011931 0.035329 0.218948 0.697307 0.028198 0.991713 -0.005780 -0.028697 -0.929269 0.000000 
1.300000e-01 1.003093e-01 9.749952e-02 1.339887e-01 1.000000e-01 1.597514e+00 -0.991713 0.011931 0.035329 0.218948 0.697307 0.028198 0.991713 -0.005780 -0.028697 -0.929269 0.000000 
1.300000e-01 1.003093e-01 9.749952e-02 1.339887e-01 1.000000e-01 1.597514e+00 -0.991713 0.011931 0.035329 0.218948 0.697307 0.028198 0.991713 -0.005780 -0.028697 -0.929269 0.000000 
1.300000e-01 1.003093e-01 9.749952e-02 1.339887e-01 1.000000e-01 1.597514e+00 -0.991713 0.011931 0.035329 0.218948 0.697307 0.028198 0.991713 -0.005780 -0.028697 -0.929269 0.000000 
1.300000e-01 1.003093e-01 9.749952e-02 1.339887e-01 1.000000e-01 1.597514e+00 -0.991713 0.011931 0.035329 0.218948 0.697307 0.028198 0.991713 -0.005780 -0.028697 -0.929269 0.000000 
1.300000e-01 1.003093e-01 9.749952e-02 1.339887e-01 1.000000e-01 1.597514e+00 -0.991713 0.011931 0.035329 0.218948 0.697307 0.028198 0.991713 -0.005780 -0.028697 -0.929269 0.000000 
1.300000e-01 1.003093e-01 9.749952e-02 1.339887e-01 1.000000e-01 1.597514e+00 -0.991713 0.011931 0.035329 0.218948 0.697307 0.028198 0.991713 -0.005780 -0.028697 -0.929269 0.000000 
1.300000e-01 1.003093e-01 9.749952e-02 1.339887e-01 1.000000e-01 1.597514e+00 -0.991713 0.011931 0.035329 0.218948 0.697307 0.028198 0.991713 -0.005780 -0.028697 -0.929269 0.000000 
1.300000e-01 1.003093e-01 9.749952e-02 1.339887e-01 1.000000e-01 1.597514e+00 -0.991713 0.011931 0.035329 0.218948 0.697307 0.028198 0.991713 -0.005780 -0.028697 -0.929269 0.000000 
1.300000e-01 1.003093e-01 9.749952e-02 1.339887e-01 1.000000e-01 1.597514e+00 -0.991713 0.011931 0.035329 0.218948 0.697307 0.028198 0.991713 -0.005780 -0.028697 -0.929269 0.000000 
1.300000e-01 1.003093e-01 9.749952e-02 1.339887e-01 1.000000e-01 1.597514e+00 -0.991713 0.011931 0.035329 0.218948 0.697307 0.028198 0.991713 -0.005780 -0.028697 -0.929269 0.000000 
1.300000e-01 1.003093e-01 9.749952e-02 1.339887e-01 1.000000e-01 1.597514e+00 -0.991713 0.011931 0.035329 0.218948 0.697307 0.028198 0.991713 -0.005780 -0.028697 -0.929269 0.000000 
1.300000e-01 1.003093e-01 9.749952e-02 1.339887e-01 1.000000e-01 1.597514e+00 -0.991713 0.011931 0.035329 0.218948 0.697307 0.028198 0.991713 -0.005780 -0.028697 -0.929269 0.000000 
1.300000e-01 1.003093e-01 9.749952e-02 1.339887e-01 1.000000e-01 1.597514e+00 -0.991713 0.011931 0.035329 0.218948 0.697307 0.028198 0.991713 -0.005780 -0.028697 -0.929269 0.000000 
1.300000e-01 1.003093e-01 9.749952e-02 1.339887e-01 1.000000e-01 1.597514e+00 -0.991713 0.011931 0.035329 0.218948 0.697307 0.028198 0.991713 -0.005780 -0.028697 -0.929269 0.000000 
1.300000e-01 1.003093e-01 9.749952e-02 1.339887e-01 1.000000e-01 1.597514e+00 -0.991713 0.011931 0.035329 0.218948 0.697307 0.028198 0.991713 -0.005780 -0.028697 -0.929269 0.000000 
1.300000e-01 1.003093e-01 9.749952e-02 1.339887e-01 1.000000e-01 1.597514e+00 -0.991713 0.011931 0.035329 0.218948 0.697307 0.028198 0.991713 -0.005780 -0.028697 -0.929269 0.000000 
1.300000e-01 1.003093e-01 9.749952e-02 1.339887e-01 1.000000e-01 1.597514e+00 -0.991713 0.011931 0.035329 0.218948 0.697307 0.028198 0.991713 -0.005780 -0.028697 -0.929269 0.000000 
1.300000e-01 1.003093e-01 9.749952e-02 1.339887e-01 1.000000e-01 1.597514e+00 -0.991713 0.011931 0.035329 0.218948 0.697307 0.028198 0.991713 -0.005780 -0.028697 -0.929269 0.000000 
1.300000e-01 1.003093e-01 9.749952e-02 1.339887e-01 1.000000e-01 1.597514e+00 -0.991713 0.011931 0.035329 0.218948 0.697307 0.028198 0.991713 -0.005780 -0.028697 -0.929269 0.000000 
1.300000e-01 1.003093e-01 9.749952e-02 1.339887e-01 1.000000e-01 1.597514e+00 -0.991713 0.011931 0.035329 0.218948 0.697307 0.028198 0.991713 -0.005780 -0.028697 -0.929269 0.000000 
1.300000e-01 1.003093e-01 9.749952e-02 1.339887e-01 1.000000e-01 1.597514e+00 -0.991713 0.011931 0.035329 0.218948 0.697307 0.028198 0.991713 -0.005780 -0.028697 -0.929269 0.000000 
1.300000e-01 1.003093e-01 9.749952e-02 1.339887e-01 1.000000e-01 1.597514e+00 -0.991713 0.011931 0.035329 0.218948 0.697307 0.028198 0.991713 -0.005780 -0.028697 -0.929269 0.000000 
1.300000e-01 1.003093e-01 9.749952e-02 1.339887e-01 1.000000e-01 1.597514e+00 -0.991713 0.011931 0.035329 0.218948 0.697307 0.028198 0.991713 -0.005780 -0.028697 -0.929269 0.000000 
1.300000e-01 1.003093e-01 9.749952e-02 1.339887e-01 1.000000e-01 1.597514e+00 -0.991713 0.011931 0.035329 0.218948 0.697307 0.028198 0.991713 -0.005780 -0.028697 -0.929269 0.000000 
1.300000e-01 1.003093e-01 9.749952e-02 1.339887e-01 1.000000e-01 1.597514e+00 -0.991713 0.011931 0.035329 0.218948 0.697307 0.028198 0.991713 -0.005780 -0.028697 -0.929269 0.000000 
1.300000e-01 1.003093e-01 9.749952e-02 1.339887e-01 1.000000e-01 1.597514e+00 -0.991713 0.011931 0.035329 0.218948 0.697307 0.028198 0.991713 -0.005780 -0.028697 -0.929269 0.000000 
1.300000e-01 1.003093e-01 9.749952e-02 1.339887e-01 1.000000e-01 1.597514e+00 -0.991713 0.011931 0.035329 0.218948 0.697307 0.028198 0.991713 -0.005780 -0.028697 -0.929269 0.000000 
1.300000e-01 1.003093e-01 9.749952e-02 1.339887e-01 1.000000e-01 1.597514e+00 -0.991713 0.011931 0.035329 0.218948 0.697307 0.028198 0.991713 -0.005780 -0.028697 -0.929269 0.000000 
1.300000e-01 1.003093e-01 9.749952e-02 1.339887e-01 1.000000e-01 1.597514e+00 -0.991713 0.011931 0.035329 0.218948 0.697307 0.028198 0.991713 -0.005780 -0.028697 -0.929269 0.000000 
1.300000e-01 1.003093e-01 9.749952e-02 1.339887e-01 1.000000e-01 1.597514e+00 -0.991713 0.011931 0.035329 0.218948 0.697307 0.028198 0.991713 -0.005780 -0.028697 -0.929269 0.000000 
1.300000e-01 1.003093e-01 9.749952e-02 1.339887e-01 1.000000e-01 1.597514e+00 -0.991713 0.011931 0.035329 0.218948 0.697307 0.028198 0.991713 -0.005780 -0.028697 -0.929269 0.000000 
1.300000e-01 1.003093e-01 9.749952e-02 1.339887e-01 1.000000e-01 1.597514e+00 -0.991713 0.011931 0.035329 0.218948 0.697307 0.028198 0.991713 -0.005780 -0.028697 -0.929269 0.000000 
1.300000e-01 1.003093e-01 9.749952e-02 1.339887e-01 1.000000e-01 1.597514e+00 -0.991713 0.011931 0.035329 0.218948 0.697307 0.028198 0.991713 -0.005780 -0.028697 -0.929269 0.000000 
1.300000e-01 1.003093e-01 9.749952e-02 1.339887e-01 1.000000e-01 1.597514e+00 -0.991713 0.011931 0.035329 0.218948 0.697307 0.028198 0.991713 -0.005780 -0.028697 -0.929269 0.000000 
1.300000e-01 1.003093e-01 9.749952e-02 1.339887e-01 1.000000e-01 1.597514e+00 -0.991713 0.011931 0.035329 0.218948 0.697307 0.028198 0.991713 -0.005780 -0.028697 -0.929269 0.000000 
1.300000e-01 1.003093e-01 9.749952e-02 1.339887e-01 1.000000e-01 1.597514e+00 -0.991713 0.011931 0.035329 0.218948 0.697307 0.028198 0.991713 -0.005780 -0.028697 -0.929269 0.000000 
1.300000e-01 1.003093e-01 9.749952e-02 1.339887e-01 1.000000e-01 1.597514e+00 -0.991713 0.011931 0.035329 0.218948 0.697307 0.028198 0.991713 -0.005780 -0.028697 -0.929269 0.000000 
1.300000e-01 1.003093e-01 9.749952e-02 1.339887e-01 1.000000e-01 1.597514e+00 -0.991713 0.011931 0.035329 0.218948 0.697307 0.028198 0.991713 -0.005780 -0.028697 -0.929269 0.000000 
1.300000e-01 1.003093e-01 9.749952e-02 1.339887e-01 1.000000e-01 1.597514e+00 -0.991713 0.011931 0.035329 0.218948 0.697307 0.028198 0.991713 -0.005780 -0.028697 -0.929269 0.000000 
1.300000e-01 1.003093e-01 9.749952e-02 1.339887e-01 1.000000e-01 1.597514e+00 -0.991713 0.011931 0.035329 0.218948 0.697307 0.028198 0.991713 -0.005780 -0.028697 -0.929269 0.000000 
1.300000e-01 1.003093e-01 9.749952e-02 1.339887e-01 1.000000e-01 1.597514e+00 -0.991713 0.011931 0.035329 0.218948 0.697307 0.028198 0.991713 -0.005780 -0.028697 -0.929269 0.000000 
1.300000e-01 1.003093e-01 9.749952e-02 1.339887e-01 1.000000e-01 1.597514e+00 -0.991713 0.011931 0.035329 0.218948 0.697307 0.028198 0.991713 -0.005780 -0.028697 -0.929269 0.000000 
1.300000e-01 1.003093e-01 9.749952e-02 1.339887e-01 1.000000e-01 1.597514e+00 -0.991713 0.011931 0.035329 0.218948 0.697307 0.028198 0.991713 -0.005780 -0.028697 -0.929269 0.000000 
1.300000e-01 1.003093e-01 9.749952e-02 1.339887e-01 1.000000e-01 1.597514e+00 -0.991713 0.011931 0.035329 0.218948 0.697307 0.028198 0.991713 -0.005780 -0.028697 -0.929269 0.000000 
1.300000e-01 1.003093e-01 9.749952e-02 1.339887e-01 1.000000e-01 1.597514e+00 -0.991713 0.011931 0.035329 0.218948 0.697307 0.028198 0.991713 -0.005780 -0.028697 -0.929269 0.000000 
1.300000e-01 1.003093e-01 9.749952e-02 1.339887e-01 1.000000e-01 1.597514e+00 -0.991713 0.011931 0.035329 0.218948 0.697307 0.028198 0.991713 -0.005780 -0.028697 -0.929269 0.000000 
1.300000e-01 1.003093e-01 9.749952e-02 1.339887e-01 1.000000e-01 1.597514e+00 -0.991713 0.011931 0.035329 0.218948 0.697307 0.028198 0.991713 -0.005780 -0.028697 -0.929269 0.000000 
1.300000e-01 1.003093e-01 9.749952e-02 1.339887e-01 1.000000e-01 1.597514e+00 -0.991713 0.011931 0.035329 0.218948 0.697307 0.028198 0.991713 -0.005780 -0.028697 -0.929269 0.000000 
1.300000e-01 1.003093e-01 9.749952e-02 1.339887e-01 1.000000e-01 1.597514e+00 -0.991713 0.011931 0.035329 0.218948 0.697307 0.028198 0.991713 -0.005780 -0.028697 -0.929269 0.000000 
1.300000e-01 1.003093e-01 9.749952e-02 1.339887e-01 1.000000e-01 1.597514e+00 -0.991713 0.011931 0.035329 0.218948 0.697307 0.028198 0.991713 -0.005780 -0.028697 -0.929269 0.000000 
1.300000e-01 1.003093e-01 9.749952e-02 1.339887e-01 1.000000e-01 1.597514e+00 -0.991713 0.011931 0.035329 0.218948 0.697307 0.028198 0.991713 -0.005780 -0.028697 -0.929269 0.000000 
1.300000e-01 1.003093e-01 9.749952e-02 1.339887e-01 1.000000e-01 1.597514e+00 -0.991713 0.011931 0.035329 0.218948 0.697307 0.028198 0.991713 -0.005780 -0.028697 -0.929269 0.000000 
1.300000e-01 1.003093e-01 9.749952e-02 1.339887e-01 1.000000e-01 1.597514e+00 -0.991713 0.011931 0.035329 0.218948 0.697307 0.028198 0.991713 -0.005780 -0.028697 -0.929269 0.000000 
1.300000e-01 1.003093e-01 9.749952e-02 1.339887e-01 1.000000e-01 1.597514e+00 -0.991713 0.011931 0.035329 0.218948 0.697307 0.028198 0.991713 -0.005780 -0.028697 -0.929269 0.000000 
1.300000e-01 1.003093e-01 9.749952e-02 1.339887e-01 1.000000e-01 1.597514e+00 -0.991713 0.011931 0.035329 0.218948 0.697307 0.028198 0.991713 -0.005780 -0.028697 -0.929269 0.000000 
1.300000e-01 1.003093e-01 9.749952e-02 1.339887e-01 1.000000e-01 1.597514e+00 -0.991713 0.011931 0.035329 0.218948 0.697307 0.028198 0.991713 -0.005780 -0.028697 -0.929269 0.000000 
1.300000e-01 1.003093e-01 9.749952e-02 1.339887e-01 1.000000e-01 1.597514e+00 -0.991713 0.011931 0.035329 0.218948 0.697307 0.028198 0.991713 -0.005780 -0.028697 -0.929269 0.000000 
1.300000e-01 1.003093e-01 9.749952e-02 1.339887e-01 1.000000e-01 1.597514e+00 -0.991713 0.011931 0.035329 0.218948 0.697307 0.028198 0.991713 -0.005780 -0.028697 -0.929269 0.000000 
1.300000e-01 1.003093e-01 9.749952e-02 1.339887e-01 1.000000e-01 1.597514e+00 -0.991713 0.011931 0.035329 0.218948 0.697307 0.028198 0.991713 -0.005780 -0.028697 -0.929269 0.000000 
1.300000e-01 1.003093e-01 9.749952e-02 1.339887e-01 1.000000e-01 1.597514e+00 -0.991713 0.011931 0.035329 0.218948 0.697307 0.028198 0.991713 -0.005780 -0.028697 -0.929269 0.000000 
1.300000e-01 1.003093e-01 9.749952e-02 1.339887e-01 1.000000e-01 1.597514e+00 -0.991713 0.011931 0.035329 0.218948 0.697307 0.028198 0.991713 -0.005780 -0.028697 -0.929269 0.000000 
1.300000e-01 1.003093e-01 9.749952e-02 1.339887e-01 1.000000e-01 1.597514e+00 -0.991713 0.011931 0.035329 0.218948 0.697307 0.028198 0.991713 -0.005780 -0.028697 -0.929269 0.000000 
1.300000e-01 1.003093e-01 9.749952e-02 1.339887e-01 1.000000e-01 1.597514e+00 -0.991713 0.011931 0.035329 0.218948 0.697307 0.028198 0.991713 -0.005780 -0.028697 -0.929269 0.000000 
1.300000e-01 1.003093e-01 9.749952e-02 1.339887e-01 1.000000e-01 1.597514e+00 -0.991713 0.011931 0.035329 0.218948 0.697307 0.028198 0.991713 -0.005780 -0.028697 -0.929269 0.000000 
1.300000e-01 1.003093e-01 9.749952e-02 1.339887e-01 1.000000e-01 1.597514e+00 -0.991713 0.011931 0.035329 0.218948 0.697307 0.028198 0.991713 -0.005780 -0.028697 -0.929269 0.000000 
1.300000e-01 1.003093e-01 9.749952e-02 1.339887e-01 1.000000e-01 1.597514e+00 -0.991713 0.011931 0.035329 0.218948 0.697307 0.028198 0.991713 -0.005780 -0.028697 -0.929269 0.000000 
1.300000e-01 1.003093e-01 9.749952e-02 1.339887e-01 1.000000e-01 1.597514e+00 -0.991713 0.011931 0.035329 0.218948 0.697307 0.028198 0.991713 -0.005780 -0.028697 -0.929269 0.000000 
1.300000e-01 1.003093e-01 9.749952e-02 1.339887e-01 1.000000e-01 1.597514e+00 -0.991713 0.011931 0.035329 0.218948 0.697307 0.028198 0.991713 -0.005780 -0.028697 -0.929269 0.000000 
1.300000e-01 1.003093e-01 9.749952e-02 1.339887e-01 1.000000e-01 1.597514e+00 -0.991713 0.011931 0.035329 0.218948 0.697307 0.028198 0.991713 -0.005780 -0.028697 -0.929269 0.000000 
1.300000e-01 1.003093e-01 9.749952e-02 1.339887e-01 1.000000e-01 1.597514e+00 -0.991713 0.011931 0.035329 0.218948 0.697307 0.028198 0.991713 -0.005780 -0.028697 -0.929269 0.000000 
1.300000e-01 1.003093e-01 9.749952e-02 1.339887e-01 1.000000e-01 1.597514e+00 -0.991713 0.011931 0.035329 0.218948 0.697307 0.028198 0.991713 -0.005780 -0.028697 -0.929269 0.000000 
1.300000e-01 1.003093e-01 9.749952e-02 1.339887e-01 1.000000e-01 1.597514e+00 -0.991713 0.011931 0.035329 0.218948 0.697307 0.028198 0.991713 -0.005780 -0.028697 -0.929269 0.000000 
1.300000e-01 1.003093e-01 9.749952e-02 1.339887e-01 1.000000e-01 1.597514e+00 -0.991713 0.011931 0.035329 0.218948 0.697307 0.028198 0.991713 -0.005780 -0.028697 -0.929269 0.000000 
1.300000e-01 1.003093e-01 9.749952e-02 1.339887e-01 1.000000e-01 1.597514e+00 -0.991713 0.011931 0.035329 0.218948 0.697307 0.028198 0.991713 -0.005780 -0.028697 -0.929269 0.000000 
1.300000e-01 1.003093e-01 9.749952e-02 1.339887e-01 1.000000e-01 1.597514e+00 -0.991713 0.011931 0.035329 0.218948 0.697307 0.028198 0.991713 -0.005780 -0.028697 -0.929269 0.000000 
1.300000e-01 1.003093e-01 9.749952e-02 1.339887e-01 1.000000e-01 1.597514e+00 -0.991713 0.011931 0.035329 0.218948 0.697307 0.028198 0.991713 -0.005780 -0.028697 -0.929269 0.000000 
1.300000e-01 1.003093e-01 9.749952e-02 1.339887e-01 1.000000e-01 1.597514e+00 -0.991713 0.011931 0.035329 0.218948 0.697307 0.028198 0.991713 -0.005780 -0.028697 -0.929269 0.000000 
1.300000e-01 1.003093e-01 9.749952e-02 1.339887e-01 1.000000e-01 1.597514e+00 -0.991713 0.011931 0.035329 0.218948 0.697307 0.028198 0.991713 -0.005780 -0.028697 -0.929269 0.000000 
1.300000e-01 1.003093e-01 9.749952e-02 1.339887e-01 1.000000e-01 1.597514e+00 -0.991713 0.011931 0.035329 0.218948 0.697307 0.028198 0.991713 -0.005780 -0.028697 -0.929269 0.000000 
1.300000e-01 1.003093e-01 9.749952e-02 1.339887e-01 1.000000e-01 1.597514e+00 -0.991713 0.011931 0.035329 0.218948 0.697307 0.028198 0.991713 -0.005780 -0.028697 -0.929269 0.000000 
1.300000e-01 1.003093e-01 9.749952e-02 1.339887e-01 1.000000e-01 1.597514e+00 -0.991713 0.011931 0.035329 0.218948 0.697307 0.028198 0.991713 -0.005780 -0.028697 -0.929269 0.000000 
1.300000e-01 1.003093e-01 9.749952e-02 1.339887e-01 1.000000e-01 1.597514e+00 -0.991713 0.011931 0.035329 0.218948 0.697307 0.028198 0.991713 -0.005780 -0.028697 -0.929269 0.000000 
1.300000e-01 1.003093e-01 9.749952e-02 1.339887e-01 1.000000e-01 1.597514e+00 -0.991713 0.011931 0.035329 0.218948 0.697307 0.028198 0.991713 -0.005780 -0.028697 -0.929269 0.000000 
1.300000e-01 1.003093e-01 9.749952e-02 1.339887e-01 1.000000e-01 1.597514e+00 -0.991713 0.011931 0.035329 0.218948 0.697307 0.028198 0.991713 -0.005780 -0.028697 -0.929269 0.000000 
1.300000e-01 1.003093e-01 9.749952e-02 1.339887e-01 1.000000e-01 1.597514e+00 -0.991713 0.011931 0.035329 0.218948 0.697307 0.028198 0.991713 -0.005780 -0.028697 -0.929269 0.000000 
1.300000e-01 1.003093e-01 9.749952e-02 1.339887e-01 1.000000e-01 1.597514e+00 -0.991713 0.011931 0.035329 0.218948 0.697307 0.028198 0.991713 -0.005780 -0.028697 -0.929269 0.000000 
1.300000e-01 1.003093e-01 9.749952e-02 1.339887e-01 1.000000e-01 1.597514e+00 -0.991713 0.011931 0.035329 0.218948 0.697307 0.028198 0.991713 -0.005780 -0.028697 -0.929269 0.000000 
1.300000e-01 1.003093e-01 9.749952e-02 1.339887e-01 1.000000e-01 1.597514e+00 -0.991713 0.011931 0.035329 0.218948 0.697307 0.028198 0.991713 -0.005780 -0.028697 -0.929269 0.000000 
1.300000e-01 1.003093e-01 9.749952e-02 1.339887e-01 1.000000e-01 1.597514e+00 -0.991713 0.011931 0.035329 0.218948 0.697307 0.028198 0.991713 -0.005780 -0.028697 -0.929269 0.000000 
1.300000e-01 1.003093e-01 9.749952e-02 1.339887e-01 1.000000e-01 1.597514e+00 -0.991713 0.011931 0.035329 0.218948 0.697307 0.028198 0.991713 -0.005780 -0.028697 -0.929269 0.000000 
1.300000e-01 1.003093e-01 9.749952e-02 1.339887e-01 1.000000e-01 1.597514e+00 -0.991713 0.011931 0.035329 0.218948 0.697307 0.028198 0.991713 -0.005780 -0.028697 -0.929269 0.000000 
1.300000e-01 1.003093e-01 9.749952e-02 1.339887e-01 1.000000e-01 1.597514e+00 -0.991713 0.011931 0.035329 0.218948 0.697307 0.028198 0.991713 -0.005780 -0.028697 -0.929269 0.000000 
1.300000e-01 1.003093e-01 9.749952e-02 1.339887e-01 1.000000e-01 1.597514e+00 -0.991713 0.011931 0.035329 0.218948 0.697307 0.028198 0.991713 -0.005780 -0.028697 -0.929269 0.000000 
1.300000e-01 1.003093e-01 9.749952e-02 1.339887e-01 1.000000e-01 1.597514e+00 -0.991713 0.011931 0.035329 0.218948 0.697307 0.028198 0.991713 -0.005780 -0.028697 -0.929269 0.000000 
1.300000e-01 1.003093e-01 9.749952e-02 1.339887e-01 1.000000e-01 1.597514e+00 -0.991713 0.011931 0.035329 0.218948 0.697307 0.028198 0.991713 -0.005780 -0.028697 -0.929269 0.000000 
1.300000e-01 1.003093e-01 9.749952e-02 1.339887e-01 1.000000e-01 1.597514e+00 -0.991713 0.011931 0.035329 0.218948 0.697307 0.028198 0.991713 -0.005780 -0.028697 -0.929269 0.000000 
