# TeX TeY TeZ ThX ThY THZ P1 P2
1.100000e-01 1.000000e-01 1.030000e+00 1.100000e-01 1.000000e-01 1.030000e+00 0.000000 0.000000 0.000000 0.000000 0.000000 0.000000 0.000000 0.000000 0.000000 0.000000 0.000000 
1.100000e-01 1.000000e-01 1.019289e+00 1.100000e-01 1.000000e-01 1.038061e+00 -0.012402 0.001591 0.003182 0.003187 0.003206 0.001236 0.012402 -0.001592 -0.003184 -0.003187 0.000000 
1.100000e-01 1.000000e-01 1.008527e+00 1.100000e-01 1.000000e-01 1.046104e+00 -0.024827 0.003184 0.006371 0.006380 0.006418 0.002474 0.024827 -0.003186 -0.006374 -0.006380 0.000000 
1.100000e-01 1.000000e-01 9.977150e-01 1.100000e-01 1.000000e-01 1.054130e+00 -0.037272 0.004780 0.009564 0.009578 0.009636 0.003714 0.037272 -0.004784 -0.009569 -0.009578 0.000000 
1.100000e-01 1.000000e-01 9.868532e-01 1.100000e-01 1.000000e-01 1.062138e+00 -0.049739 0.006379 0.012763 0.012782 0.012859 0.004956 0.049739 -0.006384 -0.012770 -0.012782 0.000000 
1.100000e-01 1.000000e-01 9.759421e-01 1.100000e-01 1.000000e-01 1.070128e+00 -0.062226 0.007980 0.015968 0.015991 0.016087 0.006200 0.062226 -0.007986 -0.015976 -0.015990 0.000000 
1.100000e-01 1.000000e-01 9.649822e-01 1.100000e-01 1.000000e-01 1.078099e+00 -0.074734 0.009584 0.019177 0.019205 0.019321 0.007447 0.074734 -0.009592 -0.019187 -0.019205 0.000000 
1.100000e-01 1.000000e-01 9.539738e-01 1.100000e-01 1.000000e-01 1.086053e+00 -0.087262 0.011191 0.022391 0.022425 0.022559 0.008695 0.087262 -0.011199 -0.022403 -0.022424 0.000000 
1.100000e-01 1.000000e-01 9.429174e-01 1.100000e-01 1.000000e-01 1.093987e+00 -0.099809 0.012800 0.025610 0.025649 0.025804 0.009946 0.099808 -0.012810 -0.025624 -0.025648 0.000000 
1.100000e-01 1.000000e-01 9.318134e-01 1.100000e-01 1.000000e-01 1.101903e+00 -0.112374 0.014411 0.028834 0.028878 0.029053 0.011198 0.112374 -0.014422 -0.028850 -0.028877 0.000000 
1.100000e-01 1.000000e-01 9.206622e-01 1.100000e-01 1.000000e-01 1.109799e+00 -0.124959 0.016024 0.032063 0.032112 0.032307 0.012453 0.124959 -0.016038 -0.032081 -0.032111 0.000000 
1.100000e-01 1.000000e-01 9.094643e-01 1.100000e-01 1.000000e-01 1.117677e+00 -0.137561 0.017639 0.035295 0.035351 0.035567 0.013709 0.137561 -0.017655 -0.035317 -0.035349 0.000000 
1.100000e-01 1.000000e-01 8.982200e-01 1.100000e-01 1.000000e-01 1.125534e+00 -0.150182 0.019257 0.038532 0.038594 0.038831 0.014968 0.150182 -0.019275 -0.038557 -0.038593 0.000000 
1.100000e-01 1.000000e-01 8.869299e-01 1.100000e-01 1.000000e-01 1.133373e+00 -0.162819 0.020876 0.041773 0.041842 0.042100 0.016228 0.162819 -0.020897 -0.041801 -0.041840 0.000000 
1.100000e-01 1.000000e-01 8.755942e-01 1.100000e-01 1.000000e-01 1.141191e+00 -0.175474 0.022498 0.045018 0.045094 0.045374 0.017490 0.175474 -0.022521 -0.045050 -0.045092 0.000000 
1.100000e-01 1.000000e-01 8.642133e-01 1.100000e-01 1.000000e-01 1.148989e+00 -0.188145 0.024121 0.048267 0.048350 0.048653 0.018754 0.188145 -0.024147 -0.048303 -0.048348 0.000000 
1.100000e-01 1.000000e-01 8.527878e-01 1.100000e-01 1.000000e-01 1.156767e+00 -0.200832 0.025745 0.051519 0.051611 0.051936 0.020020 0.200832 -0.025775 -0.051561 -0.051608 0.000000 
1.100000e-01 1.000000e-01 8.413179e-01 1.099999e-01 1.000000e-01 1.164524e+00 -0.213535 0.027372 0.054775 0.054876 0.055224 0.021288 0.213535 -0.027406 -0.054822 -0.054873 0.000000 
1.100000e-01 1.000000e-01 8.298040e-01 1.099999e-01 1.000000e-01 1.172260e+00 -0.226253 0.028999 0.058034 0.058144 0.058517 0.022558 0.226253 -0.029038 -0.058087 -0.058141 0.000000 
1.100000e-01 1.000000e-01 8.182466e-01 1.099999e-01 1.000000e-01 1.179975e+00 -0.238986 0.030628 0.061296 0.061417 0.061815 0.023830 0.238986 -0.030672 -0.061356 -0.061413 0.000000 
1.100000e-01 1.000000e-01 8.066461e-01 1.099999e-01 1.000000e-01 1.187669e+00 -0.251734 0.032258 0.064560 0.064693 0.065118 0.025104 0.251734 -0.032308 -0.064629 -0.064689 0.000000 
1.100000e-01 1.000000e-01 7.950027e-01 1.099999e-01 1.000000e-01 1.195341e+00 -0.264495 0.033890 0.067828 0.067973 0.068425 0.026379 0.264495 -0.033946 -0.067905 -0.067968 0.000000 
1.100000e-01 1.000000e-01 7.833169e-01 1.099999e-01 1.000000e-01 1.202992e+00 -0.277270 0.035522 0.071097 0.071257 0.071737 0.027657 0.277270 -0.035586 -0.071185 -0.071251 0.000000 
1.100000e-01 9.999999e-02 7.715890e-01 1.099999e-01 1.000000e-01 1.210620e+00 -0.290058 0.037155 0.074369 0.074544 0.075053 0.028937 0.290058 -0.037227 -0.074468 -0.074537 0.000000 
1.100000e-01 9.999999e-02 7.598194e-01 1.099998e-01 1.000000e-01 1.218226e+00 -0.302860 0.038788 0.077642 0.077835 0.078375 0.030219 0.302859 -0.038870 -0.077754 -0.077827 0.000000 
1.100000e-01 9.999999e-02 7.480085e-01 1.099998e-01 1.000000e-01 1.225810e+00 -0.315673 0.040422 0.080917 0.081129 0.081702 0.031503 0.315673 -0.040514 -0.081044 -0.081119 0.000000 
1.100000e-01 9.999999e-02 7.361567e-01 1.099998e-01 1.000000e-01 1.233370e+00 -0.328498 0.042055 0.084194 0.084427 0.085033 0.032789 0.328498 -0.042160 -0.084337 -0.084415 0.000000 
1.100000e-01 9.999999e-02 7.242642e-01 1.099998e-01 1.000000e-01 1.240908e+00 -0.341335 0.043689 0.087471 0.087727 0.088370 0.034077 0.341335 -0.043808 -0.087633 -0.087714 0.000000 
1.100000e-01 9.999999e-02 7.123314e-01 1.099997e-01 1.000000e-01 1.248422e+00 -0.354184 0.045323 0.090749 0.091031 0.091713 0.035368 0.354183 -0.045457 -0.090931 -0.091015 0.000000 
1.100000e-01 9.999998e-02 7.003588e-01 1.099997e-01 1.000000e-01 1.255912e+00 -0.367042 0.046956 0.094027 0.094338 0.095060 0.036661 0.367042 -0.047107 -0.094232 -0.094320 0.000000 
1.100000e-01 9.999998e-02 6.883465e-01 1.099997e-01 1.000000e-01 1.263379e+00 -0.379912 0.048587 0.097305 0.097649 0.098414 0.037956 0.379911 -0.048759 -0.097536 -0.097627 0.000000 
1.100000e-01 9.999998e-02 6.762950e-01 1.099996e-01 1.000000e-01 1.270821e+00 -0.392791 0.050218 0.100582 0.100962 0.101774 0.039254 0.392790 -0.050412 -0.100843 -0.100936 0.000000 
1.100000e-01 9.999997e-02 6.642046e-01 1.099996e-01 1.000000e-01 1.278239e+00 -0.405679 0.051847 0.103858 0.104279 0.105140 0.040556 0.405679 -0.052066 -0.104152 -0.104248 0.000000 
1.100000e-01 9.999996e-02 6.520756e-01 1.099995e-01 1.000000e-01 1.285632e+00 -0.418577 0.053474 0.107132 0.107599 0.108512 0.041859 0.418577 -0.053721 -0.107463 -0.107563 0.000000 
1.100000e-01 9.999996e-02 6.399084e-01 1.099994e-01 1.000000e-01 1.292999e+00 -0.431483 0.055098 0.110404 0.110922 0.111893 0.043166 0.431483 -0.055378 -0.110777 -0.110879 0.000000 
1.100000e-01 9.999995e-02 6.277032e-01 1.099993e-01 1.000000e-01 1.300342e+00 -0.444398 0.056719 0.113673 0.114249 0.115280 0.044477 0.444397 -0.057035 -0.114092 -0.114198 0.000000 
1.100000e-01 9.999994e-02 6.154605e-01 1.099992e-01 1.000000e-01 1.307658e+00 -0.457320 0.058335 0.116938 0.117580 0.118675 0.045790 0.457320 -0.058694 -0.117410 -0.117519 0.000000 
1.100000e-01 9.999993e-02 6.031805e-01 1.099991e-01 1.000000e-01 1.314948e+00 -0.470250 0.059948 0.120199 0.120915 0.122079 0.047107 0.470250 -0.060353 -0.120729 -0.120841 0.000000 
1.100000e-01 9.999991e-02 5.908635e-01 1.099990e-01 1.000000e-01 1.322213e+00 -0.483187 0.061555 0.123454 0.124255 0.125493 0.048429 0.483186 -0.062014 -0.124051 -0.124166 0.000000 
1.100000e-01 9.999989e-02 5.785098e-01 1.099989e-01 1.000000e-01 1.329450e+00 -0.496130 0.063157 0.126704 0.127599 0.128916 0.049754 0.496130 -0.063675 -0.127374 -0.127492 0.000000 
1.100000e-01 9.999987e-02 5.661198e-01 1.099987e-01 1.000000e-01 1.336660e+00 -0.509079 0.064750 0.129946 0.130949 0.132350 0.051083 0.509079 -0.065337 -0.130698 -0.130819 0.000000 
1.100000e-01 9.999984e-02 5.536938e-01 1.099985e-01 1.000000e-01 1.343843e+00 -0.522034 0.066335 0.133181 0.134305 0.135796 0.052416 0.522034 -0.066999 -0.134024 -0.134148 0.000000 
1.100000e-01 9.999981e-02 5.412320e-01 1.099983e-01 1.000000e-01 1.350998e+00 -0.534995 0.067910 0.136406 0.137669 0.139255 0.053754 0.534995 -0.068663 -0.137351 -0.137479 0.000000 
1.100000e-01 9.999977e-02 5.287348e-01 1.099981e-01 1.000000e-01 1.358125e+00 -0.547960 0.069474 0.139620 0.141042 0.142727 0.055097 0.547960 -0.070327 -0.140680 -0.140811 0.000000 
1.100000e-01 9.999972e-02 5.162024e-01 1.099979e-01 1.000000e-01 1.365224e+00 -0.560930 0.071025 0.142822 0.144425 0.146213 0.056444 0.560930 -0.071991 -0.144010 -0.144144 0.000000 
1.100000e-01 9.999966e-02 5.036351e-01 1.099976e-01 1.000000e-01 1.372293e+00 -0.573904 0.072559 0.146010 0.147822 0.149717 0.057795 0.573903 -0.073656 -0.147341 -0.147478 0.000000 
1.100000e-01 9.999959e-02 4.910333e-01 1.099972e-01 1.000000e-01 1.379334e+00 -0.586881 0.074076 0.149183 0.151233 0.153237 0.059151 0.586881 -0.075321 -0.150672 -0.150813 0.000000 
1.100000e-01 9.999950e-02 4.783972e-01 1.099969e-01 1.000000e-01 1.386345e+00 -0.599861 0.075571 0.152338 0.154663 0.156778 0.060511 0.599861 -0.076987 -0.154005 -0.154149 0.000000 
1.100000e-01 9.999940e-02 4.657271e-01 1.099964e-01 1.000000e-01 1.393326e+00 -0.612844 0.077042 0.155474 0.158116 0.160338 0.061874 0.612844 -0.078653 -0.157338 -0.157487 0.000000 
1.100000e-01 9.999927e-02 4.530232e-01 1.099959e-01 1.000000e-01 1.400277e+00 -0.625830 0.078486 0.158589 0.161595 0.163920 0.063239 0.625830 -0.080319 -0.160672 -0.160825 0.000000 
1.100000e-01 9.999911e-02 4.402859e-01 1.099954e-01 1.000000e-01 1.407197e+00 -0.638817 0.079894 0.161677 0.165111 0.167529 0.064606 0.638817 -0.081984 -0.164006 -0.164164 0.000000 
1.100000e-01 9.999892e-02 4.275154e-01 1.099948e-01 1.000000e-01 1.414086e+00 -0.651806 0.081266 0.164740 0.168665 0.171162 0.065972 0.651805 -0.083650 -0.167341 -0.167505 0.000000 
1.100000e-01 9.999868e-02 4.147119e-01 1.099941e-01 1.000000e-01 1.420944e+00 -0.664795 0.082592 0.167771 0.172271 0.174825 0.067335 0.664795 -0.085314 -0.170676 -0.170848 0.000000 
1.100000e-01 9.999840e-02 4.018758e-01 1.099933e-01 1.000000e-01 1.427770e+00 -0.677785 0.083864 0.170767 0.175942 0.178520 0.068692 0.677785 -0.086978 -0.174012 -0.174194 0.000000 
1.100000e-01 9.999805e-02 3.890074e-01 1.099924e-01 1.000000e-01 1.434563e+00 -0.690775 0.085079 0.173727 0.179684 0.182245 0.070040 0.690775 -0.088640 -0.177347 -0.177543 0.000000 
1.100000e-01 9.999762e-02 3.761068e-01 1.099914e-01 1.000000e-01 1.441324e+00 -0.703765 0.086217 0.176640 0.183528 0.186009 0.071371 0.703765 -0.090298 -0.180683 -0.180898 0.000000 
1.100000e-01 9.999710e-02 3.631743e-01 1.099902e-01 1.000000e-01 1.448051e+00 -0.716754 0.087272 0.179504 0.187487 0.189810 0.072681 0.716754 -0.091952 -0.184018 -0.184261 0.000000 
1.100000e-01 9.999645e-02 3.502102e-01 1.099889e-01 1.000000e-01 1.454745e+00 -0.729742 0.088235 0.182317 0.191578 0.193649 0.073963 0.729742 -0.093600 -0.187354 -0.187637 0.000000 
1.100000e-01 9.999567e-02 3.372147e-01 1.099875e-01 1.000000e-01 1.461405e+00 -0.742728 0.089072 0.185058 0.195863 0.197535 0.075199 0.742727 -0.095237 -0.190691 -0.191034 0.000000 
1.100000e-01 9.999471e-02 3.241881e-01 1.099858e-01 1.000000e-01 1.468030e+00 -0.755711 0.089779 0.187726 0.200360 0.201465 0.076381 0.755711 -0.096858 -0.194028 -0.194460 0.000000 
1.100000e-01 9.999354e-02 3.111307e-01 1.099840e-01 1.000000e-01 1.474621e+00 -0.768693 0.090339 0.190312 0.205106 0.205438 0.077497 0.768693 -0.098455 -0.197366 -0.197933 0.000000 
1.100000e-01 9.999210e-02 2.980425e-01 1.099819e-01 1.000000e-01 1.481176e+00 -0.781671 0.090701 0.192786 0.210209 0.209463 0.078512 0.781671 -0.100016 -0.200706 -0.201479 0.000000 
1.100000e-01 9.999034e-02 2.849240e-01 1.099796e-01 1.000000e-01 1.487695e+00 -0.794646 0.090853 0.195135 0.215716 0.213533 0.079409 0.794646 -0.101522 -0.204050 -0.205132 0.000000 
1.100000e-01 9.998818e-02 2.717753e-01 1.099771e-01 1.000000e-01 1.494178e+00 -0.807617 0.090772 0.197341 0.221696 0.217643 0.080164 0.807617 -0.102941 -0.207398 -0.208959 0.000000 
1.100000e-01 9.998555e-02 2.585966e-01 1.099742e-01 1.000000e-01 1.500624e+00 -0.820584 0.090402 0.199354 0.228310 0.221789 0.080729 0.820583 -0.104231 -0.210754 -0.213045 0.000000 
1.100000e-01 9.998234e-02 2.453881e-01 1.099710e-01 1.000000e-01 1.507031e+00 -0.833545 0.089689 0.201117 0.235733 0.225959 0.081047 0.833545 -0.105327 -0.214118 -0.217529 0.000000 
1.100000e-01 9.997843e-02 2.321501e-01 1.099675e-01 1.000000e-01 1.513398e+00 -0.846500 0.088621 0.202591 0.244069 0.230126 0.081092 0.846500 -0.106115 -0.217491 -0.222652 0.000000 
1.100000e-01 9.997371e-02 2.188827e-01 1.099636e-01 1.000000e-01 1.519726e+00 -0.859448 0.087156 0.203701 0.253525 0.234258 0.080808 0.859448 -0.106452 -0.220868 -0.228736 0.000000 
1.100000e-01 9.996806e-02 2.055861e-01 1.099593e-01 1.000000e-01 1.526012e+00 -0.872390 0.085176 0.204260 0.264602 0.238284 0.080069 0.872390 -0.106105 -0.224223 -0.236340 0.000000 
1.100000e-01 9.996138e-02 1.922603e-01 1.099544e-01 1.000000e-01 1.532258e+00 -0.885326 0.082672 0.204152 0.277561 0.242111 0.078830 0.885326 -0.104710 -0.227477 -0.246410 0.000000 
1.100000e-01 9.995366e-02 1.789054e-01 1.099486e-01 1.000000e-01 1.538462e+00 -0.898256 0.079615 0.203200 0.292806 0.245605 0.077029 0.898256 -0.101817 -0.230428 -0.260333 0.000000 
1.100000e-01 9.994513e-02 1.655213e-01 1.099415e-01 1.000000e-01 1.544624e+00 -0.911180 0.075960 0.201149 0.310933 0.248556 0.074582 0.911180 -0.096748 -0.232552 -0.280640 0.000000 
1.100000e-01 9.993686e-02 1.521070e-01 1.099318e-01 1.000000e-01 1.550744e+00 -0.924105 0.071594 0.197465 0.333219 0.250509 0.071318 0.924105 -0.088586 -0.232447 -0.312115 0.000000 
1.100000e-01 9.993309e-02 1.386579e-01 1.099168e-01 1.000000e-01 1.556822e+00 -0.937046 0.066520 0.191701 0.360743 0.250897 0.067185 0.937046 -0.076461 -0.226858 -0.362990 0.000000 
1.100000e-01 9.995273e-02 1.251512e-01 1.098911e-01 1.000000e-01 1.562860e+00 -0.950078 0.060759 0.183367 0.394862 0.248930 0.062159 0.950078 -0.059407 -0.207756 -0.450362 0.000000 
1.100000e-01 1.000663e-01 1.114840e-01 1.098440e-01 1.000000e-01 1.568862e+00 -0.963565 0.054342 0.171828 0.437811 0.243374 0.056210 0.963565 -0.036029 -0.153144 -0.615852 0.000000 
1.100000e-01 1.003098e-01 9.749840e-02 1.097543e-01 1.000000e-01 1.574837e+00 -0.978575 0.047376 0.156477 0.492932 0.232415 0.049375 0.978575 -0.004091 -0.025309 -0.925924 0.000000 
1.100000e-01 1.003098e-01 9.749840e-02 1.095861e-01 1.000000e-01 1.580804e+00 -0.982676 0.038079 0.132221 0.564169 0.208040 0.040167 0.982676 -0.004617 -0.026362 -0.926978 0.000000 
1.100000e-01 1.003098e-01 9.749840e-02 1.092915e-01 1.000000e-01 1.586801e+00 -0.986977 0.027703 0.100677 0.661332 0.167748 0.029517 0.986977 -0.005169 -0.027466 -0.928083 0.000000 
1.100000e-01 1.003098e-01 9.749840e-02 1.088712e-01 1.000000e-01 1.592909e+00 -0.991712 0.015734 0.059469 0.795468 0.104126 0.016915 0.991712 -0.005777 -0.028682 -0.929300 0.000000 
1.100000e-01 1.003098e-01 9.749840e-02 1.085989e-01 1.000000e-01 1.597511e+00 -0.995647 0.005528 0.021549 0.923957 0.038610 0.006003 0.995647 -0.006282 -0.029693 -0.930311 0.000000 
1.100000e-01 1.003098e-01 9.749840e-02 1.085989e-01 1.000000e-01 1.597511e+00 -0.995647 0.005528 0.021549 0.923957 0.038610 0.006003 0.995647 -0.006282 -0.029693 -0.930311 0.000000 
1.100000e-01 1.003098e-01 9.749840e-02 1.085989e-01 1.000000e-01 1.597511e+00 -0.995647 0.005528 0.021549 0.923957 0.038610 0.006003 0.995647 -0.006282 -0.029693 -0.930311 0.000000 
1.100000e-01 1.003098e-01 9.749840e-02 1.085989e-01 1.000000e-01 1.597511e+00 -0.995647 0.005528 0.021549 0.923957 0.038610 0.006003 0.995647 -0.006282 -0.029693 -0.930311 0.000000 
1.100000e-01 1.003098e-01 9.749840e-02 1.085989e-01 1.000000e-01 1.597511e+00 -0.995647 0.005528 0.021549 0.923957 0.038610 0.006003 0.995647 -0.006282 -0.029693 -0.930311 0.000000 
1.100000e-01 1.003098e-01 9.749840e-02 1.085989e-01 1.000000e-01 1.597511e+00 -0.995647 0.005528 0.021549 0.923957 0.038610 0.006003 0.995647 -0.006282 -0.029693 -0.930311 0.000000 
1.100000e-01 1.003098e-01 9.749840e-02 1.085989e-01 1.000000e-01 1.597511e+00 -0.995647 0.005528 0.021549 0.923957 0.038610 0.006003 0.995647 -0.006282 -0.029693 -0.930311 0.000000 
1.100000e-01 1.003098e-01 9.749840e-02 1.085989e-01 1.000000e-01 1.597511e+00 -0.995647 0.005528 0.021549 0.923957 0.038610 0.006003 0.995647 -0.006282 -0.029693 -0.930311 0.000000 
1.100000e-01 1.003098e-01 9.749840e-02 1.085989e-01 1.000000e-01 1.597511e+00 -0.995647 0.005528 0.021549 0.923957 0.038610 0.006003 0.995647 -0.006282 -0.029693 -0.930311 0.000000 
1.100000e-01 1.003098e-01 9.749840e-02 1.085989e-01 1.000000e-01 1.597511e+00 -0.995647 0.005528 0.021549 0.923957 0.038610 0.006003 0.995647 -0.006282 -0.029693 -0.930311 0.000000 
1.100000e-01 1.003098e-01 9.749840e-02 1.085989e-01 1.000000e-01 1.597511e+00 -0.995647 0.005528 0.021549 0.923957 0.038610 0.006003 0.995647 -0.006282 -0.029693 -0.930311 0.000000 
1.100000e-01 1.003098e-01 9.749840e-02 1.085989e-01 1.000000e-01 1.597511e+00 -0.995647 0.005528 0.021549 0.923957 0.038610 0.006003 0.995647 -0.006282 -0.029693 -0.930311 0.000000 
1.100000e-01 1.003098e-01 9.749840e-02 1.085989e-01 1.000000e-01 1.597511e+00 -0.995647 0.005528 0.021549 0.923957 0.038610 0.006003 0.995647 -0.006282 -0.029693 -0.930311 0.000000 
1.100000e-01 1.003098e-01 9.749840e-02 1.085989e-01 1.000000e-01 1.597511e+00 -0.995647 0.005528 0.021549 0.923957 0.038610 0.006003 0.995647 -0.006282 -0.029693 -0.930311 0.000000 
1.100000e-01 1.003098e-01 9.749840e-02 1.085989e-01 1.000000e-01 1.597511e+00 -0.995647 0.005528 0.021549 0.923957 0.038610 0.006003 0.995647 -0.006282 -0.029693 -0.930311 0.000000 
1.100000e-01 1.003098e-01 9.749840e-02 1.085989e-01 1.000000e-01 1.597511e+00 -0.995647 0.005528 0.021549 0.923957 0.038610 0.006003 0.995647 -0.006282 -0.029693 -0.930311 0.000000 
1.100000e-01 1.003098e-01 9.749840e-02 1.085989e-01 1.000000e-01 1.597511e+00 -0.995647 0.005528 0.021549 0.923957 0.038610 0.006003 0.995647 -0.006282 -0.029693 -0.930311 0.000000 
1.100000e-01 1.003098e-01 9.749840e-02 1.085989e-01 1.000000e-01 1.597511e+00 -0.995647 0.005528 0.021549 0.923957 0.038610 0.006003 0.995647 -0.006282 -0.029693 -0.930311 0.000000 
1.100000e-01 1.003098e-01 9.749840e-02 1.085989e-01 1.000000e-01 1.597511e+00 -0.995647 0.005528 0.021549 0.923957 0.038610 0.006003 0.995647 -0.006282 -0.029693 -0.930311 0.000000 
1.100000e-01 1.003098e-01 9.749840e-02 1.085989e-01 1.000000e-01 1.597511e+00 -0.995647 0.005528 0.021549 0.923957 0.038610 0.006003 0.995647 -0.006282 -0.029693 -0.930311 0.000000 
1.100000e-01 1.003098e-01 9.749840e-02 1.085989e-01 1.000000e-01 1.597511e+00 -0.995647 0.005528 0.021549 0.923957 0.038610 0.006003 0.995647 -0.006282 -0.029693 -0.930311 0.000000 
1.100000e-01 1.003098e-01 9.749840e-02 1.085989e-01 1.000000e-01 1.597511e+00 -0.995647 0.005528 0.021549 0.923957 0.038610 0.006003 0.995647 -0.006282 -0.029693 -0.930311 0.000000 
1.100000e-01 1.003098e-01 9.749840e-02 1.085989e-01 1.000000e-01 1.597511e+00 -0.995647 0.005528 0.021549 0.923957 0.038610 0.006003 0.995647 -0.006282 -0.029693 -0.930311 0.000000 
1.100000e-01 1.003098e-01 9.749840e-02 1.085989e-01 1.000000e-01 1.597511e+00 -0.995647 0.005528 0.021549 0.923957 0.038610 0.006003 0.995647 -0.006282 -0.029693 -0.930311 0.000000 
1.100000e-01 1.003098e-01 9.749840e-02 1.085989e-01 1.000000e-01 1.597511e+00 -0.995647 0.005528 0.021549 0.923957 0.038610 0.006003 0.995647 -0.006282 -0.029693 -0.930311 0.000000 
1.100000e-01 1.003098e-01 9.749840e-02 1.085989e-01 1.000000e-01 1.597511e+00 -0.995647 0.005528 0.021549 0.923957 0.038610 0.006003 0.995647 -0.006282 -0.029693 -0.930311 0.000000 
1.100000e-01 1.003098e-01 9.749840e-02 1.085989e-01 1.000000e-01 1.597511e+00 -0.995647 0.005528 0.021549 0.923957 0.038610 0.006003 0.995647 -0.006282 -0.029693 -0.930311 0.000000 
1.100000e-01 1.003098e-01 9.749840e-02 1.085989e-01 1.000000e-01 1.597511e+00 -0.995647 0.005528 0.021549 0.923957 0.038610 0.006003 0.995647 -0.006282 -0.029693 -0.930311 0.000000 
1.100000e-01 1.003098e-01 9.749840e-02 1.085989e-01 1.000000e-01 1.597511e+00 -0.995647 0.005528 0.021549 0.923957 0.038610 0.006003 0.995647 -0.006282 -0.029693 -0.930311 0.000000 
1.100000e-01 1.003098e-01 9.749840e-02 1.085989e-01 1.000000e-01 1.597511e+00 -0.995647 0.005528 0.021549 0.923957 0.038610 0.006003 0.995647 -0.006282 -0.029693 -0.930311 0.000000 
1.100000e-01 1.003098e-01 9.749840e-02 1.085989e-01 1.000000e-01 1.597511e+00 -0.995647 0.005528 0.021549 0.923957 0.038610 0.006003 0.995647 -0.006282 -0.029693 -0.930311 0.000000 
1.100000e-01 1.003098e-01 9.749840e-02 1.085989e-01 1.000000e-01 1.597511e+00 -0.995647 0.005528 0.021549 0.923957 0.038610 0.006003 0.995647 -0.006282 -0.029693 -0.930311 0.000000 
1.100000e-01 1.003098e-01 9.749840e-02 1.085989e-01 1.000000e-01 1.597511e+00 -0.995647 0.005528 0.021549 0.923957 0.038610 0.006003 0.995647 -0.006282 -0.029693 -0.930311 0.000000 
1.100000e-01 1.003098e-01 9.749840e-02 1.085989e-01 1.000000e-01 1.597511e+00 -0.995647 0.005528 0.021549 0.923957 0.038610 0.006003 0.995647 -0.006282 -0.029693 -0.930311 0.000000 
1.100000e-01 1.003098e-01 9.749840e-02 1.085989e-01 1.000000e-01 1.597511e+00 -0.995647 0.005528 0.021549 0.923957 0.038610 0.006003 0.995647 -0.006282 -0.029693 -0.930311 0.000000 
1.100000e-01 1.003098e-01 9.749840e-02 1.085989e-01 1.000000e-01 1.597511e+00 -0.995647 0.005528 0.021549 0.923957 0.038610 0.006003 0.995647 -0.006282 -0.029693 -0.930311 0.000000 
1.100000e-01 1.003098e-01 9.749840e-02 1.085989e-01 1.000000e-01 1.597511e+00 -0.995647 0.005528 0.021549 0.923957 0.038610 0.006003 0.995647 -0.006282 -0.029693 -0.930311 0.000000 
1.100000e-01 1.003098e-01 9.749840e-02 1.085989e-01 1.000000e-01 1.597511e+00 -0.995647 0.005528 0.021549 0.923957 0.038610 0.006003 0.995647 -0.006282 -0.029693 -0.930311 0.000000 
1.100000e-01 1.003098e-01 9.749840e-02 1.085989e-01 1.000000e-01 1.597511e+00 -0.995647 0.005528 0.021549 0.923957 0.038610 0.006003 0.995647 -0.006282 -0.029693 -0.930311 0.000000 
1.100000e-01 1.003098e-01 9.749840e-02 1.085989e-01 1.000000e-01 1.597511e+00 -0.995647 0.005528 0.021549 0.923957 0.038610 0.006003 0.995647 -0.006282 -0.029693 -0.930311 0.000000 
1.100000e-01 1.003098e-01 9.749840e-02 1.085989e-01 1.000000e-01 1.597511e+00 -0.995647 0.005528 0.021549 0.923957 0.038610 0.006003 0.995647 -0.006282 -0.029693 -0.930311 0.000000 
1.100000e-01 1.003098e-01 9.749840e-02 1.085989e-01 1.000000e-01 1.597511e+00 -0.995647 0.005528 0.021549 0.923957 0.038610 0.006003 0.995647 -0.006282 -0.029693 -0.930311 0.000000 
1.100000e-01 1.003098e-01 9.749840e-02 1.085989e-01 1.000000e-01 1.597511e+00 -0.995647 0.005528 0.021549 0.923957 0.038610 0.006003 0.995647 -0.006282 -0.029693 -0.930311 0.000000 
1.100000e-01 1.003098e-01 9.749840e-02 1.085989e-01 1.000000e-01 1.597511e+00 -0.995647 0.005528 0.021549 0.923957 0.038610 0.006003 0.995647 -0.006282 -0.029693 -0.930311 0.000000 
1.100000e-01 1.003098e-01 9.749840e-02 1.085989e-01 1.000000e-01 1.597511e+00 -0.995647 0.005528 0.021549 0.923957 0.038610 0.006003 0.995647 -0.006282 -0.029693 -0.930311 0.000000 
1.100000e-01 1.003098e-01 9.749840e-02 1.085989e-01 1.000000e-01 1.597511e+00 -0.995647 0.005528 0.021549 0.923957 0.038610 0.006003 0.995647 -0.006282 -0.029693 -0.930311 0.000000 
1.100000e-01 1.003098e-01 9.749840e-02 1.085989e-01 1.000000e-01 1.597511e+00 -0.995647 0.005528 0.021549 0.923957 0.038610 0.006003 0.995647 -0.006282 -0.029693 -0.930311 0.000000 
1.100000e-01 1.003098e-01 9.749840e-02 1.085989e-01 1.000000e-01 1.597511e+00 -0.995647 0.005528 0.021549 0.923957 0.038610 0.006003 0.995647 -0.006282 -0.029693 -0.930311 0.000000 
1.100000e-01 1.003098e-01 9.749840e-02 1.085989e-01 1.000000e-01 1.597511e+00 -0.995647 0.005528 0.021549 0.923957 0.038610 0.006003 0.995647 -0.006282 -0.029693 -0.930311 0.000000 
1.100000e-01 1.003098e-01 9.749840e-02 1.085989e-01 1.000000e-01 1.597511e+00 -0.995647 0.005528 0.021549 0.923957 0.038610 0.006003 0.995647 -0.006282 -0.029693 -0.930311 0.000000 
1.100000e-01 1.003098e-01 9.749840e-02 1.085989e-01 1.000000e-01 1.597511e+00 -0.995647 0.005528 0.021549 0.923957 0.038610 0.006003 0.995647 -0.006282 -0.029693 -0.930311 0.000000 
1.100000e-01 1.003098e-01 9.749840e-02 1.085989e-01 1.000000e-01 1.597511e+00 -0.995647 0.005528 0.021549 0.923957 0.038610 0.006003 0.995647 -0.006282 -0.029693 -0.930311 0.000000 
1.100000e-01 1.003098e-01 9.749840e-02 1.085989e-01 1.000000e-01 1.597511e+00 -0.995647 0.005528 0.021549 0.923957 0.038610 0.006003 0.995647 -0.006282 -0.029693 -0.930311 0.000000 
1.100000e-01 1.003098e-01 9.749840e-02 1.085989e-01 1.000000e-01 1.597511e+00 -0.995647 0.005528 0.021549 0.923957 0.038610 0.006003 0.995647 -0.006282 -0.029693 -0.930311 0.000000 
1.100000e-01 1.003098e-01 9.749840e-02 1.085989e-01 1.000000e-01 1.597511e+00 -0.995647 0.005528 0.021549 0.923957 0.038610 0.006003 0.995647 -0.006282 -0.029693 -0.930311 0.000000 
1.100000e-01 1.003098e-01 9.749840e-02 1.085989e-01 1.000000e-01 1.597511e+00 -0.995647 0.005528 0.021549 0.923957 0.038610 0.006003 0.995647 -0.006282 -0.029693 -0.930311 0.000000 
1.100000e-01 1.003098e-01 9.749840e-02 1.085989e-01 1.000000e-01 1.597511e+00 -0.995647 0.005528 0.021549 0.923957 0.038610 0.006003 0.995647 -0.006282 -0.029693 -0.930311 0.000000 
1.100000e-01 1.003098e-01 9.749840e-02 1.085989e-01 1.000000e-01 1.597511e+00 -0.995647 0.005528 0.021549 0.923957 0.038610 0.006003 0.995647 -0.006282 -0.029693 -0.930311 0.000000 
1.100000e-01 1.003098e-01 9.749840e-02 1.085989e-01 1.000000e-01 1.597511e+00 -0.995647 0.005528 0.021549 0.923957 0.038610 0.006003 0.995647 -0.006282 -0.029693 -0.930311 0.000000 
1.100000e-01 1.003098e-01 9.749840e-02 1.085989e-01 1.000000e-01 1.597511e+00 -0.995647 0.005528 0.021549 0.923957 0.038610 0.006003 0.995647 -0.006282 -0.029693 -0.930311 0.000000 
1.100000e-01 1.003098e-01 9.749840e-02 1.085989e-01 1.000000e-01 1.597511e+00 -0.995647 0.005528 0.021549 0.923957 0.038610 0.006003 0.995647 -0.006282 -0.029693 -0.930311 0.000000 
1.100000e-01 1.003098e-01 9.749840e-02 1.085989e-01 1.000000e-01 1.597511e+00 -0.995647 0.005528 0.021549 0.923957 0.038610 0.006003 0.995647 -0.006282 -0.029693 -0.930311 0.000000 
1.100000e-01 1.003098e-01 9.749840e-02 1.085989e-01 1.000000e-01 1.597511e+00 -0.995647 0.005528 0.021549 0.923957 0.038610 0.006003 0.995647 -0.006282 -0.029693 -0.930311 0.000000 
1.100000e-01 1.003098e-01 9.749840e-02 1.085989e-01 1.000000e-01 1.597511e+00 -0.995647 0.005528 0.021549 0.923957 0.038610 0.006003 0.995647 -0.006282 -0.029693 -0.930311 0.000000 
1.100000e-01 1.003098e-01 9.749840e-02 1.085989e-01 1.000000e-01 1.597511e+00 -0.995647 0.005528 0.021549 0.923957 0.038610 0.006003 0.995647 -0.006282 -0.029693 -0.930311 0.000000 
1.100000e-01 1.003098e-01 9.749840e-02 1.085989e-01 1.000000e-01 1.597511e+00 -0.995647 0.005528 0.021549 0.923957 0.038610 0.006003 0.995647 -0.006282 -0.029693 -0.930311 0.000000 
1.100000e-01 1.003098e-01 9.749840e-02 1.085989e-01 1.000000e-01 1.597511e+00 -0.995647 0.005528 0.021549 0.923957 0.038610 0.006003 0.995647 -0.006282 -0.029693 -0.930311 0.000000 
1.100000e-01 1.003098e-01 9.749840e-02 1.085989e-01 1.000000e-01 1.597511e+00 -0.995647 0.005528 0.021549 0.923957 0.038610 0.006003 0.995647 -0.006282 -0.029693 -0.930311 0.000000 
1.100000e-01 1.003098e-01 9.749840e-02 1.085989e-01 1.000000e-01 1.597511e+00 -0.995647 0.005528 0.021549 0.923957 0.038610 0.006003 0.995647 -0.006282 -0.029693 -0.930311 0.000000 
1.100000e-01 1.003098e-01 9.749840e-02 1.085989e-01 1.000000e-01 1.597511e+00 -0.995647 0.005528 0.021549 0.923957 0.038610 0.006003 0.995647 -0.006282 -0.029693 -0.930311 0.000000 
1.100000e-01 1.003098e-01 9.749840e-02 1.085989e-01 1.000000e-01 1.597511e+00 -0.995647 0.005528 0.021549 0.923957 0.038610 0.006003 0.995647 -0.006282 -0.029693 -0.930311 0.000000 
1.100000e-01 1.003098e-01 9.749840e-02 1.085989e-01 1.000000e-01 1.597511e+00 -0.995647 0.005528 0.021549 0.923957 0.038610 0.006003 0.995647 -0.006282 -0.029693 -0.930311 0.000000 
1.100000e-01 1.003098e-01 9.749840e-02 1.085989e-01 1.000000e-01 1.597511e+00 -0.995647 0.005528 0.021549 0.923957 0.038610 0.006003 0.995647 -0.006282 -0.029693 -0.930311 0.000000 
1.100000e-01 1.003098e-01 9.749840e-02 1.085989e-01 1.000000e-01 1.597511e+00 -0.995647 0.005528 0.021549 0.923957 0.038610 0.006003 0.995647 -0.006282 -0.029693 -0.930311 0.000000 
1.100000e-01 1.003098e-01 9.749840e-02 1.085989e-01 1.000000e-01 1.597511e+00 -0.995647 0.005528 0.021549 0.923957 0.038610 0.006003 0.995647 -0.006282 -0.029693 -0.930311 0.000000 
1.100000e-01 1.003098e-01 9.749840e-02 1.085989e-01 1.000000e-01 1.597511e+00 -0.995647 0.005528 0.021549 0.923957 0.038610 0.006003 0.995647 -0.006282 -0.029693 -0.930311 0.000000 
1.100000e-01 1.003098e-01 9.749840e-02 1.085989e-01 1.000000e-01 1.597511e+00 -0.995647 0.005528 0.021549 0.923957 0.038610 0.006003 0.995647 -0.006282 -0.029693 -0.930311 0.000000 
1.100000e-01 1.003098e-01 9.749840e-02 1.085989e-01 1.000000e-01 1.597511e+00 -0.995647 0.005528 0.021549 0.923957 0.038610 0.006003 0.995647 -0.006282 -0.029693 -0.930311 0.000000 
1.100000e-01 1.003098e-01 9.749840e-02 1.085989e-01 1.000000e-01 1.597511e+00 -0.995647 0.005528 0.021549 0.923957 0.038610 0.006003 0.995647 -0.006282 -0.029693 -0.930311 0.000000 
1.100000e-01 1.003098e-01 9.749840e-02 1.085989e-01 1.000000e-01 1.597511e+00 -0.995647 0.005528 0.021549 0.923957 0.038610 0.006003 0.995647 -0.006282 -0.029693 -0.930311 0.000000 
1.100000e-01 1.003098e-01 9.749840e-02 1.085989e-01 1.000000e-01 1.597511e+00 -0.995647 0.005528 0.021549 0.923957 0.038610 0.006003 0.995647 -0.006282 -0.029693 -0.930311 0.000000 
1.100000e-01 1.003098e-01 9.749840e-02 1.085989e-01 1.000000e-01 1.597511e+00 -0.995647 0.005528 0.021549 0.923957 0.038610 0.006003 0.995647 -0.006282 -0.029693 -0.930311 0.000000 
1.100000e-01 1.003098e-01 9.749840e-02 1.085989e-01 1.000000e-01 1.597511e+00 -0.995647 0.005528 0.021549 0.923957 0.038610 0.006003 0.995647 -0.006282 -0.029693 -0.930311 0.000000 
1.100000e-01 1.003098e-01 9.749840e-02 1.085989e-01 1.000000e-01 1.597511e+00 -0.995647 0.005528 0.021549 0.923957 0.038610 0.006003 0.995647 -0.006282 -0.029693 -0.930311 0.000000 
1.100000e-01 1.003098e-01 9.749840e-02 1.085989e-01 1.000000e-01 1.597511e+00 -0.995647 0.005528 0.021549 0.923957 0.038610 0.006003 0.995647 -0.006282 -0.029693 -0.930311 0.000000 
1.100000e-01 1.003098e-01 9.749840e-02 1.085989e-01 1.000000e-01 1.597511e+00 -0.995647 0.005528 0.021549 0.923957 0.038610 0.006003 0.995647 -0.006282 -0.029693 -0.930311 0.000000 
1.100000e-01 1.003098e-01 9.749840e-02 1.085989e-01 1.000000e-01 1.597511e+00 -0.995647 0.005528 0.021549 0.923957 0.038610 0.006003 0.995647 -0.006282 -0.029693 -0.930311 0.000000 
1.100000e-01 1.003098e-01 9.749840e-02 1.085989e-01 1.000000e-01 1.597511e+00 -0.995647 0.005528 0.021549 0.923957 0.038610 0.006003 0.995647 -0.006282 -0.029693 -0.930311 0.000000 
1.100000e-01 1.003098e-01 9.749840e-02 1.085989e-01 1.000000e-01 1.597511e+00 -0.995647 0.005528 0.021549 0.923957 0.038610 0.006003 0.995647 -0.006282 -0.029693 -0.930311 0.000000 
1.100000e-01 1.003098e-01 9.749840e-02 1.085989e-01 1.000000e-01 1.597511e+00 -0.995647 0.005528 0.021549 0.923957 0.038610 0.006003 0.995647 -0.006282 -0.029693 -0.930311 0.000000 
1.100000e-01 1.003098e-01 9.749840e-02 1.085989e-01 1.000000e-01 1.597511e+00 -0.995647 0.005528 0.021549 0.923957 0.038610 0.006003 0.995647 -0.006282 -0.029693 -0.930311 0.000000 
1.100000e-01 1.003098e-01 9.749840e-02 1.085989e-01 1.000000e-01 1.597511e+00 -0.995647 0.005528 0.021549 0.923957 0.038610 0.006003 0.995647 -0.006282 -0.029693 -0.930311 0.000000 
1.100000e-01 1.003098e-01 9.749840e-02 1.085989e-01 1.000000e-01 1.597511e+00 -0.995647 0.005528 0.021549 0.923957 0.038610 0.006003 0.995647 -0.006282 -0.029693 -0.930311 0.000000 
1.100000e-01 1.003098e-01 9.749840e-02 1.085989e-01 1.000000e-01 1.597511e+00 -0.995647 0.005528 0.021549 0.923957 0.038610 0.006003 0.995647 -0.006282 -0.029693 -0.930311 0.000000 
1.100000e-01 1.003098e-01 9.749840e-02 1.085989e-01 1.000000e-01 1.597511e+00 -0.995647 0.005528 0.021549 0.923957 0.038610 0.006003 0.995647 -0.006282 -0.029693 -0.930311 0.000000 
1.100000e-01 1.003098e-01 9.749840e-02 1.085989e-01 1.000000e-01 1.597511e+00 -0.995647 0.005528 0.021549 0.923957 0.038610 0.006003 0.995647 -0.006282 -0.029693 -0.930311 0.000000 
1.100000e-01 1.003098e-01 9.749840e-02 1.085989e-01 1.000000e-01 1.597511e+00 -0.995647 0.005528 0.021549 0.923957 0.038610 0.006003 0.995647 -0.006282 -0.029693 -0.930311 0.000000 
1.100000e-01 1.003098e-01 9.749840e-02 1.085989e-01 1.000000e-01 1.597511e+00 -0.995647 0.005528 0.021549 0.923957 0.038610 0.006003 0.995647 -0.006282 -0.029693 -0.930311 0.000000 
1.100000e-01 1.003098e-01 9.749840e-02 1.085989e-01 1.000000e-01 1.597511e+00 -0.995647 0.005528 0.021549 0.923957 0.038610 0.006003 0.995647 -0.006282 -0.029693 -0.930311 0.000000 
1.100000e-01 1.003098e-01 9.749840e-02 1.085989e-01 1.000000e-01 1.597511e+00 -0.995647 0.005528 0.021549 0.923957 0.038610 0.006003 0.995647 -0.006282 -0.029693 -0.930311 0.000000 
1.100000e-01 1.003098e-01 9.749840e-02 1.085989e-01 1.000000e-01 1.597511e+00 -0.995647 0.005528 0.021549 0.923957 0.038610 0.006003 0.995647 -0.006282 -0.029693 -0.930311 0.000000 
1.100000e-01 1.003098e-01 9.749840e-02 1.085989e-01 1.000000e-01 1.597511e+00 -0.995647 0.005528 0.021549 0.923957 0.038610 0.006003 0.995647 -0.006282 -0.029693 -0.930311 0.000000 
1.100000e-01 1.003098e-01 9.749840e-02 1.085989e-01 1.000000e-01 1.597511e+00 -0.995647 0.005528 0.021549 0.923957 0.038610 0.006003 0.995647 -0.006282 -0.029693 -0.930311 0.000000 
1.100000e-01 1.003098e-01 9.749840e-02 1.085989e-01 1.000000e-01 1.597511e+00 -0.995647 0.005528 0.021549 0.923957 0.038610 0.006003 0.995647 -0.006282 -0.029693 -0.930311 0.000000 
1.100000e-01 1.003098e-01 9.749840e-02 1.085989e-01 1.000000e-01 1.597511e+00 -0.995647 0.005528 0.021549 0.923957 0.038610 0.006003 0.995647 -0.006282 -0.029693 -0.930311 0.000000 
1.100000e-01 1.003098e-01 9.749840e-02 1.085989e-01 1.000000e-01 1.597511e+00 -0.995647 0.005528 0.021549 0.923957 0.038610 0.006003 0.995647 -0.006282 -0.029693 -0.930311 0.000000 
1.100000e-01 1.003098e-01 9.749840e-02 1.085989e-01 1.000000e-01 1.597511e+00 -0.995647 0.005528 0.021549 0.923957 0.038610 0.006003 0.995647 -0.006282 -0.029693 -0.930311 0.000000 
1.100000e-01 1.003098e-01 9.749840e-02 1.085989e-01 1.000000e-01 1.597511e+00 -0.995647 0.005528 0.021549 0.923957 0.038610 0.006003 0.995647 -0.006282 -0.029693 -0.930311 0.000000 
1.100000e-01 1.003098e-01 9.749840e-02 1.085989e-01 1.000000e-01 1.597511e+00 -0.995647 0.005528 0.021549 0.923957 0.038610 0.006003 0.995647 -0.006282 -0.029693 -0.930311 0.000000 
1.100000e-01 1.003098e-01 9.749840e-02 1.085989e-01 1.000000e-01 1.597511e+00 -0.995647 0.005528 0.021549 0.923957 0.038610 0.006003 0.995647 -0.006282 -0.029693 -0.930311 0.000000 
1.100000e-01 1.003098e-01 9.749840e-02 1.085989e-01 1.000000e-01 1.597511e+00 -0.995647 0.005528 0.021549 0.923957 0.038610 0.006003 0.995647 -0.006282 -0.029693 -0.930311 0.000000 
1.100000e-01 1.003098e-01 9.749840e-02 1.085989e-01 1.000000e-01 1.597511e+00 -0.995647 0.005528 0.021549 0.923957 0.038610 0.006003 0.995647 -0.006282 -0.029693 -0.930311 0.000000 
1.100000e-01 1.003098e-01 9.749840e-02 1.085989e-01 1.000000e-01 1.597511e+00 -0.995647 0.005528 0.021549 0.923957 0.038610 0.006003 0.995647 -0.006282 -0.029693 -0.930311 0.000000 
1.100000e-01 1.003098e-01 9.749840e-02 1.085989e-01 1.000000e-01 1.597511e+00 -0.995647 0.005528 0.021549 0.923957 0.038610 0.006003 0.995647 -0.006282 -0.029693 -0.930311 0.000000 
1.100000e-01 1.003098e-01 9.749840e-02 1.085989e-01 1.000000e-01 1.597511e+00 -0.995647 0.005528 0.021549 0.923957 0.038610 0.006003 0.995647 -0.006282 -0.029693 -0.930311 0.000000 
1.100000e-01 1.003098e-01 9.749840e-02 1.085989e-01 1.000000e-01 1.597511e+00 -0.995647 0.005528 0.021549 0.923957 0.038610 0.006003 0.995647 -0.006282 -0.029693 -0.930311 0.000000 
1.100000e-01 1.003098e-01 9.749840e-02 1.085989e-01 1.000000e-01 1.597511e+00 -0.995647 0.005528 0.021549 0.923957 0.038610 0.006003 0.995647 -0.006282 -0.029693 -0.930311 0.000000 
1.100000e-01 1.003098e-01 9.749840e-02 1.085989e-01 1.000000e-01 1.597511e+00 -0.995647 0.005528 0.021549 0.923957 0.038610 0.006003 0.995647 -0.006282 -0.029693 -0.930311 0.000000 
1.100000e-01 1.003098e-01 9.749840e-02 1.085989e-01 1.000000e-01 1.597511e+00 -0.995647 0.005528 0.021549 0.923957 0.038610 0.006003 0.995647 -0.006282 -0.029693 -0.930311 0.000000 
1.100000e-01 1.003098e-01 9.749840e-02 1.085989e-01 1.000000e-01 1.597511e+00 -0.995647 0.005528 0.021549 0.923957 0.038610 0.006003 0.995647 -0.006282 -0.029693 -0.930311 0.000000 
1.100000e-01 1.003098e-01 9.749840e-02 1.085989e-01 1.000000e-01 1.597511e+00 -0.995647 0.005528 0.021549 0.923957 0.038610 0.006003 0.995647 -0.006282 -0.029693 -0.930311 0.000000 
1.100000e-01 1.003098e-01 9.749840e-02 1.085989e-01 1.000000e-01 1.597511e+00 -0.995647 0.005528 0.021549 0.923957 0.038610 0.006003 0.995647 -0.006282 -0.029693 -0.930311 0.000000 
1.100000e-01 1.003098e-01 9.749840e-02 1.085989e-01 1.000000e-01 1.597511e+00 -0.995647 0.005528 0.021549 0.923957 0.038610 0.006003 0.995647 -0.006282 -0.029693 -0.930311 0.000000 
1.100000e-01 1.003098e-01 9.749840e-02 1.085989e-01 1.000000e-01 1.597511e+00 -0.995647 0.005528 0.021549 0.923957 0.038610 0.006003 0.995647 -0.006282 -0.029693 -0.930311 0.000000 
1.100000e-01 1.003098e-01 9.749840e-02 1.085989e-01 1.000000e-01 1.597511e+00 -0.995647 0.005528 0.021549 0.923957 0.038610 0.006003 0.995647 -0.006282 -0.029693 -0.930311 0.000000 
1.100000e-01 1.003098e-01 9.749840e-02 1.085989e-01 1.000000e-01 1.597511e+00 -0.995647 0.005528 0.021549 0.923957 0.038610 0.006003 0.995647 -0.006282 -0.029693 -0.930311 0.000000 
1.100000e-01 1.003098e-01 9.749840e-02 1.085989e-01 1.000000e-01 1.597511e+00 -0.995647 0.005528 0.021549 0.923957 0.038610 0.006003 0.995647 -0.006282 -0.029693 -0.930311 0.000000 
1.100000e-01 1.003098e-01 9.749840e-02 1.085989e-01 1.000000e-01 1.597511e+00 -0.995647 0.005528 0.021549 0.923957 0.038610 0.006003 0.995647 -0.006282 -0.029693 -0.930311 0.000000 
1.100000e-01 1.003098e-01 9.749840e-02 1.085989e-01 1.000000e-01 1.597511e+00 -0.995647 0.005528 0.021549 0.923957 0.038610 0.006003 0.995647 -0.006282 -0.029693 -0.930311 0.000000 
1.100000e-01 1.003098e-01 9.749840e-02 1.085989e-01 1.000000e-01 1.597511e+00 -0.995647 0.005528 0.021549 0.923957 0.038610 0.006003 0.995647 -0.006282 -0.029693 -0.930311 0.000000 
1.100000e-01 1.003098e-01 9.749840e-02 1.085989e-01 1.000000e-01 1.597511e+00 -0.995647 0.005528 0.021549 0.923957 0.038610 0.006003 0.995647 -0.006282 -0.029693 -0.930311 0.000000 
1.100000e-01 1.003098e-01 9.749840e-02 1.085989e-01 1.000000e-01 1.597511e+00 -0.995647 0.005528 0.021549 0.923957 0.038610 0.006003 0.995647 -0.006282 -0.029693 -0.930311 0.000000 
1.100000e-01 1.003098e-01 9.749840e-02 1.085989e-01 1.000000e-01 1.597511e+00 -0.995647 0.005528 0.021549 0.923957 0.038610 0.006003 0.995647 -0.006282 -0.029693 -0.930311 0.000000 
1.100000e-01 1.003098e-01 9.749840e-02 1.085989e-01 1.000000e-01 1.597511e+00 -0.995647 0.005528 0.021549 0.923957 0.038610 0.006003 0.995647 -0.006282 -0.029693 -0.930311 0.000000 
1.100000e-01 1.003098e-01 9.749840e-02 1.085989e-01 1.000000e-01 1.597511e+00 -0.995647 0.005528 0.021549 0.923957 0.038610 0.006003 0.995647 -0.006282 -0.029693 -0.930311 0.000000 
1.100000e-01 1.003098e-01 9.749840e-02 1.085989e-01 1.000000e-01 1.597511e+00 -0.995647 0.005528 0.021549 0.923957 0.038610 0.006003 0.995647 -0.006282 -0.029693 -0.930311 0.000000 
1.100000e-01 1.003098e-01 9.749840e-02 1.085989e-01 1.000000e-01 1.597511e+00 -0.995647 0.005528 0.021549 0.923957 0.038610 0.006003 0.995647 -0.006282 -0.029693 -0.930311 0.000000 
1.100000e-01 1.003098e-01 9.749840e-02 1.085989e-01 1.000000e-01 1.597511e+00 -0.995647 0.005528 0.021549 0.923957 0.038610 0.006003 0.995647 -0.006282 -0.029693 -0.930311 0.000000 
1.100000e-01 1.003098e-01 9.749840e-02 1.085989e-01 1.000000e-01 1.597511e+00 -0.995647 0.005528 0.021549 0.923957 0.038610 0.006003 0.995647 -0.006282 -0.029693 -0.930311 0.000000 
1.100000e-01 1.003098e-01 9.749840e-02 1.085989e-01 1.000000e-01 1.597511e+00 -0.995647 0.005528 0.021549 0.923957 0.038610 0.006003 0.995647 -0.006282 -0.029693 -0.930311 0.000000 
1.100000e-01 1.003098e-01 9.749840e-02 1.085989e-01 1.000000e-01 1.597511e+00 -0.995647 0.005528 0.021549 0.923957 0.038610 0.006003 0.995647 -0.006282 -0.029693 -0.930311 0.000000 
1.100000e-01 1.003098e-01 9.749840e-02 1.085989e-01 1.000000e-01 1.597511e+00 -0.995647 0.005528 0.021549 0.923957 0.038610 0.006003 0.995647 -0.006282 -0.029693 -0.930311 0.000000 
1.100000e-01 1.003098e-01 9.749840e-02 1.085989e-01 1.000000e-01 1.597511e+00 -0.995647 0.005528 0.021549 0.923957 0.038610 0.006003 0.995647 -0.006282 -0.029693 -0.930311 0.000000 
1.100000e-01 1.003098e-01 9.749840e-02 1.085989e-01 1.000000e-01 1.597511e+00 -0.995647 0.005528 0.021549 0.923957 0.038610 0.006003 0.995647 -0.006282 -0.029693 -0.930311 0.000000 
1.100000e-01 1.003098e-01 9.749840e-02 1.085989e-01 1.000000e-01 1.597511e+00 -0.995647 0.005528 0.021549 0.923957 0.038610 0.006003 0.995647 -0.006282 -0.029693 -0.930311 0.000000 
1.100000e-01 1.003098e-01 9.749840e-02 1.085989e-01 1.000000e-01 1.597511e+00 -0.995647 0.005528 0.021549 0.923957 0.038610 0.006003 0.995647 -0.006282 -0.029693 -0.930311 0.000000 
1.100000e-01 1.003098e-01 9.749840e-02 1.085989e-01 1.000000e-01 1.597511e+00 -0.995647 0.005528 0.021549 0.923957 0.038610 0.006003 0.995647 -0.006282 -0.029693 -0.930311 0.000000 
1.100000e-01 1.003098e-01 9.749840e-02 1.085989e-01 1.000000e-01 1.597511e+00 -0.995647 0.005528 0.021549 0.923957 0.038610 0.006003 0.995647 -0.006282 -0.029693 -0.930311 0.000000 
1.100000e-01 1.003098e-01 9.749840e-02 1.085989e-01 1.000000e-01 1.597511e+00 -0.995647 0.005528 0.021549 0.923957 0.038610 0.006003 0.995647 -0.006282 -0.029693 -0.930311 0.000000 
1.100000e-01 1.003098e-01 9.749840e-02 1.085989e-01 1.000000e-01 1.597511e+00 -0.995647 0.005528 0.021549 0.923957 0.038610 0.006003 0.995647 -0.006282 -0.029693 -0.930311 0.000000 
1.100000e-01 1.003098e-01 9.749840e-02 1.085989e-01 1.000000e-01 1.597511e+00 -0.995647 0.005528 0.021549 0.923957 0.038610 0.006003 0.995647 -0.006282 -0.029693 -0.930311 0.000000 
1.100000e-01 1.003098e-01 9.749840e-02 1.085989e-01 1.000000e-01 1.597511e+00 -0.995647 0.005528 0.021549 0.923957 0.038610 0.006003 0.995647 -0.006282 -0.029693 -0.930311 0.000000 
1.100000e-01 1.003098e-01 9.749840e-02 1.085989e-01 1.000000e-01 1.597511e+00 -0.995647 0.005528 0.021549 0.923957 0.038610 0.006003 0.995647 -0.006282 -0.029693 -0.930311 0.000000 
1.100000e-01 1.003098e-01 9.749840e-02 1.085989e-01 1.000000e-01 1.597511e+00 -0.995647 0.005528 0.021549 0.923957 0.038610 0.006003 0.995647 -0.006282 -0.029693 -0.930311 0.000000 
1.100000e-01 1.003098e-01 9.749840e-02 1.085989e-01 1.000000e-01 1.597511e+00 -0.995647 0.005528 0.021549 0.923957 0.038610 0.006003 0.995647 -0.006282 -0.029693 -0.930311 0.000000 
1.100000e-01 1.003098e-01 9.749840e-02 1.085989e-01 1.000000e-01 1.597511e+00 -0.995647 0.005528 0.021549 0.923957 0.038610 0.006003 0.995647 -0.006282 -0.029693 -0.930311 0.000000 
1.100000e-01 1.003098e-01 9.749840e-02 1.085989e-01 1.000000e-01 1.597511e+00 -0.995647 0.005528 0.021549 0.923957 0.038610 0.006003 0.995647 -0.006282 -0.029693 -0.930311 0.000000 
1.100000e-01 1.003098e-01 9.749840e-02 1.085989e-01 1.000000e-01 1.597511e+00 -0.995647 0.005528 0.021549 0.923957 0.038610 0.006003 0.995647 -0.006282 -0.029693 -0.930311 0.000000 
1.100000e-01 1.003098e-01 9.749840e-02 1.085989e-01 1.000000e-01 1.597511e+00 -0.995647 0.005528 0.021549 0.923957 0.038610 0.006003 0.995647 -0.006282 -0.029693 -0.930311 0.000000 
1.100000e-01 1.003098e-01 9.749840e-02 1.085989e-01 1.000000e-01 1.597511e+00 -0.995647 0.005528 0.021549 0.923957 0.038610 0.006003 0.995647 -0.006282 -0.029693 -0.930311 0.000000 
1.100000e-01 1.003098e-01 9.749840e-02 1.085989e-01 1.000000e-01 1.597511e+00 -0.995647 0.005528 0.021549 0.923957 0.038610 0.006003 0.995647 -0.006282 -0.029693 -0.930311 0.000000 
1.100000e-01 1.003098e-01 9.749840e-02 1.085989e-01 1.000000e-01 1.597511e+00 -0.995647 0.005528 0.021549 0.923957 0.038610 0.006003 0.995647 -0.006282 -0.029693 -0.930311 0.000000 
1.100000e-01 1.003098e-01 9.749840e-02 1.085989e-01 1.000000e-01 1.597511e+00 -0.995647 0.005528 0.021549 0.923957 0.038610 0.006003 0.995647 -0.006282 -0.029693 -0.930311 0.000000 
1.100000e-01 1.003098e-01 9.749840e-02 1.085989e-01 1.000000e-01 1.597511e+00 -0.995647 0.005528 0.021549 0.923957 0.038610 0.006003 0.995647 -0.006282 -0.029693 -0.930311 0.000000 
1.100000e-01 1.003098e-01 9.749840e-02 1.085989e-01 1.000000e-01 1.597511e+00 -0.995647 0.005528 0.021549 0.923957 0.038610 0.006003 0.995647 -0.006282 -0.029693 -0.930311 0.000000 
1.100000e-01 1.003098e-01 9.749840e-02 1.085989e-01 1.000000e-01 1.597511e+00 -0.995647 0.005528 0.021549 0.923957 0.038610 0.006003 0.995647 -0.006282 -0.029693 -0.930311 0.000000 
1.100000e-01 1.003098e-01 9.749840e-02 1.085989e-01 1.000000e-01 1.597511e+00 -0.995647 0.005528 0.021549 0.923957 0.038610 0.006003 0.995647 -0.006282 -0.029693 -0.930311 0.000000 
1.100000e-01 1.003098e-01 9.749840e-02 1.085989e-01 1.000000e-01 1.597511e+00 -0.995647 0.005528 0.021549 0.923957 0.038610 0.006003 0.995647 -0.006282 -0.029693 -0.930311 0.000000 
1.100000e-01 1.003098e-01 9.749840e-02 1.085989e-01 1.000000e-01 1.597511e+00 -0.995647 0.005528 0.021549 0.923957 0.038610 0.006003 0.995647 -0.006282 -0.029693 -0.930311 0.000000 
1.100000e-01 1.003098e-01 9.749840e-02 1.085989e-01 1.000000e-01 1.597511e+00 -0.995647 0.005528 0.021549 0.923957 0.038610 0.006003 0.995647 -0.006282 -0.029693 -0.930311 0.000000 
1.100000e-01 1.003098e-01 9.749840e-02 1.085989e-01 1.000000e-01 1.597511e+00 -0.995647 0.005528 0.021549 0.923957 0.038610 0.006003 0.995647 -0.006282 -0.029693 -0.930311 0.000000 
1.100000e-01 1.003098e-01 9.749840e-02 1.085989e-01 1.000000e-01 1.597511e+00 -0.995647 0.005528 0.021549 0.923957 0.038610 0.006003 0.995647 -0.006282 -0.029693 -0.930311 0.000000 
1.100000e-01 1.003098e-01 9.749840e-02 1.085989e-01 1.000000e-01 1.597511e+00 -0.995647 0.005528 0.021549 0.923957 0.038610 0.006003 0.995647 -0.006282 -0.029693 -0.930311 0.000000 
1.100000e-01 1.003098e-01 9.749840e-02 1.085989e-01 1.000000e-01 1.597511e+00 -0.995647 0.005528 0.021549 0.923957 0.038610 0.006003 0.995647 -0.006282 -0.029693 -0.930311 0.000000 
1.100000e-01 1.003098e-01 9.749840e-02 1.085989e-01 1.000000e-01 1.597511e+00 -0.995647 0.005528 0.021549 0.923957 0.038610 0.006003 0.995647 -0.006282 -0.029693 -0.930311 0.000000 
1.100000e-01 1.003098e-01 9.749840e-02 1.085989e-01 1.000000e-01 1.597511e+00 -0.995647 0.005528 0.021549 0.923957 0.038610 0.006003 0.995647 -0.006282 -0.029693 -0.930311 0.000000 
1.100000e-01 1.003098e-01 9.749840e-02 1.085989e-01 1.000000e-01 1.597511e+00 -0.995647 0.005528 0.021549 0.923957 0.038610 0.006003 0.995647 -0.006282 -0.029693 -0.930311 0.000000 
1.100000e-01 1.003098e-01 9.749840e-02 1.085989e-01 1.000000e-01 1.597511e+00 -0.995647 0.005528 0.021549 0.923957 0.038610 0.006003 0.995647 -0.006282 -0.029693 -0.930311 0.000000 
1.100000e-01 1.003098e-01 9.749840e-02 1.085989e-01 1.000000e-01 1.597511e+00 -0.995647 0.005528 0.021549 0.923957 0.038610 0.006003 0.995647 -0.006282 -0.029693 -0.930311 0.000000 
1.100000e-01 1.003098e-01 9.749840e-02 1.085989e-01 1.000000e-01 1.597511e+00 -0.995647 0.005528 0.021549 0.923957 0.038610 0.006003 0.995647 -0.006282 -0.029693 -0.930311 0.000000 
1.100000e-01 1.003098e-01 9.749840e-02 1.085989e-01 1.000000e-01 1.597511e+00 -0.995647 0.005528 0.021549 0.923957 0.038610 0.006003 0.995647 -0.006282 -0.029693 -0.930311 0.000000 
1.100000e-01 1.003098e-01 9.749840e-02 1.085989e-01 1.000000e-01 1.597511e+00 -0.995647 0.005528 0.021549 0.923957 0.038610 0.006003 0.995647 -0.006282 -0.029693 -0.930311 0.000000 
1.100000e-01 1.003098e-01 9.749840e-02 1.085989e-01 1.000000e-01 1.597511e+00 -0.995647 0.005528 0.021549 0.923957 0.038610 0.006003 0.995647 -0.006282 -0.029693 -0.930311 0.000000 
1.100000e-01 1.003098e-01 9.749840e-02 1.085989e-01 1.000000e-01 1.597511e+00 -0.995647 0.005528 0.021549 0.923957 0.038610 0.006003 0.995647 -0.006282 -0.029693 -0.930311 0.000000 
1.100000e-01 1.003098e-01 9.749840e-02 1.085989e-01 1.000000e-01 1.597511e+00 -0.995647 0.005528 0.021549 0.923957 0.038610 0.006003 0.995647 -0.006282 -0.029693 -0.930311 0.000000 
1.100000e-01 1.003098e-01 9.749840e-02 1.085989e-01 1.000000e-01 1.597511e+00 -0.995647 0.005528 0.021549 0.923957 0.038610 0.006003 0.995647 -0.006282 -0.029693 -0.930311 0.000000 
1.100000e-01 1.003098e-01 9.749840e-02 1.085989e-01 1.000000e-01 1.597511e+00 -0.995647 0.005528 0.021549 0.923957 0.038610 0.006003 0.995647 -0.006282 -0.029693 -0.930311 0.000000 
1.100000e-01 1.003098e-01 9.749840e-02 1.085989e-01 1.000000e-01 1.597511e+00 -0.995647 0.005528 0.021549 0.923957 0.038610 0.006003 0.995647 -0.006282 -0.029693 -0.930311 0.000000 
1.100000e-01 1.003098e-01 9.749840e-02 1.085989e-01 1.000000e-01 1.597511e+00 -0.995647 0.005528 0.021549 0.923957 0.038610 0.006003 0.995647 -0.006282 -0.029693 -0.930311 0.000000 
1.100000e-01 1.003098e-01 9.749840e-02 1.085989e-01 1.000000e-01 1.597511e+00 -0.995647 0.005528 0.021549 0.923957 0.038610 0.006003 0.995647 -0.006282 -0.029693 -0.930311 0.000000 
1.100000e-01 1.003098e-01 9.749840e-02 1.085989e-01 1.000000e-01 1.597511e+00 -0.995647 0.005528 0.021549 0.923957 0.038610 0.006003 0.995647 -0.006282 -0.029693 -0.930311 0.000000 
1.100000e-01 1.003098e-01 9.749840e-02 1.085989e-01 1.000000e-01 1.597511e+00 -0.995647 0.005528 0.021549 0.923957 0.038610 0.006003 0.995647 -0.006282 -0.029693 -0.930311 0.000000 
1.100000e-01 1.003098e-01 9.749840e-02 1.085989e-01 1.000000e-01 1.597511e+00 -0.995647 0.005528 0.021549 0.923957 0.038610 0.006003 0.995647 -0.006282 -0.029693 -0.930311 0.000000 
1.100000e-01 1.003098e-01 9.749840e-02 1.085989e-01 1.000000e-01 1.597511e+00 -0.995647 0.005528 0.021549 0.923957 0.038610 0.006003 0.995647 -0.006282 -0.029693 -0.930311 0.000000 
1.100000e-01 1.003098e-01 9.749840e-02 1.085989e-01 1.000000e-01 1.597511e+00 -0.995647 0.005528 0.021549 0.923957 0.038610 0.006003 0.995647 -0.006282 -0.029693 -0.930311 0.000000 
1.100000e-01 1.003098e-01 9.749840e-02 1.085989e-01 1.000000e-01 1.597511e+00 -0.995647 0.005528 0.021549 0.923957 0.038610 0.006003 0.995647 -0.006282 -0.029693 -0.930311 0.000000 
1.100000e-01 1.003098e-01 9.749840e-02 1.085989e-01 1.000000e-01 1.597511e+00 -0.995647 0.005528 0.021549 0.923957 0.038610 0.006003 0.995647 -0.006282 -0.029693 -0.930311 0.000000 
1.100000e-01 1.003098e-01 9.749840e-02 1.085989e-01 1.000000e-01 1.597511e+00 -0.995647 0.005528 0.021549 0.923957 0.038610 0.006003 0.995647 -0.006282 -0.029693 -0.930311 0.000000 
1.100000e-01 1.003098e-01 9.749840e-02 1.085989e-01 1.000000e-01 1.597511e+00 -0.995647 0.005528 0.021549 0.923957 0.038610 0.006003 0.995647 -0.006282 -0.029693 -0.930311 0.000000 
1.100000e-01 1.003098e-01 9.749840e-02 1.085989e-01 1.000000e-01 1.597511e+00 -0.995647 0.005528 0.021549 0.923957 0.038610 0.006003 0.995647 -0.006282 -0.029693 -0.930311 0.000000 
1.100000e-01 1.003098e-01 9.749840e-02 1.085989e-01 1.000000e-01 1.597511e+00 -0.995647 0.005528 0.021549 0.923957 0.038610 0.006003 0.995647 -0.006282 -0.029693 -0.930311 0.000000 
1.100000e-01 1.003098e-01 9.749840e-02 1.085989e-01 1.000000e-01 1.597511e+00 -0.995647 0.005528 0.021549 0.923957 0.038610 0.006003 0.995647 -0.006282 -0.029693 -0.930311 0.000000 
1.100000e-01 1.003098e-01 9.749840e-02 1.085989e-01 1.000000e-01 1.597511e+00 -0.995647 0.005528 0.021549 0.923957 0.038610 0.006003 0.995647 -0.006282 -0.029693 -0.930311 0.000000 
1.100000e-01 1.003098e-01 9.749840e-02 1.085989e-01 1.000000e-01 1.597511e+00 -0.995647 0.005528 0.021549 0.923957 0.038610 0.006003 0.995647 -0.006282 -0.029693 -0.930311 0.000000 
1.100000e-01 1.003098e-01 9.749840e-02 1.085989e-01 1.000000e-01 1.597511e+00 -0.995647 0.005528 0.021549 0.923957 0.038610 0.006003 0.995647 -0.006282 -0.029693 -0.930311 0.000000 
1.100000e-01 1.003098e-01 9.749840e-02 1.085989e-01 1.000000e-01 1.597511e+00 -0.995647 0.005528 0.021549 0.923957 0.038610 0.006003 0.995647 -0.006282 -0.029693 -0.930311 0.000000 
1.100000e-01 1.003098e-01 9.749840e-02 1.085989e-01 1.000000e-01 1.597511e+00 -0.995647 0.005528 0.021549 0.923957 0.038610 0.006003 0.995647 -0.006282 -0.029693 -0.930311 0.000000 
1.100000e-01 1.003098e-01 9.749840e-02 1.085989e-01 1.000000e-01 1.597511e+00 -0.995647 0.005528 0.021549 0.923957 0.038610 0.006003 0.995647 -0.006282 -0.029693 -0.930311 0.000000 
1.100000e-01 1.003098e-01 9.749840e-02 1.085989e-01 1.000000e-01 1.597511e+00 -0.995647 0.005528 0.021549 0.923957 0.038610 0.006003 0.995647 -0.006282 -0.029693 -0.930311 0.000000 
1.100000e-01 1.003098e-01 9.749840e-02 1.085989e-01 1.000000e-01 1.597511e+00 -0.995647 0.005528 0.021549 0.923957 0.038610 0.006003 0.995647 -0.006282 -0.029693 -0.930311 0.000000 
1.100000e-01 1.003098e-01 9.749840e-02 1.085989e-01 1.000000e-01 1.597511e+00 -0.995647 0.005528 0.021549 0.923957 0.038610 0.006003 0.995647 -0.006282 -0.029693 -0.930311 0.000000 
1.100000e-01 1.003098e-01 9.749840e-02 1.085989e-01 1.000000e-01 1.597511e+00 -0.995647 0.005528 0.021549 0.923957 0.038610 0.006003 0.995647 -0.006282 -0.029693 -0.930311 0.000000 
1.100000e-01 1.003098e-01 9.749840e-02 1.085989e-01 1.000000e-01 1.597511e+00 -0.995647 0.005528 0.021549 0.923957 0.038610 0.006003 0.995647 -0.006282 -0.029693 -0.930311 0.000000 
1.100000e-01 1.003098e-01 9.749840e-02 1.085989e-01 1.000000e-01 1.597511e+00 -0.995647 0.005528 0.021549 0.923957 0.038610 0.006003 0.995647 -0.006282 -0.029693 -0.930311 0.000000 
1.100000e-01 1.003098e-01 9.749840e-02 1.085989e-01 1.000000e-01 1.597511e+00 -0.995647 0.005528 0.021549 0.923957 0.038610 0.006003 0.995647 -0.006282 -0.029693 -0.930311 0.000000 
1.100000e-01 1.003098e-01 9.749840e-02 1.085989e-01 1.000000e-01 1.597511e+00 -0.995647 0.005528 0.021549 0.923957 0.038610 0.006003 0.995647 -0.006282 -0.029693 -0.930311 0.000000 
1.100000e-01 1.003098e-01 9.749840e-02 1.085989e-01 1.000000e-01 1.597511e+00 -0.995647 0.005528 0.021549 0.923957 0.038610 0.006003 0.995647 -0.006282 -0.029693 -0.930311 0.000000 
1.100000e-01 1.003098e-01 9.749840e-02 1.085989e-01 1.000000e-01 1.597511e+00 -0.995647 0.005528 0.021549 0.923957 0.038610 0.006003 0.995647 -0.006282 -0.029693 -0.930311 0.000000 
1.100000e-01 1.003098e-01 9.749840e-02 1.085989e-01 1.000000e-01 1.597511e+00 -0.995647 0.005528 0.021549 0.923957 0.038610 0.006003 0.995647 -0.006282 -0.029693 -0.930311 0.000000 
1.100000e-01 1.003098e-01 9.749840e-02 1.085989e-01 1.000000e-01 1.597511e+00 -0.995647 0.005528 0.021549 0.923957 0.038610 0.006003 0.995647 -0.006282 -0.029693 -0.930311 0.000000 
1.100000e-01 1.003098e-01 9.749840e-02 1.085989e-01 1.000000e-01 1.597511e+00 -0.995647 0.005528 0.021549 0.923957 0.038610 0.006003 0.995647 -0.006282 -0.029693 -0.930311 0.000000 
