# TeX TeY TeZ ThX ThY THZ P1 P2
9.000000e-02 1.000000e-01 8.100000e-01 9.000000e-02 1.000000e-01 8.100000e-01 0.000000 0.000000 0.000000 0.000000 0.000000 0.000000 0.000000 0.000000 0.000000 0.000000 0.000000 
9.000000e-02 1.000000e-01 7.983689e-01 9.000000e-02 1.000000e-01 8.184658e-01 -0.013278 0.001704 0.003409 0.003412 0.003431 0.001322 0.013278 -0.001704 -0.003409 -0.003412 0.000000 
9.000000e-02 1.000000e-01 7.866953e-01 9.000000e-02 1.000000e-01 8.269182e-01 -0.026574 0.003411 0.006823 0.006829 0.006866 0.002646 0.026574 -0.003411 -0.006823 -0.006829 0.000000 
9.000000e-02 1.000000e-01 7.749796e-01 9.000000e-02 1.000000e-01 8.353571e-01 -0.039890 0.005120 0.010241 0.010251 0.010307 0.003972 0.039890 -0.005120 -0.010241 -0.010251 0.000000 
9.000000e-02 1.000000e-01 7.632220e-01 9.000000e-02 1.000000e-01 8.437823e-01 -0.053224 0.006831 0.013665 0.013677 0.013752 0.005300 0.053224 -0.006831 -0.013665 -0.013677 0.000000 
9.000000e-02 1.000000e-01 7.514230e-01 9.000000e-02 1.000000e-01 8.521937e-01 -0.066577 0.008545 0.017093 0.017108 0.017202 0.006629 0.066577 -0.008545 -0.017093 -0.017108 0.000000 
9.000000e-02 9.999999e-02 7.395830e-01 9.000000e-02 1.000000e-01 8.605912e-01 -0.079948 0.010261 0.020526 0.020544 0.020657 0.007960 0.079948 -0.010261 -0.020525 -0.020544 0.000000 
9.000000e-02 9.999999e-02 7.277022e-01 9.000000e-02 1.000000e-01 8.689746e-01 -0.093336 0.011979 0.023963 0.023985 0.024116 0.009293 0.093336 -0.011979 -0.023962 -0.023985 0.000000 
9.000000e-02 9.999999e-02 7.157810e-01 9.000000e-02 1.000000e-01 8.773438e-01 -0.106741 0.013700 0.027405 0.027429 0.027579 0.010628 0.106741 -0.013699 -0.027404 -0.027429 0.000000 
9.000000e-02 9.999999e-02 7.038198e-01 9.000000e-02 1.000000e-01 8.856987e-01 -0.120164 0.015422 0.030851 0.030879 0.031047 0.011965 0.120164 -0.015422 -0.030850 -0.030879 0.000000 
9.000000e-02 9.999998e-02 6.918189e-01 9.000000e-02 1.000000e-01 8.940392e-01 -0.133603 0.017147 0.034301 0.034332 0.034520 0.013303 0.133603 -0.017147 -0.034300 -0.034332 0.000000 
9.000000e-02 9.999998e-02 6.797787e-01 9.000000e-02 1.000000e-01 9.023650e-01 -0.147058 0.018874 0.037755 0.037790 0.037996 0.014642 0.147058 -0.018874 -0.037755 -0.037790 0.000000 
9.000000e-02 9.999998e-02 6.676995e-01 9.000000e-02 1.000000e-01 9.106760e-01 -0.160529 0.020603 0.041214 0.041252 0.041477 0.015984 0.160529 -0.020603 -0.041213 -0.041252 0.000000 
9.000000e-02 9.999997e-02 6.555817e-01 9.000000e-02 1.000000e-01 9.189722e-01 -0.174016 0.022334 0.044677 0.044717 0.044961 0.017327 0.174017 -0.022334 -0.044676 -0.044717 0.000000 
9.000000e-02 9.999996e-02 6.434254e-01 9.000000e-02 1.000000e-01 9.272533e-01 -0.187519 0.024067 0.048144 0.048187 0.048450 0.018671 0.187519 -0.024067 -0.048142 -0.048187 0.000000 
9.000000e-02 9.999995e-02 6.312312e-01 9.000000e-02 1.000000e-01 9.355192e-01 -0.201037 0.025802 0.051614 0.051661 0.051943 0.020017 0.201037 -0.025802 -0.051613 -0.051661 0.000000 
9.000000e-02 9.999995e-02 6.189993e-01 9.000000e-02 1.000000e-01 9.437697e-01 -0.214569 0.027539 0.055089 0.055138 0.055439 0.021364 0.214569 -0.027538 -0.055087 -0.055138 0.000000 
9.000000e-02 9.999993e-02 6.067300e-01 9.000000e-02 1.000000e-01 9.520047e-01 -0.228116 0.029278 0.058567 0.058619 0.058939 0.022713 0.228116 -0.029277 -0.058565 -0.058619 0.000000 
9.000000e-02 9.999992e-02 5.944237e-01 9.000000e-02 1.000000e-01 9.602240e-01 -0.241676 0.031019 0.062048 0.062104 0.062443 0.024063 0.241677 -0.031017 -0.062047 -0.062104 0.000000 
9.000000e-02 9.999990e-02 5.820806e-01 9.000000e-02 1.000000e-01 9.684275e-01 -0.255251 0.032761 0.065534 0.065592 0.065950 0.025415 0.255251 -0.032760 -0.065532 -0.065592 0.000000 
9.000000e-02 9.999988e-02 5.697010e-01 9.000000e-02 1.000000e-01 9.766150e-01 -0.268839 0.034505 0.069023 0.069084 0.069460 0.026767 0.268839 -0.034503 -0.069020 -0.069084 0.000000 
9.000000e-02 9.999985e-02 5.572854e-01 9.000000e-02 1.000000e-01 9.847864e-01 -0.282441 0.036251 0.072515 0.072579 0.072974 0.028122 0.282441 -0.036249 -0.072512 -0.072580 0.000000 
9.000000e-02 9.999982e-02 5.448339e-01 9.000000e-02 1.000000e-01 9.929414e-01 -0.296055 0.037999 0.076010 0.076078 0.076492 0.029477 0.296055 -0.037996 -0.076007 -0.076078 0.000000 
9.000000e-02 9.999979e-02 5.323468e-01 9.000000e-02 1.000000e-01 1.001080e+00 -0.309682 0.039748 0.079509 0.079579 0.080012 0.030833 0.309682 -0.039745 -0.079506 -0.079580 0.000000 
9.000000e-02 9.999974e-02 5.198246e-01 9.000000e-02 1.000000e-01 1.009202e+00 -0.323321 0.041499 0.083011 0.083084 0.083536 0.032191 0.323321 -0.041496 -0.083008 -0.083085 0.000000 
9.000000e-02 9.999968e-02 5.072673e-01 9.000000e-02 1.000000e-01 1.017307e+00 -0.336972 0.043251 0.086517 0.086592 0.087062 0.033550 0.336972 -0.043247 -0.086512 -0.086593 0.000000 
9.000000e-02 9.999962e-02 4.946755e-01 8.999999e-02 1.000000e-01 1.025395e+00 -0.350635 0.045005 0.090025 0.090103 0.090592 0.034910 0.350635 -0.045001 -0.090020 -0.090104 0.000000 
9.000000e-02 9.999953e-02 4.820492e-01 8.999999e-02 1.000000e-01 1.033466e+00 -0.364309 0.046761 0.093536 0.093617 0.094124 0.036271 0.364309 -0.046756 -0.093531 -0.093619 0.000000 
9.000000e-02 9.999943e-02 4.693889e-01 8.999999e-02 1.000000e-01 1.041519e+00 -0.377994 0.048518 0.097051 0.097134 0.097659 0.037634 0.377994 -0.048511 -0.097044 -0.097136 0.000000 
9.000000e-02 9.999931e-02 4.566947e-01 8.999999e-02 1.000000e-01 1.049555e+00 -0.391690 0.050276 0.100568 0.100653 0.101197 0.038997 0.391690 -0.050269 -0.100560 -0.100657 0.000000 
9.000000e-02 9.999916e-02 4.439670e-01 8.999999e-02 1.000000e-01 1.057573e+00 -0.405396 0.052036 0.104088 0.104175 0.104737 0.040361 0.405396 -0.052027 -0.104079 -0.104181 0.000000 
9.000000e-02 9.999898e-02 4.312061e-01 8.999999e-02 1.000000e-01 1.065573e+00 -0.419113 0.053797 0.107610 0.107700 0.108280 0.041726 0.419113 -0.053786 -0.107601 -0.107709 0.000000 
9.000000e-02 9.999876e-02 4.184121e-01 8.999999e-02 1.000000e-01 1.073555e+00 -0.432839 0.055560 0.111136 0.111227 0.111825 0.043092 0.432839 -0.055545 -0.111125 -0.111240 0.000000 
9.000000e-02 9.999849e-02 4.055855e-01 8.999999e-02 1.000000e-01 1.081519e+00 -0.446575 0.057324 0.114663 0.114757 0.115373 0.044459 0.446575 -0.057305 -0.114652 -0.114776 0.000000 
9.000000e-02 9.999816e-02 3.927263e-01 8.999998e-02 1.000000e-01 1.089464e+00 -0.460320 0.059089 0.118194 0.118289 0.118922 0.045827 0.460320 -0.059064 -0.118181 -0.118318 0.000000 
9.000000e-02 9.999775e-02 3.798350e-01 8.999998e-02 1.000000e-01 1.097390e+00 -0.474074 0.060855 0.121727 0.121823 0.122474 0.047195 0.474074 -0.060822 -0.121713 -0.121867 0.000000 
9.000000e-02 9.999726e-02 3.669117e-01 8.999998e-02 1.000000e-01 1.105298e+00 -0.487836 0.062623 0.125262 0.125359 0.126027 0.048564 0.487836 -0.062577 -0.125247 -0.125427 0.000000 
9.000000e-02 9.999666e-02 3.539567e-01 8.999998e-02 1.000000e-01 1.113186e+00 -0.501607 0.064393 0.128800 0.128898 0.129583 0.049934 0.501607 -0.064327 -0.128784 -0.129000 0.000000 
9.000000e-02 9.999592e-02 3.409702e-01 8.999997e-02 1.000000e-01 1.121055e+00 -0.515386 0.066163 0.132341 0.132438 0.133140 0.051304 0.515386 -0.066069 -0.132323 -0.132593 0.000000 
9.000000e-02 9.999501e-02 3.279526e-01 8.999997e-02 1.000000e-01 1.128905e+00 -0.529172 0.067935 0.135883 0.135981 0.136699 0.052675 0.529172 -0.067798 -0.135866 -0.136216 0.000000 
9.000000e-02 9.999390e-02 3.149040e-01 8.999996e-02 1.000000e-01 1.136734e+00 -0.542966 0.069708 0.139428 0.139525 0.140259 0.054047 0.542966 -0.069508 -0.139412 -0.139881 0.000000 
9.000000e-02 9.999255e-02 3.018247e-01 8.999996e-02 1.000000e-01 1.144544e+00 -0.556767 0.071482 0.142975 0.143072 0.143820 0.055419 0.556767 -0.071186 -0.142963 -0.143615 0.000000 
9.000000e-02 9.999089e-02 2.887149e-01 8.999995e-02 1.000000e-01 1.152333e+00 -0.570574 0.073257 0.146525 0.146620 0.147383 0.056791 0.570575 -0.072816 -0.146519 -0.147447 0.000000 
9.000000e-02 9.998885e-02 2.755749e-01 8.999994e-02 1.000000e-01 1.160102e+00 -0.584389 0.075034 0.150077 0.150169 0.150946 0.058163 0.584389 -0.074373 -0.150082 -0.151430 0.000000 
9.000000e-02 9.998637e-02 2.624049e-01 8.999994e-02 1.000000e-01 1.167850e+00 -0.598209 0.076812 0.153631 0.153720 0.154511 0.059536 0.598209 -0.075815 -0.153654 -0.155650 0.000000 
9.000000e-02 9.998333e-02 2.492050e-01 8.999993e-02 1.000000e-01 1.175577e+00 -0.612036 0.078591 0.157187 0.157273 0.158076 0.060909 0.612036 -0.077086 -0.157237 -0.160223 0.000000 
9.000000e-02 9.997964e-02 2.359755e-01 8.999992e-02 1.000000e-01 1.183283e+00 -0.625868 0.080372 0.160746 0.160827 0.161642 0.062282 0.625868 -0.078091 -0.160833 -0.165353 0.000000 
9.000000e-02 9.997517e-02 2.227165e-01 8.999990e-02 1.000000e-01 1.190968e+00 -0.639706 0.082153 0.164307 0.164383 0.165208 0.063655 0.639706 -0.078688 -0.164437 -0.171350 0.000000 
9.000000e-02 9.996980e-02 2.094283e-01 8.999989e-02 1.000000e-01 1.198631e+00 -0.653549 0.083937 0.167870 0.167940 0.168775 0.065028 0.653550 -0.078687 -0.168034 -0.178666 0.000000 
9.000000e-02 9.996342e-02 1.961109e-01 8.999987e-02 1.000000e-01 1.206272e+00 -0.667398 0.085722 0.171437 0.171498 0.172341 0.066401 0.667399 -0.077758 -0.171566 -0.188128 0.000000 
9.000000e-02 9.995599e-02 1.827644e-01 8.999986e-02 1.000000e-01 1.213891e+00 -0.681253 0.087509 0.175006 0.175058 0.175908 0.067773 0.681253 -0.075464 -0.174873 -0.201008 0.000000 
9.000000e-02 9.994765e-02 1.693888e-01 8.999983e-02 1.000000e-01 1.221487e+00 -0.695114 0.089297 0.178578 0.178620 0.179474 0.069146 0.695114 -0.071231 -0.177563 -0.219345 0.000000 
9.000000e-02 9.993908e-02 1.559834e-01 8.999981e-02 1.000000e-01 1.229061e+00 -0.708983 0.091088 0.182154 0.182183 0.183041 0.070518 0.708983 -0.064194 -0.178588 -0.247118 0.000000 
9.000000e-02 9.993315e-02 1.425455e-01 8.999978e-02 1.000000e-01 1.236612e+00 -0.722870 0.092882 0.185736 0.185752 0.186610 0.071890 0.722870 -0.053410 -0.175330 -0.291511 0.000000 
9.000000e-02 9.994212e-02 1.290603e-01 8.999975e-02 1.000000e-01 1.244139e+00 -0.736819 0.094686 0.189337 0.189336 0.190193 0.073268 0.736819 -0.037984 -0.161581 -0.366224 0.000000 
9.000000e-02 1.000164e-01 1.154597e-01 8.999972e-02 1.000000e-01 1.251643e+00 -0.751046 0.096527 0.193012 0.192992 0.193845 0.074672 0.751047 -0.016806 -0.121402 -0.502159 0.000000 
9.000000e-02 1.002485e-01 1.015034e-01 8.999968e-02 1.000000e-01 1.259123e+00 -0.766469 0.098524 0.196996 0.196955 0.197803 0.076193 0.766469 0.012486 -0.017351 -0.767071 0.000000 
9.000000e-02 1.003096e-01 9.749949e-02 8.999963e-02 1.000000e-01 1.266579e+00 -0.774741 0.099604 0.199147 0.199081 0.199910 0.077000 0.774741 0.022067 0.027008 -0.873514 0.000000 
9.000000e-02 1.003096e-01 9.749949e-02 8.999958e-02 1.000000e-01 1.274011e+00 -0.779651 0.100256 0.200439 0.200343 0.201144 0.077471 0.779651 0.021436 0.025748 -0.874776 0.000000 
9.000000e-02 1.003096e-01 9.749949e-02 8.999952e-02 1.000000e-01 1.281418e+00 -0.784545 0.100907 0.201730 0.201601 0.202370 0.077937 0.784545 0.020808 0.024491 -0.876034 0.000000 
9.000000e-02 1.003096e-01 9.749949e-02 8.999946e-02 1.000000e-01 1.288800e+00 -0.789422 0.101560 0.203021 0.202856 0.203587 0.078399 0.789422 0.020182 0.023239 -0.877287 0.000000 
9.000000e-02 1.003096e-01 9.749949e-02 8.999938e-02 1.000000e-01 1.296157e+00 -0.794282 0.102213 0.204313 0.204107 0.204794 0.078856 0.794283 0.019559 0.021991 -0.878536 0.000000 
9.000000e-02 1.003096e-01 9.749949e-02 8.999929e-02 1.000000e-01 1.303488e+00 -0.799126 0.102867 0.205606 0.205355 0.205991 0.079308 0.799126 0.018937 0.020748 -0.879781 0.000000 
9.000000e-02 1.003096e-01 9.749949e-02 8.999920e-02 1.000000e-01 1.310794e+00 -0.803952 0.103522 0.206901 0.206599 0.207177 0.079754 0.803953 0.018317 0.019509 -0.881021 0.000000 
9.000000e-02 1.003096e-01 9.749949e-02 8.999909e-02 1.000000e-01 1.318073e+00 -0.808762 0.104180 0.208198 0.207841 0.208350 0.080194 0.808762 0.017700 0.018274 -0.882257 0.000000 
9.000000e-02 1.003096e-01 9.749949e-02 8.999896e-02 1.000000e-01 1.325326e+00 -0.813553 0.104838 0.209498 0.209080 0.209511 0.080627 0.813554 0.017085 0.017044 -0.883488 0.000000 
9.000000e-02 1.003096e-01 9.749949e-02 8.999882e-02 1.000000e-01 1.332551e+00 -0.818327 0.105500 0.210802 0.210317 0.210657 0.081052 0.818328 0.016473 0.015818 -0.884715 0.000000 
9.000000e-02 1.003096e-01 9.749949e-02 8.999866e-02 1.000000e-01 1.339750e+00 -0.823083 0.106163 0.212110 0.211553 0.211789 0.081469 0.823084 0.015862 0.014597 -0.885937 0.000000 
9.000000e-02 1.003096e-01 9.749949e-02 8.999847e-02 1.000000e-01 1.346921e+00 -0.827821 0.106829 0.213425 0.212788 0.212903 0.081876 0.827821 0.015254 0.013381 -0.887154 0.000000 
9.000000e-02 1.003096e-01 9.749949e-02 8.999827e-02 1.000000e-01 1.354064e+00 -0.832540 0.107498 0.214747 0.214024 0.214000 0.082273 0.832541 0.014648 0.012169 -0.888367 0.000000 
9.000000e-02 1.003096e-01 9.749949e-02 8.999803e-02 1.000000e-01 1.361179e+00 -0.837241 0.108170 0.216076 0.215262 0.215077 0.082657 0.837241 0.014045 0.010962 -0.889575 0.000000 
9.000000e-02 1.003096e-01 9.749949e-02 8.999777e-02 1.000000e-01 1.368265e+00 -0.841923 0.108844 0.217416 0.216504 0.216132 0.083028 0.841923 0.013444 0.009760 -0.890778 0.000000 
9.000000e-02 1.003096e-01 9.749949e-02 8.999747e-02 1.000000e-01 1.375322e+00 -0.846586 0.109522 0.218767 0.217751 0.217164 0.083384 0.846586 0.012846 0.008563 -0.891976 0.000000 
9.000000e-02 1.003096e-01 9.749949e-02 8.999713e-02 1.000000e-01 1.382350e+00 -0.851229 0.110202 0.220132 0.219007 0.218168 0.083721 0.851229 0.012250 0.007371 -0.893170 0.000000 
9.000000e-02 1.003096e-01 9.749949e-02 8.999675e-02 1.000000e-01 1.389349e+00 -0.855853 0.110884 0.221511 0.220274 0.219145 0.084039 0.855853 0.011656 0.006184 -0.894358 0.000000 
9.000000e-02 1.003096e-01 9.749949e-02 8.999632e-02 1.000000e-01 1.396317e+00 -0.860457 0.111568 0.222909 0.221559 0.220088 0.084333 0.860457 0.011066 0.005002 -0.895541 0.000000 
9.000000e-02 1.003096e-01 9.749949e-02 8.999583e-02 1.000000e-01 1.403255e+00 -0.865041 0.112252 0.224327 0.222864 0.220997 0.084602 0.865041 0.010477 0.003825 -0.896719 0.000000 
9.000000e-02 1.003096e-01 9.749949e-02 8.999529e-02 1.000000e-01 1.410162e+00 -0.869604 0.112934 0.225767 0.224195 0.221868 0.084842 0.869604 0.009892 0.002654 -0.897892 0.000000 
9.000000e-02 1.003096e-01 9.749949e-02 8.999468e-02 1.000000e-01 1.417037e+00 -0.874147 0.113612 0.227237 0.225566 0.222690 0.085043 0.874147 0.009308 0.001487 -0.899059 0.000000 
9.000000e-02 1.003096e-01 9.749949e-02 8.999399e-02 1.000000e-01 1.423881e+00 -0.878669 0.114283 0.228735 0.226979 0.223466 0.085207 0.878669 0.008728 0.000326 -0.900221 0.000000 
9.000000e-02 1.003096e-01 9.749949e-02 8.999322e-02 1.000000e-01 1.430693e+00 -0.883170 0.114943 0.230268 0.228449 0.224187 0.085323 0.883170 0.008150 -0.000829 -0.901378 0.000000 
9.000000e-02 1.003096e-01 9.749949e-02 8.999235e-02 1.000000e-01 1.437473e+00 -0.887649 0.115585 0.231844 0.229996 0.224842 0.085383 0.887649 0.007576 -0.001979 -0.902529 0.000000 
9.000000e-02 1.003096e-01 9.749949e-02 8.999139e-02 1.000000e-01 1.444219e+00 -0.892107 0.116205 0.233461 0.231628 0.225430 0.085383 0.892107 0.007003 -0.003124 -0.903674 0.000000 
9.000000e-02 1.003096e-01 9.749949e-02 8.999031e-02 1.000000e-01 1.450933e+00 -0.896543 0.116791 0.235133 0.233377 0.225935 0.085307 0.896543 0.006434 -0.004263 -0.904814 0.000000 
9.000000e-02 1.003096e-01 9.749949e-02 8.998911e-02 1.000000e-01 1.457612e+00 -0.900956 0.117331 0.236866 0.235272 0.226344 0.085143 0.900956 0.005868 -0.005396 -0.905948 0.000000 
9.000000e-02 1.003096e-01 9.749949e-02 8.998778e-02 1.000000e-01 1.464257e+00 -0.905347 0.117815 0.238663 0.237331 0.226653 0.084886 0.905348 0.005304 -0.006523 -0.907077 0.000000 
9.000000e-02 1.003096e-01 9.749949e-02 8.998630e-02 1.000000e-01 1.470868e+00 -0.909716 0.118220 0.240540 0.239617 0.226831 0.084508 0.909716 0.004743 -0.007644 -0.908199 0.000000 
9.000000e-02 1.003096e-01 9.749949e-02 8.998467e-02 1.000000e-01 1.477443e+00 -0.914061 0.118520 0.242509 0.242181 0.226860 0.083991 0.914061 0.004186 -0.008760 -0.909316 0.000000 
9.000000e-02 1.003096e-01 9.749949e-02 8.998288e-02 1.000000e-01 1.483983e+00 -0.918383 0.118699 0.244573 0.245059 0.226725 0.083326 0.918383 0.003631 -0.009870 -0.910426 0.000000 
9.000000e-02 1.003096e-01 9.749949e-02 8.998091e-02 1.000000e-01 1.490487e+00 -0.922681 0.118715 0.246751 0.248350 0.226385 0.082481 0.922681 0.003079 -0.010973 -0.911531 0.000000 
9.000000e-02 1.003096e-01 9.749949e-02 8.997877e-02 1.000000e-01 1.496955e+00 -0.926955 0.118510 0.249067 0.252187 0.225781 0.081411 0.926955 0.002531 -0.012071 -0.912629 0.000000 
9.000000e-02 1.003096e-01 9.749949e-02 8.997646e-02 1.000000e-01 1.503385e+00 -0.931205 0.118059 0.251517 0.256626 0.224889 0.080114 0.931205 0.001985 -0.013162 -0.913721 0.000000 
9.000000e-02 1.003096e-01 9.749949e-02 8.997398e-02 1.000000e-01 1.509775e+00 -0.935429 0.117309 0.254112 0.261798 0.223652 0.078558 0.935429 0.001443 -0.014246 -0.914807 0.000000 
9.000000e-02 1.003096e-01 9.749949e-02 8.997136e-02 1.000000e-01 1.516125e+00 -0.939627 0.116130 0.256886 0.268030 0.221918 0.076663 0.939627 0.000905 -0.015324 -0.915885 0.000000 
9.000000e-02 1.003096e-01 9.749949e-02 8.996867e-02 1.000000e-01 1.522436e+00 -0.943798 0.114480 0.259816 0.275454 0.219623 0.074425 0.943798 0.000369 -0.016395 -0.916957 0.000000 
9.000000e-02 1.003096e-01 9.749949e-02 8.996603e-02 1.000000e-01 1.528705e+00 -0.947943 0.112282 0.262882 0.284310 0.216652 0.071816 0.947943 -0.000163 -0.017459 -0.918022 0.000000 
9.000000e-02 1.003096e-01 9.749949e-02 8.996369e-02 1.000000e-01 1.534932e+00 -0.952060 0.109438 0.266043 0.294936 0.212841 0.068803 0.952061 -0.000691 -0.018516 -0.919081 0.000000 
9.000000e-02 1.003096e-01 9.749949e-02 8.996219e-02 1.000000e-01 1.541118e+00 -0.956151 0.105706 0.269202 0.308186 0.207782 0.065276 0.956151 -0.001216 -0.019566 -0.920132 0.000000 
9.000000e-02 1.003096e-01 9.749949e-02 8.996265e-02 1.000000e-01 1.547261e+00 -0.960213 0.101070 0.272164 0.324380 0.201330 0.061269 0.960213 -0.001738 -0.020609 -0.921176 0.000000 
9.000000e-02 1.003096e-01 9.749949e-02 8.996739e-02 1.000000e-01 1.553360e+00 -0.964247 0.095427 0.274622 0.344271 0.193161 0.056766 0.964247 -0.002255 -0.021645 -0.922212 0.000000 
9.000000e-02 1.003096e-01 9.749949e-02 8.998107e-02 1.000000e-01 1.559416e+00 -0.968253 0.088671 0.276061 0.368885 0.182880 0.051755 0.968253 -0.002769 -0.022673 -0.923242 0.000000 
9.000000e-02 1.003096e-01 9.749949e-02 9.001364e-02 1.000000e-01 1.565427e+00 -0.972231 0.080640 0.275421 0.400119 0.169846 0.046204 0.972231 -0.003280 -0.023694 -0.924264 0.000000 
9.000000e-02 1.003096e-01 9.749949e-02 9.008598e-02 1.000000e-01 1.571394e+00 -0.976183 0.071255 0.270809 0.440550 0.153449 0.040122 0.976183 -0.003787 -0.024709 -0.925279 0.000000 
9.000000e-02 1.003096e-01 9.749949e-02 9.024002e-02 1.000000e-01 1.577319e+00 -0.980121 0.060587 0.259434 0.493062 0.133466 0.033572 0.980121 -0.004293 -0.025720 -0.926291 0.000000 
9.000000e-02 1.003096e-01 9.749949e-02 9.055839e-02 1.000000e-01 1.583208e+00 -0.984087 0.048549 0.236006 0.563597 0.109399 0.026535 0.984087 -0.004802 -0.026738 -0.927310 0.000000 
9.000000e-02 1.003096e-01 9.749949e-02 9.117149e-02 1.000000e-01 1.589098e+00 -0.988231 0.034726 0.190975 0.663700 0.080047 0.018784 0.988231 -0.005334 -0.027802 -0.928375 0.000000 
9.000000e-02 1.003096e-01 9.749949e-02 9.210037e-02 1.000000e-01 1.595149e+00 -0.993056 0.017527 0.107165 0.817950 0.041050 0.009363 0.993056 -0.005953 -0.029041 -0.929615 0.000000 
9.000000e-02 1.003096e-01 9.749949e-02 9.236937e-02 1.000000e-01 1.597510e+00 -0.995416 0.008735 0.053492 0.907690 0.020815 0.004685 0.995416 -0.006256 -0.029647 -0.930222 0.000000 
9.000000e-02 1.003096e-01 9.749949e-02 9.236937e-02 1.000000e-01 1.597510e+00 -0.995416 0.008735 0.053492 0.907690 0.020815 0.004685 0.995416 -0.006256 -0.029647 -0.930222 0.000000 
9.000000e-02 1.003096e-01 9.749949e-02 9.236937e-02 1.000000e-01 1.597510e+00 -0.995416 0.008735 0.053492 0.907690 0.020815 0.004685 0.995416 -0.006256 -0.029647 -0.930222 0.000000 
9.000000e-02 1.003096e-01 9.749949e-02 9.236937e-02 1.000000e-01 1.597510e+00 -0.995416 0.008735 0.053492 0.907690 0.020815 0.004685 0.995416 -0.006256 -0.029647 -0.930222 0.000000 
9.000000e-02 1.003096e-01 9.749949e-02 9.236937e-02 1.000000e-01 1.597510e+00 -0.995416 0.008735 0.053492 0.907690 0.020815 0.004685 0.995416 -0.006256 -0.029647 -0.930222 0.000000 
9.000000e-02 1.003096e-01 9.749949e-02 9.236937e-02 1.000000e-01 1.597510e+00 -0.995416 0.008735 0.053492 0.907690 0.020815 0.004685 0.995416 -0.006256 -0.029647 -0.930222 0.000000 
9.000000e-02 1.003096e-01 9.749949e-02 9.236937e-02 1.000000e-01 1.597510e+00 -0.995416 0.008735 0.053492 0.907690 0.020815 0.004685 0.995416 -0.006256 -0.029647 -0.930222 0.000000 
9.000000e-02 1.003096e-01 9.749949e-02 9.236937e-02 1.000000e-01 1.597510e+00 -0.995416 0.008735 0.053492 0.907690 0.020815 0.004685 0.995416 -0.006256 -0.029647 -0.930222 0.000000 
9.000000e-02 1.003096e-01 9.749949e-02 9.236937e-02 1.000000e-01 1.597510e+00 -0.995416 0.008735 0.053492 0.907690 0.020815 0.004685 0.995416 -0.006256 -0.029647 -0.930222 0.000000 
9.000000e-02 1.003096e-01 9.749949e-02 9.236937e-02 1.000000e-01 1.597510e+00 -0.995416 0.008735 0.053492 0.907690 0.020815 0.004685 0.995416 -0.006256 -0.029647 -0.930222 0.000000 
9.000000e-02 1.003096e-01 9.749949e-02 9.236937e-02 1.000000e-01 1.597510e+00 -0.995416 0.008735 0.053492 0.907690 0.020815 0.004685 0.995416 -0.006256 -0.029647 -0.930222 0.000000 
9.000000e-02 1.003096e-01 9.749949e-02 9.236937e-02 1.000000e-01 1.597510e+00 -0.995416 0.008735 0.053492 0.907690 0.020815 0.004685 0.995416 -0.006256 -0.029647 -0.930222 0.000000 
9.000000e-02 1.003096e-01 9.749949e-02 9.236937e-02 1.000000e-01 1.597510e+00 -0.995416 0.008735 0.053492 0.907690 0.020815 0.004685 0.995416 -0.006256 -0.029647 -0.930222 0.000000 
9.000000e-02 1.003096e-01 9.749949e-02 9.236937e-02 1.000000e-01 1.597510e+00 -0.995416 0.008735 0.053492 0.907690 0.020815 0.004685 0.995416 -0.006256 -0.029647 -0.930222 0.000000 
9.000000e-02 1.003096e-01 9.749949e-02 9.236937e-02 1.000000e-01 1.597510e+00 -0.995416 0.008735 0.053492 0.907690 0.020815 0.004685 0.995416 -0.006256 -0.029647 -0.930222 0.000000 
9.000000e-02 1.003096e-01 9.749949e-02 9.236937e-02 1.000000e-01 1.597510e+00 -0.995416 0.008735 0.053492 0.907690 0.020815 0.004685 0.995416 -0.006256 -0.029647 -0.930222 0.000000 
9.000000e-02 1.003096e-01 9.749949e-02 9.236937e-02 1.000000e-01 1.597510e+00 -0.995416 0.008735 0.053492 0.907690 0.020815 0.004685 0.995416 -0.006256 -0.029647 -0.930222 0.000000 
9.000000e-02 1.003096e-01 9.749949e-02 9.236937e-02 1.000000e-01 1.597510e+00 -0.995416 0.008735 0.053492 0.907690 0.020815 0.004685 0.995416 -0.006256 -0.029647 -0.930222 0.000000 
9.000000e-02 1.003096e-01 9.749949e-02 9.236937e-02 1.000000e-01 1.597510e+00 -0.995416 0.008735 0.053492 0.907690 0.020815 0.004685 0.995416 -0.006256 -0.029647 -0.930222 0.000000 
9.000000e-02 1.003096e-01 9.749949e-02 9.236937e-02 1.000000e-01 1.597510e+00 -0.995416 0.008735 0.053492 0.907690 0.020815 0.004685 0.995416 -0.006256 -0.029647 -0.930222 0.000000 
9.000000e-02 1.003096e-01 9.749949e-02 9.236937e-02 1.000000e-01 1.597510e+00 -0.995416 0.008735 0.053492 0.907690 0.020815 0.004685 0.995416 -0.006256 -0.029647 -0.930222 0.000000 
9.000000e-02 1.003096e-01 9.749949e-02 9.236937e-02 1.000000e-01 1.597510e+00 -0.995416 0.008735 0.053492 0.907690 0.020815 0.004685 0.995416 -0.006256 -0.029647 -0.930222 0.000000 
9.000000e-02 1.003096e-01 9.749949e-02 9.236937e-02 1.000000e-01 1.597510e+00 -0.995416 0.008735 0.053492 0.907690 0.020815 0.004685 0.995416 -0.006256 -0.029647 -0.930222 0.000000 
9.000000e-02 1.003096e-01 9.749949e-02 9.236937e-02 1.000000e-01 1.597510e+00 -0.995416 0.008735 0.053492 0.907690 0.020815 0.004685 0.995416 -0.006256 -0.029647 -0.930222 0.000000 
9.000000e-02 1.003096e-01 9.749949e-02 9.236937e-02 1.000000e-01 1.597510e+00 -0.995416 0.008735 0.053492 0.907690 0.020815 0.004685 0.995416 -0.006256 -0.029647 -0.930222 0.000000 
9.000000e-02 1.003096e-01 9.749949e-02 9.236937e-02 1.000000e-01 1.597510e+00 -0.995416 0.008735 0.053492 0.907690 0.020815 0.004685 0.995416 -0.006256 -0.029647 -0.930222 0.000000 
9.000000e-02 1.003096e-01 9.749949e-02 9.236937e-02 1.000000e-01 1.597510e+00 -0.995416 0.008735 0.053492 0.907690 0.020815 0.004685 0.995416 -0.006256 -0.029647 -0.930222 0.000000 
9.000000e-02 1.003096e-01 9.749949e-02 9.236937e-02 1.000000e-01 1.597510e+00 -0.995416 0.008735 0.053492 0.907690 0.020815 0.004685 0.995416 -0.006256 -0.029647 -0.930222 0.000000 
9.000000e-02 1.003096e-01 9.749949e-02 9.236937e-02 1.000000e-01 1.597510e+00 -0.995416 0.008735 0.053492 0.907690 0.020815 0.004685 0.995416 -0.006256 -0.029647 -0.930222 0.000000 
9.000000e-02 1.003096e-01 9.749949e-02 9.236937e-02 1.000000e-01 1.597510e+00 -0.995416 0.008735 0.053492 0.907690 0.020815 0.004685 0.995416 -0.006256 -0.029647 -0.930222 0.000000 
9.000000e-02 1.003096e-01 9.749949e-02 9.236937e-02 1.000000e-01 1.597510e+00 -0.995416 0.008735 0.053492 0.907690 0.020815 0.004685 0.995416 -0.006256 -0.029647 -0.930222 0.000000 
9.000000e-02 1.003096e-01 9.749949e-02 9.236937e-02 1.000000e-01 1.597510e+00 -0.995416 0.008735 0.053492 0.907690 0.020815 0.004685 0.995416 -0.006256 -0.029647 -0.930222 0.000000 
9.000000e-02 1.003096e-01 9.749949e-02 9.236937e-02 1.000000e-01 1.597510e+00 -0.995416 0.008735 0.053492 0.907690 0.020815 0.004685 0.995416 -0.006256 -0.029647 -0.930222 0.000000 
9.000000e-02 1.003096e-01 9.749949e-02 9.236937e-02 1.000000e-01 1.597510e+00 -0.995416 0.008735 0.053492 0.907690 0.020815 0.004685 0.995416 -0.006256 -0.029647 -0.930222 0.000000 
9.000000e-02 1.003096e-01 9.749949e-02 9.236937e-02 1.000000e-01 1.597510e+00 -0.995416 0.008735 0.053492 0.907690 0.020815 0.004685 0.995416 -0.006256 -0.029647 -0.930222 0.000000 
9.000000e-02 1.003096e-01 9.749949e-02 9.236937e-02 1.000000e-01 1.597510e+00 -0.995416 0.008735 0.053492 0.907690 0.020815 0.004685 0.995416 -0.006256 -0.029647 -0.930222 0.000000 
9.000000e-02 1.003096e-01 9.749949e-02 9.236937e-02 1.000000e-01 1.597510e+00 -0.995416 0.008735 0.053492 0.907690 0.020815 0.004685 0.995416 -0.006256 -0.029647 -0.930222 0.000000 
9.000000e-02 1.003096e-01 9.749949e-02 9.236937e-02 1.000000e-01 1.597510e+00 -0.995416 0.008735 0.053492 0.907690 0.020815 0.004685 0.995416 -0.006256 -0.029647 -0.930222 0.000000 
9.000000e-02 1.003096e-01 9.749949e-02 9.236937e-02 1.000000e-01 1.597510e+00 -0.995416 0.008735 0.053492 0.907690 0.020815 0.004685 0.995416 -0.006256 -0.029647 -0.930222 0.000000 
9.000000e-02 1.003096e-01 9.749949e-02 9.236937e-02 1.000000e-01 1.597510e+00 -0.995416 0.008735 0.053492 0.907690 0.020815 0.004685 0.995416 -0.006256 -0.029647 -0.930222 0.000000 
9.000000e-02 1.003096e-01 9.749949e-02 9.236937e-02 1.000000e-01 1.597510e+00 -0.995416 0.008735 0.053492 0.907690 0.020815 0.004685 0.995416 -0.006256 -0.029647 -0.930222 0.000000 
9.000000e-02 1.003096e-01 9.749949e-02 9.236937e-02 1.000000e-01 1.597510e+00 -0.995416 0.008735 0.053492 0.907690 0.020815 0.004685 0.995416 -0.006256 -0.029647 -0.930222 0.000000 
9.000000e-02 1.003096e-01 9.749949e-02 9.236937e-02 1.000000e-01 1.597510e+00 -0.995416 0.008735 0.053492 0.907690 0.020815 0.004685 0.995416 -0.006256 -0.029647 -0.930222 0.000000 
9.000000e-02 1.003096e-01 9.749949e-02 9.236937e-02 1.000000e-01 1.597510e+00 -0.995416 0.008735 0.053492 0.907690 0.020815 0.004685 0.995416 -0.006256 -0.029647 -0.930222 0.000000 
9.000000e-02 1.003096e-01 9.749949e-02 9.236937e-02 1.000000e-01 1.597510e+00 -0.995416 0.008735 0.053492 0.907690 0.020815 0.004685 0.995416 -0.006256 -0.029647 -0.930222 0.000000 
9.000000e-02 1.003096e-01 9.749949e-02 9.236937e-02 1.000000e-01 1.597510e+00 -0.995416 0.008735 0.053492 0.907690 0.020815 0.004685 0.995416 -0.006256 -0.029647 -0.930222 0.000000 
9.000000e-02 1.003096e-01 9.749949e-02 9.236937e-02 1.000000e-01 1.597510e+00 -0.995416 0.008735 0.053492 0.907690 0.020815 0.004685 0.995416 -0.006256 -0.029647 -0.930222 0.000000 
9.000000e-02 1.003096e-01 9.749949e-02 9.236937e-02 1.000000e-01 1.597510e+00 -0.995416 0.008735 0.053492 0.907690 0.020815 0.004685 0.995416 -0.006256 -0.029647 -0.930222 0.000000 
9.000000e-02 1.003096e-01 9.749949e-02 9.236937e-02 1.000000e-01 1.597510e+00 -0.995416 0.008735 0.053492 0.907690 0.020815 0.004685 0.995416 -0.006256 -0.029647 -0.930222 0.000000 
9.000000e-02 1.003096e-01 9.749949e-02 9.236937e-02 1.000000e-01 1.597510e+00 -0.995416 0.008735 0.053492 0.907690 0.020815 0.004685 0.995416 -0.006256 -0.029647 -0.930222 0.000000 
9.000000e-02 1.003096e-01 9.749949e-02 9.236937e-02 1.000000e-01 1.597510e+00 -0.995416 0.008735 0.053492 0.907690 0.020815 0.004685 0.995416 -0.006256 -0.029647 -0.930222 0.000000 
9.000000e-02 1.003096e-01 9.749949e-02 9.236937e-02 1.000000e-01 1.597510e+00 -0.995416 0.008735 0.053492 0.907690 0.020815 0.004685 0.995416 -0.006256 -0.029647 -0.930222 0.000000 
9.000000e-02 1.003096e-01 9.749949e-02 9.236937e-02 1.000000e-01 1.597510e+00 -0.995416 0.008735 0.053492 0.907690 0.020815 0.004685 0.995416 -0.006256 -0.029647 -0.930222 0.000000 
9.000000e-02 1.003096e-01 9.749949e-02 9.236937e-02 1.000000e-01 1.597510e+00 -0.995416 0.008735 0.053492 0.907690 0.020815 0.004685 0.995416 -0.006256 -0.029647 -0.930222 0.000000 
9.000000e-02 1.003096e-01 9.749949e-02 9.236937e-02 1.000000e-01 1.597510e+00 -0.995416 0.008735 0.053492 0.907690 0.020815 0.004685 0.995416 -0.006256 -0.029647 -0.930222 0.000000 
9.000000e-02 1.003096e-01 9.749949e-02 9.236937e-02 1.000000e-01 1.597510e+00 -0.995416 0.008735 0.053492 0.907690 0.020815 0.004685 0.995416 -0.006256 -0.029647 -0.930222 0.000000 
9.000000e-02 1.003096e-01 9.749949e-02 9.236937e-02 1.000000e-01 1.597510e+00 -0.995416 0.008735 0.053492 0.907690 0.020815 0.004685 0.995416 -0.006256 -0.029647 -0.930222 0.000000 
9.000000e-02 1.003096e-01 9.749949e-02 9.236937e-02 1.000000e-01 1.597510e+00 -0.995416 0.008735 0.053492 0.907690 0.020815 0.004685 0.995416 -0.006256 -0.029647 -0.930222 0.000000 
9.000000e-02 1.003096e-01 9.749949e-02 9.236937e-02 1.000000e-01 1.597510e+00 -0.995416 0.008735 0.053492 0.907690 0.020815 0.004685 0.995416 -0.006256 -0.029647 -0.930222 0.000000 
9.000000e-02 1.003096e-01 9.749949e-02 9.236937e-02 1.000000e-01 1.597510e+00 -0.995416 0.008735 0.053492 0.907690 0.020815 0.004685 0.995416 -0.006256 -0.029647 -0.930222 0.000000 
9.000000e-02 1.003096e-01 9.749949e-02 9.236937e-02 1.000000e-01 1.597510e+00 -0.995416 0.008735 0.053492 0.907690 0.020815 0.004685 0.995416 -0.006256 -0.029647 -0.930222 0.000000 
9.000000e-02 1.003096e-01 9.749949e-02 9.236937e-02 1.000000e-01 1.597510e+00 -0.995416 0.008735 0.053492 0.907690 0.020815 0.004685 0.995416 -0.006256 -0.029647 -0.930222 0.000000 
9.000000e-02 1.003096e-01 9.749949e-02 9.236937e-02 1.000000e-01 1.597510e+00 -0.995416 0.008735 0.053492 0.907690 0.020815 0.004685 0.995416 -0.006256 -0.029647 -0.930222 0.000000 
9.000000e-02 1.003096e-01 9.749949e-02 9.236937e-02 1.000000e-01 1.597510e+00 -0.995416 0.008735 0.053492 0.907690 0.020815 0.004685 0.995416 -0.006256 -0.029647 -0.930222 0.000000 
9.000000e-02 1.003096e-01 9.749949e-02 9.236937e-02 1.000000e-01 1.597510e+00 -0.995416 0.008735 0.053492 0.907690 0.020815 0.004685 0.995416 -0.006256 -0.029647 -0.930222 0.000000 
9.000000e-02 1.003096e-01 9.749949e-02 9.236937e-02 1.000000e-01 1.597510e+00 -0.995416 0.008735 0.053492 0.907690 0.020815 0.004685 0.995416 -0.006256 -0.029647 -0.930222 0.000000 
9.000000e-02 1.003096e-01 9.749949e-02 9.236937e-02 1.000000e-01 1.597510e+00 -0.995416 0.008735 0.053492 0.907690 0.020815 0.004685 0.995416 -0.006256 -0.029647 -0.930222 0.000000 
9.000000e-02 1.003096e-01 9.749949e-02 9.236937e-02 1.000000e-01 1.597510e+00 -0.995416 0.008735 0.053492 0.907690 0.020815 0.004685 0.995416 -0.006256 -0.029647 -0.930222 0.000000 
9.000000e-02 1.003096e-01 9.749949e-02 9.236937e-02 1.000000e-01 1.597510e+00 -0.995416 0.008735 0.053492 0.907690 0.020815 0.004685 0.995416 -0.006256 -0.029647 -0.930222 0.000000 
9.000000e-02 1.003096e-01 9.749949e-02 9.236937e-02 1.000000e-01 1.597510e+00 -0.995416 0.008735 0.053492 0.907690 0.020815 0.004685 0.995416 -0.006256 -0.029647 -0.930222 0.000000 
9.000000e-02 1.003096e-01 9.749949e-02 9.236937e-02 1.000000e-01 1.597510e+00 -0.995416 0.008735 0.053492 0.907690 0.020815 0.004685 0.995416 -0.006256 -0.029647 -0.930222 0.000000 
9.000000e-02 1.003096e-01 9.749949e-02 9.236937e-02 1.000000e-01 1.597510e+00 -0.995416 0.008735 0.053492 0.907690 0.020815 0.004685 0.995416 -0.006256 -0.029647 -0.930222 0.000000 
9.000000e-02 1.003096e-01 9.749949e-02 9.236937e-02 1.000000e-01 1.597510e+00 -0.995416 0.008735 0.053492 0.907690 0.020815 0.004685 0.995416 -0.006256 -0.029647 -0.930222 0.000000 
9.000000e-02 1.003096e-01 9.749949e-02 9.236937e-02 1.000000e-01 1.597510e+00 -0.995416 0.008735 0.053492 0.907690 0.020815 0.004685 0.995416 -0.006256 -0.029647 -0.930222 0.000000 
9.000000e-02 1.003096e-01 9.749949e-02 9.236937e-02 1.000000e-01 1.597510e+00 -0.995416 0.008735 0.053492 0.907690 0.020815 0.004685 0.995416 -0.006256 -0.029647 -0.930222 0.000000 
9.000000e-02 1.003096e-01 9.749949e-02 9.236937e-02 1.000000e-01 1.597510e+00 -0.995416 0.008735 0.053492 0.907690 0.020815 0.004685 0.995416 -0.006256 -0.029647 -0.930222 0.000000 
9.000000e-02 1.003096e-01 9.749949e-02 9.236937e-02 1.000000e-01 1.597510e+00 -0.995416 0.008735 0.053492 0.907690 0.020815 0.004685 0.995416 -0.006256 -0.029647 -0.930222 0.000000 
9.000000e-02 1.003096e-01 9.749949e-02 9.236937e-02 1.000000e-01 1.597510e+00 -0.995416 0.008735 0.053492 0.907690 0.020815 0.004685 0.995416 -0.006256 -0.029647 -0.930222 0.000000 
9.000000e-02 1.003096e-01 9.749949e-02 9.236937e-02 1.000000e-01 1.597510e+00 -0.995416 0.008735 0.053492 0.907690 0.020815 0.004685 0.995416 -0.006256 -0.029647 -0.930222 0.000000 
9.000000e-02 1.003096e-01 9.749949e-02 9.236937e-02 1.000000e-01 1.597510e+00 -0.995416 0.008735 0.053492 0.907690 0.020815 0.004685 0.995416 -0.006256 -0.029647 -0.930222 0.000000 
9.000000e-02 1.003096e-01 9.749949e-02 9.236937e-02 1.000000e-01 1.597510e+00 -0.995416 0.008735 0.053492 0.907690 0.020815 0.004685 0.995416 -0.006256 -0.029647 -0.930222 0.000000 
9.000000e-02 1.003096e-01 9.749949e-02 9.236937e-02 1.000000e-01 1.597510e+00 -0.995416 0.008735 0.053492 0.907690 0.020815 0.004685 0.995416 -0.006256 -0.029647 -0.930222 0.000000 
9.000000e-02 1.003096e-01 9.749949e-02 9.236937e-02 1.000000e-01 1.597510e+00 -0.995416 0.008735 0.053492 0.907690 0.020815 0.004685 0.995416 -0.006256 -0.029647 -0.930222 0.000000 
9.000000e-02 1.003096e-01 9.749949e-02 9.236937e-02 1.000000e-01 1.597510e+00 -0.995416 0.008735 0.053492 0.907690 0.020815 0.004685 0.995416 -0.006256 -0.029647 -0.930222 0.000000 
9.000000e-02 1.003096e-01 9.749949e-02 9.236937e-02 1.000000e-01 1.597510e+00 -0.995416 0.008735 0.053492 0.907690 0.020815 0.004685 0.995416 -0.006256 -0.029647 -0.930222 0.000000 
9.000000e-02 1.003096e-01 9.749949e-02 9.236937e-02 1.000000e-01 1.597510e+00 -0.995416 0.008735 0.053492 0.907690 0.020815 0.004685 0.995416 -0.006256 -0.029647 -0.930222 0.000000 
9.000000e-02 1.003096e-01 9.749949e-02 9.236937e-02 1.000000e-01 1.597510e+00 -0.995416 0.008735 0.053492 0.907690 0.020815 0.004685 0.995416 -0.006256 -0.029647 -0.930222 0.000000 
9.000000e-02 1.003096e-01 9.749949e-02 9.236937e-02 1.000000e-01 1.597510e+00 -0.995416 0.008735 0.053492 0.907690 0.020815 0.004685 0.995416 -0.006256 -0.029647 -0.930222 0.000000 
9.000000e-02 1.003096e-01 9.749949e-02 9.236937e-02 1.000000e-01 1.597510e+00 -0.995416 0.008735 0.053492 0.907690 0.020815 0.004685 0.995416 -0.006256 -0.029647 -0.930222 0.000000 
9.000000e-02 1.003096e-01 9.749949e-02 9.236937e-02 1.000000e-01 1.597510e+00 -0.995416 0.008735 0.053492 0.907690 0.020815 0.004685 0.995416 -0.006256 -0.029647 -0.930222 0.000000 
9.000000e-02 1.003096e-01 9.749949e-02 9.236937e-02 1.000000e-01 1.597510e+00 -0.995416 0.008735 0.053492 0.907690 0.020815 0.004685 0.995416 -0.006256 -0.029647 -0.930222 0.000000 
9.000000e-02 1.003096e-01 9.749949e-02 9.236937e-02 1.000000e-01 1.597510e+00 -0.995416 0.008735 0.053492 0.907690 0.020815 0.004685 0.995416 -0.006256 -0.029647 -0.930222 0.000000 
9.000000e-02 1.003096e-01 9.749949e-02 9.236937e-02 1.000000e-01 1.597510e+00 -0.995416 0.008735 0.053492 0.907690 0.020815 0.004685 0.995416 -0.006256 -0.029647 -0.930222 0.000000 
9.000000e-02 1.003096e-01 9.749949e-02 9.236937e-02 1.000000e-01 1.597510e+00 -0.995416 0.008735 0.053492 0.907690 0.020815 0.004685 0.995416 -0.006256 -0.029647 -0.930222 0.000000 
9.000000e-02 1.003096e-01 9.749949e-02 9.236937e-02 1.000000e-01 1.597510e+00 -0.995416 0.008735 0.053492 0.907690 0.020815 0.004685 0.995416 -0.006256 -0.029647 -0.930222 0.000000 
9.000000e-02 1.003096e-01 9.749949e-02 9.236937e-02 1.000000e-01 1.597510e+00 -0.995416 0.008735 0.053492 0.907690 0.020815 0.004685 0.995416 -0.006256 -0.029647 -0.930222 0.000000 
9.000000e-02 1.003096e-01 9.749949e-02 9.236937e-02 1.000000e-01 1.597510e+00 -0.995416 0.008735 0.053492 0.907690 0.020815 0.004685 0.995416 -0.006256 -0.029647 -0.930222 0.000000 
9.000000e-02 1.003096e-01 9.749949e-02 9.236937e-02 1.000000e-01 1.597510e+00 -0.995416 0.008735 0.053492 0.907690 0.020815 0.004685 0.995416 -0.006256 -0.029647 -0.930222 0.000000 
9.000000e-02 1.003096e-01 9.749949e-02 9.236937e-02 1.000000e-01 1.597510e+00 -0.995416 0.008735 0.053492 0.907690 0.020815 0.004685 0.995416 -0.006256 -0.029647 -0.930222 0.000000 
9.000000e-02 1.003096e-01 9.749949e-02 9.236937e-02 1.000000e-01 1.597510e+00 -0.995416 0.008735 0.053492 0.907690 0.020815 0.004685 0.995416 -0.006256 -0.029647 -0.930222 0.000000 
9.000000e-02 1.003096e-01 9.749949e-02 9.236937e-02 1.000000e-01 1.597510e+00 -0.995416 0.008735 0.053492 0.907690 0.020815 0.004685 0.995416 -0.006256 -0.029647 -0.930222 0.000000 
9.000000e-02 1.003096e-01 9.749949e-02 9.236937e-02 1.000000e-01 1.597510e+00 -0.995416 0.008735 0.053492 0.907690 0.020815 0.004685 0.995416 -0.006256 -0.029647 -0.930222 0.000000 
9.000000e-02 1.003096e-01 9.749949e-02 9.236937e-02 1.000000e-01 1.597510e+00 -0.995416 0.008735 0.053492 0.907690 0.020815 0.004685 0.995416 -0.006256 -0.029647 -0.930222 0.000000 
9.000000e-02 1.003096e-01 9.749949e-02 9.236937e-02 1.000000e-01 1.597510e+00 -0.995416 0.008735 0.053492 0.907690 0.020815 0.004685 0.995416 -0.006256 -0.029647 -0.930222 0.000000 
9.000000e-02 1.003096e-01 9.749949e-02 9.236937e-02 1.000000e-01 1.597510e+00 -0.995416 0.008735 0.053492 0.907690 0.020815 0.004685 0.995416 -0.006256 -0.029647 -0.930222 0.000000 
9.000000e-02 1.003096e-01 9.749949e-02 9.236937e-02 1.000000e-01 1.597510e+00 -0.995416 0.008735 0.053492 0.907690 0.020815 0.004685 0.995416 -0.006256 -0.029647 -0.930222 0.000000 
9.000000e-02 1.003096e-01 9.749949e-02 9.236937e-02 1.000000e-01 1.597510e+00 -0.995416 0.008735 0.053492 0.907690 0.020815 0.004685 0.995416 -0.006256 -0.029647 -0.930222 0.000000 
9.000000e-02 1.003096e-01 9.749949e-02 9.236937e-02 1.000000e-01 1.597510e+00 -0.995416 0.008735 0.053492 0.907690 0.020815 0.004685 0.995416 -0.006256 -0.029647 -0.930222 0.000000 
9.000000e-02 1.003096e-01 9.749949e-02 9.236937e-02 1.000000e-01 1.597510e+00 -0.995416 0.008735 0.053492 0.907690 0.020815 0.004685 0.995416 -0.006256 -0.029647 -0.930222 0.000000 
9.000000e-02 1.003096e-01 9.749949e-02 9.236937e-02 1.000000e-01 1.597510e+00 -0.995416 0.008735 0.053492 0.907690 0.020815 0.004685 0.995416 -0.006256 -0.029647 -0.930222 0.000000 
9.000000e-02 1.003096e-01 9.749949e-02 9.236937e-02 1.000000e-01 1.597510e+00 -0.995416 0.008735 0.053492 0.907690 0.020815 0.004685 0.995416 -0.006256 -0.029647 -0.930222 0.000000 
9.000000e-02 1.003096e-01 9.749949e-02 9.236937e-02 1.000000e-01 1.597510e+00 -0.995416 0.008735 0.053492 0.907690 0.020815 0.004685 0.995416 -0.006256 -0.029647 -0.930222 0.000000 
9.000000e-02 1.003096e-01 9.749949e-02 9.236937e-02 1.000000e-01 1.597510e+00 -0.995416 0.008735 0.053492 0.907690 0.020815 0.004685 0.995416 -0.006256 -0.029647 -0.930222 0.000000 
9.000000e-02 1.003096e-01 9.749949e-02 9.236937e-02 1.000000e-01 1.597510e+00 -0.995416 0.008735 0.053492 0.907690 0.020815 0.004685 0.995416 -0.006256 -0.029647 -0.930222 0.000000 
9.000000e-02 1.003096e-01 9.749949e-02 9.236937e-02 1.000000e-01 1.597510e+00 -0.995416 0.008735 0.053492 0.907690 0.020815 0.004685 0.995416 -0.006256 -0.029647 -0.930222 0.000000 
9.000000e-02 1.003096e-01 9.749949e-02 9.236937e-02 1.000000e-01 1.597510e+00 -0.995416 0.008735 0.053492 0.907690 0.020815 0.004685 0.995416 -0.006256 -0.029647 -0.930222 0.000000 
9.000000e-02 1.003096e-01 9.749949e-02 9.236937e-02 1.000000e-01 1.597510e+00 -0.995416 0.008735 0.053492 0.907690 0.020815 0.004685 0.995416 -0.006256 -0.029647 -0.930222 0.000000 
9.000000e-02 1.003096e-01 9.749949e-02 9.236937e-02 1.000000e-01 1.597510e+00 -0.995416 0.008735 0.053492 0.907690 0.020815 0.004685 0.995416 -0.006256 -0.029647 -0.930222 0.000000 
9.000000e-02 1.003096e-01 9.749949e-02 9.236937e-02 1.000000e-01 1.597510e+00 -0.995416 0.008735 0.053492 0.907690 0.020815 0.004685 0.995416 -0.006256 -0.029647 -0.930222 0.000000 
9.000000e-02 1.003096e-01 9.749949e-02 9.236937e-02 1.000000e-01 1.597510e+00 -0.995416 0.008735 0.053492 0.907690 0.020815 0.004685 0.995416 -0.006256 -0.029647 -0.930222 0.000000 
9.000000e-02 1.003096e-01 9.749949e-02 9.236937e-02 1.000000e-01 1.597510e+00 -0.995416 0.008735 0.053492 0.907690 0.020815 0.004685 0.995416 -0.006256 -0.029647 -0.930222 0.000000 
9.000000e-02 1.003096e-01 9.749949e-02 9.236937e-02 1.000000e-01 1.597510e+00 -0.995416 0.008735 0.053492 0.907690 0.020815 0.004685 0.995416 -0.006256 -0.029647 -0.930222 0.000000 
9.000000e-02 1.003096e-01 9.749949e-02 9.236937e-02 1.000000e-01 1.597510e+00 -0.995416 0.008735 0.053492 0.907690 0.020815 0.004685 0.995416 -0.006256 -0.029647 -0.930222 0.000000 
9.000000e-02 1.003096e-01 9.749949e-02 9.236937e-02 1.000000e-01 1.597510e+00 -0.995416 0.008735 0.053492 0.907690 0.020815 0.004685 0.995416 -0.006256 -0.029647 -0.930222 0.000000 
9.000000e-02 1.003096e-01 9.749949e-02 9.236937e-02 1.000000e-01 1.597510e+00 -0.995416 0.008735 0.053492 0.907690 0.020815 0.004685 0.995416 -0.006256 -0.029647 -0.930222 0.000000 
9.000000e-02 1.003096e-01 9.749949e-02 9.236937e-02 1.000000e-01 1.597510e+00 -0.995416 0.008735 0.053492 0.907690 0.020815 0.004685 0.995416 -0.006256 -0.029647 -0.930222 0.000000 
9.000000e-02 1.003096e-01 9.749949e-02 9.236937e-02 1.000000e-01 1.597510e+00 -0.995416 0.008735 0.053492 0.907690 0.020815 0.004685 0.995416 -0.006256 -0.029647 -0.930222 0.000000 
9.000000e-02 1.003096e-01 9.749949e-02 9.236937e-02 1.000000e-01 1.597510e+00 -0.995416 0.008735 0.053492 0.907690 0.020815 0.004685 0.995416 -0.006256 -0.029647 -0.930222 0.000000 
9.000000e-02 1.003096e-01 9.749949e-02 9.236937e-02 1.000000e-01 1.597510e+00 -0.995416 0.008735 0.053492 0.907690 0.020815 0.004685 0.995416 -0.006256 -0.029647 -0.930222 0.000000 
9.000000e-02 1.003096e-01 9.749949e-02 9.236937e-02 1.000000e-01 1.597510e+00 -0.995416 0.008735 0.053492 0.907690 0.020815 0.004685 0.995416 -0.006256 -0.029647 -0.930222 0.000000 
9.000000e-02 1.003096e-01 9.749949e-02 9.236937e-02 1.000000e-01 1.597510e+00 -0.995416 0.008735 0.053492 0.907690 0.020815 0.004685 0.995416 -0.006256 -0.029647 -0.930222 0.000000 
9.000000e-02 1.003096e-01 9.749949e-02 9.236937e-02 1.000000e-01 1.597510e+00 -0.995416 0.008735 0.053492 0.907690 0.020815 0.004685 0.995416 -0.006256 -0.029647 -0.930222 0.000000 
9.000000e-02 1.003096e-01 9.749949e-02 9.236937e-02 1.000000e-01 1.597510e+00 -0.995416 0.008735 0.053492 0.907690 0.020815 0.004685 0.995416 -0.006256 -0.029647 -0.930222 0.000000 
9.000000e-02 1.003096e-01 9.749949e-02 9.236937e-02 1.000000e-01 1.597510e+00 -0.995416 0.008735 0.053492 0.907690 0.020815 0.004685 0.995416 -0.006256 -0.029647 -0.930222 0.000000 
9.000000e-02 1.003096e-01 9.749949e-02 9.236937e-02 1.000000e-01 1.597510e+00 -0.995416 0.008735 0.053492 0.907690 0.020815 0.004685 0.995416 -0.006256 -0.029647 -0.930222 0.000000 
9.000000e-02 1.003096e-01 9.749949e-02 9.236937e-02 1.000000e-01 1.597510e+00 -0.995416 0.008735 0.053492 0.907690 0.020815 0.004685 0.995416 -0.006256 -0.029647 -0.930222 0.000000 
9.000000e-02 1.003096e-01 9.749949e-02 9.236937e-02 1.000000e-01 1.597510e+00 -0.995416 0.008735 0.053492 0.907690 0.020815 0.004685 0.995416 -0.006256 -0.029647 -0.930222 0.000000 
9.000000e-02 1.003096e-01 9.749949e-02 9.236937e-02 1.000000e-01 1.597510e+00 -0.995416 0.008735 0.053492 0.907690 0.020815 0.004685 0.995416 -0.006256 -0.029647 -0.930222 0.000000 
9.000000e-02 1.003096e-01 9.749949e-02 9.236937e-02 1.000000e-01 1.597510e+00 -0.995416 0.008735 0.053492 0.907690 0.020815 0.004685 0.995416 -0.006256 -0.029647 -0.930222 0.000000 
9.000000e-02 1.003096e-01 9.749949e-02 9.236937e-02 1.000000e-01 1.597510e+00 -0.995416 0.008735 0.053492 0.907690 0.020815 0.004685 0.995416 -0.006256 -0.029647 -0.930222 0.000000 
9.000000e-02 1.003096e-01 9.749949e-02 9.236937e-02 1.000000e-01 1.597510e+00 -0.995416 0.008735 0.053492 0.907690 0.020815 0.004685 0.995416 -0.006256 -0.029647 -0.930222 0.000000 
9.000000e-02 1.003096e-01 9.749949e-02 9.236937e-02 1.000000e-01 1.597510e+00 -0.995416 0.008735 0.053492 0.907690 0.020815 0.004685 0.995416 -0.006256 -0.029647 -0.930222 0.000000 
9.000000e-02 1.003096e-01 9.749949e-02 9.236937e-02 1.000000e-01 1.597510e+00 -0.995416 0.008735 0.053492 0.907690 0.020815 0.004685 0.995416 -0.006256 -0.029647 -0.930222 0.000000 
9.000000e-02 1.003096e-01 9.749949e-02 9.236937e-02 1.000000e-01 1.597510e+00 -0.995416 0.008735 0.053492 0.907690 0.020815 0.004685 0.995416 -0.006256 -0.029647 -0.930222 0.000000 
9.000000e-02 1.003096e-01 9.749949e-02 9.236937e-02 1.000000e-01 1.597510e+00 -0.995416 0.008735 0.053492 0.907690 0.020815 0.004685 0.995416 -0.006256 -0.029647 -0.930222 0.000000 
9.000000e-02 1.003096e-01 9.749949e-02 9.236937e-02 1.000000e-01 1.597510e+00 -0.995416 0.008735 0.053492 0.907690 0.020815 0.004685 0.995416 -0.006256 -0.029647 -0.930222 0.000000 
9.000000e-02 1.003096e-01 9.749949e-02 9.236937e-02 1.000000e-01 1.597510e+00 -0.995416 0.008735 0.053492 0.907690 0.020815 0.004685 0.995416 -0.006256 -0.029647 -0.930222 0.000000 
9.000000e-02 1.003096e-01 9.749949e-02 9.236937e-02 1.000000e-01 1.597510e+00 -0.995416 0.008735 0.053492 0.907690 0.020815 0.004685 0.995416 -0.006256 -0.029647 -0.930222 0.000000 
9.000000e-02 1.003096e-01 9.749949e-02 9.236937e-02 1.000000e-01 1.597510e+00 -0.995416 0.008735 0.053492 0.907690 0.020815 0.004685 0.995416 -0.006256 -0.029647 -0.930222 0.000000 
9.000000e-02 1.003096e-01 9.749949e-02 9.236937e-02 1.000000e-01 1.597510e+00 -0.995416 0.008735 0.053492 0.907690 0.020815 0.004685 0.995416 -0.006256 -0.029647 -0.930222 0.000000 
9.000000e-02 1.003096e-01 9.749949e-02 9.236937e-02 1.000000e-01 1.597510e+00 -0.995416 0.008735 0.053492 0.907690 0.020815 0.004685 0.995416 -0.006256 -0.029647 -0.930222 0.000000 
9.000000e-02 1.003096e-01 9.749949e-02 9.236937e-02 1.000000e-01 1.597510e+00 -0.995416 0.008735 0.053492 0.907690 0.020815 0.004685 0.995416 -0.006256 -0.029647 -0.930222 0.000000 
9.000000e-02 1.003096e-01 9.749949e-02 9.236937e-02 1.000000e-01 1.597510e+00 -0.995416 0.008735 0.053492 0.907690 0.020815 0.004685 0.995416 -0.006256 -0.029647 -0.930222 0.000000 
9.000000e-02 1.003096e-01 9.749949e-02 9.236937e-02 1.000000e-01 1.597510e+00 -0.995416 0.008735 0.053492 0.907690 0.020815 0.004685 0.995416 -0.006256 -0.029647 -0.930222 0.000000 
9.000000e-02 1.003096e-01 9.749949e-02 9.236937e-02 1.000000e-01 1.597510e+00 -0.995416 0.008735 0.053492 0.907690 0.020815 0.004685 0.995416 -0.006256 -0.029647 -0.930222 0.000000 
9.000000e-02 1.003096e-01 9.749949e-02 9.236937e-02 1.000000e-01 1.597510e+00 -0.995416 0.008735 0.053492 0.907690 0.020815 0.004685 0.995416 -0.006256 -0.029647 -0.930222 0.000000 
9.000000e-02 1.003096e-01 9.749949e-02 9.236937e-02 1.000000e-01 1.597510e+00 -0.995416 0.008735 0.053492 0.907690 0.020815 0.004685 0.995416 -0.006256 -0.029647 -0.930222 0.000000 
9.000000e-02 1.003096e-01 9.749949e-02 9.236937e-02 1.000000e-01 1.597510e+00 -0.995416 0.008735 0.053492 0.907690 0.020815 0.004685 0.995416 -0.006256 -0.029647 -0.930222 0.000000 
9.000000e-02 1.003096e-01 9.749949e-02 9.236937e-02 1.000000e-01 1.597510e+00 -0.995416 0.008735 0.053492 0.907690 0.020815 0.004685 0.995416 -0.006256 -0.029647 -0.930222 0.000000 
9.000000e-02 1.003096e-01 9.749949e-02 9.236937e-02 1.000000e-01 1.597510e+00 -0.995416 0.008735 0.053492 0.907690 0.020815 0.004685 0.995416 -0.006256 -0.029647 -0.930222 0.000000 
9.000000e-02 1.003096e-01 9.749949e-02 9.236937e-02 1.000000e-01 1.597510e+00 -0.995416 0.008735 0.053492 0.907690 0.020815 0.004685 0.995416 -0.006256 -0.029647 -0.930222 0.000000 
9.000000e-02 1.003096e-01 9.749949e-02 9.236937e-02 1.000000e-01 1.597510e+00 -0.995416 0.008735 0.053492 0.907690 0.020815 0.004685 0.995416 -0.006256 -0.029647 -0.930222 0.000000 
9.000000e-02 1.003096e-01 9.749949e-02 9.236937e-02 1.000000e-01 1.597510e+00 -0.995416 0.008735 0.053492 0.907690 0.020815 0.004685 0.995416 -0.006256 -0.029647 -0.930222 0.000000 
9.000000e-02 1.003096e-01 9.749949e-02 9.236937e-02 1.000000e-01 1.597510e+00 -0.995416 0.008735 0.053492 0.907690 0.020815 0.004685 0.995416 -0.006256 -0.029647 -0.930222 0.000000 
9.000000e-02 1.003096e-01 9.749949e-02 9.236937e-02 1.000000e-01 1.597510e+00 -0.995416 0.008735 0.053492 0.907690 0.020815 0.004685 0.995416 -0.006256 -0.029647 -0.930222 0.000000 
9.000000e-02 1.003096e-01 9.749949e-02 9.236937e-02 1.000000e-01 1.597510e+00 -0.995416 0.008735 0.053492 0.907690 0.020815 0.004685 0.995416 -0.006256 -0.029647 -0.930222 0.000000 
9.000000e-02 1.003096e-01 9.749949e-02 9.236937e-02 1.000000e-01 1.597510e+00 -0.995416 0.008735 0.053492 0.907690 0.020815 0.004685 0.995416 -0.006256 -0.029647 -0.930222 0.000000 
9.000000e-02 1.003096e-01 9.749949e-02 9.236937e-02 1.000000e-01 1.597510e+00 -0.995416 0.008735 0.053492 0.907690 0.020815 0.004685 0.995416 -0.006256 -0.029647 -0.930222 0.000000 
9.000000e-02 1.003096e-01 9.749949e-02 9.236937e-02 1.000000e-01 1.597510e+00 -0.995416 0.008735 0.053492 0.907690 0.020815 0.004685 0.995416 -0.006256 -0.029647 -0.930222 0.000000 
9.000000e-02 1.003096e-01 9.749949e-02 9.236937e-02 1.000000e-01 1.597510e+00 -0.995416 0.008735 0.053492 0.907690 0.020815 0.004685 0.995416 -0.006256 -0.029647 -0.930222 0.000000 
9.000000e-02 1.003096e-01 9.749949e-02 9.236937e-02 1.000000e-01 1.597510e+00 -0.995416 0.008735 0.053492 0.907690 0.020815 0.004685 0.995416 -0.006256 -0.029647 -0.930222 0.000000 
9.000000e-02 1.003096e-01 9.749949e-02 9.236937e-02 1.000000e-01 1.597510e+00 -0.995416 0.008735 0.053492 0.907690 0.020815 0.004685 0.995416 -0.006256 -0.029647 -0.930222 0.000000 
9.000000e-02 1.003096e-01 9.749949e-02 9.236937e-02 1.000000e-01 1.597510e+00 -0.995416 0.008735 0.053492 0.907690 0.020815 0.004685 0.995416 -0.006256 -0.029647 -0.930222 0.000000 
9.000000e-02 1.003096e-01 9.749949e-02 9.236937e-02 1.000000e-01 1.597510e+00 -0.995416 0.008735 0.053492 0.907690 0.020815 0.004685 0.995416 -0.006256 -0.029647 -0.930222 0.000000 
9.000000e-02 1.003096e-01 9.749949e-02 9.236937e-02 1.000000e-01 1.597510e+00 -0.995416 0.008735 0.053492 0.907690 0.020815 0.004685 0.995416 -0.006256 -0.029647 -0.930222 0.000000 
9.000000e-02 1.003096e-01 9.749949e-02 9.236937e-02 1.000000e-01 1.597510e+00 -0.995416 0.008735 0.053492 0.907690 0.020815 0.004685 0.995416 -0.006256 -0.029647 -0.930222 0.000000 
9.000000e-02 1.003096e-01 9.749949e-02 9.236937e-02 1.000000e-01 1.597510e+00 -0.995416 0.008735 0.053492 0.907690 0.020815 0.004685 0.995416 -0.006256 -0.029647 -0.930222 0.000000 
9.000000e-02 1.003096e-01 9.749949e-02 9.236937e-02 1.000000e-01 1.597510e+00 -0.995416 0.008735 0.053492 0.907690 0.020815 0.004685 0.995416 -0.006256 -0.029647 -0.930222 0.000000 
9.000000e-02 1.003096e-01 9.749949e-02 9.236937e-02 1.000000e-01 1.597510e+00 -0.995416 0.008735 0.053492 0.907690 0.020815 0.004685 0.995416 -0.006256 -0.029647 -0.930222 0.000000 
9.000000e-02 1.003096e-01 9.749949e-02 9.236937e-02 1.000000e-01 1.597510e+00 -0.995416 0.008735 0.053492 0.907690 0.020815 0.004685 0.995416 -0.006256 -0.029647 -0.930222 0.000000 
9.000000e-02 1.003096e-01 9.749949e-02 9.236937e-02 1.000000e-01 1.597510e+00 -0.995416 0.008735 0.053492 0.907690 0.020815 0.004685 0.995416 -0.006256 -0.029647 -0.930222 0.000000 
9.000000e-02 1.003096e-01 9.749949e-02 9.236937e-02 1.000000e-01 1.597510e+00 -0.995416 0.008735 0.053492 0.907690 0.020815 0.004685 0.995416 -0.006256 -0.029647 -0.930222 0.000000 
9.000000e-02 1.003096e-01 9.749949e-02 9.236937e-02 1.000000e-01 1.597510e+00 -0.995416 0.008735 0.053492 0.907690 0.020815 0.004685 0.995416 -0.006256 -0.029647 -0.930222 0.000000 
9.000000e-02 1.003096e-01 9.749949e-02 9.236937e-02 1.000000e-01 1.597510e+00 -0.995416 0.008735 0.053492 0.907690 0.020815 0.004685 0.995416 -0.006256 -0.029647 -0.930222 0.000000 
9.000000e-02 1.003096e-01 9.749949e-02 9.236937e-02 1.000000e-01 1.597510e+00 -0.995416 0.008735 0.053492 0.907690 0.020815 0.004685 0.995416 -0.006256 -0.029647 -0.930222 0.000000 
9.000000e-02 1.003096e-01 9.749949e-02 9.236937e-02 1.000000e-01 1.597510e+00 -0.995416 0.008735 0.053492 0.907690 0.020815 0.004685 0.995416 -0.006256 -0.029647 -0.930222 0.000000 
9.000000e-02 1.003096e-01 9.749949e-02 9.236937e-02 1.000000e-01 1.597510e+00 -0.995416 0.008735 0.053492 0.907690 0.020815 0.004685 0.995416 -0.006256 -0.029647 -0.930222 0.000000 
9.000000e-02 1.003096e-01 9.749949e-02 9.236937e-02 1.000000e-01 1.597510e+00 -0.995416 0.008735 0.053492 0.907690 0.020815 0.004685 0.995416 -0.006256 -0.029647 -0.930222 0.000000 
9.000000e-02 1.003096e-01 9.749949e-02 9.236937e-02 1.000000e-01 1.597510e+00 -0.995416 0.008735 0.053492 0.907690 0.020815 0.004685 0.995416 -0.006256 -0.029647 -0.930222 0.000000 
9.000000e-02 1.003096e-01 9.749949e-02 9.236937e-02 1.000000e-01 1.597510e+00 -0.995416 0.008735 0.053492 0.907690 0.020815 0.004685 0.995416 -0.006256 -0.029647 -0.930222 0.000000 
9.000000e-02 1.003096e-01 9.749949e-02 9.236937e-02 1.000000e-01 1.597510e+00 -0.995416 0.008735 0.053492 0.907690 0.020815 0.004685 0.995416 -0.006256 -0.029647 -0.930222 0.000000 
9.000000e-02 1.003096e-01 9.749949e-02 9.236937e-02 1.000000e-01 1.597510e+00 -0.995416 0.008735 0.053492 0.907690 0.020815 0.004685 0.995416 -0.006256 -0.029647 -0.930222 0.000000 
9.000000e-02 1.003096e-01 9.749949e-02 9.236937e-02 1.000000e-01 1.597510e+00 -0.995416 0.008735 0.053492 0.907690 0.020815 0.004685 0.995416 -0.006256 -0.029647 -0.930222 0.000000 
9.000000e-02 1.003096e-01 9.749949e-02 9.236937e-02 1.000000e-01 1.597510e+00 -0.995416 0.008735 0.053492 0.907690 0.020815 0.004685 0.995416 -0.006256 -0.029647 -0.930222 0.000000 
