# TeX TeY TeZ ThX ThY THZ P1 P2
1.050000e-01 1.000000e-01 8.600000e-01 1.050000e-01 1.000000e-01 8.600000e-01 0.000000 0.000000 0.000000 0.000000 0.000000 0.000000 0.000000 0.000000 0.000000 0.000000 0.000000 
1.050000e-01 1.000000e-01 8.485580e-01 1.050000e-01 1.000000e-01 8.683844e-01 -0.013099 0.001681 0.003363 0.003366 0.003385 0.001304 0.013099 -0.001681 -0.003363 -0.003366 0.000000 
1.050000e-01 1.000000e-01 8.370719e-01 1.050000e-01 1.000000e-01 8.767547e-01 -0.026218 0.003365 0.006731 0.006737 0.006774 0.002611 0.026218 -0.003365 -0.006731 -0.006737 0.000000 
1.050000e-01 1.000000e-01 8.255419e-01 1.050000e-01 1.000000e-01 8.851106e-01 -0.039356 0.005051 0.010104 0.010113 0.010169 0.003919 0.039356 -0.005051 -0.010104 -0.010113 0.000000 
1.050000e-01 1.000000e-01 8.139685e-01 1.050000e-01 1.000000e-01 8.934520e-01 -0.052513 0.006740 0.013482 0.013494 0.013569 0.005229 0.052513 -0.006740 -0.013482 -0.013494 0.000000 
1.050000e-01 1.000000e-01 8.023521e-01 1.050000e-01 1.000000e-01 9.017789e-01 -0.065689 0.008431 0.016864 0.016880 0.016973 0.006541 0.065689 -0.008431 -0.016865 -0.016880 0.000000 
1.050000e-01 1.000000e-01 7.906930e-01 1.050000e-01 1.000000e-01 9.100910e-01 -0.078884 0.010124 0.020252 0.020271 0.020382 0.007855 0.078884 -0.010124 -0.020252 -0.020271 0.000000 
1.050000e-01 1.000000e-01 7.789916e-01 1.050000e-01 1.000000e-01 9.183882e-01 -0.092096 0.011820 0.023644 0.023666 0.023796 0.009170 0.092096 -0.011820 -0.023644 -0.023666 0.000000 
1.050000e-01 1.000000e-01 7.672483e-01 1.050000e-01 1.000000e-01 9.266704e-01 -0.105327 0.013518 0.027040 0.027066 0.027215 0.010488 0.105327 -0.013518 -0.027041 -0.027066 0.000000 
1.050000e-01 9.999999e-02 7.554634e-01 1.050000e-01 1.000000e-01 9.349373e-01 -0.118575 0.015218 0.030442 0.030470 0.030638 0.011807 0.118575 -0.015218 -0.030442 -0.030470 0.000000 
1.050000e-01 9.999999e-02 7.436374e-01 1.050000e-01 1.000000e-01 9.431889e-01 -0.131839 0.016920 0.033847 0.033879 0.034065 0.013128 0.131839 -0.016921 -0.033848 -0.033879 0.000000 
1.050000e-01 9.999999e-02 7.317705e-01 1.050000e-01 1.000000e-01 9.514250e-01 -0.145121 0.018625 0.037257 0.037292 0.037497 0.014450 0.145121 -0.018625 -0.037258 -0.037292 0.000000 
1.050000e-01 9.999999e-02 7.198631e-01 1.050000e-01 1.000000e-01 9.596455e-01 -0.158419 0.020331 0.040671 0.040709 0.040933 0.015774 0.158419 -0.020332 -0.040672 -0.040709 0.000000 
1.050000e-01 9.999999e-02 7.079155e-01 1.050000e-01 1.000000e-01 9.678501e-01 -0.171733 0.022040 0.044089 0.044131 0.044374 0.017100 0.171733 -0.022041 -0.044090 -0.044131 0.000000 
1.050000e-01 9.999998e-02 6.959282e-01 1.050000e-01 1.000000e-01 9.760387e-01 -0.185063 0.023751 0.047511 0.047556 0.047818 0.018428 0.185063 -0.023751 -0.047512 -0.047556 0.000000 
1.050000e-01 9.999998e-02 6.839014e-01 1.050000e-01 1.000000e-01 9.842112e-01 -0.198408 0.025463 0.050937 0.050985 0.051266 0.019756 0.198408 -0.025464 -0.050938 -0.050985 0.000000 
1.050000e-01 9.999998e-02 6.718355e-01 1.050000e-01 1.000000e-01 9.923674e-01 -0.211769 0.027178 0.054367 0.054419 0.054718 0.021087 0.211769 -0.027179 -0.054368 -0.054419 0.000000 
1.050000e-01 9.999997e-02 6.597308e-01 1.050000e-01 1.000000e-01 1.000507e+00 -0.225144 0.028894 0.057800 0.057856 0.058174 0.022419 0.225144 -0.028896 -0.057802 -0.057856 0.000000 
1.050000e-01 9.999996e-02 6.475877e-01 1.050000e-01 1.000000e-01 1.008630e+00 -0.238533 0.030613 0.061238 0.061296 0.061634 0.023752 0.238533 -0.030614 -0.061240 -0.061296 0.000000 
1.050000e-01 9.999996e-02 6.354064e-01 1.050000e-01 1.000000e-01 1.016736e+00 -0.251937 0.032333 0.064679 0.064741 0.065098 0.025087 0.251937 -0.032334 -0.064681 -0.064741 0.000000 
1.050000e-01 9.999995e-02 6.231874e-01 1.050000e-01 1.000000e-01 1.024826e+00 -0.265354 0.034054 0.068123 0.068189 0.068565 0.026423 0.265354 -0.034056 -0.068125 -0.068189 0.000000 
1.050000e-01 9.999994e-02 6.109308e-01 1.050000e-01 1.000000e-01 1.032898e+00 -0.278784 0.035778 0.071571 0.071640 0.072035 0.027760 0.278784 -0.035780 -0.071573 -0.071640 0.000000 
1.050000e-01 9.999992e-02 5.986371e-01 1.050000e-01 1.000000e-01 1.040952e+00 -0.292228 0.037503 0.075022 0.075095 0.075509 0.029099 0.292228 -0.037505 -0.075025 -0.075094 0.000000 
1.050000e-01 9.999991e-02 5.863066e-01 1.050000e-01 1.000000e-01 1.048989e+00 -0.305685 0.039230 0.078476 0.078553 0.078987 0.030439 0.305685 -0.039232 -0.078480 -0.078552 0.000000 
1.050000e-01 9.999989e-02 5.739395e-01 1.050000e-01 1.000000e-01 1.057009e+00 -0.319154 0.040958 0.081933 0.082014 0.082468 0.031781 0.319154 -0.040961 -0.081938 -0.082014 0.000000 
1.050000e-01 9.999986e-02 5.615361e-01 1.050000e-01 1.000000e-01 1.065010e+00 -0.332635 0.042688 0.085394 0.085478 0.085951 0.033123 0.332635 -0.042691 -0.085399 -0.085478 0.000000 
1.050000e-01 9.999983e-02 5.490968e-01 1.050000e-01 1.000000e-01 1.072993e+00 -0.346127 0.044419 0.088857 0.088945 0.089438 0.034467 0.346127 -0.044423 -0.088863 -0.088945 0.000000 
1.050000e-01 9.999980e-02 5.366219e-01 1.050000e-01 1.000000e-01 1.080958e+00 -0.359631 0.046152 0.092324 0.092416 0.092928 0.035812 0.359632 -0.046156 -0.092330 -0.092416 0.000000 
1.050000e-01 9.999975e-02 5.241117e-01 1.050000e-01 1.000000e-01 1.088905e+00 -0.373147 0.047886 0.095793 0.095889 0.096421 0.037159 0.373147 -0.047890 -0.095800 -0.095889 0.000000 
1.050000e-01 9.999970e-02 5.115664e-01 1.050000e-01 1.000000e-01 1.096833e+00 -0.386673 0.049621 0.099264 0.099365 0.099917 0.038506 0.386673 -0.049626 -0.099272 -0.099365 0.000000 
1.050000e-01 9.999964e-02 4.989863e-01 1.050000e-01 1.000000e-01 1.104741e+00 -0.400209 0.051357 0.102738 0.102843 0.103416 0.039854 0.400210 -0.051363 -0.102747 -0.102844 0.000000 
1.050000e-01 9.999956e-02 4.863718e-01 1.050000e-01 1.000000e-01 1.112631e+00 -0.413756 0.053095 0.106215 0.106324 0.106918 0.041204 0.413756 -0.053102 -0.106225 -0.106325 0.000000 
1.050000e-01 9.999947e-02 4.737231e-01 1.050000e-01 1.000000e-01 1.120501e+00 -0.427313 0.054834 0.109694 0.109808 0.110422 0.042555 0.427313 -0.054841 -0.109706 -0.109810 0.000000 
1.050000e-01 9.999935e-02 4.610405e-01 1.050000e-01 1.000000e-01 1.128352e+00 -0.440879 0.056574 0.113175 0.113294 0.113929 0.043906 0.440879 -0.056582 -0.113189 -0.113297 0.000000 
1.050000e-01 9.999921e-02 4.483242e-01 1.050000e-01 1.000000e-01 1.136183e+00 -0.454454 0.058315 0.116659 0.116783 0.117438 0.045259 0.454454 -0.058323 -0.116674 -0.116787 0.000000 
1.050000e-01 9.999905e-02 4.355746e-01 1.050000e-01 1.000000e-01 1.143994e+00 -0.468038 0.060057 0.120144 0.120274 0.120950 0.046613 0.468038 -0.060065 -0.120162 -0.120280 0.000000 
1.050000e-01 9.999884e-02 4.227919e-01 1.050000e-01 1.000000e-01 1.151785e+00 -0.481630 0.061800 0.123632 0.123767 0.124465 0.047967 0.481630 -0.061808 -0.123651 -0.123777 0.000000 
1.050000e-01 9.999859e-02 4.099764e-01 1.049999e-01 1.000000e-01 1.159555e+00 -0.495231 0.063543 0.127121 0.127262 0.127982 0.049323 0.495231 -0.063551 -0.127143 -0.127277 0.000000 
1.050000e-01 9.999828e-02 3.971284e-01 1.049999e-01 1.000000e-01 1.167305e+00 -0.508839 0.065288 0.130612 0.130759 0.131501 0.050680 0.508839 -0.065293 -0.130637 -0.130783 0.000000 
1.050000e-01 9.999790e-02 3.842480e-01 1.049999e-01 1.000000e-01 1.175034e+00 -0.522455 0.067033 0.134104 0.134259 0.135023 0.052037 0.522455 -0.067034 -0.134134 -0.134294 0.000000 
1.050000e-01 9.999744e-02 3.713356e-01 1.049999e-01 1.000000e-01 1.182741e+00 -0.536078 0.068779 0.137598 0.137760 0.138547 0.053396 0.536078 -0.068773 -0.137632 -0.137815 0.000000 
1.050000e-01 9.999687e-02 3.583914e-01 1.049999e-01 1.000000e-01 1.190427e+00 -0.549708 0.070525 0.141093 0.141263 0.142073 0.054755 0.549709 -0.070507 -0.141132 -0.141347 0.000000 
1.050000e-01 9.999619e-02 3.454157e-01 1.049999e-01 1.000000e-01 1.198092e+00 -0.563345 0.072271 0.144589 0.144767 0.145602 0.056116 0.563345 -0.072234 -0.144635 -0.144897 0.000000 
1.050000e-01 9.999534e-02 3.324087e-01 1.049999e-01 1.000000e-01 1.205734e+00 -0.576988 0.074018 0.148087 0.148274 0.149132 0.057477 0.576988 -0.073951 -0.148141 -0.148472 0.000000 
1.050000e-01 9.999431e-02 3.193707e-01 1.049999e-01 1.000000e-01 1.213355e+00 -0.590636 0.075766 0.151585 0.151782 0.152665 0.058839 0.590636 -0.075650 -0.151649 -0.152084 0.000000 
1.050000e-01 9.999304e-02 3.063019e-01 1.049998e-01 1.000000e-01 1.220953e+00 -0.604290 0.077513 0.155083 0.155292 0.156201 0.060202 0.604291 -0.077322 -0.155161 -0.155754 0.000000 
1.050000e-01 9.999149e-02 2.932025e-01 1.049998e-01 1.000000e-01 1.228528e+00 -0.617950 0.079260 0.158583 0.158803 0.159738 0.061567 0.617950 -0.078952 -0.158677 -0.159510 0.000000 
1.050000e-01 9.998959e-02 2.800728e-01 1.049998e-01 1.000000e-01 1.236080e+00 -0.631614 0.081007 0.162082 0.162315 0.163278 0.062932 0.631614 -0.080519 -0.162200 -0.163394 0.000000 
1.050000e-01 9.998727e-02 2.669130e-01 1.049998e-01 1.000000e-01 1.243610e+00 -0.645283 0.082754 0.165582 0.165829 0.166820 0.064298 0.645283 -0.081986 -0.165730 -0.167486 0.000000 
1.050000e-01 9.998444e-02 2.537233e-01 1.049997e-01 1.000000e-01 1.251115e+00 -0.658957 0.084501 0.169082 0.169345 0.170365 0.065665 0.658957 -0.083304 -0.169271 -0.171882 0.000000 
1.050000e-01 9.998098e-02 2.405039e-01 1.049997e-01 1.000000e-01 1.258597e+00 -0.672634 0.086246 0.172581 0.172862 0.173912 0.067033 0.672634 -0.084395 -0.172823 -0.176750 0.000000 
1.050000e-01 9.997679e-02 2.272550e-01 1.049996e-01 1.000000e-01 1.266055e+00 -0.686315 0.087991 0.176080 0.176380 0.177462 0.068402 0.686315 -0.085129 -0.176386 -0.182372 0.000000 
1.050000e-01 9.997174e-02 2.139768e-01 1.049996e-01 1.000000e-01 1.273488e+00 -0.700000 0.089735 0.179578 0.179900 0.181015 0.069773 0.700001 -0.085341 -0.179948 -0.189129 0.000000 
1.050000e-01 9.996572e-02 2.006693e-01 1.049995e-01 1.000000e-01 1.280897e+00 -0.713689 0.091478 0.183075 0.183422 0.184570 0.071144 0.713689 -0.084756 -0.183473 -0.197692 0.000000 
1.050000e-01 9.995864e-02 1.873328e-01 1.049995e-01 1.000000e-01 1.288281e+00 -0.727381 0.093220 0.186571 0.186946 0.188129 0.072517 0.727382 -0.082962 -0.186843 -0.209188 0.000000 
1.050000e-01 9.995058e-02 1.739672e-01 1.049994e-01 1.000000e-01 1.295640e+00 -0.741078 0.094959 0.190066 0.190472 0.191691 0.073891 0.741078 -0.079451 -0.189773 -0.225302 0.000000 
1.050000e-01 9.994194e-02 1.605721e-01 1.049993e-01 1.000000e-01 1.302973e+00 -0.754779 0.096697 0.193559 0.194000 0.195257 0.075267 0.754780 -0.073467 -0.191520 -0.249169 0.000000 
1.050000e-01 9.993449e-02 1.471460e-01 1.049992e-01 1.000000e-01 1.310280e+00 -0.768492 0.098433 0.197052 0.197533 0.198829 0.076645 0.768492 -0.064038 -0.190127 -0.286770 0.000000 
1.050000e-01 9.993558e-02 1.336803e-01 1.049991e-01 1.000000e-01 1.317561e+00 -0.782241 0.100170 0.200552 0.201078 0.202414 0.078027 0.782241 -0.050288 -0.181030 -0.348779 0.000000 
1.050000e-01 9.997719e-02 1.201344e-01 1.049990e-01 1.000000e-01 1.324815e+00 -0.796151 0.101925 0.204089 0.204667 0.206044 0.079427 0.796151 -0.031241 -0.152919 -0.457989 0.000000 
1.050000e-01 1.001538e-01 1.063416e-01 1.049988e-01 1.000000e-01 1.332043e+00 -0.810821 0.103772 0.207817 0.208455 0.209875 0.080903 0.810822 -0.005074 -0.075802 -0.669636 0.000000 
1.050000e-01 1.003095e-01 9.749517e-02 1.049986e-01 1.000000e-01 1.339243e+00 -0.822752 0.105262 0.210838 0.211543 0.213002 0.082108 0.822752 0.015917 0.014735 -0.885970 0.000000 
1.050000e-01 1.003095e-01 9.749517e-02 1.049985e-01 1.000000e-01 1.346416e+00 -0.827491 0.105823 0.212007 0.212788 0.214276 0.082597 0.827491 0.015308 0.013519 -0.887188 0.000000 
1.050000e-01 1.003095e-01 9.749517e-02 1.049982e-01 1.000000e-01 1.353561e+00 -0.832211 0.106375 0.213166 0.214035 0.215551 0.083085 0.832212 0.014702 0.012307 -0.888401 0.000000 
1.050000e-01 1.003095e-01 9.749517e-02 1.049980e-01 1.000000e-01 1.360678e+00 -0.836913 0.106916 0.214314 0.215285 0.216827 0.083572 0.836914 0.014099 0.011100 -0.889610 0.000000 
1.050000e-01 1.003095e-01 9.749517e-02 1.049977e-01 1.000000e-01 1.367767e+00 -0.841596 0.107444 0.215451 0.216541 0.218105 0.084057 0.841597 0.013498 0.009897 -0.890813 0.000000 
1.050000e-01 1.003095e-01 9.749517e-02 1.049974e-01 1.000000e-01 1.374826e+00 -0.846260 0.107959 0.216575 0.217804 0.219384 0.084539 0.846261 0.012899 0.008700 -0.892011 0.000000 
1.050000e-01 1.003095e-01 9.749517e-02 1.049971e-01 1.000000e-01 1.381856e+00 -0.850905 0.108456 0.217686 0.219079 0.220667 0.085018 0.850905 0.012303 0.007507 -0.893205 0.000000 
1.050000e-01 1.003095e-01 9.749517e-02 1.049967e-01 1.000000e-01 1.388856e+00 -0.855530 0.108936 0.218783 0.220366 0.221952 0.085493 0.855530 0.011710 0.006320 -0.894393 0.000000 
1.050000e-01 1.003095e-01 9.749517e-02 1.049962e-01 1.000000e-01 1.395827e+00 -0.860135 0.109394 0.219865 0.221673 0.223241 0.085963 0.860135 0.011119 0.005138 -0.895577 0.000000 
1.050000e-01 1.003095e-01 9.749517e-02 1.049957e-01 1.000000e-01 1.402767e+00 -0.864720 0.109826 0.220930 0.223005 0.224534 0.086426 0.864720 0.010530 0.003961 -0.896755 0.000000 
1.050000e-01 1.003095e-01 9.749517e-02 1.049952e-01 1.000000e-01 1.409676e+00 -0.869285 0.110231 0.221978 0.224365 0.225831 0.086880 0.869285 0.009944 0.002789 -0.897928 0.000000 
1.050000e-01 1.003095e-01 9.749517e-02 1.049945e-01 1.000000e-01 1.416553e+00 -0.873829 0.110599 0.223006 0.225769 0.227135 0.087321 0.873829 0.009361 0.001622 -0.899096 0.000000 
1.050000e-01 1.003095e-01 9.749517e-02 1.049938e-01 1.000000e-01 1.423400e+00 -0.878352 0.110927 0.224014 0.227222 0.228443 0.087747 0.878352 0.008781 0.000461 -0.900258 0.000000 
1.050000e-01 1.003095e-01 9.749517e-02 1.049930e-01 1.000000e-01 1.430214e+00 -0.882854 0.111210 0.225000 0.228734 0.229756 0.088154 0.882854 0.008203 -0.000695 -0.901415 0.000000 
1.050000e-01 1.003095e-01 9.749517e-02 1.049920e-01 1.000000e-01 1.436995e+00 -0.887335 0.111431 0.225960 0.230334 0.231076 0.088534 0.887335 0.007628 -0.001845 -0.902566 0.000000 
1.050000e-01 1.003095e-01 9.749517e-02 1.049910e-01 1.000000e-01 1.443744e+00 -0.891794 0.111589 0.226894 0.232026 0.232400 0.088885 0.891794 0.007055 -0.002990 -0.903712 0.000000 
1.050000e-01 1.003095e-01 9.749517e-02 1.049898e-01 1.000000e-01 1.450460e+00 -0.896230 0.111670 0.227798 0.233839 0.233729 0.089195 0.896231 0.006486 -0.004129 -0.904852 0.000000 
1.050000e-01 1.003095e-01 9.749517e-02 1.049885e-01 1.000000e-01 1.457142e+00 -0.900645 0.111650 0.228666 0.235818 0.235061 0.089452 0.900645 0.005919 -0.005263 -0.905987 0.000000 
1.050000e-01 1.003095e-01 9.749517e-02 1.049870e-01 1.000000e-01 1.463789e+00 -0.905037 0.111525 0.229497 0.237975 0.236393 0.089648 0.905038 0.005356 -0.006390 -0.907116 0.000000 
1.050000e-01 1.003095e-01 9.749517e-02 1.049854e-01 1.000000e-01 1.470402e+00 -0.909407 0.111272 0.230283 0.240362 0.237722 0.089768 0.909407 0.004795 -0.007512 -0.908238 0.000000 
1.050000e-01 1.003095e-01 9.749517e-02 1.049835e-01 1.000000e-01 1.476980e+00 -0.913753 0.110851 0.231012 0.243066 0.239044 0.089781 0.913753 0.004237 -0.008628 -0.909355 0.000000 
1.050000e-01 1.003095e-01 9.749517e-02 1.049815e-01 1.000000e-01 1.483522e+00 -0.918076 0.110256 0.231678 0.246112 0.240350 0.089681 0.918076 0.003682 -0.009738 -0.910466 0.000000 
1.050000e-01 1.003095e-01 9.749517e-02 1.049792e-01 1.000000e-01 1.490029e+00 -0.922375 0.109458 0.232269 0.249576 0.241631 0.089441 0.922375 0.003131 -0.010841 -0.911571 0.000000 
1.050000e-01 1.003095e-01 9.749517e-02 1.049766e-01 1.000000e-01 1.496498e+00 -0.926651 0.108376 0.232746 0.253666 0.242865 0.088998 0.926651 0.002582 -0.011939 -0.912670 0.000000 
1.050000e-01 1.003095e-01 9.749517e-02 1.049738e-01 1.000000e-01 1.502931e+00 -0.930902 0.107010 0.233096 0.258416 0.244035 0.088345 0.930902 0.002036 -0.013030 -0.913762 0.000000 
1.050000e-01 1.003095e-01 9.749517e-02 1.049707e-01 1.000000e-01 1.509324e+00 -0.935127 0.105318 0.233282 0.263975 0.245111 0.087442 0.935127 0.001494 -0.014115 -0.914848 0.000000 
1.050000e-01 1.003095e-01 9.749517e-02 1.049674e-01 1.000000e-01 1.515677e+00 -0.939326 0.103214 0.233227 0.270640 0.246033 0.086212 0.939326 0.000955 -0.015193 -0.915927 0.000000 
1.050000e-01 1.003095e-01 9.749517e-02 1.049637e-01 1.000000e-01 1.521990e+00 -0.943499 0.100635 0.232841 0.278706 0.246725 0.084592 0.943499 0.000419 -0.016265 -0.916999 0.000000 
1.050000e-01 1.003095e-01 9.749517e-02 1.049596e-01 1.000000e-01 1.528262e+00 -0.947645 0.097559 0.232037 0.288393 0.247105 0.082551 0.947645 -0.000113 -0.017329 -0.918065 0.000000 
1.050000e-01 1.003095e-01 9.749517e-02 1.049553e-01 1.000000e-01 1.534493e+00 -0.951766 0.093928 0.230666 0.300108 0.247037 0.080027 0.951766 -0.000642 -0.018387 -0.919123 0.000000 
1.050000e-01 1.003095e-01 9.749517e-02 1.049504e-01 1.000000e-01 1.540682e+00 -0.955860 0.089616 0.228424 0.314684 0.246245 0.076892 0.955860 -0.001167 -0.019438 -0.920175 0.000000 
1.050000e-01 1.003095e-01 9.749517e-02 1.049448e-01 1.000000e-01 1.546829e+00 -0.959929 0.084573 0.224974 0.332904 0.244396 0.073081 0.959929 -0.001689 -0.020483 -0.921221 0.000000 
1.050000e-01 1.003095e-01 9.749517e-02 1.049379e-01 1.000000e-01 1.552935e+00 -0.963975 0.078793 0.219947 0.355571 0.241094 0.068571 0.963975 -0.002209 -0.021522 -0.922261 0.000000 
1.050000e-01 1.003095e-01 9.749517e-02 1.049286e-01 1.000000e-01 1.559002e+00 -0.968003 0.072229 0.212760 0.384012 0.235704 0.063299 0.968003 -0.002726 -0.022556 -0.923296 0.000000 
1.050000e-01 1.003095e-01 9.749517e-02 1.049143e-01 1.000000e-01 1.565032e+00 -0.972023 0.064836 0.202603 0.420086 0.227291 0.057207 0.972023 -0.003241 -0.023588 -0.924329 0.000000 
1.050000e-01 1.003095e-01 9.749517e-02 1.048903e-01 1.000000e-01 1.571034e+00 -0.976061 0.056438 0.187657 0.468170 0.213687 0.050108 0.976062 -0.003760 -0.024625 -0.925367 0.000000 
1.050000e-01 1.003095e-01 9.749517e-02 1.048480e-01 1.000000e-01 1.577025e+00 -0.980159 0.047083 0.166837 0.530980 0.193219 0.042040 0.980159 -0.004286 -0.025677 -0.926420 0.000000 
1.050000e-01 1.003095e-01 9.749517e-02 1.047751e-01 1.000000e-01 1.583033e+00 -0.984395 0.036613 0.138117 0.613931 0.162877 0.032857 0.984395 -0.004829 -0.026764 -0.927508 0.000000 
1.050000e-01 1.003095e-01 9.749517e-02 1.046635e-01 1.000000e-01 1.589109e+00 -0.988900 0.024744 0.098948 0.724131 0.118772 0.022305 0.988900 -0.005408 -0.027921 -0.928666 0.000000 
1.050000e-01 1.003095e-01 9.749517e-02 1.045363e-01 1.000000e-01 1.595301e+00 -0.993852 0.011071 0.046532 0.869483 0.056733 0.010032 0.993852 -0.006043 -0.029192 -0.929938 0.000000 
1.050000e-01 1.003095e-01 9.749517e-02 1.045050e-01 1.000000e-01 1.597624e+00 -0.995837 0.005467 0.023297 0.933728 0.028380 0.004965 0.995837 -0.006298 -0.029702 -0.930449 0.000000 
1.050000e-01 1.003095e-01 9.749517e-02 1.045050e-01 1.000000e-01 1.597624e+00 -0.995837 0.005467 0.023297 0.933728 0.028380 0.004965 0.995837 -0.006298 -0.029702 -0.930449 0.000000 
1.050000e-01 1.003095e-01 9.749517e-02 1.045050e-01 1.000000e-01 1.597624e+00 -0.995837 0.005467 0.023297 0.933728 0.028380 0.004965 0.995837 -0.006298 -0.029702 -0.930449 0.000000 
1.050000e-01 1.003095e-01 9.749517e-02 1.045050e-01 1.000000e-01 1.597624e+00 -0.995837 0.005467 0.023297 0.933728 0.028380 0.004965 0.995837 -0.006298 -0.029702 -0.930449 0.000000 
1.050000e-01 1.003095e-01 9.749517e-02 1.045050e-01 1.000000e-01 1.597624e+00 -0.995837 0.005467 0.023297 0.933728 0.028380 0.004965 0.995837 -0.006298 -0.029702 -0.930449 0.000000 
1.050000e-01 1.003095e-01 9.749517e-02 1.045050e-01 1.000000e-01 1.597624e+00 -0.995837 0.005467 0.023297 0.933728 0.028380 0.004965 0.995837 -0.006298 -0.029702 -0.930449 0.000000 
1.050000e-01 1.003095e-01 9.749517e-02 1.045050e-01 1.000000e-01 1.597624e+00 -0.995837 0.005467 0.023297 0.933728 0.028380 0.004965 0.995837 -0.006298 -0.029702 -0.930449 0.000000 
1.050000e-01 1.003095e-01 9.749517e-02 1.045050e-01 1.000000e-01 1.597624e+00 -0.995837 0.005467 0.023297 0.933728 0.028380 0.004965 0.995837 -0.006298 -0.029702 -0.930449 0.000000 
1.050000e-01 1.003095e-01 9.749517e-02 1.045050e-01 1.000000e-01 1.597624e+00 -0.995837 0.005467 0.023297 0.933728 0.028380 0.004965 0.995837 -0.006298 -0.029702 -0.930449 0.000000 
1.050000e-01 1.003095e-01 9.749517e-02 1.045050e-01 1.000000e-01 1.597624e+00 -0.995837 0.005467 0.023297 0.933728 0.028380 0.004965 0.995837 -0.006298 -0.029702 -0.930449 0.000000 
1.050000e-01 1.003095e-01 9.749517e-02 1.045050e-01 1.000000e-01 1.597624e+00 -0.995837 0.005467 0.023297 0.933728 0.028380 0.004965 0.995837 -0.006298 -0.029702 -0.930449 0.000000 
1.050000e-01 1.003095e-01 9.749517e-02 1.045050e-01 1.000000e-01 1.597624e+00 -0.995837 0.005467 0.023297 0.933728 0.028380 0.004965 0.995837 -0.006298 -0.029702 -0.930449 0.000000 
1.050000e-01 1.003095e-01 9.749517e-02 1.045050e-01 1.000000e-01 1.597624e+00 -0.995837 0.005467 0.023297 0.933728 0.028380 0.004965 0.995837 -0.006298 -0.029702 -0.930449 0.000000 
1.050000e-01 1.003095e-01 9.749517e-02 1.045050e-01 1.000000e-01 1.597624e+00 -0.995837 0.005467 0.023297 0.933728 0.028380 0.004965 0.995837 -0.006298 -0.029702 -0.930449 0.000000 
1.050000e-01 1.003095e-01 9.749517e-02 1.045050e-01 1.000000e-01 1.597624e+00 -0.995837 0.005467 0.023297 0.933728 0.028380 0.004965 0.995837 -0.006298 -0.029702 -0.930449 0.000000 
1.050000e-01 1.003095e-01 9.749517e-02 1.045050e-01 1.000000e-01 1.597624e+00 -0.995837 0.005467 0.023297 0.933728 0.028380 0.004965 0.995837 -0.006298 -0.029702 -0.930449 0.000000 
1.050000e-01 1.003095e-01 9.749517e-02 1.045050e-01 1.000000e-01 1.597624e+00 -0.995837 0.005467 0.023297 0.933728 0.028380 0.004965 0.995837 -0.006298 -0.029702 -0.930449 0.000000 
1.050000e-01 1.003095e-01 9.749517e-02 1.045050e-01 1.000000e-01 1.597624e+00 -0.995837 0.005467 0.023297 0.933728 0.028380 0.004965 0.995837 -0.006298 -0.029702 -0.930449 0.000000 
1.050000e-01 1.003095e-01 9.749517e-02 1.045050e-01 1.000000e-01 1.597624e+00 -0.995837 0.005467 0.023297 0.933728 0.028380 0.004965 0.995837 -0.006298 -0.029702 -0.930449 0.000000 
1.050000e-01 1.003095e-01 9.749517e-02 1.045050e-01 1.000000e-01 1.597624e+00 -0.995837 0.005467 0.023297 0.933728 0.028380 0.004965 0.995837 -0.006298 -0.029702 -0.930449 0.000000 
1.050000e-01 1.003095e-01 9.749517e-02 1.045050e-01 1.000000e-01 1.597624e+00 -0.995837 0.005467 0.023297 0.933728 0.028380 0.004965 0.995837 -0.006298 -0.029702 -0.930449 0.000000 
1.050000e-01 1.003095e-01 9.749517e-02 1.045050e-01 1.000000e-01 1.597624e+00 -0.995837 0.005467 0.023297 0.933728 0.028380 0.004965 0.995837 -0.006298 -0.029702 -0.930449 0.000000 
1.050000e-01 1.003095e-01 9.749517e-02 1.045050e-01 1.000000e-01 1.597624e+00 -0.995837 0.005467 0.023297 0.933728 0.028380 0.004965 0.995837 -0.006298 -0.029702 -0.930449 0.000000 
1.050000e-01 1.003095e-01 9.749517e-02 1.045050e-01 1.000000e-01 1.597624e+00 -0.995837 0.005467 0.023297 0.933728 0.028380 0.004965 0.995837 -0.006298 -0.029702 -0.930449 0.000000 
1.050000e-01 1.003095e-01 9.749517e-02 1.045050e-01 1.000000e-01 1.597624e+00 -0.995837 0.005467 0.023297 0.933728 0.028380 0.004965 0.995837 -0.006298 -0.029702 -0.930449 0.000000 
1.050000e-01 1.003095e-01 9.749517e-02 1.045050e-01 1.000000e-01 1.597624e+00 -0.995837 0.005467 0.023297 0.933728 0.028380 0.004965 0.995837 -0.006298 -0.029702 -0.930449 0.000000 
1.050000e-01 1.003095e-01 9.749517e-02 1.045050e-01 1.000000e-01 1.597624e+00 -0.995837 0.005467 0.023297 0.933728 0.028380 0.004965 0.995837 -0.006298 -0.029702 -0.930449 0.000000 
1.050000e-01 1.003095e-01 9.749517e-02 1.045050e-01 1.000000e-01 1.597624e+00 -0.995837 0.005467 0.023297 0.933728 0.028380 0.004965 0.995837 -0.006298 -0.029702 -0.930449 0.000000 
1.050000e-01 1.003095e-01 9.749517e-02 1.045050e-01 1.000000e-01 1.597624e+00 -0.995837 0.005467 0.023297 0.933728 0.028380 0.004965 0.995837 -0.006298 -0.029702 -0.930449 0.000000 
1.050000e-01 1.003095e-01 9.749517e-02 1.045050e-01 1.000000e-01 1.597624e+00 -0.995837 0.005467 0.023297 0.933728 0.028380 0.004965 0.995837 -0.006298 -0.029702 -0.930449 0.000000 
1.050000e-01 1.003095e-01 9.749517e-02 1.045050e-01 1.000000e-01 1.597624e+00 -0.995837 0.005467 0.023297 0.933728 0.028380 0.004965 0.995837 -0.006298 -0.029702 -0.930449 0.000000 
1.050000e-01 1.003095e-01 9.749517e-02 1.045050e-01 1.000000e-01 1.597624e+00 -0.995837 0.005467 0.023297 0.933728 0.028380 0.004965 0.995837 -0.006298 -0.029702 -0.930449 0.000000 
1.050000e-01 1.003095e-01 9.749517e-02 1.045050e-01 1.000000e-01 1.597624e+00 -0.995837 0.005467 0.023297 0.933728 0.028380 0.004965 0.995837 -0.006298 -0.029702 -0.930449 0.000000 
1.050000e-01 1.003095e-01 9.749517e-02 1.045050e-01 1.000000e-01 1.597624e+00 -0.995837 0.005467 0.023297 0.933728 0.028380 0.004965 0.995837 -0.006298 -0.029702 -0.930449 0.000000 
1.050000e-01 1.003095e-01 9.749517e-02 1.045050e-01 1.000000e-01 1.597624e+00 -0.995837 0.005467 0.023297 0.933728 0.028380 0.004965 0.995837 -0.006298 -0.029702 -0.930449 0.000000 
1.050000e-01 1.003095e-01 9.749517e-02 1.045050e-01 1.000000e-01 1.597624e+00 -0.995837 0.005467 0.023297 0.933728 0.028380 0.004965 0.995837 -0.006298 -0.029702 -0.930449 0.000000 
1.050000e-01 1.003095e-01 9.749517e-02 1.045050e-01 1.000000e-01 1.597624e+00 -0.995837 0.005467 0.023297 0.933728 0.028380 0.004965 0.995837 -0.006298 -0.029702 -0.930449 0.000000 
1.050000e-01 1.003095e-01 9.749517e-02 1.045050e-01 1.000000e-01 1.597624e+00 -0.995837 0.005467 0.023297 0.933728 0.028380 0.004965 0.995837 -0.006298 -0.029702 -0.930449 0.000000 
1.050000e-01 1.003095e-01 9.749517e-02 1.045050e-01 1.000000e-01 1.597624e+00 -0.995837 0.005467 0.023297 0.933728 0.028380 0.004965 0.995837 -0.006298 -0.029702 -0.930449 0.000000 
1.050000e-01 1.003095e-01 9.749517e-02 1.045050e-01 1.000000e-01 1.597624e+00 -0.995837 0.005467 0.023297 0.933728 0.028380 0.004965 0.995837 -0.006298 -0.029702 -0.930449 0.000000 
1.050000e-01 1.003095e-01 9.749517e-02 1.045050e-01 1.000000e-01 1.597624e+00 -0.995837 0.005467 0.023297 0.933728 0.028380 0.004965 0.995837 -0.006298 -0.029702 -0.930449 0.000000 
1.050000e-01 1.003095e-01 9.749517e-02 1.045050e-01 1.000000e-01 1.597624e+00 -0.995837 0.005467 0.023297 0.933728 0.028380 0.004965 0.995837 -0.006298 -0.029702 -0.930449 0.000000 
1.050000e-01 1.003095e-01 9.749517e-02 1.045050e-01 1.000000e-01 1.597624e+00 -0.995837 0.005467 0.023297 0.933728 0.028380 0.004965 0.995837 -0.006298 -0.029702 -0.930449 0.000000 
1.050000e-01 1.003095e-01 9.749517e-02 1.045050e-01 1.000000e-01 1.597624e+00 -0.995837 0.005467 0.023297 0.933728 0.028380 0.004965 0.995837 -0.006298 -0.029702 -0.930449 0.000000 
1.050000e-01 1.003095e-01 9.749517e-02 1.045050e-01 1.000000e-01 1.597624e+00 -0.995837 0.005467 0.023297 0.933728 0.028380 0.004965 0.995837 -0.006298 -0.029702 -0.930449 0.000000 
1.050000e-01 1.003095e-01 9.749517e-02 1.045050e-01 1.000000e-01 1.597624e+00 -0.995837 0.005467 0.023297 0.933728 0.028380 0.004965 0.995837 -0.006298 -0.029702 -0.930449 0.000000 
1.050000e-01 1.003095e-01 9.749517e-02 1.045050e-01 1.000000e-01 1.597624e+00 -0.995837 0.005467 0.023297 0.933728 0.028380 0.004965 0.995837 -0.006298 -0.029702 -0.930449 0.000000 
1.050000e-01 1.003095e-01 9.749517e-02 1.045050e-01 1.000000e-01 1.597624e+00 -0.995837 0.005467 0.023297 0.933728 0.028380 0.004965 0.995837 -0.006298 -0.029702 -0.930449 0.000000 
1.050000e-01 1.003095e-01 9.749517e-02 1.045050e-01 1.000000e-01 1.597624e+00 -0.995837 0.005467 0.023297 0.933728 0.028380 0.004965 0.995837 -0.006298 -0.029702 -0.930449 0.000000 
1.050000e-01 1.003095e-01 9.749517e-02 1.045050e-01 1.000000e-01 1.597624e+00 -0.995837 0.005467 0.023297 0.933728 0.028380 0.004965 0.995837 -0.006298 -0.029702 -0.930449 0.000000 
1.050000e-01 1.003095e-01 9.749517e-02 1.045050e-01 1.000000e-01 1.597624e+00 -0.995837 0.005467 0.023297 0.933728 0.028380 0.004965 0.995837 -0.006298 -0.029702 -0.930449 0.000000 
1.050000e-01 1.003095e-01 9.749517e-02 1.045050e-01 1.000000e-01 1.597624e+00 -0.995837 0.005467 0.023297 0.933728 0.028380 0.004965 0.995837 -0.006298 -0.029702 -0.930449 0.000000 
1.050000e-01 1.003095e-01 9.749517e-02 1.045050e-01 1.000000e-01 1.597624e+00 -0.995837 0.005467 0.023297 0.933728 0.028380 0.004965 0.995837 -0.006298 -0.029702 -0.930449 0.000000 
1.050000e-01 1.003095e-01 9.749517e-02 1.045050e-01 1.000000e-01 1.597624e+00 -0.995837 0.005467 0.023297 0.933728 0.028380 0.004965 0.995837 -0.006298 -0.029702 -0.930449 0.000000 
1.050000e-01 1.003095e-01 9.749517e-02 1.045050e-01 1.000000e-01 1.597624e+00 -0.995837 0.005467 0.023297 0.933728 0.028380 0.004965 0.995837 -0.006298 -0.029702 -0.930449 0.000000 
1.050000e-01 1.003095e-01 9.749517e-02 1.045050e-01 1.000000e-01 1.597624e+00 -0.995837 0.005467 0.023297 0.933728 0.028380 0.004965 0.995837 -0.006298 -0.029702 -0.930449 0.000000 
1.050000e-01 1.003095e-01 9.749517e-02 1.045050e-01 1.000000e-01 1.597624e+00 -0.995837 0.005467 0.023297 0.933728 0.028380 0.004965 0.995837 -0.006298 -0.029702 -0.930449 0.000000 
1.050000e-01 1.003095e-01 9.749517e-02 1.045050e-01 1.000000e-01 1.597624e+00 -0.995837 0.005467 0.023297 0.933728 0.028380 0.004965 0.995837 -0.006298 -0.029702 -0.930449 0.000000 
1.050000e-01 1.003095e-01 9.749517e-02 1.045050e-01 1.000000e-01 1.597624e+00 -0.995837 0.005467 0.023297 0.933728 0.028380 0.004965 0.995837 -0.006298 -0.029702 -0.930449 0.000000 
1.050000e-01 1.003095e-01 9.749517e-02 1.045050e-01 1.000000e-01 1.597624e+00 -0.995837 0.005467 0.023297 0.933728 0.028380 0.004965 0.995837 -0.006298 -0.029702 -0.930449 0.000000 
1.050000e-01 1.003095e-01 9.749517e-02 1.045050e-01 1.000000e-01 1.597624e+00 -0.995837 0.005467 0.023297 0.933728 0.028380 0.004965 0.995837 -0.006298 -0.029702 -0.930449 0.000000 
1.050000e-01 1.003095e-01 9.749517e-02 1.045050e-01 1.000000e-01 1.597624e+00 -0.995837 0.005467 0.023297 0.933728 0.028380 0.004965 0.995837 -0.006298 -0.029702 -0.930449 0.000000 
1.050000e-01 1.003095e-01 9.749517e-02 1.045050e-01 1.000000e-01 1.597624e+00 -0.995837 0.005467 0.023297 0.933728 0.028380 0.004965 0.995837 -0.006298 -0.029702 -0.930449 0.000000 
1.050000e-01 1.003095e-01 9.749517e-02 1.045050e-01 1.000000e-01 1.597624e+00 -0.995837 0.005467 0.023297 0.933728 0.028380 0.004965 0.995837 -0.006298 -0.029702 -0.930449 0.000000 
1.050000e-01 1.003095e-01 9.749517e-02 1.045050e-01 1.000000e-01 1.597624e+00 -0.995837 0.005467 0.023297 0.933728 0.028380 0.004965 0.995837 -0.006298 -0.029702 -0.930449 0.000000 
1.050000e-01 1.003095e-01 9.749517e-02 1.045050e-01 1.000000e-01 1.597624e+00 -0.995837 0.005467 0.023297 0.933728 0.028380 0.004965 0.995837 -0.006298 -0.029702 -0.930449 0.000000 
1.050000e-01 1.003095e-01 9.749517e-02 1.045050e-01 1.000000e-01 1.597624e+00 -0.995837 0.005467 0.023297 0.933728 0.028380 0.004965 0.995837 -0.006298 -0.029702 -0.930449 0.000000 
1.050000e-01 1.003095e-01 9.749517e-02 1.045050e-01 1.000000e-01 1.597624e+00 -0.995837 0.005467 0.023297 0.933728 0.028380 0.004965 0.995837 -0.006298 -0.029702 -0.930449 0.000000 
1.050000e-01 1.003095e-01 9.749517e-02 1.045050e-01 1.000000e-01 1.597624e+00 -0.995837 0.005467 0.023297 0.933728 0.028380 0.004965 0.995837 -0.006298 -0.029702 -0.930449 0.000000 
1.050000e-01 1.003095e-01 9.749517e-02 1.045050e-01 1.000000e-01 1.597624e+00 -0.995837 0.005467 0.023297 0.933728 0.028380 0.004965 0.995837 -0.006298 -0.029702 -0.930449 0.000000 
1.050000e-01 1.003095e-01 9.749517e-02 1.045050e-01 1.000000e-01 1.597624e+00 -0.995837 0.005467 0.023297 0.933728 0.028380 0.004965 0.995837 -0.006298 -0.029702 -0.930449 0.000000 
1.050000e-01 1.003095e-01 9.749517e-02 1.045050e-01 1.000000e-01 1.597624e+00 -0.995837 0.005467 0.023297 0.933728 0.028380 0.004965 0.995837 -0.006298 -0.029702 -0.930449 0.000000 
1.050000e-01 1.003095e-01 9.749517e-02 1.045050e-01 1.000000e-01 1.597624e+00 -0.995837 0.005467 0.023297 0.933728 0.028380 0.004965 0.995837 -0.006298 -0.029702 -0.930449 0.000000 
1.050000e-01 1.003095e-01 9.749517e-02 1.045050e-01 1.000000e-01 1.597624e+00 -0.995837 0.005467 0.023297 0.933728 0.028380 0.004965 0.995837 -0.006298 -0.029702 -0.930449 0.000000 
1.050000e-01 1.003095e-01 9.749517e-02 1.045050e-01 1.000000e-01 1.597624e+00 -0.995837 0.005467 0.023297 0.933728 0.028380 0.004965 0.995837 -0.006298 -0.029702 -0.930449 0.000000 
1.050000e-01 1.003095e-01 9.749517e-02 1.045050e-01 1.000000e-01 1.597624e+00 -0.995837 0.005467 0.023297 0.933728 0.028380 0.004965 0.995837 -0.006298 -0.029702 -0.930449 0.000000 
1.050000e-01 1.003095e-01 9.749517e-02 1.045050e-01 1.000000e-01 1.597624e+00 -0.995837 0.005467 0.023297 0.933728 0.028380 0.004965 0.995837 -0.006298 -0.029702 -0.930449 0.000000 
1.050000e-01 1.003095e-01 9.749517e-02 1.045050e-01 1.000000e-01 1.597624e+00 -0.995837 0.005467 0.023297 0.933728 0.028380 0.004965 0.995837 -0.006298 -0.029702 -0.930449 0.000000 
1.050000e-01 1.003095e-01 9.749517e-02 1.045050e-01 1.000000e-01 1.597624e+00 -0.995837 0.005467 0.023297 0.933728 0.028380 0.004965 0.995837 -0.006298 -0.029702 -0.930449 0.000000 
1.050000e-01 1.003095e-01 9.749517e-02 1.045050e-01 1.000000e-01 1.597624e+00 -0.995837 0.005467 0.023297 0.933728 0.028380 0.004965 0.995837 -0.006298 -0.029702 -0.930449 0.000000 
1.050000e-01 1.003095e-01 9.749517e-02 1.045050e-01 1.000000e-01 1.597624e+00 -0.995837 0.005467 0.023297 0.933728 0.028380 0.004965 0.995837 -0.006298 -0.029702 -0.930449 0.000000 
1.050000e-01 1.003095e-01 9.749517e-02 1.045050e-01 1.000000e-01 1.597624e+00 -0.995837 0.005467 0.023297 0.933728 0.028380 0.004965 0.995837 -0.006298 -0.029702 -0.930449 0.000000 
1.050000e-01 1.003095e-01 9.749517e-02 1.045050e-01 1.000000e-01 1.597624e+00 -0.995837 0.005467 0.023297 0.933728 0.028380 0.004965 0.995837 -0.006298 -0.029702 -0.930449 0.000000 
1.050000e-01 1.003095e-01 9.749517e-02 1.045050e-01 1.000000e-01 1.597624e+00 -0.995837 0.005467 0.023297 0.933728 0.028380 0.004965 0.995837 -0.006298 -0.029702 -0.930449 0.000000 
1.050000e-01 1.003095e-01 9.749517e-02 1.045050e-01 1.000000e-01 1.597624e+00 -0.995837 0.005467 0.023297 0.933728 0.028380 0.004965 0.995837 -0.006298 -0.029702 -0.930449 0.000000 
1.050000e-01 1.003095e-01 9.749517e-02 1.045050e-01 1.000000e-01 1.597624e+00 -0.995837 0.005467 0.023297 0.933728 0.028380 0.004965 0.995837 -0.006298 -0.029702 -0.930449 0.000000 
1.050000e-01 1.003095e-01 9.749517e-02 1.045050e-01 1.000000e-01 1.597624e+00 -0.995837 0.005467 0.023297 0.933728 0.028380 0.004965 0.995837 -0.006298 -0.029702 -0.930449 0.000000 
1.050000e-01 1.003095e-01 9.749517e-02 1.045050e-01 1.000000e-01 1.597624e+00 -0.995837 0.005467 0.023297 0.933728 0.028380 0.004965 0.995837 -0.006298 -0.029702 -0.930449 0.000000 
1.050000e-01 1.003095e-01 9.749517e-02 1.045050e-01 1.000000e-01 1.597624e+00 -0.995837 0.005467 0.023297 0.933728 0.028380 0.004965 0.995837 -0.006298 -0.029702 -0.930449 0.000000 
1.050000e-01 1.003095e-01 9.749517e-02 1.045050e-01 1.000000e-01 1.597624e+00 -0.995837 0.005467 0.023297 0.933728 0.028380 0.004965 0.995837 -0.006298 -0.029702 -0.930449 0.000000 
1.050000e-01 1.003095e-01 9.749517e-02 1.045050e-01 1.000000e-01 1.597624e+00 -0.995837 0.005467 0.023297 0.933728 0.028380 0.004965 0.995837 -0.006298 -0.029702 -0.930449 0.000000 
1.050000e-01 1.003095e-01 9.749517e-02 1.045050e-01 1.000000e-01 1.597624e+00 -0.995837 0.005467 0.023297 0.933728 0.028380 0.004965 0.995837 -0.006298 -0.029702 -0.930449 0.000000 
1.050000e-01 1.003095e-01 9.749517e-02 1.045050e-01 1.000000e-01 1.597624e+00 -0.995837 0.005467 0.023297 0.933728 0.028380 0.004965 0.995837 -0.006298 -0.029702 -0.930449 0.000000 
1.050000e-01 1.003095e-01 9.749517e-02 1.045050e-01 1.000000e-01 1.597624e+00 -0.995837 0.005467 0.023297 0.933728 0.028380 0.004965 0.995837 -0.006298 -0.029702 -0.930449 0.000000 
1.050000e-01 1.003095e-01 9.749517e-02 1.045050e-01 1.000000e-01 1.597624e+00 -0.995837 0.005467 0.023297 0.933728 0.028380 0.004965 0.995837 -0.006298 -0.029702 -0.930449 0.000000 
1.050000e-01 1.003095e-01 9.749517e-02 1.045050e-01 1.000000e-01 1.597624e+00 -0.995837 0.005467 0.023297 0.933728 0.028380 0.004965 0.995837 -0.006298 -0.029702 -0.930449 0.000000 
1.050000e-01 1.003095e-01 9.749517e-02 1.045050e-01 1.000000e-01 1.597624e+00 -0.995837 0.005467 0.023297 0.933728 0.028380 0.004965 0.995837 -0.006298 -0.029702 -0.930449 0.000000 
1.050000e-01 1.003095e-01 9.749517e-02 1.045050e-01 1.000000e-01 1.597624e+00 -0.995837 0.005467 0.023297 0.933728 0.028380 0.004965 0.995837 -0.006298 -0.029702 -0.930449 0.000000 
1.050000e-01 1.003095e-01 9.749517e-02 1.045050e-01 1.000000e-01 1.597624e+00 -0.995837 0.005467 0.023297 0.933728 0.028380 0.004965 0.995837 -0.006298 -0.029702 -0.930449 0.000000 
1.050000e-01 1.003095e-01 9.749517e-02 1.045050e-01 1.000000e-01 1.597624e+00 -0.995837 0.005467 0.023297 0.933728 0.028380 0.004965 0.995837 -0.006298 -0.029702 -0.930449 0.000000 
1.050000e-01 1.003095e-01 9.749517e-02 1.045050e-01 1.000000e-01 1.597624e+00 -0.995837 0.005467 0.023297 0.933728 0.028380 0.004965 0.995837 -0.006298 -0.029702 -0.930449 0.000000 
1.050000e-01 1.003095e-01 9.749517e-02 1.045050e-01 1.000000e-01 1.597624e+00 -0.995837 0.005467 0.023297 0.933728 0.028380 0.004965 0.995837 -0.006298 -0.029702 -0.930449 0.000000 
1.050000e-01 1.003095e-01 9.749517e-02 1.045050e-01 1.000000e-01 1.597624e+00 -0.995837 0.005467 0.023297 0.933728 0.028380 0.004965 0.995837 -0.006298 -0.029702 -0.930449 0.000000 
1.050000e-01 1.003095e-01 9.749517e-02 1.045050e-01 1.000000e-01 1.597624e+00 -0.995837 0.005467 0.023297 0.933728 0.028380 0.004965 0.995837 -0.006298 -0.029702 -0.930449 0.000000 
1.050000e-01 1.003095e-01 9.749517e-02 1.045050e-01 1.000000e-01 1.597624e+00 -0.995837 0.005467 0.023297 0.933728 0.028380 0.004965 0.995837 -0.006298 -0.029702 -0.930449 0.000000 
1.050000e-01 1.003095e-01 9.749517e-02 1.045050e-01 1.000000e-01 1.597624e+00 -0.995837 0.005467 0.023297 0.933728 0.028380 0.004965 0.995837 -0.006298 -0.029702 -0.930449 0.000000 
1.050000e-01 1.003095e-01 9.749517e-02 1.045050e-01 1.000000e-01 1.597624e+00 -0.995837 0.005467 0.023297 0.933728 0.028380 0.004965 0.995837 -0.006298 -0.029702 -0.930449 0.000000 
1.050000e-01 1.003095e-01 9.749517e-02 1.045050e-01 1.000000e-01 1.597624e+00 -0.995837 0.005467 0.023297 0.933728 0.028380 0.004965 0.995837 -0.006298 -0.029702 -0.930449 0.000000 
1.050000e-01 1.003095e-01 9.749517e-02 1.045050e-01 1.000000e-01 1.597624e+00 -0.995837 0.005467 0.023297 0.933728 0.028380 0.004965 0.995837 -0.006298 -0.029702 -0.930449 0.000000 
1.050000e-01 1.003095e-01 9.749517e-02 1.045050e-01 1.000000e-01 1.597624e+00 -0.995837 0.005467 0.023297 0.933728 0.028380 0.004965 0.995837 -0.006298 -0.029702 -0.930449 0.000000 
1.050000e-01 1.003095e-01 9.749517e-02 1.045050e-01 1.000000e-01 1.597624e+00 -0.995837 0.005467 0.023297 0.933728 0.028380 0.004965 0.995837 -0.006298 -0.029702 -0.930449 0.000000 
1.050000e-01 1.003095e-01 9.749517e-02 1.045050e-01 1.000000e-01 1.597624e+00 -0.995837 0.005467 0.023297 0.933728 0.028380 0.004965 0.995837 -0.006298 -0.029702 -0.930449 0.000000 
1.050000e-01 1.003095e-01 9.749517e-02 1.045050e-01 1.000000e-01 1.597624e+00 -0.995837 0.005467 0.023297 0.933728 0.028380 0.004965 0.995837 -0.006298 -0.029702 -0.930449 0.000000 
1.050000e-01 1.003095e-01 9.749517e-02 1.045050e-01 1.000000e-01 1.597624e+00 -0.995837 0.005467 0.023297 0.933728 0.028380 0.004965 0.995837 -0.006298 -0.029702 -0.930449 0.000000 
1.050000e-01 1.003095e-01 9.749517e-02 1.045050e-01 1.000000e-01 1.597624e+00 -0.995837 0.005467 0.023297 0.933728 0.028380 0.004965 0.995837 -0.006298 -0.029702 -0.930449 0.000000 
1.050000e-01 1.003095e-01 9.749517e-02 1.045050e-01 1.000000e-01 1.597624e+00 -0.995837 0.005467 0.023297 0.933728 0.028380 0.004965 0.995837 -0.006298 -0.029702 -0.930449 0.000000 
1.050000e-01 1.003095e-01 9.749517e-02 1.045050e-01 1.000000e-01 1.597624e+00 -0.995837 0.005467 0.023297 0.933728 0.028380 0.004965 0.995837 -0.006298 -0.029702 -0.930449 0.000000 
1.050000e-01 1.003095e-01 9.749517e-02 1.045050e-01 1.000000e-01 1.597624e+00 -0.995837 0.005467 0.023297 0.933728 0.028380 0.004965 0.995837 -0.006298 -0.029702 -0.930449 0.000000 
1.050000e-01 1.003095e-01 9.749517e-02 1.045050e-01 1.000000e-01 1.597624e+00 -0.995837 0.005467 0.023297 0.933728 0.028380 0.004965 0.995837 -0.006298 -0.029702 -0.930449 0.000000 
1.050000e-01 1.003095e-01 9.749517e-02 1.045050e-01 1.000000e-01 1.597624e+00 -0.995837 0.005467 0.023297 0.933728 0.028380 0.004965 0.995837 -0.006298 -0.029702 -0.930449 0.000000 
1.050000e-01 1.003095e-01 9.749517e-02 1.045050e-01 1.000000e-01 1.597624e+00 -0.995837 0.005467 0.023297 0.933728 0.028380 0.004965 0.995837 -0.006298 -0.029702 -0.930449 0.000000 
1.050000e-01 1.003095e-01 9.749517e-02 1.045050e-01 1.000000e-01 1.597624e+00 -0.995837 0.005467 0.023297 0.933728 0.028380 0.004965 0.995837 -0.006298 -0.029702 -0.930449 0.000000 
1.050000e-01 1.003095e-01 9.749517e-02 1.045050e-01 1.000000e-01 1.597624e+00 -0.995837 0.005467 0.023297 0.933728 0.028380 0.004965 0.995837 -0.006298 -0.029702 -0.930449 0.000000 
1.050000e-01 1.003095e-01 9.749517e-02 1.045050e-01 1.000000e-01 1.597624e+00 -0.995837 0.005467 0.023297 0.933728 0.028380 0.004965 0.995837 -0.006298 -0.029702 -0.930449 0.000000 
1.050000e-01 1.003095e-01 9.749517e-02 1.045050e-01 1.000000e-01 1.597624e+00 -0.995837 0.005467 0.023297 0.933728 0.028380 0.004965 0.995837 -0.006298 -0.029702 -0.930449 0.000000 
1.050000e-01 1.003095e-01 9.749517e-02 1.045050e-01 1.000000e-01 1.597624e+00 -0.995837 0.005467 0.023297 0.933728 0.028380 0.004965 0.995837 -0.006298 -0.029702 -0.930449 0.000000 
1.050000e-01 1.003095e-01 9.749517e-02 1.045050e-01 1.000000e-01 1.597624e+00 -0.995837 0.005467 0.023297 0.933728 0.028380 0.004965 0.995837 -0.006298 -0.029702 -0.930449 0.000000 
1.050000e-01 1.003095e-01 9.749517e-02 1.045050e-01 1.000000e-01 1.597624e+00 -0.995837 0.005467 0.023297 0.933728 0.028380 0.004965 0.995837 -0.006298 -0.029702 -0.930449 0.000000 
1.050000e-01 1.003095e-01 9.749517e-02 1.045050e-01 1.000000e-01 1.597624e+00 -0.995837 0.005467 0.023297 0.933728 0.028380 0.004965 0.995837 -0.006298 -0.029702 -0.930449 0.000000 
1.050000e-01 1.003095e-01 9.749517e-02 1.045050e-01 1.000000e-01 1.597624e+00 -0.995837 0.005467 0.023297 0.933728 0.028380 0.004965 0.995837 -0.006298 -0.029702 -0.930449 0.000000 
1.050000e-01 1.003095e-01 9.749517e-02 1.045050e-01 1.000000e-01 1.597624e+00 -0.995837 0.005467 0.023297 0.933728 0.028380 0.004965 0.995837 -0.006298 -0.029702 -0.930449 0.000000 
1.050000e-01 1.003095e-01 9.749517e-02 1.045050e-01 1.000000e-01 1.597624e+00 -0.995837 0.005467 0.023297 0.933728 0.028380 0.004965 0.995837 -0.006298 -0.029702 -0.930449 0.000000 
1.050000e-01 1.003095e-01 9.749517e-02 1.045050e-01 1.000000e-01 1.597624e+00 -0.995837 0.005467 0.023297 0.933728 0.028380 0.004965 0.995837 -0.006298 -0.029702 -0.930449 0.000000 
1.050000e-01 1.003095e-01 9.749517e-02 1.045050e-01 1.000000e-01 1.597624e+00 -0.995837 0.005467 0.023297 0.933728 0.028380 0.004965 0.995837 -0.006298 -0.029702 -0.930449 0.000000 
1.050000e-01 1.003095e-01 9.749517e-02 1.045050e-01 1.000000e-01 1.597624e+00 -0.995837 0.005467 0.023297 0.933728 0.028380 0.004965 0.995837 -0.006298 -0.029702 -0.930449 0.000000 
1.050000e-01 1.003095e-01 9.749517e-02 1.045050e-01 1.000000e-01 1.597624e+00 -0.995837 0.005467 0.023297 0.933728 0.028380 0.004965 0.995837 -0.006298 -0.029702 -0.930449 0.000000 
1.050000e-01 1.003095e-01 9.749517e-02 1.045050e-01 1.000000e-01 1.597624e+00 -0.995837 0.005467 0.023297 0.933728 0.028380 0.004965 0.995837 -0.006298 -0.029702 -0.930449 0.000000 
1.050000e-01 1.003095e-01 9.749517e-02 1.045050e-01 1.000000e-01 1.597624e+00 -0.995837 0.005467 0.023297 0.933728 0.028380 0.004965 0.995837 -0.006298 -0.029702 -0.930449 0.000000 
1.050000e-01 1.003095e-01 9.749517e-02 1.045050e-01 1.000000e-01 1.597624e+00 -0.995837 0.005467 0.023297 0.933728 0.028380 0.004965 0.995837 -0.006298 -0.029702 -0.930449 0.000000 
1.050000e-01 1.003095e-01 9.749517e-02 1.045050e-01 1.000000e-01 1.597624e+00 -0.995837 0.005467 0.023297 0.933728 0.028380 0.004965 0.995837 -0.006298 -0.029702 -0.930449 0.000000 
1.050000e-01 1.003095e-01 9.749517e-02 1.045050e-01 1.000000e-01 1.597624e+00 -0.995837 0.005467 0.023297 0.933728 0.028380 0.004965 0.995837 -0.006298 -0.029702 -0.930449 0.000000 
1.050000e-01 1.003095e-01 9.749517e-02 1.045050e-01 1.000000e-01 1.597624e+00 -0.995837 0.005467 0.023297 0.933728 0.028380 0.004965 0.995837 -0.006298 -0.029702 -0.930449 0.000000 
1.050000e-01 1.003095e-01 9.749517e-02 1.045050e-01 1.000000e-01 1.597624e+00 -0.995837 0.005467 0.023297 0.933728 0.028380 0.004965 0.995837 -0.006298 -0.029702 -0.930449 0.000000 
1.050000e-01 1.003095e-01 9.749517e-02 1.045050e-01 1.000000e-01 1.597624e+00 -0.995837 0.005467 0.023297 0.933728 0.028380 0.004965 0.995837 -0.006298 -0.029702 -0.930449 0.000000 
1.050000e-01 1.003095e-01 9.749517e-02 1.045050e-01 1.000000e-01 1.597624e+00 -0.995837 0.005467 0.023297 0.933728 0.028380 0.004965 0.995837 -0.006298 -0.029702 -0.930449 0.000000 
1.050000e-01 1.003095e-01 9.749517e-02 1.045050e-01 1.000000e-01 1.597624e+00 -0.995837 0.005467 0.023297 0.933728 0.028380 0.004965 0.995837 -0.006298 -0.029702 -0.930449 0.000000 
1.050000e-01 1.003095e-01 9.749517e-02 1.045050e-01 1.000000e-01 1.597624e+00 -0.995837 0.005467 0.023297 0.933728 0.028380 0.004965 0.995837 -0.006298 -0.029702 -0.930449 0.000000 
1.050000e-01 1.003095e-01 9.749517e-02 1.045050e-01 1.000000e-01 1.597624e+00 -0.995837 0.005467 0.023297 0.933728 0.028380 0.004965 0.995837 -0.006298 -0.029702 -0.930449 0.000000 
1.050000e-01 1.003095e-01 9.749517e-02 1.045050e-01 1.000000e-01 1.597624e+00 -0.995837 0.005467 0.023297 0.933728 0.028380 0.004965 0.995837 -0.006298 -0.029702 -0.930449 0.000000 
1.050000e-01 1.003095e-01 9.749517e-02 1.045050e-01 1.000000e-01 1.597624e+00 -0.995837 0.005467 0.023297 0.933728 0.028380 0.004965 0.995837 -0.006298 -0.029702 -0.930449 0.000000 
1.050000e-01 1.003095e-01 9.749517e-02 1.045050e-01 1.000000e-01 1.597624e+00 -0.995837 0.005467 0.023297 0.933728 0.028380 0.004965 0.995837 -0.006298 -0.029702 -0.930449 0.000000 
1.050000e-01 1.003095e-01 9.749517e-02 1.045050e-01 1.000000e-01 1.597624e+00 -0.995837 0.005467 0.023297 0.933728 0.028380 0.004965 0.995837 -0.006298 -0.029702 -0.930449 0.000000 
1.050000e-01 1.003095e-01 9.749517e-02 1.045050e-01 1.000000e-01 1.597624e+00 -0.995837 0.005467 0.023297 0.933728 0.028380 0.004965 0.995837 -0.006298 -0.029702 -0.930449 0.000000 
1.050000e-01 1.003095e-01 9.749517e-02 1.045050e-01 1.000000e-01 1.597624e+00 -0.995837 0.005467 0.023297 0.933728 0.028380 0.004965 0.995837 -0.006298 -0.029702 -0.930449 0.000000 
1.050000e-01 1.003095e-01 9.749517e-02 1.045050e-01 1.000000e-01 1.597624e+00 -0.995837 0.005467 0.023297 0.933728 0.028380 0.004965 0.995837 -0.006298 -0.029702 -0.930449 0.000000 
1.050000e-01 1.003095e-01 9.749517e-02 1.045050e-01 1.000000e-01 1.597624e+00 -0.995837 0.005467 0.023297 0.933728 0.028380 0.004965 0.995837 -0.006298 -0.029702 -0.930449 0.000000 
1.050000e-01 1.003095e-01 9.749517e-02 1.045050e-01 1.000000e-01 1.597624e+00 -0.995837 0.005467 0.023297 0.933728 0.028380 0.004965 0.995837 -0.006298 -0.029702 -0.930449 0.000000 
1.050000e-01 1.003095e-01 9.749517e-02 1.045050e-01 1.000000e-01 1.597624e+00 -0.995837 0.005467 0.023297 0.933728 0.028380 0.004965 0.995837 -0.006298 -0.029702 -0.930449 0.000000 
1.050000e-01 1.003095e-01 9.749517e-02 1.045050e-01 1.000000e-01 1.597624e+00 -0.995837 0.005467 0.023297 0.933728 0.028380 0.004965 0.995837 -0.006298 -0.029702 -0.930449 0.000000 
1.050000e-01 1.003095e-01 9.749517e-02 1.045050e-01 1.000000e-01 1.597624e+00 -0.995837 0.005467 0.023297 0.933728 0.028380 0.004965 0.995837 -0.006298 -0.029702 -0.930449 0.000000 
1.050000e-01 1.003095e-01 9.749517e-02 1.045050e-01 1.000000e-01 1.597624e+00 -0.995837 0.005467 0.023297 0.933728 0.028380 0.004965 0.995837 -0.006298 -0.029702 -0.930449 0.000000 
1.050000e-01 1.003095e-01 9.749517e-02 1.045050e-01 1.000000e-01 1.597624e+00 -0.995837 0.005467 0.023297 0.933728 0.028380 0.004965 0.995837 -0.006298 -0.029702 -0.930449 0.000000 
1.050000e-01 1.003095e-01 9.749517e-02 1.045050e-01 1.000000e-01 1.597624e+00 -0.995837 0.005467 0.023297 0.933728 0.028380 0.004965 0.995837 -0.006298 -0.029702 -0.930449 0.000000 
1.050000e-01 1.003095e-01 9.749517e-02 1.045050e-01 1.000000e-01 1.597624e+00 -0.995837 0.005467 0.023297 0.933728 0.028380 0.004965 0.995837 -0.006298 -0.029702 -0.930449 0.000000 
1.050000e-01 1.003095e-01 9.749517e-02 1.045050e-01 1.000000e-01 1.597624e+00 -0.995837 0.005467 0.023297 0.933728 0.028380 0.004965 0.995837 -0.006298 -0.029702 -0.930449 0.000000 
1.050000e-01 1.003095e-01 9.749517e-02 1.045050e-01 1.000000e-01 1.597624e+00 -0.995837 0.005467 0.023297 0.933728 0.028380 0.004965 0.995837 -0.006298 -0.029702 -0.930449 0.000000 
1.050000e-01 1.003095e-01 9.749517e-02 1.045050e-01 1.000000e-01 1.597624e+00 -0.995837 0.005467 0.023297 0.933728 0.028380 0.004965 0.995837 -0.006298 -0.029702 -0.930449 0.000000 
1.050000e-01 1.003095e-01 9.749517e-02 1.045050e-01 1.000000e-01 1.597624e+00 -0.995837 0.005467 0.023297 0.933728 0.028380 0.004965 0.995837 -0.006298 -0.029702 -0.930449 0.000000 
1.050000e-01 1.003095e-01 9.749517e-02 1.045050e-01 1.000000e-01 1.597624e+00 -0.995837 0.005467 0.023297 0.933728 0.028380 0.004965 0.995837 -0.006298 -0.029702 -0.930449 0.000000 
1.050000e-01 1.003095e-01 9.749517e-02 1.045050e-01 1.000000e-01 1.597624e+00 -0.995837 0.005467 0.023297 0.933728 0.028380 0.004965 0.995837 -0.006298 -0.029702 -0.930449 0.000000 
1.050000e-01 1.003095e-01 9.749517e-02 1.045050e-01 1.000000e-01 1.597624e+00 -0.995837 0.005467 0.023297 0.933728 0.028380 0.004965 0.995837 -0.006298 -0.029702 -0.930449 0.000000 
1.050000e-01 1.003095e-01 9.749517e-02 1.045050e-01 1.000000e-01 1.597624e+00 -0.995837 0.005467 0.023297 0.933728 0.028380 0.004965 0.995837 -0.006298 -0.029702 -0.930449 0.000000 
1.050000e-01 1.003095e-01 9.749517e-02 1.045050e-01 1.000000e-01 1.597624e+00 -0.995837 0.005467 0.023297 0.933728 0.028380 0.004965 0.995837 -0.006298 -0.029702 -0.930449 0.000000 
1.050000e-01 1.003095e-01 9.749517e-02 1.045050e-01 1.000000e-01 1.597624e+00 -0.995837 0.005467 0.023297 0.933728 0.028380 0.004965 0.995837 -0.006298 -0.029702 -0.930449 0.000000 
1.050000e-01 1.003095e-01 9.749517e-02 1.045050e-01 1.000000e-01 1.597624e+00 -0.995837 0.005467 0.023297 0.933728 0.028380 0.004965 0.995837 -0.006298 -0.029702 -0.930449 0.000000 
1.050000e-01 1.003095e-01 9.749517e-02 1.045050e-01 1.000000e-01 1.597624e+00 -0.995837 0.005467 0.023297 0.933728 0.028380 0.004965 0.995837 -0.006298 -0.029702 -0.930449 0.000000 
1.050000e-01 1.003095e-01 9.749517e-02 1.045050e-01 1.000000e-01 1.597624e+00 -0.995837 0.005467 0.023297 0.933728 0.028380 0.004965 0.995837 -0.006298 -0.029702 -0.930449 0.000000 
1.050000e-01 1.003095e-01 9.749517e-02 1.045050e-01 1.000000e-01 1.597624e+00 -0.995837 0.005467 0.023297 0.933728 0.028380 0.004965 0.995837 -0.006298 -0.029702 -0.930449 0.000000 
1.050000e-01 1.003095e-01 9.749517e-02 1.045050e-01 1.000000e-01 1.597624e+00 -0.995837 0.005467 0.023297 0.933728 0.028380 0.004965 0.995837 -0.006298 -0.029702 -0.930449 0.000000 
1.050000e-01 1.003095e-01 9.749517e-02 1.045050e-01 1.000000e-01 1.597624e+00 -0.995837 0.005467 0.023297 0.933728 0.028380 0.004965 0.995837 -0.006298 -0.029702 -0.930449 0.000000 
1.050000e-01 1.003095e-01 9.749517e-02 1.045050e-01 1.000000e-01 1.597624e+00 -0.995837 0.005467 0.023297 0.933728 0.028380 0.004965 0.995837 -0.006298 -0.029702 -0.930449 0.000000 
1.050000e-01 1.003095e-01 9.749517e-02 1.045050e-01 1.000000e-01 1.597624e+00 -0.995837 0.005467 0.023297 0.933728 0.028380 0.004965 0.995837 -0.006298 -0.029702 -0.930449 0.000000 
1.050000e-01 1.003095e-01 9.749517e-02 1.045050e-01 1.000000e-01 1.597624e+00 -0.995837 0.005467 0.023297 0.933728 0.028380 0.004965 0.995837 -0.006298 -0.029702 -0.930449 0.000000 
1.050000e-01 1.003095e-01 9.749517e-02 1.045050e-01 1.000000e-01 1.597624e+00 -0.995837 0.005467 0.023297 0.933728 0.028380 0.004965 0.995837 -0.006298 -0.029702 -0.930449 0.000000 
1.050000e-01 1.003095e-01 9.749517e-02 1.045050e-01 1.000000e-01 1.597624e+00 -0.995837 0.005467 0.023297 0.933728 0.028380 0.004965 0.995837 -0.006298 -0.029702 -0.930449 0.000000 
1.050000e-01 1.003095e-01 9.749517e-02 1.045050e-01 1.000000e-01 1.597624e+00 -0.995837 0.005467 0.023297 0.933728 0.028380 0.004965 0.995837 -0.006298 -0.029702 -0.930449 0.000000 
1.050000e-01 1.003095e-01 9.749517e-02 1.045050e-01 1.000000e-01 1.597624e+00 -0.995837 0.005467 0.023297 0.933728 0.028380 0.004965 0.995837 -0.006298 -0.029702 -0.930449 0.000000 
1.050000e-01 1.003095e-01 9.749517e-02 1.045050e-01 1.000000e-01 1.597624e+00 -0.995837 0.005467 0.023297 0.933728 0.028380 0.004965 0.995837 -0.006298 -0.029702 -0.930449 0.000000 
1.050000e-01 1.003095e-01 9.749517e-02 1.045050e-01 1.000000e-01 1.597624e+00 -0.995837 0.005467 0.023297 0.933728 0.028380 0.004965 0.995837 -0.006298 -0.029702 -0.930449 0.000000 
1.050000e-01 1.003095e-01 9.749517e-02 1.045050e-01 1.000000e-01 1.597624e+00 -0.995837 0.005467 0.023297 0.933728 0.028380 0.004965 0.995837 -0.006298 -0.029702 -0.930449 0.000000 
1.050000e-01 1.003095e-01 9.749517e-02 1.045050e-01 1.000000e-01 1.597624e+00 -0.995837 0.005467 0.023297 0.933728 0.028380 0.004965 0.995837 -0.006298 -0.029702 -0.930449 0.000000 
1.050000e-01 1.003095e-01 9.749517e-02 1.045050e-01 1.000000e-01 1.597624e+00 -0.995837 0.005467 0.023297 0.933728 0.028380 0.004965 0.995837 -0.006298 -0.029702 -0.930449 0.000000 
1.050000e-01 1.003095e-01 9.749517e-02 1.045050e-01 1.000000e-01 1.597624e+00 -0.995837 0.005467 0.023297 0.933728 0.028380 0.004965 0.995837 -0.006298 -0.029702 -0.930449 0.000000 
1.050000e-01 1.003095e-01 9.749517e-02 1.045050e-01 1.000000e-01 1.597624e+00 -0.995837 0.005467 0.023297 0.933728 0.028380 0.004965 0.995837 -0.006298 -0.029702 -0.930449 0.000000 
1.050000e-01 1.003095e-01 9.749517e-02 1.045050e-01 1.000000e-01 1.597624e+00 -0.995837 0.005467 0.023297 0.933728 0.028380 0.004965 0.995837 -0.006298 -0.029702 -0.930449 0.000000 
1.050000e-01 1.003095e-01 9.749517e-02 1.045050e-01 1.000000e-01 1.597624e+00 -0.995837 0.005467 0.023297 0.933728 0.028380 0.004965 0.995837 -0.006298 -0.029702 -0.930449 0.000000 
1.050000e-01 1.003095e-01 9.749517e-02 1.045050e-01 1.000000e-01 1.597624e+00 -0.995837 0.005467 0.023297 0.933728 0.028380 0.004965 0.995837 -0.006298 -0.029702 -0.930449 0.000000 
1.050000e-01 1.003095e-01 9.749517e-02 1.045050e-01 1.000000e-01 1.597624e+00 -0.995837 0.005467 0.023297 0.933728 0.028380 0.004965 0.995837 -0.006298 -0.029702 -0.930449 0.000000 
1.050000e-01 1.003095e-01 9.749517e-02 1.045050e-01 1.000000e-01 1.597624e+00 -0.995837 0.005467 0.023297 0.933728 0.028380 0.004965 0.995837 -0.006298 -0.029702 -0.930449 0.000000 
1.050000e-01 1.003095e-01 9.749517e-02 1.045050e-01 1.000000e-01 1.597624e+00 -0.995837 0.005467 0.023297 0.933728 0.028380 0.004965 0.995837 -0.006298 -0.029702 -0.930449 0.000000 
