# TeX TeY TeZ ThX ThY THZ P1 P2
1.250000e-01 1.000000e-01 1.580000e+00 1.250000e-01 1.000000e-01 1.580000e+00 0.000000 0.000000 0.000000 0.000000 0.000000 0.000000 0.000000 0.000000 0.000000 0.000000 0.000000 
1.250882e-01 1.000000e-01 1.573693e+00 1.248005e-01 1.000000e-01 1.585588e+00 -0.007260 -0.014033 -0.036809 0.064594 0.014050 -0.020542 0.007260 -0.000932 -0.001864 -0.001866 0.000000 
1.251295e-01 1.000000e-01 1.567194e+00 1.242684e-01 1.000000e-01 1.590789e+00 -0.014197 -0.027085 -0.070090 0.134729 0.015721 -0.039078 0.014197 -0.001822 -0.003645 -0.003648 0.000000 
1.251517e-01 1.000000e-01 1.560566e+00 1.227064e-01 1.000000e-01 1.595317e+00 -0.020856 -0.039037 -0.099216 0.239181 -0.024475 -0.055596 0.020856 -0.002677 -0.005354 -0.005359 0.000000 
1.251659e-01 1.000000e-01 1.553836e+00 1.210227e-01 1.000000e-01 1.597501e+00 -0.027185 -0.049680 -0.123784 0.369976 -0.100221 -0.069107 0.027185 -0.003489 -0.006979 -0.006986 0.000000 
1.251764e-01 1.000000e-01 1.547014e+00 1.210227e-01 1.000000e-01 1.597501e+00 -0.031688 -0.055875 -0.134383 0.385138 -0.089849 -0.073342 0.031688 -0.004067 -0.008135 -0.008143 0.000000 
1.251849e-01 1.000000e-01 1.540106e+00 1.210227e-01 1.000000e-01 1.597501e+00 -0.036252 -0.061546 -0.143228 0.397888 -0.080500 -0.076362 0.036252 -0.004653 -0.009307 -0.009316 0.000000 
1.251923e-01 1.000000e-01 1.533114e+00 1.210227e-01 1.000000e-01 1.597501e+00 -0.040873 -0.066567 -0.150282 0.408225 -0.072310 -0.078193 0.040873 -0.005246 -0.010493 -0.010503 0.000000 
1.251988e-01 1.000000e-01 1.526039e+00 1.210227e-01 1.000000e-01 1.597501e+00 -0.045548 -0.071070 -0.156116 0.416938 -0.064956 -0.079249 0.045548 -0.005846 -0.011694 -0.011705 0.000000 
1.252045e-01 1.000000e-01 1.518882e+00 1.210227e-01 1.000000e-01 1.597501e+00 -0.050277 -0.075020 -0.160831 0.424177 -0.058405 -0.079644 0.050277 -0.006453 -0.012908 -0.012920 0.000000 
1.252095e-01 1.000000e-01 1.511643e+00 1.210227e-01 1.000000e-01 1.597501e+00 -0.055060 -0.078458 -0.164634 0.430232 -0.052532 -0.079547 0.055060 -0.007067 -0.014136 -0.014149 0.000000 
1.252139e-01 1.000000e-01 1.504324e+00 1.210227e-01 1.000000e-01 1.597501e+00 -0.059896 -0.081445 -0.167722 0.435378 -0.047206 -0.079108 0.059896 -0.007687 -0.015378 -0.015392 0.000000 
1.252177e-01 1.000000e-01 1.496923e+00 1.210227e-01 1.000000e-01 1.597501e+00 -0.064786 -0.083979 -0.170157 0.439718 -0.042394 -0.078403 0.064786 -0.008315 -0.016633 -0.016648 0.000000 
1.252210e-01 1.000000e-01 1.489445e+00 1.210227e-01 1.000000e-01 1.597501e+00 -0.069726 -0.086148 -0.172110 0.443487 -0.037968 -0.077536 0.069726 -0.008949 -0.017901 -0.017918 0.000000 
1.252239e-01 1.000000e-01 1.481891e+00 1.210227e-01 1.000000e-01 1.597501e+00 -0.074717 -0.087944 -0.173598 0.446733 -0.033924 -0.076550 0.074717 -0.009589 -0.019182 -0.019200 0.000000 
1.252264e-01 1.000000e-01 1.474261e+00 1.210227e-01 1.000000e-01 1.597501e+00 -0.079758 -0.089446 -0.174740 0.449614 -0.030168 -0.075502 0.079757 -0.010236 -0.020477 -0.020496 0.000000 
1.252286e-01 1.000000e-01 1.466556e+00 1.210227e-01 1.000000e-01 1.597501e+00 -0.084848 -0.090659 -0.175550 0.452170 -0.026694 -0.074419 0.084847 -0.010890 -0.021783 -0.021804 0.000000 
1.252304e-01 1.000000e-01 1.458776e+00 1.210227e-01 1.000000e-01 1.597501e+00 -0.089987 -0.091635 -0.176096 0.454491 -0.023445 -0.073328 0.089987 -0.011549 -0.023103 -0.023124 0.000000 
1.252320e-01 1.000000e-01 1.450922e+00 1.210227e-01 1.000000e-01 1.597501e+00 -0.095176 -0.092395 -0.176403 0.456618 -0.020401 -0.072244 0.095175 -0.012215 -0.024435 -0.024458 0.000000 
1.252334e-01 1.000000e-01 1.442994e+00 1.210227e-01 1.000000e-01 1.597501e+00 -0.100413 -0.092962 -0.176497 0.458592 -0.017541 -0.071180 0.100412 -0.012887 -0.025779 -0.025803 0.000000 
1.252346e-01 1.000000e-01 1.434993e+00 1.210227e-01 1.000000e-01 1.597501e+00 -0.105698 -0.093372 -0.176418 0.460456 -0.014829 -0.070140 0.105698 -0.013566 -0.027136 -0.027162 0.000000 
1.252356e-01 1.000000e-01 1.426920e+00 1.210227e-01 1.000000e-01 1.597501e+00 -0.111032 -0.093623 -0.176161 0.462220 -0.012271 -0.069134 0.111032 -0.014250 -0.028506 -0.028532 0.000000 
1.252365e-01 1.000000e-01 1.418774e+00 1.210227e-01 1.000000e-01 1.597501e+00 -0.116413 -0.093755 -0.175768 0.463920 -0.009828 -0.068157 0.116413 -0.014941 -0.029887 -0.029915 0.000000 
1.252372e-01 1.000000e-01 1.410556e+00 1.210227e-01 1.000000e-01 1.597501e+00 -0.121842 -0.093774 -0.175246 0.465568 -0.007493 -0.067213 0.121842 -0.015638 -0.031281 -0.031310 0.000000 
1.252379e-01 1.000000e-01 1.402267e+00 1.210227e-01 1.000000e-01 1.597501e+00 -0.127318 -0.093690 -0.174604 0.467174 -0.005259 -0.066303 0.127318 -0.016340 -0.032687 -0.032717 0.000000 
1.252384e-01 1.000000e-01 1.393907e+00 1.210227e-01 1.000000e-01 1.597501e+00 -0.132841 -0.093524 -0.173862 0.468753 -0.003105 -0.065422 0.132841 -0.017049 -0.034105 -0.034137 0.000000 
1.252389e-01 1.000000e-01 1.385477e+00 1.210227e-01 1.000000e-01 1.597501e+00 -0.138410 -0.093281 -0.173027 0.470312 -0.001024 -0.064570 0.138410 -0.017764 -0.035535 -0.035568 0.000000 
1.252393e-01 1.000000e-01 1.376978e+00 1.210227e-01 1.000000e-01 1.597501e+00 -0.144026 -0.092969 -0.172106 0.471856 0.000989 -0.063746 0.144025 -0.018485 -0.036976 -0.037011 0.000000 
1.252396e-01 1.000000e-01 1.368409e+00 1.210227e-01 1.000000e-01 1.597501e+00 -0.149687 -0.092599 -0.171111 0.473393 0.002948 -0.062944 0.149686 -0.019211 -0.038430 -0.038465 0.000000 
1.252399e-01 1.000000e-01 1.359771e+00 1.210227e-01 1.000000e-01 1.597501e+00 -0.155393 -0.092179 -0.170050 0.474925 0.004860 -0.062165 0.155393 -0.019944 -0.039895 -0.039932 0.000000 
1.252402e-01 1.000000e-01 1.351066e+00 1.210227e-01 1.000000e-01 1.597501e+00 -0.161145 -0.091710 -0.168925 0.476456 0.006728 -0.061405 0.161144 -0.020682 -0.041371 -0.041410 0.000000 
1.252404e-01 1.000000e-01 1.342292e+00 1.210227e-01 1.000000e-01 1.597501e+00 -0.166941 -0.091200 -0.167745 0.477988 0.008560 -0.060663 0.166940 -0.021426 -0.042860 -0.042899 0.000000 
1.252406e-01 1.000000e-01 1.333452e+00 1.210227e-01 1.000000e-01 1.597501e+00 -0.172781 -0.090654 -0.166515 0.479523 0.010363 -0.059936 0.172781 -0.022175 -0.044359 -0.044400 0.000000 
1.252408e-01 1.000000e-01 1.324545e+00 1.210227e-01 1.000000e-01 1.597501e+00 -0.178666 -0.090077 -0.165241 0.481063 0.012141 -0.059222 0.178665 -0.022931 -0.045870 -0.045912 0.000000 
1.252409e-01 1.000000e-01 1.315572e+00 1.210227e-01 1.000000e-01 1.597501e+00 -0.184594 -0.089470 -0.163924 0.482610 0.013896 -0.058519 0.184594 -0.023691 -0.047392 -0.047436 0.000000 
1.252410e-01 1.000000e-01 1.306534e+00 1.210227e-01 1.000000e-01 1.597501e+00 -0.190565 -0.088836 -0.162570 0.484163 0.015634 -0.057826 0.190565 -0.024458 -0.048925 -0.048970 0.000000 
1.252411e-01 1.000000e-01 1.297430e+00 1.210227e-01 1.000000e-01 1.597501e+00 -0.196580 -0.088180 -0.161182 0.485724 0.017358 -0.057141 0.196579 -0.025230 -0.050469 -0.050516 0.000000 
1.252412e-01 1.000000e-01 1.288262e+00 1.210227e-01 1.000000e-01 1.597501e+00 -0.202637 -0.087503 -0.159762 0.487293 0.019071 -0.056463 0.202636 -0.026007 -0.052024 -0.052072 0.000000 
1.252413e-01 1.000000e-01 1.279030e+00 1.210227e-01 1.000000e-01 1.597501e+00 -0.208736 -0.086807 -0.158314 0.488871 0.020775 -0.055790 0.208736 -0.026790 -0.053590 -0.053639 0.000000 
1.252414e-01 1.000000e-01 1.269735e+00 1.210227e-01 1.000000e-01 1.597501e+00 -0.214877 -0.086094 -0.156840 0.490458 0.022474 -0.055122 0.214877 -0.027578 -0.055166 -0.055218 0.000000 
1.252414e-01 1.000000e-01 1.260377e+00 1.210227e-01 1.000000e-01 1.597501e+00 -0.221060 -0.085365 -0.155341 0.492054 0.024168 -0.054457 0.221060 -0.028372 -0.056754 -0.056806 0.000000 
1.252415e-01 1.000000e-01 1.250956e+00 1.210227e-01 1.000000e-01 1.597501e+00 -0.227284 -0.084622 -0.153820 0.493659 0.025860 -0.053794 0.227283 -0.029170 -0.058352 -0.058406 0.000000 
1.252415e-01 1.000000e-01 1.241474e+00 1.210227e-01 1.000000e-01 1.597501e+00 -0.233549 -0.083867 -0.152277 0.495274 0.027550 -0.053133 0.233548 -0.029974 -0.059960 -0.060016 0.000000 
1.252415e-01 1.000000e-01 1.231930e+00 1.210227e-01 1.000000e-01 1.597501e+00 -0.239854 -0.083099 -0.150716 0.496899 0.029242 -0.052474 0.239854 -0.030784 -0.061579 -0.061636 0.000000 
1.252416e-01 1.000000e-01 1.222326e+00 1.210227e-01 1.000000e-01 1.597501e+00 -0.246199 -0.082321 -0.149136 0.498533 0.030936 -0.051814 0.246199 -0.031598 -0.063208 -0.063267 0.000000 
1.252416e-01 1.000000e-01 1.212661e+00 1.210227e-01 1.000000e-01 1.597501e+00 -0.252585 -0.081532 -0.147539 0.500177 0.032632 -0.051154 0.252584 -0.032418 -0.064847 -0.064907 0.000000 
1.252416e-01 1.000000e-01 1.202936e+00 1.210227e-01 1.000000e-01 1.597501e+00 -0.259010 -0.080734 -0.145926 0.501830 0.034332 -0.050494 0.259009 -0.033242 -0.066497 -0.066558 0.000000 
1.252416e-01 1.000000e-01 1.193153e+00 1.210227e-01 1.000000e-01 1.597501e+00 -0.265474 -0.079927 -0.144298 0.503494 0.036037 -0.049833 0.265473 -0.034072 -0.068156 -0.068219 0.000000 
1.252416e-01 1.000000e-01 1.183310e+00 1.210227e-01 1.000000e-01 1.597501e+00 -0.271976 -0.079112 -0.142656 0.505166 0.037746 -0.049170 0.271976 -0.034906 -0.069826 -0.069890 0.000000 
1.252416e-01 1.000000e-01 1.173409e+00 1.210227e-01 1.000000e-01 1.597501e+00 -0.278518 -0.078290 -0.141000 0.506849 0.039462 -0.048505 0.278517 -0.035746 -0.071505 -0.071571 0.000000 
1.252417e-01 1.000000e-01 1.163450e+00 1.210227e-01 1.000000e-01 1.597501e+00 -0.285097 -0.077460 -0.139330 0.508541 0.041184 -0.047839 0.285097 -0.036590 -0.073194 -0.073262 0.000000 
1.252417e-01 1.000000e-01 1.153434e+00 1.210227e-01 1.000000e-01 1.597501e+00 -0.291714 -0.076623 -0.137648 0.510242 0.042912 -0.047171 0.291714 -0.037440 -0.074893 -0.074963 0.000000 
1.252417e-01 1.000000e-01 1.143362e+00 1.210227e-01 1.000000e-01 1.597501e+00 -0.298369 -0.075779 -0.135954 0.511954 0.044647 -0.046500 0.298369 -0.038294 -0.076602 -0.076673 0.000000 
1.252417e-01 1.000000e-01 1.133233e+00 1.210227e-01 1.000000e-01 1.597501e+00 -0.305061 -0.074929 -0.134249 0.513674 0.046390 -0.045826 0.305061 -0.039153 -0.078320 -0.078392 0.000000 
1.252417e-01 1.000000e-01 1.123048e+00 1.210227e-01 1.000000e-01 1.597501e+00 -0.311790 -0.074073 -0.132532 0.515404 0.048140 -0.045150 0.311789 -0.040016 -0.080047 -0.080121 0.000000 
1.252417e-01 1.000000e-01 1.112808e+00 1.210227e-01 1.000000e-01 1.597501e+00 -0.318555 -0.073212 -0.130804 0.517143 0.049898 -0.044472 0.318555 -0.040884 -0.081784 -0.081860 0.000000 
1.252417e-01 1.000000e-01 1.102514e+00 1.210227e-01 1.000000e-01 1.597501e+00 -0.325357 -0.072344 -0.129066 0.518891 0.051664 -0.043790 0.325356 -0.041757 -0.083530 -0.083608 0.000000 
1.252417e-01 1.000000e-01 1.092164e+00 1.210227e-01 1.000000e-01 1.597501e+00 -0.332194 -0.071471 -0.127317 0.520649 0.053438 -0.043105 0.332194 -0.042635 -0.085286 -0.085365 0.000000 
1.252417e-01 1.000000e-01 1.081762e+00 1.210227e-01 1.000000e-01 1.597501e+00 -0.339067 -0.070593 -0.125558 0.522415 0.055220 -0.042418 0.339067 -0.043517 -0.087050 -0.087131 0.000000 
1.252417e-01 1.000000e-01 1.071305e+00 1.210227e-01 1.000000e-01 1.597501e+00 -0.345975 -0.069710 -0.123789 0.524191 0.057010 -0.041727 0.345975 -0.044404 -0.088824 -0.088906 0.000000 
1.252417e-01 1.000000e-01 1.060796e+00 1.210227e-01 1.000000e-01 1.597501e+00 -0.352919 -0.068822 -0.122011 0.525975 0.058808 -0.041034 0.352918 -0.045295 -0.090606 -0.090690 0.000000 
1.252417e-01 1.000000e-01 1.050234e+00 1.210227e-01 1.000000e-01 1.597501e+00 -0.359896 -0.067929 -0.120223 0.527768 0.060615 -0.040337 0.359896 -0.046190 -0.092398 -0.092484 0.000000 
1.252417e-01 1.000000e-01 1.039621e+00 1.210227e-01 1.000000e-01 1.597501e+00 -0.366909 -0.067031 -0.118425 0.529570 0.062430 -0.039637 0.366908 -0.047090 -0.094198 -0.094285 0.000000 
1.252417e-01 1.000000e-01 1.028956e+00 1.210227e-01 1.000000e-01 1.597501e+00 -0.373955 -0.066129 -0.116619 0.531381 0.064253 -0.038934 0.373954 -0.047995 -0.096007 -0.096096 0.000000 
1.252417e-01 1.000000e-01 1.018240e+00 1.210227e-01 1.000000e-01 1.597501e+00 -0.381035 -0.065221 -0.114803 0.533201 0.066085 -0.038228 0.381034 -0.048903 -0.097825 -0.097915 0.000000 
1.252417e-01 1.000000e-01 1.007473e+00 1.210227e-01 1.000000e-01 1.597501e+00 -0.388148 -0.064310 -0.112979 0.535029 0.067925 -0.037519 0.388148 -0.049816 -0.099651 -0.099743 0.000000 
1.252417e-01 1.000000e-01 9.966560e-01 1.210227e-01 1.000000e-01 1.597501e+00 -0.395295 -0.063394 -0.111145 0.536865 0.069773 -0.036806 0.395294 -0.050733 -0.101486 -0.101580 0.000000 
1.252417e-01 1.000000e-01 9.857893e-01 1.210227e-01 1.000000e-01 1.597501e+00 -0.402474 -0.062473 -0.109303 0.538710 0.071629 -0.036091 0.402473 -0.051655 -0.103329 -0.103425 0.000000 
1.252417e-01 1.000000e-01 9.748735e-01 1.210227e-01 1.000000e-01 1.597501e+00 -0.409686 -0.061548 -0.107453 0.540564 0.073494 -0.035372 0.409685 -0.052580 -0.105181 -0.105278 0.000000 
1.252417e-01 1.000000e-01 9.639088e-01 1.210227e-01 1.000000e-01 1.597501e+00 -0.416930 -0.060619 -0.105594 0.542425 0.075366 -0.034650 0.416929 -0.053510 -0.107040 -0.107140 0.000000 
1.252417e-01 1.000000e-01 9.528957e-01 1.210227e-01 1.000000e-01 1.597501e+00 -0.424206 -0.059686 -0.103727 0.544295 0.077247 -0.033925 0.424206 -0.054444 -0.108908 -0.109009 0.000000 
1.252417e-01 1.000000e-01 9.418346e-01 1.210227e-01 1.000000e-01 1.597501e+00 -0.431514 -0.058748 -0.101851 0.546173 0.079136 -0.033197 0.431513 -0.055382 -0.110785 -0.110887 0.000000 
1.252417e-01 1.000000e-01 9.307260e-01 1.210227e-01 1.000000e-01 1.597501e+00 -0.438853 -0.057807 -0.099968 0.548059 0.081033 -0.032466 0.438853 -0.056324 -0.112669 -0.112773 0.000000 
1.252417e-01 1.000000e-01 9.195702e-01 1.210227e-01 1.000000e-01 1.597501e+00 -0.446224 -0.056861 -0.098076 0.549953 0.082938 -0.031732 0.446223 -0.057270 -0.114561 -0.114667 0.000000 
1.252417e-01 1.000000e-01 9.083677e-01 1.210227e-01 1.000000e-01 1.597501e+00 -0.453625 -0.055912 -0.096176 0.551855 0.084851 -0.030995 0.453624 -0.058220 -0.116461 -0.116569 0.000000 
1.252417e-01 1.000000e-01 8.971190e-01 1.210227e-01 1.000000e-01 1.597501e+00 -0.461057 -0.054958 -0.094268 0.553765 0.086771 -0.030255 0.461056 -0.059173 -0.118369 -0.118479 0.000000 
1.252417e-01 1.000000e-01 8.858243e-01 1.210227e-01 1.000000e-01 1.597501e+00 -0.468519 -0.054001 -0.092353 0.555682 0.088700 -0.029512 0.468518 -0.060131 -0.120285 -0.120396 0.000000 
1.252417e-01 1.000000e-01 8.744842e-01 1.210227e-01 1.000000e-01 1.597501e+00 -0.476011 -0.053039 -0.090429 0.557608 0.090636 -0.028766 0.476010 -0.061093 -0.122208 -0.122322 0.000000 
1.252417e-01 1.000000e-01 8.630990e-01 1.210227e-01 1.000000e-01 1.597501e+00 -0.483533 -0.052074 -0.088499 0.559540 0.092579 -0.028016 0.483532 -0.062058 -0.124140 -0.124255 0.000000 
1.252417e-01 1.000000e-01 8.516691e-01 1.210227e-01 1.000000e-01 1.597501e+00 -0.491084 -0.051105 -0.086560 0.561481 0.094531 -0.027264 0.491084 -0.063027 -0.126078 -0.126195 0.000000 
1.252417e-01 1.000000e-01 8.401949e-01 1.210227e-01 1.000000e-01 1.597501e+00 -0.498665 -0.050132 -0.084614 0.563429 0.096490 -0.026510 0.498665 -0.064000 -0.128025 -0.128143 0.000000 
1.252417e-01 1.000000e-01 8.286768e-01 1.210227e-01 1.000000e-01 1.597501e+00 -0.506275 -0.049155 -0.082660 0.565385 0.098456 -0.025752 0.506274 -0.064977 -0.129978 -0.130099 0.000000 
1.252417e-01 1.000000e-01 8.171151e-01 1.210227e-01 1.000000e-01 1.597501e+00 -0.513913 -0.048175 -0.080699 0.567347 0.100430 -0.024991 0.513913 -0.065957 -0.131939 -0.132062 0.000000 
1.252417e-01 1.000000e-01 8.055103e-01 1.210227e-01 1.000000e-01 1.597501e+00 -0.521580 -0.047191 -0.078731 0.569318 0.102411 -0.024228 0.521580 -0.066941 -0.133908 -0.134032 0.000000 
1.252417e-01 1.000000e-01 7.938628e-01 1.210227e-01 1.000000e-01 1.597501e+00 -0.529276 -0.046204 -0.076755 0.571295 0.104399 -0.023461 0.529275 -0.067929 -0.135883 -0.136009 0.000000 
1.252417e-01 1.000000e-01 7.821729e-01 1.210227e-01 1.000000e-01 1.597501e+00 -0.536999 -0.045212 -0.074773 0.573280 0.106395 -0.022692 0.536998 -0.068920 -0.137866 -0.137994 0.000000 
1.252417e-01 9.999999e-02 7.704409e-01 1.210227e-01 1.000000e-01 1.597501e+00 -0.544750 -0.044218 -0.072783 0.575272 0.108397 -0.021921 0.544749 -0.069915 -0.139856 -0.139986 0.000000 
1.252417e-01 9.999999e-02 7.586673e-01 1.210227e-01 1.000000e-01 1.597501e+00 -0.552529 -0.043219 -0.070786 0.577271 0.110407 -0.021146 0.552528 -0.070913 -0.141853 -0.141985 0.000000 
1.252417e-01 9.999999e-02 7.468524e-01 1.210227e-01 1.000000e-01 1.597501e+00 -0.560335 -0.042218 -0.068782 0.579276 0.112424 -0.020369 0.560334 -0.071915 -0.143857 -0.143991 0.000000 
1.252417e-01 9.999999e-02 7.349965e-01 1.210227e-01 1.000000e-01 1.597501e+00 -0.568167 -0.041212 -0.066771 0.581289 0.114448 -0.019589 0.568167 -0.072920 -0.145868 -0.146003 0.000000 
1.252417e-01 9.999999e-02 7.231001e-01 1.210227e-01 1.000000e-01 1.597501e+00 -0.576027 -0.040204 -0.064753 0.583309 0.116479 -0.018806 0.576027 -0.073929 -0.147886 -0.148023 0.000000 
1.252417e-01 9.999999e-02 7.111634e-01 1.210227e-01 1.000000e-01 1.597501e+00 -0.583913 -0.039191 -0.062728 0.585336 0.118517 -0.018021 0.583913 -0.074941 -0.149911 -0.150050 0.000000 
1.252417e-01 9.999998e-02 6.991869e-01 1.210227e-01 1.000000e-01 1.597501e+00 -0.591826 -0.038176 -0.060697 0.587369 0.120561 -0.017233 0.591826 -0.075957 -0.151942 -0.152083 0.000000 
1.252417e-01 9.999998e-02 6.871708e-01 1.210227e-01 1.000000e-01 1.597501e+00 -0.599765 -0.037157 -0.058659 0.589409 0.122612 -0.016443 0.599764 -0.076976 -0.153980 -0.154123 0.000000 
1.252417e-01 9.999998e-02 6.751154e-01 1.210227e-01 1.000000e-01 1.597501e+00 -0.607730 -0.036135 -0.056614 0.591456 0.124670 -0.015650 0.607729 -0.077998 -0.156025 -0.156170 0.000000 
1.252417e-01 9.999997e-02 6.630213e-01 1.210227e-01 1.000000e-01 1.597501e+00 -0.615720 -0.035109 -0.054562 0.593509 0.126735 -0.014854 0.615719 -0.079023 -0.158077 -0.158223 0.000000 
1.252417e-01 9.999996e-02 6.508885e-01 1.210227e-01 1.000000e-01 1.597501e+00 -0.623736 -0.034081 -0.052505 0.595569 0.128806 -0.014056 0.623735 -0.080052 -0.160134 -0.160283 0.000000 
1.252417e-01 9.999996e-02 6.387176e-01 1.210227e-01 1.000000e-01 1.597501e+00 -0.631777 -0.033048 -0.050440 0.597635 0.130884 -0.013255 0.631776 -0.081084 -0.162199 -0.162349 0.000000 
1.252417e-01 9.999995e-02 6.265088e-01 1.210227e-01 1.000000e-01 1.597501e+00 -0.639843 -0.032013 -0.048369 0.599708 0.132968 -0.012452 0.639842 -0.082119 -0.164270 -0.164422 0.000000 
1.252417e-01 9.999994e-02 6.142624e-01 1.210227e-01 1.000000e-01 1.597501e+00 -0.647934 -0.030975 -0.046292 0.601787 0.135058 -0.011646 0.647933 -0.083158 -0.166347 -0.166501 0.000000 
1.252417e-01 9.999992e-02 6.019787e-01 1.210227e-01 1.000000e-01 1.597501e+00 -0.656049 -0.029933 -0.044208 0.603873 0.137155 -0.010838 0.656049 -0.084199 -0.168430 -0.168587 0.000000 
1.252417e-01 9.999991e-02 5.896581e-01 1.210227e-01 1.000000e-01 1.597501e+00 -0.664189 -0.028889 -0.042119 0.605964 0.139258 -0.010028 0.664189 -0.085244 -0.170520 -0.170678 0.000000 
1.252417e-01 9.999989e-02 5.773009e-01 1.210227e-01 1.000000e-01 1.597501e+00 -0.672354 -0.027841 -0.040023 0.608062 0.141368 -0.009215 0.672353 -0.086292 -0.172616 -0.172776 0.000000 
1.252417e-01 9.999987e-02 5.649074e-01 1.210227e-01 1.000000e-01 1.597501e+00 -0.680542 -0.026790 -0.037920 0.610166 0.143484 -0.008399 0.680541 -0.087343 -0.174718 -0.174880 0.000000 
1.252417e-01 9.999984e-02 5.524778e-01 1.210227e-01 1.000000e-01 1.597501e+00 -0.688754 -0.025736 -0.035812 0.612277 0.145605 -0.007582 0.688753 -0.088397 -0.176827 -0.176991 0.000000 
1.252417e-01 9.999981e-02 5.400126e-01 1.210227e-01 1.000000e-01 1.597501e+00 -0.696989 -0.024679 -0.033698 0.614393 0.147733 -0.006762 0.696989 -0.089454 -0.178941 -0.179107 0.000000 
1.252417e-01 9.999977e-02 5.275119e-01 1.210227e-01 1.000000e-01 1.597501e+00 -0.705248 -0.023619 -0.031578 0.616515 0.149867 -0.005939 0.705248 -0.090513 -0.181061 -0.181230 0.000000 
1.252417e-01 9.999972e-02 5.149761e-01 1.210227e-01 1.000000e-01 1.597501e+00 -0.713530 -0.022556 -0.029451 0.618644 0.152007 -0.005115 0.713530 -0.091576 -0.183188 -0.183358 0.000000 
1.252417e-01 9.999966e-02 5.024054e-01 1.210227e-01 1.000000e-01 1.597501e+00 -0.721835 -0.021490 -0.027319 0.620778 0.154153 -0.004288 0.721835 -0.092642 -0.185320 -0.185493 0.000000 
1.252417e-01 9.999958e-02 4.898002e-01 1.210227e-01 1.000000e-01 1.597501e+00 -0.730163 -0.020421 -0.025181 0.622918 0.156305 -0.003459 0.730163 -0.093711 -0.187458 -0.187633 0.000000 
1.252417e-01 9.999949e-02 4.771608e-01 1.210227e-01 1.000000e-01 1.597501e+00 -0.738514 -0.019350 -0.023037 0.625064 0.158463 -0.002627 0.738513 -0.094782 -0.189602 -0.189780 0.000000 
1.252417e-01 9.999939e-02 4.644873e-01 1.210227e-01 1.000000e-01 1.597501e+00 -0.746887 -0.018275 -0.020887 0.627215 0.160626 -0.001793 0.746887 -0.095856 -0.191752 -0.191932 0.000000 
1.252417e-01 9.999925e-02 4.517802e-01 1.210227e-01 1.000000e-01 1.597501e+00 -0.755282 -0.017197 -0.018732 0.629373 0.162795 -0.000957 0.755282 -0.096933 -0.193907 -0.194091 0.000000 
1.252417e-01 9.999909e-02 4.390396e-01 1.210227e-01 1.000000e-01 1.597501e+00 -0.763700 -0.016117 -0.016571 0.631536 0.164970 -0.000119 0.763699 -0.098012 -0.196068 -0.196256 0.000000 
1.252417e-01 9.999890e-02 4.262659e-01 1.210227e-01 1.000000e-01 1.597501e+00 -0.772139 -0.015034 -0.014404 0.633704 0.167151 0.000721 0.772139 -0.099094 -0.198235 -0.198428 0.000000 
1.252417e-01 9.999866e-02 4.134592e-01 1.210227e-01 1.000000e-01 1.597501e+00 -0.780600 -0.013948 -0.012232 0.635879 0.169337 0.001564 0.780600 -0.100177 -0.200407 -0.200607 0.000000 
1.252417e-01 9.999837e-02 4.006200e-01 1.210227e-01 1.000000e-01 1.597501e+00 -0.789083 -0.012859 -0.010054 0.638058 0.171529 0.002408 0.789082 -0.101262 -0.202586 -0.202795 0.000000 
1.252417e-01 9.999801e-02 3.877484e-01 1.210227e-01 1.000000e-01 1.597501e+00 -0.797587 -0.011768 -0.007871 0.640244 0.173726 0.003255 0.797586 -0.102347 -0.204769 -0.204992 0.000000 
1.252417e-01 9.999757e-02 3.748446e-01 1.210227e-01 1.000000e-01 1.597501e+00 -0.806112 -0.010674 -0.005682 0.642435 0.175929 0.004104 0.806112 -0.103433 -0.206959 -0.207200 0.000000 
1.252417e-01 9.999704e-02 3.619091e-01 1.210227e-01 1.000000e-01 1.597501e+00 -0.814658 -0.009577 -0.003488 0.644631 0.178137 0.004955 0.814658 -0.104516 -0.209154 -0.209423 0.000000 
1.252417e-01 9.999638e-02 3.489419e-01 1.210227e-01 1.000000e-01 1.597501e+00 -0.823225 -0.008477 -0.001289 0.646832 0.180350 0.005808 0.823225 -0.105595 -0.211355 -0.211665 0.000000 
1.252417e-01 9.999559e-02 3.359434e-01 1.210227e-01 1.000000e-01 1.597501e+00 -0.831813 -0.007375 0.000916 0.649039 0.182569 0.006663 0.831813 -0.106667 -0.213562 -0.213933 0.000000 
1.252417e-01 9.999461e-02 3.229138e-01 1.210227e-01 1.000000e-01 1.597501e+00 -0.840422 -0.006270 0.003126 0.651251 0.184794 0.007520 0.840421 -0.107724 -0.215776 -0.216240 0.000000 
1.252417e-01 9.999341e-02 3.098533e-01 1.210227e-01 1.000000e-01 1.597501e+00 -0.849051 -0.005163 0.005342 0.653469 0.187023 0.008379 0.849050 -0.108761 -0.217997 -0.218599 0.000000 
1.252417e-01 9.999194e-02 2.967622e-01 1.210227e-01 1.000000e-01 1.597501e+00 -0.857700 -0.004053 0.007562 0.655691 0.189258 0.009240 0.857699 -0.109761 -0.220227 -0.221042 0.000000 
1.252417e-01 9.999015e-02 2.836407e-01 1.210227e-01 1.000000e-01 1.597501e+00 -0.866369 -0.002940 0.009788 0.657919 0.191498 0.010104 0.866369 -0.110706 -0.222465 -0.223604 0.000000 
1.252417e-01 9.998795e-02 2.704890e-01 1.210227e-01 1.000000e-01 1.597501e+00 -0.875058 -0.001825 0.012019 0.660152 0.193743 0.010969 0.875058 -0.111568 -0.224715 -0.226347 0.000000 
1.252417e-01 9.998526e-02 2.573074e-01 1.210227e-01 1.000000e-01 1.597501e+00 -0.883767 -0.000707 0.014255 0.662390 0.195993 0.011836 0.883767 -0.112294 -0.226978 -0.229375 0.000000 
1.252417e-01 9.998199e-02 2.440961e-01 1.210227e-01 1.000000e-01 1.597501e+00 -0.892496 0.000413 0.016496 0.664633 0.198249 0.012705 0.892496 -0.112821 -0.229257 -0.232824 0.000000 
1.252417e-01 9.997801e-02 2.308552e-01 1.210227e-01 1.000000e-01 1.597501e+00 -0.901245 0.001536 0.018742 0.666881 0.200509 0.013576 0.901245 -0.113038 -0.231551 -0.236933 0.000000 
1.252417e-01 9.997320e-02 2.175849e-01 1.210227e-01 1.000000e-01 1.597501e+00 -0.910013 0.002661 0.020993 0.669134 0.202775 0.014449 0.910013 -0.112777 -0.233854 -0.242079 0.000000 
1.252417e-01 9.996745e-02 2.042854e-01 1.210227e-01 1.000000e-01 1.597501e+00 -0.918802 0.003789 0.023249 0.671393 0.205045 0.015325 0.918802 -0.111815 -0.236138 -0.248801 0.000000 
1.252417e-01 9.996067e-02 1.909567e-01 1.210227e-01 1.000000e-01 1.597501e+00 -0.927610 0.004920 0.025511 0.673656 0.207321 0.016202 0.927610 -0.109778 -0.238317 -0.258085 0.000000 
1.252417e-01 9.995285e-02 1.775990e-01 1.210227e-01 1.000000e-01 1.597501e+00 -0.936439 0.006053 0.027777 0.675925 0.209603 0.017081 0.936439 -0.106156 -0.240159 -0.271508 0.000000 
1.252417e-01 9.994428e-02 1.642120e-01 1.210227e-01 1.000000e-01 1.597501e+00 -0.945290 0.007189 0.030050 0.678200 0.211890 0.017962 0.945290 -0.100310 -0.241099 -0.291596 0.000000 
1.252417e-01 9.993615e-02 1.507947e-01 1.210227e-01 1.000000e-01 1.597501e+00 -0.954166 0.008328 0.032328 0.680480 0.214183 0.018846 0.954166 -0.091321 -0.239662 -0.323281 0.000000 
1.252417e-01 9.993348e-02 1.373416e-01 1.210227e-01 1.000000e-01 1.597501e+00 -0.963085 0.009473 0.034618 0.682772 0.216487 0.019734 0.963084 -0.078185 -0.232092 -0.376035 0.000000 
1.252417e-01 9.995785e-02 1.238259e-01 1.210227e-01 1.000000e-01 1.597501e+00 -0.972130 0.010634 0.036940 0.685097 0.218824 0.020635 0.972130 -0.060034 -0.209478 -0.468270 0.000000 
1.252417e-01 1.000866e-01 1.101295e-01 1.210227e-01 1.000000e-01 1.597501e+00 -0.981684 0.011860 0.039393 0.687552 0.221293 0.021586 0.981684 -0.035581 -0.149757 -0.641146 0.000000 
1.252417e-01 1.003091e-01 9.749944e-02 1.210227e-01 1.000000e-01 1.597501e+00 -0.991703 0.013146 0.041965 0.690126 0.223882 0.022583 0.991703 -0.005779 -0.028693 -0.929269 0.000000 
1.252417e-01 1.003091e-01 9.749944e-02 1.210227e-01 1.000000e-01 1.597501e+00 -0.991703 0.013146 0.041965 0.690126 0.223882 0.022583 0.991703 -0.005779 -0.028693 -0.929269 0.000000 
1.252417e-01 1.003091e-01 9.749944e-02 1.210227e-01 1.000000e-01 1.597501e+00 -0.991703 0.013146 0.041965 0.690126 0.223882 0.022583 0.991703 -0.005779 -0.028693 -0.929269 0.000000 
1.252417e-01 1.003091e-01 9.749944e-02 1.210227e-01 1.000000e-01 1.597501e+00 -0.991703 0.013146 0.041965 0.690126 0.223882 0.022583 0.991703 -0.005779 -0.028693 -0.929269 0.000000 
1.252417e-01 1.003091e-01 9.749944e-02 1.210227e-01 1.000000e-01 1.597501e+00 -0.991703 0.013146 0.041965 0.690126 0.223882 0.022583 0.991703 -0.005779 -0.028693 -0.929269 0.000000 
1.252417e-01 1.003091e-01 9.749944e-02 1.210227e-01 1.000000e-01 1.597501e+00 -0.991703 0.013146 0.041965 0.690126 0.223882 0.022583 0.991703 -0.005779 -0.028693 -0.929269 0.000000 
1.252417e-01 1.003091e-01 9.749944e-02 1.210227e-01 1.000000e-01 1.597501e+00 -0.991703 0.013146 0.041965 0.690126 0.223882 0.022583 0.991703 -0.005779 -0.028693 -0.929269 0.000000 
1.252417e-01 1.003091e-01 9.749944e-02 1.210227e-01 1.000000e-01 1.597501e+00 -0.991703 0.013146 0.041965 0.690126 0.223882 0.022583 0.991703 -0.005779 -0.028693 -0.929269 0.000000 
1.252417e-01 1.003091e-01 9.749944e-02 1.210227e-01 1.000000e-01 1.597501e+00 -0.991703 0.013146 0.041965 0.690126 0.223882 0.022583 0.991703 -0.005779 -0.028693 -0.929269 0.000000 
1.252417e-01 1.003091e-01 9.749944e-02 1.210227e-01 1.000000e-01 1.597501e+00 -0.991703 0.013146 0.041965 0.690126 0.223882 0.022583 0.991703 -0.005779 -0.028693 -0.929269 0.000000 
1.252417e-01 1.003091e-01 9.749944e-02 1.210227e-01 1.000000e-01 1.597501e+00 -0.991703 0.013146 0.041965 0.690126 0.223882 0.022583 0.991703 -0.005779 -0.028693 -0.929269 0.000000 
1.252417e-01 1.003091e-01 9.749944e-02 1.210227e-01 1.000000e-01 1.597501e+00 -0.991703 0.013146 0.041965 0.690126 0.223882 0.022583 0.991703 -0.005779 -0.028693 -0.929269 0.000000 
1.252417e-01 1.003091e-01 9.749944e-02 1.210227e-01 1.000000e-01 1.597501e+00 -0.991703 0.013146 0.041965 0.690126 0.223882 0.022583 0.991703 -0.005779 -0.028693 -0.929269 0.000000 
1.252417e-01 1.003091e-01 9.749944e-02 1.210227e-01 1.000000e-01 1.597501e+00 -0.991703 0.013146 0.041965 0.690126 0.223882 0.022583 0.991703 -0.005779 -0.028693 -0.929269 0.000000 
1.252417e-01 1.003091e-01 9.749944e-02 1.210227e-01 1.000000e-01 1.597501e+00 -0.991703 0.013146 0.041965 0.690126 0.223882 0.022583 0.991703 -0.005779 -0.028693 -0.929269 0.000000 
1.252417e-01 1.003091e-01 9.749944e-02 1.210227e-01 1.000000e-01 1.597501e+00 -0.991703 0.013146 0.041965 0.690126 0.223882 0.022583 0.991703 -0.005779 -0.028693 -0.929269 0.000000 
1.252417e-01 1.003091e-01 9.749944e-02 1.210227e-01 1.000000e-01 1.597501e+00 -0.991703 0.013146 0.041965 0.690126 0.223882 0.022583 0.991703 -0.005779 -0.028693 -0.929269 0.000000 
1.252417e-01 1.003091e-01 9.749944e-02 1.210227e-01 1.000000e-01 1.597501e+00 -0.991703 0.013146 0.041965 0.690126 0.223882 0.022583 0.991703 -0.005779 -0.028693 -0.929269 0.000000 
1.252417e-01 1.003091e-01 9.749944e-02 1.210227e-01 1.000000e-01 1.597501e+00 -0.991703 0.013146 0.041965 0.690126 0.223882 0.022583 0.991703 -0.005779 -0.028693 -0.929269 0.000000 
1.252417e-01 1.003091e-01 9.749944e-02 1.210227e-01 1.000000e-01 1.597501e+00 -0.991703 0.013146 0.041965 0.690126 0.223882 0.022583 0.991703 -0.005779 -0.028693 -0.929269 0.000000 
1.252417e-01 1.003091e-01 9.749944e-02 1.210227e-01 1.000000e-01 1.597501e+00 -0.991703 0.013146 0.041965 0.690126 0.223882 0.022583 0.991703 -0.005779 -0.028693 -0.929269 0.000000 
1.252417e-01 1.003091e-01 9.749944e-02 1.210227e-01 1.000000e-01 1.597501e+00 -0.991703 0.013146 0.041965 0.690126 0.223882 0.022583 0.991703 -0.005779 -0.028693 -0.929269 0.000000 
1.252417e-01 1.003091e-01 9.749944e-02 1.210227e-01 1.000000e-01 1.597501e+00 -0.991703 0.013146 0.041965 0.690126 0.223882 0.022583 0.991703 -0.005779 -0.028693 -0.929269 0.000000 
1.252417e-01 1.003091e-01 9.749944e-02 1.210227e-01 1.000000e-01 1.597501e+00 -0.991703 0.013146 0.041965 0.690126 0.223882 0.022583 0.991703 -0.005779 -0.028693 -0.929269 0.000000 
1.252417e-01 1.003091e-01 9.749944e-02 1.210227e-01 1.000000e-01 1.597501e+00 -0.991703 0.013146 0.041965 0.690126 0.223882 0.022583 0.991703 -0.005779 -0.028693 -0.929269 0.000000 
1.252417e-01 1.003091e-01 9.749944e-02 1.210227e-01 1.000000e-01 1.597501e+00 -0.991703 0.013146 0.041965 0.690126 0.223882 0.022583 0.991703 -0.005779 -0.028693 -0.929269 0.000000 
1.252417e-01 1.003091e-01 9.749944e-02 1.210227e-01 1.000000e-01 1.597501e+00 -0.991703 0.013146 0.041965 0.690126 0.223882 0.022583 0.991703 -0.005779 -0.028693 -0.929269 0.000000 
1.252417e-01 1.003091e-01 9.749944e-02 1.210227e-01 1.000000e-01 1.597501e+00 -0.991703 0.013146 0.041965 0.690126 0.223882 0.022583 0.991703 -0.005779 -0.028693 -0.929269 0.000000 
1.252417e-01 1.003091e-01 9.749944e-02 1.210227e-01 1.000000e-01 1.597501e+00 -0.991703 0.013146 0.041965 0.690126 0.223882 0.022583 0.991703 -0.005779 -0.028693 -0.929269 0.000000 
1.252417e-01 1.003091e-01 9.749944e-02 1.210227e-01 1.000000e-01 1.597501e+00 -0.991703 0.013146 0.041965 0.690126 0.223882 0.022583 0.991703 -0.005779 -0.028693 -0.929269 0.000000 
1.252417e-01 1.003091e-01 9.749944e-02 1.210227e-01 1.000000e-01 1.597501e+00 -0.991703 0.013146 0.041965 0.690126 0.223882 0.022583 0.991703 -0.005779 -0.028693 -0.929269 0.000000 
1.252417e-01 1.003091e-01 9.749944e-02 1.210227e-01 1.000000e-01 1.597501e+00 -0.991703 0.013146 0.041965 0.690126 0.223882 0.022583 0.991703 -0.005779 -0.028693 -0.929269 0.000000 
1.252417e-01 1.003091e-01 9.749944e-02 1.210227e-01 1.000000e-01 1.597501e+00 -0.991703 0.013146 0.041965 0.690126 0.223882 0.022583 0.991703 -0.005779 -0.028693 -0.929269 0.000000 
1.252417e-01 1.003091e-01 9.749944e-02 1.210227e-01 1.000000e-01 1.597501e+00 -0.991703 0.013146 0.041965 0.690126 0.223882 0.022583 0.991703 -0.005779 -0.028693 -0.929269 0.000000 
1.252417e-01 1.003091e-01 9.749944e-02 1.210227e-01 1.000000e-01 1.597501e+00 -0.991703 0.013146 0.041965 0.690126 0.223882 0.022583 0.991703 -0.005779 -0.028693 -0.929269 0.000000 
1.252417e-01 1.003091e-01 9.749944e-02 1.210227e-01 1.000000e-01 1.597501e+00 -0.991703 0.013146 0.041965 0.690126 0.223882 0.022583 0.991703 -0.005779 -0.028693 -0.929269 0.000000 
1.252417e-01 1.003091e-01 9.749944e-02 1.210227e-01 1.000000e-01 1.597501e+00 -0.991703 0.013146 0.041965 0.690126 0.223882 0.022583 0.991703 -0.005779 -0.028693 -0.929269 0.000000 
1.252417e-01 1.003091e-01 9.749944e-02 1.210227e-01 1.000000e-01 1.597501e+00 -0.991703 0.013146 0.041965 0.690126 0.223882 0.022583 0.991703 -0.005779 -0.028693 -0.929269 0.000000 
1.252417e-01 1.003091e-01 9.749944e-02 1.210227e-01 1.000000e-01 1.597501e+00 -0.991703 0.013146 0.041965 0.690126 0.223882 0.022583 0.991703 -0.005779 -0.028693 -0.929269 0.000000 
1.252417e-01 1.003091e-01 9.749944e-02 1.210227e-01 1.000000e-01 1.597501e+00 -0.991703 0.013146 0.041965 0.690126 0.223882 0.022583 0.991703 -0.005779 -0.028693 -0.929269 0.000000 
1.252417e-01 1.003091e-01 9.749944e-02 1.210227e-01 1.000000e-01 1.597501e+00 -0.991703 0.013146 0.041965 0.690126 0.223882 0.022583 0.991703 -0.005779 -0.028693 -0.929269 0.000000 
1.252417e-01 1.003091e-01 9.749944e-02 1.210227e-01 1.000000e-01 1.597501e+00 -0.991703 0.013146 0.041965 0.690126 0.223882 0.022583 0.991703 -0.005779 -0.028693 -0.929269 0.000000 
1.252417e-01 1.003091e-01 9.749944e-02 1.210227e-01 1.000000e-01 1.597501e+00 -0.991703 0.013146 0.041965 0.690126 0.223882 0.022583 0.991703 -0.005779 -0.028693 -0.929269 0.000000 
1.252417e-01 1.003091e-01 9.749944e-02 1.210227e-01 1.000000e-01 1.597501e+00 -0.991703 0.013146 0.041965 0.690126 0.223882 0.022583 0.991703 -0.005779 -0.028693 -0.929269 0.000000 
1.252417e-01 1.003091e-01 9.749944e-02 1.210227e-01 1.000000e-01 1.597501e+00 -0.991703 0.013146 0.041965 0.690126 0.223882 0.022583 0.991703 -0.005779 -0.028693 -0.929269 0.000000 
1.252417e-01 1.003091e-01 9.749944e-02 1.210227e-01 1.000000e-01 1.597501e+00 -0.991703 0.013146 0.041965 0.690126 0.223882 0.022583 0.991703 -0.005779 -0.028693 -0.929269 0.000000 
1.252417e-01 1.003091e-01 9.749944e-02 1.210227e-01 1.000000e-01 1.597501e+00 -0.991703 0.013146 0.041965 0.690126 0.223882 0.022583 0.991703 -0.005779 -0.028693 -0.929269 0.000000 
1.252417e-01 1.003091e-01 9.749944e-02 1.210227e-01 1.000000e-01 1.597501e+00 -0.991703 0.013146 0.041965 0.690126 0.223882 0.022583 0.991703 -0.005779 -0.028693 -0.929269 0.000000 
1.252417e-01 1.003091e-01 9.749944e-02 1.210227e-01 1.000000e-01 1.597501e+00 -0.991703 0.013146 0.041965 0.690126 0.223882 0.022583 0.991703 -0.005779 -0.028693 -0.929269 0.000000 
1.252417e-01 1.003091e-01 9.749944e-02 1.210227e-01 1.000000e-01 1.597501e+00 -0.991703 0.013146 0.041965 0.690126 0.223882 0.022583 0.991703 -0.005779 -0.028693 -0.929269 0.000000 
1.252417e-01 1.003091e-01 9.749944e-02 1.210227e-01 1.000000e-01 1.597501e+00 -0.991703 0.013146 0.041965 0.690126 0.223882 0.022583 0.991703 -0.005779 -0.028693 -0.929269 0.000000 
1.252417e-01 1.003091e-01 9.749944e-02 1.210227e-01 1.000000e-01 1.597501e+00 -0.991703 0.013146 0.041965 0.690126 0.223882 0.022583 0.991703 -0.005779 -0.028693 -0.929269 0.000000 
1.252417e-01 1.003091e-01 9.749944e-02 1.210227e-01 1.000000e-01 1.597501e+00 -0.991703 0.013146 0.041965 0.690126 0.223882 0.022583 0.991703 -0.005779 -0.028693 -0.929269 0.000000 
1.252417e-01 1.003091e-01 9.749944e-02 1.210227e-01 1.000000e-01 1.597501e+00 -0.991703 0.013146 0.041965 0.690126 0.223882 0.022583 0.991703 -0.005779 -0.028693 -0.929269 0.000000 
1.252417e-01 1.003091e-01 9.749944e-02 1.210227e-01 1.000000e-01 1.597501e+00 -0.991703 0.013146 0.041965 0.690126 0.223882 0.022583 0.991703 -0.005779 -0.028693 -0.929269 0.000000 
1.252417e-01 1.003091e-01 9.749944e-02 1.210227e-01 1.000000e-01 1.597501e+00 -0.991703 0.013146 0.041965 0.690126 0.223882 0.022583 0.991703 -0.005779 -0.028693 -0.929269 0.000000 
1.252417e-01 1.003091e-01 9.749944e-02 1.210227e-01 1.000000e-01 1.597501e+00 -0.991703 0.013146 0.041965 0.690126 0.223882 0.022583 0.991703 -0.005779 -0.028693 -0.929269 0.000000 
1.252417e-01 1.003091e-01 9.749944e-02 1.210227e-01 1.000000e-01 1.597501e+00 -0.991703 0.013146 0.041965 0.690126 0.223882 0.022583 0.991703 -0.005779 -0.028693 -0.929269 0.000000 
1.252417e-01 1.003091e-01 9.749944e-02 1.210227e-01 1.000000e-01 1.597501e+00 -0.991703 0.013146 0.041965 0.690126 0.223882 0.022583 0.991703 -0.005779 -0.028693 -0.929269 0.000000 
1.252417e-01 1.003091e-01 9.749944e-02 1.210227e-01 1.000000e-01 1.597501e+00 -0.991703 0.013146 0.041965 0.690126 0.223882 0.022583 0.991703 -0.005779 -0.028693 -0.929269 0.000000 
1.252417e-01 1.003091e-01 9.749944e-02 1.210227e-01 1.000000e-01 1.597501e+00 -0.991703 0.013146 0.041965 0.690126 0.223882 0.022583 0.991703 -0.005779 -0.028693 -0.929269 0.000000 
1.252417e-01 1.003091e-01 9.749944e-02 1.210227e-01 1.000000e-01 1.597501e+00 -0.991703 0.013146 0.041965 0.690126 0.223882 0.022583 0.991703 -0.005779 -0.028693 -0.929269 0.000000 
1.252417e-01 1.003091e-01 9.749944e-02 1.210227e-01 1.000000e-01 1.597501e+00 -0.991703 0.013146 0.041965 0.690126 0.223882 0.022583 0.991703 -0.005779 -0.028693 -0.929269 0.000000 
1.252417e-01 1.003091e-01 9.749944e-02 1.210227e-01 1.000000e-01 1.597501e+00 -0.991703 0.013146 0.041965 0.690126 0.223882 0.022583 0.991703 -0.005779 -0.028693 -0.929269 0.000000 
1.252417e-01 1.003091e-01 9.749944e-02 1.210227e-01 1.000000e-01 1.597501e+00 -0.991703 0.013146 0.041965 0.690126 0.223882 0.022583 0.991703 -0.005779 -0.028693 -0.929269 0.000000 
1.252417e-01 1.003091e-01 9.749944e-02 1.210227e-01 1.000000e-01 1.597501e+00 -0.991703 0.013146 0.041965 0.690126 0.223882 0.022583 0.991703 -0.005779 -0.028693 -0.929269 0.000000 
1.252417e-01 1.003091e-01 9.749944e-02 1.210227e-01 1.000000e-01 1.597501e+00 -0.991703 0.013146 0.041965 0.690126 0.223882 0.022583 0.991703 -0.005779 -0.028693 -0.929269 0.000000 
1.252417e-01 1.003091e-01 9.749944e-02 1.210227e-01 1.000000e-01 1.597501e+00 -0.991703 0.013146 0.041965 0.690126 0.223882 0.022583 0.991703 -0.005779 -0.028693 -0.929269 0.000000 
1.252417e-01 1.003091e-01 9.749944e-02 1.210227e-01 1.000000e-01 1.597501e+00 -0.991703 0.013146 0.041965 0.690126 0.223882 0.022583 0.991703 -0.005779 -0.028693 -0.929269 0.000000 
1.252417e-01 1.003091e-01 9.749944e-02 1.210227e-01 1.000000e-01 1.597501e+00 -0.991703 0.013146 0.041965 0.690126 0.223882 0.022583 0.991703 -0.005779 -0.028693 -0.929269 0.000000 
1.252417e-01 1.003091e-01 9.749944e-02 1.210227e-01 1.000000e-01 1.597501e+00 -0.991703 0.013146 0.041965 0.690126 0.223882 0.022583 0.991703 -0.005779 -0.028693 -0.929269 0.000000 
1.252417e-01 1.003091e-01 9.749944e-02 1.210227e-01 1.000000e-01 1.597501e+00 -0.991703 0.013146 0.041965 0.690126 0.223882 0.022583 0.991703 -0.005779 -0.028693 -0.929269 0.000000 
1.252417e-01 1.003091e-01 9.749944e-02 1.210227e-01 1.000000e-01 1.597501e+00 -0.991703 0.013146 0.041965 0.690126 0.223882 0.022583 0.991703 -0.005779 -0.028693 -0.929269 0.000000 
1.252417e-01 1.003091e-01 9.749944e-02 1.210227e-01 1.000000e-01 1.597501e+00 -0.991703 0.013146 0.041965 0.690126 0.223882 0.022583 0.991703 -0.005779 -0.028693 -0.929269 0.000000 
1.252417e-01 1.003091e-01 9.749944e-02 1.210227e-01 1.000000e-01 1.597501e+00 -0.991703 0.013146 0.041965 0.690126 0.223882 0.022583 0.991703 -0.005779 -0.028693 -0.929269 0.000000 
1.252417e-01 1.003091e-01 9.749944e-02 1.210227e-01 1.000000e-01 1.597501e+00 -0.991703 0.013146 0.041965 0.690126 0.223882 0.022583 0.991703 -0.005779 -0.028693 -0.929269 0.000000 
1.252417e-01 1.003091e-01 9.749944e-02 1.210227e-01 1.000000e-01 1.597501e+00 -0.991703 0.013146 0.041965 0.690126 0.223882 0.022583 0.991703 -0.005779 -0.028693 -0.929269 0.000000 
1.252417e-01 1.003091e-01 9.749944e-02 1.210227e-01 1.000000e-01 1.597501e+00 -0.991703 0.013146 0.041965 0.690126 0.223882 0.022583 0.991703 -0.005779 -0.028693 -0.929269 0.000000 
1.252417e-01 1.003091e-01 9.749944e-02 1.210227e-01 1.000000e-01 1.597501e+00 -0.991703 0.013146 0.041965 0.690126 0.223882 0.022583 0.991703 -0.005779 -0.028693 -0.929269 0.000000 
1.252417e-01 1.003091e-01 9.749944e-02 1.210227e-01 1.000000e-01 1.597501e+00 -0.991703 0.013146 0.041965 0.690126 0.223882 0.022583 0.991703 -0.005779 -0.028693 -0.929269 0.000000 
1.252417e-01 1.003091e-01 9.749944e-02 1.210227e-01 1.000000e-01 1.597501e+00 -0.991703 0.013146 0.041965 0.690126 0.223882 0.022583 0.991703 -0.005779 -0.028693 -0.929269 0.000000 
1.252417e-01 1.003091e-01 9.749944e-02 1.210227e-01 1.000000e-01 1.597501e+00 -0.991703 0.013146 0.041965 0.690126 0.223882 0.022583 0.991703 -0.005779 -0.028693 -0.929269 0.000000 
1.252417e-01 1.003091e-01 9.749944e-02 1.210227e-01 1.000000e-01 1.597501e+00 -0.991703 0.013146 0.041965 0.690126 0.223882 0.022583 0.991703 -0.005779 -0.028693 -0.929269 0.000000 
1.252417e-01 1.003091e-01 9.749944e-02 1.210227e-01 1.000000e-01 1.597501e+00 -0.991703 0.013146 0.041965 0.690126 0.223882 0.022583 0.991703 -0.005779 -0.028693 -0.929269 0.000000 
1.252417e-01 1.003091e-01 9.749944e-02 1.210227e-01 1.000000e-01 1.597501e+00 -0.991703 0.013146 0.041965 0.690126 0.223882 0.022583 0.991703 -0.005779 -0.028693 -0.929269 0.000000 
1.252417e-01 1.003091e-01 9.749944e-02 1.210227e-01 1.000000e-01 1.597501e+00 -0.991703 0.013146 0.041965 0.690126 0.223882 0.022583 0.991703 -0.005779 -0.028693 -0.929269 0.000000 
1.252417e-01 1.003091e-01 9.749944e-02 1.210227e-01 1.000000e-01 1.597501e+00 -0.991703 0.013146 0.041965 0.690126 0.223882 0.022583 0.991703 -0.005779 -0.028693 -0.929269 0.000000 
1.252417e-01 1.003091e-01 9.749944e-02 1.210227e-01 1.000000e-01 1.597501e+00 -0.991703 0.013146 0.041965 0.690126 0.223882 0.022583 0.991703 -0.005779 -0.028693 -0.929269 0.000000 
1.252417e-01 1.003091e-01 9.749944e-02 1.210227e-01 1.000000e-01 1.597501e+00 -0.991703 0.013146 0.041965 0.690126 0.223882 0.022583 0.991703 -0.005779 -0.028693 -0.929269 0.000000 
1.252417e-01 1.003091e-01 9.749944e-02 1.210227e-01 1.000000e-01 1.597501e+00 -0.991703 0.013146 0.041965 0.690126 0.223882 0.022583 0.991703 -0.005779 -0.028693 -0.929269 0.000000 
1.252417e-01 1.003091e-01 9.749944e-02 1.210227e-01 1.000000e-01 1.597501e+00 -0.991703 0.013146 0.041965 0.690126 0.223882 0.022583 0.991703 -0.005779 -0.028693 -0.929269 0.000000 
1.252417e-01 1.003091e-01 9.749944e-02 1.210227e-01 1.000000e-01 1.597501e+00 -0.991703 0.013146 0.041965 0.690126 0.223882 0.022583 0.991703 -0.005779 -0.028693 -0.929269 0.000000 
1.252417e-01 1.003091e-01 9.749944e-02 1.210227e-01 1.000000e-01 1.597501e+00 -0.991703 0.013146 0.041965 0.690126 0.223882 0.022583 0.991703 -0.005779 -0.028693 -0.929269 0.000000 
1.252417e-01 1.003091e-01 9.749944e-02 1.210227e-01 1.000000e-01 1.597501e+00 -0.991703 0.013146 0.041965 0.690126 0.223882 0.022583 0.991703 -0.005779 -0.028693 -0.929269 0.000000 
1.252417e-01 1.003091e-01 9.749944e-02 1.210227e-01 1.000000e-01 1.597501e+00 -0.991703 0.013146 0.041965 0.690126 0.223882 0.022583 0.991703 -0.005779 -0.028693 -0.929269 0.000000 
1.252417e-01 1.003091e-01 9.749944e-02 1.210227e-01 1.000000e-01 1.597501e+00 -0.991703 0.013146 0.041965 0.690126 0.223882 0.022583 0.991703 -0.005779 -0.028693 -0.929269 0.000000 
1.252417e-01 1.003091e-01 9.749944e-02 1.210227e-01 1.000000e-01 1.597501e+00 -0.991703 0.013146 0.041965 0.690126 0.223882 0.022583 0.991703 -0.005779 -0.028693 -0.929269 0.000000 
1.252417e-01 1.003091e-01 9.749944e-02 1.210227e-01 1.000000e-01 1.597501e+00 -0.991703 0.013146 0.041965 0.690126 0.223882 0.022583 0.991703 -0.005779 -0.028693 -0.929269 0.000000 
1.252417e-01 1.003091e-01 9.749944e-02 1.210227e-01 1.000000e-01 1.597501e+00 -0.991703 0.013146 0.041965 0.690126 0.223882 0.022583 0.991703 -0.005779 -0.028693 -0.929269 0.000000 
1.252417e-01 1.003091e-01 9.749944e-02 1.210227e-01 1.000000e-01 1.597501e+00 -0.991703 0.013146 0.041965 0.690126 0.223882 0.022583 0.991703 -0.005779 -0.028693 -0.929269 0.000000 
1.252417e-01 1.003091e-01 9.749944e-02 1.210227e-01 1.000000e-01 1.597501e+00 -0.991703 0.013146 0.041965 0.690126 0.223882 0.022583 0.991703 -0.005779 -0.028693 -0.929269 0.000000 
1.252417e-01 1.003091e-01 9.749944e-02 1.210227e-01 1.000000e-01 1.597501e+00 -0.991703 0.013146 0.041965 0.690126 0.223882 0.022583 0.991703 -0.005779 -0.028693 -0.929269 0.000000 
1.252417e-01 1.003091e-01 9.749944e-02 1.210227e-01 1.000000e-01 1.597501e+00 -0.991703 0.013146 0.041965 0.690126 0.223882 0.022583 0.991703 -0.005779 -0.028693 -0.929269 0.000000 
1.252417e-01 1.003091e-01 9.749944e-02 1.210227e-01 1.000000e-01 1.597501e+00 -0.991703 0.013146 0.041965 0.690126 0.223882 0.022583 0.991703 -0.005779 -0.028693 -0.929269 0.000000 
1.252417e-01 1.003091e-01 9.749944e-02 1.210227e-01 1.000000e-01 1.597501e+00 -0.991703 0.013146 0.041965 0.690126 0.223882 0.022583 0.991703 -0.005779 -0.028693 -0.929269 0.000000 
1.252417e-01 1.003091e-01 9.749944e-02 1.210227e-01 1.000000e-01 1.597501e+00 -0.991703 0.013146 0.041965 0.690126 0.223882 0.022583 0.991703 -0.005779 -0.028693 -0.929269 0.000000 
1.252417e-01 1.003091e-01 9.749944e-02 1.210227e-01 1.000000e-01 1.597501e+00 -0.991703 0.013146 0.041965 0.690126 0.223882 0.022583 0.991703 -0.005779 -0.028693 -0.929269 0.000000 
1.252417e-01 1.003091e-01 9.749944e-02 1.210227e-01 1.000000e-01 1.597501e+00 -0.991703 0.013146 0.041965 0.690126 0.223882 0.022583 0.991703 -0.005779 -0.028693 -0.929269 0.000000 
1.252417e-01 1.003091e-01 9.749944e-02 1.210227e-01 1.000000e-01 1.597501e+00 -0.991703 0.013146 0.041965 0.690126 0.223882 0.022583 0.991703 -0.005779 -0.028693 -0.929269 0.000000 
1.252417e-01 1.003091e-01 9.749944e-02 1.210227e-01 1.000000e-01 1.597501e+00 -0.991703 0.013146 0.041965 0.690126 0.223882 0.022583 0.991703 -0.005779 -0.028693 -0.929269 0.000000 
1.252417e-01 1.003091e-01 9.749944e-02 1.210227e-01 1.000000e-01 1.597501e+00 -0.991703 0.013146 0.041965 0.690126 0.223882 0.022583 0.991703 -0.005779 -0.028693 -0.929269 0.000000 
1.252417e-01 1.003091e-01 9.749944e-02 1.210227e-01 1.000000e-01 1.597501e+00 -0.991703 0.013146 0.041965 0.690126 0.223882 0.022583 0.991703 -0.005779 -0.028693 -0.929269 0.000000 
1.252417e-01 1.003091e-01 9.749944e-02 1.210227e-01 1.000000e-01 1.597501e+00 -0.991703 0.013146 0.041965 0.690126 0.223882 0.022583 0.991703 -0.005779 -0.028693 -0.929269 0.000000 
1.252417e-01 1.003091e-01 9.749944e-02 1.210227e-01 1.000000e-01 1.597501e+00 -0.991703 0.013146 0.041965 0.690126 0.223882 0.022583 0.991703 -0.005779 -0.028693 -0.929269 0.000000 
1.252417e-01 1.003091e-01 9.749944e-02 1.210227e-01 1.000000e-01 1.597501e+00 -0.991703 0.013146 0.041965 0.690126 0.223882 0.022583 0.991703 -0.005779 -0.028693 -0.929269 0.000000 
1.252417e-01 1.003091e-01 9.749944e-02 1.210227e-01 1.000000e-01 1.597501e+00 -0.991703 0.013146 0.041965 0.690126 0.223882 0.022583 0.991703 -0.005779 -0.028693 -0.929269 0.000000 
1.252417e-01 1.003091e-01 9.749944e-02 1.210227e-01 1.000000e-01 1.597501e+00 -0.991703 0.013146 0.041965 0.690126 0.223882 0.022583 0.991703 -0.005779 -0.028693 -0.929269 0.000000 
1.252417e-01 1.003091e-01 9.749944e-02 1.210227e-01 1.000000e-01 1.597501e+00 -0.991703 0.013146 0.041965 0.690126 0.223882 0.022583 0.991703 -0.005779 -0.028693 -0.929269 0.000000 
1.252417e-01 1.003091e-01 9.749944e-02 1.210227e-01 1.000000e-01 1.597501e+00 -0.991703 0.013146 0.041965 0.690126 0.223882 0.022583 0.991703 -0.005779 -0.028693 -0.929269 0.000000 
1.252417e-01 1.003091e-01 9.749944e-02 1.210227e-01 1.000000e-01 1.597501e+00 -0.991703 0.013146 0.041965 0.690126 0.223882 0.022583 0.991703 -0.005779 -0.028693 -0.929269 0.000000 
1.252417e-01 1.003091e-01 9.749944e-02 1.210227e-01 1.000000e-01 1.597501e+00 -0.991703 0.013146 0.041965 0.690126 0.223882 0.022583 0.991703 -0.005779 -0.028693 -0.929269 0.000000 
1.252417e-01 1.003091e-01 9.749944e-02 1.210227e-01 1.000000e-01 1.597501e+00 -0.991703 0.013146 0.041965 0.690126 0.223882 0.022583 0.991703 -0.005779 -0.028693 -0.929269 0.000000 
1.252417e-01 1.003091e-01 9.749944e-02 1.210227e-01 1.000000e-01 1.597501e+00 -0.991703 0.013146 0.041965 0.690126 0.223882 0.022583 0.991703 -0.005779 -0.028693 -0.929269 0.000000 
1.252417e-01 1.003091e-01 9.749944e-02 1.210227e-01 1.000000e-01 1.597501e+00 -0.991703 0.013146 0.041965 0.690126 0.223882 0.022583 0.991703 -0.005779 -0.028693 -0.929269 0.000000 
1.252417e-01 1.003091e-01 9.749944e-02 1.210227e-01 1.000000e-01 1.597501e+00 -0.991703 0.013146 0.041965 0.690126 0.223882 0.022583 0.991703 -0.005779 -0.028693 -0.929269 0.000000 
1.252417e-01 1.003091e-01 9.749944e-02 1.210227e-01 1.000000e-01 1.597501e+00 -0.991703 0.013146 0.041965 0.690126 0.223882 0.022583 0.991703 -0.005779 -0.028693 -0.929269 0.000000 
1.252417e-01 1.003091e-01 9.749944e-02 1.210227e-01 1.000000e-01 1.597501e+00 -0.991703 0.013146 0.041965 0.690126 0.223882 0.022583 0.991703 -0.005779 -0.028693 -0.929269 0.000000 
1.252417e-01 1.003091e-01 9.749944e-02 1.210227e-01 1.000000e-01 1.597501e+00 -0.991703 0.013146 0.041965 0.690126 0.223882 0.022583 0.991703 -0.005779 -0.028693 -0.929269 0.000000 
1.252417e-01 1.003091e-01 9.749944e-02 1.210227e-01 1.000000e-01 1.597501e+00 -0.991703 0.013146 0.041965 0.690126 0.223882 0.022583 0.991703 -0.005779 -0.028693 -0.929269 0.000000 
1.252417e-01 1.003091e-01 9.749944e-02 1.210227e-01 1.000000e-01 1.597501e+00 -0.991703 0.013146 0.041965 0.690126 0.223882 0.022583 0.991703 -0.005779 -0.028693 -0.929269 0.000000 
1.252417e-01 1.003091e-01 9.749944e-02 1.210227e-01 1.000000e-01 1.597501e+00 -0.991703 0.013146 0.041965 0.690126 0.223882 0.022583 0.991703 -0.005779 -0.028693 -0.929269 0.000000 
1.252417e-01 1.003091e-01 9.749944e-02 1.210227e-01 1.000000e-01 1.597501e+00 -0.991703 0.013146 0.041965 0.690126 0.223882 0.022583 0.991703 -0.005779 -0.028693 -0.929269 0.000000 
1.252417e-01 1.003091e-01 9.749944e-02 1.210227e-01 1.000000e-01 1.597501e+00 -0.991703 0.013146 0.041965 0.690126 0.223882 0.022583 0.991703 -0.005779 -0.028693 -0.929269 0.000000 
1.252417e-01 1.003091e-01 9.749944e-02 1.210227e-01 1.000000e-01 1.597501e+00 -0.991703 0.013146 0.041965 0.690126 0.223882 0.022583 0.991703 -0.005779 -0.028693 -0.929269 0.000000 
1.252417e-01 1.003091e-01 9.749944e-02 1.210227e-01 1.000000e-01 1.597501e+00 -0.991703 0.013146 0.041965 0.690126 0.223882 0.022583 0.991703 -0.005779 -0.028693 -0.929269 0.000000 
1.252417e-01 1.003091e-01 9.749944e-02 1.210227e-01 1.000000e-01 1.597501e+00 -0.991703 0.013146 0.041965 0.690126 0.223882 0.022583 0.991703 -0.005779 -0.028693 -0.929269 0.000000 
1.252417e-01 1.003091e-01 9.749944e-02 1.210227e-01 1.000000e-01 1.597501e+00 -0.991703 0.013146 0.041965 0.690126 0.223882 0.022583 0.991703 -0.005779 -0.028693 -0.929269 0.000000 
1.252417e-01 1.003091e-01 9.749944e-02 1.210227e-01 1.000000e-01 1.597501e+00 -0.991703 0.013146 0.041965 0.690126 0.223882 0.022583 0.991703 -0.005779 -0.028693 -0.929269 0.000000 
1.252417e-01 1.003091e-01 9.749944e-02 1.210227e-01 1.000000e-01 1.597501e+00 -0.991703 0.013146 0.041965 0.690126 0.223882 0.022583 0.991703 -0.005779 -0.028693 -0.929269 0.000000 
1.252417e-01 1.003091e-01 9.749944e-02 1.210227e-01 1.000000e-01 1.597501e+00 -0.991703 0.013146 0.041965 0.690126 0.223882 0.022583 0.991703 -0.005779 -0.028693 -0.929269 0.000000 
1.252417e-01 1.003091e-01 9.749944e-02 1.210227e-01 1.000000e-01 1.597501e+00 -0.991703 0.013146 0.041965 0.690126 0.223882 0.022583 0.991703 -0.005779 -0.028693 -0.929269 0.000000 
1.252417e-01 1.003091e-01 9.749944e-02 1.210227e-01 1.000000e-01 1.597501e+00 -0.991703 0.013146 0.041965 0.690126 0.223882 0.022583 0.991703 -0.005779 -0.028693 -0.929269 0.000000 
1.252417e-01 1.003091e-01 9.749944e-02 1.210227e-01 1.000000e-01 1.597501e+00 -0.991703 0.013146 0.041965 0.690126 0.223882 0.022583 0.991703 -0.005779 -0.028693 -0.929269 0.000000 
1.252417e-01 1.003091e-01 9.749944e-02 1.210227e-01 1.000000e-01 1.597501e+00 -0.991703 0.013146 0.041965 0.690126 0.223882 0.022583 0.991703 -0.005779 -0.028693 -0.929269 0.000000 
1.252417e-01 1.003091e-01 9.749944e-02 1.210227e-01 1.000000e-01 1.597501e+00 -0.991703 0.013146 0.041965 0.690126 0.223882 0.022583 0.991703 -0.005779 -0.028693 -0.929269 0.000000 
1.252417e-01 1.003091e-01 9.749944e-02 1.210227e-01 1.000000e-01 1.597501e+00 -0.991703 0.013146 0.041965 0.690126 0.223882 0.022583 0.991703 -0.005779 -0.028693 -0.929269 0.000000 
1.252417e-01 1.003091e-01 9.749944e-02 1.210227e-01 1.000000e-01 1.597501e+00 -0.991703 0.013146 0.041965 0.690126 0.223882 0.022583 0.991703 -0.005779 -0.028693 -0.929269 0.000000 
1.252417e-01 1.003091e-01 9.749944e-02 1.210227e-01 1.000000e-01 1.597501e+00 -0.991703 0.013146 0.041965 0.690126 0.223882 0.022583 0.991703 -0.005779 -0.028693 -0.929269 0.000000 
1.252417e-01 1.003091e-01 9.749944e-02 1.210227e-01 1.000000e-01 1.597501e+00 -0.991703 0.013146 0.041965 0.690126 0.223882 0.022583 0.991703 -0.005779 -0.028693 -0.929269 0.000000 
1.252417e-01 1.003091e-01 9.749944e-02 1.210227e-01 1.000000e-01 1.597501e+00 -0.991703 0.013146 0.041965 0.690126 0.223882 0.022583 0.991703 -0.005779 -0.028693 -0.929269 0.000000 
1.252417e-01 1.003091e-01 9.749944e-02 1.210227e-01 1.000000e-01 1.597501e+00 -0.991703 0.013146 0.041965 0.690126 0.223882 0.022583 0.991703 -0.005779 -0.028693 -0.929269 0.000000 
1.252417e-01 1.003091e-01 9.749944e-02 1.210227e-01 1.000000e-01 1.597501e+00 -0.991703 0.013146 0.041965 0.690126 0.223882 0.022583 0.991703 -0.005779 -0.028693 -0.929269 0.000000 
1.252417e-01 1.003091e-01 9.749944e-02 1.210227e-01 1.000000e-01 1.597501e+00 -0.991703 0.013146 0.041965 0.690126 0.223882 0.022583 0.991703 -0.005779 -0.028693 -0.929269 0.000000 
1.252417e-01 1.003091e-01 9.749944e-02 1.210227e-01 1.000000e-01 1.597501e+00 -0.991703 0.013146 0.041965 0.690126 0.223882 0.022583 0.991703 -0.005779 -0.028693 -0.929269 0.000000 
1.252417e-01 1.003091e-01 9.749944e-02 1.210227e-01 1.000000e-01 1.597501e+00 -0.991703 0.013146 0.041965 0.690126 0.223882 0.022583 0.991703 -0.005779 -0.028693 -0.929269 0.000000 
1.252417e-01 1.003091e-01 9.749944e-02 1.210227e-01 1.000000e-01 1.597501e+00 -0.991703 0.013146 0.041965 0.690126 0.223882 0.022583 0.991703 -0.005779 -0.028693 -0.929269 0.000000 
1.252417e-01 1.003091e-01 9.749944e-02 1.210227e-01 1.000000e-01 1.597501e+00 -0.991703 0.013146 0.041965 0.690126 0.223882 0.022583 0.991703 -0.005779 -0.028693 -0.929269 0.000000 
1.252417e-01 1.003091e-01 9.749944e-02 1.210227e-01 1.000000e-01 1.597501e+00 -0.991703 0.013146 0.041965 0.690126 0.223882 0.022583 0.991703 -0.005779 -0.028693 -0.929269 0.000000 
1.252417e-01 1.003091e-01 9.749944e-02 1.210227e-01 1.000000e-01 1.597501e+00 -0.991703 0.013146 0.041965 0.690126 0.223882 0.022583 0.991703 -0.005779 -0.028693 -0.929269 0.000000 
1.252417e-01 1.003091e-01 9.749944e-02 1.210227e-01 1.000000e-01 1.597501e+00 -0.991703 0.013146 0.041965 0.690126 0.223882 0.022583 0.991703 -0.005779 -0.028693 -0.929269 0.000000 
1.252417e-01 1.003091e-01 9.749944e-02 1.210227e-01 1.000000e-01 1.597501e+00 -0.991703 0.013146 0.041965 0.690126 0.223882 0.022583 0.991703 -0.005779 -0.028693 -0.929269 0.000000 
1.252417e-01 1.003091e-01 9.749944e-02 1.210227e-01 1.000000e-01 1.597501e+00 -0.991703 0.013146 0.041965 0.690126 0.223882 0.022583 0.991703 -0.005779 -0.028693 -0.929269 0.000000 
