# TeX TeY TeZ ThX ThY THZ P1 P2
1.250000e-01 1.000000e-01 4.700000e-01 1.250000e-01 1.000000e-01 4.700000e-01 0.000000 0.000000 0.000000 0.000000 0.000000 0.000000 0.000000 0.000000 0.000000 0.000000 0.000000 
1.250000e-01 9.999988e-02 4.573075e-01 1.249999e-01 1.000000e-01 4.789055e-01 -0.014269 0.001831 0.003663 0.003667 0.003687 0.001421 0.014269 -0.001830 -0.003663 -0.003669 0.000000 
1.250000e-01 9.999973e-02 4.445814e-01 1.249999e-01 1.000000e-01 4.878014e-01 -0.028555 0.003665 0.007331 0.007338 0.007378 0.002843 0.028555 -0.003663 -0.007331 -0.007342 0.000000 
1.250000e-01 9.999955e-02 4.318220e-01 1.249998e-01 1.000000e-01 4.966878e-01 -0.042855 0.005500 0.011002 0.011013 0.011073 0.004267 0.042855 -0.005497 -0.011003 -0.011020 0.000000 
1.250000e-01 9.999933e-02 4.190297e-01 1.249998e-01 1.000000e-01 5.055644e-01 -0.057172 0.007338 0.014678 0.014692 0.014772 0.005693 0.057172 -0.007332 -0.014678 -0.014703 0.000000 
1.250000e-01 9.999906e-02 4.062046e-01 1.249997e-01 1.000000e-01 5.144313e-01 -0.071503 0.009177 0.018357 0.018374 0.018475 0.007120 0.071503 -0.009168 -0.018358 -0.018393 0.000000 
1.250000e-01 9.999874e-02 3.933470e-01 1.249997e-01 1.000000e-01 5.232884e-01 -0.085849 0.011018 0.022041 0.022061 0.022182 0.008548 0.085850 -0.011004 -0.022042 -0.022089 0.000000 
1.250000e-01 9.999834e-02 3.804572e-01 1.249996e-01 1.000000e-01 5.321355e-01 -0.100211 0.012861 0.025728 0.025751 0.025893 0.009978 0.100211 -0.012840 -0.025729 -0.025794 0.000000 
1.250000e-01 9.999785e-02 3.675354e-01 1.249996e-01 1.000000e-01 5.409726e-01 -0.114586 0.014706 0.029418 0.029446 0.029607 0.011410 0.114586 -0.014674 -0.029421 -0.029511 0.000000 
1.250000e-01 9.999725e-02 3.545819e-01 1.249996e-01 1.000000e-01 5.497997e-01 -0.128976 0.016553 0.033113 0.033143 0.033325 0.012842 0.128976 -0.016503 -0.033117 -0.033242 0.000000 
1.250000e-01 9.999652e-02 3.415970e-01 1.249996e-01 1.000000e-01 5.586165e-01 -0.143380 0.018402 0.036811 0.036845 0.037047 0.014277 0.143380 -0.018326 -0.036817 -0.036995 0.000000 
1.250000e-01 9.999562e-02 3.285809e-01 1.249995e-01 1.000000e-01 5.674231e-01 -0.157798 0.020252 0.040512 0.040550 0.040772 0.015712 0.157798 -0.020137 -0.040521 -0.040778 0.000000 
1.250000e-01 9.999452e-02 3.155338e-01 1.249995e-01 1.000000e-01 5.762194e-01 -0.172229 0.022105 0.044217 0.044258 0.044501 0.017149 0.172230 -0.021930 -0.044231 -0.044606 0.000000 
1.250000e-01 9.999318e-02 3.024560e-01 1.249995e-01 1.000000e-01 5.850052e-01 -0.186674 0.023958 0.047926 0.047970 0.048233 0.018588 0.186675 -0.023692 -0.047947 -0.048500 0.000000 
1.250000e-01 9.999154e-02 2.893476e-01 1.249995e-01 1.000000e-01 5.937805e-01 -0.201132 0.025814 0.051638 0.051686 0.051969 0.020027 0.201133 -0.025410 -0.051670 -0.052493 0.000000 
1.250000e-01 9.998952e-02 2.762091e-01 1.249995e-01 1.000000e-01 6.025452e-01 -0.215604 0.027671 0.055353 0.055404 0.055708 0.021468 0.215604 -0.027054 -0.055401 -0.056638 0.000000 
1.250000e-01 9.998706e-02 2.630404e-01 1.249995e-01 1.000000e-01 6.112991e-01 -0.230088 0.029530 0.059072 0.059126 0.059450 0.022910 0.230088 -0.028589 -0.059143 -0.061014 0.000000 
1.250000e-01 9.998405e-02 2.498420e-01 1.249995e-01 1.000000e-01 6.200423e-01 -0.244584 0.031391 0.062793 0.062852 0.063196 0.024354 0.244585 -0.029958 -0.062898 -0.065734 0.000000 
1.250000e-01 9.998040e-02 2.366139e-01 1.249995e-01 1.000000e-01 6.287746e-01 -0.259094 0.033253 0.066518 0.066580 0.066945 0.025798 0.259094 -0.031061 -0.066667 -0.071013 0.000000 
1.250000e-01 9.997597e-02 2.233564e-01 1.249995e-01 1.000000e-01 6.374959e-01 -0.273616 0.035117 0.070247 0.070312 0.070697 0.027244 0.273616 -0.031773 -0.070447 -0.077130 0.000000 
1.250000e-01 9.997064e-02 2.100696e-01 1.249994e-01 1.000000e-01 6.462062e-01 -0.288150 0.036982 0.073978 0.074047 0.074453 0.028692 0.288151 -0.031900 -0.074222 -0.084533 0.000000 
1.250000e-01 9.996431e-02 1.967536e-01 1.249994e-01 1.000000e-01 6.549052e-01 -0.302697 0.038849 0.077713 0.077785 0.078211 0.030140 0.302698 -0.031103 -0.077937 -0.094074 0.000000 
1.250000e-01 9.995693e-02 1.834085e-01 1.249994e-01 1.000000e-01 6.635930e-01 -0.317257 0.040718 0.081451 0.081526 0.081973 0.031590 0.317257 -0.028987 -0.081444 -0.106908 0.000000 
1.250000e-01 9.994862e-02 1.700343e-01 1.249994e-01 1.000000e-01 6.722695e-01 -0.331830 0.042588 0.085192 0.085271 0.085739 0.033041 0.331831 -0.024973 -0.084374 -0.125037 0.000000 
1.250000e-01 9.994004e-02 1.566304e-01 1.249994e-01 1.000000e-01 6.809344e-01 -0.346419 0.044461 0.088938 0.089020 0.089508 0.034494 0.346420 -0.018147 -0.085676 -0.152550 0.000000 
1.250000e-01 9.993380e-02 1.431942e-01 1.249994e-01 1.000000e-01 6.895878e-01 -0.361032 0.046336 0.092690 0.092776 0.093284 0.035949 0.361033 -0.007681 -0.082937 -0.195990 0.000000 
1.250000e-01 9.994137e-02 1.297121e-01 1.249994e-01 1.000000e-01 6.982295e-01 -0.375710 0.048220 0.096458 0.096547 0.097076 0.037410 0.375710 0.007371 -0.070295 -0.268540 0.000000 
1.250000e-01 1.000104e-01 1.161212e-01 1.249994e-01 1.000000e-01 7.068594e-01 -0.390661 0.050139 0.100296 0.100389 0.100939 0.038899 0.390661 0.028221 -0.031721 -0.401620 0.000000 
1.250000e-01 1.002362e-01 1.021900e-01 1.249994e-01 1.000000e-01 7.154775e-01 -0.406741 0.052202 0.104424 0.104521 0.105094 0.040500 0.406741 0.056924 0.067886 -0.658331 0.000000 
1.250000e-01 1.003102e-01 9.749818e-02 1.249994e-01 1.000000e-01 7.240835e-01 -0.416326 0.053433 0.106885 0.106985 0.107571 0.041454 0.416327 0.068070 0.119043 -0.781448 0.000000 
1.250000e-01 1.003102e-01 9.749818e-02 1.249994e-01 1.000000e-01 7.326775e-01 -0.422004 0.054161 0.108343 0.108444 0.109038 0.042020 0.422005 0.067342 0.117585 -0.782907 0.000000 
1.250000e-01 1.003102e-01 9.749818e-02 1.249994e-01 1.000000e-01 7.412592e-01 -0.427674 0.054889 0.109799 0.109901 0.110503 0.042584 0.427674 0.066614 0.116129 -0.784364 0.000000 
1.250000e-01 1.003102e-01 9.749818e-02 1.249994e-01 1.000000e-01 7.498286e-01 -0.433335 0.055616 0.111252 0.111355 0.111966 0.043148 0.433336 0.065887 0.114676 -0.785819 0.000000 
1.250000e-01 1.003102e-01 9.749818e-02 1.249994e-01 1.000000e-01 7.583856e-01 -0.438989 0.056341 0.112704 0.112808 0.113427 0.043711 0.438989 0.065162 0.113224 -0.787271 0.000000 
1.250000e-01 1.003102e-01 9.749818e-02 1.249994e-01 1.000000e-01 7.669300e-01 -0.444634 0.057066 0.114153 0.114259 0.114885 0.044273 0.444635 0.064437 0.111775 -0.788722 0.000000 
1.250000e-01 1.003102e-01 9.749818e-02 1.249994e-01 1.000000e-01 7.754618e-01 -0.450271 0.057789 0.115600 0.115707 0.116342 0.044834 0.450271 0.063714 0.110328 -0.790170 0.000000 
1.250000e-01 1.003102e-01 9.749818e-02 1.249994e-01 1.000000e-01 7.839808e-01 -0.455899 0.058511 0.117045 0.117154 0.117796 0.045395 0.455900 0.062991 0.108883 -0.791617 0.000000 
1.250000e-01 1.003102e-01 9.749818e-02 1.249994e-01 1.000000e-01 7.924869e-01 -0.461519 0.059233 0.118488 0.118598 0.119248 0.045954 0.461519 0.062270 0.107440 -0.793061 0.000000 
1.250000e-01 1.003102e-01 9.749818e-02 1.249994e-01 1.000000e-01 8.009799e-01 -0.467130 0.059953 0.119928 0.120040 0.120698 0.046513 0.467131 0.061550 0.106000 -0.794503 0.000000 
1.250000e-01 1.003102e-01 9.749818e-02 1.249994e-01 1.000000e-01 8.094599e-01 -0.472733 0.060672 0.121367 0.121479 0.122146 0.047071 0.472733 0.060831 0.104561 -0.795943 0.000000 
1.250000e-01 1.003102e-01 9.749818e-02 1.249994e-01 1.000000e-01 8.179265e-01 -0.478326 0.061390 0.122803 0.122917 0.123591 0.047628 0.478327 0.060113 0.103125 -0.797380 0.000000 
1.250000e-01 1.003102e-01 9.749818e-02 1.249994e-01 1.000000e-01 8.263798e-01 -0.483911 0.062106 0.124236 0.124352 0.125034 0.048184 0.483912 0.059396 0.101691 -0.798815 0.000000 
1.250000e-01 1.003102e-01 9.749818e-02 1.249994e-01 1.000000e-01 8.348195e-01 -0.489487 0.062822 0.125668 0.125785 0.126475 0.048739 0.489488 0.058681 0.100260 -0.800248 0.000000 
1.250000e-01 1.003102e-01 9.749818e-02 1.249994e-01 1.000000e-01 8.432456e-01 -0.495054 0.063536 0.127097 0.127215 0.127913 0.049294 0.495055 0.057966 0.098830 -0.801679 0.000000 
1.250000e-01 1.003102e-01 9.749818e-02 1.249994e-01 1.000000e-01 8.516579e-01 -0.500612 0.064250 0.128524 0.128644 0.129349 0.049847 0.500612 0.057253 0.097404 -0.803107 0.000000 
1.250000e-01 1.003102e-01 9.749818e-02 1.249994e-01 1.000000e-01 8.600563e-01 -0.506160 0.064962 0.129948 0.130070 0.130783 0.050400 0.506161 0.056541 0.095979 -0.804533 0.000000 
1.250000e-01 1.003102e-01 9.749818e-02 1.249994e-01 1.000000e-01 8.684406e-01 -0.511700 0.065673 0.131370 0.131493 0.132215 0.050951 0.511700 0.055830 0.094557 -0.805956 0.000000 
1.250000e-01 1.003102e-01 9.749818e-02 1.249994e-01 1.000000e-01 8.768107e-01 -0.517230 0.066382 0.132790 0.132914 0.133644 0.051502 0.517230 0.055120 0.093137 -0.807377 0.000000 
1.250000e-01 1.003102e-01 9.749818e-02 1.249994e-01 1.000000e-01 8.851666e-01 -0.522750 0.067091 0.134207 0.134333 0.135070 0.052052 0.522751 0.054412 0.091720 -0.808796 0.000000 
1.250000e-01 1.003102e-01 9.749818e-02 1.249994e-01 1.000000e-01 8.935079e-01 -0.528261 0.067798 0.135622 0.135749 0.136494 0.052601 0.528262 0.053704 0.090305 -0.810212 0.000000 
1.250000e-01 1.003102e-01 9.749818e-02 1.249994e-01 1.000000e-01 9.018347e-01 -0.533763 0.068504 0.137034 0.137163 0.137916 0.053149 0.533763 0.052998 0.088893 -0.811626 0.000000 
1.250000e-01 1.003102e-01 9.749818e-02 1.249994e-01 1.000000e-01 9.101467e-01 -0.539254 0.069208 0.138443 0.138574 0.139335 0.053696 0.539255 0.052293 0.087483 -0.813037 0.000000 
1.250000e-01 1.003102e-01 9.749818e-02 1.249994e-01 1.000000e-01 9.184438e-01 -0.544736 0.069912 0.139850 0.139982 0.140752 0.054242 0.544736 0.051590 0.086075 -0.814445 0.000000 
1.250000e-01 1.003102e-01 9.749818e-02 1.249994e-01 1.000000e-01 9.267258e-01 -0.550208 0.070614 0.141255 0.141389 0.142166 0.054787 0.550208 0.050888 0.084671 -0.815851 0.000000 
1.250000e-01 1.003102e-01 9.749818e-02 1.249994e-01 1.000000e-01 9.349927e-01 -0.555669 0.071314 0.142657 0.142792 0.143577 0.055331 0.555670 0.050187 0.083268 -0.817255 0.000000 
1.250000e-01 1.003102e-01 9.749818e-02 1.249994e-01 1.000000e-01 9.432442e-01 -0.561121 0.072014 0.144056 0.144193 0.144986 0.055874 0.561122 0.049487 0.081869 -0.818656 0.000000 
1.250000e-01 1.003102e-01 9.749818e-02 1.249994e-01 1.000000e-01 9.514802e-01 -0.566562 0.072712 0.145453 0.145591 0.146393 0.056416 0.566563 0.048789 0.080472 -0.820054 0.000000 
1.250000e-01 1.003102e-01 9.749818e-02 1.249994e-01 1.000000e-01 9.597005e-01 -0.571993 0.073408 0.146846 0.146987 0.147797 0.056957 0.571994 0.048092 0.079078 -0.821450 0.000000 
1.250000e-01 1.003102e-01 9.749818e-02 1.249994e-01 1.000000e-01 9.679050e-01 -0.577414 0.074104 0.148237 0.148380 0.149198 0.057497 0.577414 0.047396 0.077686 -0.822843 0.000000 
1.250000e-01 1.003102e-01 9.749818e-02 1.249994e-01 1.000000e-01 9.760936e-01 -0.582824 0.074797 0.149626 0.149770 0.150597 0.058036 0.582824 0.046702 0.076297 -0.824233 0.000000 
1.250000e-01 1.003102e-01 9.749818e-02 1.249994e-01 1.000000e-01 9.842660e-01 -0.588223 0.075490 0.151011 0.151158 0.151992 0.058574 0.588224 0.046009 0.074911 -0.825620 0.000000 
1.250000e-01 1.003102e-01 9.749818e-02 1.249994e-01 1.000000e-01 9.924220e-01 -0.593612 0.076181 0.152394 0.152542 0.153386 0.059111 0.593612 0.045317 0.073527 -0.827005 0.000000 
1.250000e-01 1.003102e-01 9.749818e-02 1.249994e-01 1.000000e-01 1.000562e+00 -0.598989 0.076870 0.153773 0.153924 0.154776 0.059647 0.598990 0.044627 0.072147 -0.828387 0.000000 
1.250000e-01 1.003102e-01 9.749818e-02 1.249994e-01 1.000000e-01 1.008685e+00 -0.604356 0.077558 0.155150 0.155304 0.156164 0.060182 0.604357 0.043938 0.070769 -0.829766 0.000000 
1.250000e-01 1.003102e-01 9.749818e-02 1.249994e-01 1.000000e-01 1.016791e+00 -0.609712 0.078245 0.156523 0.156680 0.157549 0.060716 0.609712 0.043251 0.069394 -0.831142 0.000000 
1.250000e-01 1.003102e-01 9.749818e-02 1.249994e-01 1.000000e-01 1.024880e+00 -0.615056 0.078929 0.157894 0.158053 0.158932 0.061249 0.615056 0.042565 0.068022 -0.832516 0.000000 
1.250000e-01 1.003102e-01 9.749818e-02 1.249994e-01 1.000000e-01 1.032952e+00 -0.620389 0.079613 0.159261 0.159424 0.160312 0.061781 0.620389 0.041880 0.066653 -0.833886 0.000000 
1.250000e-01 1.003102e-01 9.749818e-02 1.249994e-01 1.000000e-01 1.041006e+00 -0.625710 0.080294 0.160626 0.160791 0.161689 0.062312 0.625711 0.041197 0.065287 -0.835254 0.000000 
1.250000e-01 1.003102e-01 9.749818e-02 1.249994e-01 1.000000e-01 1.049043e+00 -0.631020 0.080974 0.161987 0.162156 0.163063 0.062842 0.631021 0.040516 0.063923 -0.836618 0.000000 
1.250000e-01 1.003102e-01 9.749818e-02 1.249994e-01 1.000000e-01 1.057062e+00 -0.636318 0.081652 0.163344 0.163518 0.164435 0.063371 0.636319 0.039836 0.062563 -0.837980 0.000000 
1.250000e-01 1.003102e-01 9.749818e-02 1.249994e-01 1.000000e-01 1.065064e+00 -0.641605 0.082329 0.164699 0.164876 0.165804 0.063899 0.641605 0.039157 0.061206 -0.839338 0.000000 
1.250000e-01 1.003102e-01 9.749818e-02 1.249994e-01 1.000000e-01 1.073047e+00 -0.646879 0.083003 0.166050 0.166232 0.167170 0.064426 0.646879 0.038481 0.059852 -0.840693 0.000000 
1.250000e-01 1.003102e-01 9.749818e-02 1.249994e-01 1.000000e-01 1.081012e+00 -0.652141 0.083676 0.167397 0.167584 0.168534 0.064952 0.652142 0.037805 0.058501 -0.842046 0.000000 
1.250000e-01 1.003102e-01 9.749818e-02 1.249994e-01 1.000000e-01 1.088958e+00 -0.657391 0.084347 0.168741 0.168934 0.169894 0.065477 0.657392 0.037131 0.057153 -0.843395 0.000000 
1.250000e-01 1.003102e-01 9.749818e-02 1.249994e-01 1.000000e-01 1.096886e+00 -0.662629 0.085016 0.170081 0.170280 0.171253 0.066001 0.662629 0.036459 0.055808 -0.844741 0.000000 
1.250000e-01 1.003102e-01 9.749818e-02 1.249994e-01 1.000000e-01 1.104794e+00 -0.667854 0.085683 0.171417 0.171623 0.172609 0.066524 0.667854 0.035789 0.054467 -0.846083 0.000000 
1.250000e-01 1.003102e-01 9.749818e-02 1.249994e-01 1.000000e-01 1.112684e+00 -0.673066 0.086347 0.172749 0.172963 0.173962 0.067047 0.673067 0.035120 0.053129 -0.847423 0.000000 
1.250000e-01 1.003102e-01 9.749818e-02 1.249994e-01 1.000000e-01 1.120554e+00 -0.678266 0.087010 0.174078 0.174299 0.175313 0.067568 0.678266 0.034452 0.051794 -0.848759 0.000000 
1.250000e-01 1.003102e-01 9.749818e-02 1.249994e-01 1.000000e-01 1.128405e+00 -0.683453 0.087670 0.175401 0.175633 0.176661 0.068089 0.683453 0.033787 0.050462 -0.850092 0.000000 
1.250000e-01 1.003102e-01 9.749818e-02 1.249994e-01 1.000000e-01 1.136236e+00 -0.688626 0.088328 0.176721 0.176963 0.178008 0.068609 0.688627 0.033123 0.049134 -0.851421 0.000000 
1.250000e-01 1.003102e-01 9.749818e-02 1.249994e-01 1.000000e-01 1.144047e+00 -0.693787 0.088983 0.178036 0.178289 0.179352 0.069128 0.693787 0.032460 0.047809 -0.852747 0.000000 
1.250000e-01 1.003102e-01 9.749818e-02 1.249994e-01 1.000000e-01 1.151837e+00 -0.698934 0.089635 0.179346 0.179613 0.180694 0.069647 0.698934 0.031800 0.046488 -0.854070 0.000000 
1.250000e-01 1.003102e-01 9.749818e-02 1.249994e-01 1.000000e-01 1.159607e+00 -0.704068 0.090285 0.180652 0.180933 0.182034 0.070165 0.704068 0.031141 0.045170 -0.855389 0.000000 
1.250000e-01 1.003102e-01 9.749818e-02 1.249994e-01 1.000000e-01 1.167357e+00 -0.709187 0.090932 0.181952 0.182249 0.183372 0.070683 0.709188 0.030484 0.043855 -0.856705 0.000000 
1.250000e-01 1.003102e-01 9.749818e-02 1.249993e-01 1.000000e-01 1.175085e+00 -0.714294 0.091576 0.183247 0.183563 0.184709 0.071201 0.714294 0.029828 0.042544 -0.858017 0.000000 
1.250000e-01 1.003102e-01 9.749818e-02 1.249993e-01 1.000000e-01 1.182793e+00 -0.719386 0.092216 0.184536 0.184872 0.186044 0.071718 0.719386 0.029175 0.041237 -0.859326 0.000000 
1.250000e-01 1.003102e-01 9.749818e-02 1.249993e-01 1.000000e-01 1.190479e+00 -0.724464 0.092853 0.185820 0.186179 0.187379 0.072235 0.724464 0.028523 0.039933 -0.860630 0.000000 
1.250000e-01 1.003102e-01 9.749818e-02 1.249993e-01 1.000000e-01 1.198143e+00 -0.729527 0.093486 0.187097 0.187481 0.188712 0.072752 0.729528 0.027873 0.038633 -0.861932 0.000000 
1.250000e-01 1.003102e-01 9.749818e-02 1.249993e-01 1.000000e-01 1.205786e+00 -0.734576 0.094115 0.188367 0.188781 0.190045 0.073269 0.734577 0.027225 0.037337 -0.863229 0.000000 
1.250000e-01 1.003102e-01 9.749818e-02 1.249993e-01 1.000000e-01 1.213406e+00 -0.739611 0.094740 0.189630 0.190076 0.191378 0.073787 0.739611 0.026579 0.036044 -0.864523 0.000000 
1.250000e-01 1.003102e-01 9.749818e-02 1.249993e-01 1.000000e-01 1.221004e+00 -0.744631 0.095361 0.190886 0.191369 0.192711 0.074306 0.744631 0.025935 0.034756 -0.865813 0.000000 
1.250000e-01 1.003102e-01 9.749818e-02 1.249992e-01 1.000000e-01 1.228579e+00 -0.749635 0.095976 0.192134 0.192657 0.194045 0.074825 0.749636 0.025292 0.033471 -0.867099 0.000000 
1.250000e-01 1.003102e-01 9.749818e-02 1.249992e-01 1.000000e-01 1.236131e+00 -0.754625 0.096586 0.193373 0.193943 0.195380 0.075345 0.754625 0.024652 0.032190 -0.868381 0.000000 
1.250000e-01 1.003102e-01 9.749818e-02 1.249992e-01 1.000000e-01 1.243660e+00 -0.759599 0.097190 0.194603 0.195224 0.196716 0.075867 0.759600 0.024014 0.030913 -0.869659 0.000000 
1.250000e-01 1.003102e-01 9.749818e-02 1.249992e-01 1.000000e-01 1.251165e+00 -0.764558 0.097788 0.195823 0.196503 0.198055 0.076390 0.764558 0.023377 0.029640 -0.870934 0.000000 
1.250000e-01 1.003102e-01 9.749818e-02 1.249991e-01 1.000000e-01 1.258647e+00 -0.769501 0.098378 0.197033 0.197778 0.199398 0.076916 0.769501 0.022743 0.028371 -0.872204 0.000000 
1.250000e-01 1.003102e-01 9.749818e-02 1.249991e-01 1.000000e-01 1.266105e+00 -0.774428 0.098962 0.198231 0.199049 0.200744 0.077444 0.774428 0.022110 0.027106 -0.873470 0.000000 
1.250000e-01 1.003102e-01 9.749818e-02 1.249990e-01 1.000000e-01 1.273538e+00 -0.779339 0.099537 0.199416 0.200318 0.202095 0.077975 0.779339 0.021480 0.025845 -0.874732 0.000000 
1.250000e-01 1.003102e-01 9.749818e-02 1.249990e-01 1.000000e-01 1.280947e+00 -0.784234 0.100103 0.200589 0.201583 0.203451 0.078509 0.784234 0.020852 0.024588 -0.875990 0.000000 
1.250000e-01 1.003102e-01 9.749818e-02 1.249989e-01 1.000000e-01 1.288330e+00 -0.789112 0.100659 0.201746 0.202845 0.204816 0.079047 0.789112 0.020226 0.023336 -0.877243 0.000000 
1.250000e-01 1.003102e-01 9.749818e-02 1.249988e-01 1.000000e-01 1.295689e+00 -0.793973 0.101205 0.202888 0.204104 0.206187 0.079590 0.793974 0.019602 0.022088 -0.878493 0.000000 
1.250000e-01 1.003102e-01 9.749818e-02 1.249988e-01 1.000000e-01 1.303022e+00 -0.798818 0.101738 0.204012 0.205361 0.207570 0.080139 0.798818 0.018980 0.020844 -0.879737 0.000000 
1.250000e-01 1.003102e-01 9.749818e-02 1.249987e-01 1.000000e-01 1.310329e+00 -0.803645 0.102258 0.205119 0.206615 0.208962 0.080693 0.803646 0.018361 0.019604 -0.880978 0.000000 
1.250000e-01 1.003102e-01 9.749818e-02 1.249986e-01 1.000000e-01 1.317610e+00 -0.808456 0.102763 0.206203 0.207867 0.210369 0.081254 0.808456 0.017743 0.018369 -0.882214 0.000000 
1.250000e-01 1.003102e-01 9.749818e-02 1.249984e-01 1.000000e-01 1.324864e+00 -0.813248 0.103254 0.207267 0.209118 0.211789 0.081822 0.813249 0.017128 0.017139 -0.883446 0.000000 
1.250000e-01 1.003102e-01 9.749818e-02 1.249983e-01 1.000000e-01 1.332091e+00 -0.818023 0.103724 0.208304 0.210367 0.213228 0.082401 0.818024 0.016515 0.015913 -0.884673 0.000000 
1.250000e-01 1.003102e-01 9.749818e-02 1.249982e-01 1.000000e-01 1.339291e+00 -0.822780 0.104177 0.209315 0.211616 0.214685 0.082987 0.822780 0.015905 0.014692 -0.885895 0.000000 
1.250000e-01 1.003102e-01 9.749818e-02 1.249980e-01 1.000000e-01 1.346464e+00 -0.827519 0.104606 0.210296 0.212866 0.216166 0.083586 0.827519 0.015297 0.013475 -0.887113 0.000000 
1.250000e-01 1.003102e-01 9.749818e-02 1.249978e-01 1.000000e-01 1.353609e+00 -0.832239 0.105011 0.211245 0.214117 0.217671 0.084196 0.832240 0.014691 0.012263 -0.888326 0.000000 
1.250000e-01 1.003102e-01 9.749818e-02 1.249976e-01 1.000000e-01 1.360726e+00 -0.836941 0.105390 0.212159 0.215370 0.219204 0.084819 0.836941 0.014087 0.011056 -0.889534 0.000000 
1.250000e-01 1.003102e-01 9.749818e-02 1.249973e-01 1.000000e-01 1.367814e+00 -0.841624 0.105736 0.213033 0.216628 0.220770 0.085457 0.841624 0.013486 0.009854 -0.890737 0.000000 
1.250000e-01 1.003102e-01 9.749818e-02 1.249970e-01 1.000000e-01 1.374873e+00 -0.846287 0.106052 0.213866 0.217890 0.222369 0.086110 0.846288 0.012888 0.008657 -0.891936 0.000000 
1.250000e-01 1.003102e-01 9.749818e-02 1.249967e-01 1.000000e-01 1.381903e+00 -0.850932 0.106326 0.214648 0.219163 0.224013 0.086783 0.850932 0.012292 0.007464 -0.893129 0.000000 
1.250000e-01 1.003102e-01 9.749818e-02 1.249963e-01 1.000000e-01 1.388903e+00 -0.855556 0.106560 0.215380 0.220445 0.225699 0.087473 0.855556 0.011698 0.006277 -0.894318 0.000000 
1.250000e-01 1.003102e-01 9.749818e-02 1.249959e-01 1.000000e-01 1.395873e+00 -0.860161 0.106746 0.216054 0.221742 0.227436 0.088184 0.860161 0.011107 0.005095 -0.895501 0.000000 
1.250000e-01 1.003102e-01 9.749818e-02 1.249954e-01 1.000000e-01 1.402812e+00 -0.864746 0.106877 0.216663 0.223058 0.229232 0.088917 0.864746 0.010519 0.003918 -0.896679 0.000000 
1.250000e-01 1.003102e-01 9.749818e-02 1.249948e-01 1.000000e-01 1.409721e+00 -0.869310 0.106952 0.217207 0.224396 0.231084 0.089670 0.869310 0.009933 0.002746 -0.897852 0.000000 
1.250000e-01 1.003102e-01 9.749818e-02 1.249942e-01 1.000000e-01 1.416599e+00 -0.873853 0.106954 0.217666 0.225768 0.233014 0.090451 0.873854 0.009350 0.001580 -0.899020 0.000000 
1.250000e-01 1.003102e-01 9.749818e-02 1.249934e-01 1.000000e-01 1.423445e+00 -0.878376 0.106884 0.218043 0.227176 0.235019 0.091254 0.878376 0.008769 0.000419 -0.900182 0.000000 
1.250000e-01 1.003102e-01 9.749818e-02 1.249926e-01 1.000000e-01 1.430258e+00 -0.882877 0.106733 0.218329 0.228629 0.237106 0.092081 0.882878 0.008192 -0.000737 -0.901338 0.000000 
1.250000e-01 1.003102e-01 9.749818e-02 1.249917e-01 1.000000e-01 1.437040e+00 -0.887357 0.106477 0.218499 0.230148 0.239300 0.092935 0.887358 0.007617 -0.001887 -0.902490 0.000000 
1.250000e-01 1.003102e-01 9.749818e-02 1.249906e-01 1.000000e-01 1.443788e+00 -0.891815 0.106120 0.218558 0.231735 0.241594 0.093809 0.891816 0.007045 -0.003032 -0.903635 0.000000 
1.250000e-01 1.003102e-01 9.749818e-02 1.249894e-01 1.000000e-01 1.450503e+00 -0.896252 0.105643 0.218486 0.233412 0.244007 0.094704 0.896252 0.006475 -0.004171 -0.904775 0.000000 
1.250000e-01 1.003102e-01 9.749818e-02 1.249880e-01 1.000000e-01 1.457185e+00 -0.900665 0.105020 0.218256 0.235211 0.246564 0.095615 0.900666 0.005909 -0.005304 -0.905910 0.000000 
1.250000e-01 1.003102e-01 9.749818e-02 1.249865e-01 1.000000e-01 1.463832e+00 -0.905057 0.104253 0.217869 0.237139 0.249261 0.096535 0.905057 0.005345 -0.006431 -0.907038 0.000000 
1.250000e-01 1.003102e-01 9.749818e-02 1.249847e-01 1.000000e-01 1.470444e+00 -0.909425 0.103315 0.217295 0.239236 0.252125 0.097455 0.909425 0.004784 -0.007553 -0.908160 0.000000 
1.250000e-01 1.003102e-01 9.749818e-02 1.249826e-01 1.000000e-01 1.477022e+00 -0.913770 0.102170 0.216490 0.241558 0.255193 0.098360 0.913770 0.004227 -0.008668 -0.909277 0.000000 
1.250000e-01 1.003102e-01 9.749818e-02 1.249803e-01 1.000000e-01 1.483564e+00 -0.918092 0.100819 0.215450 0.244124 0.258463 0.099236 0.918092 0.003672 -0.009778 -0.910388 0.000000 
1.250000e-01 1.003102e-01 9.749818e-02 1.249777e-01 1.000000e-01 1.490069e+00 -0.922390 0.099240 0.214141 0.246986 0.261962 0.100062 0.922390 0.003121 -0.010881 -0.911492 0.000000 
1.250000e-01 1.003102e-01 9.749818e-02 1.249747e-01 1.000000e-01 1.496539e+00 -0.926664 0.097360 0.212461 0.250279 0.265773 0.100792 0.926664 0.002572 -0.011979 -0.912590 0.000000 
1.250000e-01 1.003102e-01 9.749818e-02 1.249713e-01 1.000000e-01 1.502970e+00 -0.930913 0.095196 0.210410 0.254021 0.269887 0.101399 0.930913 0.002027 -0.013070 -0.913682 0.000000 
1.250000e-01 1.003102e-01 9.749818e-02 1.249675e-01 1.000000e-01 1.509362e+00 -0.935137 0.092722 0.207928 0.258304 0.274344 0.101839 0.935137 0.001485 -0.014154 -0.914768 0.000000 
1.250000e-01 1.003102e-01 9.749818e-02 1.249632e-01 1.000000e-01 1.515715e+00 -0.939334 0.089876 0.204883 0.263310 0.279241 0.102025 0.939334 0.000946 -0.015231 -0.915846 0.000000 
1.250000e-01 1.003102e-01 9.749818e-02 1.249583e-01 1.000000e-01 1.522027e+00 -0.943505 0.086627 0.201168 0.269197 0.284644 0.101870 0.943505 0.000411 -0.016302 -0.916918 0.000000 
1.250000e-01 1.003102e-01 9.749818e-02 1.249529e-01 1.000000e-01 1.528298e+00 -0.947649 0.082979 0.196712 0.276068 0.290587 0.101302 0.947649 -0.000121 -0.017366 -0.917983 0.000000 
1.250000e-01 1.003102e-01 9.749818e-02 1.249467e-01 1.000000e-01 1.534527e+00 -0.951765 0.078909 0.191380 0.284120 0.297148 0.100209 0.951766 -0.000650 -0.018423 -0.919041 0.000000 
1.250000e-01 1.003102e-01 9.749818e-02 1.249398e-01 1.000000e-01 1.540714e+00 -0.955854 0.074349 0.184883 0.293752 0.304490 0.098381 0.955854 -0.001174 -0.019473 -0.920091 0.000000 
1.250000e-01 1.003102e-01 9.749818e-02 1.249318e-01 1.000000e-01 1.546858e+00 -0.959913 0.069300 0.177035 0.305239 0.312678 0.095661 0.959913 -0.001695 -0.020515 -0.921134 0.000000 
1.250000e-01 1.003102e-01 9.749818e-02 1.249220e-01 1.000000e-01 1.552957e+00 -0.963939 0.063791 0.167696 0.318813 0.321710 0.091929 0.963939 -0.002212 -0.021548 -0.922169 0.000000 
1.250000e-01 1.003102e-01 9.749818e-02 1.249092e-01 1.000000e-01 1.559008e+00 -0.967927 0.057836 0.156655 0.334845 0.331573 0.087018 0.967927 -0.002724 -0.022572 -0.923194 0.000000 
1.250000e-01 1.003102e-01 9.749818e-02 1.248903e-01 1.000000e-01 1.565006e+00 -0.971866 0.051467 0.143729 0.353761 0.342121 0.080787 0.971866 -0.003229 -0.023584 -0.924206 0.000000 
1.250000e-01 1.003102e-01 9.749818e-02 1.248582e-01 1.000000e-01 1.570942e+00 -0.975726 0.044714 0.128550 0.376570 0.352925 0.072968 0.975726 -0.003725 -0.024575 -0.925198 0.000000 
1.250000e-01 1.003102e-01 9.749818e-02 1.247956e-01 1.000000e-01 1.576791e+00 -0.979460 0.037792 0.111631 0.403424 0.362736 0.063876 0.979460 -0.004204 -0.025533 -0.926158 0.000000 
1.250000e-01 1.003102e-01 9.749818e-02 1.246591e-01 1.000000e-01 1.582506e+00 -0.982967 0.030979 0.093701 0.435268 0.369090 0.053929 0.982967 -0.004654 -0.026434 -0.927059 0.000000 
1.250000e-01 1.003102e-01 9.749818e-02 1.243239e-01 1.000000e-01 1.587971e+00 -0.986067 0.024747 0.076301 0.474741 0.366304 0.043974 0.986067 -0.005052 -0.027229 -0.927855 0.000000 
1.250000e-01 1.003102e-01 9.749818e-02 1.233737e-01 1.000000e-01 1.592894e+00 -0.988553 0.019673 0.061606 0.533560 0.338701 0.035013 0.988553 -0.005371 -0.027868 -0.928494 0.000000 
1.250000e-01 1.003102e-01 9.749818e-02 1.208523e-01 1.000000e-01 1.597258e+00 -0.991641 0.013312 0.042572 0.690816 0.222230 0.022711 0.991641 -0.005767 -0.028661 -0.929288 0.000000 
1.250000e-01 1.003102e-01 9.749818e-02 1.206591e-01 1.000000e-01 1.597502e+00 -0.991904 0.012762 0.040886 0.706138 0.210452 0.021666 0.991904 -0.005801 -0.028728 -0.929355 0.000000 
1.250000e-01 1.003102e-01 9.749818e-02 1.206591e-01 1.000000e-01 1.597502e+00 -0.991904 0.012762 0.040886 0.706138 0.210452 0.021666 0.991904 -0.005801 -0.028728 -0.929355 0.000000 
1.250000e-01 1.003102e-01 9.749818e-02 1.206591e-01 1.000000e-01 1.597502e+00 -0.991904 0.012762 0.040886 0.706138 0.210452 0.021666 0.991904 -0.005801 -0.028728 -0.929355 0.000000 
1.250000e-01 1.003102e-01 9.749818e-02 1.206591e-01 1.000000e-01 1.597502e+00 -0.991904 0.012762 0.040886 0.706138 0.210452 0.021666 0.991904 -0.005801 -0.028728 -0.929355 0.000000 
1.250000e-01 1.003102e-01 9.749818e-02 1.206591e-01 1.000000e-01 1.597502e+00 -0.991904 0.012762 0.040886 0.706138 0.210452 0.021666 0.991904 -0.005801 -0.028728 -0.929355 0.000000 
1.250000e-01 1.003102e-01 9.749818e-02 1.206591e-01 1.000000e-01 1.597502e+00 -0.991904 0.012762 0.040886 0.706138 0.210452 0.021666 0.991904 -0.005801 -0.028728 -0.929355 0.000000 
1.250000e-01 1.003102e-01 9.749818e-02 1.206591e-01 1.000000e-01 1.597502e+00 -0.991904 0.012762 0.040886 0.706138 0.210452 0.021666 0.991904 -0.005801 -0.028728 -0.929355 0.000000 
1.250000e-01 1.003102e-01 9.749818e-02 1.206591e-01 1.000000e-01 1.597502e+00 -0.991904 0.012762 0.040886 0.706138 0.210452 0.021666 0.991904 -0.005801 -0.028728 -0.929355 0.000000 
1.250000e-01 1.003102e-01 9.749818e-02 1.206591e-01 1.000000e-01 1.597502e+00 -0.991904 0.012762 0.040886 0.706138 0.210452 0.021666 0.991904 -0.005801 -0.028728 -0.929355 0.000000 
1.250000e-01 1.003102e-01 9.749818e-02 1.206591e-01 1.000000e-01 1.597502e+00 -0.991904 0.012762 0.040886 0.706138 0.210452 0.021666 0.991904 -0.005801 -0.028728 -0.929355 0.000000 
1.250000e-01 1.003102e-01 9.749818e-02 1.206591e-01 1.000000e-01 1.597502e+00 -0.991904 0.012762 0.040886 0.706138 0.210452 0.021666 0.991904 -0.005801 -0.028728 -0.929355 0.000000 
1.250000e-01 1.003102e-01 9.749818e-02 1.206591e-01 1.000000e-01 1.597502e+00 -0.991904 0.012762 0.040886 0.706138 0.210452 0.021666 0.991904 -0.005801 -0.028728 -0.929355 0.000000 
1.250000e-01 1.003102e-01 9.749818e-02 1.206591e-01 1.000000e-01 1.597502e+00 -0.991904 0.012762 0.040886 0.706138 0.210452 0.021666 0.991904 -0.005801 -0.028728 -0.929355 0.000000 
1.250000e-01 1.003102e-01 9.749818e-02 1.206591e-01 1.000000e-01 1.597502e+00 -0.991904 0.012762 0.040886 0.706138 0.210452 0.021666 0.991904 -0.005801 -0.028728 -0.929355 0.000000 
1.250000e-01 1.003102e-01 9.749818e-02 1.206591e-01 1.000000e-01 1.597502e+00 -0.991904 0.012762 0.040886 0.706138 0.210452 0.021666 0.991904 -0.005801 -0.028728 -0.929355 0.000000 
1.250000e-01 1.003102e-01 9.749818e-02 1.206591e-01 1.000000e-01 1.597502e+00 -0.991904 0.012762 0.040886 0.706138 0.210452 0.021666 0.991904 -0.005801 -0.028728 -0.929355 0.000000 
1.250000e-01 1.003102e-01 9.749818e-02 1.206591e-01 1.000000e-01 1.597502e+00 -0.991904 0.012762 0.040886 0.706138 0.210452 0.021666 0.991904 -0.005801 -0.028728 -0.929355 0.000000 
1.250000e-01 1.003102e-01 9.749818e-02 1.206591e-01 1.000000e-01 1.597502e+00 -0.991904 0.012762 0.040886 0.706138 0.210452 0.021666 0.991904 -0.005801 -0.028728 -0.929355 0.000000 
1.250000e-01 1.003102e-01 9.749818e-02 1.206591e-01 1.000000e-01 1.597502e+00 -0.991904 0.012762 0.040886 0.706138 0.210452 0.021666 0.991904 -0.005801 -0.028728 -0.929355 0.000000 
1.250000e-01 1.003102e-01 9.749818e-02 1.206591e-01 1.000000e-01 1.597502e+00 -0.991904 0.012762 0.040886 0.706138 0.210452 0.021666 0.991904 -0.005801 -0.028728 -0.929355 0.000000 
1.250000e-01 1.003102e-01 9.749818e-02 1.206591e-01 1.000000e-01 1.597502e+00 -0.991904 0.012762 0.040886 0.706138 0.210452 0.021666 0.991904 -0.005801 -0.028728 -0.929355 0.000000 
1.250000e-01 1.003102e-01 9.749818e-02 1.206591e-01 1.000000e-01 1.597502e+00 -0.991904 0.012762 0.040886 0.706138 0.210452 0.021666 0.991904 -0.005801 -0.028728 -0.929355 0.000000 
1.250000e-01 1.003102e-01 9.749818e-02 1.206591e-01 1.000000e-01 1.597502e+00 -0.991904 0.012762 0.040886 0.706138 0.210452 0.021666 0.991904 -0.005801 -0.028728 -0.929355 0.000000 
1.250000e-01 1.003102e-01 9.749818e-02 1.206591e-01 1.000000e-01 1.597502e+00 -0.991904 0.012762 0.040886 0.706138 0.210452 0.021666 0.991904 -0.005801 -0.028728 -0.929355 0.000000 
1.250000e-01 1.003102e-01 9.749818e-02 1.206591e-01 1.000000e-01 1.597502e+00 -0.991904 0.012762 0.040886 0.706138 0.210452 0.021666 0.991904 -0.005801 -0.028728 -0.929355 0.000000 
1.250000e-01 1.003102e-01 9.749818e-02 1.206591e-01 1.000000e-01 1.597502e+00 -0.991904 0.012762 0.040886 0.706138 0.210452 0.021666 0.991904 -0.005801 -0.028728 -0.929355 0.000000 
1.250000e-01 1.003102e-01 9.749818e-02 1.206591e-01 1.000000e-01 1.597502e+00 -0.991904 0.012762 0.040886 0.706138 0.210452 0.021666 0.991904 -0.005801 -0.028728 -0.929355 0.000000 
1.250000e-01 1.003102e-01 9.749818e-02 1.206591e-01 1.000000e-01 1.597502e+00 -0.991904 0.012762 0.040886 0.706138 0.210452 0.021666 0.991904 -0.005801 -0.028728 -0.929355 0.000000 
1.250000e-01 1.003102e-01 9.749818e-02 1.206591e-01 1.000000e-01 1.597502e+00 -0.991904 0.012762 0.040886 0.706138 0.210452 0.021666 0.991904 -0.005801 -0.028728 -0.929355 0.000000 
1.250000e-01 1.003102e-01 9.749818e-02 1.206591e-01 1.000000e-01 1.597502e+00 -0.991904 0.012762 0.040886 0.706138 0.210452 0.021666 0.991904 -0.005801 -0.028728 -0.929355 0.000000 
1.250000e-01 1.003102e-01 9.749818e-02 1.206591e-01 1.000000e-01 1.597502e+00 -0.991904 0.012762 0.040886 0.706138 0.210452 0.021666 0.991904 -0.005801 -0.028728 -0.929355 0.000000 
1.250000e-01 1.003102e-01 9.749818e-02 1.206591e-01 1.000000e-01 1.597502e+00 -0.991904 0.012762 0.040886 0.706138 0.210452 0.021666 0.991904 -0.005801 -0.028728 -0.929355 0.000000 
1.250000e-01 1.003102e-01 9.749818e-02 1.206591e-01 1.000000e-01 1.597502e+00 -0.991904 0.012762 0.040886 0.706138 0.210452 0.021666 0.991904 -0.005801 -0.028728 -0.929355 0.000000 
1.250000e-01 1.003102e-01 9.749818e-02 1.206591e-01 1.000000e-01 1.597502e+00 -0.991904 0.012762 0.040886 0.706138 0.210452 0.021666 0.991904 -0.005801 -0.028728 -0.929355 0.000000 
1.250000e-01 1.003102e-01 9.749818e-02 1.206591e-01 1.000000e-01 1.597502e+00 -0.991904 0.012762 0.040886 0.706138 0.210452 0.021666 0.991904 -0.005801 -0.028728 -0.929355 0.000000 
1.250000e-01 1.003102e-01 9.749818e-02 1.206591e-01 1.000000e-01 1.597502e+00 -0.991904 0.012762 0.040886 0.706138 0.210452 0.021666 0.991904 -0.005801 -0.028728 -0.929355 0.000000 
1.250000e-01 1.003102e-01 9.749818e-02 1.206591e-01 1.000000e-01 1.597502e+00 -0.991904 0.012762 0.040886 0.706138 0.210452 0.021666 0.991904 -0.005801 -0.028728 -0.929355 0.000000 
1.250000e-01 1.003102e-01 9.749818e-02 1.206591e-01 1.000000e-01 1.597502e+00 -0.991904 0.012762 0.040886 0.706138 0.210452 0.021666 0.991904 -0.005801 -0.028728 -0.929355 0.000000 
1.250000e-01 1.003102e-01 9.749818e-02 1.206591e-01 1.000000e-01 1.597502e+00 -0.991904 0.012762 0.040886 0.706138 0.210452 0.021666 0.991904 -0.005801 -0.028728 -0.929355 0.000000 
1.250000e-01 1.003102e-01 9.749818e-02 1.206591e-01 1.000000e-01 1.597502e+00 -0.991904 0.012762 0.040886 0.706138 0.210452 0.021666 0.991904 -0.005801 -0.028728 -0.929355 0.000000 
1.250000e-01 1.003102e-01 9.749818e-02 1.206591e-01 1.000000e-01 1.597502e+00 -0.991904 0.012762 0.040886 0.706138 0.210452 0.021666 0.991904 -0.005801 -0.028728 -0.929355 0.000000 
1.250000e-01 1.003102e-01 9.749818e-02 1.206591e-01 1.000000e-01 1.597502e+00 -0.991904 0.012762 0.040886 0.706138 0.210452 0.021666 0.991904 -0.005801 -0.028728 -0.929355 0.000000 
1.250000e-01 1.003102e-01 9.749818e-02 1.206591e-01 1.000000e-01 1.597502e+00 -0.991904 0.012762 0.040886 0.706138 0.210452 0.021666 0.991904 -0.005801 -0.028728 -0.929355 0.000000 
1.250000e-01 1.003102e-01 9.749818e-02 1.206591e-01 1.000000e-01 1.597502e+00 -0.991904 0.012762 0.040886 0.706138 0.210452 0.021666 0.991904 -0.005801 -0.028728 -0.929355 0.000000 
1.250000e-01 1.003102e-01 9.749818e-02 1.206591e-01 1.000000e-01 1.597502e+00 -0.991904 0.012762 0.040886 0.706138 0.210452 0.021666 0.991904 -0.005801 -0.028728 -0.929355 0.000000 
1.250000e-01 1.003102e-01 9.749818e-02 1.206591e-01 1.000000e-01 1.597502e+00 -0.991904 0.012762 0.040886 0.706138 0.210452 0.021666 0.991904 -0.005801 -0.028728 -0.929355 0.000000 
1.250000e-01 1.003102e-01 9.749818e-02 1.206591e-01 1.000000e-01 1.597502e+00 -0.991904 0.012762 0.040886 0.706138 0.210452 0.021666 0.991904 -0.005801 -0.028728 -0.929355 0.000000 
1.250000e-01 1.003102e-01 9.749818e-02 1.206591e-01 1.000000e-01 1.597502e+00 -0.991904 0.012762 0.040886 0.706138 0.210452 0.021666 0.991904 -0.005801 -0.028728 -0.929355 0.000000 
1.250000e-01 1.003102e-01 9.749818e-02 1.206591e-01 1.000000e-01 1.597502e+00 -0.991904 0.012762 0.040886 0.706138 0.210452 0.021666 0.991904 -0.005801 -0.028728 -0.929355 0.000000 
1.250000e-01 1.003102e-01 9.749818e-02 1.206591e-01 1.000000e-01 1.597502e+00 -0.991904 0.012762 0.040886 0.706138 0.210452 0.021666 0.991904 -0.005801 -0.028728 -0.929355 0.000000 
1.250000e-01 1.003102e-01 9.749818e-02 1.206591e-01 1.000000e-01 1.597502e+00 -0.991904 0.012762 0.040886 0.706138 0.210452 0.021666 0.991904 -0.005801 -0.028728 -0.929355 0.000000 
1.250000e-01 1.003102e-01 9.749818e-02 1.206591e-01 1.000000e-01 1.597502e+00 -0.991904 0.012762 0.040886 0.706138 0.210452 0.021666 0.991904 -0.005801 -0.028728 -0.929355 0.000000 
1.250000e-01 1.003102e-01 9.749818e-02 1.206591e-01 1.000000e-01 1.597502e+00 -0.991904 0.012762 0.040886 0.706138 0.210452 0.021666 0.991904 -0.005801 -0.028728 -0.929355 0.000000 
1.250000e-01 1.003102e-01 9.749818e-02 1.206591e-01 1.000000e-01 1.597502e+00 -0.991904 0.012762 0.040886 0.706138 0.210452 0.021666 0.991904 -0.005801 -0.028728 -0.929355 0.000000 
1.250000e-01 1.003102e-01 9.749818e-02 1.206591e-01 1.000000e-01 1.597502e+00 -0.991904 0.012762 0.040886 0.706138 0.210452 0.021666 0.991904 -0.005801 -0.028728 -0.929355 0.000000 
1.250000e-01 1.003102e-01 9.749818e-02 1.206591e-01 1.000000e-01 1.597502e+00 -0.991904 0.012762 0.040886 0.706138 0.210452 0.021666 0.991904 -0.005801 -0.028728 -0.929355 0.000000 
1.250000e-01 1.003102e-01 9.749818e-02 1.206591e-01 1.000000e-01 1.597502e+00 -0.991904 0.012762 0.040886 0.706138 0.210452 0.021666 0.991904 -0.005801 -0.028728 -0.929355 0.000000 
1.250000e-01 1.003102e-01 9.749818e-02 1.206591e-01 1.000000e-01 1.597502e+00 -0.991904 0.012762 0.040886 0.706138 0.210452 0.021666 0.991904 -0.005801 -0.028728 -0.929355 0.000000 
1.250000e-01 1.003102e-01 9.749818e-02 1.206591e-01 1.000000e-01 1.597502e+00 -0.991904 0.012762 0.040886 0.706138 0.210452 0.021666 0.991904 -0.005801 -0.028728 -0.929355 0.000000 
1.250000e-01 1.003102e-01 9.749818e-02 1.206591e-01 1.000000e-01 1.597502e+00 -0.991904 0.012762 0.040886 0.706138 0.210452 0.021666 0.991904 -0.005801 -0.028728 -0.929355 0.000000 
1.250000e-01 1.003102e-01 9.749818e-02 1.206591e-01 1.000000e-01 1.597502e+00 -0.991904 0.012762 0.040886 0.706138 0.210452 0.021666 0.991904 -0.005801 -0.028728 -0.929355 0.000000 
1.250000e-01 1.003102e-01 9.749818e-02 1.206591e-01 1.000000e-01 1.597502e+00 -0.991904 0.012762 0.040886 0.706138 0.210452 0.021666 0.991904 -0.005801 -0.028728 -0.929355 0.000000 
1.250000e-01 1.003102e-01 9.749818e-02 1.206591e-01 1.000000e-01 1.597502e+00 -0.991904 0.012762 0.040886 0.706138 0.210452 0.021666 0.991904 -0.005801 -0.028728 -0.929355 0.000000 
1.250000e-01 1.003102e-01 9.749818e-02 1.206591e-01 1.000000e-01 1.597502e+00 -0.991904 0.012762 0.040886 0.706138 0.210452 0.021666 0.991904 -0.005801 -0.028728 -0.929355 0.000000 
1.250000e-01 1.003102e-01 9.749818e-02 1.206591e-01 1.000000e-01 1.597502e+00 -0.991904 0.012762 0.040886 0.706138 0.210452 0.021666 0.991904 -0.005801 -0.028728 -0.929355 0.000000 
1.250000e-01 1.003102e-01 9.749818e-02 1.206591e-01 1.000000e-01 1.597502e+00 -0.991904 0.012762 0.040886 0.706138 0.210452 0.021666 0.991904 -0.005801 -0.028728 -0.929355 0.000000 
1.250000e-01 1.003102e-01 9.749818e-02 1.206591e-01 1.000000e-01 1.597502e+00 -0.991904 0.012762 0.040886 0.706138 0.210452 0.021666 0.991904 -0.005801 -0.028728 -0.929355 0.000000 
1.250000e-01 1.003102e-01 9.749818e-02 1.206591e-01 1.000000e-01 1.597502e+00 -0.991904 0.012762 0.040886 0.706138 0.210452 0.021666 0.991904 -0.005801 -0.028728 -0.929355 0.000000 
1.250000e-01 1.003102e-01 9.749818e-02 1.206591e-01 1.000000e-01 1.597502e+00 -0.991904 0.012762 0.040886 0.706138 0.210452 0.021666 0.991904 -0.005801 -0.028728 -0.929355 0.000000 
1.250000e-01 1.003102e-01 9.749818e-02 1.206591e-01 1.000000e-01 1.597502e+00 -0.991904 0.012762 0.040886 0.706138 0.210452 0.021666 0.991904 -0.005801 -0.028728 -0.929355 0.000000 
1.250000e-01 1.003102e-01 9.749818e-02 1.206591e-01 1.000000e-01 1.597502e+00 -0.991904 0.012762 0.040886 0.706138 0.210452 0.021666 0.991904 -0.005801 -0.028728 -0.929355 0.000000 
1.250000e-01 1.003102e-01 9.749818e-02 1.206591e-01 1.000000e-01 1.597502e+00 -0.991904 0.012762 0.040886 0.706138 0.210452 0.021666 0.991904 -0.005801 -0.028728 -0.929355 0.000000 
1.250000e-01 1.003102e-01 9.749818e-02 1.206591e-01 1.000000e-01 1.597502e+00 -0.991904 0.012762 0.040886 0.706138 0.210452 0.021666 0.991904 -0.005801 -0.028728 -0.929355 0.000000 
1.250000e-01 1.003102e-01 9.749818e-02 1.206591e-01 1.000000e-01 1.597502e+00 -0.991904 0.012762 0.040886 0.706138 0.210452 0.021666 0.991904 -0.005801 -0.028728 -0.929355 0.000000 
1.250000e-01 1.003102e-01 9.749818e-02 1.206591e-01 1.000000e-01 1.597502e+00 -0.991904 0.012762 0.040886 0.706138 0.210452 0.021666 0.991904 -0.005801 -0.028728 -0.929355 0.000000 
1.250000e-01 1.003102e-01 9.749818e-02 1.206591e-01 1.000000e-01 1.597502e+00 -0.991904 0.012762 0.040886 0.706138 0.210452 0.021666 0.991904 -0.005801 -0.028728 -0.929355 0.000000 
1.250000e-01 1.003102e-01 9.749818e-02 1.206591e-01 1.000000e-01 1.597502e+00 -0.991904 0.012762 0.040886 0.706138 0.210452 0.021666 0.991904 -0.005801 -0.028728 -0.929355 0.000000 
1.250000e-01 1.003102e-01 9.749818e-02 1.206591e-01 1.000000e-01 1.597502e+00 -0.991904 0.012762 0.040886 0.706138 0.210452 0.021666 0.991904 -0.005801 -0.028728 -0.929355 0.000000 
1.250000e-01 1.003102e-01 9.749818e-02 1.206591e-01 1.000000e-01 1.597502e+00 -0.991904 0.012762 0.040886 0.706138 0.210452 0.021666 0.991904 -0.005801 -0.028728 -0.929355 0.000000 
1.250000e-01 1.003102e-01 9.749818e-02 1.206591e-01 1.000000e-01 1.597502e+00 -0.991904 0.012762 0.040886 0.706138 0.210452 0.021666 0.991904 -0.005801 -0.028728 -0.929355 0.000000 
1.250000e-01 1.003102e-01 9.749818e-02 1.206591e-01 1.000000e-01 1.597502e+00 -0.991904 0.012762 0.040886 0.706138 0.210452 0.021666 0.991904 -0.005801 -0.028728 -0.929355 0.000000 
1.250000e-01 1.003102e-01 9.749818e-02 1.206591e-01 1.000000e-01 1.597502e+00 -0.991904 0.012762 0.040886 0.706138 0.210452 0.021666 0.991904 -0.005801 -0.028728 -0.929355 0.000000 
1.250000e-01 1.003102e-01 9.749818e-02 1.206591e-01 1.000000e-01 1.597502e+00 -0.991904 0.012762 0.040886 0.706138 0.210452 0.021666 0.991904 -0.005801 -0.028728 -0.929355 0.000000 
1.250000e-01 1.003102e-01 9.749818e-02 1.206591e-01 1.000000e-01 1.597502e+00 -0.991904 0.012762 0.040886 0.706138 0.210452 0.021666 0.991904 -0.005801 -0.028728 -0.929355 0.000000 
1.250000e-01 1.003102e-01 9.749818e-02 1.206591e-01 1.000000e-01 1.597502e+00 -0.991904 0.012762 0.040886 0.706138 0.210452 0.021666 0.991904 -0.005801 -0.028728 -0.929355 0.000000 
1.250000e-01 1.003102e-01 9.749818e-02 1.206591e-01 1.000000e-01 1.597502e+00 -0.991904 0.012762 0.040886 0.706138 0.210452 0.021666 0.991904 -0.005801 -0.028728 -0.929355 0.000000 
1.250000e-01 1.003102e-01 9.749818e-02 1.206591e-01 1.000000e-01 1.597502e+00 -0.991904 0.012762 0.040886 0.706138 0.210452 0.021666 0.991904 -0.005801 -0.028728 -0.929355 0.000000 
1.250000e-01 1.003102e-01 9.749818e-02 1.206591e-01 1.000000e-01 1.597502e+00 -0.991904 0.012762 0.040886 0.706138 0.210452 0.021666 0.991904 -0.005801 -0.028728 -0.929355 0.000000 
1.250000e-01 1.003102e-01 9.749818e-02 1.206591e-01 1.000000e-01 1.597502e+00 -0.991904 0.012762 0.040886 0.706138 0.210452 0.021666 0.991904 -0.005801 -0.028728 -0.929355 0.000000 
1.250000e-01 1.003102e-01 9.749818e-02 1.206591e-01 1.000000e-01 1.597502e+00 -0.991904 0.012762 0.040886 0.706138 0.210452 0.021666 0.991904 -0.005801 -0.028728 -0.929355 0.000000 
1.250000e-01 1.003102e-01 9.749818e-02 1.206591e-01 1.000000e-01 1.597502e+00 -0.991904 0.012762 0.040886 0.706138 0.210452 0.021666 0.991904 -0.005801 -0.028728 -0.929355 0.000000 
1.250000e-01 1.003102e-01 9.749818e-02 1.206591e-01 1.000000e-01 1.597502e+00 -0.991904 0.012762 0.040886 0.706138 0.210452 0.021666 0.991904 -0.005801 -0.028728 -0.929355 0.000000 
1.250000e-01 1.003102e-01 9.749818e-02 1.206591e-01 1.000000e-01 1.597502e+00 -0.991904 0.012762 0.040886 0.706138 0.210452 0.021666 0.991904 -0.005801 -0.028728 -0.929355 0.000000 
1.250000e-01 1.003102e-01 9.749818e-02 1.206591e-01 1.000000e-01 1.597502e+00 -0.991904 0.012762 0.040886 0.706138 0.210452 0.021666 0.991904 -0.005801 -0.028728 -0.929355 0.000000 
1.250000e-01 1.003102e-01 9.749818e-02 1.206591e-01 1.000000e-01 1.597502e+00 -0.991904 0.012762 0.040886 0.706138 0.210452 0.021666 0.991904 -0.005801 -0.028728 -0.929355 0.000000 
1.250000e-01 1.003102e-01 9.749818e-02 1.206591e-01 1.000000e-01 1.597502e+00 -0.991904 0.012762 0.040886 0.706138 0.210452 0.021666 0.991904 -0.005801 -0.028728 -0.929355 0.000000 
1.250000e-01 1.003102e-01 9.749818e-02 1.206591e-01 1.000000e-01 1.597502e+00 -0.991904 0.012762 0.040886 0.706138 0.210452 0.021666 0.991904 -0.005801 -0.028728 -0.929355 0.000000 
1.250000e-01 1.003102e-01 9.749818e-02 1.206591e-01 1.000000e-01 1.597502e+00 -0.991904 0.012762 0.040886 0.706138 0.210452 0.021666 0.991904 -0.005801 -0.028728 -0.929355 0.000000 
1.250000e-01 1.003102e-01 9.749818e-02 1.206591e-01 1.000000e-01 1.597502e+00 -0.991904 0.012762 0.040886 0.706138 0.210452 0.021666 0.991904 -0.005801 -0.028728 -0.929355 0.000000 
1.250000e-01 1.003102e-01 9.749818e-02 1.206591e-01 1.000000e-01 1.597502e+00 -0.991904 0.012762 0.040886 0.706138 0.210452 0.021666 0.991904 -0.005801 -0.028728 -0.929355 0.000000 
1.250000e-01 1.003102e-01 9.749818e-02 1.206591e-01 1.000000e-01 1.597502e+00 -0.991904 0.012762 0.040886 0.706138 0.210452 0.021666 0.991904 -0.005801 -0.028728 -0.929355 0.000000 
1.250000e-01 1.003102e-01 9.749818e-02 1.206591e-01 1.000000e-01 1.597502e+00 -0.991904 0.012762 0.040886 0.706138 0.210452 0.021666 0.991904 -0.005801 -0.028728 -0.929355 0.000000 
1.250000e-01 1.003102e-01 9.749818e-02 1.206591e-01 1.000000e-01 1.597502e+00 -0.991904 0.012762 0.040886 0.706138 0.210452 0.021666 0.991904 -0.005801 -0.028728 -0.929355 0.000000 
1.250000e-01 1.003102e-01 9.749818e-02 1.206591e-01 1.000000e-01 1.597502e+00 -0.991904 0.012762 0.040886 0.706138 0.210452 0.021666 0.991904 -0.005801 -0.028728 -0.929355 0.000000 
1.250000e-01 1.003102e-01 9.749818e-02 1.206591e-01 1.000000e-01 1.597502e+00 -0.991904 0.012762 0.040886 0.706138 0.210452 0.021666 0.991904 -0.005801 -0.028728 -0.929355 0.000000 
1.250000e-01 1.003102e-01 9.749818e-02 1.206591e-01 1.000000e-01 1.597502e+00 -0.991904 0.012762 0.040886 0.706138 0.210452 0.021666 0.991904 -0.005801 -0.028728 -0.929355 0.000000 
1.250000e-01 1.003102e-01 9.749818e-02 1.206591e-01 1.000000e-01 1.597502e+00 -0.991904 0.012762 0.040886 0.706138 0.210452 0.021666 0.991904 -0.005801 -0.028728 -0.929355 0.000000 
1.250000e-01 1.003102e-01 9.749818e-02 1.206591e-01 1.000000e-01 1.597502e+00 -0.991904 0.012762 0.040886 0.706138 0.210452 0.021666 0.991904 -0.005801 -0.028728 -0.929355 0.000000 
1.250000e-01 1.003102e-01 9.749818e-02 1.206591e-01 1.000000e-01 1.597502e+00 -0.991904 0.012762 0.040886 0.706138 0.210452 0.021666 0.991904 -0.005801 -0.028728 -0.929355 0.000000 
1.250000e-01 1.003102e-01 9.749818e-02 1.206591e-01 1.000000e-01 1.597502e+00 -0.991904 0.012762 0.040886 0.706138 0.210452 0.021666 0.991904 -0.005801 -0.028728 -0.929355 0.000000 
1.250000e-01 1.003102e-01 9.749818e-02 1.206591e-01 1.000000e-01 1.597502e+00 -0.991904 0.012762 0.040886 0.706138 0.210452 0.021666 0.991904 -0.005801 -0.028728 -0.929355 0.000000 
1.250000e-01 1.003102e-01 9.749818e-02 1.206591e-01 1.000000e-01 1.597502e+00 -0.991904 0.012762 0.040886 0.706138 0.210452 0.021666 0.991904 -0.005801 -0.028728 -0.929355 0.000000 
1.250000e-01 1.003102e-01 9.749818e-02 1.206591e-01 1.000000e-01 1.597502e+00 -0.991904 0.012762 0.040886 0.706138 0.210452 0.021666 0.991904 -0.005801 -0.028728 -0.929355 0.000000 
1.250000e-01 1.003102e-01 9.749818e-02 1.206591e-01 1.000000e-01 1.597502e+00 -0.991904 0.012762 0.040886 0.706138 0.210452 0.021666 0.991904 -0.005801 -0.028728 -0.929355 0.000000 
1.250000e-01 1.003102e-01 9.749818e-02 1.206591e-01 1.000000e-01 1.597502e+00 -0.991904 0.012762 0.040886 0.706138 0.210452 0.021666 0.991904 -0.005801 -0.028728 -0.929355 0.000000 
1.250000e-01 1.003102e-01 9.749818e-02 1.206591e-01 1.000000e-01 1.597502e+00 -0.991904 0.012762 0.040886 0.706138 0.210452 0.021666 0.991904 -0.005801 -0.028728 -0.929355 0.000000 
1.250000e-01 1.003102e-01 9.749818e-02 1.206591e-01 1.000000e-01 1.597502e+00 -0.991904 0.012762 0.040886 0.706138 0.210452 0.021666 0.991904 -0.005801 -0.028728 -0.929355 0.000000 
1.250000e-01 1.003102e-01 9.749818e-02 1.206591e-01 1.000000e-01 1.597502e+00 -0.991904 0.012762 0.040886 0.706138 0.210452 0.021666 0.991904 -0.005801 -0.028728 -0.929355 0.000000 
1.250000e-01 1.003102e-01 9.749818e-02 1.206591e-01 1.000000e-01 1.597502e+00 -0.991904 0.012762 0.040886 0.706138 0.210452 0.021666 0.991904 -0.005801 -0.028728 -0.929355 0.000000 
1.250000e-01 1.003102e-01 9.749818e-02 1.206591e-01 1.000000e-01 1.597502e+00 -0.991904 0.012762 0.040886 0.706138 0.210452 0.021666 0.991904 -0.005801 -0.028728 -0.929355 0.000000 
1.250000e-01 1.003102e-01 9.749818e-02 1.206591e-01 1.000000e-01 1.597502e+00 -0.991904 0.012762 0.040886 0.706138 0.210452 0.021666 0.991904 -0.005801 -0.028728 -0.929355 0.000000 
1.250000e-01 1.003102e-01 9.749818e-02 1.206591e-01 1.000000e-01 1.597502e+00 -0.991904 0.012762 0.040886 0.706138 0.210452 0.021666 0.991904 -0.005801 -0.028728 -0.929355 0.000000 
1.250000e-01 1.003102e-01 9.749818e-02 1.206591e-01 1.000000e-01 1.597502e+00 -0.991904 0.012762 0.040886 0.706138 0.210452 0.021666 0.991904 -0.005801 -0.028728 -0.929355 0.000000 
1.250000e-01 1.003102e-01 9.749818e-02 1.206591e-01 1.000000e-01 1.597502e+00 -0.991904 0.012762 0.040886 0.706138 0.210452 0.021666 0.991904 -0.005801 -0.028728 -0.929355 0.000000 
1.250000e-01 1.003102e-01 9.749818e-02 1.206591e-01 1.000000e-01 1.597502e+00 -0.991904 0.012762 0.040886 0.706138 0.210452 0.021666 0.991904 -0.005801 -0.028728 -0.929355 0.000000 
1.250000e-01 1.003102e-01 9.749818e-02 1.206591e-01 1.000000e-01 1.597502e+00 -0.991904 0.012762 0.040886 0.706138 0.210452 0.021666 0.991904 -0.005801 -0.028728 -0.929355 0.000000 
1.250000e-01 1.003102e-01 9.749818e-02 1.206591e-01 1.000000e-01 1.597502e+00 -0.991904 0.012762 0.040886 0.706138 0.210452 0.021666 0.991904 -0.005801 -0.028728 -0.929355 0.000000 
1.250000e-01 1.003102e-01 9.749818e-02 1.206591e-01 1.000000e-01 1.597502e+00 -0.991904 0.012762 0.040886 0.706138 0.210452 0.021666 0.991904 -0.005801 -0.028728 -0.929355 0.000000 
1.250000e-01 1.003102e-01 9.749818e-02 1.206591e-01 1.000000e-01 1.597502e+00 -0.991904 0.012762 0.040886 0.706138 0.210452 0.021666 0.991904 -0.005801 -0.028728 -0.929355 0.000000 
1.250000e-01 1.003102e-01 9.749818e-02 1.206591e-01 1.000000e-01 1.597502e+00 -0.991904 0.012762 0.040886 0.706138 0.210452 0.021666 0.991904 -0.005801 -0.028728 -0.929355 0.000000 
1.250000e-01 1.003102e-01 9.749818e-02 1.206591e-01 1.000000e-01 1.597502e+00 -0.991904 0.012762 0.040886 0.706138 0.210452 0.021666 0.991904 -0.005801 -0.028728 -0.929355 0.000000 
1.250000e-01 1.003102e-01 9.749818e-02 1.206591e-01 1.000000e-01 1.597502e+00 -0.991904 0.012762 0.040886 0.706138 0.210452 0.021666 0.991904 -0.005801 -0.028728 -0.929355 0.000000 
1.250000e-01 1.003102e-01 9.749818e-02 1.206591e-01 1.000000e-01 1.597502e+00 -0.991904 0.012762 0.040886 0.706138 0.210452 0.021666 0.991904 -0.005801 -0.028728 -0.929355 0.000000 
1.250000e-01 1.003102e-01 9.749818e-02 1.206591e-01 1.000000e-01 1.597502e+00 -0.991904 0.012762 0.040886 0.706138 0.210452 0.021666 0.991904 -0.005801 -0.028728 -0.929355 0.000000 
1.250000e-01 1.003102e-01 9.749818e-02 1.206591e-01 1.000000e-01 1.597502e+00 -0.991904 0.012762 0.040886 0.706138 0.210452 0.021666 0.991904 -0.005801 -0.028728 -0.929355 0.000000 
1.250000e-01 1.003102e-01 9.749818e-02 1.206591e-01 1.000000e-01 1.597502e+00 -0.991904 0.012762 0.040886 0.706138 0.210452 0.021666 0.991904 -0.005801 -0.028728 -0.929355 0.000000 
1.250000e-01 1.003102e-01 9.749818e-02 1.206591e-01 1.000000e-01 1.597502e+00 -0.991904 0.012762 0.040886 0.706138 0.210452 0.021666 0.991904 -0.005801 -0.028728 -0.929355 0.000000 
1.250000e-01 1.003102e-01 9.749818e-02 1.206591e-01 1.000000e-01 1.597502e+00 -0.991904 0.012762 0.040886 0.706138 0.210452 0.021666 0.991904 -0.005801 -0.028728 -0.929355 0.000000 
1.250000e-01 1.003102e-01 9.749818e-02 1.206591e-01 1.000000e-01 1.597502e+00 -0.991904 0.012762 0.040886 0.706138 0.210452 0.021666 0.991904 -0.005801 -0.028728 -0.929355 0.000000 
1.250000e-01 1.003102e-01 9.749818e-02 1.206591e-01 1.000000e-01 1.597502e+00 -0.991904 0.012762 0.040886 0.706138 0.210452 0.021666 0.991904 -0.005801 -0.028728 -0.929355 0.000000 
1.250000e-01 1.003102e-01 9.749818e-02 1.206591e-01 1.000000e-01 1.597502e+00 -0.991904 0.012762 0.040886 0.706138 0.210452 0.021666 0.991904 -0.005801 -0.028728 -0.929355 0.000000 
1.250000e-01 1.003102e-01 9.749818e-02 1.206591e-01 1.000000e-01 1.597502e+00 -0.991904 0.012762 0.040886 0.706138 0.210452 0.021666 0.991904 -0.005801 -0.028728 -0.929355 0.000000 
1.250000e-01 1.003102e-01 9.749818e-02 1.206591e-01 1.000000e-01 1.597502e+00 -0.991904 0.012762 0.040886 0.706138 0.210452 0.021666 0.991904 -0.005801 -0.028728 -0.929355 0.000000 
1.250000e-01 1.003102e-01 9.749818e-02 1.206591e-01 1.000000e-01 1.597502e+00 -0.991904 0.012762 0.040886 0.706138 0.210452 0.021666 0.991904 -0.005801 -0.028728 -0.929355 0.000000 
1.250000e-01 1.003102e-01 9.749818e-02 1.206591e-01 1.000000e-01 1.597502e+00 -0.991904 0.012762 0.040886 0.706138 0.210452 0.021666 0.991904 -0.005801 -0.028728 -0.929355 0.000000 
1.250000e-01 1.003102e-01 9.749818e-02 1.206591e-01 1.000000e-01 1.597502e+00 -0.991904 0.012762 0.040886 0.706138 0.210452 0.021666 0.991904 -0.005801 -0.028728 -0.929355 0.000000 
1.250000e-01 1.003102e-01 9.749818e-02 1.206591e-01 1.000000e-01 1.597502e+00 -0.991904 0.012762 0.040886 0.706138 0.210452 0.021666 0.991904 -0.005801 -0.028728 -0.929355 0.000000 
1.250000e-01 1.003102e-01 9.749818e-02 1.206591e-01 1.000000e-01 1.597502e+00 -0.991904 0.012762 0.040886 0.706138 0.210452 0.021666 0.991904 -0.005801 -0.028728 -0.929355 0.000000 
1.250000e-01 1.003102e-01 9.749818e-02 1.206591e-01 1.000000e-01 1.597502e+00 -0.991904 0.012762 0.040886 0.706138 0.210452 0.021666 0.991904 -0.005801 -0.028728 -0.929355 0.000000 
1.250000e-01 1.003102e-01 9.749818e-02 1.206591e-01 1.000000e-01 1.597502e+00 -0.991904 0.012762 0.040886 0.706138 0.210452 0.021666 0.991904 -0.005801 -0.028728 -0.929355 0.000000 
1.250000e-01 1.003102e-01 9.749818e-02 1.206591e-01 1.000000e-01 1.597502e+00 -0.991904 0.012762 0.040886 0.706138 0.210452 0.021666 0.991904 -0.005801 -0.028728 -0.929355 0.000000 
1.250000e-01 1.003102e-01 9.749818e-02 1.206591e-01 1.000000e-01 1.597502e+00 -0.991904 0.012762 0.040886 0.706138 0.210452 0.021666 0.991904 -0.005801 -0.028728 -0.929355 0.000000 
1.250000e-01 1.003102e-01 9.749818e-02 1.206591e-01 1.000000e-01 1.597502e+00 -0.991904 0.012762 0.040886 0.706138 0.210452 0.021666 0.991904 -0.005801 -0.028728 -0.929355 0.000000 
1.250000e-01 1.003102e-01 9.749818e-02 1.206591e-01 1.000000e-01 1.597502e+00 -0.991904 0.012762 0.040886 0.706138 0.210452 0.021666 0.991904 -0.005801 -0.028728 -0.929355 0.000000 
