# TeX TeY TeZ ThX ThY THZ P1 P2
8.500000e-02 1.000000e-01 1.230000e+00 8.500000e-02 1.000000e-01 1.230000e+00 0.000000 0.000000 0.000000 0.000000 0.000000 0.000000 0.000000 0.000000 0.000000 0.000000 0.000000 
8.500003e-02 1.000000e-01 1.220383e+00 8.499997e-02 1.000000e-01 1.237548e+00 -0.011340 0.001495 0.002967 0.002912 0.002870 0.001097 0.011340 -0.001455 -0.002911 -0.002914 0.000000 
8.500005e-02 1.000000e-01 1.210706e+00 8.499994e-02 1.000000e-01 1.245072e+00 -0.022705 0.002992 0.005939 0.005831 0.005747 0.002198 0.022705 -0.002914 -0.005829 -0.005835 0.000000 
8.500007e-02 1.000000e-01 1.200970e+00 8.499991e-02 1.000000e-01 1.252574e+00 -0.034094 0.004492 0.008917 0.008755 0.008629 0.003300 0.034094 -0.004376 -0.008753 -0.008761 0.000000 
8.500009e-02 1.000000e-01 1.191174e+00 8.499987e-02 1.000000e-01 1.260051e+00 -0.045506 0.005996 0.011902 0.011686 0.011517 0.004404 0.045505 -0.005840 -0.011683 -0.011694 0.000000 
8.500010e-02 1.000000e-01 1.181320e+00 8.499982e-02 1.000000e-01 1.267504e+00 -0.056940 0.007504 0.014896 0.014623 0.014408 0.005509 0.056940 -0.007308 -0.014619 -0.014632 0.000000 
8.500012e-02 1.000000e-01 1.171407e+00 8.499977e-02 1.000000e-01 1.274932e+00 -0.068397 0.009017 0.017898 0.017566 0.017302 0.006615 0.068397 -0.008778 -0.017560 -0.017576 0.000000 
8.500013e-02 1.000000e-01 1.161437e+00 8.499971e-02 1.000000e-01 1.282336e+00 -0.079876 0.010535 0.020910 0.020514 0.020196 0.007720 0.079876 -0.010252 -0.020507 -0.020526 0.000000 
8.500014e-02 1.000000e-01 1.151409e+00 8.499965e-02 1.000000e-01 1.289715e+00 -0.091376 0.012059 0.023931 0.023469 0.023092 0.008824 0.091376 -0.011728 -0.023459 -0.023481 0.000000 
8.500014e-02 1.000000e-01 1.141325e+00 8.499957e-02 1.000000e-01 1.297069e+00 -0.102897 0.013590 0.026964 0.026430 0.025986 0.009927 0.102897 -0.013206 -0.026417 -0.026442 0.000000 
8.500015e-02 1.000000e-01 1.131185e+00 8.499949e-02 1.000000e-01 1.304397e+00 -0.114438 0.015127 0.030009 0.029396 0.028878 0.011028 0.114438 -0.014687 -0.029380 -0.029407 0.000000 
8.500015e-02 1.000000e-01 1.120989e+00 8.499939e-02 1.000000e-01 1.311699e+00 -0.125998 0.016672 0.033068 0.032369 0.031765 0.012125 0.125998 -0.016171 -0.032348 -0.032378 0.000000 
8.500016e-02 1.000000e-01 1.110738e+00 8.499928e-02 1.000000e-01 1.318975e+00 -0.137578 0.018225 0.036140 0.035347 0.034648 0.013218 0.137578 -0.017657 -0.035321 -0.035354 0.000000 
8.500016e-02 1.000000e-01 1.100433e+00 8.499915e-02 1.000000e-01 1.326224e+00 -0.149176 0.019786 0.039227 0.038333 0.037523 0.014306 0.149176 -0.019146 -0.038299 -0.038334 0.000000 
8.500017e-02 1.000000e-01 1.090073e+00 8.499901e-02 1.000000e-01 1.333447e+00 -0.160793 0.021357 0.042332 0.041325 0.040390 0.015388 0.160793 -0.020637 -0.041281 -0.041319 0.000000 
8.500017e-02 1.000000e-01 1.079659e+00 8.499885e-02 1.000000e-01 1.340642e+00 -0.172427 0.022938 0.045453 0.044324 0.043247 0.016464 0.172426 -0.022130 -0.044268 -0.044309 0.000000 
8.500017e-02 1.000000e-01 1.069192e+00 8.499867e-02 1.000000e-01 1.347810e+00 -0.184078 0.024530 0.048596 0.047332 0.046090 0.017529 0.184077 -0.023625 -0.047259 -0.047303 0.000000 
8.500017e-02 1.000000e-01 1.058672e+00 8.499846e-02 1.000000e-01 1.354949e+00 -0.195745 0.026132 0.051758 0.050348 0.048919 0.018586 0.195745 -0.025123 -0.050254 -0.050301 0.000000 
8.500017e-02 1.000000e-01 1.048100e+00 8.499823e-02 1.000000e-01 1.362060e+00 -0.207428 0.027748 0.054946 0.053375 0.051729 0.019629 0.207428 -0.026622 -0.053254 -0.053303 0.000000 
8.500018e-02 1.000000e-01 1.037476e+00 8.499797e-02 1.000000e-01 1.369143e+00 -0.219127 0.029375 0.058158 0.056413 0.054520 0.020660 0.219126 -0.028123 -0.056257 -0.056310 0.000000 
8.500018e-02 1.000000e-01 1.026801e+00 8.499767e-02 1.000000e-01 1.376197e+00 -0.230840 0.031015 0.061398 0.059466 0.057286 0.021673 0.230840 -0.029627 -0.059265 -0.059320 0.000000 
8.500018e-02 1.000000e-01 1.016074e+00 8.499734e-02 1.000000e-01 1.383221e+00 -0.242568 0.032669 0.064670 0.062534 0.060026 0.022668 0.242567 -0.031132 -0.062276 -0.062333 0.000000 
8.500018e-02 1.000000e-01 1.005297e+00 8.499696e-02 1.000000e-01 1.390216e+00 -0.254309 0.034336 0.067973 0.065620 0.062737 0.023643 0.254309 -0.032639 -0.065290 -0.065350 0.000000 
8.500018e-02 1.000000e-01 9.944704e-01 8.499653e-02 1.000000e-01 1.397180e+00 -0.266064 0.036018 0.071317 0.068731 0.065408 0.024589 0.266064 -0.034147 -0.068308 -0.068371 0.000000 
8.500018e-02 1.000000e-01 9.835938e-01 8.499606e-02 1.000000e-01 1.404114e+00 -0.277831 0.037712 0.074699 0.071868 0.068042 0.025509 0.277831 -0.035658 -0.071329 -0.071395 0.000000 
8.500018e-02 1.000000e-01 9.726680e-01 8.499552e-02 1.000000e-01 1.411017e+00 -0.289611 0.039418 0.078129 0.075039 0.070629 0.026394 0.289610 -0.037170 -0.074353 -0.074422 0.000000 
8.500018e-02 1.000000e-01 9.616936e-01 8.499492e-02 1.000000e-01 1.417889e+00 -0.301402 0.041137 0.081609 0.078252 0.073163 0.027239 0.301401 -0.038683 -0.077380 -0.077452 0.000000 
8.500018e-02 1.000000e-01 9.506707e-01 8.499424e-02 1.000000e-01 1.424729e+00 -0.313204 0.042864 0.085142 0.081512 0.075642 0.028043 0.313203 -0.040198 -0.080410 -0.080485 0.000000 
8.500018e-02 1.000000e-01 9.396001e-01 8.499349e-02 1.000000e-01 1.431537e+00 -0.325016 0.044597 0.088743 0.084839 0.078047 0.028789 0.325016 -0.041714 -0.083443 -0.083520 0.000000 
8.500018e-02 1.000000e-01 9.284819e-01 8.499265e-02 1.000000e-01 1.438313e+00 -0.336838 0.046333 0.092411 0.088239 0.080377 0.029477 0.336838 -0.043231 -0.086478 -0.086558 0.000000 
8.500018e-02 1.000000e-01 9.173167e-01 8.499171e-02 1.000000e-01 1.445055e+00 -0.348670 0.048065 0.096152 0.091725 0.082626 0.030101 0.348670 -0.044749 -0.089516 -0.089599 0.000000 
8.500018e-02 1.000000e-01 9.061049e-01 8.499066e-02 1.000000e-01 1.451764e+00 -0.360511 0.049785 0.099993 0.095338 0.084761 0.030633 0.360510 -0.046269 -0.092556 -0.092641 0.000000 
8.500018e-02 1.000000e-01 8.948468e-01 8.498950e-02 1.000000e-01 1.458440e+00 -0.372360 0.051484 0.103926 0.099083 0.086786 0.031079 0.372359 -0.047790 -0.095598 -0.095686 0.000000 
8.500018e-02 1.000000e-01 8.835430e-01 8.498821e-02 1.000000e-01 1.465081e+00 -0.384216 0.053150 0.107966 0.102990 0.088685 0.031423 0.384216 -0.049312 -0.098642 -0.098733 0.000000 
8.500018e-02 1.000000e-01 8.721937e-01 8.498680e-02 1.000000e-01 1.471687e+00 -0.396080 0.054759 0.112149 0.107132 0.090410 0.031629 0.396079 -0.050834 -0.101687 -0.101782 0.000000 
8.500018e-02 1.000000e-01 8.607995e-01 8.498523e-02 1.000000e-01 1.478258e+00 -0.407950 0.056296 0.116470 0.111520 0.091962 0.031701 0.407950 -0.052358 -0.104735 -0.104832 0.000000 
8.500018e-02 1.000000e-01 8.493606e-01 8.498353e-02 1.000000e-01 1.484794e+00 -0.419827 0.057739 0.120947 0.116205 0.093315 0.031620 0.419826 -0.053882 -0.107784 -0.107884 0.000000 
8.500018e-02 1.000000e-01 8.378775e-01 8.498166e-02 1.000000e-01 1.491293e+00 -0.431709 0.059032 0.125636 0.121319 0.094389 0.031333 0.431709 -0.055407 -0.110835 -0.110937 0.000000 
8.500018e-02 1.000000e-01 8.263506e-01 8.497964e-02 1.000000e-01 1.497756e+00 -0.443596 0.060147 0.130538 0.126902 0.095170 0.030838 0.443596 -0.056933 -0.113886 -0.113992 0.000000 
8.500018e-02 1.000000e-01 8.147803e-01 8.497747e-02 1.000000e-01 1.504181e+00 -0.455487 0.061041 0.135678 0.133039 0.095611 0.030117 0.455486 -0.058459 -0.116939 -0.117048 0.000000 
8.500018e-02 1.000000e-01 8.031668e-01 8.497515e-02 1.000000e-01 1.510566e+00 -0.467381 0.061631 0.141109 0.139907 0.095612 0.029120 0.467380 -0.059985 -0.119993 -0.120104 0.000000 
8.500018e-02 1.000000e-01 7.915107e-01 8.497272e-02 1.000000e-01 1.516912e+00 -0.479276 0.061820 0.146883 0.147710 0.095057 0.027804 0.479276 -0.061512 -0.123047 -0.123161 0.000000 
8.500018e-02 9.999999e-02 7.798123e-01 8.497023e-02 1.000000e-01 1.523217e+00 -0.491173 0.061554 0.153004 0.156556 0.093890 0.026168 0.491173 -0.063039 -0.126101 -0.126218 0.000000 
8.500018e-02 9.999999e-02 7.680719e-01 8.496780e-02 1.000000e-01 1.529481e+00 -0.503071 0.060733 0.159505 0.166669 0.091980 0.024183 0.503070 -0.064566 -0.129156 -0.129275 0.000000 
8.500018e-02 9.999999e-02 7.562900e-01 8.496565e-02 1.000000e-01 1.535703e+00 -0.514968 0.059165 0.166446 0.178511 0.089065 0.021780 0.514968 -0.066093 -0.132210 -0.132333 0.000000 
8.500018e-02 9.999999e-02 7.444668e-01 8.496427e-02 1.000000e-01 1.541883e+00 -0.526865 0.056715 0.173811 0.192463 0.084934 0.018941 0.526864 -0.067619 -0.135264 -0.135390 0.000000 
8.500018e-02 9.999999e-02 7.326027e-01 8.496467e-02 1.000000e-01 1.548019e+00 -0.538759 0.053291 0.181505 0.208866 0.079419 0.015676 0.538758 -0.069146 -0.138318 -0.138446 0.000000 
8.500018e-02 9.999999e-02 7.206981e-01 8.496885e-02 1.000000e-01 1.554111e+00 -0.550648 0.048752 0.189377 0.228294 0.072248 0.011975 0.550647 -0.070672 -0.141370 -0.141501 0.000000 
8.500018e-02 9.999999e-02 7.087534e-01 8.498119e-02 1.000000e-01 1.560155e+00 -0.562527 0.042937 0.197091 0.251594 0.063075 0.007829 0.562527 -0.072196 -0.144420 -0.144554 0.000000 
8.500018e-02 9.999998e-02 6.967688e-01 8.501097e-02 1.000000e-01 1.566150e+00 -0.574388 0.035601 0.203826 0.280408 0.051333 0.003218 0.574387 -0.073719 -0.147465 -0.147602 0.000000 
8.500018e-02 9.999998e-02 6.847448e-01 8.507870e-02 1.000000e-01 1.572086e+00 -0.586214 0.026902 0.208238 0.315694 0.037121 -0.001744 0.586213 -0.075236 -0.150501 -0.150641 0.000000 
8.500018e-02 9.999997e-02 6.726816e-01 8.522994e-02 1.000000e-01 1.577950e+00 -0.597980 0.016934 0.207718 0.359837 0.020456 -0.006967 0.597979 -0.076747 -0.153522 -0.153664 0.000000 
8.500018e-02 9.999997e-02 6.605796e-01 8.557195e-02 1.000000e-01 1.583711e+00 -0.609650 0.005904 0.197047 0.417359 0.001661 -0.012322 0.609650 -0.078244 -0.156518 -0.156663 0.000000 
8.500018e-02 9.999996e-02 6.484392e-01 8.637235e-02 1.000000e-01 1.589299e+00 -0.621239 -0.006106 0.164750 0.499285 -0.018949 -0.017743 0.621239 -0.079732 -0.159494 -0.159641 0.000000 
8.500018e-02 9.999996e-02 6.362606e-01 8.820067e-02 1.000000e-01 1.594663e+00 -0.633285 -0.021030 0.081495 0.641787 -0.044830 -0.024138 0.633285 -0.081278 -0.162586 -0.162737 0.000000 
8.500018e-02 9.999995e-02 6.240442e-01 8.931983e-02 1.000000e-01 1.597501e+00 -0.644596 -0.033192 -0.008928 0.783238 -0.067186 -0.029338 0.644596 -0.082729 -0.165490 -0.165643 0.000000 
8.500018e-02 9.999994e-02 6.117902e-01 8.931983e-02 1.000000e-01 1.597501e+00 -0.652692 -0.032153 -0.006850 0.785319 -0.065094 -0.028532 0.652692 -0.083768 -0.167569 -0.167724 0.000000 
8.500018e-02 9.999992e-02 5.994991e-01 8.931983e-02 1.000000e-01 1.597501e+00 -0.660813 -0.031110 -0.004765 0.787406 -0.062996 -0.027723 0.660812 -0.084811 -0.169653 -0.169811 0.000000 
8.500018e-02 9.999991e-02 5.871711e-01 8.931983e-02 1.000000e-01 1.597501e+00 -0.668957 -0.030065 -0.002674 0.789499 -0.060892 -0.026912 0.668957 -0.085856 -0.171744 -0.171904 0.000000 
8.500018e-02 9.999989e-02 5.748066e-01 8.931983e-02 1.000000e-01 1.597501e+00 -0.677126 -0.029017 -0.000577 0.791598 -0.058781 -0.026099 0.677126 -0.086904 -0.173842 -0.174003 0.000000 
8.500018e-02 9.999986e-02 5.624058e-01 8.931983e-02 1.000000e-01 1.597501e+00 -0.685319 -0.027965 0.001527 0.793703 -0.056664 -0.025283 0.685319 -0.087956 -0.175945 -0.176108 0.000000 
8.500018e-02 9.999983e-02 5.499690e-01 8.931983e-02 1.000000e-01 1.597501e+00 -0.693536 -0.026911 0.003636 0.795815 -0.054541 -0.024465 0.693536 -0.089010 -0.178055 -0.178220 0.000000 
8.500018e-02 9.999980e-02 5.374966e-01 8.931983e-02 1.000000e-01 1.597501e+00 -0.701776 -0.025853 0.005752 0.797932 -0.052412 -0.023644 0.701776 -0.090068 -0.180170 -0.180337 0.000000 
8.500018e-02 9.999976e-02 5.249888e-01 8.931983e-02 1.000000e-01 1.597501e+00 -0.710040 -0.024792 0.007873 0.800056 -0.050277 -0.022822 0.710039 -0.091128 -0.182292 -0.182461 0.000000 
8.500018e-02 9.999971e-02 5.124459e-01 8.931983e-02 1.000000e-01 1.597501e+00 -0.718327 -0.023729 0.010001 0.802185 -0.048135 -0.021996 0.718326 -0.092192 -0.184419 -0.184591 0.000000 
8.500018e-02 9.999964e-02 4.998683e-01 8.931983e-02 1.000000e-01 1.597501e+00 -0.726637 -0.022662 0.012134 0.804321 -0.045988 -0.021169 0.726636 -0.093258 -0.186553 -0.186726 0.000000 
8.500018e-02 9.999957e-02 4.872562e-01 8.931983e-02 1.000000e-01 1.597501e+00 -0.734969 -0.021593 0.014273 0.806462 -0.043835 -0.020339 0.734969 -0.094327 -0.188692 -0.188868 0.000000 
8.500018e-02 9.999947e-02 4.746099e-01 8.931983e-02 1.000000e-01 1.597501e+00 -0.743324 -0.020521 0.016418 0.808609 -0.041677 -0.019507 0.743324 -0.095399 -0.190837 -0.191016 0.000000 
8.500018e-02 9.999936e-02 4.619296e-01 8.931983e-02 1.000000e-01 1.597501e+00 -0.751702 -0.019445 0.018569 0.810762 -0.039512 -0.018673 0.751701 -0.096474 -0.192988 -0.193170 0.000000 
8.500018e-02 9.999922e-02 4.492157e-01 8.931983e-02 1.000000e-01 1.597501e+00 -0.760102 -0.018367 0.020726 0.812920 -0.037342 -0.017837 0.760101 -0.097551 -0.195144 -0.195330 0.000000 
8.500018e-02 9.999906e-02 4.364684e-01 8.931983e-02 1.000000e-01 1.597501e+00 -0.768523 -0.017286 0.022888 0.815084 -0.035166 -0.016998 0.768523 -0.098631 -0.197307 -0.197496 0.000000 
8.500018e-02 9.999885e-02 4.236880e-01 8.931983e-02 1.000000e-01 1.597501e+00 -0.776967 -0.016203 0.025056 0.817254 -0.032984 -0.016157 0.776967 -0.099713 -0.199475 -0.199670 0.000000 
8.500018e-02 9.999860e-02 4.108748e-01 8.931983e-02 1.000000e-01 1.597501e+00 -0.785433 -0.015116 0.027229 0.819430 -0.030797 -0.015315 0.785432 -0.100797 -0.201648 -0.201851 0.000000 
8.500018e-02 9.999830e-02 3.980290e-01 8.931983e-02 1.000000e-01 1.597501e+00 -0.793920 -0.014027 0.029408 0.821610 -0.028604 -0.014469 0.793919 -0.101882 -0.203827 -0.204040 0.000000 
8.500018e-02 9.999793e-02 3.851509e-01 8.931983e-02 1.000000e-01 1.597501e+00 -0.802428 -0.012935 0.031592 0.823797 -0.026405 -0.013622 0.802427 -0.102967 -0.206012 -0.206239 0.000000 
8.500018e-02 9.999747e-02 3.722407e-01 8.931983e-02 1.000000e-01 1.597501e+00 -0.810957 -0.011840 0.033782 0.825989 -0.024201 -0.012773 0.810957 -0.104052 -0.208203 -0.208450 0.000000 
8.500018e-02 9.999692e-02 3.592988e-01 8.931983e-02 1.000000e-01 1.597501e+00 -0.819508 -0.010743 0.035977 0.828186 -0.021992 -0.011922 0.819507 -0.105135 -0.210399 -0.210676 0.000000 
8.500018e-02 9.999624e-02 3.463253e-01 8.931983e-02 1.000000e-01 1.597501e+00 -0.828079 -0.009643 0.038178 0.830389 -0.019777 -0.011068 0.828079 -0.106213 -0.212602 -0.212923 0.000000 
8.500018e-02 9.999540e-02 3.333205e-01 8.931983e-02 1.000000e-01 1.597501e+00 -0.836671 -0.008540 0.040384 0.832596 -0.017557 -0.010213 0.836671 -0.107282 -0.214810 -0.215198 0.000000 
8.500018e-02 9.999438e-02 3.202846e-01 8.931983e-02 1.000000e-01 1.597501e+00 -0.845284 -0.007435 0.042595 0.834810 -0.015332 -0.009355 0.845283 -0.108337 -0.217025 -0.217513 0.000000 
8.500018e-02 9.999314e-02 3.072179e-01 8.931983e-02 1.000000e-01 1.597501e+00 -0.853917 -0.006327 0.044811 0.837028 -0.013102 -0.008495 0.853916 -0.109366 -0.219248 -0.219888 0.000000 
8.500018e-02 9.999161e-02 2.941207e-01 8.931983e-02 1.000000e-01 1.597501e+00 -0.862570 -0.005216 0.047033 0.839252 -0.010866 -0.007634 0.862570 -0.110358 -0.221479 -0.222349 0.000000 
8.500018e-02 9.998974e-02 2.809931e-01 8.931983e-02 1.000000e-01 1.597501e+00 -0.871243 -0.004103 0.049260 0.841481 -0.008625 -0.006770 0.871243 -0.111289 -0.223720 -0.224943 0.000000 
8.500018e-02 9.998745e-02 2.678354e-01 8.931983e-02 1.000000e-01 1.597501e+00 -0.879936 -0.002987 0.051492 0.843714 -0.006379 -0.005905 0.879936 -0.112126 -0.225972 -0.227737 0.000000 
8.500018e-02 9.998465e-02 2.546478e-01 8.931983e-02 1.000000e-01 1.597501e+00 -0.888649 -0.001869 0.053729 0.845953 -0.004127 -0.005037 0.888649 -0.112823 -0.228238 -0.230828 0.000000 
8.500018e-02 9.998125e-02 2.414304e-01 8.931983e-02 1.000000e-01 1.597501e+00 -0.897382 -0.000748 0.055971 0.848198 -0.001871 -0.004167 0.897382 -0.113294 -0.230520 -0.234395 0.000000 
8.500018e-02 9.997711e-02 2.281836e-01 8.931983e-02 1.000000e-01 1.597501e+00 -0.906135 0.000375 0.058218 0.850447 0.000391 -0.003296 0.906135 -0.113428 -0.232817 -0.238681 0.000000 
8.500018e-02 9.997212e-02 2.149074e-01 8.931983e-02 1.000000e-01 1.597501e+00 -0.914908 0.001501 0.060470 0.852701 0.002657 -0.002422 0.914907 -0.113061 -0.235120 -0.244060 0.000000 
8.500018e-02 9.996617e-02 2.016021e-01 8.931983e-02 1.000000e-01 1.597501e+00 -0.923700 0.002630 0.062727 0.854961 0.004929 -0.001547 0.923700 -0.111898 -0.237391 -0.251247 0.000000 
8.500018e-02 9.995917e-02 1.882676e-01 8.931983e-02 1.000000e-01 1.597501e+00 -0.932513 0.003761 0.064990 0.857225 0.007206 -0.000669 0.932512 -0.109588 -0.239527 -0.261213 0.000000 
8.500018e-02 9.995117e-02 1.749040e-01 8.931983e-02 1.000000e-01 1.597501e+00 -0.941346 0.004894 0.067258 0.859495 0.009488 0.000210 0.941346 -0.105620 -0.241268 -0.275599 0.000000 
8.500018e-02 9.994254e-02 1.615110e-01 8.931983e-02 1.000000e-01 1.597501e+00 -0.950201 0.006031 0.069531 0.861771 0.011777 0.001092 0.950201 -0.099165 -0.241864 -0.297703 0.000000 
8.500018e-02 9.993486e-02 1.480872e-01 8.931983e-02 1.000000e-01 1.597501e+00 -0.959083 0.007171 0.071811 0.864053 0.014072 0.001976 0.959083 -0.089414 -0.239574 -0.332740 0.000000 
8.500018e-02 9.993480e-02 1.346249e-01 8.931983e-02 1.000000e-01 1.597501e+00 -0.968016 0.008317 0.074105 0.866348 0.016379 0.002866 0.968015 -0.075426 -0.230193 -0.390855 0.000000 
8.500018e-02 9.997157e-02 1.210882e-01 8.931983e-02 1.000000e-01 1.597501e+00 -0.977115 0.009485 0.076441 0.868687 0.018730 0.003772 0.977115 -0.056071 -0.202324 -0.495461 0.000000 
8.500018e-02 1.001357e-01 1.073227e-01 8.931983e-02 1.000000e-01 1.597501e+00 -0.986919 0.010743 0.078958 0.871206 0.021264 0.004748 0.986919 -0.029903 -0.128870 -0.696003 0.000000 
8.500018e-02 1.003097e-01 9.749972e-02 8.931983e-02 1.000000e-01 1.597501e+00 -0.994827 0.011758 0.080988 0.873238 0.023307 0.005535 0.994827 -0.006181 -0.029498 -0.930064 0.000000 
8.500018e-02 1.003097e-01 9.749972e-02 8.931983e-02 1.000000e-01 1.597501e+00 -0.994827 0.011758 0.080988 0.873238 0.023307 0.005535 0.994827 -0.006181 -0.029498 -0.930064 0.000000 
8.500018e-02 1.003097e-01 9.749972e-02 8.931983e-02 1.000000e-01 1.597501e+00 -0.994827 0.011758 0.080988 0.873238 0.023307 0.005535 0.994827 -0.006181 -0.029498 -0.930064 0.000000 
8.500018e-02 1.003097e-01 9.749972e-02 8.931983e-02 1.000000e-01 1.597501e+00 -0.994827 0.011758 0.080988 0.873238 0.023307 0.005535 0.994827 -0.006181 -0.029498 -0.930064 0.000000 
8.500018e-02 1.003097e-01 9.749972e-02 8.931983e-02 1.000000e-01 1.597501e+00 -0.994827 0.011758 0.080988 0.873238 0.023307 0.005535 0.994827 -0.006181 -0.029498 -0.930064 0.000000 
8.500018e-02 1.003097e-01 9.749972e-02 8.931983e-02 1.000000e-01 1.597501e+00 -0.994827 0.011758 0.080988 0.873238 0.023307 0.005535 0.994827 -0.006181 -0.029498 -0.930064 0.000000 
8.500018e-02 1.003097e-01 9.749972e-02 8.931983e-02 1.000000e-01 1.597501e+00 -0.994827 0.011758 0.080988 0.873238 0.023307 0.005535 0.994827 -0.006181 -0.029498 -0.930064 0.000000 
8.500018e-02 1.003097e-01 9.749972e-02 8.931983e-02 1.000000e-01 1.597501e+00 -0.994827 0.011758 0.080988 0.873238 0.023307 0.005535 0.994827 -0.006181 -0.029498 -0.930064 0.000000 
8.500018e-02 1.003097e-01 9.749972e-02 8.931983e-02 1.000000e-01 1.597501e+00 -0.994827 0.011758 0.080988 0.873238 0.023307 0.005535 0.994827 -0.006181 -0.029498 -0.930064 0.000000 
8.500018e-02 1.003097e-01 9.749972e-02 8.931983e-02 1.000000e-01 1.597501e+00 -0.994827 0.011758 0.080988 0.873238 0.023307 0.005535 0.994827 -0.006181 -0.029498 -0.930064 0.000000 
8.500018e-02 1.003097e-01 9.749972e-02 8.931983e-02 1.000000e-01 1.597501e+00 -0.994827 0.011758 0.080988 0.873238 0.023307 0.005535 0.994827 -0.006181 -0.029498 -0.930064 0.000000 
8.500018e-02 1.003097e-01 9.749972e-02 8.931983e-02 1.000000e-01 1.597501e+00 -0.994827 0.011758 0.080988 0.873238 0.023307 0.005535 0.994827 -0.006181 -0.029498 -0.930064 0.000000 
8.500018e-02 1.003097e-01 9.749972e-02 8.931983e-02 1.000000e-01 1.597501e+00 -0.994827 0.011758 0.080988 0.873238 0.023307 0.005535 0.994827 -0.006181 -0.029498 -0.930064 0.000000 
8.500018e-02 1.003097e-01 9.749972e-02 8.931983e-02 1.000000e-01 1.597501e+00 -0.994827 0.011758 0.080988 0.873238 0.023307 0.005535 0.994827 -0.006181 -0.029498 -0.930064 0.000000 
8.500018e-02 1.003097e-01 9.749972e-02 8.931983e-02 1.000000e-01 1.597501e+00 -0.994827 0.011758 0.080988 0.873238 0.023307 0.005535 0.994827 -0.006181 -0.029498 -0.930064 0.000000 
8.500018e-02 1.003097e-01 9.749972e-02 8.931983e-02 1.000000e-01 1.597501e+00 -0.994827 0.011758 0.080988 0.873238 0.023307 0.005535 0.994827 -0.006181 -0.029498 -0.930064 0.000000 
8.500018e-02 1.003097e-01 9.749972e-02 8.931983e-02 1.000000e-01 1.597501e+00 -0.994827 0.011758 0.080988 0.873238 0.023307 0.005535 0.994827 -0.006181 -0.029498 -0.930064 0.000000 
8.500018e-02 1.003097e-01 9.749972e-02 8.931983e-02 1.000000e-01 1.597501e+00 -0.994827 0.011758 0.080988 0.873238 0.023307 0.005535 0.994827 -0.006181 -0.029498 -0.930064 0.000000 
8.500018e-02 1.003097e-01 9.749972e-02 8.931983e-02 1.000000e-01 1.597501e+00 -0.994827 0.011758 0.080988 0.873238 0.023307 0.005535 0.994827 -0.006181 -0.029498 -0.930064 0.000000 
8.500018e-02 1.003097e-01 9.749972e-02 8.931983e-02 1.000000e-01 1.597501e+00 -0.994827 0.011758 0.080988 0.873238 0.023307 0.005535 0.994827 -0.006181 -0.029498 -0.930064 0.000000 
8.500018e-02 1.003097e-01 9.749972e-02 8.931983e-02 1.000000e-01 1.597501e+00 -0.994827 0.011758 0.080988 0.873238 0.023307 0.005535 0.994827 -0.006181 -0.029498 -0.930064 0.000000 
8.500018e-02 1.003097e-01 9.749972e-02 8.931983e-02 1.000000e-01 1.597501e+00 -0.994827 0.011758 0.080988 0.873238 0.023307 0.005535 0.994827 -0.006181 -0.029498 -0.930064 0.000000 
8.500018e-02 1.003097e-01 9.749972e-02 8.931983e-02 1.000000e-01 1.597501e+00 -0.994827 0.011758 0.080988 0.873238 0.023307 0.005535 0.994827 -0.006181 -0.029498 -0.930064 0.000000 
8.500018e-02 1.003097e-01 9.749972e-02 8.931983e-02 1.000000e-01 1.597501e+00 -0.994827 0.011758 0.080988 0.873238 0.023307 0.005535 0.994827 -0.006181 -0.029498 -0.930064 0.000000 
8.500018e-02 1.003097e-01 9.749972e-02 8.931983e-02 1.000000e-01 1.597501e+00 -0.994827 0.011758 0.080988 0.873238 0.023307 0.005535 0.994827 -0.006181 -0.029498 -0.930064 0.000000 
8.500018e-02 1.003097e-01 9.749972e-02 8.931983e-02 1.000000e-01 1.597501e+00 -0.994827 0.011758 0.080988 0.873238 0.023307 0.005535 0.994827 -0.006181 -0.029498 -0.930064 0.000000 
8.500018e-02 1.003097e-01 9.749972e-02 8.931983e-02 1.000000e-01 1.597501e+00 -0.994827 0.011758 0.080988 0.873238 0.023307 0.005535 0.994827 -0.006181 -0.029498 -0.930064 0.000000 
8.500018e-02 1.003097e-01 9.749972e-02 8.931983e-02 1.000000e-01 1.597501e+00 -0.994827 0.011758 0.080988 0.873238 0.023307 0.005535 0.994827 -0.006181 -0.029498 -0.930064 0.000000 
8.500018e-02 1.003097e-01 9.749972e-02 8.931983e-02 1.000000e-01 1.597501e+00 -0.994827 0.011758 0.080988 0.873238 0.023307 0.005535 0.994827 -0.006181 -0.029498 -0.930064 0.000000 
8.500018e-02 1.003097e-01 9.749972e-02 8.931983e-02 1.000000e-01 1.597501e+00 -0.994827 0.011758 0.080988 0.873238 0.023307 0.005535 0.994827 -0.006181 -0.029498 -0.930064 0.000000 
8.500018e-02 1.003097e-01 9.749972e-02 8.931983e-02 1.000000e-01 1.597501e+00 -0.994827 0.011758 0.080988 0.873238 0.023307 0.005535 0.994827 -0.006181 -0.029498 -0.930064 0.000000 
8.500018e-02 1.003097e-01 9.749972e-02 8.931983e-02 1.000000e-01 1.597501e+00 -0.994827 0.011758 0.080988 0.873238 0.023307 0.005535 0.994827 -0.006181 -0.029498 -0.930064 0.000000 
8.500018e-02 1.003097e-01 9.749972e-02 8.931983e-02 1.000000e-01 1.597501e+00 -0.994827 0.011758 0.080988 0.873238 0.023307 0.005535 0.994827 -0.006181 -0.029498 -0.930064 0.000000 
8.500018e-02 1.003097e-01 9.749972e-02 8.931983e-02 1.000000e-01 1.597501e+00 -0.994827 0.011758 0.080988 0.873238 0.023307 0.005535 0.994827 -0.006181 -0.029498 -0.930064 0.000000 
8.500018e-02 1.003097e-01 9.749972e-02 8.931983e-02 1.000000e-01 1.597501e+00 -0.994827 0.011758 0.080988 0.873238 0.023307 0.005535 0.994827 -0.006181 -0.029498 -0.930064 0.000000 
8.500018e-02 1.003097e-01 9.749972e-02 8.931983e-02 1.000000e-01 1.597501e+00 -0.994827 0.011758 0.080988 0.873238 0.023307 0.005535 0.994827 -0.006181 -0.029498 -0.930064 0.000000 
8.500018e-02 1.003097e-01 9.749972e-02 8.931983e-02 1.000000e-01 1.597501e+00 -0.994827 0.011758 0.080988 0.873238 0.023307 0.005535 0.994827 -0.006181 -0.029498 -0.930064 0.000000 
8.500018e-02 1.003097e-01 9.749972e-02 8.931983e-02 1.000000e-01 1.597501e+00 -0.994827 0.011758 0.080988 0.873238 0.023307 0.005535 0.994827 -0.006181 -0.029498 -0.930064 0.000000 
8.500018e-02 1.003097e-01 9.749972e-02 8.931983e-02 1.000000e-01 1.597501e+00 -0.994827 0.011758 0.080988 0.873238 0.023307 0.005535 0.994827 -0.006181 -0.029498 -0.930064 0.000000 
8.500018e-02 1.003097e-01 9.749972e-02 8.931983e-02 1.000000e-01 1.597501e+00 -0.994827 0.011758 0.080988 0.873238 0.023307 0.005535 0.994827 -0.006181 -0.029498 -0.930064 0.000000 
8.500018e-02 1.003097e-01 9.749972e-02 8.931983e-02 1.000000e-01 1.597501e+00 -0.994827 0.011758 0.080988 0.873238 0.023307 0.005535 0.994827 -0.006181 -0.029498 -0.930064 0.000000 
8.500018e-02 1.003097e-01 9.749972e-02 8.931983e-02 1.000000e-01 1.597501e+00 -0.994827 0.011758 0.080988 0.873238 0.023307 0.005535 0.994827 -0.006181 -0.029498 -0.930064 0.000000 
8.500018e-02 1.003097e-01 9.749972e-02 8.931983e-02 1.000000e-01 1.597501e+00 -0.994827 0.011758 0.080988 0.873238 0.023307 0.005535 0.994827 -0.006181 -0.029498 -0.930064 0.000000 
8.500018e-02 1.003097e-01 9.749972e-02 8.931983e-02 1.000000e-01 1.597501e+00 -0.994827 0.011758 0.080988 0.873238 0.023307 0.005535 0.994827 -0.006181 -0.029498 -0.930064 0.000000 
8.500018e-02 1.003097e-01 9.749972e-02 8.931983e-02 1.000000e-01 1.597501e+00 -0.994827 0.011758 0.080988 0.873238 0.023307 0.005535 0.994827 -0.006181 -0.029498 -0.930064 0.000000 
8.500018e-02 1.003097e-01 9.749972e-02 8.931983e-02 1.000000e-01 1.597501e+00 -0.994827 0.011758 0.080988 0.873238 0.023307 0.005535 0.994827 -0.006181 -0.029498 -0.930064 0.000000 
8.500018e-02 1.003097e-01 9.749972e-02 8.931983e-02 1.000000e-01 1.597501e+00 -0.994827 0.011758 0.080988 0.873238 0.023307 0.005535 0.994827 -0.006181 -0.029498 -0.930064 0.000000 
8.500018e-02 1.003097e-01 9.749972e-02 8.931983e-02 1.000000e-01 1.597501e+00 -0.994827 0.011758 0.080988 0.873238 0.023307 0.005535 0.994827 -0.006181 -0.029498 -0.930064 0.000000 
8.500018e-02 1.003097e-01 9.749972e-02 8.931983e-02 1.000000e-01 1.597501e+00 -0.994827 0.011758 0.080988 0.873238 0.023307 0.005535 0.994827 -0.006181 -0.029498 -0.930064 0.000000 
8.500018e-02 1.003097e-01 9.749972e-02 8.931983e-02 1.000000e-01 1.597501e+00 -0.994827 0.011758 0.080988 0.873238 0.023307 0.005535 0.994827 -0.006181 -0.029498 -0.930064 0.000000 
8.500018e-02 1.003097e-01 9.749972e-02 8.931983e-02 1.000000e-01 1.597501e+00 -0.994827 0.011758 0.080988 0.873238 0.023307 0.005535 0.994827 -0.006181 -0.029498 -0.930064 0.000000 
8.500018e-02 1.003097e-01 9.749972e-02 8.931983e-02 1.000000e-01 1.597501e+00 -0.994827 0.011758 0.080988 0.873238 0.023307 0.005535 0.994827 -0.006181 -0.029498 -0.930064 0.000000 
8.500018e-02 1.003097e-01 9.749972e-02 8.931983e-02 1.000000e-01 1.597501e+00 -0.994827 0.011758 0.080988 0.873238 0.023307 0.005535 0.994827 -0.006181 -0.029498 -0.930064 0.000000 
8.500018e-02 1.003097e-01 9.749972e-02 8.931983e-02 1.000000e-01 1.597501e+00 -0.994827 0.011758 0.080988 0.873238 0.023307 0.005535 0.994827 -0.006181 -0.029498 -0.930064 0.000000 
8.500018e-02 1.003097e-01 9.749972e-02 8.931983e-02 1.000000e-01 1.597501e+00 -0.994827 0.011758 0.080988 0.873238 0.023307 0.005535 0.994827 -0.006181 -0.029498 -0.930064 0.000000 
8.500018e-02 1.003097e-01 9.749972e-02 8.931983e-02 1.000000e-01 1.597501e+00 -0.994827 0.011758 0.080988 0.873238 0.023307 0.005535 0.994827 -0.006181 -0.029498 -0.930064 0.000000 
8.500018e-02 1.003097e-01 9.749972e-02 8.931983e-02 1.000000e-01 1.597501e+00 -0.994827 0.011758 0.080988 0.873238 0.023307 0.005535 0.994827 -0.006181 -0.029498 -0.930064 0.000000 
8.500018e-02 1.003097e-01 9.749972e-02 8.931983e-02 1.000000e-01 1.597501e+00 -0.994827 0.011758 0.080988 0.873238 0.023307 0.005535 0.994827 -0.006181 -0.029498 -0.930064 0.000000 
8.500018e-02 1.003097e-01 9.749972e-02 8.931983e-02 1.000000e-01 1.597501e+00 -0.994827 0.011758 0.080988 0.873238 0.023307 0.005535 0.994827 -0.006181 -0.029498 -0.930064 0.000000 
8.500018e-02 1.003097e-01 9.749972e-02 8.931983e-02 1.000000e-01 1.597501e+00 -0.994827 0.011758 0.080988 0.873238 0.023307 0.005535 0.994827 -0.006181 -0.029498 -0.930064 0.000000 
8.500018e-02 1.003097e-01 9.749972e-02 8.931983e-02 1.000000e-01 1.597501e+00 -0.994827 0.011758 0.080988 0.873238 0.023307 0.005535 0.994827 -0.006181 -0.029498 -0.930064 0.000000 
8.500018e-02 1.003097e-01 9.749972e-02 8.931983e-02 1.000000e-01 1.597501e+00 -0.994827 0.011758 0.080988 0.873238 0.023307 0.005535 0.994827 -0.006181 -0.029498 -0.930064 0.000000 
8.500018e-02 1.003097e-01 9.749972e-02 8.931983e-02 1.000000e-01 1.597501e+00 -0.994827 0.011758 0.080988 0.873238 0.023307 0.005535 0.994827 -0.006181 -0.029498 -0.930064 0.000000 
8.500018e-02 1.003097e-01 9.749972e-02 8.931983e-02 1.000000e-01 1.597501e+00 -0.994827 0.011758 0.080988 0.873238 0.023307 0.005535 0.994827 -0.006181 -0.029498 -0.930064 0.000000 
8.500018e-02 1.003097e-01 9.749972e-02 8.931983e-02 1.000000e-01 1.597501e+00 -0.994827 0.011758 0.080988 0.873238 0.023307 0.005535 0.994827 -0.006181 -0.029498 -0.930064 0.000000 
8.500018e-02 1.003097e-01 9.749972e-02 8.931983e-02 1.000000e-01 1.597501e+00 -0.994827 0.011758 0.080988 0.873238 0.023307 0.005535 0.994827 -0.006181 -0.029498 -0.930064 0.000000 
8.500018e-02 1.003097e-01 9.749972e-02 8.931983e-02 1.000000e-01 1.597501e+00 -0.994827 0.011758 0.080988 0.873238 0.023307 0.005535 0.994827 -0.006181 -0.029498 -0.930064 0.000000 
8.500018e-02 1.003097e-01 9.749972e-02 8.931983e-02 1.000000e-01 1.597501e+00 -0.994827 0.011758 0.080988 0.873238 0.023307 0.005535 0.994827 -0.006181 -0.029498 -0.930064 0.000000 
8.500018e-02 1.003097e-01 9.749972e-02 8.931983e-02 1.000000e-01 1.597501e+00 -0.994827 0.011758 0.080988 0.873238 0.023307 0.005535 0.994827 -0.006181 -0.029498 -0.930064 0.000000 
8.500018e-02 1.003097e-01 9.749972e-02 8.931983e-02 1.000000e-01 1.597501e+00 -0.994827 0.011758 0.080988 0.873238 0.023307 0.005535 0.994827 -0.006181 -0.029498 -0.930064 0.000000 
8.500018e-02 1.003097e-01 9.749972e-02 8.931983e-02 1.000000e-01 1.597501e+00 -0.994827 0.011758 0.080988 0.873238 0.023307 0.005535 0.994827 -0.006181 -0.029498 -0.930064 0.000000 
8.500018e-02 1.003097e-01 9.749972e-02 8.931983e-02 1.000000e-01 1.597501e+00 -0.994827 0.011758 0.080988 0.873238 0.023307 0.005535 0.994827 -0.006181 -0.029498 -0.930064 0.000000 
8.500018e-02 1.003097e-01 9.749972e-02 8.931983e-02 1.000000e-01 1.597501e+00 -0.994827 0.011758 0.080988 0.873238 0.023307 0.005535 0.994827 -0.006181 -0.029498 -0.930064 0.000000 
8.500018e-02 1.003097e-01 9.749972e-02 8.931983e-02 1.000000e-01 1.597501e+00 -0.994827 0.011758 0.080988 0.873238 0.023307 0.005535 0.994827 -0.006181 -0.029498 -0.930064 0.000000 
8.500018e-02 1.003097e-01 9.749972e-02 8.931983e-02 1.000000e-01 1.597501e+00 -0.994827 0.011758 0.080988 0.873238 0.023307 0.005535 0.994827 -0.006181 -0.029498 -0.930064 0.000000 
8.500018e-02 1.003097e-01 9.749972e-02 8.931983e-02 1.000000e-01 1.597501e+00 -0.994827 0.011758 0.080988 0.873238 0.023307 0.005535 0.994827 -0.006181 -0.029498 -0.930064 0.000000 
8.500018e-02 1.003097e-01 9.749972e-02 8.931983e-02 1.000000e-01 1.597501e+00 -0.994827 0.011758 0.080988 0.873238 0.023307 0.005535 0.994827 -0.006181 -0.029498 -0.930064 0.000000 
8.500018e-02 1.003097e-01 9.749972e-02 8.931983e-02 1.000000e-01 1.597501e+00 -0.994827 0.011758 0.080988 0.873238 0.023307 0.005535 0.994827 -0.006181 -0.029498 -0.930064 0.000000 
8.500018e-02 1.003097e-01 9.749972e-02 8.931983e-02 1.000000e-01 1.597501e+00 -0.994827 0.011758 0.080988 0.873238 0.023307 0.005535 0.994827 -0.006181 -0.029498 -0.930064 0.000000 
8.500018e-02 1.003097e-01 9.749972e-02 8.931983e-02 1.000000e-01 1.597501e+00 -0.994827 0.011758 0.080988 0.873238 0.023307 0.005535 0.994827 -0.006181 -0.029498 -0.930064 0.000000 
8.500018e-02 1.003097e-01 9.749972e-02 8.931983e-02 1.000000e-01 1.597501e+00 -0.994827 0.011758 0.080988 0.873238 0.023307 0.005535 0.994827 -0.006181 -0.029498 -0.930064 0.000000 
8.500018e-02 1.003097e-01 9.749972e-02 8.931983e-02 1.000000e-01 1.597501e+00 -0.994827 0.011758 0.080988 0.873238 0.023307 0.005535 0.994827 -0.006181 -0.029498 -0.930064 0.000000 
8.500018e-02 1.003097e-01 9.749972e-02 8.931983e-02 1.000000e-01 1.597501e+00 -0.994827 0.011758 0.080988 0.873238 0.023307 0.005535 0.994827 -0.006181 -0.029498 -0.930064 0.000000 
8.500018e-02 1.003097e-01 9.749972e-02 8.931983e-02 1.000000e-01 1.597501e+00 -0.994827 0.011758 0.080988 0.873238 0.023307 0.005535 0.994827 -0.006181 -0.029498 -0.930064 0.000000 
8.500018e-02 1.003097e-01 9.749972e-02 8.931983e-02 1.000000e-01 1.597501e+00 -0.994827 0.011758 0.080988 0.873238 0.023307 0.005535 0.994827 -0.006181 -0.029498 -0.930064 0.000000 
8.500018e-02 1.003097e-01 9.749972e-02 8.931983e-02 1.000000e-01 1.597501e+00 -0.994827 0.011758 0.080988 0.873238 0.023307 0.005535 0.994827 -0.006181 -0.029498 -0.930064 0.000000 
8.500018e-02 1.003097e-01 9.749972e-02 8.931983e-02 1.000000e-01 1.597501e+00 -0.994827 0.011758 0.080988 0.873238 0.023307 0.005535 0.994827 -0.006181 -0.029498 -0.930064 0.000000 
8.500018e-02 1.003097e-01 9.749972e-02 8.931983e-02 1.000000e-01 1.597501e+00 -0.994827 0.011758 0.080988 0.873238 0.023307 0.005535 0.994827 -0.006181 -0.029498 -0.930064 0.000000 
8.500018e-02 1.003097e-01 9.749972e-02 8.931983e-02 1.000000e-01 1.597501e+00 -0.994827 0.011758 0.080988 0.873238 0.023307 0.005535 0.994827 -0.006181 -0.029498 -0.930064 0.000000 
8.500018e-02 1.003097e-01 9.749972e-02 8.931983e-02 1.000000e-01 1.597501e+00 -0.994827 0.011758 0.080988 0.873238 0.023307 0.005535 0.994827 -0.006181 -0.029498 -0.930064 0.000000 
8.500018e-02 1.003097e-01 9.749972e-02 8.931983e-02 1.000000e-01 1.597501e+00 -0.994827 0.011758 0.080988 0.873238 0.023307 0.005535 0.994827 -0.006181 -0.029498 -0.930064 0.000000 
8.500018e-02 1.003097e-01 9.749972e-02 8.931983e-02 1.000000e-01 1.597501e+00 -0.994827 0.011758 0.080988 0.873238 0.023307 0.005535 0.994827 -0.006181 -0.029498 -0.930064 0.000000 
8.500018e-02 1.003097e-01 9.749972e-02 8.931983e-02 1.000000e-01 1.597501e+00 -0.994827 0.011758 0.080988 0.873238 0.023307 0.005535 0.994827 -0.006181 -0.029498 -0.930064 0.000000 
8.500018e-02 1.003097e-01 9.749972e-02 8.931983e-02 1.000000e-01 1.597501e+00 -0.994827 0.011758 0.080988 0.873238 0.023307 0.005535 0.994827 -0.006181 -0.029498 -0.930064 0.000000 
8.500018e-02 1.003097e-01 9.749972e-02 8.931983e-02 1.000000e-01 1.597501e+00 -0.994827 0.011758 0.080988 0.873238 0.023307 0.005535 0.994827 -0.006181 -0.029498 -0.930064 0.000000 
8.500018e-02 1.003097e-01 9.749972e-02 8.931983e-02 1.000000e-01 1.597501e+00 -0.994827 0.011758 0.080988 0.873238 0.023307 0.005535 0.994827 -0.006181 -0.029498 -0.930064 0.000000 
8.500018e-02 1.003097e-01 9.749972e-02 8.931983e-02 1.000000e-01 1.597501e+00 -0.994827 0.011758 0.080988 0.873238 0.023307 0.005535 0.994827 -0.006181 -0.029498 -0.930064 0.000000 
8.500018e-02 1.003097e-01 9.749972e-02 8.931983e-02 1.000000e-01 1.597501e+00 -0.994827 0.011758 0.080988 0.873238 0.023307 0.005535 0.994827 -0.006181 -0.029498 -0.930064 0.000000 
8.500018e-02 1.003097e-01 9.749972e-02 8.931983e-02 1.000000e-01 1.597501e+00 -0.994827 0.011758 0.080988 0.873238 0.023307 0.005535 0.994827 -0.006181 -0.029498 -0.930064 0.000000 
8.500018e-02 1.003097e-01 9.749972e-02 8.931983e-02 1.000000e-01 1.597501e+00 -0.994827 0.011758 0.080988 0.873238 0.023307 0.005535 0.994827 -0.006181 -0.029498 -0.930064 0.000000 
8.500018e-02 1.003097e-01 9.749972e-02 8.931983e-02 1.000000e-01 1.597501e+00 -0.994827 0.011758 0.080988 0.873238 0.023307 0.005535 0.994827 -0.006181 -0.029498 -0.930064 0.000000 
8.500018e-02 1.003097e-01 9.749972e-02 8.931983e-02 1.000000e-01 1.597501e+00 -0.994827 0.011758 0.080988 0.873238 0.023307 0.005535 0.994827 -0.006181 -0.029498 -0.930064 0.000000 
8.500018e-02 1.003097e-01 9.749972e-02 8.931983e-02 1.000000e-01 1.597501e+00 -0.994827 0.011758 0.080988 0.873238 0.023307 0.005535 0.994827 -0.006181 -0.029498 -0.930064 0.000000 
8.500018e-02 1.003097e-01 9.749972e-02 8.931983e-02 1.000000e-01 1.597501e+00 -0.994827 0.011758 0.080988 0.873238 0.023307 0.005535 0.994827 -0.006181 -0.029498 -0.930064 0.000000 
8.500018e-02 1.003097e-01 9.749972e-02 8.931983e-02 1.000000e-01 1.597501e+00 -0.994827 0.011758 0.080988 0.873238 0.023307 0.005535 0.994827 -0.006181 -0.029498 -0.930064 0.000000 
8.500018e-02 1.003097e-01 9.749972e-02 8.931983e-02 1.000000e-01 1.597501e+00 -0.994827 0.011758 0.080988 0.873238 0.023307 0.005535 0.994827 -0.006181 -0.029498 -0.930064 0.000000 
8.500018e-02 1.003097e-01 9.749972e-02 8.931983e-02 1.000000e-01 1.597501e+00 -0.994827 0.011758 0.080988 0.873238 0.023307 0.005535 0.994827 -0.006181 -0.029498 -0.930064 0.000000 
8.500018e-02 1.003097e-01 9.749972e-02 8.931983e-02 1.000000e-01 1.597501e+00 -0.994827 0.011758 0.080988 0.873238 0.023307 0.005535 0.994827 -0.006181 -0.029498 -0.930064 0.000000 
8.500018e-02 1.003097e-01 9.749972e-02 8.931983e-02 1.000000e-01 1.597501e+00 -0.994827 0.011758 0.080988 0.873238 0.023307 0.005535 0.994827 -0.006181 -0.029498 -0.930064 0.000000 
8.500018e-02 1.003097e-01 9.749972e-02 8.931983e-02 1.000000e-01 1.597501e+00 -0.994827 0.011758 0.080988 0.873238 0.023307 0.005535 0.994827 -0.006181 -0.029498 -0.930064 0.000000 
8.500018e-02 1.003097e-01 9.749972e-02 8.931983e-02 1.000000e-01 1.597501e+00 -0.994827 0.011758 0.080988 0.873238 0.023307 0.005535 0.994827 -0.006181 -0.029498 -0.930064 0.000000 
8.500018e-02 1.003097e-01 9.749972e-02 8.931983e-02 1.000000e-01 1.597501e+00 -0.994827 0.011758 0.080988 0.873238 0.023307 0.005535 0.994827 -0.006181 -0.029498 -0.930064 0.000000 
8.500018e-02 1.003097e-01 9.749972e-02 8.931983e-02 1.000000e-01 1.597501e+00 -0.994827 0.011758 0.080988 0.873238 0.023307 0.005535 0.994827 -0.006181 -0.029498 -0.930064 0.000000 
8.500018e-02 1.003097e-01 9.749972e-02 8.931983e-02 1.000000e-01 1.597501e+00 -0.994827 0.011758 0.080988 0.873238 0.023307 0.005535 0.994827 -0.006181 -0.029498 -0.930064 0.000000 
8.500018e-02 1.003097e-01 9.749972e-02 8.931983e-02 1.000000e-01 1.597501e+00 -0.994827 0.011758 0.080988 0.873238 0.023307 0.005535 0.994827 -0.006181 -0.029498 -0.930064 0.000000 
8.500018e-02 1.003097e-01 9.749972e-02 8.931983e-02 1.000000e-01 1.597501e+00 -0.994827 0.011758 0.080988 0.873238 0.023307 0.005535 0.994827 -0.006181 -0.029498 -0.930064 0.000000 
8.500018e-02 1.003097e-01 9.749972e-02 8.931983e-02 1.000000e-01 1.597501e+00 -0.994827 0.011758 0.080988 0.873238 0.023307 0.005535 0.994827 -0.006181 -0.029498 -0.930064 0.000000 
8.500018e-02 1.003097e-01 9.749972e-02 8.931983e-02 1.000000e-01 1.597501e+00 -0.994827 0.011758 0.080988 0.873238 0.023307 0.005535 0.994827 -0.006181 -0.029498 -0.930064 0.000000 
8.500018e-02 1.003097e-01 9.749972e-02 8.931983e-02 1.000000e-01 1.597501e+00 -0.994827 0.011758 0.080988 0.873238 0.023307 0.005535 0.994827 -0.006181 -0.029498 -0.930064 0.000000 
8.500018e-02 1.003097e-01 9.749972e-02 8.931983e-02 1.000000e-01 1.597501e+00 -0.994827 0.011758 0.080988 0.873238 0.023307 0.005535 0.994827 -0.006181 -0.029498 -0.930064 0.000000 
8.500018e-02 1.003097e-01 9.749972e-02 8.931983e-02 1.000000e-01 1.597501e+00 -0.994827 0.011758 0.080988 0.873238 0.023307 0.005535 0.994827 -0.006181 -0.029498 -0.930064 0.000000 
8.500018e-02 1.003097e-01 9.749972e-02 8.931983e-02 1.000000e-01 1.597501e+00 -0.994827 0.011758 0.080988 0.873238 0.023307 0.005535 0.994827 -0.006181 -0.029498 -0.930064 0.000000 
8.500018e-02 1.003097e-01 9.749972e-02 8.931983e-02 1.000000e-01 1.597501e+00 -0.994827 0.011758 0.080988 0.873238 0.023307 0.005535 0.994827 -0.006181 -0.029498 -0.930064 0.000000 
8.500018e-02 1.003097e-01 9.749972e-02 8.931983e-02 1.000000e-01 1.597501e+00 -0.994827 0.011758 0.080988 0.873238 0.023307 0.005535 0.994827 -0.006181 -0.029498 -0.930064 0.000000 
8.500018e-02 1.003097e-01 9.749972e-02 8.931983e-02 1.000000e-01 1.597501e+00 -0.994827 0.011758 0.080988 0.873238 0.023307 0.005535 0.994827 -0.006181 -0.029498 -0.930064 0.000000 
8.500018e-02 1.003097e-01 9.749972e-02 8.931983e-02 1.000000e-01 1.597501e+00 -0.994827 0.011758 0.080988 0.873238 0.023307 0.005535 0.994827 -0.006181 -0.029498 -0.930064 0.000000 
8.500018e-02 1.003097e-01 9.749972e-02 8.931983e-02 1.000000e-01 1.597501e+00 -0.994827 0.011758 0.080988 0.873238 0.023307 0.005535 0.994827 -0.006181 -0.029498 -0.930064 0.000000 
8.500018e-02 1.003097e-01 9.749972e-02 8.931983e-02 1.000000e-01 1.597501e+00 -0.994827 0.011758 0.080988 0.873238 0.023307 0.005535 0.994827 -0.006181 -0.029498 -0.930064 0.000000 
8.500018e-02 1.003097e-01 9.749972e-02 8.931983e-02 1.000000e-01 1.597501e+00 -0.994827 0.011758 0.080988 0.873238 0.023307 0.005535 0.994827 -0.006181 -0.029498 -0.930064 0.000000 
8.500018e-02 1.003097e-01 9.749972e-02 8.931983e-02 1.000000e-01 1.597501e+00 -0.994827 0.011758 0.080988 0.873238 0.023307 0.005535 0.994827 -0.006181 -0.029498 -0.930064 0.000000 
8.500018e-02 1.003097e-01 9.749972e-02 8.931983e-02 1.000000e-01 1.597501e+00 -0.994827 0.011758 0.080988 0.873238 0.023307 0.005535 0.994827 -0.006181 -0.029498 -0.930064 0.000000 
8.500018e-02 1.003097e-01 9.749972e-02 8.931983e-02 1.000000e-01 1.597501e+00 -0.994827 0.011758 0.080988 0.873238 0.023307 0.005535 0.994827 -0.006181 -0.029498 -0.930064 0.000000 
8.500018e-02 1.003097e-01 9.749972e-02 8.931983e-02 1.000000e-01 1.597501e+00 -0.994827 0.011758 0.080988 0.873238 0.023307 0.005535 0.994827 -0.006181 -0.029498 -0.930064 0.000000 
8.500018e-02 1.003097e-01 9.749972e-02 8.931983e-02 1.000000e-01 1.597501e+00 -0.994827 0.011758 0.080988 0.873238 0.023307 0.005535 0.994827 -0.006181 -0.029498 -0.930064 0.000000 
8.500018e-02 1.003097e-01 9.749972e-02 8.931983e-02 1.000000e-01 1.597501e+00 -0.994827 0.011758 0.080988 0.873238 0.023307 0.005535 0.994827 -0.006181 -0.029498 -0.930064 0.000000 
8.500018e-02 1.003097e-01 9.749972e-02 8.931983e-02 1.000000e-01 1.597501e+00 -0.994827 0.011758 0.080988 0.873238 0.023307 0.005535 0.994827 -0.006181 -0.029498 -0.930064 0.000000 
8.500018e-02 1.003097e-01 9.749972e-02 8.931983e-02 1.000000e-01 1.597501e+00 -0.994827 0.011758 0.080988 0.873238 0.023307 0.005535 0.994827 -0.006181 -0.029498 -0.930064 0.000000 
8.500018e-02 1.003097e-01 9.749972e-02 8.931983e-02 1.000000e-01 1.597501e+00 -0.994827 0.011758 0.080988 0.873238 0.023307 0.005535 0.994827 -0.006181 -0.029498 -0.930064 0.000000 
8.500018e-02 1.003097e-01 9.749972e-02 8.931983e-02 1.000000e-01 1.597501e+00 -0.994827 0.011758 0.080988 0.873238 0.023307 0.005535 0.994827 -0.006181 -0.029498 -0.930064 0.000000 
8.500018e-02 1.003097e-01 9.749972e-02 8.931983e-02 1.000000e-01 1.597501e+00 -0.994827 0.011758 0.080988 0.873238 0.023307 0.005535 0.994827 -0.006181 -0.029498 -0.930064 0.000000 
8.500018e-02 1.003097e-01 9.749972e-02 8.931983e-02 1.000000e-01 1.597501e+00 -0.994827 0.011758 0.080988 0.873238 0.023307 0.005535 0.994827 -0.006181 -0.029498 -0.930064 0.000000 
8.500018e-02 1.003097e-01 9.749972e-02 8.931983e-02 1.000000e-01 1.597501e+00 -0.994827 0.011758 0.080988 0.873238 0.023307 0.005535 0.994827 -0.006181 -0.029498 -0.930064 0.000000 
8.500018e-02 1.003097e-01 9.749972e-02 8.931983e-02 1.000000e-01 1.597501e+00 -0.994827 0.011758 0.080988 0.873238 0.023307 0.005535 0.994827 -0.006181 -0.029498 -0.930064 0.000000 
8.500018e-02 1.003097e-01 9.749972e-02 8.931983e-02 1.000000e-01 1.597501e+00 -0.994827 0.011758 0.080988 0.873238 0.023307 0.005535 0.994827 -0.006181 -0.029498 -0.930064 0.000000 
8.500018e-02 1.003097e-01 9.749972e-02 8.931983e-02 1.000000e-01 1.597501e+00 -0.994827 0.011758 0.080988 0.873238 0.023307 0.005535 0.994827 -0.006181 -0.029498 -0.930064 0.000000 
8.500018e-02 1.003097e-01 9.749972e-02 8.931983e-02 1.000000e-01 1.597501e+00 -0.994827 0.011758 0.080988 0.873238 0.023307 0.005535 0.994827 -0.006181 -0.029498 -0.930064 0.000000 
8.500018e-02 1.003097e-01 9.749972e-02 8.931983e-02 1.000000e-01 1.597501e+00 -0.994827 0.011758 0.080988 0.873238 0.023307 0.005535 0.994827 -0.006181 -0.029498 -0.930064 0.000000 
8.500018e-02 1.003097e-01 9.749972e-02 8.931983e-02 1.000000e-01 1.597501e+00 -0.994827 0.011758 0.080988 0.873238 0.023307 0.005535 0.994827 -0.006181 -0.029498 -0.930064 0.000000 
8.500018e-02 1.003097e-01 9.749972e-02 8.931983e-02 1.000000e-01 1.597501e+00 -0.994827 0.011758 0.080988 0.873238 0.023307 0.005535 0.994827 -0.006181 -0.029498 -0.930064 0.000000 
8.500018e-02 1.003097e-01 9.749972e-02 8.931983e-02 1.000000e-01 1.597501e+00 -0.994827 0.011758 0.080988 0.873238 0.023307 0.005535 0.994827 -0.006181 -0.029498 -0.930064 0.000000 
8.500018e-02 1.003097e-01 9.749972e-02 8.931983e-02 1.000000e-01 1.597501e+00 -0.994827 0.011758 0.080988 0.873238 0.023307 0.005535 0.994827 -0.006181 -0.029498 -0.930064 0.000000 
8.500018e-02 1.003097e-01 9.749972e-02 8.931983e-02 1.000000e-01 1.597501e+00 -0.994827 0.011758 0.080988 0.873238 0.023307 0.005535 0.994827 -0.006181 -0.029498 -0.930064 0.000000 
8.500018e-02 1.003097e-01 9.749972e-02 8.931983e-02 1.000000e-01 1.597501e+00 -0.994827 0.011758 0.080988 0.873238 0.023307 0.005535 0.994827 -0.006181 -0.029498 -0.930064 0.000000 
8.500018e-02 1.003097e-01 9.749972e-02 8.931983e-02 1.000000e-01 1.597501e+00 -0.994827 0.011758 0.080988 0.873238 0.023307 0.005535 0.994827 -0.006181 -0.029498 -0.930064 0.000000 
8.500018e-02 1.003097e-01 9.749972e-02 8.931983e-02 1.000000e-01 1.597501e+00 -0.994827 0.011758 0.080988 0.873238 0.023307 0.005535 0.994827 -0.006181 -0.029498 -0.930064 0.000000 
8.500018e-02 1.003097e-01 9.749972e-02 8.931983e-02 1.000000e-01 1.597501e+00 -0.994827 0.011758 0.080988 0.873238 0.023307 0.005535 0.994827 -0.006181 -0.029498 -0.930064 0.000000 
8.500018e-02 1.003097e-01 9.749972e-02 8.931983e-02 1.000000e-01 1.597501e+00 -0.994827 0.011758 0.080988 0.873238 0.023307 0.005535 0.994827 -0.006181 -0.029498 -0.930064 0.000000 
8.500018e-02 1.003097e-01 9.749972e-02 8.931983e-02 1.000000e-01 1.597501e+00 -0.994827 0.011758 0.080988 0.873238 0.023307 0.005535 0.994827 -0.006181 -0.029498 -0.930064 0.000000 
8.500018e-02 1.003097e-01 9.749972e-02 8.931983e-02 1.000000e-01 1.597501e+00 -0.994827 0.011758 0.080988 0.873238 0.023307 0.005535 0.994827 -0.006181 -0.029498 -0.930064 0.000000 
8.500018e-02 1.003097e-01 9.749972e-02 8.931983e-02 1.000000e-01 1.597501e+00 -0.994827 0.011758 0.080988 0.873238 0.023307 0.005535 0.994827 -0.006181 -0.029498 -0.930064 0.000000 
8.500018e-02 1.003097e-01 9.749972e-02 8.931983e-02 1.000000e-01 1.597501e+00 -0.994827 0.011758 0.080988 0.873238 0.023307 0.005535 0.994827 -0.006181 -0.029498 -0.930064 0.000000 
8.500018e-02 1.003097e-01 9.749972e-02 8.931983e-02 1.000000e-01 1.597501e+00 -0.994827 0.011758 0.080988 0.873238 0.023307 0.005535 0.994827 -0.006181 -0.029498 -0.930064 0.000000 
8.500018e-02 1.003097e-01 9.749972e-02 8.931983e-02 1.000000e-01 1.597501e+00 -0.994827 0.011758 0.080988 0.873238 0.023307 0.005535 0.994827 -0.006181 -0.029498 -0.930064 0.000000 
8.500018e-02 1.003097e-01 9.749972e-02 8.931983e-02 1.000000e-01 1.597501e+00 -0.994827 0.011758 0.080988 0.873238 0.023307 0.005535 0.994827 -0.006181 -0.029498 -0.930064 0.000000 
8.500018e-02 1.003097e-01 9.749972e-02 8.931983e-02 1.000000e-01 1.597501e+00 -0.994827 0.011758 0.080988 0.873238 0.023307 0.005535 0.994827 -0.006181 -0.029498 -0.930064 0.000000 
8.500018e-02 1.003097e-01 9.749972e-02 8.931983e-02 1.000000e-01 1.597501e+00 -0.994827 0.011758 0.080988 0.873238 0.023307 0.005535 0.994827 -0.006181 -0.029498 -0.930064 0.000000 
8.500018e-02 1.003097e-01 9.749972e-02 8.931983e-02 1.000000e-01 1.597501e+00 -0.994827 0.011758 0.080988 0.873238 0.023307 0.005535 0.994827 -0.006181 -0.029498 -0.930064 0.000000 
8.500018e-02 1.003097e-01 9.749972e-02 8.931983e-02 1.000000e-01 1.597501e+00 -0.994827 0.011758 0.080988 0.873238 0.023307 0.005535 0.994827 -0.006181 -0.029498 -0.930064 0.000000 
8.500018e-02 1.003097e-01 9.749972e-02 8.931983e-02 1.000000e-01 1.597501e+00 -0.994827 0.011758 0.080988 0.873238 0.023307 0.005535 0.994827 -0.006181 -0.029498 -0.930064 0.000000 
8.500018e-02 1.003097e-01 9.749972e-02 8.931983e-02 1.000000e-01 1.597501e+00 -0.994827 0.011758 0.080988 0.873238 0.023307 0.005535 0.994827 -0.006181 -0.029498 -0.930064 0.000000 
8.500018e-02 1.003097e-01 9.749972e-02 8.931983e-02 1.000000e-01 1.597501e+00 -0.994827 0.011758 0.080988 0.873238 0.023307 0.005535 0.994827 -0.006181 -0.029498 -0.930064 0.000000 
8.500018e-02 1.003097e-01 9.749972e-02 8.931983e-02 1.000000e-01 1.597501e+00 -0.994827 0.011758 0.080988 0.873238 0.023307 0.005535 0.994827 -0.006181 -0.029498 -0.930064 0.000000 
8.500018e-02 1.003097e-01 9.749972e-02 8.931983e-02 1.000000e-01 1.597501e+00 -0.994827 0.011758 0.080988 0.873238 0.023307 0.005535 0.994827 -0.006181 -0.029498 -0.930064 0.000000 
8.500018e-02 1.003097e-01 9.749972e-02 8.931983e-02 1.000000e-01 1.597501e+00 -0.994827 0.011758 0.080988 0.873238 0.023307 0.005535 0.994827 -0.006181 -0.029498 -0.930064 0.000000 
8.500018e-02 1.003097e-01 9.749972e-02 8.931983e-02 1.000000e-01 1.597501e+00 -0.994827 0.011758 0.080988 0.873238 0.023307 0.005535 0.994827 -0.006181 -0.029498 -0.930064 0.000000 
8.500018e-02 1.003097e-01 9.749972e-02 8.931983e-02 1.000000e-01 1.597501e+00 -0.994827 0.011758 0.080988 0.873238 0.023307 0.005535 0.994827 -0.006181 -0.029498 -0.930064 0.000000 
8.500018e-02 1.003097e-01 9.749972e-02 8.931983e-02 1.000000e-01 1.597501e+00 -0.994827 0.011758 0.080988 0.873238 0.023307 0.005535 0.994827 -0.006181 -0.029498 -0.930064 0.000000 
8.500018e-02 1.003097e-01 9.749972e-02 8.931983e-02 1.000000e-01 1.597501e+00 -0.994827 0.011758 0.080988 0.873238 0.023307 0.005535 0.994827 -0.006181 -0.029498 -0.930064 0.000000 
8.500018e-02 1.003097e-01 9.749972e-02 8.931983e-02 1.000000e-01 1.597501e+00 -0.994827 0.011758 0.080988 0.873238 0.023307 0.005535 0.994827 -0.006181 -0.029498 -0.930064 0.000000 
8.500018e-02 1.003097e-01 9.749972e-02 8.931983e-02 1.000000e-01 1.597501e+00 -0.994827 0.011758 0.080988 0.873238 0.023307 0.005535 0.994827 -0.006181 -0.029498 -0.930064 0.000000 
8.500018e-02 1.003097e-01 9.749972e-02 8.931983e-02 1.000000e-01 1.597501e+00 -0.994827 0.011758 0.080988 0.873238 0.023307 0.005535 0.994827 -0.006181 -0.029498 -0.930064 0.000000 
8.500018e-02 1.003097e-01 9.749972e-02 8.931983e-02 1.000000e-01 1.597501e+00 -0.994827 0.011758 0.080988 0.873238 0.023307 0.005535 0.994827 -0.006181 -0.029498 -0.930064 0.000000 
8.500018e-02 1.003097e-01 9.749972e-02 8.931983e-02 1.000000e-01 1.597501e+00 -0.994827 0.011758 0.080988 0.873238 0.023307 0.005535 0.994827 -0.006181 -0.029498 -0.930064 0.000000 
8.500018e-02 1.003097e-01 9.749972e-02 8.931983e-02 1.000000e-01 1.597501e+00 -0.994827 0.011758 0.080988 0.873238 0.023307 0.005535 0.994827 -0.006181 -0.029498 -0.930064 0.000000 
8.500018e-02 1.003097e-01 9.749972e-02 8.931983e-02 1.000000e-01 1.597501e+00 -0.994827 0.011758 0.080988 0.873238 0.023307 0.005535 0.994827 -0.006181 -0.029498 -0.930064 0.000000 
8.500018e-02 1.003097e-01 9.749972e-02 8.931983e-02 1.000000e-01 1.597501e+00 -0.994827 0.011758 0.080988 0.873238 0.023307 0.005535 0.994827 -0.006181 -0.029498 -0.930064 0.000000 
8.500018e-02 1.003097e-01 9.749972e-02 8.931983e-02 1.000000e-01 1.597501e+00 -0.994827 0.011758 0.080988 0.873238 0.023307 0.005535 0.994827 -0.006181 -0.029498 -0.930064 0.000000 
8.500018e-02 1.003097e-01 9.749972e-02 8.931983e-02 1.000000e-01 1.597501e+00 -0.994827 0.011758 0.080988 0.873238 0.023307 0.005535 0.994827 -0.006181 -0.029498 -0.930064 0.000000 
8.500018e-02 1.003097e-01 9.749972e-02 8.931983e-02 1.000000e-01 1.597501e+00 -0.994827 0.011758 0.080988 0.873238 0.023307 0.005535 0.994827 -0.006181 -0.029498 -0.930064 0.000000 
8.500018e-02 1.003097e-01 9.749972e-02 8.931983e-02 1.000000e-01 1.597501e+00 -0.994827 0.011758 0.080988 0.873238 0.023307 0.005535 0.994827 -0.006181 -0.029498 -0.930064 0.000000 
8.500018e-02 1.003097e-01 9.749972e-02 8.931983e-02 1.000000e-01 1.597501e+00 -0.994827 0.011758 0.080988 0.873238 0.023307 0.005535 0.994827 -0.006181 -0.029498 -0.930064 0.000000 
8.500018e-02 1.003097e-01 9.749972e-02 8.931983e-02 1.000000e-01 1.597501e+00 -0.994827 0.011758 0.080988 0.873238 0.023307 0.005535 0.994827 -0.006181 -0.029498 -0.930064 0.000000 
8.500018e-02 1.003097e-01 9.749972e-02 8.931983e-02 1.000000e-01 1.597501e+00 -0.994827 0.011758 0.080988 0.873238 0.023307 0.005535 0.994827 -0.006181 -0.029498 -0.930064 0.000000 
8.500018e-02 1.003097e-01 9.749972e-02 8.931983e-02 1.000000e-01 1.597501e+00 -0.994827 0.011758 0.080988 0.873238 0.023307 0.005535 0.994827 -0.006181 -0.029498 -0.930064 0.000000 
8.500018e-02 1.003097e-01 9.749972e-02 8.931983e-02 1.000000e-01 1.597501e+00 -0.994827 0.011758 0.080988 0.873238 0.023307 0.005535 0.994827 -0.006181 -0.029498 -0.930064 0.000000 
8.500018e-02 1.003097e-01 9.749972e-02 8.931983e-02 1.000000e-01 1.597501e+00 -0.994827 0.011758 0.080988 0.873238 0.023307 0.005535 0.994827 -0.006181 -0.029498 -0.930064 0.000000 
8.500018e-02 1.003097e-01 9.749972e-02 8.931983e-02 1.000000e-01 1.597501e+00 -0.994827 0.011758 0.080988 0.873238 0.023307 0.005535 0.994827 -0.006181 -0.029498 -0.930064 0.000000 
8.500018e-02 1.003097e-01 9.749972e-02 8.931983e-02 1.000000e-01 1.597501e+00 -0.994827 0.011758 0.080988 0.873238 0.023307 0.005535 0.994827 -0.006181 -0.029498 -0.930064 0.000000 
8.500018e-02 1.003097e-01 9.749972e-02 8.931983e-02 1.000000e-01 1.597501e+00 -0.994827 0.011758 0.080988 0.873238 0.023307 0.005535 0.994827 -0.006181 -0.029498 -0.930064 0.000000 
8.500018e-02 1.003097e-01 9.749972e-02 8.931983e-02 1.000000e-01 1.597501e+00 -0.994827 0.011758 0.080988 0.873238 0.023307 0.005535 0.994827 -0.006181 -0.029498 -0.930064 0.000000 
8.500018e-02 1.003097e-01 9.749972e-02 8.931983e-02 1.000000e-01 1.597501e+00 -0.994827 0.011758 0.080988 0.873238 0.023307 0.005535 0.994827 -0.006181 -0.029498 -0.930064 0.000000 
8.500018e-02 1.003097e-01 9.749972e-02 8.931983e-02 1.000000e-01 1.597501e+00 -0.994827 0.011758 0.080988 0.873238 0.023307 0.005535 0.994827 -0.006181 -0.029498 -0.930064 0.000000 
8.500018e-02 1.003097e-01 9.749972e-02 8.931983e-02 1.000000e-01 1.597501e+00 -0.994827 0.011758 0.080988 0.873238 0.023307 0.005535 0.994827 -0.006181 -0.029498 -0.930064 0.000000 
8.500018e-02 1.003097e-01 9.749972e-02 8.931983e-02 1.000000e-01 1.597501e+00 -0.994827 0.011758 0.080988 0.873238 0.023307 0.005535 0.994827 -0.006181 -0.029498 -0.930064 0.000000 
8.500018e-02 1.003097e-01 9.749972e-02 8.931983e-02 1.000000e-01 1.597501e+00 -0.994827 0.011758 0.080988 0.873238 0.023307 0.005535 0.994827 -0.006181 -0.029498 -0.930064 0.000000 
