# TeX TeY TeZ ThX ThY THZ P1 P2
1.150000e-01 1.000000e-01 4.850000e-01 1.150000e-01 1.000000e-01 4.850000e-01 0.000000 0.000000 0.000000 0.000000 0.000000 0.000000 0.000000 0.000000 0.000000 0.000000 0.000000 
1.150000e-01 9.999990e-02 4.723476e-01 1.149999e-01 1.000000e-01 4.938894e-01 -0.014232 0.001827 0.003654 0.003657 0.003677 0.001417 0.014232 -0.001826 -0.003654 -0.003658 0.000000 
1.150000e-01 9.999979e-02 4.596613e-01 1.149999e-01 1.000000e-01 5.027691e-01 -0.028480 0.003655 0.007312 0.007319 0.007359 0.002836 0.028480 -0.003654 -0.007312 -0.007321 0.000000 
1.150000e-01 9.999965e-02 4.469414e-01 1.149998e-01 1.000000e-01 5.116391e-01 -0.042744 0.005486 0.010974 0.010984 0.011044 0.004256 0.042744 -0.005484 -0.010974 -0.010989 0.000000 
1.150000e-01 9.999947e-02 4.341882e-01 1.149998e-01 1.000000e-01 5.204992e-01 -0.057024 0.007319 0.014640 0.014654 0.014734 0.005678 0.057024 -0.007315 -0.014640 -0.014661 0.000000 
1.150000e-01 9.999926e-02 4.214019e-01 1.149998e-01 1.000000e-01 5.293495e-01 -0.071319 0.009153 0.018310 0.018327 0.018427 0.007101 0.071319 -0.009148 -0.018310 -0.018338 0.000000 
1.150000e-01 9.999900e-02 4.085829e-01 1.149997e-01 1.000000e-01 5.381898e-01 -0.085628 0.010990 0.021984 0.022004 0.022125 0.008526 0.085629 -0.010981 -0.021984 -0.022021 0.000000 
1.150000e-01 9.999869e-02 3.957313e-01 1.149997e-01 1.000000e-01 5.470200e-01 -0.099953 0.012828 0.025661 0.025685 0.025826 0.009953 0.099953 -0.012815 -0.025662 -0.025711 0.000000 
1.150000e-01 9.999830e-02 3.828474e-01 1.149997e-01 1.000000e-01 5.558401e-01 -0.114292 0.014669 0.029343 0.029370 0.029531 0.011380 0.114293 -0.014649 -0.029344 -0.029410 0.000000 
1.150000e-01 9.999783e-02 3.699316e-01 1.149997e-01 1.000000e-01 5.646499e-01 -0.128646 0.016511 0.033028 0.033059 0.033240 0.012810 0.128646 -0.016480 -0.033030 -0.033119 0.000000 
1.150000e-01 9.999725e-02 3.569840e-01 1.149997e-01 1.000000e-01 5.734494e-01 -0.143014 0.018355 0.036717 0.036751 0.036952 0.014240 0.143014 -0.018309 -0.036720 -0.036842 0.000000 
1.150000e-01 9.999655e-02 3.440048e-01 1.149996e-01 1.000000e-01 5.822385e-01 -0.157396 0.020201 0.040409 0.040446 0.040668 0.015672 0.157396 -0.020131 -0.040415 -0.040585 0.000000 
1.150000e-01 9.999569e-02 3.309945e-01 1.149996e-01 1.000000e-01 5.910172e-01 -0.171791 0.022048 0.044105 0.044146 0.044388 0.017106 0.171792 -0.021942 -0.044113 -0.044357 0.000000 
1.150000e-01 9.999463e-02 3.179531e-01 1.149996e-01 1.000000e-01 5.997852e-01 -0.186200 0.023898 0.047804 0.047848 0.048111 0.018540 0.186201 -0.023736 -0.047817 -0.048170 0.000000 
1.150000e-01 9.999333e-02 3.048809e-01 1.149996e-01 1.000000e-01 6.085426e-01 -0.200623 0.025749 0.051507 0.051555 0.051837 0.019976 0.200623 -0.025503 -0.051526 -0.052044 0.000000 
1.150000e-01 9.999175e-02 2.917783e-01 1.149996e-01 1.000000e-01 6.172891e-01 -0.215058 0.027601 0.055213 0.055264 0.055567 0.021414 0.215059 -0.027227 -0.055243 -0.056012 0.000000 
1.150000e-01 9.998981e-02 2.786453e-01 1.149996e-01 1.000000e-01 6.260249e-01 -0.229507 0.029456 0.058922 0.058977 0.059300 0.022852 0.229507 -0.028885 -0.058967 -0.060118 0.000000 
1.150000e-01 9.998744e-02 2.654822e-01 1.149996e-01 1.000000e-01 6.347497e-01 -0.243968 0.031312 0.062635 0.062693 0.063037 0.024292 0.243968 -0.030443 -0.062701 -0.064434 0.000000 
1.150000e-01 9.998454e-02 2.522893e-01 1.149996e-01 1.000000e-01 6.434634e-01 -0.258441 0.033169 0.066351 0.066412 0.066776 0.025734 0.258442 -0.031840 -0.066448 -0.069084 0.000000 
1.150000e-01 9.998101e-02 2.390667e-01 1.149996e-01 1.000000e-01 6.521660e-01 -0.272927 0.035028 0.070070 0.070135 0.070519 0.027176 0.272928 -0.033003 -0.070209 -0.074226 0.000000 
1.150000e-01 9.997674e-02 2.258146e-01 1.149996e-01 1.000000e-01 6.608574e-01 -0.287426 0.036889 0.073792 0.073861 0.074265 0.028620 0.287426 -0.033800 -0.073983 -0.080147 0.000000 
1.150000e-01 9.997158e-02 2.125332e-01 1.149996e-01 1.000000e-01 6.695374e-01 -0.301937 0.038752 0.077518 0.077590 0.078015 0.030064 0.301937 -0.034037 -0.077755 -0.087295 0.000000 
1.150000e-01 9.996545e-02 1.992226e-01 1.149996e-01 1.000000e-01 6.782060e-01 -0.316460 0.040616 0.081246 0.081322 0.081767 0.031511 0.316460 -0.033454 -0.081485 -0.096318 0.000000 
1.150000e-01 9.995826e-02 1.858829e-01 1.149996e-01 1.000000e-01 6.868630e-01 -0.330995 0.042481 0.084978 0.085057 0.085523 0.032958 0.330996 -0.031624 -0.085046 -0.108395 0.000000 
1.150000e-01 9.995010e-02 1.725141e-01 1.149995e-01 1.000000e-01 6.955084e-01 -0.345544 0.044348 0.088713 0.088796 0.089282 0.034407 0.345545 -0.027965 -0.088103 -0.125472 0.000000 
1.150000e-01 9.994146e-02 1.591158e-01 1.149995e-01 1.000000e-01 7.041420e-01 -0.360108 0.046217 0.092452 0.092538 0.093045 0.035857 0.360108 -0.021773 -0.089853 -0.150689 0.000000 
1.150000e-01 9.993437e-02 1.456860e-01 1.149995e-01 1.000000e-01 7.127638e-01 -0.374693 0.048089 0.096197 0.096286 0.096814 0.037309 0.374693 -0.012079 -0.088225 -0.190240 0.000000 
1.150000e-01 9.993766e-02 1.322149e-01 1.149995e-01 1.000000e-01 7.213737e-01 -0.389330 0.049968 0.099955 0.100047 0.100596 0.038766 0.389331 0.002149 -0.077873 -0.256599 0.000000 
1.150000e-01 9.998809e-02 1.186538e-01 1.149995e-01 1.000000e-01 7.299715e-01 -0.404175 0.051873 0.103766 0.103862 0.104431 0.040244 0.404175 0.021789 -0.046086 -0.374696 0.000000 
1.150000e-01 1.001842e-01 1.048127e-01 1.149995e-01 1.000000e-01 7.385571e-01 -0.419879 0.053889 0.107798 0.107898 0.108489 0.041808 0.419880 0.048619 0.037261 -0.599448 0.000000 
1.150000e-01 1.003096e-01 9.749521e-02 1.149995e-01 1.000000e-01 7.471304e-01 -0.431555 0.055387 0.110795 0.110898 0.111506 0.042971 0.431556 0.066124 0.115169 -0.785443 0.000000 
1.150000e-01 1.003096e-01 9.749521e-02 1.149995e-01 1.000000e-01 7.556913e-01 -0.437211 0.056113 0.112247 0.112351 0.112967 0.043534 0.437212 0.065398 0.113717 -0.786896 0.000000 
1.150000e-01 1.003096e-01 9.749521e-02 1.149995e-01 1.000000e-01 7.642397e-01 -0.442859 0.056838 0.113697 0.113803 0.114426 0.044096 0.442860 0.064673 0.112267 -0.788347 0.000000 
1.150000e-01 1.003096e-01 9.749521e-02 1.149995e-01 1.000000e-01 7.727755e-01 -0.448498 0.057562 0.115145 0.115252 0.115884 0.044658 0.448499 0.063949 0.110819 -0.789797 0.000000 
1.150000e-01 1.003096e-01 9.749521e-02 1.149995e-01 1.000000e-01 7.812985e-01 -0.454129 0.058284 0.116591 0.116699 0.117339 0.045219 0.454130 0.063227 0.109373 -0.791244 0.000000 
1.150000e-01 1.003096e-01 9.749521e-02 1.149995e-01 1.000000e-01 7.898086e-01 -0.459752 0.059006 0.118034 0.118144 0.118791 0.045778 0.459753 0.062505 0.107930 -0.792688 0.000000 
1.150000e-01 1.003096e-01 9.749521e-02 1.149995e-01 1.000000e-01 7.983058e-01 -0.465366 0.059726 0.119475 0.119586 0.120242 0.046337 0.465366 0.061784 0.106488 -0.794131 0.000000 
1.150000e-01 1.003096e-01 9.749521e-02 1.149995e-01 1.000000e-01 8.067899e-01 -0.470971 0.060446 0.120914 0.121027 0.121690 0.046896 0.470972 0.061065 0.105049 -0.795571 0.000000 
1.150000e-01 1.003096e-01 9.749521e-02 1.149995e-01 1.000000e-01 8.152607e-01 -0.476568 0.061164 0.122351 0.122465 0.123136 0.047453 0.476568 0.060347 0.103612 -0.797010 0.000000 
1.150000e-01 1.003096e-01 9.749521e-02 1.149995e-01 1.000000e-01 8.237182e-01 -0.482155 0.061881 0.123786 0.123901 0.124580 0.048009 0.482156 0.059630 0.102178 -0.798445 0.000000 
1.150000e-01 1.003096e-01 9.749521e-02 1.149995e-01 1.000000e-01 8.321622e-01 -0.487734 0.062597 0.125218 0.125334 0.126022 0.048565 0.487735 0.058914 0.100746 -0.799879 0.000000 
1.150000e-01 1.003096e-01 9.749521e-02 1.149995e-01 1.000000e-01 8.405926e-01 -0.493304 0.063312 0.126648 0.126766 0.127461 0.049119 0.493304 0.058199 0.099316 -0.801310 0.000000 
1.150000e-01 1.003096e-01 9.749521e-02 1.149995e-01 1.000000e-01 8.490093e-01 -0.498864 0.064026 0.128075 0.128195 0.128898 0.049673 0.498865 0.057485 0.097888 -0.802739 0.000000 
1.150000e-01 1.003096e-01 9.749521e-02 1.149995e-01 1.000000e-01 8.574120e-01 -0.504416 0.064738 0.129501 0.129621 0.130332 0.050226 0.504417 0.056773 0.096463 -0.804166 0.000000 
1.150000e-01 1.003096e-01 9.749521e-02 1.149995e-01 1.000000e-01 8.658008e-01 -0.509958 0.065449 0.130923 0.131045 0.131764 0.050778 0.509959 0.056061 0.095040 -0.805590 0.000000 
1.150000e-01 1.003096e-01 9.749521e-02 1.149995e-01 1.000000e-01 8.741755e-01 -0.515491 0.066159 0.132344 0.132467 0.133194 0.051329 0.515492 0.055351 0.093619 -0.807012 0.000000 
1.150000e-01 1.003096e-01 9.749521e-02 1.149995e-01 1.000000e-01 8.825358e-01 -0.521015 0.066868 0.133762 0.133887 0.134621 0.051879 0.521015 0.054642 0.092201 -0.808431 0.000000 
1.150000e-01 1.003096e-01 9.749521e-02 1.149995e-01 1.000000e-01 8.908817e-01 -0.526529 0.067576 0.135177 0.135304 0.136046 0.052428 0.526529 0.053935 0.090786 -0.809848 0.000000 
1.150000e-01 1.003096e-01 9.749521e-02 1.149995e-01 1.000000e-01 8.992131e-01 -0.532033 0.068282 0.136590 0.136718 0.137468 0.052976 0.532034 0.053228 0.089373 -0.811263 0.000000 
1.150000e-01 1.003096e-01 9.749521e-02 1.149995e-01 1.000000e-01 9.075298e-01 -0.537528 0.068987 0.138001 0.138130 0.138888 0.053523 0.537528 0.052523 0.087962 -0.812675 0.000000 
1.150000e-01 1.003096e-01 9.749521e-02 1.149995e-01 1.000000e-01 9.158316e-01 -0.543013 0.069691 0.139409 0.139540 0.140305 0.054069 0.543013 0.051819 0.086554 -0.814084 0.000000 
1.150000e-01 1.003096e-01 9.749521e-02 1.149995e-01 1.000000e-01 9.241184e-01 -0.548487 0.070394 0.140814 0.140946 0.141720 0.054615 0.548488 0.051116 0.085148 -0.815491 0.000000 
1.150000e-01 1.003096e-01 9.749521e-02 1.149995e-01 1.000000e-01 9.323900e-01 -0.553952 0.071095 0.142217 0.142351 0.143133 0.055159 0.553953 0.050415 0.083745 -0.816895 0.000000 
1.150000e-01 1.003096e-01 9.749521e-02 1.149995e-01 1.000000e-01 9.406464e-01 -0.559407 0.071795 0.143617 0.143753 0.144542 0.055702 0.559408 0.049715 0.082345 -0.818297 0.000000 
1.150000e-01 1.003096e-01 9.749521e-02 1.149995e-01 1.000000e-01 9.488873e-01 -0.564852 0.072493 0.145015 0.145152 0.145949 0.056244 0.564852 0.049016 0.080947 -0.819696 0.000000 
1.150000e-01 1.003096e-01 9.749521e-02 1.149995e-01 1.000000e-01 9.571126e-01 -0.570286 0.073191 0.146410 0.146548 0.147354 0.056786 0.570287 0.048319 0.079552 -0.821093 0.000000 
1.150000e-01 1.003096e-01 9.749521e-02 1.149995e-01 1.000000e-01 9.653221e-01 -0.575710 0.073886 0.147802 0.147942 0.148756 0.057326 0.575711 0.047623 0.078159 -0.822486 0.000000 
1.150000e-01 1.003096e-01 9.749521e-02 1.149995e-01 1.000000e-01 9.735157e-01 -0.581123 0.074581 0.149191 0.149333 0.150155 0.057865 0.581124 0.046928 0.076769 -0.823877 0.000000 
1.150000e-01 1.003096e-01 9.749521e-02 1.149995e-01 1.000000e-01 9.816932e-01 -0.586526 0.075274 0.150578 0.150721 0.151551 0.058403 0.586527 0.046234 0.075382 -0.825266 0.000000 
1.150000e-01 1.003096e-01 9.749521e-02 1.149995e-01 1.000000e-01 9.898544e-01 -0.591918 0.075966 0.151962 0.152107 0.152945 0.058941 0.591918 0.045542 0.073998 -0.826651 0.000000 
1.150000e-01 1.003096e-01 9.749521e-02 1.149995e-01 1.000000e-01 9.979992e-01 -0.597299 0.076656 0.153343 0.153490 0.154336 0.059477 0.597300 0.044852 0.072617 -0.828034 0.000000 
1.150000e-01 1.003096e-01 9.749521e-02 1.149995e-01 1.000000e-01 1.006127e+00 -0.602669 0.077345 0.154721 0.154870 0.155724 0.060012 0.602670 0.044163 0.071238 -0.829414 0.000000 
1.150000e-01 1.003096e-01 9.749521e-02 1.149995e-01 1.000000e-01 1.014239e+00 -0.608028 0.078032 0.156096 0.156247 0.157110 0.060546 0.608029 0.043475 0.069862 -0.830791 0.000000 
1.150000e-01 1.003096e-01 9.749521e-02 1.149995e-01 1.000000e-01 1.022333e+00 -0.613376 0.078717 0.157468 0.157621 0.158492 0.061079 0.613377 0.042788 0.068489 -0.832166 0.000000 
1.150000e-01 1.003096e-01 9.749521e-02 1.149995e-01 1.000000e-01 1.030411e+00 -0.618713 0.079402 0.158837 0.158993 0.159872 0.061611 0.618713 0.042104 0.067119 -0.833537 0.000000 
1.150000e-01 1.003096e-01 9.749521e-02 1.149995e-01 1.000000e-01 1.038471e+00 -0.624038 0.080084 0.160203 0.160361 0.161249 0.062142 0.624038 0.041420 0.065752 -0.834905 0.000000 
1.150000e-01 1.003096e-01 9.749521e-02 1.149995e-01 1.000000e-01 1.046513e+00 -0.629351 0.080765 0.161566 0.161727 0.162624 0.062671 0.629352 0.040738 0.064388 -0.836271 0.000000 
1.150000e-01 1.003096e-01 9.749521e-02 1.149995e-01 1.000000e-01 1.054538e+00 -0.634653 0.081445 0.162925 0.163089 0.163995 0.063200 0.634654 0.040058 0.063027 -0.837633 0.000000 
1.150000e-01 1.003096e-01 9.749521e-02 1.149995e-01 1.000000e-01 1.062545e+00 -0.639943 0.082122 0.164282 0.164449 0.165364 0.063728 0.639944 0.039379 0.061668 -0.838993 0.000000 
1.150000e-01 1.003096e-01 9.749521e-02 1.149995e-01 1.000000e-01 1.070534e+00 -0.645221 0.082799 0.165635 0.165805 0.166730 0.064254 0.645222 0.038701 0.060313 -0.840349 0.000000 
1.150000e-01 1.003096e-01 9.749521e-02 1.149995e-01 1.000000e-01 1.078505e+00 -0.650487 0.083473 0.166985 0.167158 0.168093 0.064780 0.650488 0.038025 0.058961 -0.841702 0.000000 
1.150000e-01 1.003096e-01 9.749521e-02 1.149995e-01 1.000000e-01 1.086457e+00 -0.655741 0.084145 0.168331 0.168509 0.169453 0.065305 0.655742 0.037351 0.057612 -0.843052 0.000000 
1.150000e-01 1.003096e-01 9.749521e-02 1.149995e-01 1.000000e-01 1.094390e+00 -0.660983 0.084816 0.169674 0.169856 0.170810 0.065828 0.660983 0.036678 0.056267 -0.844399 0.000000 
1.150000e-01 1.003096e-01 9.749521e-02 1.149995e-01 1.000000e-01 1.102305e+00 -0.666212 0.085485 0.171014 0.171200 0.172164 0.066350 0.666212 0.036007 0.054924 -0.845743 0.000000 
1.150000e-01 1.003096e-01 9.749521e-02 1.149995e-01 1.000000e-01 1.110201e+00 -0.671428 0.086152 0.172349 0.172540 0.173516 0.066872 0.671429 0.035338 0.053585 -0.847083 0.000000 
1.150000e-01 1.003096e-01 9.749521e-02 1.149995e-01 1.000000e-01 1.118077e+00 -0.676632 0.086817 0.173681 0.173878 0.174865 0.067392 0.676632 0.034670 0.052249 -0.848421 0.000000 
1.150000e-01 1.003096e-01 9.749521e-02 1.149995e-01 1.000000e-01 1.125934e+00 -0.681823 0.087480 0.175010 0.175212 0.176211 0.067912 0.681823 0.034004 0.050916 -0.849754 0.000000 
1.150000e-01 1.003096e-01 9.749521e-02 1.149995e-01 1.000000e-01 1.133771e+00 -0.687000 0.088141 0.176334 0.176543 0.177555 0.068430 0.687001 0.033339 0.049587 -0.851085 0.000000 
1.150000e-01 1.003096e-01 9.749521e-02 1.149995e-01 1.000000e-01 1.141588e+00 -0.692165 0.088799 0.177654 0.177871 0.178895 0.068947 0.692166 0.032676 0.048261 -0.852412 0.000000 
1.150000e-01 1.003096e-01 9.749521e-02 1.149995e-01 1.000000e-01 1.149385e+00 -0.697316 0.089456 0.178970 0.179195 0.180233 0.069464 0.697317 0.032015 0.046939 -0.853736 0.000000 
1.150000e-01 1.003096e-01 9.749521e-02 1.149995e-01 1.000000e-01 1.157162e+00 -0.702454 0.090110 0.180282 0.180516 0.181569 0.069980 0.702455 0.031356 0.045620 -0.855056 0.000000 
1.150000e-01 1.003096e-01 9.749521e-02 1.149995e-01 1.000000e-01 1.164918e+00 -0.707579 0.090761 0.181589 0.181833 0.182902 0.070495 0.707579 0.030698 0.044304 -0.856373 0.000000 
1.150000e-01 1.003096e-01 9.749521e-02 1.149995e-01 1.000000e-01 1.172653e+00 -0.712689 0.091410 0.182892 0.183147 0.184233 0.071009 0.712690 0.030042 0.042992 -0.857686 0.000000 
1.150000e-01 1.003096e-01 9.749521e-02 1.149995e-01 1.000000e-01 1.180367e+00 -0.717786 0.092057 0.184190 0.184457 0.185561 0.071522 0.717786 0.029388 0.041684 -0.858996 0.000000 
1.150000e-01 1.003096e-01 9.749521e-02 1.149994e-01 1.000000e-01 1.188060e+00 -0.722868 0.092700 0.185482 0.185764 0.186887 0.072035 0.722868 0.028736 0.040379 -0.860302 0.000000 
1.150000e-01 1.003096e-01 9.749521e-02 1.149994e-01 1.000000e-01 1.195731e+00 -0.727936 0.093341 0.186770 0.187068 0.188212 0.072547 0.727937 0.028085 0.039077 -0.861604 0.000000 
1.150000e-01 1.003096e-01 9.749521e-02 1.149994e-01 1.000000e-01 1.203380e+00 -0.732990 0.093979 0.188052 0.188367 0.189534 0.073059 0.732990 0.027437 0.037780 -0.862903 0.000000 
1.150000e-01 1.003096e-01 9.749521e-02 1.149994e-01 1.000000e-01 1.211008e+00 -0.738029 0.094613 0.189329 0.189664 0.190855 0.073570 0.738030 0.026790 0.036486 -0.864198 0.000000 
1.150000e-01 1.003096e-01 9.749521e-02 1.149994e-01 1.000000e-01 1.218613e+00 -0.743054 0.095243 0.190599 0.190956 0.192174 0.074082 0.743054 0.026145 0.035196 -0.865489 0.000000 
1.150000e-01 1.003096e-01 9.749521e-02 1.149994e-01 1.000000e-01 1.226195e+00 -0.748063 0.095870 0.191864 0.192245 0.193492 0.074592 0.748063 0.025502 0.033910 -0.866776 0.000000 
1.150000e-01 1.003096e-01 9.749521e-02 1.149993e-01 1.000000e-01 1.233754e+00 -0.753057 0.096493 0.193121 0.193531 0.194810 0.075103 0.753058 0.024861 0.032628 -0.868060 0.000000 
1.150000e-01 1.003096e-01 9.749521e-02 1.149993e-01 1.000000e-01 1.241291e+00 -0.758036 0.097112 0.194372 0.194813 0.196126 0.075615 0.758037 0.024222 0.031350 -0.869339 0.000000 
1.150000e-01 1.003096e-01 9.749521e-02 1.149993e-01 1.000000e-01 1.248804e+00 -0.763000 0.097726 0.195615 0.196091 0.197443 0.076126 0.763000 0.023585 0.030075 -0.870615 0.000000 
1.150000e-01 1.003096e-01 9.749521e-02 1.149992e-01 1.000000e-01 1.256293e+00 -0.767948 0.098335 0.196850 0.197366 0.198760 0.076638 0.767948 0.022950 0.028805 -0.871886 0.000000 
1.150000e-01 1.003096e-01 9.749521e-02 1.149992e-01 1.000000e-01 1.263758e+00 -0.772880 0.098939 0.198077 0.198638 0.200077 0.077151 0.772881 0.022317 0.027539 -0.873154 0.000000 
1.150000e-01 1.003096e-01 9.749521e-02 1.149991e-01 1.000000e-01 1.271199e+00 -0.777796 0.099537 0.199295 0.199906 0.201395 0.077665 0.777797 0.021686 0.026277 -0.874417 0.000000 
1.150000e-01 1.003096e-01 9.749521e-02 1.149991e-01 1.000000e-01 1.278616e+00 -0.782696 0.100128 0.200504 0.201170 0.202715 0.078180 0.782696 0.021057 0.025019 -0.875676 0.000000 
1.150000e-01 1.003096e-01 9.749521e-02 1.149990e-01 1.000000e-01 1.286007e+00 -0.787580 0.100713 0.201702 0.202432 0.204038 0.078696 0.787580 0.020431 0.023765 -0.876931 0.000000 
1.150000e-01 1.003096e-01 9.749521e-02 1.149990e-01 1.000000e-01 1.293374e+00 -0.792446 0.101290 0.202888 0.203691 0.205363 0.079215 0.792447 0.019806 0.022515 -0.878182 0.000000 
1.150000e-01 1.003096e-01 9.749521e-02 1.149989e-01 1.000000e-01 1.300714e+00 -0.797296 0.101860 0.204064 0.204946 0.206693 0.079735 0.797297 0.019184 0.021270 -0.879428 0.000000 
1.150000e-01 1.003096e-01 9.749521e-02 1.149988e-01 1.000000e-01 1.308030e+00 -0.802129 0.102419 0.205225 0.206200 0.208027 0.080259 0.802130 0.018563 0.020030 -0.880670 0.000000 
1.150000e-01 1.003096e-01 9.749521e-02 1.149987e-01 1.000000e-01 1.315319e+00 -0.806945 0.102970 0.206374 0.207451 0.209367 0.080785 0.806945 0.017945 0.018793 -0.881907 0.000000 
1.150000e-01 1.003096e-01 9.749521e-02 1.149986e-01 1.000000e-01 1.322581e+00 -0.811743 0.103509 0.207507 0.208700 0.210714 0.081315 0.811744 0.017329 0.017561 -0.883140 0.000000 
1.150000e-01 1.003096e-01 9.749521e-02 1.149984e-01 1.000000e-01 1.329817e+00 -0.816524 0.104036 0.208624 0.209948 0.212068 0.081848 0.816524 0.016716 0.016334 -0.884369 0.000000 
1.150000e-01 1.003096e-01 9.749521e-02 1.149983e-01 1.000000e-01 1.337026e+00 -0.821286 0.104549 0.209723 0.211196 0.213433 0.082386 0.821287 0.016105 0.015111 -0.885593 0.000000 
1.150000e-01 1.003096e-01 9.749521e-02 1.149981e-01 1.000000e-01 1.344208e+00 -0.826031 0.105048 0.210803 0.212444 0.214808 0.082928 0.826031 0.015496 0.013893 -0.886812 0.000000 
1.150000e-01 1.003096e-01 9.749521e-02 1.149979e-01 1.000000e-01 1.351361e+00 -0.830757 0.105530 0.211862 0.213694 0.216196 0.083476 0.830758 0.014889 0.012680 -0.888027 0.000000 
1.150000e-01 1.003096e-01 9.749521e-02 1.149977e-01 1.000000e-01 1.358487e+00 -0.835465 0.105993 0.212898 0.214947 0.217598 0.084030 0.835465 0.014285 0.011471 -0.889236 0.000000 
1.150000e-01 1.003096e-01 9.749521e-02 1.149974e-01 1.000000e-01 1.365584e+00 -0.840154 0.106436 0.213910 0.216204 0.219016 0.084590 0.840154 0.013683 0.010267 -0.890441 0.000000 
1.150000e-01 1.003096e-01 9.749521e-02 1.149971e-01 1.000000e-01 1.372652e+00 -0.844824 0.106853 0.214893 0.217468 0.220454 0.085157 0.844824 0.013084 0.009068 -0.891641 0.000000 
1.150000e-01 1.003096e-01 9.749521e-02 1.149968e-01 1.000000e-01 1.379691e+00 -0.849474 0.107247 0.215848 0.218740 0.221910 0.085730 0.849474 0.012487 0.007875 -0.892836 0.000000 
1.150000e-01 1.003096e-01 9.749521e-02 1.149964e-01 1.000000e-01 1.386701e+00 -0.854105 0.107607 0.216768 0.220026 0.223393 0.086311 0.854105 0.011892 0.006686 -0.894026 0.000000 
1.150000e-01 1.003096e-01 9.749521e-02 1.149960e-01 1.000000e-01 1.393681e+00 -0.858716 0.107936 0.217654 0.221328 0.224901 0.086898 0.858716 0.011301 0.005502 -0.895211 0.000000 
1.150000e-01 1.003096e-01 9.749521e-02 1.149955e-01 1.000000e-01 1.400630e+00 -0.863307 0.108226 0.218501 0.222650 0.226438 0.087493 0.863308 0.010711 0.004323 -0.896391 0.000000 
1.150000e-01 1.003096e-01 9.749521e-02 1.149949e-01 1.000000e-01 1.407548e+00 -0.867878 0.108470 0.219303 0.224001 0.228010 0.088095 0.867878 0.010125 0.003150 -0.897566 0.000000 
1.150000e-01 1.003096e-01 9.749521e-02 1.149943e-01 1.000000e-01 1.414436e+00 -0.872428 0.108667 0.220060 0.225384 0.229616 0.088702 0.872429 0.009541 0.001981 -0.898735 0.000000 
1.150000e-01 1.003096e-01 9.749521e-02 1.149936e-01 1.000000e-01 1.421292e+00 -0.876958 0.108804 0.220762 0.226813 0.231266 0.089314 0.876958 0.008959 0.000818 -0.899899 0.000000 
1.150000e-01 1.003096e-01 9.749521e-02 1.149928e-01 1.000000e-01 1.428116e+00 -0.881466 0.108876 0.221406 0.228297 0.232960 0.089927 0.881466 0.008381 -0.000339 -0.901057 0.000000 
1.150000e-01 1.003096e-01 9.749521e-02 1.149919e-01 1.000000e-01 1.434908e+00 -0.885953 0.108880 0.221991 0.229843 0.234700 0.090540 0.885953 0.007805 -0.001491 -0.902210 0.000000 
1.150000e-01 1.003096e-01 9.749521e-02 1.149909e-01 1.000000e-01 1.441666e+00 -0.890419 0.108787 0.222495 0.231486 0.236503 0.091148 0.890419 0.007232 -0.002637 -0.903358 0.000000 
1.150000e-01 1.003096e-01 9.749521e-02 1.149897e-01 1.000000e-01 1.448392e+00 -0.894862 0.108601 0.222924 0.233228 0.238364 0.091746 0.894862 0.006662 -0.003778 -0.904500 0.000000 
1.150000e-01 1.003096e-01 9.749521e-02 1.149884e-01 1.000000e-01 1.455084e+00 -0.899283 0.108309 0.223267 0.235094 0.240287 0.092327 0.899283 0.006094 -0.004913 -0.905636 0.000000 
1.150000e-01 1.003096e-01 9.749521e-02 1.149869e-01 1.000000e-01 1.461742e+00 -0.903682 0.107871 0.223496 0.237143 0.242294 0.092879 0.903682 0.005530 -0.006043 -0.906766 0.000000 
1.150000e-01 1.003096e-01 9.749521e-02 1.149852e-01 1.000000e-01 1.468366e+00 -0.908058 0.107293 0.223615 0.239382 0.244377 0.093392 0.908058 0.004968 -0.007166 -0.907891 0.000000 
1.150000e-01 1.003096e-01 9.749521e-02 1.149833e-01 1.000000e-01 1.474955e+00 -0.912411 0.106555 0.223609 0.241851 0.246542 0.093854 0.912411 0.004409 -0.008284 -0.909009 0.000000 
1.150000e-01 1.003096e-01 9.749521e-02 1.149812e-01 1.000000e-01 1.481508e+00 -0.916741 0.105596 0.223428 0.244667 0.248818 0.094231 0.916741 0.003854 -0.009395 -0.910122 0.000000 
1.150000e-01 1.003096e-01 9.749521e-02 1.149788e-01 1.000000e-01 1.488025e+00 -0.921047 0.104423 0.223072 0.247847 0.251194 0.094511 0.921047 0.003301 -0.010501 -0.911229 0.000000 
1.150000e-01 1.003096e-01 9.749521e-02 1.149761e-01 1.000000e-01 1.494506e+00 -0.925329 0.103009 0.222510 0.251467 0.253677 0.094666 0.925329 0.002751 -0.011600 -0.912329 0.000000 
1.150000e-01 1.003096e-01 9.749521e-02 1.149731e-01 1.000000e-01 1.500950e+00 -0.929587 0.101285 0.221669 0.255703 0.256290 0.094640 0.929587 0.002205 -0.012693 -0.913423 0.000000 
1.150000e-01 1.003096e-01 9.749521e-02 1.149697e-01 1.000000e-01 1.507355e+00 -0.933819 0.099228 0.220505 0.260667 0.259029 0.094390 0.933820 0.001662 -0.013780 -0.914511 0.000000 
1.150000e-01 1.003096e-01 9.749521e-02 1.149659e-01 1.000000e-01 1.513720e+00 -0.938026 0.096821 0.218965 0.266476 0.261888 0.093876 0.938026 0.001122 -0.014860 -0.915592 0.000000 
1.150000e-01 1.003096e-01 9.749521e-02 1.149617e-01 1.000000e-01 1.520045e+00 -0.942206 0.094021 0.216964 0.273326 0.264859 0.093036 0.942206 0.000585 -0.015933 -0.916666 0.000000 
1.150000e-01 1.003096e-01 9.749521e-02 1.149569e-01 1.000000e-01 1.526330e+00 -0.946360 0.090712 0.214276 0.281712 0.267940 0.091720 0.946360 0.000052 -0.016999 -0.917733 0.000000 
1.150000e-01 1.003096e-01 9.749521e-02 1.149515e-01 1.000000e-01 1.532573e+00 -0.950487 0.086925 0.210836 0.291764 0.271061 0.089902 0.950487 -0.000478 -0.018059 -0.918794 0.000000 
1.150000e-01 1.003096e-01 9.749521e-02 1.149450e-01 1.000000e-01 1.538774e+00 -0.954587 0.082621 0.206452 0.303884 0.274140 0.087489 0.954587 -0.001004 -0.019112 -0.919847 0.000000 
1.150000e-01 1.003096e-01 9.749521e-02 1.149367e-01 1.000000e-01 1.544933e+00 -0.958660 0.077770 0.200887 0.318585 0.277037 0.084379 0.958660 -0.001526 -0.020157 -0.920894 0.000000 
1.150000e-01 1.003096e-01 9.749521e-02 1.149250e-01 1.000000e-01 1.551049e+00 -0.962705 0.072252 0.193567 0.337147 0.279407 0.080332 0.962705 -0.002046 -0.021196 -0.921933 0.000000 
1.150000e-01 1.003096e-01 9.749521e-02 1.149063e-01 1.000000e-01 1.557122e+00 -0.966722 0.066136 0.184286 0.360143 0.280810 0.075348 0.966722 -0.002561 -0.022227 -0.922966 0.000000 
1.150000e-01 1.003096e-01 9.749521e-02 1.148734e-01 1.000000e-01 1.563151e+00 -0.970712 0.059427 0.172620 0.388831 0.280488 0.069347 0.970712 -0.003073 -0.023251 -0.923991 0.000000 
1.150000e-01 1.003096e-01 9.749521e-02 1.148112e-01 1.000000e-01 1.569135e+00 -0.974676 0.052139 0.158096 0.425015 0.277164 0.062262 0.974676 -0.003582 -0.024269 -0.925010 0.000000 
1.150000e-01 1.003096e-01 9.749521e-02 1.146878e-01 1.000000e-01 1.575077e+00 -0.978620 0.044290 0.140192 0.471546 0.268554 0.054038 0.978620 -0.004088 -0.025282 -0.926023 0.000000 
1.150000e-01 1.003096e-01 9.749521e-02 1.144403e-01 1.000000e-01 1.580981e+00 -0.982574 0.035814 0.117875 0.535157 0.249227 0.044501 0.982574 -0.004596 -0.026297 -0.927039 0.000000 
1.150000e-01 1.003096e-01 9.749521e-02 1.139549e-01 1.000000e-01 1.586867e+00 -0.986642 0.026628 0.090785 0.623859 0.211803 0.033567 0.986642 -0.005118 -0.027341 -0.928085 0.000000 
1.150000e-01 1.003096e-01 9.749521e-02 1.131312e-01 1.000000e-01 1.592826e+00 -0.991165 0.015977 0.056166 0.756561 0.142112 0.020350 0.991166 -0.005698 -0.028503 -0.929247 0.000000 
1.150000e-01 1.003096e-01 9.749521e-02 1.125209e-01 1.000000e-01 1.597514e+00 -0.995429 0.005678 0.020510 0.908449 0.053489 0.007303 0.995429 -0.006246 -0.029597 -0.930343 0.000000 
1.150000e-01 1.003096e-01 9.749521e-02 1.125209e-01 1.000000e-01 1.597514e+00 -0.995429 0.005678 0.020510 0.908449 0.053489 0.007303 0.995429 -0.006246 -0.029597 -0.930343 0.000000 
1.150000e-01 1.003096e-01 9.749521e-02 1.125209e-01 1.000000e-01 1.597514e+00 -0.995429 0.005678 0.020510 0.908449 0.053489 0.007303 0.995429 -0.006246 -0.029597 -0.930343 0.000000 
1.150000e-01 1.003096e-01 9.749521e-02 1.125209e-01 1.000000e-01 1.597514e+00 -0.995429 0.005678 0.020510 0.908449 0.053489 0.007303 0.995429 -0.006246 -0.029597 -0.930343 0.000000 
1.150000e-01 1.003096e-01 9.749521e-02 1.125209e-01 1.000000e-01 1.597514e+00 -0.995429 0.005678 0.020510 0.908449 0.053489 0.007303 0.995429 -0.006246 -0.029597 -0.930343 0.000000 
1.150000e-01 1.003096e-01 9.749521e-02 1.125209e-01 1.000000e-01 1.597514e+00 -0.995429 0.005678 0.020510 0.908449 0.053489 0.007303 0.995429 -0.006246 -0.029597 -0.930343 0.000000 
1.150000e-01 1.003096e-01 9.749521e-02 1.125209e-01 1.000000e-01 1.597514e+00 -0.995429 0.005678 0.020510 0.908449 0.053489 0.007303 0.995429 -0.006246 -0.029597 -0.930343 0.000000 
1.150000e-01 1.003096e-01 9.749521e-02 1.125209e-01 1.000000e-01 1.597514e+00 -0.995429 0.005678 0.020510 0.908449 0.053489 0.007303 0.995429 -0.006246 -0.029597 -0.930343 0.000000 
1.150000e-01 1.003096e-01 9.749521e-02 1.125209e-01 1.000000e-01 1.597514e+00 -0.995429 0.005678 0.020510 0.908449 0.053489 0.007303 0.995429 -0.006246 -0.029597 -0.930343 0.000000 
1.150000e-01 1.003096e-01 9.749521e-02 1.125209e-01 1.000000e-01 1.597514e+00 -0.995429 0.005678 0.020510 0.908449 0.053489 0.007303 0.995429 -0.006246 -0.029597 -0.930343 0.000000 
1.150000e-01 1.003096e-01 9.749521e-02 1.125209e-01 1.000000e-01 1.597514e+00 -0.995429 0.005678 0.020510 0.908449 0.053489 0.007303 0.995429 -0.006246 -0.029597 -0.930343 0.000000 
1.150000e-01 1.003096e-01 9.749521e-02 1.125209e-01 1.000000e-01 1.597514e+00 -0.995429 0.005678 0.020510 0.908449 0.053489 0.007303 0.995429 -0.006246 -0.029597 -0.930343 0.000000 
1.150000e-01 1.003096e-01 9.749521e-02 1.125209e-01 1.000000e-01 1.597514e+00 -0.995429 0.005678 0.020510 0.908449 0.053489 0.007303 0.995429 -0.006246 -0.029597 -0.930343 0.000000 
1.150000e-01 1.003096e-01 9.749521e-02 1.125209e-01 1.000000e-01 1.597514e+00 -0.995429 0.005678 0.020510 0.908449 0.053489 0.007303 0.995429 -0.006246 -0.029597 -0.930343 0.000000 
1.150000e-01 1.003096e-01 9.749521e-02 1.125209e-01 1.000000e-01 1.597514e+00 -0.995429 0.005678 0.020510 0.908449 0.053489 0.007303 0.995429 -0.006246 -0.029597 -0.930343 0.000000 
1.150000e-01 1.003096e-01 9.749521e-02 1.125209e-01 1.000000e-01 1.597514e+00 -0.995429 0.005678 0.020510 0.908449 0.053489 0.007303 0.995429 -0.006246 -0.029597 -0.930343 0.000000 
1.150000e-01 1.003096e-01 9.749521e-02 1.125209e-01 1.000000e-01 1.597514e+00 -0.995429 0.005678 0.020510 0.908449 0.053489 0.007303 0.995429 -0.006246 -0.029597 -0.930343 0.000000 
1.150000e-01 1.003096e-01 9.749521e-02 1.125209e-01 1.000000e-01 1.597514e+00 -0.995429 0.005678 0.020510 0.908449 0.053489 0.007303 0.995429 -0.006246 -0.029597 -0.930343 0.000000 
1.150000e-01 1.003096e-01 9.749521e-02 1.125209e-01 1.000000e-01 1.597514e+00 -0.995429 0.005678 0.020510 0.908449 0.053489 0.007303 0.995429 -0.006246 -0.029597 -0.930343 0.000000 
1.150000e-01 1.003096e-01 9.749521e-02 1.125209e-01 1.000000e-01 1.597514e+00 -0.995429 0.005678 0.020510 0.908449 0.053489 0.007303 0.995429 -0.006246 -0.029597 -0.930343 0.000000 
1.150000e-01 1.003096e-01 9.749521e-02 1.125209e-01 1.000000e-01 1.597514e+00 -0.995429 0.005678 0.020510 0.908449 0.053489 0.007303 0.995429 -0.006246 -0.029597 -0.930343 0.000000 
1.150000e-01 1.003096e-01 9.749521e-02 1.125209e-01 1.000000e-01 1.597514e+00 -0.995429 0.005678 0.020510 0.908449 0.053489 0.007303 0.995429 -0.006246 -0.029597 -0.930343 0.000000 
1.150000e-01 1.003096e-01 9.749521e-02 1.125209e-01 1.000000e-01 1.597514e+00 -0.995429 0.005678 0.020510 0.908449 0.053489 0.007303 0.995429 -0.006246 -0.029597 -0.930343 0.000000 
1.150000e-01 1.003096e-01 9.749521e-02 1.125209e-01 1.000000e-01 1.597514e+00 -0.995429 0.005678 0.020510 0.908449 0.053489 0.007303 0.995429 -0.006246 -0.029597 -0.930343 0.000000 
1.150000e-01 1.003096e-01 9.749521e-02 1.125209e-01 1.000000e-01 1.597514e+00 -0.995429 0.005678 0.020510 0.908449 0.053489 0.007303 0.995429 -0.006246 -0.029597 -0.930343 0.000000 
1.150000e-01 1.003096e-01 9.749521e-02 1.125209e-01 1.000000e-01 1.597514e+00 -0.995429 0.005678 0.020510 0.908449 0.053489 0.007303 0.995429 -0.006246 -0.029597 -0.930343 0.000000 
1.150000e-01 1.003096e-01 9.749521e-02 1.125209e-01 1.000000e-01 1.597514e+00 -0.995429 0.005678 0.020510 0.908449 0.053489 0.007303 0.995429 -0.006246 -0.029597 -0.930343 0.000000 
1.150000e-01 1.003096e-01 9.749521e-02 1.125209e-01 1.000000e-01 1.597514e+00 -0.995429 0.005678 0.020510 0.908449 0.053489 0.007303 0.995429 -0.006246 -0.029597 -0.930343 0.000000 
1.150000e-01 1.003096e-01 9.749521e-02 1.125209e-01 1.000000e-01 1.597514e+00 -0.995429 0.005678 0.020510 0.908449 0.053489 0.007303 0.995429 -0.006246 -0.029597 -0.930343 0.000000 
1.150000e-01 1.003096e-01 9.749521e-02 1.125209e-01 1.000000e-01 1.597514e+00 -0.995429 0.005678 0.020510 0.908449 0.053489 0.007303 0.995429 -0.006246 -0.029597 -0.930343 0.000000 
1.150000e-01 1.003096e-01 9.749521e-02 1.125209e-01 1.000000e-01 1.597514e+00 -0.995429 0.005678 0.020510 0.908449 0.053489 0.007303 0.995429 -0.006246 -0.029597 -0.930343 0.000000 
1.150000e-01 1.003096e-01 9.749521e-02 1.125209e-01 1.000000e-01 1.597514e+00 -0.995429 0.005678 0.020510 0.908449 0.053489 0.007303 0.995429 -0.006246 -0.029597 -0.930343 0.000000 
1.150000e-01 1.003096e-01 9.749521e-02 1.125209e-01 1.000000e-01 1.597514e+00 -0.995429 0.005678 0.020510 0.908449 0.053489 0.007303 0.995429 -0.006246 -0.029597 -0.930343 0.000000 
1.150000e-01 1.003096e-01 9.749521e-02 1.125209e-01 1.000000e-01 1.597514e+00 -0.995429 0.005678 0.020510 0.908449 0.053489 0.007303 0.995429 -0.006246 -0.029597 -0.930343 0.000000 
1.150000e-01 1.003096e-01 9.749521e-02 1.125209e-01 1.000000e-01 1.597514e+00 -0.995429 0.005678 0.020510 0.908449 0.053489 0.007303 0.995429 -0.006246 -0.029597 -0.930343 0.000000 
1.150000e-01 1.003096e-01 9.749521e-02 1.125209e-01 1.000000e-01 1.597514e+00 -0.995429 0.005678 0.020510 0.908449 0.053489 0.007303 0.995429 -0.006246 -0.029597 -0.930343 0.000000 
1.150000e-01 1.003096e-01 9.749521e-02 1.125209e-01 1.000000e-01 1.597514e+00 -0.995429 0.005678 0.020510 0.908449 0.053489 0.007303 0.995429 -0.006246 -0.029597 -0.930343 0.000000 
1.150000e-01 1.003096e-01 9.749521e-02 1.125209e-01 1.000000e-01 1.597514e+00 -0.995429 0.005678 0.020510 0.908449 0.053489 0.007303 0.995429 -0.006246 -0.029597 -0.930343 0.000000 
1.150000e-01 1.003096e-01 9.749521e-02 1.125209e-01 1.000000e-01 1.597514e+00 -0.995429 0.005678 0.020510 0.908449 0.053489 0.007303 0.995429 -0.006246 -0.029597 -0.930343 0.000000 
1.150000e-01 1.003096e-01 9.749521e-02 1.125209e-01 1.000000e-01 1.597514e+00 -0.995429 0.005678 0.020510 0.908449 0.053489 0.007303 0.995429 -0.006246 -0.029597 -0.930343 0.000000 
1.150000e-01 1.003096e-01 9.749521e-02 1.125209e-01 1.000000e-01 1.597514e+00 -0.995429 0.005678 0.020510 0.908449 0.053489 0.007303 0.995429 -0.006246 -0.029597 -0.930343 0.000000 
1.150000e-01 1.003096e-01 9.749521e-02 1.125209e-01 1.000000e-01 1.597514e+00 -0.995429 0.005678 0.020510 0.908449 0.053489 0.007303 0.995429 -0.006246 -0.029597 -0.930343 0.000000 
1.150000e-01 1.003096e-01 9.749521e-02 1.125209e-01 1.000000e-01 1.597514e+00 -0.995429 0.005678 0.020510 0.908449 0.053489 0.007303 0.995429 -0.006246 -0.029597 -0.930343 0.000000 
1.150000e-01 1.003096e-01 9.749521e-02 1.125209e-01 1.000000e-01 1.597514e+00 -0.995429 0.005678 0.020510 0.908449 0.053489 0.007303 0.995429 -0.006246 -0.029597 -0.930343 0.000000 
1.150000e-01 1.003096e-01 9.749521e-02 1.125209e-01 1.000000e-01 1.597514e+00 -0.995429 0.005678 0.020510 0.908449 0.053489 0.007303 0.995429 -0.006246 -0.029597 -0.930343 0.000000 
1.150000e-01 1.003096e-01 9.749521e-02 1.125209e-01 1.000000e-01 1.597514e+00 -0.995429 0.005678 0.020510 0.908449 0.053489 0.007303 0.995429 -0.006246 -0.029597 -0.930343 0.000000 
1.150000e-01 1.003096e-01 9.749521e-02 1.125209e-01 1.000000e-01 1.597514e+00 -0.995429 0.005678 0.020510 0.908449 0.053489 0.007303 0.995429 -0.006246 -0.029597 -0.930343 0.000000 
1.150000e-01 1.003096e-01 9.749521e-02 1.125209e-01 1.000000e-01 1.597514e+00 -0.995429 0.005678 0.020510 0.908449 0.053489 0.007303 0.995429 -0.006246 -0.029597 -0.930343 0.000000 
1.150000e-01 1.003096e-01 9.749521e-02 1.125209e-01 1.000000e-01 1.597514e+00 -0.995429 0.005678 0.020510 0.908449 0.053489 0.007303 0.995429 -0.006246 -0.029597 -0.930343 0.000000 
1.150000e-01 1.003096e-01 9.749521e-02 1.125209e-01 1.000000e-01 1.597514e+00 -0.995429 0.005678 0.020510 0.908449 0.053489 0.007303 0.995429 -0.006246 -0.029597 -0.930343 0.000000 
1.150000e-01 1.003096e-01 9.749521e-02 1.125209e-01 1.000000e-01 1.597514e+00 -0.995429 0.005678 0.020510 0.908449 0.053489 0.007303 0.995429 -0.006246 -0.029597 -0.930343 0.000000 
1.150000e-01 1.003096e-01 9.749521e-02 1.125209e-01 1.000000e-01 1.597514e+00 -0.995429 0.005678 0.020510 0.908449 0.053489 0.007303 0.995429 -0.006246 -0.029597 -0.930343 0.000000 
1.150000e-01 1.003096e-01 9.749521e-02 1.125209e-01 1.000000e-01 1.597514e+00 -0.995429 0.005678 0.020510 0.908449 0.053489 0.007303 0.995429 -0.006246 -0.029597 -0.930343 0.000000 
1.150000e-01 1.003096e-01 9.749521e-02 1.125209e-01 1.000000e-01 1.597514e+00 -0.995429 0.005678 0.020510 0.908449 0.053489 0.007303 0.995429 -0.006246 -0.029597 -0.930343 0.000000 
1.150000e-01 1.003096e-01 9.749521e-02 1.125209e-01 1.000000e-01 1.597514e+00 -0.995429 0.005678 0.020510 0.908449 0.053489 0.007303 0.995429 -0.006246 -0.029597 -0.930343 0.000000 
1.150000e-01 1.003096e-01 9.749521e-02 1.125209e-01 1.000000e-01 1.597514e+00 -0.995429 0.005678 0.020510 0.908449 0.053489 0.007303 0.995429 -0.006246 -0.029597 -0.930343 0.000000 
1.150000e-01 1.003096e-01 9.749521e-02 1.125209e-01 1.000000e-01 1.597514e+00 -0.995429 0.005678 0.020510 0.908449 0.053489 0.007303 0.995429 -0.006246 -0.029597 -0.930343 0.000000 
1.150000e-01 1.003096e-01 9.749521e-02 1.125209e-01 1.000000e-01 1.597514e+00 -0.995429 0.005678 0.020510 0.908449 0.053489 0.007303 0.995429 -0.006246 -0.029597 -0.930343 0.000000 
1.150000e-01 1.003096e-01 9.749521e-02 1.125209e-01 1.000000e-01 1.597514e+00 -0.995429 0.005678 0.020510 0.908449 0.053489 0.007303 0.995429 -0.006246 -0.029597 -0.930343 0.000000 
1.150000e-01 1.003096e-01 9.749521e-02 1.125209e-01 1.000000e-01 1.597514e+00 -0.995429 0.005678 0.020510 0.908449 0.053489 0.007303 0.995429 -0.006246 -0.029597 -0.930343 0.000000 
1.150000e-01 1.003096e-01 9.749521e-02 1.125209e-01 1.000000e-01 1.597514e+00 -0.995429 0.005678 0.020510 0.908449 0.053489 0.007303 0.995429 -0.006246 -0.029597 -0.930343 0.000000 
1.150000e-01 1.003096e-01 9.749521e-02 1.125209e-01 1.000000e-01 1.597514e+00 -0.995429 0.005678 0.020510 0.908449 0.053489 0.007303 0.995429 -0.006246 -0.029597 -0.930343 0.000000 
1.150000e-01 1.003096e-01 9.749521e-02 1.125209e-01 1.000000e-01 1.597514e+00 -0.995429 0.005678 0.020510 0.908449 0.053489 0.007303 0.995429 -0.006246 -0.029597 -0.930343 0.000000 
1.150000e-01 1.003096e-01 9.749521e-02 1.125209e-01 1.000000e-01 1.597514e+00 -0.995429 0.005678 0.020510 0.908449 0.053489 0.007303 0.995429 -0.006246 -0.029597 -0.930343 0.000000 
1.150000e-01 1.003096e-01 9.749521e-02 1.125209e-01 1.000000e-01 1.597514e+00 -0.995429 0.005678 0.020510 0.908449 0.053489 0.007303 0.995429 -0.006246 -0.029597 -0.930343 0.000000 
1.150000e-01 1.003096e-01 9.749521e-02 1.125209e-01 1.000000e-01 1.597514e+00 -0.995429 0.005678 0.020510 0.908449 0.053489 0.007303 0.995429 -0.006246 -0.029597 -0.930343 0.000000 
1.150000e-01 1.003096e-01 9.749521e-02 1.125209e-01 1.000000e-01 1.597514e+00 -0.995429 0.005678 0.020510 0.908449 0.053489 0.007303 0.995429 -0.006246 -0.029597 -0.930343 0.000000 
1.150000e-01 1.003096e-01 9.749521e-02 1.125209e-01 1.000000e-01 1.597514e+00 -0.995429 0.005678 0.020510 0.908449 0.053489 0.007303 0.995429 -0.006246 -0.029597 -0.930343 0.000000 
1.150000e-01 1.003096e-01 9.749521e-02 1.125209e-01 1.000000e-01 1.597514e+00 -0.995429 0.005678 0.020510 0.908449 0.053489 0.007303 0.995429 -0.006246 -0.029597 -0.930343 0.000000 
1.150000e-01 1.003096e-01 9.749521e-02 1.125209e-01 1.000000e-01 1.597514e+00 -0.995429 0.005678 0.020510 0.908449 0.053489 0.007303 0.995429 -0.006246 -0.029597 -0.930343 0.000000 
1.150000e-01 1.003096e-01 9.749521e-02 1.125209e-01 1.000000e-01 1.597514e+00 -0.995429 0.005678 0.020510 0.908449 0.053489 0.007303 0.995429 -0.006246 -0.029597 -0.930343 0.000000 
1.150000e-01 1.003096e-01 9.749521e-02 1.125209e-01 1.000000e-01 1.597514e+00 -0.995429 0.005678 0.020510 0.908449 0.053489 0.007303 0.995429 -0.006246 -0.029597 -0.930343 0.000000 
1.150000e-01 1.003096e-01 9.749521e-02 1.125209e-01 1.000000e-01 1.597514e+00 -0.995429 0.005678 0.020510 0.908449 0.053489 0.007303 0.995429 -0.006246 -0.029597 -0.930343 0.000000 
1.150000e-01 1.003096e-01 9.749521e-02 1.125209e-01 1.000000e-01 1.597514e+00 -0.995429 0.005678 0.020510 0.908449 0.053489 0.007303 0.995429 -0.006246 -0.029597 -0.930343 0.000000 
1.150000e-01 1.003096e-01 9.749521e-02 1.125209e-01 1.000000e-01 1.597514e+00 -0.995429 0.005678 0.020510 0.908449 0.053489 0.007303 0.995429 -0.006246 -0.029597 -0.930343 0.000000 
1.150000e-01 1.003096e-01 9.749521e-02 1.125209e-01 1.000000e-01 1.597514e+00 -0.995429 0.005678 0.020510 0.908449 0.053489 0.007303 0.995429 -0.006246 -0.029597 -0.930343 0.000000 
1.150000e-01 1.003096e-01 9.749521e-02 1.125209e-01 1.000000e-01 1.597514e+00 -0.995429 0.005678 0.020510 0.908449 0.053489 0.007303 0.995429 -0.006246 -0.029597 -0.930343 0.000000 
1.150000e-01 1.003096e-01 9.749521e-02 1.125209e-01 1.000000e-01 1.597514e+00 -0.995429 0.005678 0.020510 0.908449 0.053489 0.007303 0.995429 -0.006246 -0.029597 -0.930343 0.000000 
1.150000e-01 1.003096e-01 9.749521e-02 1.125209e-01 1.000000e-01 1.597514e+00 -0.995429 0.005678 0.020510 0.908449 0.053489 0.007303 0.995429 -0.006246 -0.029597 -0.930343 0.000000 
1.150000e-01 1.003096e-01 9.749521e-02 1.125209e-01 1.000000e-01 1.597514e+00 -0.995429 0.005678 0.020510 0.908449 0.053489 0.007303 0.995429 -0.006246 -0.029597 -0.930343 0.000000 
1.150000e-01 1.003096e-01 9.749521e-02 1.125209e-01 1.000000e-01 1.597514e+00 -0.995429 0.005678 0.020510 0.908449 0.053489 0.007303 0.995429 -0.006246 -0.029597 -0.930343 0.000000 
1.150000e-01 1.003096e-01 9.749521e-02 1.125209e-01 1.000000e-01 1.597514e+00 -0.995429 0.005678 0.020510 0.908449 0.053489 0.007303 0.995429 -0.006246 -0.029597 -0.930343 0.000000 
1.150000e-01 1.003096e-01 9.749521e-02 1.125209e-01 1.000000e-01 1.597514e+00 -0.995429 0.005678 0.020510 0.908449 0.053489 0.007303 0.995429 -0.006246 -0.029597 -0.930343 0.000000 
1.150000e-01 1.003096e-01 9.749521e-02 1.125209e-01 1.000000e-01 1.597514e+00 -0.995429 0.005678 0.020510 0.908449 0.053489 0.007303 0.995429 -0.006246 -0.029597 -0.930343 0.000000 
1.150000e-01 1.003096e-01 9.749521e-02 1.125209e-01 1.000000e-01 1.597514e+00 -0.995429 0.005678 0.020510 0.908449 0.053489 0.007303 0.995429 -0.006246 -0.029597 -0.930343 0.000000 
1.150000e-01 1.003096e-01 9.749521e-02 1.125209e-01 1.000000e-01 1.597514e+00 -0.995429 0.005678 0.020510 0.908449 0.053489 0.007303 0.995429 -0.006246 -0.029597 -0.930343 0.000000 
1.150000e-01 1.003096e-01 9.749521e-02 1.125209e-01 1.000000e-01 1.597514e+00 -0.995429 0.005678 0.020510 0.908449 0.053489 0.007303 0.995429 -0.006246 -0.029597 -0.930343 0.000000 
1.150000e-01 1.003096e-01 9.749521e-02 1.125209e-01 1.000000e-01 1.597514e+00 -0.995429 0.005678 0.020510 0.908449 0.053489 0.007303 0.995429 -0.006246 -0.029597 -0.930343 0.000000 
1.150000e-01 1.003096e-01 9.749521e-02 1.125209e-01 1.000000e-01 1.597514e+00 -0.995429 0.005678 0.020510 0.908449 0.053489 0.007303 0.995429 -0.006246 -0.029597 -0.930343 0.000000 
1.150000e-01 1.003096e-01 9.749521e-02 1.125209e-01 1.000000e-01 1.597514e+00 -0.995429 0.005678 0.020510 0.908449 0.053489 0.007303 0.995429 -0.006246 -0.029597 -0.930343 0.000000 
1.150000e-01 1.003096e-01 9.749521e-02 1.125209e-01 1.000000e-01 1.597514e+00 -0.995429 0.005678 0.020510 0.908449 0.053489 0.007303 0.995429 -0.006246 -0.029597 -0.930343 0.000000 
1.150000e-01 1.003096e-01 9.749521e-02 1.125209e-01 1.000000e-01 1.597514e+00 -0.995429 0.005678 0.020510 0.908449 0.053489 0.007303 0.995429 -0.006246 -0.029597 -0.930343 0.000000 
1.150000e-01 1.003096e-01 9.749521e-02 1.125209e-01 1.000000e-01 1.597514e+00 -0.995429 0.005678 0.020510 0.908449 0.053489 0.007303 0.995429 -0.006246 -0.029597 -0.930343 0.000000 
1.150000e-01 1.003096e-01 9.749521e-02 1.125209e-01 1.000000e-01 1.597514e+00 -0.995429 0.005678 0.020510 0.908449 0.053489 0.007303 0.995429 -0.006246 -0.029597 -0.930343 0.000000 
1.150000e-01 1.003096e-01 9.749521e-02 1.125209e-01 1.000000e-01 1.597514e+00 -0.995429 0.005678 0.020510 0.908449 0.053489 0.007303 0.995429 -0.006246 -0.029597 -0.930343 0.000000 
1.150000e-01 1.003096e-01 9.749521e-02 1.125209e-01 1.000000e-01 1.597514e+00 -0.995429 0.005678 0.020510 0.908449 0.053489 0.007303 0.995429 -0.006246 -0.029597 -0.930343 0.000000 
1.150000e-01 1.003096e-01 9.749521e-02 1.125209e-01 1.000000e-01 1.597514e+00 -0.995429 0.005678 0.020510 0.908449 0.053489 0.007303 0.995429 -0.006246 -0.029597 -0.930343 0.000000 
1.150000e-01 1.003096e-01 9.749521e-02 1.125209e-01 1.000000e-01 1.597514e+00 -0.995429 0.005678 0.020510 0.908449 0.053489 0.007303 0.995429 -0.006246 -0.029597 -0.930343 0.000000 
1.150000e-01 1.003096e-01 9.749521e-02 1.125209e-01 1.000000e-01 1.597514e+00 -0.995429 0.005678 0.020510 0.908449 0.053489 0.007303 0.995429 -0.006246 -0.029597 -0.930343 0.000000 
1.150000e-01 1.003096e-01 9.749521e-02 1.125209e-01 1.000000e-01 1.597514e+00 -0.995429 0.005678 0.020510 0.908449 0.053489 0.007303 0.995429 -0.006246 -0.029597 -0.930343 0.000000 
1.150000e-01 1.003096e-01 9.749521e-02 1.125209e-01 1.000000e-01 1.597514e+00 -0.995429 0.005678 0.020510 0.908449 0.053489 0.007303 0.995429 -0.006246 -0.029597 -0.930343 0.000000 
1.150000e-01 1.003096e-01 9.749521e-02 1.125209e-01 1.000000e-01 1.597514e+00 -0.995429 0.005678 0.020510 0.908449 0.053489 0.007303 0.995429 -0.006246 -0.029597 -0.930343 0.000000 
1.150000e-01 1.003096e-01 9.749521e-02 1.125209e-01 1.000000e-01 1.597514e+00 -0.995429 0.005678 0.020510 0.908449 0.053489 0.007303 0.995429 -0.006246 -0.029597 -0.930343 0.000000 
1.150000e-01 1.003096e-01 9.749521e-02 1.125209e-01 1.000000e-01 1.597514e+00 -0.995429 0.005678 0.020510 0.908449 0.053489 0.007303 0.995429 -0.006246 -0.029597 -0.930343 0.000000 
1.150000e-01 1.003096e-01 9.749521e-02 1.125209e-01 1.000000e-01 1.597514e+00 -0.995429 0.005678 0.020510 0.908449 0.053489 0.007303 0.995429 -0.006246 -0.029597 -0.930343 0.000000 
1.150000e-01 1.003096e-01 9.749521e-02 1.125209e-01 1.000000e-01 1.597514e+00 -0.995429 0.005678 0.020510 0.908449 0.053489 0.007303 0.995429 -0.006246 -0.029597 -0.930343 0.000000 
1.150000e-01 1.003096e-01 9.749521e-02 1.125209e-01 1.000000e-01 1.597514e+00 -0.995429 0.005678 0.020510 0.908449 0.053489 0.007303 0.995429 -0.006246 -0.029597 -0.930343 0.000000 
1.150000e-01 1.003096e-01 9.749521e-02 1.125209e-01 1.000000e-01 1.597514e+00 -0.995429 0.005678 0.020510 0.908449 0.053489 0.007303 0.995429 -0.006246 -0.029597 -0.930343 0.000000 
1.150000e-01 1.003096e-01 9.749521e-02 1.125209e-01 1.000000e-01 1.597514e+00 -0.995429 0.005678 0.020510 0.908449 0.053489 0.007303 0.995429 -0.006246 -0.029597 -0.930343 0.000000 
1.150000e-01 1.003096e-01 9.749521e-02 1.125209e-01 1.000000e-01 1.597514e+00 -0.995429 0.005678 0.020510 0.908449 0.053489 0.007303 0.995429 -0.006246 -0.029597 -0.930343 0.000000 
1.150000e-01 1.003096e-01 9.749521e-02 1.125209e-01 1.000000e-01 1.597514e+00 -0.995429 0.005678 0.020510 0.908449 0.053489 0.007303 0.995429 -0.006246 -0.029597 -0.930343 0.000000 
1.150000e-01 1.003096e-01 9.749521e-02 1.125209e-01 1.000000e-01 1.597514e+00 -0.995429 0.005678 0.020510 0.908449 0.053489 0.007303 0.995429 -0.006246 -0.029597 -0.930343 0.000000 
1.150000e-01 1.003096e-01 9.749521e-02 1.125209e-01 1.000000e-01 1.597514e+00 -0.995429 0.005678 0.020510 0.908449 0.053489 0.007303 0.995429 -0.006246 -0.029597 -0.930343 0.000000 
1.150000e-01 1.003096e-01 9.749521e-02 1.125209e-01 1.000000e-01 1.597514e+00 -0.995429 0.005678 0.020510 0.908449 0.053489 0.007303 0.995429 -0.006246 -0.029597 -0.930343 0.000000 
1.150000e-01 1.003096e-01 9.749521e-02 1.125209e-01 1.000000e-01 1.597514e+00 -0.995429 0.005678 0.020510 0.908449 0.053489 0.007303 0.995429 -0.006246 -0.029597 -0.930343 0.000000 
1.150000e-01 1.003096e-01 9.749521e-02 1.125209e-01 1.000000e-01 1.597514e+00 -0.995429 0.005678 0.020510 0.908449 0.053489 0.007303 0.995429 -0.006246 -0.029597 -0.930343 0.000000 
1.150000e-01 1.003096e-01 9.749521e-02 1.125209e-01 1.000000e-01 1.597514e+00 -0.995429 0.005678 0.020510 0.908449 0.053489 0.007303 0.995429 -0.006246 -0.029597 -0.930343 0.000000 
1.150000e-01 1.003096e-01 9.749521e-02 1.125209e-01 1.000000e-01 1.597514e+00 -0.995429 0.005678 0.020510 0.908449 0.053489 0.007303 0.995429 -0.006246 -0.029597 -0.930343 0.000000 
1.150000e-01 1.003096e-01 9.749521e-02 1.125209e-01 1.000000e-01 1.597514e+00 -0.995429 0.005678 0.020510 0.908449 0.053489 0.007303 0.995429 -0.006246 -0.029597 -0.930343 0.000000 
1.150000e-01 1.003096e-01 9.749521e-02 1.125209e-01 1.000000e-01 1.597514e+00 -0.995429 0.005678 0.020510 0.908449 0.053489 0.007303 0.995429 -0.006246 -0.029597 -0.930343 0.000000 
1.150000e-01 1.003096e-01 9.749521e-02 1.125209e-01 1.000000e-01 1.597514e+00 -0.995429 0.005678 0.020510 0.908449 0.053489 0.007303 0.995429 -0.006246 -0.029597 -0.930343 0.000000 
1.150000e-01 1.003096e-01 9.749521e-02 1.125209e-01 1.000000e-01 1.597514e+00 -0.995429 0.005678 0.020510 0.908449 0.053489 0.007303 0.995429 -0.006246 -0.029597 -0.930343 0.000000 
1.150000e-01 1.003096e-01 9.749521e-02 1.125209e-01 1.000000e-01 1.597514e+00 -0.995429 0.005678 0.020510 0.908449 0.053489 0.007303 0.995429 -0.006246 -0.029597 -0.930343 0.000000 
1.150000e-01 1.003096e-01 9.749521e-02 1.125209e-01 1.000000e-01 1.597514e+00 -0.995429 0.005678 0.020510 0.908449 0.053489 0.007303 0.995429 -0.006246 -0.029597 -0.930343 0.000000 
1.150000e-01 1.003096e-01 9.749521e-02 1.125209e-01 1.000000e-01 1.597514e+00 -0.995429 0.005678 0.020510 0.908449 0.053489 0.007303 0.995429 -0.006246 -0.029597 -0.930343 0.000000 
1.150000e-01 1.003096e-01 9.749521e-02 1.125209e-01 1.000000e-01 1.597514e+00 -0.995429 0.005678 0.020510 0.908449 0.053489 0.007303 0.995429 -0.006246 -0.029597 -0.930343 0.000000 
1.150000e-01 1.003096e-01 9.749521e-02 1.125209e-01 1.000000e-01 1.597514e+00 -0.995429 0.005678 0.020510 0.908449 0.053489 0.007303 0.995429 -0.006246 -0.029597 -0.930343 0.000000 
1.150000e-01 1.003096e-01 9.749521e-02 1.125209e-01 1.000000e-01 1.597514e+00 -0.995429 0.005678 0.020510 0.908449 0.053489 0.007303 0.995429 -0.006246 -0.029597 -0.930343 0.000000 
1.150000e-01 1.003096e-01 9.749521e-02 1.125209e-01 1.000000e-01 1.597514e+00 -0.995429 0.005678 0.020510 0.908449 0.053489 0.007303 0.995429 -0.006246 -0.029597 -0.930343 0.000000 
1.150000e-01 1.003096e-01 9.749521e-02 1.125209e-01 1.000000e-01 1.597514e+00 -0.995429 0.005678 0.020510 0.908449 0.053489 0.007303 0.995429 -0.006246 -0.029597 -0.930343 0.000000 
1.150000e-01 1.003096e-01 9.749521e-02 1.125209e-01 1.000000e-01 1.597514e+00 -0.995429 0.005678 0.020510 0.908449 0.053489 0.007303 0.995429 -0.006246 -0.029597 -0.930343 0.000000 
1.150000e-01 1.003096e-01 9.749521e-02 1.125209e-01 1.000000e-01 1.597514e+00 -0.995429 0.005678 0.020510 0.908449 0.053489 0.007303 0.995429 -0.006246 -0.029597 -0.930343 0.000000 
1.150000e-01 1.003096e-01 9.749521e-02 1.125209e-01 1.000000e-01 1.597514e+00 -0.995429 0.005678 0.020510 0.908449 0.053489 0.007303 0.995429 -0.006246 -0.029597 -0.930343 0.000000 
1.150000e-01 1.003096e-01 9.749521e-02 1.125209e-01 1.000000e-01 1.597514e+00 -0.995429 0.005678 0.020510 0.908449 0.053489 0.007303 0.995429 -0.006246 -0.029597 -0.930343 0.000000 
1.150000e-01 1.003096e-01 9.749521e-02 1.125209e-01 1.000000e-01 1.597514e+00 -0.995429 0.005678 0.020510 0.908449 0.053489 0.007303 0.995429 -0.006246 -0.029597 -0.930343 0.000000 
1.150000e-01 1.003096e-01 9.749521e-02 1.125209e-01 1.000000e-01 1.597514e+00 -0.995429 0.005678 0.020510 0.908449 0.053489 0.007303 0.995429 -0.006246 -0.029597 -0.930343 0.000000 
1.150000e-01 1.003096e-01 9.749521e-02 1.125209e-01 1.000000e-01 1.597514e+00 -0.995429 0.005678 0.020510 0.908449 0.053489 0.007303 0.995429 -0.006246 -0.029597 -0.930343 0.000000 
1.150000e-01 1.003096e-01 9.749521e-02 1.125209e-01 1.000000e-01 1.597514e+00 -0.995429 0.005678 0.020510 0.908449 0.053489 0.007303 0.995429 -0.006246 -0.029597 -0.930343 0.000000 
1.150000e-01 1.003096e-01 9.749521e-02 1.125209e-01 1.000000e-01 1.597514e+00 -0.995429 0.005678 0.020510 0.908449 0.053489 0.007303 0.995429 -0.006246 -0.029597 -0.930343 0.000000 
1.150000e-01 1.003096e-01 9.749521e-02 1.125209e-01 1.000000e-01 1.597514e+00 -0.995429 0.005678 0.020510 0.908449 0.053489 0.007303 0.995429 -0.006246 -0.029597 -0.930343 0.000000 
1.150000e-01 1.003096e-01 9.749521e-02 1.125209e-01 1.000000e-01 1.597514e+00 -0.995429 0.005678 0.020510 0.908449 0.053489 0.007303 0.995429 -0.006246 -0.029597 -0.930343 0.000000 
1.150000e-01 1.003096e-01 9.749521e-02 1.125209e-01 1.000000e-01 1.597514e+00 -0.995429 0.005678 0.020510 0.908449 0.053489 0.007303 0.995429 -0.006246 -0.029597 -0.930343 0.000000 
1.150000e-01 1.003096e-01 9.749521e-02 1.125209e-01 1.000000e-01 1.597514e+00 -0.995429 0.005678 0.020510 0.908449 0.053489 0.007303 0.995429 -0.006246 -0.029597 -0.930343 0.000000 
1.150000e-01 1.003096e-01 9.749521e-02 1.125209e-01 1.000000e-01 1.597514e+00 -0.995429 0.005678 0.020510 0.908449 0.053489 0.007303 0.995429 -0.006246 -0.029597 -0.930343 0.000000 
1.150000e-01 1.003096e-01 9.749521e-02 1.125209e-01 1.000000e-01 1.597514e+00 -0.995429 0.005678 0.020510 0.908449 0.053489 0.007303 0.995429 -0.006246 -0.029597 -0.930343 0.000000 
1.150000e-01 1.003096e-01 9.749521e-02 1.125209e-01 1.000000e-01 1.597514e+00 -0.995429 0.005678 0.020510 0.908449 0.053489 0.007303 0.995429 -0.006246 -0.029597 -0.930343 0.000000 
1.150000e-01 1.003096e-01 9.749521e-02 1.125209e-01 1.000000e-01 1.597514e+00 -0.995429 0.005678 0.020510 0.908449 0.053489 0.007303 0.995429 -0.006246 -0.029597 -0.930343 0.000000 
1.150000e-01 1.003096e-01 9.749521e-02 1.125209e-01 1.000000e-01 1.597514e+00 -0.995429 0.005678 0.020510 0.908449 0.053489 0.007303 0.995429 -0.006246 -0.029597 -0.930343 0.000000 
1.150000e-01 1.003096e-01 9.749521e-02 1.125209e-01 1.000000e-01 1.597514e+00 -0.995429 0.005678 0.020510 0.908449 0.053489 0.007303 0.995429 -0.006246 -0.029597 -0.930343 0.000000 
1.150000e-01 1.003096e-01 9.749521e-02 1.125209e-01 1.000000e-01 1.597514e+00 -0.995429 0.005678 0.020510 0.908449 0.053489 0.007303 0.995429 -0.006246 -0.029597 -0.930343 0.000000 
1.150000e-01 1.003096e-01 9.749521e-02 1.125209e-01 1.000000e-01 1.597514e+00 -0.995429 0.005678 0.020510 0.908449 0.053489 0.007303 0.995429 -0.006246 -0.029597 -0.930343 0.000000 
1.150000e-01 1.003096e-01 9.749521e-02 1.125209e-01 1.000000e-01 1.597514e+00 -0.995429 0.005678 0.020510 0.908449 0.053489 0.007303 0.995429 -0.006246 -0.029597 -0.930343 0.000000 
1.150000e-01 1.003096e-01 9.749521e-02 1.125209e-01 1.000000e-01 1.597514e+00 -0.995429 0.005678 0.020510 0.908449 0.053489 0.007303 0.995429 -0.006246 -0.029597 -0.930343 0.000000 
1.150000e-01 1.003096e-01 9.749521e-02 1.125209e-01 1.000000e-01 1.597514e+00 -0.995429 0.005678 0.020510 0.908449 0.053489 0.007303 0.995429 -0.006246 -0.029597 -0.930343 0.000000 
1.150000e-01 1.003096e-01 9.749521e-02 1.125209e-01 1.000000e-01 1.597514e+00 -0.995429 0.005678 0.020510 0.908449 0.053489 0.007303 0.995429 -0.006246 -0.029597 -0.930343 0.000000 
1.150000e-01 1.003096e-01 9.749521e-02 1.125209e-01 1.000000e-01 1.597514e+00 -0.995429 0.005678 0.020510 0.908449 0.053489 0.007303 0.995429 -0.006246 -0.029597 -0.930343 0.000000 
1.150000e-01 1.003096e-01 9.749521e-02 1.125209e-01 1.000000e-01 1.597514e+00 -0.995429 0.005678 0.020510 0.908449 0.053489 0.007303 0.995429 -0.006246 -0.029597 -0.930343 0.000000 
