# TeX TeY TeZ ThX ThY THZ P1 P2
1.100000e-01 1.000000e-01 1.155000e+00 1.100000e-01 1.000000e-01 1.155000e+00 0.000000 0.000000 0.000000 0.000000 0.000000 0.000000 0.000000 0.000000 0.000000 0.000000 0.000000 
1.100000e-01 1.000000e-01 1.144936e+00 1.100000e-01 1.000000e-01 1.162762e+00 -0.011777 0.001503 0.003012 0.003027 0.003055 0.001179 0.011777 -0.001511 -0.003024 -0.003026 0.000000 
1.100000e-01 1.000000e-01 1.134816e+00 1.100000e-01 1.000000e-01 1.170503e+00 -0.023578 0.003009 0.006030 0.006060 0.006117 0.002360 0.023577 -0.003026 -0.006053 -0.006059 0.000000 
1.100000e-01 1.000000e-01 1.124640e+00 1.100000e-01 1.000000e-01 1.178223e+00 -0.035401 0.004519 0.009055 0.009100 0.009184 0.003544 0.035401 -0.004543 -0.009089 -0.009097 0.000000 
1.100000e-01 1.000000e-01 1.114409e+00 1.100000e-01 1.000000e-01 1.185921e+00 -0.047247 0.006031 0.012084 0.012145 0.012257 0.004730 0.047247 -0.006064 -0.012130 -0.012141 0.000000 
1.100000e-01 1.000000e-01 1.104122e+00 1.100000e-01 1.000000e-01 1.193599e+00 -0.059115 0.007545 0.015119 0.015195 0.015337 0.005918 0.059115 -0.007587 -0.015177 -0.015191 0.000000 
1.100000e-01 1.000000e-01 1.093782e+00 1.099999e-01 1.000000e-01 1.201254e+00 -0.071005 0.009062 0.018159 0.018252 0.018423 0.007109 0.071005 -0.009113 -0.018229 -0.018246 0.000000 
1.100000e-01 1.000000e-01 1.083387e+00 1.099999e-01 1.000000e-01 1.208888e+00 -0.082915 0.010580 0.021204 0.021313 0.021515 0.008303 0.082915 -0.010642 -0.021287 -0.021307 0.000000 
1.100000e-01 1.000000e-01 1.072939e+00 1.099999e-01 1.000000e-01 1.216499e+00 -0.094847 0.012101 0.024252 0.024381 0.024614 0.009499 0.094847 -0.012173 -0.024350 -0.024373 0.000000 
1.100000e-01 1.000000e-01 1.062438e+00 1.099999e-01 1.000000e-01 1.224087e+00 -0.106798 0.013623 0.027305 0.027453 0.027719 0.010698 0.106798 -0.013707 -0.027419 -0.027444 0.000000 
1.100000e-01 1.000000e-01 1.051885e+00 1.099999e-01 1.000000e-01 1.231653e+00 -0.118769 0.015147 0.030361 0.030531 0.030831 0.011899 0.118769 -0.015243 -0.030492 -0.030520 0.000000 
1.100000e-01 1.000000e-01 1.041279e+00 1.099998e-01 1.000000e-01 1.239196e+00 -0.130759 0.016671 0.033420 0.033614 0.033950 0.013104 0.130759 -0.016782 -0.033570 -0.033602 0.000000 
1.100000e-01 1.000000e-01 1.030622e+00 1.099998e-01 1.000000e-01 1.246716e+00 -0.142768 0.018197 0.036482 0.036703 0.037076 0.014311 0.142768 -0.018323 -0.036654 -0.036688 0.000000 
1.100000e-01 1.000000e-01 1.019914e+00 1.099998e-01 1.000000e-01 1.254211e+00 -0.154795 0.019723 0.039546 0.039796 0.040209 0.015521 0.154795 -0.019867 -0.039741 -0.039778 0.000000 
1.100000e-01 1.000000e-01 1.009155e+00 1.099997e-01 1.000000e-01 1.261683e+00 -0.166840 0.021249 0.042612 0.042894 0.043350 0.016735 0.166840 -0.021413 -0.042834 -0.042873 0.000000 
1.100000e-01 1.000000e-01 9.983459e-01 1.099997e-01 1.000000e-01 1.269131e+00 -0.178902 0.022775 0.045679 0.045998 0.046498 0.017952 0.178902 -0.022961 -0.045930 -0.045973 0.000000 
1.100000e-01 1.000000e-01 9.874870e-01 1.099996e-01 1.000000e-01 1.276554e+00 -0.190981 0.024300 0.048748 0.049106 0.049654 0.019172 0.190980 -0.024511 -0.049031 -0.049077 0.000000 
1.100000e-01 1.000000e-01 9.765788e-01 1.099996e-01 1.000000e-01 1.283953e+00 -0.203076 0.025824 0.051816 0.052220 0.052819 0.020396 0.203075 -0.026063 -0.052136 -0.052185 0.000000 
1.100000e-01 1.000000e-01 9.656217e-01 1.099995e-01 1.000000e-01 1.291326e+00 -0.215186 0.027346 0.054885 0.055338 0.055993 0.021623 0.215186 -0.027618 -0.055246 -0.055297 0.000000 
1.100000e-01 1.000000e-01 9.546161e-01 1.099994e-01 1.000000e-01 1.298674e+00 -0.227312 0.028867 0.057952 0.058462 0.059175 0.022855 0.227312 -0.029174 -0.058359 -0.058413 0.000000 
1.100000e-01 1.000000e-01 9.435625e-01 1.099993e-01 1.000000e-01 1.305997e+00 -0.239453 0.030385 0.061018 0.061592 0.062368 0.024090 0.239452 -0.030732 -0.061476 -0.061533 0.000000 
1.100000e-01 1.000000e-01 9.324612e-01 1.099992e-01 1.000000e-01 1.313293e+00 -0.251607 0.031899 0.064081 0.064727 0.065570 0.025329 0.251607 -0.032292 -0.064596 -0.064656 0.000000 
1.100000e-01 1.000000e-01 9.213128e-01 1.099991e-01 1.000000e-01 1.320563e+00 -0.263776 0.033409 0.067141 0.067868 0.068784 0.026573 0.263776 -0.033854 -0.067720 -0.067783 0.000000 
1.100000e-01 1.000000e-01 9.101176e-01 1.099990e-01 1.000000e-01 1.327807e+00 -0.275958 0.034914 0.070197 0.071016 0.072009 0.027822 0.275958 -0.035417 -0.070848 -0.070914 0.000000 
1.100000e-01 1.000000e-01 8.988760e-01 1.099988e-01 1.000000e-01 1.335023e+00 -0.288153 0.036413 0.073248 0.074171 0.075245 0.029075 0.288153 -0.036982 -0.073979 -0.074047 0.000000 
1.100000e-01 1.000000e-01 8.875885e-01 1.099986e-01 1.000000e-01 1.342212e+00 -0.300360 0.037904 0.076291 0.077334 0.078496 0.030333 0.300360 -0.038549 -0.077113 -0.077184 0.000000 
1.100000e-01 1.000000e-01 8.762554e-01 1.099984e-01 1.000000e-01 1.349374e+00 -0.312579 0.039386 0.079329 0.080506 0.081760 0.031597 0.312579 -0.040117 -0.080250 -0.080324 0.000000 
1.100000e-01 1.000000e-01 8.648772e-01 1.099982e-01 1.000000e-01 1.356507e+00 -0.324809 0.040858 0.082357 0.083688 0.085040 0.032865 0.324809 -0.041687 -0.083390 -0.083467 0.000000 
1.100000e-01 1.000000e-01 8.534542e-01 1.099980e-01 1.000000e-01 1.363612e+00 -0.337050 0.042318 0.085375 0.086882 0.088335 0.034139 0.337050 -0.043258 -0.086532 -0.086613 0.000000 
1.100000e-01 1.000000e-01 8.419869e-01 1.099977e-01 1.000000e-01 1.370689e+00 -0.349302 0.043764 0.088381 0.090090 0.091648 0.035417 0.349301 -0.044830 -0.089678 -0.089761 0.000000 
1.100000e-01 1.000000e-01 8.304756e-01 1.099974e-01 1.000000e-01 1.377736e+00 -0.361563 0.045193 0.091373 0.093314 0.094980 0.036701 0.361562 -0.046404 -0.092826 -0.092912 0.000000 
1.100000e-01 1.000000e-01 8.189208e-01 1.099970e-01 1.000000e-01 1.384754e+00 -0.373833 0.046604 0.094352 0.096556 0.098331 0.037989 0.373833 -0.047979 -0.095976 -0.096065 0.000000 
1.100000e-01 1.000000e-01 8.073227e-01 1.099966e-01 1.000000e-01 1.391742e+00 -0.386113 0.047989 0.097311 0.099824 0.101706 0.039281 0.386112 -0.049555 -0.099128 -0.099220 0.000000 
1.100000e-01 1.000000e-01 7.956818e-01 1.099961e-01 1.000000e-01 1.398699e+00 -0.398400 0.049350 0.100251 0.103118 0.105104 0.040577 0.398400 -0.051132 -0.102283 -0.102378 0.000000 
1.100000e-01 1.000000e-01 7.839984e-01 1.099956e-01 1.000000e-01 1.405627e+00 -0.410696 0.050679 0.103169 0.106445 0.108527 0.041875 0.410695 -0.052710 -0.105440 -0.105537 0.000000 
1.100000e-01 9.999999e-02 7.722730e-01 1.099950e-01 1.000000e-01 1.412523e+00 -0.422999 0.051970 0.106061 0.109816 0.111978 0.043173 0.422998 -0.054289 -0.108598 -0.108699 0.000000 
1.100000e-01 9.999999e-02 7.605059e-01 1.099943e-01 1.000000e-01 1.419388e+00 -0.435308 0.053222 0.108926 0.113233 0.115457 0.044469 0.435308 -0.055869 -0.111759 -0.111862 0.000000 
1.100000e-01 9.999999e-02 7.486974e-01 1.099935e-01 1.000000e-01 1.426221e+00 -0.447624 0.054420 0.111757 0.116714 0.118970 0.045761 0.447624 -0.057449 -0.114921 -0.115027 0.000000 
1.100000e-01 9.999999e-02 7.368479e-01 1.099926e-01 1.000000e-01 1.433021e+00 -0.459946 0.055560 0.114552 0.120271 0.122517 0.047044 0.459946 -0.059031 -0.118084 -0.118193 0.000000 
1.100000e-01 9.999999e-02 7.249577e-01 1.099917e-01 1.000000e-01 1.439789e+00 -0.472273 0.056637 0.117310 0.123912 0.126098 0.048315 0.472273 -0.060613 -0.121249 -0.121361 0.000000 
1.100000e-01 9.999999e-02 7.130273e-01 1.099905e-01 1.000000e-01 1.446524e+00 -0.484605 0.057624 0.120015 0.127678 0.129722 0.049564 0.484605 -0.062196 -0.124415 -0.124530 0.000000 
1.100000e-01 9.999998e-02 7.010570e-01 1.099893e-01 1.000000e-01 1.453226e+00 -0.496941 0.058522 0.122670 0.131576 0.133386 0.050786 0.496941 -0.063779 -0.127582 -0.127700 0.000000 
1.100000e-01 9.999998e-02 6.890470e-01 1.099879e-01 1.000000e-01 1.459894e+00 -0.509281 0.059316 0.125268 0.135632 0.137090 0.051973 0.509281 -0.065363 -0.130750 -0.130871 0.000000 
1.100000e-01 9.999998e-02 6.769978e-01 1.099863e-01 1.000000e-01 1.466527e+00 -0.521624 0.059967 0.127786 0.139920 0.140846 0.053104 0.521624 -0.066947 -0.133919 -0.134043 0.000000 
1.100000e-01 9.999997e-02 6.649096e-01 1.099845e-01 1.000000e-01 1.473125e+00 -0.533971 0.060474 0.130225 0.144454 0.144648 0.054169 0.533970 -0.068531 -0.137089 -0.137216 0.000000 
1.100000e-01 9.999997e-02 6.527829e-01 1.099825e-01 1.000000e-01 1.479689e+00 -0.546319 0.060816 0.132572 0.149283 0.148494 0.055153 0.546318 -0.070116 -0.140259 -0.140389 0.000000 
1.100000e-01 9.999996e-02 6.406179e-01 1.099802e-01 1.000000e-01 1.486216e+00 -0.558669 0.060935 0.134789 0.154535 0.152393 0.056016 0.558669 -0.071701 -0.143430 -0.143562 0.000000 
1.100000e-01 9.999995e-02 6.284149e-01 1.099777e-01 1.000000e-01 1.492707e+00 -0.571020 0.060819 0.136864 0.160262 0.156336 0.056738 0.571020 -0.073286 -0.146601 -0.146736 0.000000 
1.100000e-01 9.999994e-02 6.161744e-01 1.099749e-01 1.000000e-01 1.499162e+00 -0.583373 0.060445 0.138770 0.166549 0.160315 0.057292 0.583372 -0.074872 -0.149772 -0.149911 0.000000 
1.100000e-01 9.999993e-02 6.038965e-01 1.099718e-01 1.000000e-01 1.505578e+00 -0.595724 0.059750 0.140449 0.173580 0.164322 0.057621 0.595724 -0.076457 -0.152943 -0.153085 0.000000 
1.100000e-01 9.999991e-02 5.915817e-01 1.099684e-01 1.000000e-01 1.511954e+00 -0.608075 0.058674 0.141828 0.181574 0.168336 0.057661 0.608074 -0.078042 -0.156114 -0.156258 0.000000 
1.100000e-01 9.999989e-02 5.792301e-01 1.099646e-01 1.000000e-01 1.518291e+00 -0.620423 0.057208 0.142856 0.190654 0.172322 0.057382 0.620422 -0.079627 -0.159284 -0.159432 0.000000 
1.100000e-01 9.999987e-02 5.668422e-01 1.099603e-01 1.000000e-01 1.524587e+00 -0.632769 0.055305 0.143436 0.201072 0.176233 0.056722 0.632769 -0.081211 -0.162454 -0.162604 0.000000 
1.100000e-01 9.999984e-02 5.544183e-01 1.099556e-01 1.000000e-01 1.530842e+00 -0.645112 0.052854 0.143352 0.213388 0.179966 0.055550 0.645112 -0.082796 -0.165623 -0.165776 0.000000 
1.100000e-01 9.999981e-02 5.419586e-01 1.099501e-01 1.000000e-01 1.537055e+00 -0.657453 0.049830 0.142428 0.228004 0.183386 0.053804 0.657453 -0.084379 -0.168791 -0.168947 0.000000 
1.100000e-01 9.999977e-02 5.294634e-01 1.099433e-01 1.000000e-01 1.543226e+00 -0.669791 0.046215 0.140451 0.245394 0.186304 0.051426 0.669790 -0.085963 -0.171958 -0.172118 0.000000 
1.100000e-01 9.999972e-02 5.169330e-01 1.099344e-01 1.000000e-01 1.549356e+00 -0.682126 0.041969 0.137101 0.266302 0.188420 0.048332 0.682125 -0.087546 -0.175125 -0.175288 0.000000 
1.100000e-01 9.999967e-02 5.043678e-01 1.099210e-01 1.000000e-01 1.555444e+00 -0.694460 0.037013 0.131810 0.292094 0.189158 0.044384 0.694460 -0.089129 -0.178292 -0.178458 0.000000 
1.100000e-01 9.999960e-02 4.917680e-01 1.098985e-01 1.000000e-01 1.561491e+00 -0.706799 0.031299 0.123865 0.324581 0.187584 0.039469 0.706799 -0.090712 -0.181460 -0.181629 0.000000 
1.100000e-01 9.999951e-02 4.791339e-01 1.098575e-01 1.000000e-01 1.567501e+00 -0.719151 0.024874 0.112735 0.365357 0.182584 0.033600 0.719151 -0.092297 -0.184631 -0.184804 0.000000 
1.100000e-01 9.999940e-02 4.664657e-01 1.097798e-01 1.000000e-01 1.573480e+00 -0.731537 0.017718 0.097570 0.417313 0.172223 0.026712 0.731536 -0.093886 -0.187811 -0.187987 0.000000 
1.100000e-01 9.999928e-02 4.537638e-01 1.096335e-01 1.000000e-01 1.579446e+00 -0.743998 0.009771 0.077328 0.484734 0.153450 0.018713 0.743998 -0.095485 -0.191010 -0.191191 0.000000 
1.100000e-01 9.999912e-02 4.410284e-01 1.093716e-01 1.000000e-01 1.585433e+00 -0.756641 0.000800 0.050115 0.576035 0.120363 0.009326 0.756641 -0.097106 -0.194256 -0.194442 0.000000 
1.100000e-01 9.999893e-02 4.282598e-01 1.089714e-01 1.000000e-01 1.591506e+00 -0.769695 -0.009698 0.013269 0.703837 0.064268 -0.001983 0.769695 -0.098780 -0.197608 -0.197800 0.000000 
1.100000e-01 9.999870e-02 4.154583e-01 1.085993e-01 1.000000e-01 1.597522e+00 -0.783233 -0.021762 -0.033090 0.869716 -0.016455 -0.015177 0.783233 -0.100515 -0.201083 -0.201283 0.000000 
1.100000e-01 9.999841e-02 4.026241e-01 1.085993e-01 1.000000e-01 1.597522e+00 -0.791713 -0.020673 -0.030913 0.871895 -0.014264 -0.014333 0.791712 -0.101600 -0.203261 -0.203469 0.000000 
1.100000e-01 9.999807e-02 3.897575e-01 1.085993e-01 1.000000e-01 1.597522e+00 -0.800213 -0.019582 -0.028730 0.874079 -0.012068 -0.013486 0.800213 -0.102686 -0.205444 -0.205665 0.000000 
1.100000e-01 9.999765e-02 3.768588e-01 1.085993e-01 1.000000e-01 1.597522e+00 -0.808735 -0.018489 -0.026542 0.876269 -0.009866 -0.012638 0.808735 -0.103771 -0.207632 -0.207871 0.000000 
1.100000e-01 9.999713e-02 3.639282e-01 1.085993e-01 1.000000e-01 1.597522e+00 -0.817278 -0.017392 -0.024349 0.878464 -0.007659 -0.011787 0.817278 -0.104855 -0.209826 -0.210091 0.000000 
1.100000e-01 9.999650e-02 3.509659e-01 1.085993e-01 1.000000e-01 1.597522e+00 -0.825842 -0.016293 -0.022150 0.880665 -0.005446 -0.010934 0.825842 -0.105935 -0.212027 -0.212330 0.000000 
1.100000e-01 9.999572e-02 3.379723e-01 1.085993e-01 1.000000e-01 1.597522e+00 -0.834427 -0.015191 -0.019946 0.882871 -0.003228 -0.010079 0.834427 -0.107008 -0.214233 -0.214594 0.000000 
1.100000e-01 9.999477e-02 3.249475e-01 1.085993e-01 1.000000e-01 1.597522e+00 -0.843032 -0.014087 -0.017737 0.885082 -0.001004 -0.009223 0.843032 -0.108069 -0.216446 -0.216892 0.000000 
1.100000e-01 9.999361e-02 3.118918e-01 1.085993e-01 1.000000e-01 1.597522e+00 -0.851658 -0.012980 -0.015523 0.887299 0.001224 -0.008364 0.851657 -0.109108 -0.218666 -0.219244 0.000000 
1.100000e-01 9.999219e-02 2.988054e-01 1.085993e-01 1.000000e-01 1.597522e+00 -0.860304 -0.011870 -0.013303 0.889521 0.003458 -0.007503 0.860303 -0.110115 -0.220894 -0.221670 0.000000 
1.100000e-01 9.999045e-02 2.856887e-01 1.085993e-01 1.000000e-01 1.597522e+00 -0.868970 -0.010758 -0.011078 0.891748 0.005697 -0.006640 0.868970 -0.111072 -0.223131 -0.224210 0.000000 
1.100000e-01 9.998832e-02 2.725417e-01 1.085993e-01 1.000000e-01 1.597522e+00 -0.877656 -0.009643 -0.008848 0.893980 0.007942 -0.005775 0.877656 -0.111947 -0.225378 -0.226923 0.000000 
1.100000e-01 9.998572e-02 2.593647e-01 1.085993e-01 1.000000e-01 1.597522e+00 -0.886362 -0.008526 -0.006613 0.896217 0.010191 -0.004908 0.886362 -0.112701 -0.227639 -0.229893 0.000000 
1.100000e-01 9.998254e-02 2.461580e-01 1.085993e-01 1.000000e-01 1.597522e+00 -0.895088 -0.007406 -0.004373 0.898459 0.012446 -0.004039 0.895088 -0.113263 -0.229916 -0.233266 0.000000 
1.100000e-01 9.997868e-02 2.329217e-01 1.085993e-01 1.000000e-01 1.597522e+00 -0.903833 -0.006283 -0.002127 0.900707 0.014706 -0.003169 0.903833 -0.113534 -0.232208 -0.237259 0.000000 
1.100000e-01 9.997401e-02 2.196560e-01 1.085993e-01 1.000000e-01 1.597522e+00 -0.912599 -0.005158 0.000123 0.902959 0.016970 -0.002296 0.912599 -0.113373 -0.234510 -0.242187 0.000000 
1.100000e-01 9.996842e-02 2.063611e-01 1.085993e-01 1.000000e-01 1.597522e+00 -0.921384 -0.004031 0.002379 0.905217 0.019240 -0.001421 0.921384 -0.112528 -0.236800 -0.248640 0.000000 
1.100000e-01 9.996179e-02 1.930370e-01 1.085993e-01 1.000000e-01 1.597522e+00 -0.930189 -0.002901 0.004639 0.907479 0.021516 -0.000544 0.930189 -0.110682 -0.239004 -0.257457 0.000000 
1.100000e-01 9.995413e-02 1.796838e-01 1.085993e-01 1.000000e-01 1.597522e+00 -0.939015 -0.001768 0.006905 0.909747 0.023796 0.000335 0.939015 -0.107383 -0.240935 -0.269996 0.000000 
1.100000e-01 9.994564e-02 1.663014e-01 1.085993e-01 1.000000e-01 1.597522e+00 -0.947862 -0.000633 0.009177 0.912021 0.026082 0.001216 0.947862 -0.101903 -0.242067 -0.288902 0.000000 
1.100000e-01 9.993728e-02 1.528889e-01 1.085993e-01 1.000000e-01 1.597522e+00 -0.956734 0.000506 0.011454 0.914301 0.028374 0.002099 0.956734 -0.093444 -0.241124 -0.318449 0.000000 
1.100000e-01 9.993299e-02 1.394422e-01 1.085993e-01 1.000000e-01 1.597522e+00 -0.965643 0.001649 0.013741 0.916590 0.030676 0.002986 0.965643 -0.081094 -0.235063 -0.366553 0.000000 
1.100000e-01 9.995020e-02 1.259406e-01 1.085993e-01 1.000000e-01 1.597522e+00 -0.974655 0.002806 0.016055 0.918906 0.033005 0.003883 0.974655 -0.063763 -0.215801 -0.450752 0.000000 
1.100000e-01 1.000550e-01 1.122889e-01 1.085993e-01 1.000000e-01 1.597522e+00 -0.984091 0.004017 0.018478 0.921331 0.035443 0.004823 0.984091 -0.040312 -0.163188 -0.608862 0.000000 
1.100000e-01 1.003030e-01 9.820961e-02 1.085993e-01 1.000000e-01 1.597522e+00 -0.995050 0.005424 0.021291 0.924147 0.038274 0.005914 0.995050 -0.008154 -0.038320 -0.910638 0.000000 
1.100000e-01 1.003100e-01 9.749531e-02 1.085993e-01 1.000000e-01 1.597522e+00 -0.995660 0.005502 0.021448 0.924304 0.038432 0.005975 0.995660 -0.006275 -0.029657 -0.930399 0.000000 
1.100000e-01 1.003100e-01 9.749531e-02 1.085993e-01 1.000000e-01 1.597522e+00 -0.995660 0.005502 0.021448 0.924304 0.038432 0.005975 0.995660 -0.006275 -0.029657 -0.930399 0.000000 
1.100000e-01 1.003100e-01 9.749531e-02 1.085993e-01 1.000000e-01 1.597522e+00 -0.995660 0.005502 0.021448 0.924304 0.038432 0.005975 0.995660 -0.006275 -0.029657 -0.930399 0.000000 
1.100000e-01 1.003100e-01 9.749531e-02 1.085993e-01 1.000000e-01 1.597522e+00 -0.995660 0.005502 0.021448 0.924304 0.038432 0.005975 0.995660 -0.006275 -0.029657 -0.930399 0.000000 
1.100000e-01 1.003100e-01 9.749531e-02 1.085993e-01 1.000000e-01 1.597522e+00 -0.995660 0.005502 0.021448 0.924304 0.038432 0.005975 0.995660 -0.006275 -0.029657 -0.930399 0.000000 
1.100000e-01 1.003100e-01 9.749531e-02 1.085993e-01 1.000000e-01 1.597522e+00 -0.995660 0.005502 0.021448 0.924304 0.038432 0.005975 0.995660 -0.006275 -0.029657 -0.930399 0.000000 
1.100000e-01 1.003100e-01 9.749531e-02 1.085993e-01 1.000000e-01 1.597522e+00 -0.995660 0.005502 0.021448 0.924304 0.038432 0.005975 0.995660 -0.006275 -0.029657 -0.930399 0.000000 
1.100000e-01 1.003100e-01 9.749531e-02 1.085993e-01 1.000000e-01 1.597522e+00 -0.995660 0.005502 0.021448 0.924304 0.038432 0.005975 0.995660 -0.006275 -0.029657 -0.930399 0.000000 
1.100000e-01 1.003100e-01 9.749531e-02 1.085993e-01 1.000000e-01 1.597522e+00 -0.995660 0.005502 0.021448 0.924304 0.038432 0.005975 0.995660 -0.006275 -0.029657 -0.930399 0.000000 
1.100000e-01 1.003100e-01 9.749531e-02 1.085993e-01 1.000000e-01 1.597522e+00 -0.995660 0.005502 0.021448 0.924304 0.038432 0.005975 0.995660 -0.006275 -0.029657 -0.930399 0.000000 
1.100000e-01 1.003100e-01 9.749531e-02 1.085993e-01 1.000000e-01 1.597522e+00 -0.995660 0.005502 0.021448 0.924304 0.038432 0.005975 0.995660 -0.006275 -0.029657 -0.930399 0.000000 
1.100000e-01 1.003100e-01 9.749531e-02 1.085993e-01 1.000000e-01 1.597522e+00 -0.995660 0.005502 0.021448 0.924304 0.038432 0.005975 0.995660 -0.006275 -0.029657 -0.930399 0.000000 
1.100000e-01 1.003100e-01 9.749531e-02 1.085993e-01 1.000000e-01 1.597522e+00 -0.995660 0.005502 0.021448 0.924304 0.038432 0.005975 0.995660 -0.006275 -0.029657 -0.930399 0.000000 
1.100000e-01 1.003100e-01 9.749531e-02 1.085993e-01 1.000000e-01 1.597522e+00 -0.995660 0.005502 0.021448 0.924304 0.038432 0.005975 0.995660 -0.006275 -0.029657 -0.930399 0.000000 
1.100000e-01 1.003100e-01 9.749531e-02 1.085993e-01 1.000000e-01 1.597522e+00 -0.995660 0.005502 0.021448 0.924304 0.038432 0.005975 0.995660 -0.006275 -0.029657 -0.930399 0.000000 
1.100000e-01 1.003100e-01 9.749531e-02 1.085993e-01 1.000000e-01 1.597522e+00 -0.995660 0.005502 0.021448 0.924304 0.038432 0.005975 0.995660 -0.006275 -0.029657 -0.930399 0.000000 
1.100000e-01 1.003100e-01 9.749531e-02 1.085993e-01 1.000000e-01 1.597522e+00 -0.995660 0.005502 0.021448 0.924304 0.038432 0.005975 0.995660 -0.006275 -0.029657 -0.930399 0.000000 
1.100000e-01 1.003100e-01 9.749531e-02 1.085993e-01 1.000000e-01 1.597522e+00 -0.995660 0.005502 0.021448 0.924304 0.038432 0.005975 0.995660 -0.006275 -0.029657 -0.930399 0.000000 
1.100000e-01 1.003100e-01 9.749531e-02 1.085993e-01 1.000000e-01 1.597522e+00 -0.995660 0.005502 0.021448 0.924304 0.038432 0.005975 0.995660 -0.006275 -0.029657 -0.930399 0.000000 
1.100000e-01 1.003100e-01 9.749531e-02 1.085993e-01 1.000000e-01 1.597522e+00 -0.995660 0.005502 0.021448 0.924304 0.038432 0.005975 0.995660 -0.006275 -0.029657 -0.930399 0.000000 
1.100000e-01 1.003100e-01 9.749531e-02 1.085993e-01 1.000000e-01 1.597522e+00 -0.995660 0.005502 0.021448 0.924304 0.038432 0.005975 0.995660 -0.006275 -0.029657 -0.930399 0.000000 
1.100000e-01 1.003100e-01 9.749531e-02 1.085993e-01 1.000000e-01 1.597522e+00 -0.995660 0.005502 0.021448 0.924304 0.038432 0.005975 0.995660 -0.006275 -0.029657 -0.930399 0.000000 
1.100000e-01 1.003100e-01 9.749531e-02 1.085993e-01 1.000000e-01 1.597522e+00 -0.995660 0.005502 0.021448 0.924304 0.038432 0.005975 0.995660 -0.006275 -0.029657 -0.930399 0.000000 
1.100000e-01 1.003100e-01 9.749531e-02 1.085993e-01 1.000000e-01 1.597522e+00 -0.995660 0.005502 0.021448 0.924304 0.038432 0.005975 0.995660 -0.006275 -0.029657 -0.930399 0.000000 
1.100000e-01 1.003100e-01 9.749531e-02 1.085993e-01 1.000000e-01 1.597522e+00 -0.995660 0.005502 0.021448 0.924304 0.038432 0.005975 0.995660 -0.006275 -0.029657 -0.930399 0.000000 
1.100000e-01 1.003100e-01 9.749531e-02 1.085993e-01 1.000000e-01 1.597522e+00 -0.995660 0.005502 0.021448 0.924304 0.038432 0.005975 0.995660 -0.006275 -0.029657 -0.930399 0.000000 
1.100000e-01 1.003100e-01 9.749531e-02 1.085993e-01 1.000000e-01 1.597522e+00 -0.995660 0.005502 0.021448 0.924304 0.038432 0.005975 0.995660 -0.006275 -0.029657 -0.930399 0.000000 
1.100000e-01 1.003100e-01 9.749531e-02 1.085993e-01 1.000000e-01 1.597522e+00 -0.995660 0.005502 0.021448 0.924304 0.038432 0.005975 0.995660 -0.006275 -0.029657 -0.930399 0.000000 
1.100000e-01 1.003100e-01 9.749531e-02 1.085993e-01 1.000000e-01 1.597522e+00 -0.995660 0.005502 0.021448 0.924304 0.038432 0.005975 0.995660 -0.006275 -0.029657 -0.930399 0.000000 
1.100000e-01 1.003100e-01 9.749531e-02 1.085993e-01 1.000000e-01 1.597522e+00 -0.995660 0.005502 0.021448 0.924304 0.038432 0.005975 0.995660 -0.006275 -0.029657 -0.930399 0.000000 
1.100000e-01 1.003100e-01 9.749531e-02 1.085993e-01 1.000000e-01 1.597522e+00 -0.995660 0.005502 0.021448 0.924304 0.038432 0.005975 0.995660 -0.006275 -0.029657 -0.930399 0.000000 
1.100000e-01 1.003100e-01 9.749531e-02 1.085993e-01 1.000000e-01 1.597522e+00 -0.995660 0.005502 0.021448 0.924304 0.038432 0.005975 0.995660 -0.006275 -0.029657 -0.930399 0.000000 
1.100000e-01 1.003100e-01 9.749531e-02 1.085993e-01 1.000000e-01 1.597522e+00 -0.995660 0.005502 0.021448 0.924304 0.038432 0.005975 0.995660 -0.006275 -0.029657 -0.930399 0.000000 
1.100000e-01 1.003100e-01 9.749531e-02 1.085993e-01 1.000000e-01 1.597522e+00 -0.995660 0.005502 0.021448 0.924304 0.038432 0.005975 0.995660 -0.006275 -0.029657 -0.930399 0.000000 
1.100000e-01 1.003100e-01 9.749531e-02 1.085993e-01 1.000000e-01 1.597522e+00 -0.995660 0.005502 0.021448 0.924304 0.038432 0.005975 0.995660 -0.006275 -0.029657 -0.930399 0.000000 
1.100000e-01 1.003100e-01 9.749531e-02 1.085993e-01 1.000000e-01 1.597522e+00 -0.995660 0.005502 0.021448 0.924304 0.038432 0.005975 0.995660 -0.006275 -0.029657 -0.930399 0.000000 
1.100000e-01 1.003100e-01 9.749531e-02 1.085993e-01 1.000000e-01 1.597522e+00 -0.995660 0.005502 0.021448 0.924304 0.038432 0.005975 0.995660 -0.006275 -0.029657 -0.930399 0.000000 
1.100000e-01 1.003100e-01 9.749531e-02 1.085993e-01 1.000000e-01 1.597522e+00 -0.995660 0.005502 0.021448 0.924304 0.038432 0.005975 0.995660 -0.006275 -0.029657 -0.930399 0.000000 
1.100000e-01 1.003100e-01 9.749531e-02 1.085993e-01 1.000000e-01 1.597522e+00 -0.995660 0.005502 0.021448 0.924304 0.038432 0.005975 0.995660 -0.006275 -0.029657 -0.930399 0.000000 
1.100000e-01 1.003100e-01 9.749531e-02 1.085993e-01 1.000000e-01 1.597522e+00 -0.995660 0.005502 0.021448 0.924304 0.038432 0.005975 0.995660 -0.006275 -0.029657 -0.930399 0.000000 
1.100000e-01 1.003100e-01 9.749531e-02 1.085993e-01 1.000000e-01 1.597522e+00 -0.995660 0.005502 0.021448 0.924304 0.038432 0.005975 0.995660 -0.006275 -0.029657 -0.930399 0.000000 
1.100000e-01 1.003100e-01 9.749531e-02 1.085993e-01 1.000000e-01 1.597522e+00 -0.995660 0.005502 0.021448 0.924304 0.038432 0.005975 0.995660 -0.006275 -0.029657 -0.930399 0.000000 
1.100000e-01 1.003100e-01 9.749531e-02 1.085993e-01 1.000000e-01 1.597522e+00 -0.995660 0.005502 0.021448 0.924304 0.038432 0.005975 0.995660 -0.006275 -0.029657 -0.930399 0.000000 
1.100000e-01 1.003100e-01 9.749531e-02 1.085993e-01 1.000000e-01 1.597522e+00 -0.995660 0.005502 0.021448 0.924304 0.038432 0.005975 0.995660 -0.006275 -0.029657 -0.930399 0.000000 
1.100000e-01 1.003100e-01 9.749531e-02 1.085993e-01 1.000000e-01 1.597522e+00 -0.995660 0.005502 0.021448 0.924304 0.038432 0.005975 0.995660 -0.006275 -0.029657 -0.930399 0.000000 
1.100000e-01 1.003100e-01 9.749531e-02 1.085993e-01 1.000000e-01 1.597522e+00 -0.995660 0.005502 0.021448 0.924304 0.038432 0.005975 0.995660 -0.006275 -0.029657 -0.930399 0.000000 
1.100000e-01 1.003100e-01 9.749531e-02 1.085993e-01 1.000000e-01 1.597522e+00 -0.995660 0.005502 0.021448 0.924304 0.038432 0.005975 0.995660 -0.006275 -0.029657 -0.930399 0.000000 
1.100000e-01 1.003100e-01 9.749531e-02 1.085993e-01 1.000000e-01 1.597522e+00 -0.995660 0.005502 0.021448 0.924304 0.038432 0.005975 0.995660 -0.006275 -0.029657 -0.930399 0.000000 
1.100000e-01 1.003100e-01 9.749531e-02 1.085993e-01 1.000000e-01 1.597522e+00 -0.995660 0.005502 0.021448 0.924304 0.038432 0.005975 0.995660 -0.006275 -0.029657 -0.930399 0.000000 
1.100000e-01 1.003100e-01 9.749531e-02 1.085993e-01 1.000000e-01 1.597522e+00 -0.995660 0.005502 0.021448 0.924304 0.038432 0.005975 0.995660 -0.006275 -0.029657 -0.930399 0.000000 
1.100000e-01 1.003100e-01 9.749531e-02 1.085993e-01 1.000000e-01 1.597522e+00 -0.995660 0.005502 0.021448 0.924304 0.038432 0.005975 0.995660 -0.006275 -0.029657 -0.930399 0.000000 
1.100000e-01 1.003100e-01 9.749531e-02 1.085993e-01 1.000000e-01 1.597522e+00 -0.995660 0.005502 0.021448 0.924304 0.038432 0.005975 0.995660 -0.006275 -0.029657 -0.930399 0.000000 
1.100000e-01 1.003100e-01 9.749531e-02 1.085993e-01 1.000000e-01 1.597522e+00 -0.995660 0.005502 0.021448 0.924304 0.038432 0.005975 0.995660 -0.006275 -0.029657 -0.930399 0.000000 
1.100000e-01 1.003100e-01 9.749531e-02 1.085993e-01 1.000000e-01 1.597522e+00 -0.995660 0.005502 0.021448 0.924304 0.038432 0.005975 0.995660 -0.006275 -0.029657 -0.930399 0.000000 
1.100000e-01 1.003100e-01 9.749531e-02 1.085993e-01 1.000000e-01 1.597522e+00 -0.995660 0.005502 0.021448 0.924304 0.038432 0.005975 0.995660 -0.006275 -0.029657 -0.930399 0.000000 
1.100000e-01 1.003100e-01 9.749531e-02 1.085993e-01 1.000000e-01 1.597522e+00 -0.995660 0.005502 0.021448 0.924304 0.038432 0.005975 0.995660 -0.006275 -0.029657 -0.930399 0.000000 
1.100000e-01 1.003100e-01 9.749531e-02 1.085993e-01 1.000000e-01 1.597522e+00 -0.995660 0.005502 0.021448 0.924304 0.038432 0.005975 0.995660 -0.006275 -0.029657 -0.930399 0.000000 
1.100000e-01 1.003100e-01 9.749531e-02 1.085993e-01 1.000000e-01 1.597522e+00 -0.995660 0.005502 0.021448 0.924304 0.038432 0.005975 0.995660 -0.006275 -0.029657 -0.930399 0.000000 
1.100000e-01 1.003100e-01 9.749531e-02 1.085993e-01 1.000000e-01 1.597522e+00 -0.995660 0.005502 0.021448 0.924304 0.038432 0.005975 0.995660 -0.006275 -0.029657 -0.930399 0.000000 
1.100000e-01 1.003100e-01 9.749531e-02 1.085993e-01 1.000000e-01 1.597522e+00 -0.995660 0.005502 0.021448 0.924304 0.038432 0.005975 0.995660 -0.006275 -0.029657 -0.930399 0.000000 
1.100000e-01 1.003100e-01 9.749531e-02 1.085993e-01 1.000000e-01 1.597522e+00 -0.995660 0.005502 0.021448 0.924304 0.038432 0.005975 0.995660 -0.006275 -0.029657 -0.930399 0.000000 
1.100000e-01 1.003100e-01 9.749531e-02 1.085993e-01 1.000000e-01 1.597522e+00 -0.995660 0.005502 0.021448 0.924304 0.038432 0.005975 0.995660 -0.006275 -0.029657 -0.930399 0.000000 
1.100000e-01 1.003100e-01 9.749531e-02 1.085993e-01 1.000000e-01 1.597522e+00 -0.995660 0.005502 0.021448 0.924304 0.038432 0.005975 0.995660 -0.006275 -0.029657 -0.930399 0.000000 
1.100000e-01 1.003100e-01 9.749531e-02 1.085993e-01 1.000000e-01 1.597522e+00 -0.995660 0.005502 0.021448 0.924304 0.038432 0.005975 0.995660 -0.006275 -0.029657 -0.930399 0.000000 
1.100000e-01 1.003100e-01 9.749531e-02 1.085993e-01 1.000000e-01 1.597522e+00 -0.995660 0.005502 0.021448 0.924304 0.038432 0.005975 0.995660 -0.006275 -0.029657 -0.930399 0.000000 
1.100000e-01 1.003100e-01 9.749531e-02 1.085993e-01 1.000000e-01 1.597522e+00 -0.995660 0.005502 0.021448 0.924304 0.038432 0.005975 0.995660 -0.006275 -0.029657 -0.930399 0.000000 
1.100000e-01 1.003100e-01 9.749531e-02 1.085993e-01 1.000000e-01 1.597522e+00 -0.995660 0.005502 0.021448 0.924304 0.038432 0.005975 0.995660 -0.006275 -0.029657 -0.930399 0.000000 
1.100000e-01 1.003100e-01 9.749531e-02 1.085993e-01 1.000000e-01 1.597522e+00 -0.995660 0.005502 0.021448 0.924304 0.038432 0.005975 0.995660 -0.006275 -0.029657 -0.930399 0.000000 
1.100000e-01 1.003100e-01 9.749531e-02 1.085993e-01 1.000000e-01 1.597522e+00 -0.995660 0.005502 0.021448 0.924304 0.038432 0.005975 0.995660 -0.006275 -0.029657 -0.930399 0.000000 
1.100000e-01 1.003100e-01 9.749531e-02 1.085993e-01 1.000000e-01 1.597522e+00 -0.995660 0.005502 0.021448 0.924304 0.038432 0.005975 0.995660 -0.006275 -0.029657 -0.930399 0.000000 
1.100000e-01 1.003100e-01 9.749531e-02 1.085993e-01 1.000000e-01 1.597522e+00 -0.995660 0.005502 0.021448 0.924304 0.038432 0.005975 0.995660 -0.006275 -0.029657 -0.930399 0.000000 
1.100000e-01 1.003100e-01 9.749531e-02 1.085993e-01 1.000000e-01 1.597522e+00 -0.995660 0.005502 0.021448 0.924304 0.038432 0.005975 0.995660 -0.006275 -0.029657 -0.930399 0.000000 
1.100000e-01 1.003100e-01 9.749531e-02 1.085993e-01 1.000000e-01 1.597522e+00 -0.995660 0.005502 0.021448 0.924304 0.038432 0.005975 0.995660 -0.006275 -0.029657 -0.930399 0.000000 
1.100000e-01 1.003100e-01 9.749531e-02 1.085993e-01 1.000000e-01 1.597522e+00 -0.995660 0.005502 0.021448 0.924304 0.038432 0.005975 0.995660 -0.006275 -0.029657 -0.930399 0.000000 
1.100000e-01 1.003100e-01 9.749531e-02 1.085993e-01 1.000000e-01 1.597522e+00 -0.995660 0.005502 0.021448 0.924304 0.038432 0.005975 0.995660 -0.006275 -0.029657 -0.930399 0.000000 
1.100000e-01 1.003100e-01 9.749531e-02 1.085993e-01 1.000000e-01 1.597522e+00 -0.995660 0.005502 0.021448 0.924304 0.038432 0.005975 0.995660 -0.006275 -0.029657 -0.930399 0.000000 
1.100000e-01 1.003100e-01 9.749531e-02 1.085993e-01 1.000000e-01 1.597522e+00 -0.995660 0.005502 0.021448 0.924304 0.038432 0.005975 0.995660 -0.006275 -0.029657 -0.930399 0.000000 
1.100000e-01 1.003100e-01 9.749531e-02 1.085993e-01 1.000000e-01 1.597522e+00 -0.995660 0.005502 0.021448 0.924304 0.038432 0.005975 0.995660 -0.006275 -0.029657 -0.930399 0.000000 
1.100000e-01 1.003100e-01 9.749531e-02 1.085993e-01 1.000000e-01 1.597522e+00 -0.995660 0.005502 0.021448 0.924304 0.038432 0.005975 0.995660 -0.006275 -0.029657 -0.930399 0.000000 
1.100000e-01 1.003100e-01 9.749531e-02 1.085993e-01 1.000000e-01 1.597522e+00 -0.995660 0.005502 0.021448 0.924304 0.038432 0.005975 0.995660 -0.006275 -0.029657 -0.930399 0.000000 
1.100000e-01 1.003100e-01 9.749531e-02 1.085993e-01 1.000000e-01 1.597522e+00 -0.995660 0.005502 0.021448 0.924304 0.038432 0.005975 0.995660 -0.006275 -0.029657 -0.930399 0.000000 
1.100000e-01 1.003100e-01 9.749531e-02 1.085993e-01 1.000000e-01 1.597522e+00 -0.995660 0.005502 0.021448 0.924304 0.038432 0.005975 0.995660 -0.006275 -0.029657 -0.930399 0.000000 
1.100000e-01 1.003100e-01 9.749531e-02 1.085993e-01 1.000000e-01 1.597522e+00 -0.995660 0.005502 0.021448 0.924304 0.038432 0.005975 0.995660 -0.006275 -0.029657 -0.930399 0.000000 
1.100000e-01 1.003100e-01 9.749531e-02 1.085993e-01 1.000000e-01 1.597522e+00 -0.995660 0.005502 0.021448 0.924304 0.038432 0.005975 0.995660 -0.006275 -0.029657 -0.930399 0.000000 
1.100000e-01 1.003100e-01 9.749531e-02 1.085993e-01 1.000000e-01 1.597522e+00 -0.995660 0.005502 0.021448 0.924304 0.038432 0.005975 0.995660 -0.006275 -0.029657 -0.930399 0.000000 
1.100000e-01 1.003100e-01 9.749531e-02 1.085993e-01 1.000000e-01 1.597522e+00 -0.995660 0.005502 0.021448 0.924304 0.038432 0.005975 0.995660 -0.006275 -0.029657 -0.930399 0.000000 
1.100000e-01 1.003100e-01 9.749531e-02 1.085993e-01 1.000000e-01 1.597522e+00 -0.995660 0.005502 0.021448 0.924304 0.038432 0.005975 0.995660 -0.006275 -0.029657 -0.930399 0.000000 
1.100000e-01 1.003100e-01 9.749531e-02 1.085993e-01 1.000000e-01 1.597522e+00 -0.995660 0.005502 0.021448 0.924304 0.038432 0.005975 0.995660 -0.006275 -0.029657 -0.930399 0.000000 
1.100000e-01 1.003100e-01 9.749531e-02 1.085993e-01 1.000000e-01 1.597522e+00 -0.995660 0.005502 0.021448 0.924304 0.038432 0.005975 0.995660 -0.006275 -0.029657 -0.930399 0.000000 
1.100000e-01 1.003100e-01 9.749531e-02 1.085993e-01 1.000000e-01 1.597522e+00 -0.995660 0.005502 0.021448 0.924304 0.038432 0.005975 0.995660 -0.006275 -0.029657 -0.930399 0.000000 
1.100000e-01 1.003100e-01 9.749531e-02 1.085993e-01 1.000000e-01 1.597522e+00 -0.995660 0.005502 0.021448 0.924304 0.038432 0.005975 0.995660 -0.006275 -0.029657 -0.930399 0.000000 
1.100000e-01 1.003100e-01 9.749531e-02 1.085993e-01 1.000000e-01 1.597522e+00 -0.995660 0.005502 0.021448 0.924304 0.038432 0.005975 0.995660 -0.006275 -0.029657 -0.930399 0.000000 
1.100000e-01 1.003100e-01 9.749531e-02 1.085993e-01 1.000000e-01 1.597522e+00 -0.995660 0.005502 0.021448 0.924304 0.038432 0.005975 0.995660 -0.006275 -0.029657 -0.930399 0.000000 
1.100000e-01 1.003100e-01 9.749531e-02 1.085993e-01 1.000000e-01 1.597522e+00 -0.995660 0.005502 0.021448 0.924304 0.038432 0.005975 0.995660 -0.006275 -0.029657 -0.930399 0.000000 
1.100000e-01 1.003100e-01 9.749531e-02 1.085993e-01 1.000000e-01 1.597522e+00 -0.995660 0.005502 0.021448 0.924304 0.038432 0.005975 0.995660 -0.006275 -0.029657 -0.930399 0.000000 
1.100000e-01 1.003100e-01 9.749531e-02 1.085993e-01 1.000000e-01 1.597522e+00 -0.995660 0.005502 0.021448 0.924304 0.038432 0.005975 0.995660 -0.006275 -0.029657 -0.930399 0.000000 
1.100000e-01 1.003100e-01 9.749531e-02 1.085993e-01 1.000000e-01 1.597522e+00 -0.995660 0.005502 0.021448 0.924304 0.038432 0.005975 0.995660 -0.006275 -0.029657 -0.930399 0.000000 
1.100000e-01 1.003100e-01 9.749531e-02 1.085993e-01 1.000000e-01 1.597522e+00 -0.995660 0.005502 0.021448 0.924304 0.038432 0.005975 0.995660 -0.006275 -0.029657 -0.930399 0.000000 
1.100000e-01 1.003100e-01 9.749531e-02 1.085993e-01 1.000000e-01 1.597522e+00 -0.995660 0.005502 0.021448 0.924304 0.038432 0.005975 0.995660 -0.006275 -0.029657 -0.930399 0.000000 
1.100000e-01 1.003100e-01 9.749531e-02 1.085993e-01 1.000000e-01 1.597522e+00 -0.995660 0.005502 0.021448 0.924304 0.038432 0.005975 0.995660 -0.006275 -0.029657 -0.930399 0.000000 
1.100000e-01 1.003100e-01 9.749531e-02 1.085993e-01 1.000000e-01 1.597522e+00 -0.995660 0.005502 0.021448 0.924304 0.038432 0.005975 0.995660 -0.006275 -0.029657 -0.930399 0.000000 
1.100000e-01 1.003100e-01 9.749531e-02 1.085993e-01 1.000000e-01 1.597522e+00 -0.995660 0.005502 0.021448 0.924304 0.038432 0.005975 0.995660 -0.006275 -0.029657 -0.930399 0.000000 
1.100000e-01 1.003100e-01 9.749531e-02 1.085993e-01 1.000000e-01 1.597522e+00 -0.995660 0.005502 0.021448 0.924304 0.038432 0.005975 0.995660 -0.006275 -0.029657 -0.930399 0.000000 
1.100000e-01 1.003100e-01 9.749531e-02 1.085993e-01 1.000000e-01 1.597522e+00 -0.995660 0.005502 0.021448 0.924304 0.038432 0.005975 0.995660 -0.006275 -0.029657 -0.930399 0.000000 
1.100000e-01 1.003100e-01 9.749531e-02 1.085993e-01 1.000000e-01 1.597522e+00 -0.995660 0.005502 0.021448 0.924304 0.038432 0.005975 0.995660 -0.006275 -0.029657 -0.930399 0.000000 
1.100000e-01 1.003100e-01 9.749531e-02 1.085993e-01 1.000000e-01 1.597522e+00 -0.995660 0.005502 0.021448 0.924304 0.038432 0.005975 0.995660 -0.006275 -0.029657 -0.930399 0.000000 
1.100000e-01 1.003100e-01 9.749531e-02 1.085993e-01 1.000000e-01 1.597522e+00 -0.995660 0.005502 0.021448 0.924304 0.038432 0.005975 0.995660 -0.006275 -0.029657 -0.930399 0.000000 
1.100000e-01 1.003100e-01 9.749531e-02 1.085993e-01 1.000000e-01 1.597522e+00 -0.995660 0.005502 0.021448 0.924304 0.038432 0.005975 0.995660 -0.006275 -0.029657 -0.930399 0.000000 
1.100000e-01 1.003100e-01 9.749531e-02 1.085993e-01 1.000000e-01 1.597522e+00 -0.995660 0.005502 0.021448 0.924304 0.038432 0.005975 0.995660 -0.006275 -0.029657 -0.930399 0.000000 
1.100000e-01 1.003100e-01 9.749531e-02 1.085993e-01 1.000000e-01 1.597522e+00 -0.995660 0.005502 0.021448 0.924304 0.038432 0.005975 0.995660 -0.006275 -0.029657 -0.930399 0.000000 
1.100000e-01 1.003100e-01 9.749531e-02 1.085993e-01 1.000000e-01 1.597522e+00 -0.995660 0.005502 0.021448 0.924304 0.038432 0.005975 0.995660 -0.006275 -0.029657 -0.930399 0.000000 
1.100000e-01 1.003100e-01 9.749531e-02 1.085993e-01 1.000000e-01 1.597522e+00 -0.995660 0.005502 0.021448 0.924304 0.038432 0.005975 0.995660 -0.006275 -0.029657 -0.930399 0.000000 
1.100000e-01 1.003100e-01 9.749531e-02 1.085993e-01 1.000000e-01 1.597522e+00 -0.995660 0.005502 0.021448 0.924304 0.038432 0.005975 0.995660 -0.006275 -0.029657 -0.930399 0.000000 
1.100000e-01 1.003100e-01 9.749531e-02 1.085993e-01 1.000000e-01 1.597522e+00 -0.995660 0.005502 0.021448 0.924304 0.038432 0.005975 0.995660 -0.006275 -0.029657 -0.930399 0.000000 
1.100000e-01 1.003100e-01 9.749531e-02 1.085993e-01 1.000000e-01 1.597522e+00 -0.995660 0.005502 0.021448 0.924304 0.038432 0.005975 0.995660 -0.006275 -0.029657 -0.930399 0.000000 
1.100000e-01 1.003100e-01 9.749531e-02 1.085993e-01 1.000000e-01 1.597522e+00 -0.995660 0.005502 0.021448 0.924304 0.038432 0.005975 0.995660 -0.006275 -0.029657 -0.930399 0.000000 
1.100000e-01 1.003100e-01 9.749531e-02 1.085993e-01 1.000000e-01 1.597522e+00 -0.995660 0.005502 0.021448 0.924304 0.038432 0.005975 0.995660 -0.006275 -0.029657 -0.930399 0.000000 
1.100000e-01 1.003100e-01 9.749531e-02 1.085993e-01 1.000000e-01 1.597522e+00 -0.995660 0.005502 0.021448 0.924304 0.038432 0.005975 0.995660 -0.006275 -0.029657 -0.930399 0.000000 
1.100000e-01 1.003100e-01 9.749531e-02 1.085993e-01 1.000000e-01 1.597522e+00 -0.995660 0.005502 0.021448 0.924304 0.038432 0.005975 0.995660 -0.006275 -0.029657 -0.930399 0.000000 
1.100000e-01 1.003100e-01 9.749531e-02 1.085993e-01 1.000000e-01 1.597522e+00 -0.995660 0.005502 0.021448 0.924304 0.038432 0.005975 0.995660 -0.006275 -0.029657 -0.930399 0.000000 
1.100000e-01 1.003100e-01 9.749531e-02 1.085993e-01 1.000000e-01 1.597522e+00 -0.995660 0.005502 0.021448 0.924304 0.038432 0.005975 0.995660 -0.006275 -0.029657 -0.930399 0.000000 
1.100000e-01 1.003100e-01 9.749531e-02 1.085993e-01 1.000000e-01 1.597522e+00 -0.995660 0.005502 0.021448 0.924304 0.038432 0.005975 0.995660 -0.006275 -0.029657 -0.930399 0.000000 
1.100000e-01 1.003100e-01 9.749531e-02 1.085993e-01 1.000000e-01 1.597522e+00 -0.995660 0.005502 0.021448 0.924304 0.038432 0.005975 0.995660 -0.006275 -0.029657 -0.930399 0.000000 
1.100000e-01 1.003100e-01 9.749531e-02 1.085993e-01 1.000000e-01 1.597522e+00 -0.995660 0.005502 0.021448 0.924304 0.038432 0.005975 0.995660 -0.006275 -0.029657 -0.930399 0.000000 
1.100000e-01 1.003100e-01 9.749531e-02 1.085993e-01 1.000000e-01 1.597522e+00 -0.995660 0.005502 0.021448 0.924304 0.038432 0.005975 0.995660 -0.006275 -0.029657 -0.930399 0.000000 
1.100000e-01 1.003100e-01 9.749531e-02 1.085993e-01 1.000000e-01 1.597522e+00 -0.995660 0.005502 0.021448 0.924304 0.038432 0.005975 0.995660 -0.006275 -0.029657 -0.930399 0.000000 
1.100000e-01 1.003100e-01 9.749531e-02 1.085993e-01 1.000000e-01 1.597522e+00 -0.995660 0.005502 0.021448 0.924304 0.038432 0.005975 0.995660 -0.006275 -0.029657 -0.930399 0.000000 
1.100000e-01 1.003100e-01 9.749531e-02 1.085993e-01 1.000000e-01 1.597522e+00 -0.995660 0.005502 0.021448 0.924304 0.038432 0.005975 0.995660 -0.006275 -0.029657 -0.930399 0.000000 
1.100000e-01 1.003100e-01 9.749531e-02 1.085993e-01 1.000000e-01 1.597522e+00 -0.995660 0.005502 0.021448 0.924304 0.038432 0.005975 0.995660 -0.006275 -0.029657 -0.930399 0.000000 
1.100000e-01 1.003100e-01 9.749531e-02 1.085993e-01 1.000000e-01 1.597522e+00 -0.995660 0.005502 0.021448 0.924304 0.038432 0.005975 0.995660 -0.006275 -0.029657 -0.930399 0.000000 
1.100000e-01 1.003100e-01 9.749531e-02 1.085993e-01 1.000000e-01 1.597522e+00 -0.995660 0.005502 0.021448 0.924304 0.038432 0.005975 0.995660 -0.006275 -0.029657 -0.930399 0.000000 
1.100000e-01 1.003100e-01 9.749531e-02 1.085993e-01 1.000000e-01 1.597522e+00 -0.995660 0.005502 0.021448 0.924304 0.038432 0.005975 0.995660 -0.006275 -0.029657 -0.930399 0.000000 
1.100000e-01 1.003100e-01 9.749531e-02 1.085993e-01 1.000000e-01 1.597522e+00 -0.995660 0.005502 0.021448 0.924304 0.038432 0.005975 0.995660 -0.006275 -0.029657 -0.930399 0.000000 
1.100000e-01 1.003100e-01 9.749531e-02 1.085993e-01 1.000000e-01 1.597522e+00 -0.995660 0.005502 0.021448 0.924304 0.038432 0.005975 0.995660 -0.006275 -0.029657 -0.930399 0.000000 
1.100000e-01 1.003100e-01 9.749531e-02 1.085993e-01 1.000000e-01 1.597522e+00 -0.995660 0.005502 0.021448 0.924304 0.038432 0.005975 0.995660 -0.006275 -0.029657 -0.930399 0.000000 
1.100000e-01 1.003100e-01 9.749531e-02 1.085993e-01 1.000000e-01 1.597522e+00 -0.995660 0.005502 0.021448 0.924304 0.038432 0.005975 0.995660 -0.006275 -0.029657 -0.930399 0.000000 
1.100000e-01 1.003100e-01 9.749531e-02 1.085993e-01 1.000000e-01 1.597522e+00 -0.995660 0.005502 0.021448 0.924304 0.038432 0.005975 0.995660 -0.006275 -0.029657 -0.930399 0.000000 
1.100000e-01 1.003100e-01 9.749531e-02 1.085993e-01 1.000000e-01 1.597522e+00 -0.995660 0.005502 0.021448 0.924304 0.038432 0.005975 0.995660 -0.006275 -0.029657 -0.930399 0.000000 
1.100000e-01 1.003100e-01 9.749531e-02 1.085993e-01 1.000000e-01 1.597522e+00 -0.995660 0.005502 0.021448 0.924304 0.038432 0.005975 0.995660 -0.006275 -0.029657 -0.930399 0.000000 
1.100000e-01 1.003100e-01 9.749531e-02 1.085993e-01 1.000000e-01 1.597522e+00 -0.995660 0.005502 0.021448 0.924304 0.038432 0.005975 0.995660 -0.006275 -0.029657 -0.930399 0.000000 
1.100000e-01 1.003100e-01 9.749531e-02 1.085993e-01 1.000000e-01 1.597522e+00 -0.995660 0.005502 0.021448 0.924304 0.038432 0.005975 0.995660 -0.006275 -0.029657 -0.930399 0.000000 
1.100000e-01 1.003100e-01 9.749531e-02 1.085993e-01 1.000000e-01 1.597522e+00 -0.995660 0.005502 0.021448 0.924304 0.038432 0.005975 0.995660 -0.006275 -0.029657 -0.930399 0.000000 
1.100000e-01 1.003100e-01 9.749531e-02 1.085993e-01 1.000000e-01 1.597522e+00 -0.995660 0.005502 0.021448 0.924304 0.038432 0.005975 0.995660 -0.006275 -0.029657 -0.930399 0.000000 
1.100000e-01 1.003100e-01 9.749531e-02 1.085993e-01 1.000000e-01 1.597522e+00 -0.995660 0.005502 0.021448 0.924304 0.038432 0.005975 0.995660 -0.006275 -0.029657 -0.930399 0.000000 
1.100000e-01 1.003100e-01 9.749531e-02 1.085993e-01 1.000000e-01 1.597522e+00 -0.995660 0.005502 0.021448 0.924304 0.038432 0.005975 0.995660 -0.006275 -0.029657 -0.930399 0.000000 
1.100000e-01 1.003100e-01 9.749531e-02 1.085993e-01 1.000000e-01 1.597522e+00 -0.995660 0.005502 0.021448 0.924304 0.038432 0.005975 0.995660 -0.006275 -0.029657 -0.930399 0.000000 
1.100000e-01 1.003100e-01 9.749531e-02 1.085993e-01 1.000000e-01 1.597522e+00 -0.995660 0.005502 0.021448 0.924304 0.038432 0.005975 0.995660 -0.006275 -0.029657 -0.930399 0.000000 
1.100000e-01 1.003100e-01 9.749531e-02 1.085993e-01 1.000000e-01 1.597522e+00 -0.995660 0.005502 0.021448 0.924304 0.038432 0.005975 0.995660 -0.006275 -0.029657 -0.930399 0.000000 
1.100000e-01 1.003100e-01 9.749531e-02 1.085993e-01 1.000000e-01 1.597522e+00 -0.995660 0.005502 0.021448 0.924304 0.038432 0.005975 0.995660 -0.006275 -0.029657 -0.930399 0.000000 
1.100000e-01 1.003100e-01 9.749531e-02 1.085993e-01 1.000000e-01 1.597522e+00 -0.995660 0.005502 0.021448 0.924304 0.038432 0.005975 0.995660 -0.006275 -0.029657 -0.930399 0.000000 
1.100000e-01 1.003100e-01 9.749531e-02 1.085993e-01 1.000000e-01 1.597522e+00 -0.995660 0.005502 0.021448 0.924304 0.038432 0.005975 0.995660 -0.006275 -0.029657 -0.930399 0.000000 
1.100000e-01 1.003100e-01 9.749531e-02 1.085993e-01 1.000000e-01 1.597522e+00 -0.995660 0.005502 0.021448 0.924304 0.038432 0.005975 0.995660 -0.006275 -0.029657 -0.930399 0.000000 
1.100000e-01 1.003100e-01 9.749531e-02 1.085993e-01 1.000000e-01 1.597522e+00 -0.995660 0.005502 0.021448 0.924304 0.038432 0.005975 0.995660 -0.006275 -0.029657 -0.930399 0.000000 
1.100000e-01 1.003100e-01 9.749531e-02 1.085993e-01 1.000000e-01 1.597522e+00 -0.995660 0.005502 0.021448 0.924304 0.038432 0.005975 0.995660 -0.006275 -0.029657 -0.930399 0.000000 
1.100000e-01 1.003100e-01 9.749531e-02 1.085993e-01 1.000000e-01 1.597522e+00 -0.995660 0.005502 0.021448 0.924304 0.038432 0.005975 0.995660 -0.006275 -0.029657 -0.930399 0.000000 
1.100000e-01 1.003100e-01 9.749531e-02 1.085993e-01 1.000000e-01 1.597522e+00 -0.995660 0.005502 0.021448 0.924304 0.038432 0.005975 0.995660 -0.006275 -0.029657 -0.930399 0.000000 
1.100000e-01 1.003100e-01 9.749531e-02 1.085993e-01 1.000000e-01 1.597522e+00 -0.995660 0.005502 0.021448 0.924304 0.038432 0.005975 0.995660 -0.006275 -0.029657 -0.930399 0.000000 
1.100000e-01 1.003100e-01 9.749531e-02 1.085993e-01 1.000000e-01 1.597522e+00 -0.995660 0.005502 0.021448 0.924304 0.038432 0.005975 0.995660 -0.006275 -0.029657 -0.930399 0.000000 
1.100000e-01 1.003100e-01 9.749531e-02 1.085993e-01 1.000000e-01 1.597522e+00 -0.995660 0.005502 0.021448 0.924304 0.038432 0.005975 0.995660 -0.006275 -0.029657 -0.930399 0.000000 
1.100000e-01 1.003100e-01 9.749531e-02 1.085993e-01 1.000000e-01 1.597522e+00 -0.995660 0.005502 0.021448 0.924304 0.038432 0.005975 0.995660 -0.006275 -0.029657 -0.930399 0.000000 
1.100000e-01 1.003100e-01 9.749531e-02 1.085993e-01 1.000000e-01 1.597522e+00 -0.995660 0.005502 0.021448 0.924304 0.038432 0.005975 0.995660 -0.006275 -0.029657 -0.930399 0.000000 
1.100000e-01 1.003100e-01 9.749531e-02 1.085993e-01 1.000000e-01 1.597522e+00 -0.995660 0.005502 0.021448 0.924304 0.038432 0.005975 0.995660 -0.006275 -0.029657 -0.930399 0.000000 
1.100000e-01 1.003100e-01 9.749531e-02 1.085993e-01 1.000000e-01 1.597522e+00 -0.995660 0.005502 0.021448 0.924304 0.038432 0.005975 0.995660 -0.006275 -0.029657 -0.930399 0.000000 
1.100000e-01 1.003100e-01 9.749531e-02 1.085993e-01 1.000000e-01 1.597522e+00 -0.995660 0.005502 0.021448 0.924304 0.038432 0.005975 0.995660 -0.006275 -0.029657 -0.930399 0.000000 
1.100000e-01 1.003100e-01 9.749531e-02 1.085993e-01 1.000000e-01 1.597522e+00 -0.995660 0.005502 0.021448 0.924304 0.038432 0.005975 0.995660 -0.006275 -0.029657 -0.930399 0.000000 
1.100000e-01 1.003100e-01 9.749531e-02 1.085993e-01 1.000000e-01 1.597522e+00 -0.995660 0.005502 0.021448 0.924304 0.038432 0.005975 0.995660 -0.006275 -0.029657 -0.930399 0.000000 
1.100000e-01 1.003100e-01 9.749531e-02 1.085993e-01 1.000000e-01 1.597522e+00 -0.995660 0.005502 0.021448 0.924304 0.038432 0.005975 0.995660 -0.006275 -0.029657 -0.930399 0.000000 
1.100000e-01 1.003100e-01 9.749531e-02 1.085993e-01 1.000000e-01 1.597522e+00 -0.995660 0.005502 0.021448 0.924304 0.038432 0.005975 0.995660 -0.006275 -0.029657 -0.930399 0.000000 
1.100000e-01 1.003100e-01 9.749531e-02 1.085993e-01 1.000000e-01 1.597522e+00 -0.995660 0.005502 0.021448 0.924304 0.038432 0.005975 0.995660 -0.006275 -0.029657 -0.930399 0.000000 
1.100000e-01 1.003100e-01 9.749531e-02 1.085993e-01 1.000000e-01 1.597522e+00 -0.995660 0.005502 0.021448 0.924304 0.038432 0.005975 0.995660 -0.006275 -0.029657 -0.930399 0.000000 
1.100000e-01 1.003100e-01 9.749531e-02 1.085993e-01 1.000000e-01 1.597522e+00 -0.995660 0.005502 0.021448 0.924304 0.038432 0.005975 0.995660 -0.006275 -0.029657 -0.930399 0.000000 
1.100000e-01 1.003100e-01 9.749531e-02 1.085993e-01 1.000000e-01 1.597522e+00 -0.995660 0.005502 0.021448 0.924304 0.038432 0.005975 0.995660 -0.006275 -0.029657 -0.930399 0.000000 
1.100000e-01 1.003100e-01 9.749531e-02 1.085993e-01 1.000000e-01 1.597522e+00 -0.995660 0.005502 0.021448 0.924304 0.038432 0.005975 0.995660 -0.006275 -0.029657 -0.930399 0.000000 
1.100000e-01 1.003100e-01 9.749531e-02 1.085993e-01 1.000000e-01 1.597522e+00 -0.995660 0.005502 0.021448 0.924304 0.038432 0.005975 0.995660 -0.006275 -0.029657 -0.930399 0.000000 
1.100000e-01 1.003100e-01 9.749531e-02 1.085993e-01 1.000000e-01 1.597522e+00 -0.995660 0.005502 0.021448 0.924304 0.038432 0.005975 0.995660 -0.006275 -0.029657 -0.930399 0.000000 
1.100000e-01 1.003100e-01 9.749531e-02 1.085993e-01 1.000000e-01 1.597522e+00 -0.995660 0.005502 0.021448 0.924304 0.038432 0.005975 0.995660 -0.006275 -0.029657 -0.930399 0.000000 
1.100000e-01 1.003100e-01 9.749531e-02 1.085993e-01 1.000000e-01 1.597522e+00 -0.995660 0.005502 0.021448 0.924304 0.038432 0.005975 0.995660 -0.006275 -0.029657 -0.930399 0.000000 
1.100000e-01 1.003100e-01 9.749531e-02 1.085993e-01 1.000000e-01 1.597522e+00 -0.995660 0.005502 0.021448 0.924304 0.038432 0.005975 0.995660 -0.006275 -0.029657 -0.930399 0.000000 
1.100000e-01 1.003100e-01 9.749531e-02 1.085993e-01 1.000000e-01 1.597522e+00 -0.995660 0.005502 0.021448 0.924304 0.038432 0.005975 0.995660 -0.006275 -0.029657 -0.930399 0.000000 
1.100000e-01 1.003100e-01 9.749531e-02 1.085993e-01 1.000000e-01 1.597522e+00 -0.995660 0.005502 0.021448 0.924304 0.038432 0.005975 0.995660 -0.006275 -0.029657 -0.930399 0.000000 
1.100000e-01 1.003100e-01 9.749531e-02 1.085993e-01 1.000000e-01 1.597522e+00 -0.995660 0.005502 0.021448 0.924304 0.038432 0.005975 0.995660 -0.006275 -0.029657 -0.930399 0.000000 
1.100000e-01 1.003100e-01 9.749531e-02 1.085993e-01 1.000000e-01 1.597522e+00 -0.995660 0.005502 0.021448 0.924304 0.038432 0.005975 0.995660 -0.006275 -0.029657 -0.930399 0.000000 
1.100000e-01 1.003100e-01 9.749531e-02 1.085993e-01 1.000000e-01 1.597522e+00 -0.995660 0.005502 0.021448 0.924304 0.038432 0.005975 0.995660 -0.006275 -0.029657 -0.930399 0.000000 
1.100000e-01 1.003100e-01 9.749531e-02 1.085993e-01 1.000000e-01 1.597522e+00 -0.995660 0.005502 0.021448 0.924304 0.038432 0.005975 0.995660 -0.006275 -0.029657 -0.930399 0.000000 
1.100000e-01 1.003100e-01 9.749531e-02 1.085993e-01 1.000000e-01 1.597522e+00 -0.995660 0.005502 0.021448 0.924304 0.038432 0.005975 0.995660 -0.006275 -0.029657 -0.930399 0.000000 
1.100000e-01 1.003100e-01 9.749531e-02 1.085993e-01 1.000000e-01 1.597522e+00 -0.995660 0.005502 0.021448 0.924304 0.038432 0.005975 0.995660 -0.006275 -0.029657 -0.930399 0.000000 
1.100000e-01 1.003100e-01 9.749531e-02 1.085993e-01 1.000000e-01 1.597522e+00 -0.995660 0.005502 0.021448 0.924304 0.038432 0.005975 0.995660 -0.006275 -0.029657 -0.930399 0.000000 
1.100000e-01 1.003100e-01 9.749531e-02 1.085993e-01 1.000000e-01 1.597522e+00 -0.995660 0.005502 0.021448 0.924304 0.038432 0.005975 0.995660 -0.006275 -0.029657 -0.930399 0.000000 
1.100000e-01 1.003100e-01 9.749531e-02 1.085993e-01 1.000000e-01 1.597522e+00 -0.995660 0.005502 0.021448 0.924304 0.038432 0.005975 0.995660 -0.006275 -0.029657 -0.930399 0.000000 
1.100000e-01 1.003100e-01 9.749531e-02 1.085993e-01 1.000000e-01 1.597522e+00 -0.995660 0.005502 0.021448 0.924304 0.038432 0.005975 0.995660 -0.006275 -0.029657 -0.930399 0.000000 
1.100000e-01 1.003100e-01 9.749531e-02 1.085993e-01 1.000000e-01 1.597522e+00 -0.995660 0.005502 0.021448 0.924304 0.038432 0.005975 0.995660 -0.006275 -0.029657 -0.930399 0.000000 
1.100000e-01 1.003100e-01 9.749531e-02 1.085993e-01 1.000000e-01 1.597522e+00 -0.995660 0.005502 0.021448 0.924304 0.038432 0.005975 0.995660 -0.006275 -0.029657 -0.930399 0.000000 
1.100000e-01 1.003100e-01 9.749531e-02 1.085993e-01 1.000000e-01 1.597522e+00 -0.995660 0.005502 0.021448 0.924304 0.038432 0.005975 0.995660 -0.006275 -0.029657 -0.930399 0.000000 
1.100000e-01 1.003100e-01 9.749531e-02 1.085993e-01 1.000000e-01 1.597522e+00 -0.995660 0.005502 0.021448 0.924304 0.038432 0.005975 0.995660 -0.006275 -0.029657 -0.930399 0.000000 
1.100000e-01 1.003100e-01 9.749531e-02 1.085993e-01 1.000000e-01 1.597522e+00 -0.995660 0.005502 0.021448 0.924304 0.038432 0.005975 0.995660 -0.006275 -0.029657 -0.930399 0.000000 
1.100000e-01 1.003100e-01 9.749531e-02 1.085993e-01 1.000000e-01 1.597522e+00 -0.995660 0.005502 0.021448 0.924304 0.038432 0.005975 0.995660 -0.006275 -0.029657 -0.930399 0.000000 
1.100000e-01 1.003100e-01 9.749531e-02 1.085993e-01 1.000000e-01 1.597522e+00 -0.995660 0.005502 0.021448 0.924304 0.038432 0.005975 0.995660 -0.006275 -0.029657 -0.930399 0.000000 
1.100000e-01 1.003100e-01 9.749531e-02 1.085993e-01 1.000000e-01 1.597522e+00 -0.995660 0.005502 0.021448 0.924304 0.038432 0.005975 0.995660 -0.006275 -0.029657 -0.930399 0.000000 
1.100000e-01 1.003100e-01 9.749531e-02 1.085993e-01 1.000000e-01 1.597522e+00 -0.995660 0.005502 0.021448 0.924304 0.038432 0.005975 0.995660 -0.006275 -0.029657 -0.930399 0.000000 
1.100000e-01 1.003100e-01 9.749531e-02 1.085993e-01 1.000000e-01 1.597522e+00 -0.995660 0.005502 0.021448 0.924304 0.038432 0.005975 0.995660 -0.006275 -0.029657 -0.930399 0.000000 
1.100000e-01 1.003100e-01 9.749531e-02 1.085993e-01 1.000000e-01 1.597522e+00 -0.995660 0.005502 0.021448 0.924304 0.038432 0.005975 0.995660 -0.006275 -0.029657 -0.930399 0.000000 
1.100000e-01 1.003100e-01 9.749531e-02 1.085993e-01 1.000000e-01 1.597522e+00 -0.995660 0.005502 0.021448 0.924304 0.038432 0.005975 0.995660 -0.006275 -0.029657 -0.930399 0.000000 
1.100000e-01 1.003100e-01 9.749531e-02 1.085993e-01 1.000000e-01 1.597522e+00 -0.995660 0.005502 0.021448 0.924304 0.038432 0.005975 0.995660 -0.006275 -0.029657 -0.930399 0.000000 
1.100000e-01 1.003100e-01 9.749531e-02 1.085993e-01 1.000000e-01 1.597522e+00 -0.995660 0.005502 0.021448 0.924304 0.038432 0.005975 0.995660 -0.006275 -0.029657 -0.930399 0.000000 
1.100000e-01 1.003100e-01 9.749531e-02 1.085993e-01 1.000000e-01 1.597522e+00 -0.995660 0.005502 0.021448 0.924304 0.038432 0.005975 0.995660 -0.006275 -0.029657 -0.930399 0.000000 
1.100000e-01 1.003100e-01 9.749531e-02 1.085993e-01 1.000000e-01 1.597522e+00 -0.995660 0.005502 0.021448 0.924304 0.038432 0.005975 0.995660 -0.006275 -0.029657 -0.930399 0.000000 
1.100000e-01 1.003100e-01 9.749531e-02 1.085993e-01 1.000000e-01 1.597522e+00 -0.995660 0.005502 0.021448 0.924304 0.038432 0.005975 0.995660 -0.006275 -0.029657 -0.930399 0.000000 
1.100000e-01 1.003100e-01 9.749531e-02 1.085993e-01 1.000000e-01 1.597522e+00 -0.995660 0.005502 0.021448 0.924304 0.038432 0.005975 0.995660 -0.006275 -0.029657 -0.930399 0.000000 
1.100000e-01 1.003100e-01 9.749531e-02 1.085993e-01 1.000000e-01 1.597522e+00 -0.995660 0.005502 0.021448 0.924304 0.038432 0.005975 0.995660 -0.006275 -0.029657 -0.930399 0.000000 
1.100000e-01 1.003100e-01 9.749531e-02 1.085993e-01 1.000000e-01 1.597522e+00 -0.995660 0.005502 0.021448 0.924304 0.038432 0.005975 0.995660 -0.006275 -0.029657 -0.930399 0.000000 
1.100000e-01 1.003100e-01 9.749531e-02 1.085993e-01 1.000000e-01 1.597522e+00 -0.995660 0.005502 0.021448 0.924304 0.038432 0.005975 0.995660 -0.006275 -0.029657 -0.930399 0.000000 
1.100000e-01 1.003100e-01 9.749531e-02 1.085993e-01 1.000000e-01 1.597522e+00 -0.995660 0.005502 0.021448 0.924304 0.038432 0.005975 0.995660 -0.006275 -0.029657 -0.930399 0.000000 
