# TeX TeY TeZ ThX ThY THZ P1 P2
1.250000e-01 1.000000e-01 6.000000e-01 1.250000e-01 1.000000e-01 6.000000e-01 0.000000 0.000000 0.000000 0.000000 0.000000 0.000000 0.000000 0.000000 0.000000 0.000000 0.000000 
1.250000e-01 9.999998e-02 5.876735e-01 1.250000e-01 1.000000e-01 6.087571e-01 -0.013929 0.001788 0.003576 0.003579 0.003599 0.001387 0.013929 -0.001788 -0.003576 -0.003580 0.000000 
1.250000e-01 9.999996e-02 5.753104e-01 1.250000e-01 1.000000e-01 6.175034e-01 -0.027876 0.003578 0.007157 0.007163 0.007203 0.002776 0.027876 -0.003578 -0.007157 -0.007163 0.000000 
1.250000e-01 9.999994e-02 5.629111e-01 1.250000e-01 1.000000e-01 6.262389e-01 -0.041839 0.005370 0.010742 0.010752 0.010810 0.004166 0.041839 -0.005370 -0.010742 -0.010752 0.000000 
1.250000e-01 9.999991e-02 5.504758e-01 1.250000e-01 1.000000e-01 6.349634e-01 -0.055819 0.007164 0.014331 0.014344 0.014423 0.005558 0.055819 -0.007164 -0.014331 -0.014344 0.000000 
1.250000e-01 9.999988e-02 5.380048e-01 1.250000e-01 1.000000e-01 6.436769e-01 -0.069815 0.008960 0.017924 0.017941 0.018039 0.006952 0.069815 -0.008960 -0.017924 -0.017941 0.000000 
1.250000e-01 9.999984e-02 5.254984e-01 1.250000e-01 1.000000e-01 6.523792e-01 -0.083827 0.010759 0.021521 0.021541 0.021659 0.008347 0.083827 -0.010758 -0.021521 -0.021542 0.000000 
1.250000e-01 9.999978e-02 5.129570e-01 1.250000e-01 1.000000e-01 6.610703e-01 -0.097855 0.012559 0.025123 0.025146 0.025284 0.009744 0.097855 -0.012559 -0.025123 -0.025147 0.000000 
1.250000e-01 9.999972e-02 5.003808e-01 1.249999e-01 1.000000e-01 6.697500e-01 -0.111899 0.014361 0.028728 0.028755 0.028912 0.011142 0.111899 -0.014361 -0.028728 -0.028756 0.000000 
1.250000e-01 9.999965e-02 4.877701e-01 1.249999e-01 1.000000e-01 6.784183e-01 -0.125957 0.016166 0.032338 0.032368 0.032545 0.012542 0.125957 -0.016165 -0.032338 -0.032369 0.000000 
1.250000e-01 9.999956e-02 4.751251e-01 1.249999e-01 1.000000e-01 6.870751e-01 -0.140031 0.017972 0.035951 0.035984 0.036181 0.013943 0.140031 -0.017971 -0.035951 -0.035986 0.000000 
1.250000e-01 9.999944e-02 4.624463e-01 1.249999e-01 1.000000e-01 6.957202e-01 -0.154119 0.019780 0.039568 0.039604 0.039821 0.015346 0.154119 -0.019778 -0.039568 -0.039607 0.000000 
1.250000e-01 9.999931e-02 4.497337e-01 1.249999e-01 1.000000e-01 7.043535e-01 -0.168222 0.021590 0.043188 0.043228 0.043465 0.016750 0.168222 -0.021588 -0.043188 -0.043233 0.000000 
1.250000e-01 9.999914e-02 4.369878e-01 1.249999e-01 1.000000e-01 7.129751e-01 -0.182339 0.023402 0.046813 0.046856 0.047113 0.018156 0.182339 -0.023398 -0.046813 -0.046863 0.000000 
1.250000e-01 9.999894e-02 4.242087e-01 1.249999e-01 1.000000e-01 7.215846e-01 -0.196470 0.025216 0.050441 0.050487 0.050764 0.019563 0.196470 -0.025210 -0.050441 -0.050498 0.000000 
1.250000e-01 9.999869e-02 4.113969e-01 1.249999e-01 1.000000e-01 7.301821e-01 -0.210615 0.027031 0.054072 0.054122 0.054419 0.020971 0.210615 -0.027023 -0.054073 -0.054138 0.000000 
1.250000e-01 9.999839e-02 3.985524e-01 1.249999e-01 1.000000e-01 7.387674e-01 -0.224773 0.028848 0.057707 0.057760 0.058077 0.022381 0.224773 -0.028836 -0.057708 -0.057784 0.000000 
1.250000e-01 9.999802e-02 3.856756e-01 1.249999e-01 1.000000e-01 7.473404e-01 -0.238944 0.030667 0.061345 0.061402 0.061739 0.023792 0.238944 -0.030648 -0.061347 -0.061438 0.000000 
1.250000e-01 9.999757e-02 3.727667e-01 1.249999e-01 1.000000e-01 7.559010e-01 -0.253129 0.032487 0.064987 0.065047 0.065404 0.025205 0.253129 -0.032459 -0.064989 -0.065102 0.000000 
1.250000e-01 9.999702e-02 3.598260e-01 1.249999e-01 1.000000e-01 7.644491e-01 -0.267326 0.034309 0.068632 0.068695 0.069072 0.026618 0.267326 -0.034267 -0.068635 -0.068779 0.000000 
1.250000e-01 9.999634e-02 3.468538e-01 1.249999e-01 1.000000e-01 7.729845e-01 -0.281535 0.036133 0.072280 0.072347 0.072744 0.028033 0.281536 -0.036069 -0.072285 -0.072474 0.000000 
1.250000e-01 9.999552e-02 3.338503e-01 1.249999e-01 1.000000e-01 7.815073e-01 -0.295757 0.037958 0.075931 0.076002 0.076418 0.029449 0.295758 -0.037861 -0.075939 -0.076194 0.000000 
1.250000e-01 9.999451e-02 3.208157e-01 1.249999e-01 1.000000e-01 7.900171e-01 -0.309991 0.039785 0.079585 0.079659 0.080096 0.030867 0.309992 -0.039638 -0.079597 -0.079952 0.000000 
1.250000e-01 9.999327e-02 3.077502e-01 1.249999e-01 1.000000e-01 7.985140e-01 -0.324237 0.041613 0.083243 0.083320 0.083777 0.032285 0.324237 -0.041389 -0.083261 -0.083767 0.000000 
1.250000e-01 9.999175e-02 2.946542e-01 1.249999e-01 1.000000e-01 8.069977e-01 -0.338495 0.043443 0.086903 0.086984 0.087461 0.033705 0.338495 -0.043103 -0.086930 -0.087664 0.000000 
1.250000e-01 9.998990e-02 2.815279e-01 1.249999e-01 1.000000e-01 8.154682e-01 -0.352763 0.045274 0.090566 0.090651 0.091148 0.035125 0.352764 -0.044754 -0.090607 -0.091690 0.000000 
1.250000e-01 9.998763e-02 2.683714e-01 1.249999e-01 1.000000e-01 8.239254e-01 -0.367043 0.047107 0.094232 0.094320 0.094837 0.036547 0.367044 -0.046314 -0.094294 -0.095909 0.000000 
1.250000e-01 9.998486e-02 2.551850e-01 1.249999e-01 1.000000e-01 8.323690e-01 -0.381334 0.048941 0.097901 0.097992 0.098530 0.037970 0.381334 -0.047734 -0.097991 -0.100418 0.000000 
1.250000e-01 9.998148e-02 2.419689e-01 1.249999e-01 1.000000e-01 8.407991e-01 -0.395636 0.050777 0.101573 0.101668 0.102225 0.039394 0.395636 -0.048929 -0.101703 -0.105396 0.000000 
1.250000e-01 9.997737e-02 2.287232e-01 1.249999e-01 1.000000e-01 8.492154e-01 -0.409948 0.052614 0.105247 0.105346 0.105924 0.040820 0.409949 -0.049796 -0.105427 -0.111070 0.000000 
1.250000e-01 9.997242e-02 2.154483e-01 1.249999e-01 1.000000e-01 8.576179e-01 -0.424271 0.054452 0.108924 0.109026 0.109624 0.042246 0.424272 -0.050163 -0.109155 -0.117830 0.000000 
1.250000e-01 9.996651e-02 2.021441e-01 1.249999e-01 1.000000e-01 8.660063e-01 -0.438605 0.056291 0.112604 0.112710 0.113328 0.043673 0.438605 -0.049750 -0.112851 -0.126351 0.000000 
1.250000e-01 9.995955e-02 1.888107e-01 1.249999e-01 1.000000e-01 8.743806e-01 -0.452949 0.058132 0.116287 0.116396 0.117035 0.045102 0.452950 -0.048214 -0.116418 -0.137579 0.000000 
1.250000e-01 9.995159e-02 1.754483e-01 1.249999e-01 1.000000e-01 8.827406e-01 -0.467305 0.059975 0.119972 0.120085 0.120744 0.046531 0.467305 -0.045020 -0.119597 -0.153196 0.000000 
1.250000e-01 9.994297e-02 1.620566e-01 1.249999e-01 1.000000e-01 8.910861e-01 -0.481673 0.061818 0.123661 0.123777 0.124457 0.047962 0.481674 -0.039391 -0.121677 -0.176325 0.000000 
1.250000e-01 9.993518e-02 1.486340e-01 1.249999e-01 1.000000e-01 8.994172e-01 -0.496058 0.063665 0.127354 0.127474 0.128174 0.049394 0.496059 -0.030518 -0.120998 -0.212008 0.000000 
1.250000e-01 9.993453e-02 1.351738e-01 1.249999e-01 1.000000e-01 9.077335e-01 -0.510481 0.065515 0.131056 0.131180 0.131901 0.050831 0.510482 -0.017432 -0.113502 -0.270194 0.000000 
1.250000e-01 9.996867e-02 1.216417e-01 1.249999e-01 1.000000e-01 9.160349e-01 -0.525054 0.067386 0.134798 0.134925 0.135666 0.052282 0.525055 0.001017 -0.087971 -0.374054 0.000000 
1.250000e-01 1.001254e-01 1.078910e-01 1.249999e-01 1.000000e-01 9.243213e-01 -0.540281 0.069340 0.138707 0.138838 0.139601 0.053798 0.540282 0.026129 -0.018757 -0.570289 0.000000 
1.250000e-01 1.003099e-01 9.749871e-02 1.249999e-01 1.000000e-01 9.325926e-01 -0.554083 0.071111 0.142250 0.142384 0.143168 0.055173 0.554084 0.050389 0.083669 -0.816833 0.000000 
1.250000e-01 1.003099e-01 9.749871e-02 1.249999e-01 1.000000e-01 9.408486e-01 -0.559538 0.071811 0.143650 0.143786 0.144577 0.055716 0.559538 0.049689 0.082268 -0.818234 0.000000 
1.250000e-01 1.003099e-01 9.749871e-02 1.249999e-01 1.000000e-01 9.490891e-01 -0.564982 0.072509 0.145047 0.145185 0.145984 0.056258 0.564983 0.048990 0.080871 -0.819633 0.000000 
1.250000e-01 1.003099e-01 9.749871e-02 1.249999e-01 1.000000e-01 9.573140e-01 -0.570416 0.073206 0.146442 0.146582 0.147389 0.056800 0.570417 0.048292 0.079475 -0.821030 0.000000 
1.250000e-01 1.003099e-01 9.749871e-02 1.249999e-01 1.000000e-01 9.655232e-01 -0.575840 0.073902 0.147833 0.147975 0.148791 0.057340 0.575840 0.047596 0.078083 -0.822424 0.000000 
1.250000e-01 1.003099e-01 9.749871e-02 1.249999e-01 1.000000e-01 9.737164e-01 -0.581253 0.074596 0.149222 0.149366 0.150190 0.057879 0.581253 0.046902 0.076693 -0.823815 0.000000 
1.250000e-01 1.003099e-01 9.749871e-02 1.249999e-01 1.000000e-01 9.818934e-01 -0.586655 0.075289 0.150609 0.150755 0.151587 0.058418 0.586656 0.046208 0.075306 -0.825203 0.000000 
1.250000e-01 1.003099e-01 9.749871e-02 1.249999e-01 1.000000e-01 9.900543e-01 -0.592047 0.075980 0.151992 0.152140 0.152981 0.058955 0.592048 0.045516 0.073922 -0.826588 0.000000 
1.250000e-01 1.003099e-01 9.749871e-02 1.249999e-01 1.000000e-01 9.981987e-01 -0.597428 0.076670 0.153373 0.153523 0.154373 0.059491 0.597428 0.044826 0.072541 -0.827971 0.000000 
1.250000e-01 1.003099e-01 9.749871e-02 1.249999e-01 1.000000e-01 1.006326e+00 -0.602798 0.077358 0.154750 0.154903 0.155761 0.060027 0.602798 0.044137 0.071162 -0.829351 0.000000 
1.250000e-01 1.003099e-01 9.749871e-02 1.249999e-01 1.000000e-01 1.014437e+00 -0.608156 0.078045 0.156125 0.156280 0.157147 0.060561 0.608157 0.043449 0.069786 -0.830728 0.000000 
1.250000e-01 1.003099e-01 9.749871e-02 1.249999e-01 1.000000e-01 1.022532e+00 -0.613504 0.078731 0.157496 0.157654 0.158530 0.061094 0.613505 0.042762 0.068413 -0.832102 0.000000 
1.250000e-01 1.003099e-01 9.749871e-02 1.249999e-01 1.000000e-01 1.030608e+00 -0.618840 0.079414 0.158864 0.159026 0.159911 0.061626 0.618841 0.042078 0.067043 -0.833474 0.000000 
1.250000e-01 1.003099e-01 9.749871e-02 1.249999e-01 1.000000e-01 1.038668e+00 -0.624165 0.080096 0.160230 0.160394 0.161289 0.062158 0.624166 0.041394 0.065676 -0.834842 0.000000 
1.250000e-01 1.003099e-01 9.749871e-02 1.249999e-01 1.000000e-01 1.046710e+00 -0.629478 0.080777 0.161592 0.161760 0.162664 0.062688 0.629479 0.040712 0.064312 -0.836207 0.000000 
1.250000e-01 1.003099e-01 9.749871e-02 1.249999e-01 1.000000e-01 1.054735e+00 -0.634780 0.081455 0.162950 0.163122 0.164036 0.063217 0.634780 0.040032 0.062951 -0.837570 0.000000 
1.250000e-01 1.003099e-01 9.749871e-02 1.249999e-01 1.000000e-01 1.062741e+00 -0.640070 0.082132 0.164306 0.164482 0.165406 0.063745 0.640070 0.039353 0.061593 -0.838929 0.000000 
1.250000e-01 1.003099e-01 9.749871e-02 1.249999e-01 1.000000e-01 1.070730e+00 -0.645347 0.082808 0.165658 0.165838 0.166773 0.064273 0.645348 0.038676 0.060238 -0.840285 0.000000 
1.250000e-01 1.003099e-01 9.749871e-02 1.249999e-01 1.000000e-01 1.078700e+00 -0.650613 0.083481 0.167006 0.167192 0.168138 0.064799 0.650614 0.038000 0.058886 -0.841638 0.000000 
1.250000e-01 1.003099e-01 9.749871e-02 1.249999e-01 1.000000e-01 1.086651e+00 -0.655867 0.084152 0.168351 0.168542 0.169499 0.065324 0.655867 0.037325 0.057537 -0.842988 0.000000 
1.250000e-01 1.003099e-01 9.749871e-02 1.249999e-01 1.000000e-01 1.094585e+00 -0.661108 0.084822 0.169692 0.169889 0.170858 0.065849 0.661108 0.036653 0.056192 -0.844335 0.000000 
1.250000e-01 1.003099e-01 9.749871e-02 1.249999e-01 1.000000e-01 1.102499e+00 -0.666337 0.085489 0.171029 0.171233 0.172215 0.066372 0.666337 0.035982 0.054849 -0.845679 0.000000 
1.250000e-01 1.003099e-01 9.749871e-02 1.249999e-01 1.000000e-01 1.110394e+00 -0.671553 0.086154 0.172363 0.172574 0.173569 0.066895 0.671553 0.035312 0.053510 -0.847019 0.000000 
1.250000e-01 1.003099e-01 9.749871e-02 1.249999e-01 1.000000e-01 1.118270e+00 -0.676756 0.086817 0.173692 0.173911 0.174921 0.067417 0.676757 0.034644 0.052174 -0.848356 0.000000 
1.250000e-01 1.003099e-01 9.749871e-02 1.249999e-01 1.000000e-01 1.126126e+00 -0.681947 0.087478 0.175017 0.175245 0.176270 0.067938 0.681947 0.033978 0.050842 -0.849690 0.000000 
1.250000e-01 1.003099e-01 9.749871e-02 1.249999e-01 1.000000e-01 1.133963e+00 -0.687124 0.088137 0.176338 0.176576 0.177617 0.068458 0.687125 0.033314 0.049512 -0.851021 0.000000 
1.250000e-01 1.003099e-01 9.749871e-02 1.249999e-01 1.000000e-01 1.141779e+00 -0.692289 0.088793 0.177654 0.177904 0.178961 0.068977 0.692289 0.032651 0.048187 -0.852348 0.000000 
1.250000e-01 1.003099e-01 9.749871e-02 1.249999e-01 1.000000e-01 1.149576e+00 -0.697440 0.089446 0.178966 0.179229 0.180304 0.069496 0.697440 0.031990 0.046864 -0.853671 0.000000 
1.250000e-01 1.003099e-01 9.749871e-02 1.249999e-01 1.000000e-01 1.157352e+00 -0.702577 0.090097 0.180273 0.180549 0.181645 0.070015 0.702578 0.031331 0.045545 -0.854992 0.000000 
1.250000e-01 1.003099e-01 9.749871e-02 1.249999e-01 1.000000e-01 1.165108e+00 -0.707701 0.090744 0.181575 0.181867 0.182983 0.070533 0.707701 0.030673 0.044230 -0.856308 0.000000 
1.250000e-01 1.003099e-01 9.749871e-02 1.249999e-01 1.000000e-01 1.172842e+00 -0.712811 0.091389 0.182871 0.183181 0.184321 0.071050 0.712812 0.030017 0.042918 -0.857621 0.000000 
1.250000e-01 1.003099e-01 9.749871e-02 1.249999e-01 1.000000e-01 1.180556e+00 -0.717907 0.092030 0.184162 0.184492 0.185656 0.071567 0.717908 0.029363 0.041609 -0.858931 0.000000 
1.250000e-01 1.003099e-01 9.749871e-02 1.249998e-01 1.000000e-01 1.188248e+00 -0.722989 0.092668 0.185447 0.185799 0.186991 0.072085 0.722990 0.028711 0.040305 -0.860237 0.000000 
1.250000e-01 1.003099e-01 9.749871e-02 1.249998e-01 1.000000e-01 1.195919e+00 -0.728057 0.093303 0.186726 0.187103 0.188325 0.072602 0.728058 0.028060 0.039004 -0.861539 0.000000 
1.250000e-01 1.003099e-01 9.749871e-02 1.249998e-01 1.000000e-01 1.203568e+00 -0.733111 0.093933 0.187999 0.188403 0.189658 0.073119 0.733111 0.027412 0.037706 -0.862838 0.000000 
1.250000e-01 1.003099e-01 9.749871e-02 1.249998e-01 1.000000e-01 1.211194e+00 -0.738149 0.094559 0.189264 0.189700 0.190991 0.073637 0.738150 0.026765 0.036413 -0.864133 0.000000 
1.250000e-01 1.003099e-01 9.749871e-02 1.249998e-01 1.000000e-01 1.218799e+00 -0.743173 0.095181 0.190522 0.190993 0.192324 0.074155 0.743174 0.026120 0.035123 -0.865424 0.000000 
1.250000e-01 1.003099e-01 9.749871e-02 1.249998e-01 1.000000e-01 1.226380e+00 -0.748183 0.095798 0.191772 0.192283 0.193657 0.074674 0.748183 0.025477 0.033837 -0.866711 0.000000 
1.250000e-01 1.003099e-01 9.749871e-02 1.249997e-01 1.000000e-01 1.233939e+00 -0.753177 0.096409 0.193014 0.193570 0.194992 0.075194 0.753177 0.024836 0.032555 -0.867994 0.000000 
1.250000e-01 1.003099e-01 9.749871e-02 1.249997e-01 1.000000e-01 1.241475e+00 -0.758155 0.097015 0.194247 0.194852 0.196328 0.075715 0.758156 0.024197 0.031276 -0.869274 0.000000 
1.250000e-01 1.003099e-01 9.749871e-02 1.249997e-01 1.000000e-01 1.248987e+00 -0.763118 0.097615 0.195470 0.196132 0.197666 0.076238 0.763119 0.023560 0.030002 -0.870549 0.000000 
1.250000e-01 1.003099e-01 9.749871e-02 1.249996e-01 1.000000e-01 1.256476e+00 -0.768066 0.098207 0.196682 0.197408 0.199007 0.076763 0.768066 0.022925 0.028732 -0.871820 0.000000 
1.250000e-01 1.003099e-01 9.749871e-02 1.249996e-01 1.000000e-01 1.263941e+00 -0.772998 0.098793 0.197884 0.198680 0.200352 0.077290 0.772998 0.022293 0.027466 -0.873088 0.000000 
1.250000e-01 1.003099e-01 9.749871e-02 1.249996e-01 1.000000e-01 1.271381e+00 -0.777913 0.099371 0.199073 0.199949 0.201702 0.077820 0.777914 0.021662 0.026204 -0.874351 0.000000 
1.250000e-01 1.003099e-01 9.749871e-02 1.249995e-01 1.000000e-01 1.278797e+00 -0.782813 0.099939 0.200249 0.201215 0.203057 0.078353 0.782813 0.021033 0.024946 -0.875610 0.000000 
1.250000e-01 1.003099e-01 9.749871e-02 1.249994e-01 1.000000e-01 1.286188e+00 -0.787696 0.100499 0.201411 0.202478 0.204418 0.078890 0.787696 0.020406 0.023692 -0.876865 0.000000 
1.250000e-01 1.003099e-01 9.749871e-02 1.249994e-01 1.000000e-01 1.293554e+00 -0.792562 0.101047 0.202558 0.203738 0.205788 0.079432 0.792563 0.019782 0.022443 -0.878115 0.000000 
1.250000e-01 1.003099e-01 9.749871e-02 1.249993e-01 1.000000e-01 1.300894e+00 -0.797412 0.101584 0.203688 0.204996 0.207167 0.079979 0.797412 0.019159 0.021198 -0.879361 0.000000 
1.250000e-01 1.003099e-01 9.749871e-02 1.249992e-01 1.000000e-01 1.308209e+00 -0.802244 0.102108 0.204799 0.206251 0.208557 0.080531 0.802245 0.018539 0.019957 -0.880603 0.000000 
1.250000e-01 1.003099e-01 9.749871e-02 1.249991e-01 1.000000e-01 1.315497e+00 -0.807060 0.102618 0.205890 0.207503 0.209958 0.081090 0.807060 0.017921 0.018721 -0.881841 0.000000 
1.250000e-01 1.003099e-01 9.749871e-02 1.249990e-01 1.000000e-01 1.322759e+00 -0.811857 0.103112 0.206959 0.208755 0.211376 0.081657 0.811858 0.017305 0.017489 -0.883074 0.000000 
1.250000e-01 1.003099e-01 9.749871e-02 1.249989e-01 1.000000e-01 1.329994e+00 -0.816637 0.103590 0.208006 0.210004 0.212807 0.082231 0.816638 0.016692 0.016262 -0.884302 0.000000 
1.250000e-01 1.003099e-01 9.749871e-02 1.249987e-01 1.000000e-01 1.337203e+00 -0.821400 0.104047 0.209024 0.211253 0.214261 0.082816 0.821400 0.016080 0.015039 -0.885526 0.000000 
1.250000e-01 1.003099e-01 9.749871e-02 1.249985e-01 1.000000e-01 1.344383e+00 -0.826144 0.104484 0.210015 0.212503 0.215733 0.083410 0.826144 0.015472 0.013821 -0.886745 0.000000 
1.250000e-01 1.003099e-01 9.749871e-02 1.249984e-01 1.000000e-01 1.351536e+00 -0.830869 0.104896 0.210973 0.213753 0.217231 0.084017 0.830870 0.014865 0.012608 -0.887959 0.000000 
1.250000e-01 1.003099e-01 9.749871e-02 1.249981e-01 1.000000e-01 1.358661e+00 -0.835576 0.105282 0.211897 0.215005 0.218756 0.084637 0.835577 0.014261 0.011400 -0.889169 0.000000 
1.250000e-01 1.003099e-01 9.749871e-02 1.249979e-01 1.000000e-01 1.365758e+00 -0.840265 0.105640 0.212784 0.216261 0.220311 0.085270 0.840265 0.013659 0.010196 -0.890374 0.000000 
1.250000e-01 1.003099e-01 9.749871e-02 1.249976e-01 1.000000e-01 1.372825e+00 -0.844934 0.105963 0.213627 0.217523 0.221903 0.085920 0.844934 0.013060 0.008997 -0.891573 0.000000 
1.250000e-01 1.003099e-01 9.749871e-02 1.249973e-01 1.000000e-01 1.379863e+00 -0.849584 0.106252 0.214427 0.218791 0.223529 0.086585 0.849584 0.012463 0.007803 -0.892768 0.000000 
1.250000e-01 1.003099e-01 9.749871e-02 1.249969e-01 1.000000e-01 1.386872e+00 -0.854214 0.106496 0.215172 0.220071 0.225205 0.087271 0.854215 0.011869 0.006615 -0.893958 0.000000 
1.250000e-01 1.003099e-01 9.749871e-02 1.249965e-01 1.000000e-01 1.393851e+00 -0.858825 0.106696 0.215864 0.221363 0.226926 0.087975 0.858825 0.011277 0.005431 -0.895143 0.000000 
1.250000e-01 1.003099e-01 9.749871e-02 1.249960e-01 1.000000e-01 1.400800e+00 -0.863415 0.106845 0.216494 0.222673 0.228702 0.088701 0.863416 0.010688 0.004252 -0.896323 0.000000 
1.250000e-01 1.003099e-01 9.749871e-02 1.249955e-01 1.000000e-01 1.407717e+00 -0.867985 0.106934 0.217054 0.224006 0.230542 0.089450 0.867986 0.010101 0.003079 -0.897497 0.000000 
1.250000e-01 1.003099e-01 9.749871e-02 1.249949e-01 1.000000e-01 1.414604e+00 -0.872535 0.106963 0.217543 0.225365 0.232444 0.090221 0.872535 0.009518 0.001911 -0.898666 0.000000 
1.250000e-01 1.003099e-01 9.749871e-02 1.249942e-01 1.000000e-01 1.421459e+00 -0.877064 0.106913 0.217943 0.226763 0.234428 0.091018 0.877064 0.008936 0.000748 -0.899830 0.000000 
1.250000e-01 1.003099e-01 9.749871e-02 1.249934e-01 1.000000e-01 1.428282e+00 -0.881571 0.106783 0.218253 0.228204 0.236494 0.091839 0.881572 0.008358 -0.000409 -0.900988 0.000000 
1.250000e-01 1.003099e-01 9.749871e-02 1.249925e-01 1.000000e-01 1.435073e+00 -0.886058 0.106566 0.218466 0.229696 0.238647 0.092683 0.886058 0.007782 -0.001561 -0.902141 0.000000 
1.250000e-01 1.003099e-01 9.749871e-02 1.249915e-01 1.000000e-01 1.441831e+00 -0.890522 0.106234 0.218552 0.231266 0.240917 0.093553 0.890522 0.007209 -0.002707 -0.903288 0.000000 
1.250000e-01 1.003099e-01 9.749871e-02 1.249903e-01 1.000000e-01 1.448556e+00 -0.894965 0.105791 0.218518 0.232917 0.243296 0.094443 0.894965 0.006639 -0.003847 -0.904430 0.000000 
1.250000e-01 1.003099e-01 9.749871e-02 1.249890e-01 1.000000e-01 1.455247e+00 -0.899385 0.105222 0.218346 0.234669 0.245799 0.095349 0.899385 0.006072 -0.004982 -0.905566 0.000000 
1.250000e-01 1.003099e-01 9.749871e-02 1.249874e-01 1.000000e-01 1.461904e+00 -0.903783 0.104490 0.217998 0.236565 0.248463 0.096267 0.903783 0.005507 -0.006111 -0.906696 0.000000 
1.250000e-01 1.003099e-01 9.749871e-02 1.249857e-01 1.000000e-01 1.468527e+00 -0.908158 0.103601 0.217477 0.238612 0.251280 0.097188 0.908158 0.004946 -0.007235 -0.907820 0.000000 
1.250000e-01 1.003099e-01 9.749871e-02 1.249838e-01 1.000000e-01 1.475115e+00 -0.912510 0.102534 0.216760 0.240846 0.254269 0.098101 0.912510 0.004387 -0.008352 -0.908939 0.000000 
1.250000e-01 1.003099e-01 9.749871e-02 1.249815e-01 1.000000e-01 1.481667e+00 -0.916838 0.101234 0.215778 0.243350 0.257491 0.098986 0.916839 0.003832 -0.009463 -0.910051 0.000000 
1.250000e-01 1.003099e-01 9.749871e-02 1.249790e-01 1.000000e-01 1.488183e+00 -0.921143 0.099712 0.214537 0.246136 0.260933 0.099826 0.921143 0.003279 -0.010568 -0.911157 0.000000 
1.250000e-01 1.003099e-01 9.749871e-02 1.249761e-01 1.000000e-01 1.494663e+00 -0.925424 0.097944 0.212997 0.249263 0.264626 0.100595 0.925424 0.002730 -0.011667 -0.912257 0.000000 
1.250000e-01 1.003099e-01 9.749871e-02 1.249728e-01 1.000000e-01 1.501106e+00 -0.929681 0.095862 0.211057 0.252870 0.268651 0.101241 0.929681 0.002183 -0.012760 -0.913351 0.000000 
1.250000e-01 1.003099e-01 9.749871e-02 1.249692e-01 1.000000e-01 1.507510e+00 -0.933912 0.093464 0.208682 0.257017 0.273023 0.101726 0.933912 0.001640 -0.013846 -0.914438 0.000000 
1.250000e-01 1.003099e-01 9.749871e-02 1.249650e-01 1.000000e-01 1.513874e+00 -0.938117 0.090735 0.205819 0.261788 0.277779 0.101997 0.938117 0.001101 -0.014926 -0.915519 0.000000 
1.250000e-01 1.003099e-01 9.749871e-02 1.249603e-01 1.000000e-01 1.520197e+00 -0.942295 0.087635 0.202361 0.267334 0.282989 0.101977 0.942295 0.000564 -0.015999 -0.916593 0.000000 
1.250000e-01 1.003099e-01 9.749871e-02 1.249550e-01 1.000000e-01 1.526480e+00 -0.946447 0.084086 0.198098 0.273949 0.288795 0.101520 0.946447 0.000031 -0.017065 -0.917660 0.000000 
1.250000e-01 1.003099e-01 9.749871e-02 1.249491e-01 1.000000e-01 1.532722e+00 -0.950572 0.080119 0.192987 0.281700 0.295203 0.100564 0.950572 -0.000498 -0.018124 -0.918719 0.000000 
1.250000e-01 1.003099e-01 9.749871e-02 1.249424e-01 1.000000e-01 1.538921e+00 -0.954669 0.075713 0.186874 0.290810 0.302292 0.098981 0.954669 -0.001024 -0.019175 -0.919772 0.000000 
1.250000e-01 1.003099e-01 9.749871e-02 1.249348e-01 1.000000e-01 1.545078e+00 -0.958736 0.070848 0.179559 0.301561 0.310152 0.096616 0.958736 -0.001546 -0.020220 -0.920818 0.000000 
1.250000e-01 1.003099e-01 9.749871e-02 1.249256e-01 1.000000e-01 1.551190e+00 -0.962772 0.065450 0.170612 0.314579 0.318978 0.093153 0.962772 -0.002064 -0.021256 -0.921855 0.000000 
1.250000e-01 1.003099e-01 9.749871e-02 1.249139e-01 1.000000e-01 1.557255e+00 -0.966772 0.059601 0.160006 0.329971 0.328646 0.088548 0.966772 -0.002577 -0.022283 -0.922882 0.000000 
1.250000e-01 1.003099e-01 9.749871e-02 1.248972e-01 1.000000e-01 1.563270e+00 -0.970726 0.053329 0.147553 0.348145 0.339047 0.082651 0.970726 -0.003085 -0.023298 -0.923898 0.000000 
1.250000e-01 1.003099e-01 9.749871e-02 1.248700e-01 1.000000e-01 1.569225e+00 -0.974615 0.046697 0.133142 0.369563 0.349840 0.075372 0.974615 -0.003584 -0.024296 -0.924898 0.000000 
1.250000e-01 1.003099e-01 9.749871e-02 1.248192e-01 1.000000e-01 1.575103e+00 -0.978401 0.039818 0.116824 0.394842 0.360199 0.066718 0.978401 -0.004070 -0.025268 -0.925871 0.000000 
1.250000e-01 1.003099e-01 9.749871e-02 1.247126e-01 1.000000e-01 1.580863e+00 -0.981987 0.032923 0.098993 0.425199 0.367970 0.056902 0.981987 -0.004530 -0.026189 -0.926792 0.000000 
1.250000e-01 1.003099e-01 9.749871e-02 1.244588e-01 1.000000e-01 1.586419e+00 -0.985222 0.026464 0.081204 0.461989 0.368743 0.046822 0.985222 -0.004945 -0.027020 -0.927624 0.000000 
1.250000e-01 1.003099e-01 9.749871e-02 1.237697e-01 1.000000e-01 1.591544e+00 -0.987889 0.021029 0.065578 0.512392 0.351350 0.037540 0.987889 -0.005287 -0.027704 -0.928309 0.000000 
1.250000e-01 1.003099e-01 9.749871e-02 1.218148e-01 1.000000e-01 1.596016e+00 -0.990467 0.015751 0.049982 0.621711 0.275571 0.027453 0.990467 -0.005618 -0.028366 -0.928971 0.000000 
1.250000e-01 1.003099e-01 9.749871e-02 1.206568e-01 1.000000e-01 1.597507e+00 -0.991908 0.012752 0.040855 0.706390 0.210263 0.021648 0.991908 -0.005803 -0.028736 -0.929342 0.000000 
1.250000e-01 1.003099e-01 9.749871e-02 1.206568e-01 1.000000e-01 1.597507e+00 -0.991908 0.012752 0.040855 0.706390 0.210263 0.021648 0.991908 -0.005803 -0.028736 -0.929342 0.000000 
1.250000e-01 1.003099e-01 9.749871e-02 1.206568e-01 1.000000e-01 1.597507e+00 -0.991908 0.012752 0.040855 0.706390 0.210263 0.021648 0.991908 -0.005803 -0.028736 -0.929342 0.000000 
1.250000e-01 1.003099e-01 9.749871e-02 1.206568e-01 1.000000e-01 1.597507e+00 -0.991908 0.012752 0.040855 0.706390 0.210263 0.021648 0.991908 -0.005803 -0.028736 -0.929342 0.000000 
1.250000e-01 1.003099e-01 9.749871e-02 1.206568e-01 1.000000e-01 1.597507e+00 -0.991908 0.012752 0.040855 0.706390 0.210263 0.021648 0.991908 -0.005803 -0.028736 -0.929342 0.000000 
1.250000e-01 1.003099e-01 9.749871e-02 1.206568e-01 1.000000e-01 1.597507e+00 -0.991908 0.012752 0.040855 0.706390 0.210263 0.021648 0.991908 -0.005803 -0.028736 -0.929342 0.000000 
1.250000e-01 1.003099e-01 9.749871e-02 1.206568e-01 1.000000e-01 1.597507e+00 -0.991908 0.012752 0.040855 0.706390 0.210263 0.021648 0.991908 -0.005803 -0.028736 -0.929342 0.000000 
1.250000e-01 1.003099e-01 9.749871e-02 1.206568e-01 1.000000e-01 1.597507e+00 -0.991908 0.012752 0.040855 0.706390 0.210263 0.021648 0.991908 -0.005803 -0.028736 -0.929342 0.000000 
1.250000e-01 1.003099e-01 9.749871e-02 1.206568e-01 1.000000e-01 1.597507e+00 -0.991908 0.012752 0.040855 0.706390 0.210263 0.021648 0.991908 -0.005803 -0.028736 -0.929342 0.000000 
1.250000e-01 1.003099e-01 9.749871e-02 1.206568e-01 1.000000e-01 1.597507e+00 -0.991908 0.012752 0.040855 0.706390 0.210263 0.021648 0.991908 -0.005803 -0.028736 -0.929342 0.000000 
1.250000e-01 1.003099e-01 9.749871e-02 1.206568e-01 1.000000e-01 1.597507e+00 -0.991908 0.012752 0.040855 0.706390 0.210263 0.021648 0.991908 -0.005803 -0.028736 -0.929342 0.000000 
1.250000e-01 1.003099e-01 9.749871e-02 1.206568e-01 1.000000e-01 1.597507e+00 -0.991908 0.012752 0.040855 0.706390 0.210263 0.021648 0.991908 -0.005803 -0.028736 -0.929342 0.000000 
1.250000e-01 1.003099e-01 9.749871e-02 1.206568e-01 1.000000e-01 1.597507e+00 -0.991908 0.012752 0.040855 0.706390 0.210263 0.021648 0.991908 -0.005803 -0.028736 -0.929342 0.000000 
1.250000e-01 1.003099e-01 9.749871e-02 1.206568e-01 1.000000e-01 1.597507e+00 -0.991908 0.012752 0.040855 0.706390 0.210263 0.021648 0.991908 -0.005803 -0.028736 -0.929342 0.000000 
1.250000e-01 1.003099e-01 9.749871e-02 1.206568e-01 1.000000e-01 1.597507e+00 -0.991908 0.012752 0.040855 0.706390 0.210263 0.021648 0.991908 -0.005803 -0.028736 -0.929342 0.000000 
1.250000e-01 1.003099e-01 9.749871e-02 1.206568e-01 1.000000e-01 1.597507e+00 -0.991908 0.012752 0.040855 0.706390 0.210263 0.021648 0.991908 -0.005803 -0.028736 -0.929342 0.000000 
1.250000e-01 1.003099e-01 9.749871e-02 1.206568e-01 1.000000e-01 1.597507e+00 -0.991908 0.012752 0.040855 0.706390 0.210263 0.021648 0.991908 -0.005803 -0.028736 -0.929342 0.000000 
1.250000e-01 1.003099e-01 9.749871e-02 1.206568e-01 1.000000e-01 1.597507e+00 -0.991908 0.012752 0.040855 0.706390 0.210263 0.021648 0.991908 -0.005803 -0.028736 -0.929342 0.000000 
1.250000e-01 1.003099e-01 9.749871e-02 1.206568e-01 1.000000e-01 1.597507e+00 -0.991908 0.012752 0.040855 0.706390 0.210263 0.021648 0.991908 -0.005803 -0.028736 -0.929342 0.000000 
1.250000e-01 1.003099e-01 9.749871e-02 1.206568e-01 1.000000e-01 1.597507e+00 -0.991908 0.012752 0.040855 0.706390 0.210263 0.021648 0.991908 -0.005803 -0.028736 -0.929342 0.000000 
1.250000e-01 1.003099e-01 9.749871e-02 1.206568e-01 1.000000e-01 1.597507e+00 -0.991908 0.012752 0.040855 0.706390 0.210263 0.021648 0.991908 -0.005803 -0.028736 -0.929342 0.000000 
1.250000e-01 1.003099e-01 9.749871e-02 1.206568e-01 1.000000e-01 1.597507e+00 -0.991908 0.012752 0.040855 0.706390 0.210263 0.021648 0.991908 -0.005803 -0.028736 -0.929342 0.000000 
1.250000e-01 1.003099e-01 9.749871e-02 1.206568e-01 1.000000e-01 1.597507e+00 -0.991908 0.012752 0.040855 0.706390 0.210263 0.021648 0.991908 -0.005803 -0.028736 -0.929342 0.000000 
1.250000e-01 1.003099e-01 9.749871e-02 1.206568e-01 1.000000e-01 1.597507e+00 -0.991908 0.012752 0.040855 0.706390 0.210263 0.021648 0.991908 -0.005803 -0.028736 -0.929342 0.000000 
1.250000e-01 1.003099e-01 9.749871e-02 1.206568e-01 1.000000e-01 1.597507e+00 -0.991908 0.012752 0.040855 0.706390 0.210263 0.021648 0.991908 -0.005803 -0.028736 -0.929342 0.000000 
1.250000e-01 1.003099e-01 9.749871e-02 1.206568e-01 1.000000e-01 1.597507e+00 -0.991908 0.012752 0.040855 0.706390 0.210263 0.021648 0.991908 -0.005803 -0.028736 -0.929342 0.000000 
1.250000e-01 1.003099e-01 9.749871e-02 1.206568e-01 1.000000e-01 1.597507e+00 -0.991908 0.012752 0.040855 0.706390 0.210263 0.021648 0.991908 -0.005803 -0.028736 -0.929342 0.000000 
1.250000e-01 1.003099e-01 9.749871e-02 1.206568e-01 1.000000e-01 1.597507e+00 -0.991908 0.012752 0.040855 0.706390 0.210263 0.021648 0.991908 -0.005803 -0.028736 -0.929342 0.000000 
1.250000e-01 1.003099e-01 9.749871e-02 1.206568e-01 1.000000e-01 1.597507e+00 -0.991908 0.012752 0.040855 0.706390 0.210263 0.021648 0.991908 -0.005803 -0.028736 -0.929342 0.000000 
1.250000e-01 1.003099e-01 9.749871e-02 1.206568e-01 1.000000e-01 1.597507e+00 -0.991908 0.012752 0.040855 0.706390 0.210263 0.021648 0.991908 -0.005803 -0.028736 -0.929342 0.000000 
1.250000e-01 1.003099e-01 9.749871e-02 1.206568e-01 1.000000e-01 1.597507e+00 -0.991908 0.012752 0.040855 0.706390 0.210263 0.021648 0.991908 -0.005803 -0.028736 -0.929342 0.000000 
1.250000e-01 1.003099e-01 9.749871e-02 1.206568e-01 1.000000e-01 1.597507e+00 -0.991908 0.012752 0.040855 0.706390 0.210263 0.021648 0.991908 -0.005803 -0.028736 -0.929342 0.000000 
1.250000e-01 1.003099e-01 9.749871e-02 1.206568e-01 1.000000e-01 1.597507e+00 -0.991908 0.012752 0.040855 0.706390 0.210263 0.021648 0.991908 -0.005803 -0.028736 -0.929342 0.000000 
1.250000e-01 1.003099e-01 9.749871e-02 1.206568e-01 1.000000e-01 1.597507e+00 -0.991908 0.012752 0.040855 0.706390 0.210263 0.021648 0.991908 -0.005803 -0.028736 -0.929342 0.000000 
1.250000e-01 1.003099e-01 9.749871e-02 1.206568e-01 1.000000e-01 1.597507e+00 -0.991908 0.012752 0.040855 0.706390 0.210263 0.021648 0.991908 -0.005803 -0.028736 -0.929342 0.000000 
1.250000e-01 1.003099e-01 9.749871e-02 1.206568e-01 1.000000e-01 1.597507e+00 -0.991908 0.012752 0.040855 0.706390 0.210263 0.021648 0.991908 -0.005803 -0.028736 -0.929342 0.000000 
1.250000e-01 1.003099e-01 9.749871e-02 1.206568e-01 1.000000e-01 1.597507e+00 -0.991908 0.012752 0.040855 0.706390 0.210263 0.021648 0.991908 -0.005803 -0.028736 -0.929342 0.000000 
1.250000e-01 1.003099e-01 9.749871e-02 1.206568e-01 1.000000e-01 1.597507e+00 -0.991908 0.012752 0.040855 0.706390 0.210263 0.021648 0.991908 -0.005803 -0.028736 -0.929342 0.000000 
1.250000e-01 1.003099e-01 9.749871e-02 1.206568e-01 1.000000e-01 1.597507e+00 -0.991908 0.012752 0.040855 0.706390 0.210263 0.021648 0.991908 -0.005803 -0.028736 -0.929342 0.000000 
1.250000e-01 1.003099e-01 9.749871e-02 1.206568e-01 1.000000e-01 1.597507e+00 -0.991908 0.012752 0.040855 0.706390 0.210263 0.021648 0.991908 -0.005803 -0.028736 -0.929342 0.000000 
1.250000e-01 1.003099e-01 9.749871e-02 1.206568e-01 1.000000e-01 1.597507e+00 -0.991908 0.012752 0.040855 0.706390 0.210263 0.021648 0.991908 -0.005803 -0.028736 -0.929342 0.000000 
1.250000e-01 1.003099e-01 9.749871e-02 1.206568e-01 1.000000e-01 1.597507e+00 -0.991908 0.012752 0.040855 0.706390 0.210263 0.021648 0.991908 -0.005803 -0.028736 -0.929342 0.000000 
1.250000e-01 1.003099e-01 9.749871e-02 1.206568e-01 1.000000e-01 1.597507e+00 -0.991908 0.012752 0.040855 0.706390 0.210263 0.021648 0.991908 -0.005803 -0.028736 -0.929342 0.000000 
1.250000e-01 1.003099e-01 9.749871e-02 1.206568e-01 1.000000e-01 1.597507e+00 -0.991908 0.012752 0.040855 0.706390 0.210263 0.021648 0.991908 -0.005803 -0.028736 -0.929342 0.000000 
1.250000e-01 1.003099e-01 9.749871e-02 1.206568e-01 1.000000e-01 1.597507e+00 -0.991908 0.012752 0.040855 0.706390 0.210263 0.021648 0.991908 -0.005803 -0.028736 -0.929342 0.000000 
1.250000e-01 1.003099e-01 9.749871e-02 1.206568e-01 1.000000e-01 1.597507e+00 -0.991908 0.012752 0.040855 0.706390 0.210263 0.021648 0.991908 -0.005803 -0.028736 -0.929342 0.000000 
1.250000e-01 1.003099e-01 9.749871e-02 1.206568e-01 1.000000e-01 1.597507e+00 -0.991908 0.012752 0.040855 0.706390 0.210263 0.021648 0.991908 -0.005803 -0.028736 -0.929342 0.000000 
1.250000e-01 1.003099e-01 9.749871e-02 1.206568e-01 1.000000e-01 1.597507e+00 -0.991908 0.012752 0.040855 0.706390 0.210263 0.021648 0.991908 -0.005803 -0.028736 -0.929342 0.000000 
1.250000e-01 1.003099e-01 9.749871e-02 1.206568e-01 1.000000e-01 1.597507e+00 -0.991908 0.012752 0.040855 0.706390 0.210263 0.021648 0.991908 -0.005803 -0.028736 -0.929342 0.000000 
1.250000e-01 1.003099e-01 9.749871e-02 1.206568e-01 1.000000e-01 1.597507e+00 -0.991908 0.012752 0.040855 0.706390 0.210263 0.021648 0.991908 -0.005803 -0.028736 -0.929342 0.000000 
1.250000e-01 1.003099e-01 9.749871e-02 1.206568e-01 1.000000e-01 1.597507e+00 -0.991908 0.012752 0.040855 0.706390 0.210263 0.021648 0.991908 -0.005803 -0.028736 -0.929342 0.000000 
1.250000e-01 1.003099e-01 9.749871e-02 1.206568e-01 1.000000e-01 1.597507e+00 -0.991908 0.012752 0.040855 0.706390 0.210263 0.021648 0.991908 -0.005803 -0.028736 -0.929342 0.000000 
1.250000e-01 1.003099e-01 9.749871e-02 1.206568e-01 1.000000e-01 1.597507e+00 -0.991908 0.012752 0.040855 0.706390 0.210263 0.021648 0.991908 -0.005803 -0.028736 -0.929342 0.000000 
1.250000e-01 1.003099e-01 9.749871e-02 1.206568e-01 1.000000e-01 1.597507e+00 -0.991908 0.012752 0.040855 0.706390 0.210263 0.021648 0.991908 -0.005803 -0.028736 -0.929342 0.000000 
1.250000e-01 1.003099e-01 9.749871e-02 1.206568e-01 1.000000e-01 1.597507e+00 -0.991908 0.012752 0.040855 0.706390 0.210263 0.021648 0.991908 -0.005803 -0.028736 -0.929342 0.000000 
1.250000e-01 1.003099e-01 9.749871e-02 1.206568e-01 1.000000e-01 1.597507e+00 -0.991908 0.012752 0.040855 0.706390 0.210263 0.021648 0.991908 -0.005803 -0.028736 -0.929342 0.000000 
1.250000e-01 1.003099e-01 9.749871e-02 1.206568e-01 1.000000e-01 1.597507e+00 -0.991908 0.012752 0.040855 0.706390 0.210263 0.021648 0.991908 -0.005803 -0.028736 -0.929342 0.000000 
1.250000e-01 1.003099e-01 9.749871e-02 1.206568e-01 1.000000e-01 1.597507e+00 -0.991908 0.012752 0.040855 0.706390 0.210263 0.021648 0.991908 -0.005803 -0.028736 -0.929342 0.000000 
1.250000e-01 1.003099e-01 9.749871e-02 1.206568e-01 1.000000e-01 1.597507e+00 -0.991908 0.012752 0.040855 0.706390 0.210263 0.021648 0.991908 -0.005803 -0.028736 -0.929342 0.000000 
1.250000e-01 1.003099e-01 9.749871e-02 1.206568e-01 1.000000e-01 1.597507e+00 -0.991908 0.012752 0.040855 0.706390 0.210263 0.021648 0.991908 -0.005803 -0.028736 -0.929342 0.000000 
1.250000e-01 1.003099e-01 9.749871e-02 1.206568e-01 1.000000e-01 1.597507e+00 -0.991908 0.012752 0.040855 0.706390 0.210263 0.021648 0.991908 -0.005803 -0.028736 -0.929342 0.000000 
1.250000e-01 1.003099e-01 9.749871e-02 1.206568e-01 1.000000e-01 1.597507e+00 -0.991908 0.012752 0.040855 0.706390 0.210263 0.021648 0.991908 -0.005803 -0.028736 -0.929342 0.000000 
1.250000e-01 1.003099e-01 9.749871e-02 1.206568e-01 1.000000e-01 1.597507e+00 -0.991908 0.012752 0.040855 0.706390 0.210263 0.021648 0.991908 -0.005803 -0.028736 -0.929342 0.000000 
1.250000e-01 1.003099e-01 9.749871e-02 1.206568e-01 1.000000e-01 1.597507e+00 -0.991908 0.012752 0.040855 0.706390 0.210263 0.021648 0.991908 -0.005803 -0.028736 -0.929342 0.000000 
1.250000e-01 1.003099e-01 9.749871e-02 1.206568e-01 1.000000e-01 1.597507e+00 -0.991908 0.012752 0.040855 0.706390 0.210263 0.021648 0.991908 -0.005803 -0.028736 -0.929342 0.000000 
1.250000e-01 1.003099e-01 9.749871e-02 1.206568e-01 1.000000e-01 1.597507e+00 -0.991908 0.012752 0.040855 0.706390 0.210263 0.021648 0.991908 -0.005803 -0.028736 -0.929342 0.000000 
1.250000e-01 1.003099e-01 9.749871e-02 1.206568e-01 1.000000e-01 1.597507e+00 -0.991908 0.012752 0.040855 0.706390 0.210263 0.021648 0.991908 -0.005803 -0.028736 -0.929342 0.000000 
1.250000e-01 1.003099e-01 9.749871e-02 1.206568e-01 1.000000e-01 1.597507e+00 -0.991908 0.012752 0.040855 0.706390 0.210263 0.021648 0.991908 -0.005803 -0.028736 -0.929342 0.000000 
1.250000e-01 1.003099e-01 9.749871e-02 1.206568e-01 1.000000e-01 1.597507e+00 -0.991908 0.012752 0.040855 0.706390 0.210263 0.021648 0.991908 -0.005803 -0.028736 -0.929342 0.000000 
1.250000e-01 1.003099e-01 9.749871e-02 1.206568e-01 1.000000e-01 1.597507e+00 -0.991908 0.012752 0.040855 0.706390 0.210263 0.021648 0.991908 -0.005803 -0.028736 -0.929342 0.000000 
1.250000e-01 1.003099e-01 9.749871e-02 1.206568e-01 1.000000e-01 1.597507e+00 -0.991908 0.012752 0.040855 0.706390 0.210263 0.021648 0.991908 -0.005803 -0.028736 -0.929342 0.000000 
1.250000e-01 1.003099e-01 9.749871e-02 1.206568e-01 1.000000e-01 1.597507e+00 -0.991908 0.012752 0.040855 0.706390 0.210263 0.021648 0.991908 -0.005803 -0.028736 -0.929342 0.000000 
1.250000e-01 1.003099e-01 9.749871e-02 1.206568e-01 1.000000e-01 1.597507e+00 -0.991908 0.012752 0.040855 0.706390 0.210263 0.021648 0.991908 -0.005803 -0.028736 -0.929342 0.000000 
1.250000e-01 1.003099e-01 9.749871e-02 1.206568e-01 1.000000e-01 1.597507e+00 -0.991908 0.012752 0.040855 0.706390 0.210263 0.021648 0.991908 -0.005803 -0.028736 -0.929342 0.000000 
1.250000e-01 1.003099e-01 9.749871e-02 1.206568e-01 1.000000e-01 1.597507e+00 -0.991908 0.012752 0.040855 0.706390 0.210263 0.021648 0.991908 -0.005803 -0.028736 -0.929342 0.000000 
1.250000e-01 1.003099e-01 9.749871e-02 1.206568e-01 1.000000e-01 1.597507e+00 -0.991908 0.012752 0.040855 0.706390 0.210263 0.021648 0.991908 -0.005803 -0.028736 -0.929342 0.000000 
1.250000e-01 1.003099e-01 9.749871e-02 1.206568e-01 1.000000e-01 1.597507e+00 -0.991908 0.012752 0.040855 0.706390 0.210263 0.021648 0.991908 -0.005803 -0.028736 -0.929342 0.000000 
1.250000e-01 1.003099e-01 9.749871e-02 1.206568e-01 1.000000e-01 1.597507e+00 -0.991908 0.012752 0.040855 0.706390 0.210263 0.021648 0.991908 -0.005803 -0.028736 -0.929342 0.000000 
1.250000e-01 1.003099e-01 9.749871e-02 1.206568e-01 1.000000e-01 1.597507e+00 -0.991908 0.012752 0.040855 0.706390 0.210263 0.021648 0.991908 -0.005803 -0.028736 -0.929342 0.000000 
1.250000e-01 1.003099e-01 9.749871e-02 1.206568e-01 1.000000e-01 1.597507e+00 -0.991908 0.012752 0.040855 0.706390 0.210263 0.021648 0.991908 -0.005803 -0.028736 -0.929342 0.000000 
1.250000e-01 1.003099e-01 9.749871e-02 1.206568e-01 1.000000e-01 1.597507e+00 -0.991908 0.012752 0.040855 0.706390 0.210263 0.021648 0.991908 -0.005803 -0.028736 -0.929342 0.000000 
1.250000e-01 1.003099e-01 9.749871e-02 1.206568e-01 1.000000e-01 1.597507e+00 -0.991908 0.012752 0.040855 0.706390 0.210263 0.021648 0.991908 -0.005803 -0.028736 -0.929342 0.000000 
1.250000e-01 1.003099e-01 9.749871e-02 1.206568e-01 1.000000e-01 1.597507e+00 -0.991908 0.012752 0.040855 0.706390 0.210263 0.021648 0.991908 -0.005803 -0.028736 -0.929342 0.000000 
1.250000e-01 1.003099e-01 9.749871e-02 1.206568e-01 1.000000e-01 1.597507e+00 -0.991908 0.012752 0.040855 0.706390 0.210263 0.021648 0.991908 -0.005803 -0.028736 -0.929342 0.000000 
1.250000e-01 1.003099e-01 9.749871e-02 1.206568e-01 1.000000e-01 1.597507e+00 -0.991908 0.012752 0.040855 0.706390 0.210263 0.021648 0.991908 -0.005803 -0.028736 -0.929342 0.000000 
1.250000e-01 1.003099e-01 9.749871e-02 1.206568e-01 1.000000e-01 1.597507e+00 -0.991908 0.012752 0.040855 0.706390 0.210263 0.021648 0.991908 -0.005803 -0.028736 -0.929342 0.000000 
1.250000e-01 1.003099e-01 9.749871e-02 1.206568e-01 1.000000e-01 1.597507e+00 -0.991908 0.012752 0.040855 0.706390 0.210263 0.021648 0.991908 -0.005803 -0.028736 -0.929342 0.000000 
1.250000e-01 1.003099e-01 9.749871e-02 1.206568e-01 1.000000e-01 1.597507e+00 -0.991908 0.012752 0.040855 0.706390 0.210263 0.021648 0.991908 -0.005803 -0.028736 -0.929342 0.000000 
1.250000e-01 1.003099e-01 9.749871e-02 1.206568e-01 1.000000e-01 1.597507e+00 -0.991908 0.012752 0.040855 0.706390 0.210263 0.021648 0.991908 -0.005803 -0.028736 -0.929342 0.000000 
1.250000e-01 1.003099e-01 9.749871e-02 1.206568e-01 1.000000e-01 1.597507e+00 -0.991908 0.012752 0.040855 0.706390 0.210263 0.021648 0.991908 -0.005803 -0.028736 -0.929342 0.000000 
1.250000e-01 1.003099e-01 9.749871e-02 1.206568e-01 1.000000e-01 1.597507e+00 -0.991908 0.012752 0.040855 0.706390 0.210263 0.021648 0.991908 -0.005803 -0.028736 -0.929342 0.000000 
1.250000e-01 1.003099e-01 9.749871e-02 1.206568e-01 1.000000e-01 1.597507e+00 -0.991908 0.012752 0.040855 0.706390 0.210263 0.021648 0.991908 -0.005803 -0.028736 -0.929342 0.000000 
1.250000e-01 1.003099e-01 9.749871e-02 1.206568e-01 1.000000e-01 1.597507e+00 -0.991908 0.012752 0.040855 0.706390 0.210263 0.021648 0.991908 -0.005803 -0.028736 -0.929342 0.000000 
1.250000e-01 1.003099e-01 9.749871e-02 1.206568e-01 1.000000e-01 1.597507e+00 -0.991908 0.012752 0.040855 0.706390 0.210263 0.021648 0.991908 -0.005803 -0.028736 -0.929342 0.000000 
1.250000e-01 1.003099e-01 9.749871e-02 1.206568e-01 1.000000e-01 1.597507e+00 -0.991908 0.012752 0.040855 0.706390 0.210263 0.021648 0.991908 -0.005803 -0.028736 -0.929342 0.000000 
1.250000e-01 1.003099e-01 9.749871e-02 1.206568e-01 1.000000e-01 1.597507e+00 -0.991908 0.012752 0.040855 0.706390 0.210263 0.021648 0.991908 -0.005803 -0.028736 -0.929342 0.000000 
1.250000e-01 1.003099e-01 9.749871e-02 1.206568e-01 1.000000e-01 1.597507e+00 -0.991908 0.012752 0.040855 0.706390 0.210263 0.021648 0.991908 -0.005803 -0.028736 -0.929342 0.000000 
1.250000e-01 1.003099e-01 9.749871e-02 1.206568e-01 1.000000e-01 1.597507e+00 -0.991908 0.012752 0.040855 0.706390 0.210263 0.021648 0.991908 -0.005803 -0.028736 -0.929342 0.000000 
1.250000e-01 1.003099e-01 9.749871e-02 1.206568e-01 1.000000e-01 1.597507e+00 -0.991908 0.012752 0.040855 0.706390 0.210263 0.021648 0.991908 -0.005803 -0.028736 -0.929342 0.000000 
1.250000e-01 1.003099e-01 9.749871e-02 1.206568e-01 1.000000e-01 1.597507e+00 -0.991908 0.012752 0.040855 0.706390 0.210263 0.021648 0.991908 -0.005803 -0.028736 -0.929342 0.000000 
1.250000e-01 1.003099e-01 9.749871e-02 1.206568e-01 1.000000e-01 1.597507e+00 -0.991908 0.012752 0.040855 0.706390 0.210263 0.021648 0.991908 -0.005803 -0.028736 -0.929342 0.000000 
1.250000e-01 1.003099e-01 9.749871e-02 1.206568e-01 1.000000e-01 1.597507e+00 -0.991908 0.012752 0.040855 0.706390 0.210263 0.021648 0.991908 -0.005803 -0.028736 -0.929342 0.000000 
1.250000e-01 1.003099e-01 9.749871e-02 1.206568e-01 1.000000e-01 1.597507e+00 -0.991908 0.012752 0.040855 0.706390 0.210263 0.021648 0.991908 -0.005803 -0.028736 -0.929342 0.000000 
1.250000e-01 1.003099e-01 9.749871e-02 1.206568e-01 1.000000e-01 1.597507e+00 -0.991908 0.012752 0.040855 0.706390 0.210263 0.021648 0.991908 -0.005803 -0.028736 -0.929342 0.000000 
1.250000e-01 1.003099e-01 9.749871e-02 1.206568e-01 1.000000e-01 1.597507e+00 -0.991908 0.012752 0.040855 0.706390 0.210263 0.021648 0.991908 -0.005803 -0.028736 -0.929342 0.000000 
1.250000e-01 1.003099e-01 9.749871e-02 1.206568e-01 1.000000e-01 1.597507e+00 -0.991908 0.012752 0.040855 0.706390 0.210263 0.021648 0.991908 -0.005803 -0.028736 -0.929342 0.000000 
1.250000e-01 1.003099e-01 9.749871e-02 1.206568e-01 1.000000e-01 1.597507e+00 -0.991908 0.012752 0.040855 0.706390 0.210263 0.021648 0.991908 -0.005803 -0.028736 -0.929342 0.000000 
1.250000e-01 1.003099e-01 9.749871e-02 1.206568e-01 1.000000e-01 1.597507e+00 -0.991908 0.012752 0.040855 0.706390 0.210263 0.021648 0.991908 -0.005803 -0.028736 -0.929342 0.000000 
1.250000e-01 1.003099e-01 9.749871e-02 1.206568e-01 1.000000e-01 1.597507e+00 -0.991908 0.012752 0.040855 0.706390 0.210263 0.021648 0.991908 -0.005803 -0.028736 -0.929342 0.000000 
1.250000e-01 1.003099e-01 9.749871e-02 1.206568e-01 1.000000e-01 1.597507e+00 -0.991908 0.012752 0.040855 0.706390 0.210263 0.021648 0.991908 -0.005803 -0.028736 -0.929342 0.000000 
1.250000e-01 1.003099e-01 9.749871e-02 1.206568e-01 1.000000e-01 1.597507e+00 -0.991908 0.012752 0.040855 0.706390 0.210263 0.021648 0.991908 -0.005803 -0.028736 -0.929342 0.000000 
1.250000e-01 1.003099e-01 9.749871e-02 1.206568e-01 1.000000e-01 1.597507e+00 -0.991908 0.012752 0.040855 0.706390 0.210263 0.021648 0.991908 -0.005803 -0.028736 -0.929342 0.000000 
1.250000e-01 1.003099e-01 9.749871e-02 1.206568e-01 1.000000e-01 1.597507e+00 -0.991908 0.012752 0.040855 0.706390 0.210263 0.021648 0.991908 -0.005803 -0.028736 -0.929342 0.000000 
1.250000e-01 1.003099e-01 9.749871e-02 1.206568e-01 1.000000e-01 1.597507e+00 -0.991908 0.012752 0.040855 0.706390 0.210263 0.021648 0.991908 -0.005803 -0.028736 -0.929342 0.000000 
1.250000e-01 1.003099e-01 9.749871e-02 1.206568e-01 1.000000e-01 1.597507e+00 -0.991908 0.012752 0.040855 0.706390 0.210263 0.021648 0.991908 -0.005803 -0.028736 -0.929342 0.000000 
1.250000e-01 1.003099e-01 9.749871e-02 1.206568e-01 1.000000e-01 1.597507e+00 -0.991908 0.012752 0.040855 0.706390 0.210263 0.021648 0.991908 -0.005803 -0.028736 -0.929342 0.000000 
1.250000e-01 1.003099e-01 9.749871e-02 1.206568e-01 1.000000e-01 1.597507e+00 -0.991908 0.012752 0.040855 0.706390 0.210263 0.021648 0.991908 -0.005803 -0.028736 -0.929342 0.000000 
1.250000e-01 1.003099e-01 9.749871e-02 1.206568e-01 1.000000e-01 1.597507e+00 -0.991908 0.012752 0.040855 0.706390 0.210263 0.021648 0.991908 -0.005803 -0.028736 -0.929342 0.000000 
1.250000e-01 1.003099e-01 9.749871e-02 1.206568e-01 1.000000e-01 1.597507e+00 -0.991908 0.012752 0.040855 0.706390 0.210263 0.021648 0.991908 -0.005803 -0.028736 -0.929342 0.000000 
1.250000e-01 1.003099e-01 9.749871e-02 1.206568e-01 1.000000e-01 1.597507e+00 -0.991908 0.012752 0.040855 0.706390 0.210263 0.021648 0.991908 -0.005803 -0.028736 -0.929342 0.000000 
1.250000e-01 1.003099e-01 9.749871e-02 1.206568e-01 1.000000e-01 1.597507e+00 -0.991908 0.012752 0.040855 0.706390 0.210263 0.021648 0.991908 -0.005803 -0.028736 -0.929342 0.000000 
1.250000e-01 1.003099e-01 9.749871e-02 1.206568e-01 1.000000e-01 1.597507e+00 -0.991908 0.012752 0.040855 0.706390 0.210263 0.021648 0.991908 -0.005803 -0.028736 -0.929342 0.000000 
1.250000e-01 1.003099e-01 9.749871e-02 1.206568e-01 1.000000e-01 1.597507e+00 -0.991908 0.012752 0.040855 0.706390 0.210263 0.021648 0.991908 -0.005803 -0.028736 -0.929342 0.000000 
1.250000e-01 1.003099e-01 9.749871e-02 1.206568e-01 1.000000e-01 1.597507e+00 -0.991908 0.012752 0.040855 0.706390 0.210263 0.021648 0.991908 -0.005803 -0.028736 -0.929342 0.000000 
1.250000e-01 1.003099e-01 9.749871e-02 1.206568e-01 1.000000e-01 1.597507e+00 -0.991908 0.012752 0.040855 0.706390 0.210263 0.021648 0.991908 -0.005803 -0.028736 -0.929342 0.000000 
1.250000e-01 1.003099e-01 9.749871e-02 1.206568e-01 1.000000e-01 1.597507e+00 -0.991908 0.012752 0.040855 0.706390 0.210263 0.021648 0.991908 -0.005803 -0.028736 -0.929342 0.000000 
1.250000e-01 1.003099e-01 9.749871e-02 1.206568e-01 1.000000e-01 1.597507e+00 -0.991908 0.012752 0.040855 0.706390 0.210263 0.021648 0.991908 -0.005803 -0.028736 -0.929342 0.000000 
1.250000e-01 1.003099e-01 9.749871e-02 1.206568e-01 1.000000e-01 1.597507e+00 -0.991908 0.012752 0.040855 0.706390 0.210263 0.021648 0.991908 -0.005803 -0.028736 -0.929342 0.000000 
1.250000e-01 1.003099e-01 9.749871e-02 1.206568e-01 1.000000e-01 1.597507e+00 -0.991908 0.012752 0.040855 0.706390 0.210263 0.021648 0.991908 -0.005803 -0.028736 -0.929342 0.000000 
1.250000e-01 1.003099e-01 9.749871e-02 1.206568e-01 1.000000e-01 1.597507e+00 -0.991908 0.012752 0.040855 0.706390 0.210263 0.021648 0.991908 -0.005803 -0.028736 -0.929342 0.000000 
1.250000e-01 1.003099e-01 9.749871e-02 1.206568e-01 1.000000e-01 1.597507e+00 -0.991908 0.012752 0.040855 0.706390 0.210263 0.021648 0.991908 -0.005803 -0.028736 -0.929342 0.000000 
1.250000e-01 1.003099e-01 9.749871e-02 1.206568e-01 1.000000e-01 1.597507e+00 -0.991908 0.012752 0.040855 0.706390 0.210263 0.021648 0.991908 -0.005803 -0.028736 -0.929342 0.000000 
1.250000e-01 1.003099e-01 9.749871e-02 1.206568e-01 1.000000e-01 1.597507e+00 -0.991908 0.012752 0.040855 0.706390 0.210263 0.021648 0.991908 -0.005803 -0.028736 -0.929342 0.000000 
1.250000e-01 1.003099e-01 9.749871e-02 1.206568e-01 1.000000e-01 1.597507e+00 -0.991908 0.012752 0.040855 0.706390 0.210263 0.021648 0.991908 -0.005803 -0.028736 -0.929342 0.000000 
1.250000e-01 1.003099e-01 9.749871e-02 1.206568e-01 1.000000e-01 1.597507e+00 -0.991908 0.012752 0.040855 0.706390 0.210263 0.021648 0.991908 -0.005803 -0.028736 -0.929342 0.000000 
1.250000e-01 1.003099e-01 9.749871e-02 1.206568e-01 1.000000e-01 1.597507e+00 -0.991908 0.012752 0.040855 0.706390 0.210263 0.021648 0.991908 -0.005803 -0.028736 -0.929342 0.000000 
1.250000e-01 1.003099e-01 9.749871e-02 1.206568e-01 1.000000e-01 1.597507e+00 -0.991908 0.012752 0.040855 0.706390 0.210263 0.021648 0.991908 -0.005803 -0.028736 -0.929342 0.000000 
1.250000e-01 1.003099e-01 9.749871e-02 1.206568e-01 1.000000e-01 1.597507e+00 -0.991908 0.012752 0.040855 0.706390 0.210263 0.021648 0.991908 -0.005803 -0.028736 -0.929342 0.000000 
1.250000e-01 1.003099e-01 9.749871e-02 1.206568e-01 1.000000e-01 1.597507e+00 -0.991908 0.012752 0.040855 0.706390 0.210263 0.021648 0.991908 -0.005803 -0.028736 -0.929342 0.000000 
1.250000e-01 1.003099e-01 9.749871e-02 1.206568e-01 1.000000e-01 1.597507e+00 -0.991908 0.012752 0.040855 0.706390 0.210263 0.021648 0.991908 -0.005803 -0.028736 -0.929342 0.000000 
1.250000e-01 1.003099e-01 9.749871e-02 1.206568e-01 1.000000e-01 1.597507e+00 -0.991908 0.012752 0.040855 0.706390 0.210263 0.021648 0.991908 -0.005803 -0.028736 -0.929342 0.000000 
1.250000e-01 1.003099e-01 9.749871e-02 1.206568e-01 1.000000e-01 1.597507e+00 -0.991908 0.012752 0.040855 0.706390 0.210263 0.021648 0.991908 -0.005803 -0.028736 -0.929342 0.000000 
1.250000e-01 1.003099e-01 9.749871e-02 1.206568e-01 1.000000e-01 1.597507e+00 -0.991908 0.012752 0.040855 0.706390 0.210263 0.021648 0.991908 -0.005803 -0.028736 -0.929342 0.000000 
1.250000e-01 1.003099e-01 9.749871e-02 1.206568e-01 1.000000e-01 1.597507e+00 -0.991908 0.012752 0.040855 0.706390 0.210263 0.021648 0.991908 -0.005803 -0.028736 -0.929342 0.000000 
1.250000e-01 1.003099e-01 9.749871e-02 1.206568e-01 1.000000e-01 1.597507e+00 -0.991908 0.012752 0.040855 0.706390 0.210263 0.021648 0.991908 -0.005803 -0.028736 -0.929342 0.000000 
1.250000e-01 1.003099e-01 9.749871e-02 1.206568e-01 1.000000e-01 1.597507e+00 -0.991908 0.012752 0.040855 0.706390 0.210263 0.021648 0.991908 -0.005803 -0.028736 -0.929342 0.000000 
1.250000e-01 1.003099e-01 9.749871e-02 1.206568e-01 1.000000e-01 1.597507e+00 -0.991908 0.012752 0.040855 0.706390 0.210263 0.021648 0.991908 -0.005803 -0.028736 -0.929342 0.000000 
1.250000e-01 1.003099e-01 9.749871e-02 1.206568e-01 1.000000e-01 1.597507e+00 -0.991908 0.012752 0.040855 0.706390 0.210263 0.021648 0.991908 -0.005803 -0.028736 -0.929342 0.000000 
1.250000e-01 1.003099e-01 9.749871e-02 1.206568e-01 1.000000e-01 1.597507e+00 -0.991908 0.012752 0.040855 0.706390 0.210263 0.021648 0.991908 -0.005803 -0.028736 -0.929342 0.000000 
1.250000e-01 1.003099e-01 9.749871e-02 1.206568e-01 1.000000e-01 1.597507e+00 -0.991908 0.012752 0.040855 0.706390 0.210263 0.021648 0.991908 -0.005803 -0.028736 -0.929342 0.000000 
1.250000e-01 1.003099e-01 9.749871e-02 1.206568e-01 1.000000e-01 1.597507e+00 -0.991908 0.012752 0.040855 0.706390 0.210263 0.021648 0.991908 -0.005803 -0.028736 -0.929342 0.000000 
1.250000e-01 1.003099e-01 9.749871e-02 1.206568e-01 1.000000e-01 1.597507e+00 -0.991908 0.012752 0.040855 0.706390 0.210263 0.021648 0.991908 -0.005803 -0.028736 -0.929342 0.000000 
1.250000e-01 1.003099e-01 9.749871e-02 1.206568e-01 1.000000e-01 1.597507e+00 -0.991908 0.012752 0.040855 0.706390 0.210263 0.021648 0.991908 -0.005803 -0.028736 -0.929342 0.000000 
1.250000e-01 1.003099e-01 9.749871e-02 1.206568e-01 1.000000e-01 1.597507e+00 -0.991908 0.012752 0.040855 0.706390 0.210263 0.021648 0.991908 -0.005803 -0.028736 -0.929342 0.000000 
1.250000e-01 1.003099e-01 9.749871e-02 1.206568e-01 1.000000e-01 1.597507e+00 -0.991908 0.012752 0.040855 0.706390 0.210263 0.021648 0.991908 -0.005803 -0.028736 -0.929342 0.000000 
1.250000e-01 1.003099e-01 9.749871e-02 1.206568e-01 1.000000e-01 1.597507e+00 -0.991908 0.012752 0.040855 0.706390 0.210263 0.021648 0.991908 -0.005803 -0.028736 -0.929342 0.000000 
1.250000e-01 1.003099e-01 9.749871e-02 1.206568e-01 1.000000e-01 1.597507e+00 -0.991908 0.012752 0.040855 0.706390 0.210263 0.021648 0.991908 -0.005803 -0.028736 -0.929342 0.000000 
1.250000e-01 1.003099e-01 9.749871e-02 1.206568e-01 1.000000e-01 1.597507e+00 -0.991908 0.012752 0.040855 0.706390 0.210263 0.021648 0.991908 -0.005803 -0.028736 -0.929342 0.000000 
1.250000e-01 1.003099e-01 9.749871e-02 1.206568e-01 1.000000e-01 1.597507e+00 -0.991908 0.012752 0.040855 0.706390 0.210263 0.021648 0.991908 -0.005803 -0.028736 -0.929342 0.000000 
1.250000e-01 1.003099e-01 9.749871e-02 1.206568e-01 1.000000e-01 1.597507e+00 -0.991908 0.012752 0.040855 0.706390 0.210263 0.021648 0.991908 -0.005803 -0.028736 -0.929342 0.000000 
1.250000e-01 1.003099e-01 9.749871e-02 1.206568e-01 1.000000e-01 1.597507e+00 -0.991908 0.012752 0.040855 0.706390 0.210263 0.021648 0.991908 -0.005803 -0.028736 -0.929342 0.000000 
1.250000e-01 1.003099e-01 9.749871e-02 1.206568e-01 1.000000e-01 1.597507e+00 -0.991908 0.012752 0.040855 0.706390 0.210263 0.021648 0.991908 -0.005803 -0.028736 -0.929342 0.000000 
1.250000e-01 1.003099e-01 9.749871e-02 1.206568e-01 1.000000e-01 1.597507e+00 -0.991908 0.012752 0.040855 0.706390 0.210263 0.021648 0.991908 -0.005803 -0.028736 -0.929342 0.000000 
1.250000e-01 1.003099e-01 9.749871e-02 1.206568e-01 1.000000e-01 1.597507e+00 -0.991908 0.012752 0.040855 0.706390 0.210263 0.021648 0.991908 -0.005803 -0.028736 -0.929342 0.000000 
1.250000e-01 1.003099e-01 9.749871e-02 1.206568e-01 1.000000e-01 1.597507e+00 -0.991908 0.012752 0.040855 0.706390 0.210263 0.021648 0.991908 -0.005803 -0.028736 -0.929342 0.000000 
1.250000e-01 1.003099e-01 9.749871e-02 1.206568e-01 1.000000e-01 1.597507e+00 -0.991908 0.012752 0.040855 0.706390 0.210263 0.021648 0.991908 -0.005803 -0.028736 -0.929342 0.000000 
1.250000e-01 1.003099e-01 9.749871e-02 1.206568e-01 1.000000e-01 1.597507e+00 -0.991908 0.012752 0.040855 0.706390 0.210263 0.021648 0.991908 -0.005803 -0.028736 -0.929342 0.000000 
1.250000e-01 1.003099e-01 9.749871e-02 1.206568e-01 1.000000e-01 1.597507e+00 -0.991908 0.012752 0.040855 0.706390 0.210263 0.021648 0.991908 -0.005803 -0.028736 -0.929342 0.000000 
1.250000e-01 1.003099e-01 9.749871e-02 1.206568e-01 1.000000e-01 1.597507e+00 -0.991908 0.012752 0.040855 0.706390 0.210263 0.021648 0.991908 -0.005803 -0.028736 -0.929342 0.000000 
