# TeX TeY TeZ ThX ThY THZ P1 P2
9.500000e-02 1.000000e-01 4.400000e-01 9.500000e-02 1.000000e-01 4.400000e-01 0.000000 0.000000 0.000000 0.000000 0.000000 0.000000 0.000000 0.000000 0.000000 0.000000 0.000000 
9.500000e-02 9.999981e-02 4.272288e-01 9.499988e-02 1.000000e-01 4.489370e-01 -0.014342 0.001841 0.003682 0.003686 0.003706 0.001428 0.014342 -0.001838 -0.003682 -0.003690 0.000000 
9.500000e-02 9.999957e-02 4.144246e-01 9.499977e-02 1.000000e-01 4.578646e-01 -0.028700 0.003683 0.007368 0.007375 0.007416 0.002858 0.028700 -0.003678 -0.007369 -0.007386 0.000000 
9.500000e-02 9.999928e-02 4.015878e-01 9.499968e-02 1.000000e-01 4.667830e-01 -0.043073 0.005528 0.011058 0.011069 0.011129 0.004289 0.043073 -0.005518 -0.011059 -0.011088 0.000000 
9.500000e-02 9.999893e-02 3.887186e-01 9.499960e-02 1.000000e-01 4.756919e-01 -0.057461 0.007375 0.014752 0.014766 0.014847 0.005722 0.057461 -0.007359 -0.014754 -0.014797 0.000000 
9.500000e-02 9.999850e-02 3.758173e-01 9.499954e-02 1.000000e-01 4.845913e-01 -0.071865 0.009223 0.018450 0.018467 0.018568 0.007156 0.071865 -0.009199 -0.018452 -0.018516 0.000000 
9.500000e-02 9.999798e-02 3.628841e-01 9.499947e-02 1.000000e-01 4.934811e-01 -0.086283 0.011074 0.022152 0.022172 0.022294 0.008591 0.086283 -0.011036 -0.022155 -0.022247 0.000000 
9.500000e-02 9.999733e-02 3.499193e-01 9.499942e-02 1.000000e-01 5.023612e-01 -0.100715 0.012926 0.025857 0.025881 0.026023 0.010028 0.100715 -0.012869 -0.025862 -0.025995 0.000000 
9.500000e-02 9.999655e-02 3.369231e-01 9.499938e-02 1.000000e-01 5.112317e-01 -0.115162 0.014780 0.029566 0.029594 0.029756 0.011467 0.115162 -0.014693 -0.029573 -0.029768 0.000000 
9.500000e-02 9.999558e-02 3.238958e-01 9.499934e-02 1.000000e-01 5.200923e-01 -0.129623 0.016636 0.033279 0.033310 0.033492 0.012907 0.129623 -0.016503 -0.033289 -0.033575 0.000000 
9.500000e-02 9.999440e-02 3.108377e-01 9.499930e-02 1.000000e-01 5.289430e-01 -0.144098 0.018494 0.036995 0.037029 0.037232 0.014348 0.144098 -0.018291 -0.037011 -0.037433 0.000000 
9.500000e-02 9.999296e-02 2.977488e-01 9.499927e-02 1.000000e-01 5.377838e-01 -0.158586 0.020353 0.040715 0.040752 0.040976 0.015791 0.158586 -0.020044 -0.040739 -0.041369 0.000000 
9.500000e-02 9.999119e-02 2.846296e-01 9.499924e-02 1.000000e-01 5.466144e-01 -0.173088 0.022215 0.044438 0.044479 0.044723 0.017235 0.173088 -0.021745 -0.044475 -0.045418 0.000000 
9.500000e-02 9.998902e-02 2.714802e-01 9.499922e-02 1.000000e-01 5.554350e-01 -0.187603 0.024078 0.048164 0.048209 0.048473 0.018680 0.187604 -0.023360 -0.048220 -0.049646 0.000000 
9.500000e-02 9.998638e-02 2.583009e-01 9.499920e-02 1.000000e-01 5.642453e-01 -0.202132 0.025942 0.051894 0.051942 0.052227 0.020127 0.202132 -0.024846 -0.051976 -0.054142 0.000000 
9.500000e-02 9.998315e-02 2.450918e-01 9.499918e-02 1.000000e-01 5.730453e-01 -0.216673 0.027809 0.055628 0.055679 0.055984 0.021575 0.216673 -0.026141 -0.055746 -0.059040 0.000000 
9.500000e-02 9.997923e-02 2.318531e-01 9.499917e-02 1.000000e-01 5.818349e-01 -0.231227 0.029677 0.059364 0.059419 0.059745 0.023024 0.231228 -0.027125 -0.059530 -0.064593 0.000000 
9.500000e-02 9.997449e-02 2.185850e-01 9.499915e-02 1.000000e-01 5.906140e-01 -0.245795 0.031546 0.063104 0.063163 0.063509 0.024474 0.245795 -0.027656 -0.063322 -0.071124 0.000000 
9.500000e-02 9.996881e-02 2.052877e-01 9.499914e-02 1.000000e-01 5.993825e-01 -0.260375 0.033417 0.066847 0.066909 0.067276 0.025926 0.260375 -0.027505 -0.067097 -0.079180 0.000000 
9.500000e-02 9.996211e-02 1.919613e-01 9.499913e-02 1.000000e-01 6.081403e-01 -0.274968 0.035290 0.070594 0.070659 0.071046 0.027379 0.274968 -0.026292 -0.070772 -0.089751 0.000000 
9.500000e-02 9.995437e-02 1.786057e-01 9.499912e-02 1.000000e-01 6.168874e-01 -0.289574 0.037165 0.074344 0.074413 0.074821 0.028833 0.289575 -0.023567 -0.074140 -0.104232 0.000000 
9.500000e-02 9.994583e-02 1.652209e-01 9.499912e-02 1.000000e-01 6.256237e-01 -0.304195 0.039041 0.078098 0.078170 0.078598 0.030289 0.304195 -0.018673 -0.076678 -0.125110 0.000000 
9.500000e-02 9.993759e-02 1.518060e-01 9.499911e-02 1.000000e-01 6.343490e-01 -0.318833 0.040920 0.081856 0.081932 0.082381 0.031747 0.318834 -0.010645 -0.076935 -0.157367 0.000000 
9.500000e-02 9.993402e-02 1.383560e-01 9.499910e-02 1.000000e-01 6.430632e-01 -0.333505 0.042803 0.085622 0.085702 0.086171 0.033208 0.333505 0.001372 -0.071572 -0.209355 0.000000 
9.500000e-02 9.995466e-02 1.248472e-01 9.499910e-02 1.000000e-01 6.517663e-01 -0.348280 0.044700 0.089416 0.089499 0.089989 0.034679 0.348281 0.018317 -0.052448 -0.298298 0.000000 
9.500000e-02 1.000716e-01 1.111738e-01 9.499909e-02 1.000000e-01 6.604582e-01 -0.363523 0.046656 0.093329 0.093416 0.093927 0.036197 0.363523 0.041618 0.002752 -0.466384 0.000000 
9.500000e-02 1.003105e-01 9.749543e-02 9.499909e-02 1.000000e-01 6.691387e-01 -0.380028 0.048774 0.097566 0.097657 0.098192 0.037840 0.380028 0.072736 0.128396 -0.772195 0.000000 
9.500000e-02 1.003105e-01 9.749543e-02 9.499909e-02 1.000000e-01 6.778079e-01 -0.385755 0.049509 0.099037 0.099129 0.099672 0.038410 0.385756 0.072001 0.126925 -0.773667 0.000000 
9.500000e-02 1.003105e-01 9.749543e-02 9.499908e-02 1.000000e-01 6.864654e-01 -0.391475 0.050243 0.100505 0.100599 0.101150 0.038980 0.391476 0.071267 0.125457 -0.775137 0.000000 
9.500000e-02 1.003105e-01 9.749543e-02 9.499908e-02 1.000000e-01 6.951114e-01 -0.397187 0.050976 0.101972 0.102066 0.102626 0.039549 0.397188 0.070534 0.123990 -0.776605 0.000000 
9.500000e-02 1.003105e-01 9.749543e-02 9.499908e-02 1.000000e-01 7.037456e-01 -0.402892 0.051709 0.103436 0.103532 0.104100 0.040117 0.402892 0.069802 0.122526 -0.778071 0.000000 
9.500000e-02 1.003105e-01 9.749543e-02 9.499908e-02 1.000000e-01 7.123679e-01 -0.408588 0.052440 0.104899 0.104996 0.105571 0.040684 0.408589 0.069071 0.121063 -0.779535 0.000000 
9.500000e-02 1.003105e-01 9.749543e-02 9.499907e-02 1.000000e-01 7.209783e-01 -0.414277 0.053170 0.106359 0.106458 0.107041 0.041250 0.414278 0.068341 0.119603 -0.780997 0.000000 
9.500000e-02 1.003105e-01 9.749543e-02 9.499907e-02 1.000000e-01 7.295766e-01 -0.419958 0.053899 0.107818 0.107918 0.108509 0.041816 0.419958 0.067612 0.118144 -0.782456 0.000000 
9.500000e-02 1.003105e-01 9.749543e-02 9.499907e-02 1.000000e-01 7.381628e-01 -0.425630 0.054627 0.109274 0.109375 0.109975 0.042381 0.425631 0.066884 0.116688 -0.783914 0.000000 
9.500000e-02 1.003105e-01 9.749543e-02 9.499907e-02 1.000000e-01 7.467367e-01 -0.431295 0.055354 0.110729 0.110831 0.111438 0.042945 0.431296 0.066157 0.115234 -0.785370 0.000000 
9.500000e-02 1.003105e-01 9.749543e-02 9.499907e-02 1.000000e-01 7.552981e-01 -0.436951 0.056080 0.112181 0.112285 0.112900 0.043508 0.436952 0.065431 0.113782 -0.786823 0.000000 
9.500000e-02 1.003105e-01 9.749543e-02 9.499907e-02 1.000000e-01 7.638471e-01 -0.442599 0.056805 0.113631 0.113736 0.114359 0.044070 0.442600 0.064706 0.112332 -0.788275 0.000000 
9.500000e-02 1.003105e-01 9.749543e-02 9.499907e-02 1.000000e-01 7.723835e-01 -0.448239 0.057529 0.115079 0.115185 0.115816 0.044632 0.448240 0.063982 0.110884 -0.789724 0.000000 
9.500000e-02 1.003105e-01 9.749543e-02 9.499907e-02 1.000000e-01 7.809071e-01 -0.453871 0.058251 0.116525 0.116632 0.117271 0.045193 0.453871 0.063259 0.109438 -0.791171 0.000000 
9.500000e-02 1.003105e-01 9.749543e-02 9.499907e-02 1.000000e-01 7.894178e-01 -0.459494 0.058973 0.117968 0.118077 0.118724 0.045753 0.459494 0.062538 0.107994 -0.792616 0.000000 
9.500000e-02 1.003105e-01 9.749543e-02 9.499907e-02 1.000000e-01 7.979156e-01 -0.465108 0.059694 0.119409 0.119520 0.120175 0.046312 0.465108 0.061817 0.106553 -0.794059 0.000000 
9.500000e-02 1.003105e-01 9.749543e-02 9.499907e-02 1.000000e-01 8.064003e-01 -0.470713 0.060413 0.120849 0.120961 0.121623 0.046870 0.470714 0.061098 0.105114 -0.795499 0.000000 
9.500000e-02 1.003105e-01 9.749543e-02 9.499907e-02 1.000000e-01 8.148717e-01 -0.476310 0.061131 0.122286 0.122399 0.123069 0.047427 0.476311 0.060379 0.103677 -0.796937 0.000000 
9.500000e-02 1.003105e-01 9.749543e-02 9.499907e-02 1.000000e-01 8.233298e-01 -0.481898 0.061849 0.123720 0.123835 0.124513 0.047983 0.481899 0.059662 0.102242 -0.798373 0.000000 
9.500000e-02 1.003105e-01 9.749543e-02 9.499907e-02 1.000000e-01 8.317745e-01 -0.487478 0.062565 0.125153 0.125269 0.125955 0.048539 0.487478 0.058946 0.100810 -0.799807 0.000000 
9.500000e-02 1.003105e-01 9.749543e-02 9.499907e-02 1.000000e-01 8.402055e-01 -0.493048 0.063280 0.126583 0.126700 0.127394 0.049094 0.493048 0.058231 0.099380 -0.801238 0.000000 
9.500000e-02 1.003105e-01 9.749543e-02 9.499907e-02 1.000000e-01 8.486228e-01 -0.498609 0.063993 0.128010 0.128129 0.128831 0.049647 0.498610 0.057517 0.097952 -0.802667 0.000000 
9.500000e-02 1.003105e-01 9.749543e-02 9.499907e-02 1.000000e-01 8.570262e-01 -0.504161 0.064706 0.129436 0.129556 0.130265 0.050200 0.504162 0.056805 0.096527 -0.804094 0.000000 
9.500000e-02 1.003105e-01 9.749543e-02 9.499907e-02 1.000000e-01 8.654156e-01 -0.509704 0.065417 0.130859 0.130980 0.131697 0.050752 0.509704 0.056094 0.095104 -0.805519 0.000000 
9.500000e-02 1.003105e-01 9.749543e-02 9.499907e-02 1.000000e-01 8.737909e-01 -0.515237 0.066127 0.132280 0.132402 0.133127 0.051303 0.515238 0.055383 0.093683 -0.806940 0.000000 
9.500000e-02 1.003105e-01 9.749543e-02 9.499907e-02 1.000000e-01 8.821519e-01 -0.520761 0.066836 0.133698 0.133821 0.134554 0.051853 0.520762 0.054674 0.092265 -0.808360 0.000000 
9.500000e-02 1.003105e-01 9.749543e-02 9.499907e-02 1.000000e-01 8.904985e-01 -0.526275 0.067544 0.135114 0.135238 0.135979 0.052402 0.526276 0.053967 0.090849 -0.809777 0.000000 
9.500000e-02 1.003105e-01 9.749543e-02 9.499907e-02 1.000000e-01 8.988306e-01 -0.531780 0.068251 0.136527 0.136653 0.137401 0.052950 0.531781 0.053260 0.089436 -0.811192 0.000000 
9.500000e-02 1.003105e-01 9.749543e-02 9.499907e-02 1.000000e-01 9.071479e-01 -0.537275 0.068956 0.137938 0.138065 0.138821 0.053497 0.537276 0.052555 0.088025 -0.812604 0.000000 
9.500000e-02 1.003105e-01 9.749543e-02 9.499907e-02 1.000000e-01 9.154504e-01 -0.542761 0.069660 0.139346 0.139475 0.140238 0.054043 0.542761 0.051851 0.086617 -0.814013 0.000000 
9.500000e-02 1.003105e-01 9.749543e-02 9.499907e-02 1.000000e-01 9.237379e-01 -0.548236 0.070363 0.140752 0.140882 0.141653 0.054589 0.548237 0.051148 0.085211 -0.815420 0.000000 
9.500000e-02 1.003105e-01 9.749543e-02 9.499907e-02 1.000000e-01 9.320103e-01 -0.553701 0.071064 0.142155 0.142286 0.143065 0.055133 0.553702 0.050447 0.083808 -0.816825 0.000000 
9.500000e-02 1.003105e-01 9.749543e-02 9.499907e-02 1.000000e-01 9.402673e-01 -0.559157 0.071764 0.143556 0.143688 0.144475 0.055676 0.559157 0.049747 0.082407 -0.818227 0.000000 
9.500000e-02 1.003105e-01 9.749543e-02 9.499907e-02 1.000000e-01 9.485089e-01 -0.564602 0.072463 0.144954 0.145087 0.145881 0.056218 0.564602 0.049048 0.081009 -0.819626 0.000000 
9.500000e-02 1.003105e-01 9.749543e-02 9.499907e-02 1.000000e-01 9.567350e-01 -0.570036 0.073161 0.146349 0.146484 0.147286 0.056759 0.570037 0.048350 0.079614 -0.821022 0.000000 
9.500000e-02 1.003105e-01 9.749543e-02 9.499907e-02 1.000000e-01 9.649452e-01 -0.575461 0.073857 0.147742 0.147878 0.148687 0.057299 0.575461 0.047654 0.078222 -0.822416 0.000000 
9.500000e-02 1.003105e-01 9.749543e-02 9.499907e-02 1.000000e-01 9.731395e-01 -0.580875 0.074552 0.149132 0.149269 0.150086 0.057838 0.580875 0.046959 0.076832 -0.823807 0.000000 
9.500000e-02 1.003105e-01 9.749543e-02 9.499907e-02 1.000000e-01 9.813178e-01 -0.586278 0.075246 0.150519 0.150657 0.151482 0.058376 0.586278 0.046266 0.075444 -0.825196 0.000000 
9.500000e-02 1.003105e-01 9.749543e-02 9.499907e-02 1.000000e-01 9.894797e-01 -0.591670 0.075938 0.151904 0.152043 0.152875 0.058913 0.591671 0.045574 0.074060 -0.826582 0.000000 
9.500000e-02 1.003105e-01 9.749543e-02 9.499907e-02 1.000000e-01 9.976253e-01 -0.597052 0.076629 0.153286 0.153426 0.154265 0.059449 0.597052 0.044883 0.072678 -0.827965 0.000000 
9.500000e-02 1.003105e-01 9.749543e-02 9.499907e-02 1.000000e-01 1.005754e+00 -0.602422 0.077318 0.154665 0.154806 0.155652 0.059983 0.602423 0.044194 0.071300 -0.829345 0.000000 
9.500000e-02 1.003105e-01 9.749543e-02 9.499907e-02 1.000000e-01 1.013866e+00 -0.607782 0.078006 0.156041 0.156183 0.157037 0.060517 0.607783 0.043506 0.069924 -0.830722 0.000000 
9.500000e-02 1.003105e-01 9.749543e-02 9.499907e-02 1.000000e-01 1.021962e+00 -0.613130 0.078693 0.157414 0.157558 0.158418 0.061049 0.613131 0.042819 0.068550 -0.832096 0.000000 
9.500000e-02 1.003105e-01 9.749543e-02 9.499907e-02 1.000000e-01 1.030040e+00 -0.618467 0.079378 0.158785 0.158929 0.159797 0.061580 0.618468 0.042134 0.067180 -0.833468 0.000000 
9.500000e-02 1.003105e-01 9.749543e-02 9.499907e-02 1.000000e-01 1.038101e+00 -0.623793 0.080062 0.160152 0.160298 0.161173 0.062110 0.623794 0.041451 0.065813 -0.834836 0.000000 
9.500000e-02 1.003105e-01 9.749543e-02 9.499907e-02 1.000000e-01 1.046144e+00 -0.629107 0.080744 0.161517 0.161663 0.162545 0.062639 0.629108 0.040769 0.064449 -0.836202 0.000000 
9.500000e-02 1.003105e-01 9.749543e-02 9.499906e-02 1.000000e-01 1.054170e+00 -0.634409 0.081425 0.162879 0.163026 0.163915 0.063167 0.634410 0.040088 0.063087 -0.837564 0.000000 
9.500000e-02 1.003105e-01 9.749543e-02 9.499906e-02 1.000000e-01 1.062177e+00 -0.639700 0.082104 0.164238 0.164385 0.165281 0.063693 0.639701 0.039409 0.061729 -0.838924 0.000000 
9.500000e-02 1.003105e-01 9.749543e-02 9.499906e-02 1.000000e-01 1.070167e+00 -0.644979 0.082782 0.165594 0.165742 0.166644 0.064219 0.644979 0.038732 0.060374 -0.840280 0.000000 
9.500000e-02 1.003105e-01 9.749543e-02 9.499906e-02 1.000000e-01 1.078139e+00 -0.650245 0.083459 0.166946 0.167095 0.168004 0.064743 0.650246 0.038056 0.059022 -0.841634 0.000000 
9.500000e-02 1.003105e-01 9.749543e-02 9.499906e-02 1.000000e-01 1.086092e+00 -0.655500 0.084134 0.168296 0.168445 0.169361 0.065265 0.655500 0.037382 0.057673 -0.842984 0.000000 
9.500000e-02 1.003105e-01 9.749543e-02 9.499905e-02 1.000000e-01 1.094026e+00 -0.660742 0.084807 0.169643 0.169792 0.170715 0.065787 0.660742 0.036709 0.056327 -0.844331 0.000000 
9.500000e-02 1.003105e-01 9.749543e-02 9.499905e-02 1.000000e-01 1.101942e+00 -0.665971 0.085479 0.170987 0.171136 0.172065 0.066307 0.665972 0.036038 0.054984 -0.845675 0.000000 
9.500000e-02 1.003105e-01 9.749543e-02 9.499905e-02 1.000000e-01 1.109838e+00 -0.671188 0.086149 0.172327 0.172476 0.173411 0.066826 0.671189 0.035368 0.053645 -0.847016 0.000000 
9.500000e-02 1.003105e-01 9.749543e-02 9.499905e-02 1.000000e-01 1.117715e+00 -0.676393 0.086818 0.173665 0.173814 0.174755 0.067343 0.676393 0.034700 0.052309 -0.848353 0.000000 
9.500000e-02 1.003105e-01 9.749543e-02 9.499904e-02 1.000000e-01 1.125573e+00 -0.681584 0.087486 0.174999 0.175148 0.176094 0.067859 0.681585 0.034034 0.050976 -0.849687 0.000000 
9.500000e-02 1.003105e-01 9.749543e-02 9.499904e-02 1.000000e-01 1.133411e+00 -0.686763 0.088152 0.176330 0.176478 0.177430 0.068374 0.686763 0.033369 0.049646 -0.851018 0.000000 
9.500000e-02 1.003105e-01 9.749543e-02 9.499903e-02 1.000000e-01 1.141229e+00 -0.691928 0.088816 0.177658 0.177806 0.178763 0.068887 0.691928 0.032706 0.048320 -0.852345 0.000000 
9.500000e-02 1.003105e-01 9.749543e-02 9.499903e-02 1.000000e-01 1.149027e+00 -0.697080 0.089479 0.178983 0.179129 0.180092 0.069399 0.697080 0.032045 0.046998 -0.853669 0.000000 
9.500000e-02 1.003105e-01 9.749543e-02 9.499902e-02 1.000000e-01 1.156805e+00 -0.702218 0.090140 0.180305 0.180450 0.181417 0.069909 0.702219 0.031386 0.045678 -0.854989 0.000000 
9.500000e-02 1.003105e-01 9.749543e-02 9.499901e-02 1.000000e-01 1.164562e+00 -0.707343 0.090800 0.181623 0.181767 0.182738 0.070418 0.707344 0.030728 0.044363 -0.856306 0.000000 
9.500000e-02 1.003105e-01 9.749543e-02 9.499900e-02 1.000000e-01 1.172298e+00 -0.712454 0.091458 0.182938 0.183080 0.184055 0.070925 0.712455 0.030072 0.043051 -0.857620 0.000000 
9.500000e-02 1.003105e-01 9.749543e-02 9.499899e-02 1.000000e-01 1.180013e+00 -0.717552 0.092114 0.184251 0.184390 0.185368 0.071430 0.717552 0.029418 0.041742 -0.858930 0.000000 
9.500000e-02 1.003105e-01 9.749543e-02 9.499898e-02 1.000000e-01 1.187707e+00 -0.722635 0.092770 0.185560 0.185696 0.186677 0.071934 0.722635 0.028765 0.040437 -0.860236 0.000000 
9.500000e-02 1.003105e-01 9.749543e-02 9.499897e-02 1.000000e-01 1.195379e+00 -0.727703 0.093423 0.186866 0.186998 0.187982 0.072436 0.727704 0.028115 0.039136 -0.861538 0.000000 
9.500000e-02 1.003105e-01 9.749543e-02 9.499895e-02 1.000000e-01 1.203029e+00 -0.732758 0.094076 0.188168 0.188297 0.189282 0.072936 0.732758 0.027466 0.037838 -0.862837 0.000000 
9.500000e-02 1.003105e-01 9.749543e-02 9.499893e-02 1.000000e-01 1.210658e+00 -0.737798 0.094726 0.189468 0.189592 0.190578 0.073435 0.737798 0.026819 0.036544 -0.864132 0.000000 
9.500000e-02 1.003105e-01 9.749543e-02 9.499891e-02 1.000000e-01 1.218264e+00 -0.742823 0.095376 0.190765 0.190883 0.191869 0.073931 0.742823 0.026174 0.035254 -0.865424 0.000000 
9.500000e-02 1.003105e-01 9.749543e-02 9.499889e-02 1.000000e-01 1.225847e+00 -0.747833 0.096024 0.192058 0.192171 0.193156 0.074426 0.747834 0.025531 0.033968 -0.866711 0.000000 
9.500000e-02 1.003105e-01 9.749543e-02 9.499887e-02 1.000000e-01 1.233408e+00 -0.752828 0.096670 0.193349 0.193455 0.194437 0.074918 0.752829 0.024890 0.032685 -0.867995 0.000000 
9.500000e-02 1.003105e-01 9.749543e-02 9.499884e-02 1.000000e-01 1.240945e+00 -0.757808 0.097316 0.194637 0.194735 0.195714 0.075408 0.757808 0.024251 0.031407 -0.869274 0.000000 
9.500000e-02 1.003105e-01 9.749543e-02 9.499880e-02 1.000000e-01 1.248459e+00 -0.762772 0.097960 0.195922 0.196011 0.196985 0.075896 0.762773 0.023614 0.030132 -0.870550 0.000000 
9.500000e-02 1.003105e-01 9.749543e-02 9.499877e-02 1.000000e-01 1.255949e+00 -0.767721 0.098603 0.197204 0.197283 0.198250 0.076382 0.767721 0.022979 0.028862 -0.871822 0.000000 
9.500000e-02 1.003105e-01 9.749543e-02 9.499872e-02 1.000000e-01 1.263416e+00 -0.772654 0.099245 0.198484 0.198552 0.199510 0.076865 0.772654 0.022346 0.027595 -0.873089 0.000000 
9.500000e-02 1.003105e-01 9.749543e-02 9.499867e-02 1.000000e-01 1.270858e+00 -0.777571 0.099885 0.199761 0.199817 0.200764 0.077345 0.777571 0.021715 0.026333 -0.874353 0.000000 
9.500000e-02 1.003105e-01 9.749543e-02 9.499862e-02 1.000000e-01 1.278275e+00 -0.782471 0.100525 0.201036 0.201078 0.202012 0.077823 0.782472 0.021086 0.025075 -0.875612 0.000000 
9.500000e-02 1.003105e-01 9.749543e-02 9.499855e-02 1.000000e-01 1.285668e+00 -0.787356 0.101163 0.202308 0.202335 0.203253 0.078297 0.787356 0.020459 0.023821 -0.876867 0.000000 
9.500000e-02 1.003105e-01 9.749543e-02 9.499848e-02 1.000000e-01 1.293036e+00 -0.792223 0.101801 0.203579 0.203589 0.204487 0.078768 0.792224 0.019834 0.022571 -0.878118 0.000000 
9.500000e-02 1.003105e-01 9.749543e-02 9.499840e-02 1.000000e-01 1.300378e+00 -0.797074 0.102438 0.204848 0.204840 0.205714 0.079235 0.797074 0.019212 0.021326 -0.879365 0.000000 
9.500000e-02 1.003105e-01 9.749543e-02 9.499830e-02 1.000000e-01 1.307694e+00 -0.801908 0.103073 0.206116 0.206088 0.206933 0.079699 0.801908 0.018591 0.020085 -0.880607 0.000000 
9.500000e-02 1.003105e-01 9.749543e-02 9.499820e-02 1.000000e-01 1.314984e+00 -0.806724 0.103708 0.207382 0.207333 0.208144 0.080158 0.806725 0.017973 0.018848 -0.881845 0.000000 
9.500000e-02 1.003105e-01 9.749543e-02 9.499808e-02 1.000000e-01 1.322248e+00 -0.811524 0.104343 0.208648 0.208575 0.209346 0.080612 0.811524 0.017357 0.017616 -0.883078 0.000000 
9.500000e-02 1.003105e-01 9.749543e-02 9.499794e-02 1.000000e-01 1.329486e+00 -0.816305 0.104976 0.209913 0.209816 0.210539 0.081062 0.816305 0.016743 0.016388 -0.884307 0.000000 
9.500000e-02 1.003105e-01 9.749543e-02 9.499778e-02 1.000000e-01 1.336696e+00 -0.821069 0.105608 0.211179 0.211055 0.211722 0.081505 0.821069 0.016132 0.015165 -0.885531 0.000000 
9.500000e-02 1.003105e-01 9.749543e-02 9.499761e-02 1.000000e-01 1.343878e+00 -0.825814 0.106239 0.212445 0.212294 0.212895 0.081942 0.825815 0.015523 0.013947 -0.886750 0.000000 
9.500000e-02 1.003105e-01 9.749543e-02 9.499741e-02 1.000000e-01 1.351033e+00 -0.830541 0.106869 0.213711 0.213534 0.214055 0.082372 0.830542 0.014916 0.012733 -0.887965 0.000000 
9.500000e-02 1.003105e-01 9.749543e-02 9.499718e-02 1.000000e-01 1.358160e+00 -0.835250 0.107497 0.214980 0.214776 0.215204 0.082794 0.835250 0.014312 0.011525 -0.889175 0.000000 
9.500000e-02 1.003105e-01 9.749543e-02 9.499693e-02 1.000000e-01 1.365259e+00 -0.839940 0.108124 0.216250 0.216021 0.216339 0.083207 0.839940 0.013710 0.010321 -0.890380 0.000000 
9.500000e-02 1.003105e-01 9.749543e-02 9.499664e-02 1.000000e-01 1.372328e+00 -0.844611 0.108747 0.217525 0.217273 0.217459 0.083608 0.844611 0.013111 0.009121 -0.891580 0.000000 
9.500000e-02 1.003105e-01 9.749543e-02 9.499631e-02 1.000000e-01 1.379369e+00 -0.849262 0.109368 0.218802 0.218532 0.218563 0.083998 0.849263 0.012514 0.007927 -0.892776 0.000000 
9.500000e-02 1.003105e-01 9.749543e-02 9.499594e-02 1.000000e-01 1.386380e+00 -0.853894 0.109983 0.220086 0.219804 0.219649 0.084373 0.853895 0.011919 0.006738 -0.893966 0.000000 
9.500000e-02 1.003105e-01 9.749543e-02 9.499552e-02 1.000000e-01 1.393361e+00 -0.858507 0.110593 0.221375 0.221091 0.220716 0.084732 0.858507 0.011327 0.005554 -0.895151 0.000000 
9.500000e-02 1.003105e-01 9.749543e-02 9.499505e-02 1.000000e-01 1.400312e+00 -0.863099 0.111195 0.222672 0.222398 0.221762 0.085073 0.863099 0.010738 0.004375 -0.896331 0.000000 
9.500000e-02 1.003105e-01 9.749543e-02 9.499452e-02 1.000000e-01 1.407232e+00 -0.867671 0.111786 0.223979 0.223734 0.222783 0.085390 0.867671 0.010151 0.003201 -0.897506 0.000000 
9.500000e-02 1.003105e-01 9.749543e-02 9.499392e-02 1.000000e-01 1.414121e+00 -0.872223 0.112365 0.225295 0.225102 0.223779 0.085683 0.872223 0.009567 0.002032 -0.898676 0.000000 
9.500000e-02 1.003105e-01 9.749543e-02 9.499325e-02 1.000000e-01 1.420978e+00 -0.876753 0.112926 0.226625 0.226515 0.224744 0.085944 0.876754 0.008985 0.000869 -0.899840 0.000000 
9.500000e-02 1.003105e-01 9.749543e-02 9.499249e-02 1.000000e-01 1.427804e+00 -0.881263 0.113465 0.227970 0.227986 0.225674 0.086169 0.881263 0.008406 -0.000289 -0.900999 0.000000 
9.500000e-02 1.003105e-01 9.749543e-02 9.499164e-02 1.000000e-01 1.434597e+00 -0.885752 0.113977 0.229331 0.229522 0.226569 0.086354 0.885752 0.007830 -0.001441 -0.902152 0.000000 
9.500000e-02 1.003105e-01 9.749543e-02 9.499069e-02 1.000000e-01 1.441358e+00 -0.890219 0.114451 0.230714 0.231153 0.227416 0.086485 0.890219 0.007257 -0.002588 -0.903300 0.000000 
9.500000e-02 1.003105e-01 9.749543e-02 9.498963e-02 1.000000e-01 1.448085e+00 -0.894664 0.114880 0.232119 0.232893 0.228215 0.086558 0.894664 0.006687 -0.003729 -0.904443 0.000000 
9.500000e-02 1.003105e-01 9.749543e-02 9.498843e-02 1.000000e-01 1.454779e+00 -0.899086 0.115256 0.233550 0.234759 0.228958 0.086565 0.899087 0.006119 -0.004864 -0.905579 0.000000 
9.500000e-02 1.003105e-01 9.749543e-02 9.498711e-02 1.000000e-01 1.461439e+00 -0.903487 0.115552 0.235014 0.236814 0.229627 0.086480 0.903487 0.005554 -0.005994 -0.906710 0.000000 
9.500000e-02 1.003105e-01 9.749543e-02 9.498563e-02 1.000000e-01 1.468064e+00 -0.907865 0.115762 0.236512 0.239074 0.230219 0.086299 0.907865 0.004992 -0.007118 -0.907835 0.000000 
9.500000e-02 1.003105e-01 9.749543e-02 9.498399e-02 1.000000e-01 1.474655e+00 -0.912220 0.115866 0.238046 0.241578 0.230721 0.086009 0.912220 0.004433 -0.008236 -0.908954 0.000000 
9.500000e-02 1.003105e-01 9.749543e-02 9.498217e-02 1.000000e-01 1.481210e+00 -0.916551 0.115821 0.239626 0.244436 0.231098 0.085570 0.916552 0.003877 -0.009348 -0.910067 0.000000 
9.500000e-02 1.003105e-01 9.749543e-02 9.498017e-02 1.000000e-01 1.487729e+00 -0.920860 0.115606 0.241253 0.247693 0.231339 0.084970 0.920860 0.003324 -0.010454 -0.911174 0.000000 
9.500000e-02 1.003105e-01 9.749543e-02 9.497797e-02 1.000000e-01 1.494212e+00 -0.925144 0.115193 0.242924 0.251419 0.231418 0.084190 0.925144 0.002775 -0.011554 -0.912275 0.000000 
9.500000e-02 1.003105e-01 9.749543e-02 9.497558e-02 1.000000e-01 1.500658e+00 -0.929404 0.114519 0.244644 0.255779 0.231281 0.083181 0.929404 0.002228 -0.012648 -0.913370 0.000000 
9.500000e-02 1.003105e-01 9.749543e-02 9.497298e-02 1.000000e-01 1.507065e+00 -0.933639 0.113520 0.246407 0.260944 0.230866 0.081902 0.933639 0.001684 -0.013735 -0.914458 0.000000 
9.500000e-02 1.003105e-01 9.749543e-02 9.497020e-02 1.000000e-01 1.513432e+00 -0.937848 0.112166 0.248193 0.267019 0.230131 0.080338 0.937848 0.001144 -0.014816 -0.915540 0.000000 
9.500000e-02 1.003105e-01 9.749543e-02 9.496727e-02 1.000000e-01 1.519760e+00 -0.942030 0.110392 0.249980 0.274214 0.228993 0.078451 0.942030 0.000607 -0.015890 -0.916615 0.000000 
9.500000e-02 1.003105e-01 9.749543e-02 9.496426e-02 1.000000e-01 1.526046e+00 -0.946186 0.108046 0.251711 0.283035 0.227254 0.076140 0.946186 0.000074 -0.016957 -0.917683 0.000000 
9.500000e-02 1.003105e-01 9.749543e-02 9.496133e-02 1.000000e-01 1.532292e+00 -0.950316 0.105087 0.253302 0.293730 0.224799 0.073397 0.950316 -0.000456 -0.018017 -0.918744 0.000000 
9.500000e-02 1.003105e-01 9.749543e-02 9.495882e-02 1.000000e-01 1.538496e+00 -0.954419 0.101446 0.254626 0.306711 0.221445 0.070191 0.954419 -0.000983 -0.019070 -0.919798 0.000000 
9.500000e-02 1.003105e-01 9.749543e-02 9.495737e-02 1.000000e-01 1.544657e+00 -0.958495 0.097031 0.255483 0.322571 0.216931 0.066479 0.958495 -0.001506 -0.020117 -0.920846 0.000000 
9.500000e-02 1.003105e-01 9.749543e-02 9.495834e-02 1.000000e-01 1.550777e+00 -0.962546 0.091645 0.255429 0.342607 0.210705 0.062160 0.962546 -0.002026 -0.021157 -0.921887 0.000000 
9.500000e-02 1.003105e-01 9.749543e-02 9.496462e-02 1.000000e-01 1.556855e+00 -0.966574 0.085243 0.253908 0.367857 0.202333 0.057234 0.966574 -0.002543 -0.022191 -0.922922 0.000000 
9.500000e-02 1.003105e-01 9.749543e-02 9.498193e-02 1.000000e-01 1.562893e+00 -0.970584 0.077793 0.250100 0.399686 0.191300 0.051706 0.970584 -0.003057 -0.023220 -0.923952 0.000000 
9.500000e-02 1.003105e-01 9.749543e-02 9.502149e-02 1.000000e-01 1.568894e+00 -0.974587 0.069231 0.242674 0.440231 0.176890 0.045561 0.974587 -0.003571 -0.024248 -0.924981 0.000000 
9.500000e-02 1.003105e-01 9.749543e-02 9.510504e-02 1.000000e-01 1.574868e+00 -0.978605 0.059487 0.229552 0.492527 0.158260 0.038780 0.978605 -0.004087 -0.025279 -0.926013 0.000000 
9.500000e-02 1.003105e-01 9.749543e-02 9.526988e-02 1.000000e-01 1.580834e+00 -0.982703 0.048274 0.205864 0.563848 0.133509 0.031208 0.982703 -0.004613 -0.026332 -0.927066 0.000000 
9.500000e-02 1.003105e-01 9.749543e-02 9.556574e-02 1.000000e-01 1.586830e+00 -0.986999 0.035399 0.166290 0.661068 0.101514 0.022728 0.986999 -0.005164 -0.027435 -0.928170 0.000000 
9.500000e-02 1.003105e-01 9.749543e-02 9.599375e-02 1.000000e-01 1.592936e+00 -0.991732 0.020231 0.103276 0.795459 0.059854 0.012913 0.991732 -0.005772 -0.028650 -0.929387 0.000000 
9.500000e-02 1.003105e-01 9.749543e-02 9.627434e-02 1.000000e-01 1.597591e+00 -0.995719 0.006952 0.037194 0.926106 0.021054 0.004412 0.995719 -0.006283 -0.029673 -0.930411 0.000000 
9.500000e-02 1.003105e-01 9.749543e-02 9.627434e-02 1.000000e-01 1.597591e+00 -0.995719 0.006952 0.037194 0.926106 0.021054 0.004412 0.995719 -0.006283 -0.029673 -0.930411 0.000000 
9.500000e-02 1.003105e-01 9.749543e-02 9.627434e-02 1.000000e-01 1.597591e+00 -0.995719 0.006952 0.037194 0.926106 0.021054 0.004412 0.995719 -0.006283 -0.029673 -0.930411 0.000000 
9.500000e-02 1.003105e-01 9.749543e-02 9.627434e-02 1.000000e-01 1.597591e+00 -0.995719 0.006952 0.037194 0.926106 0.021054 0.004412 0.995719 -0.006283 -0.029673 -0.930411 0.000000 
9.500000e-02 1.003105e-01 9.749543e-02 9.627434e-02 1.000000e-01 1.597591e+00 -0.995719 0.006952 0.037194 0.926106 0.021054 0.004412 0.995719 -0.006283 -0.029673 -0.930411 0.000000 
9.500000e-02 1.003105e-01 9.749543e-02 9.627434e-02 1.000000e-01 1.597591e+00 -0.995719 0.006952 0.037194 0.926106 0.021054 0.004412 0.995719 -0.006283 -0.029673 -0.930411 0.000000 
9.500000e-02 1.003105e-01 9.749543e-02 9.627434e-02 1.000000e-01 1.597591e+00 -0.995719 0.006952 0.037194 0.926106 0.021054 0.004412 0.995719 -0.006283 -0.029673 -0.930411 0.000000 
9.500000e-02 1.003105e-01 9.749543e-02 9.627434e-02 1.000000e-01 1.597591e+00 -0.995719 0.006952 0.037194 0.926106 0.021054 0.004412 0.995719 -0.006283 -0.029673 -0.930411 0.000000 
9.500000e-02 1.003105e-01 9.749543e-02 9.627434e-02 1.000000e-01 1.597591e+00 -0.995719 0.006952 0.037194 0.926106 0.021054 0.004412 0.995719 -0.006283 -0.029673 -0.930411 0.000000 
9.500000e-02 1.003105e-01 9.749543e-02 9.627434e-02 1.000000e-01 1.597591e+00 -0.995719 0.006952 0.037194 0.926106 0.021054 0.004412 0.995719 -0.006283 -0.029673 -0.930411 0.000000 
9.500000e-02 1.003105e-01 9.749543e-02 9.627434e-02 1.000000e-01 1.597591e+00 -0.995719 0.006952 0.037194 0.926106 0.021054 0.004412 0.995719 -0.006283 -0.029673 -0.930411 0.000000 
9.500000e-02 1.003105e-01 9.749543e-02 9.627434e-02 1.000000e-01 1.597591e+00 -0.995719 0.006952 0.037194 0.926106 0.021054 0.004412 0.995719 -0.006283 -0.029673 -0.930411 0.000000 
9.500000e-02 1.003105e-01 9.749543e-02 9.627434e-02 1.000000e-01 1.597591e+00 -0.995719 0.006952 0.037194 0.926106 0.021054 0.004412 0.995719 -0.006283 -0.029673 -0.930411 0.000000 
9.500000e-02 1.003105e-01 9.749543e-02 9.627434e-02 1.000000e-01 1.597591e+00 -0.995719 0.006952 0.037194 0.926106 0.021054 0.004412 0.995719 -0.006283 -0.029673 -0.930411 0.000000 
9.500000e-02 1.003105e-01 9.749543e-02 9.627434e-02 1.000000e-01 1.597591e+00 -0.995719 0.006952 0.037194 0.926106 0.021054 0.004412 0.995719 -0.006283 -0.029673 -0.930411 0.000000 
9.500000e-02 1.003105e-01 9.749543e-02 9.627434e-02 1.000000e-01 1.597591e+00 -0.995719 0.006952 0.037194 0.926106 0.021054 0.004412 0.995719 -0.006283 -0.029673 -0.930411 0.000000 
9.500000e-02 1.003105e-01 9.749543e-02 9.627434e-02 1.000000e-01 1.597591e+00 -0.995719 0.006952 0.037194 0.926106 0.021054 0.004412 0.995719 -0.006283 -0.029673 -0.930411 0.000000 
9.500000e-02 1.003105e-01 9.749543e-02 9.627434e-02 1.000000e-01 1.597591e+00 -0.995719 0.006952 0.037194 0.926106 0.021054 0.004412 0.995719 -0.006283 -0.029673 -0.930411 0.000000 
9.500000e-02 1.003105e-01 9.749543e-02 9.627434e-02 1.000000e-01 1.597591e+00 -0.995719 0.006952 0.037194 0.926106 0.021054 0.004412 0.995719 -0.006283 -0.029673 -0.930411 0.000000 
9.500000e-02 1.003105e-01 9.749543e-02 9.627434e-02 1.000000e-01 1.597591e+00 -0.995719 0.006952 0.037194 0.926106 0.021054 0.004412 0.995719 -0.006283 -0.029673 -0.930411 0.000000 
9.500000e-02 1.003105e-01 9.749543e-02 9.627434e-02 1.000000e-01 1.597591e+00 -0.995719 0.006952 0.037194 0.926106 0.021054 0.004412 0.995719 -0.006283 -0.029673 -0.930411 0.000000 
9.500000e-02 1.003105e-01 9.749543e-02 9.627434e-02 1.000000e-01 1.597591e+00 -0.995719 0.006952 0.037194 0.926106 0.021054 0.004412 0.995719 -0.006283 -0.029673 -0.930411 0.000000 
9.500000e-02 1.003105e-01 9.749543e-02 9.627434e-02 1.000000e-01 1.597591e+00 -0.995719 0.006952 0.037194 0.926106 0.021054 0.004412 0.995719 -0.006283 -0.029673 -0.930411 0.000000 
9.500000e-02 1.003105e-01 9.749543e-02 9.627434e-02 1.000000e-01 1.597591e+00 -0.995719 0.006952 0.037194 0.926106 0.021054 0.004412 0.995719 -0.006283 -0.029673 -0.930411 0.000000 
9.500000e-02 1.003105e-01 9.749543e-02 9.627434e-02 1.000000e-01 1.597591e+00 -0.995719 0.006952 0.037194 0.926106 0.021054 0.004412 0.995719 -0.006283 -0.029673 -0.930411 0.000000 
9.500000e-02 1.003105e-01 9.749543e-02 9.627434e-02 1.000000e-01 1.597591e+00 -0.995719 0.006952 0.037194 0.926106 0.021054 0.004412 0.995719 -0.006283 -0.029673 -0.930411 0.000000 
9.500000e-02 1.003105e-01 9.749543e-02 9.627434e-02 1.000000e-01 1.597591e+00 -0.995719 0.006952 0.037194 0.926106 0.021054 0.004412 0.995719 -0.006283 -0.029673 -0.930411 0.000000 
9.500000e-02 1.003105e-01 9.749543e-02 9.627434e-02 1.000000e-01 1.597591e+00 -0.995719 0.006952 0.037194 0.926106 0.021054 0.004412 0.995719 -0.006283 -0.029673 -0.930411 0.000000 
9.500000e-02 1.003105e-01 9.749543e-02 9.627434e-02 1.000000e-01 1.597591e+00 -0.995719 0.006952 0.037194 0.926106 0.021054 0.004412 0.995719 -0.006283 -0.029673 -0.930411 0.000000 
9.500000e-02 1.003105e-01 9.749543e-02 9.627434e-02 1.000000e-01 1.597591e+00 -0.995719 0.006952 0.037194 0.926106 0.021054 0.004412 0.995719 -0.006283 -0.029673 -0.930411 0.000000 
9.500000e-02 1.003105e-01 9.749543e-02 9.627434e-02 1.000000e-01 1.597591e+00 -0.995719 0.006952 0.037194 0.926106 0.021054 0.004412 0.995719 -0.006283 -0.029673 -0.930411 0.000000 
9.500000e-02 1.003105e-01 9.749543e-02 9.627434e-02 1.000000e-01 1.597591e+00 -0.995719 0.006952 0.037194 0.926106 0.021054 0.004412 0.995719 -0.006283 -0.029673 -0.930411 0.000000 
9.500000e-02 1.003105e-01 9.749543e-02 9.627434e-02 1.000000e-01 1.597591e+00 -0.995719 0.006952 0.037194 0.926106 0.021054 0.004412 0.995719 -0.006283 -0.029673 -0.930411 0.000000 
9.500000e-02 1.003105e-01 9.749543e-02 9.627434e-02 1.000000e-01 1.597591e+00 -0.995719 0.006952 0.037194 0.926106 0.021054 0.004412 0.995719 -0.006283 -0.029673 -0.930411 0.000000 
9.500000e-02 1.003105e-01 9.749543e-02 9.627434e-02 1.000000e-01 1.597591e+00 -0.995719 0.006952 0.037194 0.926106 0.021054 0.004412 0.995719 -0.006283 -0.029673 -0.930411 0.000000 
9.500000e-02 1.003105e-01 9.749543e-02 9.627434e-02 1.000000e-01 1.597591e+00 -0.995719 0.006952 0.037194 0.926106 0.021054 0.004412 0.995719 -0.006283 -0.029673 -0.930411 0.000000 
9.500000e-02 1.003105e-01 9.749543e-02 9.627434e-02 1.000000e-01 1.597591e+00 -0.995719 0.006952 0.037194 0.926106 0.021054 0.004412 0.995719 -0.006283 -0.029673 -0.930411 0.000000 
9.500000e-02 1.003105e-01 9.749543e-02 9.627434e-02 1.000000e-01 1.597591e+00 -0.995719 0.006952 0.037194 0.926106 0.021054 0.004412 0.995719 -0.006283 -0.029673 -0.930411 0.000000 
9.500000e-02 1.003105e-01 9.749543e-02 9.627434e-02 1.000000e-01 1.597591e+00 -0.995719 0.006952 0.037194 0.926106 0.021054 0.004412 0.995719 -0.006283 -0.029673 -0.930411 0.000000 
9.500000e-02 1.003105e-01 9.749543e-02 9.627434e-02 1.000000e-01 1.597591e+00 -0.995719 0.006952 0.037194 0.926106 0.021054 0.004412 0.995719 -0.006283 -0.029673 -0.930411 0.000000 
9.500000e-02 1.003105e-01 9.749543e-02 9.627434e-02 1.000000e-01 1.597591e+00 -0.995719 0.006952 0.037194 0.926106 0.021054 0.004412 0.995719 -0.006283 -0.029673 -0.930411 0.000000 
9.500000e-02 1.003105e-01 9.749543e-02 9.627434e-02 1.000000e-01 1.597591e+00 -0.995719 0.006952 0.037194 0.926106 0.021054 0.004412 0.995719 -0.006283 -0.029673 -0.930411 0.000000 
9.500000e-02 1.003105e-01 9.749543e-02 9.627434e-02 1.000000e-01 1.597591e+00 -0.995719 0.006952 0.037194 0.926106 0.021054 0.004412 0.995719 -0.006283 -0.029673 -0.930411 0.000000 
9.500000e-02 1.003105e-01 9.749543e-02 9.627434e-02 1.000000e-01 1.597591e+00 -0.995719 0.006952 0.037194 0.926106 0.021054 0.004412 0.995719 -0.006283 -0.029673 -0.930411 0.000000 
9.500000e-02 1.003105e-01 9.749543e-02 9.627434e-02 1.000000e-01 1.597591e+00 -0.995719 0.006952 0.037194 0.926106 0.021054 0.004412 0.995719 -0.006283 -0.029673 -0.930411 0.000000 
9.500000e-02 1.003105e-01 9.749543e-02 9.627434e-02 1.000000e-01 1.597591e+00 -0.995719 0.006952 0.037194 0.926106 0.021054 0.004412 0.995719 -0.006283 -0.029673 -0.930411 0.000000 
9.500000e-02 1.003105e-01 9.749543e-02 9.627434e-02 1.000000e-01 1.597591e+00 -0.995719 0.006952 0.037194 0.926106 0.021054 0.004412 0.995719 -0.006283 -0.029673 -0.930411 0.000000 
9.500000e-02 1.003105e-01 9.749543e-02 9.627434e-02 1.000000e-01 1.597591e+00 -0.995719 0.006952 0.037194 0.926106 0.021054 0.004412 0.995719 -0.006283 -0.029673 -0.930411 0.000000 
9.500000e-02 1.003105e-01 9.749543e-02 9.627434e-02 1.000000e-01 1.597591e+00 -0.995719 0.006952 0.037194 0.926106 0.021054 0.004412 0.995719 -0.006283 -0.029673 -0.930411 0.000000 
9.500000e-02 1.003105e-01 9.749543e-02 9.627434e-02 1.000000e-01 1.597591e+00 -0.995719 0.006952 0.037194 0.926106 0.021054 0.004412 0.995719 -0.006283 -0.029673 -0.930411 0.000000 
9.500000e-02 1.003105e-01 9.749543e-02 9.627434e-02 1.000000e-01 1.597591e+00 -0.995719 0.006952 0.037194 0.926106 0.021054 0.004412 0.995719 -0.006283 -0.029673 -0.930411 0.000000 
9.500000e-02 1.003105e-01 9.749543e-02 9.627434e-02 1.000000e-01 1.597591e+00 -0.995719 0.006952 0.037194 0.926106 0.021054 0.004412 0.995719 -0.006283 -0.029673 -0.930411 0.000000 
9.500000e-02 1.003105e-01 9.749543e-02 9.627434e-02 1.000000e-01 1.597591e+00 -0.995719 0.006952 0.037194 0.926106 0.021054 0.004412 0.995719 -0.006283 -0.029673 -0.930411 0.000000 
9.500000e-02 1.003105e-01 9.749543e-02 9.627434e-02 1.000000e-01 1.597591e+00 -0.995719 0.006952 0.037194 0.926106 0.021054 0.004412 0.995719 -0.006283 -0.029673 -0.930411 0.000000 
9.500000e-02 1.003105e-01 9.749543e-02 9.627434e-02 1.000000e-01 1.597591e+00 -0.995719 0.006952 0.037194 0.926106 0.021054 0.004412 0.995719 -0.006283 -0.029673 -0.930411 0.000000 
9.500000e-02 1.003105e-01 9.749543e-02 9.627434e-02 1.000000e-01 1.597591e+00 -0.995719 0.006952 0.037194 0.926106 0.021054 0.004412 0.995719 -0.006283 -0.029673 -0.930411 0.000000 
9.500000e-02 1.003105e-01 9.749543e-02 9.627434e-02 1.000000e-01 1.597591e+00 -0.995719 0.006952 0.037194 0.926106 0.021054 0.004412 0.995719 -0.006283 -0.029673 -0.930411 0.000000 
9.500000e-02 1.003105e-01 9.749543e-02 9.627434e-02 1.000000e-01 1.597591e+00 -0.995719 0.006952 0.037194 0.926106 0.021054 0.004412 0.995719 -0.006283 -0.029673 -0.930411 0.000000 
9.500000e-02 1.003105e-01 9.749543e-02 9.627434e-02 1.000000e-01 1.597591e+00 -0.995719 0.006952 0.037194 0.926106 0.021054 0.004412 0.995719 -0.006283 -0.029673 -0.930411 0.000000 
9.500000e-02 1.003105e-01 9.749543e-02 9.627434e-02 1.000000e-01 1.597591e+00 -0.995719 0.006952 0.037194 0.926106 0.021054 0.004412 0.995719 -0.006283 -0.029673 -0.930411 0.000000 
9.500000e-02 1.003105e-01 9.749543e-02 9.627434e-02 1.000000e-01 1.597591e+00 -0.995719 0.006952 0.037194 0.926106 0.021054 0.004412 0.995719 -0.006283 -0.029673 -0.930411 0.000000 
9.500000e-02 1.003105e-01 9.749543e-02 9.627434e-02 1.000000e-01 1.597591e+00 -0.995719 0.006952 0.037194 0.926106 0.021054 0.004412 0.995719 -0.006283 -0.029673 -0.930411 0.000000 
9.500000e-02 1.003105e-01 9.749543e-02 9.627434e-02 1.000000e-01 1.597591e+00 -0.995719 0.006952 0.037194 0.926106 0.021054 0.004412 0.995719 -0.006283 -0.029673 -0.930411 0.000000 
9.500000e-02 1.003105e-01 9.749543e-02 9.627434e-02 1.000000e-01 1.597591e+00 -0.995719 0.006952 0.037194 0.926106 0.021054 0.004412 0.995719 -0.006283 -0.029673 -0.930411 0.000000 
9.500000e-02 1.003105e-01 9.749543e-02 9.627434e-02 1.000000e-01 1.597591e+00 -0.995719 0.006952 0.037194 0.926106 0.021054 0.004412 0.995719 -0.006283 -0.029673 -0.930411 0.000000 
9.500000e-02 1.003105e-01 9.749543e-02 9.627434e-02 1.000000e-01 1.597591e+00 -0.995719 0.006952 0.037194 0.926106 0.021054 0.004412 0.995719 -0.006283 -0.029673 -0.930411 0.000000 
9.500000e-02 1.003105e-01 9.749543e-02 9.627434e-02 1.000000e-01 1.597591e+00 -0.995719 0.006952 0.037194 0.926106 0.021054 0.004412 0.995719 -0.006283 -0.029673 -0.930411 0.000000 
9.500000e-02 1.003105e-01 9.749543e-02 9.627434e-02 1.000000e-01 1.597591e+00 -0.995719 0.006952 0.037194 0.926106 0.021054 0.004412 0.995719 -0.006283 -0.029673 -0.930411 0.000000 
9.500000e-02 1.003105e-01 9.749543e-02 9.627434e-02 1.000000e-01 1.597591e+00 -0.995719 0.006952 0.037194 0.926106 0.021054 0.004412 0.995719 -0.006283 -0.029673 -0.930411 0.000000 
9.500000e-02 1.003105e-01 9.749543e-02 9.627434e-02 1.000000e-01 1.597591e+00 -0.995719 0.006952 0.037194 0.926106 0.021054 0.004412 0.995719 -0.006283 -0.029673 -0.930411 0.000000 
9.500000e-02 1.003105e-01 9.749543e-02 9.627434e-02 1.000000e-01 1.597591e+00 -0.995719 0.006952 0.037194 0.926106 0.021054 0.004412 0.995719 -0.006283 -0.029673 -0.930411 0.000000 
9.500000e-02 1.003105e-01 9.749543e-02 9.627434e-02 1.000000e-01 1.597591e+00 -0.995719 0.006952 0.037194 0.926106 0.021054 0.004412 0.995719 -0.006283 -0.029673 -0.930411 0.000000 
9.500000e-02 1.003105e-01 9.749543e-02 9.627434e-02 1.000000e-01 1.597591e+00 -0.995719 0.006952 0.037194 0.926106 0.021054 0.004412 0.995719 -0.006283 -0.029673 -0.930411 0.000000 
9.500000e-02 1.003105e-01 9.749543e-02 9.627434e-02 1.000000e-01 1.597591e+00 -0.995719 0.006952 0.037194 0.926106 0.021054 0.004412 0.995719 -0.006283 -0.029673 -0.930411 0.000000 
9.500000e-02 1.003105e-01 9.749543e-02 9.627434e-02 1.000000e-01 1.597591e+00 -0.995719 0.006952 0.037194 0.926106 0.021054 0.004412 0.995719 -0.006283 -0.029673 -0.930411 0.000000 
9.500000e-02 1.003105e-01 9.749543e-02 9.627434e-02 1.000000e-01 1.597591e+00 -0.995719 0.006952 0.037194 0.926106 0.021054 0.004412 0.995719 -0.006283 -0.029673 -0.930411 0.000000 
9.500000e-02 1.003105e-01 9.749543e-02 9.627434e-02 1.000000e-01 1.597591e+00 -0.995719 0.006952 0.037194 0.926106 0.021054 0.004412 0.995719 -0.006283 -0.029673 -0.930411 0.000000 
9.500000e-02 1.003105e-01 9.749543e-02 9.627434e-02 1.000000e-01 1.597591e+00 -0.995719 0.006952 0.037194 0.926106 0.021054 0.004412 0.995719 -0.006283 -0.029673 -0.930411 0.000000 
9.500000e-02 1.003105e-01 9.749543e-02 9.627434e-02 1.000000e-01 1.597591e+00 -0.995719 0.006952 0.037194 0.926106 0.021054 0.004412 0.995719 -0.006283 -0.029673 -0.930411 0.000000 
9.500000e-02 1.003105e-01 9.749543e-02 9.627434e-02 1.000000e-01 1.597591e+00 -0.995719 0.006952 0.037194 0.926106 0.021054 0.004412 0.995719 -0.006283 -0.029673 -0.930411 0.000000 
9.500000e-02 1.003105e-01 9.749543e-02 9.627434e-02 1.000000e-01 1.597591e+00 -0.995719 0.006952 0.037194 0.926106 0.021054 0.004412 0.995719 -0.006283 -0.029673 -0.930411 0.000000 
9.500000e-02 1.003105e-01 9.749543e-02 9.627434e-02 1.000000e-01 1.597591e+00 -0.995719 0.006952 0.037194 0.926106 0.021054 0.004412 0.995719 -0.006283 -0.029673 -0.930411 0.000000 
9.500000e-02 1.003105e-01 9.749543e-02 9.627434e-02 1.000000e-01 1.597591e+00 -0.995719 0.006952 0.037194 0.926106 0.021054 0.004412 0.995719 -0.006283 -0.029673 -0.930411 0.000000 
9.500000e-02 1.003105e-01 9.749543e-02 9.627434e-02 1.000000e-01 1.597591e+00 -0.995719 0.006952 0.037194 0.926106 0.021054 0.004412 0.995719 -0.006283 -0.029673 -0.930411 0.000000 
9.500000e-02 1.003105e-01 9.749543e-02 9.627434e-02 1.000000e-01 1.597591e+00 -0.995719 0.006952 0.037194 0.926106 0.021054 0.004412 0.995719 -0.006283 -0.029673 -0.930411 0.000000 
9.500000e-02 1.003105e-01 9.749543e-02 9.627434e-02 1.000000e-01 1.597591e+00 -0.995719 0.006952 0.037194 0.926106 0.021054 0.004412 0.995719 -0.006283 -0.029673 -0.930411 0.000000 
9.500000e-02 1.003105e-01 9.749543e-02 9.627434e-02 1.000000e-01 1.597591e+00 -0.995719 0.006952 0.037194 0.926106 0.021054 0.004412 0.995719 -0.006283 -0.029673 -0.930411 0.000000 
9.500000e-02 1.003105e-01 9.749543e-02 9.627434e-02 1.000000e-01 1.597591e+00 -0.995719 0.006952 0.037194 0.926106 0.021054 0.004412 0.995719 -0.006283 -0.029673 -0.930411 0.000000 
9.500000e-02 1.003105e-01 9.749543e-02 9.627434e-02 1.000000e-01 1.597591e+00 -0.995719 0.006952 0.037194 0.926106 0.021054 0.004412 0.995719 -0.006283 -0.029673 -0.930411 0.000000 
9.500000e-02 1.003105e-01 9.749543e-02 9.627434e-02 1.000000e-01 1.597591e+00 -0.995719 0.006952 0.037194 0.926106 0.021054 0.004412 0.995719 -0.006283 -0.029673 -0.930411 0.000000 
9.500000e-02 1.003105e-01 9.749543e-02 9.627434e-02 1.000000e-01 1.597591e+00 -0.995719 0.006952 0.037194 0.926106 0.021054 0.004412 0.995719 -0.006283 -0.029673 -0.930411 0.000000 
9.500000e-02 1.003105e-01 9.749543e-02 9.627434e-02 1.000000e-01 1.597591e+00 -0.995719 0.006952 0.037194 0.926106 0.021054 0.004412 0.995719 -0.006283 -0.029673 -0.930411 0.000000 
9.500000e-02 1.003105e-01 9.749543e-02 9.627434e-02 1.000000e-01 1.597591e+00 -0.995719 0.006952 0.037194 0.926106 0.021054 0.004412 0.995719 -0.006283 -0.029673 -0.930411 0.000000 
9.500000e-02 1.003105e-01 9.749543e-02 9.627434e-02 1.000000e-01 1.597591e+00 -0.995719 0.006952 0.037194 0.926106 0.021054 0.004412 0.995719 -0.006283 -0.029673 -0.930411 0.000000 
9.500000e-02 1.003105e-01 9.749543e-02 9.627434e-02 1.000000e-01 1.597591e+00 -0.995719 0.006952 0.037194 0.926106 0.021054 0.004412 0.995719 -0.006283 -0.029673 -0.930411 0.000000 
9.500000e-02 1.003105e-01 9.749543e-02 9.627434e-02 1.000000e-01 1.597591e+00 -0.995719 0.006952 0.037194 0.926106 0.021054 0.004412 0.995719 -0.006283 -0.029673 -0.930411 0.000000 
9.500000e-02 1.003105e-01 9.749543e-02 9.627434e-02 1.000000e-01 1.597591e+00 -0.995719 0.006952 0.037194 0.926106 0.021054 0.004412 0.995719 -0.006283 -0.029673 -0.930411 0.000000 
9.500000e-02 1.003105e-01 9.749543e-02 9.627434e-02 1.000000e-01 1.597591e+00 -0.995719 0.006952 0.037194 0.926106 0.021054 0.004412 0.995719 -0.006283 -0.029673 -0.930411 0.000000 
9.500000e-02 1.003105e-01 9.749543e-02 9.627434e-02 1.000000e-01 1.597591e+00 -0.995719 0.006952 0.037194 0.926106 0.021054 0.004412 0.995719 -0.006283 -0.029673 -0.930411 0.000000 
9.500000e-02 1.003105e-01 9.749543e-02 9.627434e-02 1.000000e-01 1.597591e+00 -0.995719 0.006952 0.037194 0.926106 0.021054 0.004412 0.995719 -0.006283 -0.029673 -0.930411 0.000000 
9.500000e-02 1.003105e-01 9.749543e-02 9.627434e-02 1.000000e-01 1.597591e+00 -0.995719 0.006952 0.037194 0.926106 0.021054 0.004412 0.995719 -0.006283 -0.029673 -0.930411 0.000000 
9.500000e-02 1.003105e-01 9.749543e-02 9.627434e-02 1.000000e-01 1.597591e+00 -0.995719 0.006952 0.037194 0.926106 0.021054 0.004412 0.995719 -0.006283 -0.029673 -0.930411 0.000000 
9.500000e-02 1.003105e-01 9.749543e-02 9.627434e-02 1.000000e-01 1.597591e+00 -0.995719 0.006952 0.037194 0.926106 0.021054 0.004412 0.995719 -0.006283 -0.029673 -0.930411 0.000000 
9.500000e-02 1.003105e-01 9.749543e-02 9.627434e-02 1.000000e-01 1.597591e+00 -0.995719 0.006952 0.037194 0.926106 0.021054 0.004412 0.995719 -0.006283 -0.029673 -0.930411 0.000000 
9.500000e-02 1.003105e-01 9.749543e-02 9.627434e-02 1.000000e-01 1.597591e+00 -0.995719 0.006952 0.037194 0.926106 0.021054 0.004412 0.995719 -0.006283 -0.029673 -0.930411 0.000000 
9.500000e-02 1.003105e-01 9.749543e-02 9.627434e-02 1.000000e-01 1.597591e+00 -0.995719 0.006952 0.037194 0.926106 0.021054 0.004412 0.995719 -0.006283 -0.029673 -0.930411 0.000000 
9.500000e-02 1.003105e-01 9.749543e-02 9.627434e-02 1.000000e-01 1.597591e+00 -0.995719 0.006952 0.037194 0.926106 0.021054 0.004412 0.995719 -0.006283 -0.029673 -0.930411 0.000000 
9.500000e-02 1.003105e-01 9.749543e-02 9.627434e-02 1.000000e-01 1.597591e+00 -0.995719 0.006952 0.037194 0.926106 0.021054 0.004412 0.995719 -0.006283 -0.029673 -0.930411 0.000000 
9.500000e-02 1.003105e-01 9.749543e-02 9.627434e-02 1.000000e-01 1.597591e+00 -0.995719 0.006952 0.037194 0.926106 0.021054 0.004412 0.995719 -0.006283 -0.029673 -0.930411 0.000000 
9.500000e-02 1.003105e-01 9.749543e-02 9.627434e-02 1.000000e-01 1.597591e+00 -0.995719 0.006952 0.037194 0.926106 0.021054 0.004412 0.995719 -0.006283 -0.029673 -0.930411 0.000000 
9.500000e-02 1.003105e-01 9.749543e-02 9.627434e-02 1.000000e-01 1.597591e+00 -0.995719 0.006952 0.037194 0.926106 0.021054 0.004412 0.995719 -0.006283 -0.029673 -0.930411 0.000000 
9.500000e-02 1.003105e-01 9.749543e-02 9.627434e-02 1.000000e-01 1.597591e+00 -0.995719 0.006952 0.037194 0.926106 0.021054 0.004412 0.995719 -0.006283 -0.029673 -0.930411 0.000000 
9.500000e-02 1.003105e-01 9.749543e-02 9.627434e-02 1.000000e-01 1.597591e+00 -0.995719 0.006952 0.037194 0.926106 0.021054 0.004412 0.995719 -0.006283 -0.029673 -0.930411 0.000000 
9.500000e-02 1.003105e-01 9.749543e-02 9.627434e-02 1.000000e-01 1.597591e+00 -0.995719 0.006952 0.037194 0.926106 0.021054 0.004412 0.995719 -0.006283 -0.029673 -0.930411 0.000000 
9.500000e-02 1.003105e-01 9.749543e-02 9.627434e-02 1.000000e-01 1.597591e+00 -0.995719 0.006952 0.037194 0.926106 0.021054 0.004412 0.995719 -0.006283 -0.029673 -0.930411 0.000000 
9.500000e-02 1.003105e-01 9.749543e-02 9.627434e-02 1.000000e-01 1.597591e+00 -0.995719 0.006952 0.037194 0.926106 0.021054 0.004412 0.995719 -0.006283 -0.029673 -0.930411 0.000000 
9.500000e-02 1.003105e-01 9.749543e-02 9.627434e-02 1.000000e-01 1.597591e+00 -0.995719 0.006952 0.037194 0.926106 0.021054 0.004412 0.995719 -0.006283 -0.029673 -0.930411 0.000000 
9.500000e-02 1.003105e-01 9.749543e-02 9.627434e-02 1.000000e-01 1.597591e+00 -0.995719 0.006952 0.037194 0.926106 0.021054 0.004412 0.995719 -0.006283 -0.029673 -0.930411 0.000000 
9.500000e-02 1.003105e-01 9.749543e-02 9.627434e-02 1.000000e-01 1.597591e+00 -0.995719 0.006952 0.037194 0.926106 0.021054 0.004412 0.995719 -0.006283 -0.029673 -0.930411 0.000000 
9.500000e-02 1.003105e-01 9.749543e-02 9.627434e-02 1.000000e-01 1.597591e+00 -0.995719 0.006952 0.037194 0.926106 0.021054 0.004412 0.995719 -0.006283 -0.029673 -0.930411 0.000000 
9.500000e-02 1.003105e-01 9.749543e-02 9.627434e-02 1.000000e-01 1.597591e+00 -0.995719 0.006952 0.037194 0.926106 0.021054 0.004412 0.995719 -0.006283 -0.029673 -0.930411 0.000000 
9.500000e-02 1.003105e-01 9.749543e-02 9.627434e-02 1.000000e-01 1.597591e+00 -0.995719 0.006952 0.037194 0.926106 0.021054 0.004412 0.995719 -0.006283 -0.029673 -0.930411 0.000000 
9.500000e-02 1.003105e-01 9.749543e-02 9.627434e-02 1.000000e-01 1.597591e+00 -0.995719 0.006952 0.037194 0.926106 0.021054 0.004412 0.995719 -0.006283 -0.029673 -0.930411 0.000000 
9.500000e-02 1.003105e-01 9.749543e-02 9.627434e-02 1.000000e-01 1.597591e+00 -0.995719 0.006952 0.037194 0.926106 0.021054 0.004412 0.995719 -0.006283 -0.029673 -0.930411 0.000000 
9.500000e-02 1.003105e-01 9.749543e-02 9.627434e-02 1.000000e-01 1.597591e+00 -0.995719 0.006952 0.037194 0.926106 0.021054 0.004412 0.995719 -0.006283 -0.029673 -0.930411 0.000000 
9.500000e-02 1.003105e-01 9.749543e-02 9.627434e-02 1.000000e-01 1.597591e+00 -0.995719 0.006952 0.037194 0.926106 0.021054 0.004412 0.995719 -0.006283 -0.029673 -0.930411 0.000000 
9.500000e-02 1.003105e-01 9.749543e-02 9.627434e-02 1.000000e-01 1.597591e+00 -0.995719 0.006952 0.037194 0.926106 0.021054 0.004412 0.995719 -0.006283 -0.029673 -0.930411 0.000000 
9.500000e-02 1.003105e-01 9.749543e-02 9.627434e-02 1.000000e-01 1.597591e+00 -0.995719 0.006952 0.037194 0.926106 0.021054 0.004412 0.995719 -0.006283 -0.029673 -0.930411 0.000000 
9.500000e-02 1.003105e-01 9.749543e-02 9.627434e-02 1.000000e-01 1.597591e+00 -0.995719 0.006952 0.037194 0.926106 0.021054 0.004412 0.995719 -0.006283 -0.029673 -0.930411 0.000000 
9.500000e-02 1.003105e-01 9.749543e-02 9.627434e-02 1.000000e-01 1.597591e+00 -0.995719 0.006952 0.037194 0.926106 0.021054 0.004412 0.995719 -0.006283 -0.029673 -0.930411 0.000000 
9.500000e-02 1.003105e-01 9.749543e-02 9.627434e-02 1.000000e-01 1.597591e+00 -0.995719 0.006952 0.037194 0.926106 0.021054 0.004412 0.995719 -0.006283 -0.029673 -0.930411 0.000000 
9.500000e-02 1.003105e-01 9.749543e-02 9.627434e-02 1.000000e-01 1.597591e+00 -0.995719 0.006952 0.037194 0.926106 0.021054 0.004412 0.995719 -0.006283 -0.029673 -0.930411 0.000000 
9.500000e-02 1.003105e-01 9.749543e-02 9.627434e-02 1.000000e-01 1.597591e+00 -0.995719 0.006952 0.037194 0.926106 0.021054 0.004412 0.995719 -0.006283 -0.029673 -0.930411 0.000000 
9.500000e-02 1.003105e-01 9.749543e-02 9.627434e-02 1.000000e-01 1.597591e+00 -0.995719 0.006952 0.037194 0.926106 0.021054 0.004412 0.995719 -0.006283 -0.029673 -0.930411 0.000000 
9.500000e-02 1.003105e-01 9.749543e-02 9.627434e-02 1.000000e-01 1.597591e+00 -0.995719 0.006952 0.037194 0.926106 0.021054 0.004412 0.995719 -0.006283 -0.029673 -0.930411 0.000000 
9.500000e-02 1.003105e-01 9.749543e-02 9.627434e-02 1.000000e-01 1.597591e+00 -0.995719 0.006952 0.037194 0.926106 0.021054 0.004412 0.995719 -0.006283 -0.029673 -0.930411 0.000000 
9.500000e-02 1.003105e-01 9.749543e-02 9.627434e-02 1.000000e-01 1.597591e+00 -0.995719 0.006952 0.037194 0.926106 0.021054 0.004412 0.995719 -0.006283 -0.029673 -0.930411 0.000000 
9.500000e-02 1.003105e-01 9.749543e-02 9.627434e-02 1.000000e-01 1.597591e+00 -0.995719 0.006952 0.037194 0.926106 0.021054 0.004412 0.995719 -0.006283 -0.029673 -0.930411 0.000000 
9.500000e-02 1.003105e-01 9.749543e-02 9.627434e-02 1.000000e-01 1.597591e+00 -0.995719 0.006952 0.037194 0.926106 0.021054 0.004412 0.995719 -0.006283 -0.029673 -0.930411 0.000000 
9.500000e-02 1.003105e-01 9.749543e-02 9.627434e-02 1.000000e-01 1.597591e+00 -0.995719 0.006952 0.037194 0.926106 0.021054 0.004412 0.995719 -0.006283 -0.029673 -0.930411 0.000000 
9.500000e-02 1.003105e-01 9.749543e-02 9.627434e-02 1.000000e-01 1.597591e+00 -0.995719 0.006952 0.037194 0.926106 0.021054 0.004412 0.995719 -0.006283 -0.029673 -0.930411 0.000000 
9.500000e-02 1.003105e-01 9.749543e-02 9.627434e-02 1.000000e-01 1.597591e+00 -0.995719 0.006952 0.037194 0.926106 0.021054 0.004412 0.995719 -0.006283 -0.029673 -0.930411 0.000000 
9.500000e-02 1.003105e-01 9.749543e-02 9.627434e-02 1.000000e-01 1.597591e+00 -0.995719 0.006952 0.037194 0.926106 0.021054 0.004412 0.995719 -0.006283 -0.029673 -0.930411 0.000000 
9.500000e-02 1.003105e-01 9.749543e-02 9.627434e-02 1.000000e-01 1.597591e+00 -0.995719 0.006952 0.037194 0.926106 0.021054 0.004412 0.995719 -0.006283 -0.029673 -0.930411 0.000000 
9.500000e-02 1.003105e-01 9.749543e-02 9.627434e-02 1.000000e-01 1.597591e+00 -0.995719 0.006952 0.037194 0.926106 0.021054 0.004412 0.995719 -0.006283 -0.029673 -0.930411 0.000000 
9.500000e-02 1.003105e-01 9.749543e-02 9.627434e-02 1.000000e-01 1.597591e+00 -0.995719 0.006952 0.037194 0.926106 0.021054 0.004412 0.995719 -0.006283 -0.029673 -0.930411 0.000000 
9.500000e-02 1.003105e-01 9.749543e-02 9.627434e-02 1.000000e-01 1.597591e+00 -0.995719 0.006952 0.037194 0.926106 0.021054 0.004412 0.995719 -0.006283 -0.029673 -0.930411 0.000000 
9.500000e-02 1.003105e-01 9.749543e-02 9.627434e-02 1.000000e-01 1.597591e+00 -0.995719 0.006952 0.037194 0.926106 0.021054 0.004412 0.995719 -0.006283 -0.029673 -0.930411 0.000000 
9.500000e-02 1.003105e-01 9.749543e-02 9.627434e-02 1.000000e-01 1.597591e+00 -0.995719 0.006952 0.037194 0.926106 0.021054 0.004412 0.995719 -0.006283 -0.029673 -0.930411 0.000000 
9.500000e-02 1.003105e-01 9.749543e-02 9.627434e-02 1.000000e-01 1.597591e+00 -0.995719 0.006952 0.037194 0.926106 0.021054 0.004412 0.995719 -0.006283 -0.029673 -0.930411 0.000000 
9.500000e-02 1.003105e-01 9.749543e-02 9.627434e-02 1.000000e-01 1.597591e+00 -0.995719 0.006952 0.037194 0.926106 0.021054 0.004412 0.995719 -0.006283 -0.029673 -0.930411 0.000000 
9.500000e-02 1.003105e-01 9.749543e-02 9.627434e-02 1.000000e-01 1.597591e+00 -0.995719 0.006952 0.037194 0.926106 0.021054 0.004412 0.995719 -0.006283 -0.029673 -0.930411 0.000000 
