# TeX TeY TeZ ThX ThY THZ P1 P2
1.050000e-01 1.000000e-01 1.290000e+00 1.050000e-01 1.000000e-01 1.290000e+00 0.000000 0.000000 0.000000 0.000000 0.000000 0.000000 0.000000 0.000000 0.000000 0.000000 0.000000 
1.050001e-01 1.000000e-01 1.280780e+00 1.049999e-01 1.000000e-01 1.297353e+00 -0.010949 0.001366 0.002764 0.002827 0.002879 0.001113 0.010949 -0.001405 -0.002811 -0.002814 0.000000 
1.050002e-01 1.000000e-01 1.271497e+00 1.049998e-01 1.000000e-01 1.304680e+00 -0.021923 0.002736 0.005536 0.005660 0.005764 0.002228 0.021923 -0.002814 -0.005628 -0.005634 0.000000 
1.050002e-01 1.000000e-01 1.262150e+00 1.049997e-01 1.000000e-01 1.311981e+00 -0.032922 0.004108 0.008313 0.008500 0.008656 0.003345 0.032922 -0.004225 -0.008452 -0.008460 0.000000 
1.050003e-01 1.000000e-01 1.252742e+00 1.049996e-01 1.000000e-01 1.319256e+00 -0.043944 0.005482 0.011096 0.011348 0.011554 0.004464 0.043944 -0.005640 -0.011282 -0.011292 0.000000 
1.050003e-01 1.000000e-01 1.243271e+00 1.049995e-01 1.000000e-01 1.326504e+00 -0.054990 0.006857 0.013883 0.014204 0.014460 0.005586 0.054990 -0.007058 -0.014118 -0.014131 0.000000 
1.050003e-01 1.000000e-01 1.233739e+00 1.049993e-01 1.000000e-01 1.333725e+00 -0.066059 0.008232 0.016674 0.017069 0.017374 0.006710 0.066059 -0.008478 -0.016960 -0.016975 0.000000 
1.050004e-01 1.000000e-01 1.224146e+00 1.049992e-01 1.000000e-01 1.340919e+00 -0.077150 0.009605 0.019467 0.019943 0.020297 0.007837 0.077150 -0.009902 -0.019807 -0.019825 0.000000 
1.050004e-01 1.000000e-01 1.214492e+00 1.049990e-01 1.000000e-01 1.348086e+00 -0.088262 0.010975 0.022262 0.022829 0.023229 0.008966 0.088262 -0.011328 -0.022660 -0.022681 0.000000 
1.050004e-01 1.000000e-01 1.204779e+00 1.049988e-01 1.000000e-01 1.355224e+00 -0.099396 0.012343 0.025059 0.025727 0.026170 0.010097 0.099396 -0.012757 -0.025518 -0.025542 0.000000 
1.050004e-01 1.000000e-01 1.195006e+00 1.049985e-01 1.000000e-01 1.362334e+00 -0.110550 0.013704 0.027855 0.028638 0.029122 0.011230 0.110550 -0.014188 -0.028382 -0.028408 0.000000 
1.050005e-01 1.000000e-01 1.185175e+00 1.049982e-01 1.000000e-01 1.369416e+00 -0.121724 0.015059 0.030651 0.031565 0.032084 0.012364 0.121724 -0.015622 -0.031251 -0.031280 0.000000 
1.050005e-01 1.000000e-01 1.175285e+00 1.049979e-01 1.000000e-01 1.376469e+00 -0.132918 0.016405 0.033445 0.034510 0.035058 0.013499 0.132918 -0.017059 -0.034125 -0.034156 0.000000 
1.050005e-01 1.000000e-01 1.165337e+00 1.049976e-01 1.000000e-01 1.383492e+00 -0.144130 0.017739 0.036236 0.037476 0.038044 0.014634 0.144130 -0.018498 -0.037003 -0.037037 0.000000 
1.050005e-01 1.000000e-01 1.155332e+00 1.049972e-01 1.000000e-01 1.390485e+00 -0.155361 0.019060 0.039023 0.040467 0.041042 0.015768 0.155360 -0.019940 -0.039886 -0.039923 0.000000 
1.050005e-01 1.000000e-01 1.145270e+00 1.049967e-01 1.000000e-01 1.397448e+00 -0.166609 0.020363 0.041804 0.043488 0.044053 0.016900 0.166609 -0.021383 -0.042774 -0.042814 0.000000 
1.050005e-01 1.000000e-01 1.135152e+00 1.049962e-01 1.000000e-01 1.404381e+00 -0.177874 0.021646 0.044580 0.046543 0.047077 0.018028 0.177874 -0.022829 -0.045666 -0.045709 0.000000 
1.050005e-01 1.000000e-01 1.124977e+00 1.049956e-01 1.000000e-01 1.411283e+00 -0.189156 0.022902 0.047346 0.049642 0.050115 0.019149 0.189156 -0.024277 -0.048563 -0.048608 0.000000 
1.050005e-01 1.000000e-01 1.114748e+00 1.049949e-01 1.000000e-01 1.418153e+00 -0.200454 0.024128 0.050103 0.052792 0.053168 0.020261 0.200453 -0.025727 -0.051463 -0.051511 0.000000 
1.050005e-01 1.000000e-01 1.104463e+00 1.049942e-01 1.000000e-01 1.424992e+00 -0.211767 0.025319 0.052850 0.056000 0.056234 0.021362 0.211766 -0.027179 -0.054368 -0.054418 0.000000 
1.050005e-01 1.000000e-01 1.094124e+00 1.049933e-01 1.000000e-01 1.431799e+00 -0.223094 0.026460 0.055581 0.059293 0.059316 0.022443 0.223094 -0.028633 -0.057276 -0.057329 0.000000 
1.050005e-01 1.000000e-01 1.083732e+00 1.049924e-01 1.000000e-01 1.438573e+00 -0.234436 0.027550 0.058298 0.062673 0.062412 0.023502 0.234436 -0.030088 -0.060188 -0.060244 0.000000 
1.050005e-01 1.000000e-01 1.073285e+00 1.049913e-01 1.000000e-01 1.445314e+00 -0.245792 0.028578 0.060996 0.066162 0.065521 0.024532 0.245791 -0.031546 -0.063103 -0.063162 0.000000 
1.050005e-01 1.000000e-01 1.062786e+00 1.049901e-01 1.000000e-01 1.452022e+00 -0.257160 0.029521 0.063671 0.069802 0.068645 0.025520 0.257160 -0.033005 -0.066022 -0.066083 0.000000 
1.050005e-01 1.000000e-01 1.052234e+00 1.049887e-01 1.000000e-01 1.458695e+00 -0.268541 0.030377 0.066321 0.073603 0.071778 0.026460 0.268540 -0.034465 -0.068944 -0.069008 0.000000 
1.050005e-01 1.000000e-01 1.041631e+00 1.049872e-01 1.000000e-01 1.465335e+00 -0.279933 0.031125 0.068941 0.077605 0.074921 0.027340 0.279933 -0.035928 -0.071869 -0.071935 0.000000 
1.050005e-01 1.000000e-01 1.030975e+00 1.049855e-01 1.000000e-01 1.471940e+00 -0.291337 0.031729 0.071518 0.081887 0.078069 0.028132 0.291337 -0.037391 -0.074796 -0.074866 0.000000 
1.050005e-01 1.000000e-01 1.020269e+00 1.049836e-01 1.000000e-01 1.478509e+00 -0.302752 0.032185 0.074051 0.086468 0.081216 0.028830 0.302751 -0.038856 -0.077727 -0.077799 0.000000 
1.050005e-01 1.000000e-01 1.009512e+00 1.049815e-01 1.000000e-01 1.485043e+00 -0.314176 0.032466 0.076529 0.091412 0.084355 0.029413 0.314176 -0.040322 -0.080660 -0.080735 0.000000 
1.050005e-01 1.000000e-01 9.987041e-01 1.049792e-01 1.000000e-01 1.491541e+00 -0.325610 0.032499 0.078920 0.096895 0.087470 0.029825 0.325610 -0.041790 -0.083595 -0.083673 0.000000 
1.050005e-01 1.000000e-01 9.878468e-01 1.049766e-01 1.000000e-01 1.498003e+00 -0.337053 0.032286 0.081216 0.102944 0.090547 0.030059 0.337053 -0.043258 -0.086533 -0.086613 0.000000 
1.050005e-01 1.000000e-01 9.769403e-01 1.049737e-01 1.000000e-01 1.504426e+00 -0.348504 0.031787 0.083388 0.109685 0.093563 0.030080 0.348503 -0.044728 -0.089473 -0.089556 0.000000 
1.050005e-01 1.000000e-01 9.659847e-01 1.049705e-01 1.000000e-01 1.510809e+00 -0.359961 0.030917 0.085373 0.117381 0.096474 0.029814 0.359960 -0.046199 -0.092414 -0.092500 0.000000 
1.050005e-01 1.000000e-01 9.549808e-01 1.049671e-01 1.000000e-01 1.517153e+00 -0.371424 0.029629 0.087109 0.126246 0.099224 0.029214 0.371424 -0.047670 -0.095357 -0.095446 0.000000 
1.050005e-01 1.000000e-01 9.439287e-01 1.049633e-01 1.000000e-01 1.523457e+00 -0.382893 0.027896 0.088526 0.136474 0.101751 0.028245 0.382892 -0.049142 -0.098302 -0.098393 0.000000 
1.050005e-01 1.000000e-01 9.328290e-01 1.049592e-01 1.000000e-01 1.529719e+00 -0.394366 0.025660 0.089511 0.148392 0.103954 0.026847 0.394366 -0.050614 -0.101247 -0.101341 0.000000 
1.050005e-01 1.000000e-01 9.216822e-01 1.049547e-01 1.000000e-01 1.535940e+00 -0.405845 0.022780 0.089805 0.162768 0.105606 0.024884 0.405844 -0.052087 -0.104194 -0.104291 0.000000 
1.050005e-01 1.000000e-01 9.104885e-01 1.049497e-01 1.000000e-01 1.542120e+00 -0.417329 0.019242 0.089195 0.180068 0.106497 0.022325 0.417328 -0.053561 -0.107143 -0.107242 0.000000 
1.050005e-01 1.000000e-01 8.992485e-01 1.049439e-01 1.000000e-01 1.548257e+00 -0.428818 0.015012 0.087378 0.200987 0.106318 0.019121 0.428817 -0.055036 -0.110092 -0.110194 0.000000 
1.050005e-01 1.000000e-01 8.879624e-01 1.049366e-01 1.000000e-01 1.554354e+00 -0.440316 0.010039 0.083904 0.226559 0.104602 0.015210 0.440315 -0.056512 -0.113044 -0.113149 0.000000 
1.050005e-01 1.000000e-01 8.766309e-01 1.049264e-01 1.000000e-01 1.560412e+00 -0.451827 0.004227 0.077974 0.258656 0.100488 0.010480 0.451827 -0.057989 -0.116000 -0.116107 0.000000 
1.050005e-01 1.000000e-01 8.652541e-01 1.049104e-01 1.000000e-01 1.566434e+00 -0.463367 -0.002497 0.068463 0.299895 0.092664 0.004841 0.463367 -0.059470 -0.118962 -0.119073 0.000000 
1.050005e-01 1.000000e-01 8.538327e-01 1.048830e-01 1.000000e-01 1.572432e+00 -0.474960 -0.010110 0.054376 0.352613 0.079773 -0.001694 0.474959 -0.060958 -0.121939 -0.122052 0.000000 
1.050005e-01 1.000000e-01 8.423668e-01 1.048346e-01 1.000000e-01 1.578423e+00 -0.486653 -0.018701 0.034098 0.420922 0.059548 -0.009216 0.486652 -0.062459 -0.124941 -0.125056 0.000000 
1.050005e-01 1.000000e-01 8.308569e-01 1.047531e-01 1.000000e-01 1.584443e+00 -0.498533 -0.028446 0.005501 0.510550 0.028818 -0.017891 0.498533 -0.063983 -0.127991 -0.128109 0.000000 
1.050005e-01 1.000000e-01 8.193035e-01 1.046332e-01 1.000000e-01 1.590543e+00 -0.510770 -0.039768 -0.034957 0.631291 -0.017695 -0.028102 0.510769 -0.065554 -0.131132 -0.131254 0.000000 
1.050005e-01 1.000000e-01 8.077069e-01 1.045153e-01 1.000000e-01 1.596758e+00 -0.523520 -0.052967 -0.089104 0.788606 -0.082912 -0.040104 0.523519 -0.067190 -0.134406 -0.134530 0.000000 
1.050005e-01 1.000000e-01 7.960674e-01 1.045062e-01 1.000000e-01 1.597620e+00 -0.531947 -0.054061 -0.095765 0.814426 -0.091436 -0.041218 0.531946 -0.068272 -0.136569 -0.136696 0.000000 
1.050005e-01 1.000000e-01 7.843854e-01 1.045062e-01 1.000000e-01 1.597620e+00 -0.539665 -0.053071 -0.093784 0.816409 -0.089442 -0.040449 0.539664 -0.069262 -0.138551 -0.138679 0.000000 
1.050005e-01 9.999999e-02 7.726614e-01 1.045062e-01 1.000000e-01 1.597620e+00 -0.547411 -0.052077 -0.091795 0.818400 -0.087441 -0.039678 0.547410 -0.070256 -0.140539 -0.140669 0.000000 
1.050005e-01 9.999999e-02 7.608956e-01 1.045062e-01 1.000000e-01 1.597620e+00 -0.555184 -0.051079 -0.089800 0.820397 -0.085432 -0.038904 0.555183 -0.071254 -0.142535 -0.142667 0.000000 
1.050005e-01 9.999999e-02 7.490885e-01 1.045062e-01 1.000000e-01 1.597620e+00 -0.562985 -0.050078 -0.087797 0.822402 -0.083417 -0.038127 0.562984 -0.072255 -0.144538 -0.144672 0.000000 
1.050005e-01 9.999999e-02 7.372403e-01 1.045062e-01 1.000000e-01 1.597620e+00 -0.570813 -0.049073 -0.085787 0.824413 -0.081394 -0.037348 0.570812 -0.073260 -0.146547 -0.146683 0.000000 
1.050005e-01 9.999999e-02 7.253515e-01 1.045062e-01 1.000000e-01 1.597620e+00 -0.578667 -0.048065 -0.083771 0.826432 -0.079365 -0.036566 0.578667 -0.074268 -0.148564 -0.148702 0.000000 
1.050005e-01 9.999999e-02 7.134224e-01 1.045062e-01 1.000000e-01 1.597620e+00 -0.586549 -0.047054 -0.081747 0.828457 -0.077328 -0.035781 0.586548 -0.075279 -0.150587 -0.150727 0.000000 
1.050005e-01 9.999998e-02 7.014534e-01 1.045062e-01 1.000000e-01 1.597620e+00 -0.594456 -0.046039 -0.079717 0.830489 -0.075285 -0.034993 0.594456 -0.076294 -0.152617 -0.152759 0.000000 
1.050005e-01 9.999998e-02 6.894447e-01 1.045062e-01 1.000000e-01 1.597620e+00 -0.602390 -0.045021 -0.077680 0.832528 -0.073235 -0.034203 0.602390 -0.077313 -0.154654 -0.154798 0.000000 
1.050005e-01 9.999998e-02 6.773968e-01 1.045062e-01 1.000000e-01 1.597620e+00 -0.610350 -0.043999 -0.075637 0.834573 -0.071178 -0.033411 0.610349 -0.078334 -0.156698 -0.156843 0.000000 
1.050005e-01 9.999997e-02 6.653099e-01 1.045062e-01 1.000000e-01 1.597620e+00 -0.618336 -0.042974 -0.073587 0.836625 -0.069115 -0.032616 0.618335 -0.079359 -0.158748 -0.158895 0.000000 
1.050005e-01 9.999997e-02 6.531845e-01 1.045062e-01 1.000000e-01 1.597620e+00 -0.626347 -0.041946 -0.071530 0.838684 -0.067045 -0.031818 0.626346 -0.080387 -0.160805 -0.160954 0.000000 
1.050005e-01 9.999996e-02 6.410207e-01 1.045062e-01 1.000000e-01 1.597620e+00 -0.634383 -0.040914 -0.069467 0.840749 -0.064969 -0.031018 0.634382 -0.081419 -0.162868 -0.163019 0.000000 
1.050005e-01 9.999995e-02 6.288190e-01 1.045062e-01 1.000000e-01 1.597620e+00 -0.642444 -0.039880 -0.067397 0.842821 -0.062886 -0.030215 0.642444 -0.082453 -0.164938 -0.165090 0.000000 
1.050005e-01 9.999994e-02 6.165797e-01 1.045062e-01 1.000000e-01 1.597620e+00 -0.650531 -0.038842 -0.065321 0.844898 -0.060797 -0.029410 0.650530 -0.083491 -0.167014 -0.167168 0.000000 
1.050005e-01 9.999993e-02 6.043031e-01 1.045062e-01 1.000000e-01 1.597620e+00 -0.658641 -0.037801 -0.063239 0.846983 -0.058701 -0.028602 0.658641 -0.084532 -0.169096 -0.169253 0.000000 
1.050005e-01 9.999991e-02 5.919894e-01 1.045062e-01 1.000000e-01 1.597620e+00 -0.666777 -0.036757 -0.061150 0.849073 -0.056599 -0.027792 0.666776 -0.085576 -0.171185 -0.171343 0.000000 
1.050005e-01 9.999989e-02 5.796391e-01 1.045062e-01 1.000000e-01 1.597620e+00 -0.674936 -0.035710 -0.059055 0.851170 -0.054491 -0.026980 0.674936 -0.086623 -0.173279 -0.173440 0.000000 
1.050005e-01 9.999987e-02 5.672524e-01 1.045062e-01 1.000000e-01 1.597620e+00 -0.683120 -0.034659 -0.056954 0.853273 -0.052376 -0.026165 0.683119 -0.087674 -0.175380 -0.175543 0.000000 
1.050005e-01 9.999985e-02 5.548297e-01 1.045062e-01 1.000000e-01 1.597620e+00 -0.691327 -0.033606 -0.054847 0.855382 -0.050255 -0.025348 0.691327 -0.088727 -0.177488 -0.177652 0.000000 
1.050005e-01 9.999981e-02 5.423711e-01 1.045062e-01 1.000000e-01 1.597620e+00 -0.699559 -0.032550 -0.052734 0.857497 -0.048129 -0.024528 0.699558 -0.089783 -0.179601 -0.179767 0.000000 
1.050005e-01 9.999977e-02 5.298771e-01 1.045062e-01 1.000000e-01 1.597620e+00 -0.707813 -0.031490 -0.050615 0.859619 -0.045996 -0.023706 0.707813 -0.090843 -0.181720 -0.181889 0.000000 
1.050005e-01 9.999973e-02 5.173479e-01 1.045062e-01 1.000000e-01 1.597620e+00 -0.716091 -0.030428 -0.048489 0.861746 -0.043857 -0.022882 0.716090 -0.091905 -0.183845 -0.184016 0.000000 
1.050005e-01 9.999967e-02 5.047838e-01 1.045062e-01 1.000000e-01 1.597620e+00 -0.724392 -0.029362 -0.046358 0.863879 -0.041712 -0.022056 0.724391 -0.092970 -0.185976 -0.186149 0.000000 
1.050005e-01 9.999960e-02 4.921852e-01 1.045062e-01 1.000000e-01 1.597620e+00 -0.732715 -0.028294 -0.044221 0.866018 -0.039562 -0.021227 0.732715 -0.094038 -0.188113 -0.188289 0.000000 
1.050005e-01 9.999951e-02 4.795522e-01 1.045062e-01 1.000000e-01 1.597620e+00 -0.741062 -0.027223 -0.042079 0.868163 -0.037405 -0.020396 0.741061 -0.095109 -0.190256 -0.190434 0.000000 
1.050005e-01 9.999941e-02 4.668851e-01 1.045062e-01 1.000000e-01 1.597620e+00 -0.749430 -0.026149 -0.039930 0.870313 -0.035243 -0.019562 0.749430 -0.096183 -0.192405 -0.192586 0.000000 
1.050005e-01 9.999928e-02 4.541843e-01 1.045062e-01 1.000000e-01 1.597620e+00 -0.757822 -0.025072 -0.037776 0.872469 -0.033075 -0.018727 0.757821 -0.097259 -0.194559 -0.194743 0.000000 
1.050005e-01 9.999913e-02 4.414500e-01 1.045062e-01 1.000000e-01 1.597620e+00 -0.766235 -0.023992 -0.035616 0.874631 -0.030901 -0.017889 0.766234 -0.098338 -0.196719 -0.196907 0.000000 
1.050005e-01 9.999894e-02 4.286826e-01 1.045062e-01 1.000000e-01 1.597620e+00 -0.774670 -0.022910 -0.033450 0.876799 -0.028721 -0.017049 0.774670 -0.099419 -0.198885 -0.199078 0.000000 
1.050005e-01 9.999871e-02 4.158821e-01 1.045062e-01 1.000000e-01 1.597620e+00 -0.783127 -0.021824 -0.031279 0.878972 -0.026536 -0.016207 0.783127 -0.100502 -0.201056 -0.201256 0.000000 
1.050005e-01 9.999843e-02 4.030490e-01 1.045062e-01 1.000000e-01 1.597620e+00 -0.791606 -0.020736 -0.029102 0.881151 -0.024345 -0.015363 0.791605 -0.101586 -0.203233 -0.203442 0.000000 
1.050005e-01 9.999808e-02 3.901835e-01 1.045062e-01 1.000000e-01 1.597620e+00 -0.800106 -0.019645 -0.026920 0.883335 -0.022149 -0.014517 0.800105 -0.102672 -0.205416 -0.205636 0.000000 
1.050005e-01 9.999766e-02 3.772858e-01 1.045062e-01 1.000000e-01 1.597620e+00 -0.808627 -0.018551 -0.024732 0.885525 -0.019947 -0.013668 0.808626 -0.103757 -0.207604 -0.207842 0.000000 
1.050005e-01 9.999715e-02 3.643562e-01 1.045062e-01 1.000000e-01 1.597620e+00 -0.817169 -0.017455 -0.022539 0.887720 -0.017740 -0.012818 0.817169 -0.104842 -0.209798 -0.210062 0.000000 
1.050005e-01 9.999652e-02 3.513950e-01 1.045062e-01 1.000000e-01 1.597620e+00 -0.825732 -0.016356 -0.020341 0.889921 -0.015528 -0.011965 0.825732 -0.105922 -0.211998 -0.212300 0.000000 
1.050005e-01 9.999575e-02 3.384024e-01 1.045062e-01 1.000000e-01 1.597620e+00 -0.834316 -0.015254 -0.018137 0.892126 -0.013310 -0.011110 0.834316 -0.106995 -0.214204 -0.214563 0.000000 
1.050005e-01 9.999481e-02 3.253786e-01 1.045062e-01 1.000000e-01 1.597620e+00 -0.842921 -0.014150 -0.015928 0.894338 -0.011087 -0.010253 0.842921 -0.108056 -0.216417 -0.216860 0.000000 
1.050005e-01 9.999365e-02 3.123240e-01 1.045062e-01 1.000000e-01 1.597620e+00 -0.851546 -0.013043 -0.013713 0.896554 -0.008858 -0.009395 0.851546 -0.109096 -0.218637 -0.219210 0.000000 
1.050005e-01 9.999224e-02 2.992386e-01 1.045062e-01 1.000000e-01 1.597620e+00 -0.860191 -0.011933 -0.011494 0.898776 -0.006624 -0.008534 0.860191 -0.110105 -0.220864 -0.221633 0.000000 
1.050005e-01 9.999051e-02 2.861229e-01 1.045062e-01 1.000000e-01 1.597620e+00 -0.868857 -0.010821 -0.009269 0.901002 -0.004385 -0.007671 0.868856 -0.111063 -0.223101 -0.224168 0.000000 
1.050005e-01 9.998840e-02 2.729769e-01 1.045062e-01 1.000000e-01 1.597620e+00 -0.877542 -0.009707 -0.007039 0.903234 -0.002141 -0.006806 0.877542 -0.111942 -0.225349 -0.226874 0.000000 
1.050005e-01 9.998581e-02 2.598009e-01 1.045062e-01 1.000000e-01 1.597620e+00 -0.886247 -0.008589 -0.004804 0.905471 0.000108 -0.005939 0.886247 -0.112702 -0.227609 -0.229831 0.000000 
1.050005e-01 9.998266e-02 2.465952e-01 1.045062e-01 1.000000e-01 1.597620e+00 -0.894973 -0.007470 -0.002564 0.907713 0.002363 -0.005070 0.894972 -0.113270 -0.229885 -0.233193 0.000000 
1.050005e-01 9.997882e-02 2.333599e-01 1.045062e-01 1.000000e-01 1.597620e+00 -0.903718 -0.006347 -0.000319 0.909961 0.004622 -0.004200 0.903717 -0.113554 -0.232176 -0.237158 0.000000 
1.050005e-01 9.997418e-02 2.200951e-01 1.045062e-01 1.000000e-01 1.597620e+00 -0.912482 -0.005222 0.001931 0.912213 0.006887 -0.003327 0.912482 -0.113412 -0.234479 -0.242043 0.000000 
1.050005e-01 9.996862e-02 2.068011e-01 1.045062e-01 1.000000e-01 1.597620e+00 -0.921267 -0.004095 0.004186 0.914470 0.009157 -0.002452 0.921267 -0.112590 -0.236769 -0.248445 0.000000 
1.050005e-01 9.996203e-02 1.934780e-01 1.045062e-01 1.000000e-01 1.597620e+00 -0.930072 -0.002965 0.006447 0.916733 0.011432 -0.001576 0.930071 -0.110788 -0.238979 -0.257153 0.000000 
1.050005e-01 9.995440e-02 1.801258e-01 1.045062e-01 1.000000e-01 1.597620e+00 -0.938897 -0.001832 0.008713 0.919001 0.013712 -0.000697 0.938897 -0.107551 -0.240926 -0.269525 0.000000 
1.050005e-01 9.994593e-02 1.667443e-01 1.045062e-01 1.000000e-01 1.597620e+00 -0.947743 -0.000697 0.010984 0.921274 0.015998 0.000184 0.947743 -0.102141 -0.242091 -0.288210 0.000000 
1.050005e-01 9.993752e-02 1.533329e-01 1.045062e-01 1.000000e-01 1.597620e+00 -0.956614 0.000442 0.013261 0.923554 0.018290 0.001067 0.956614 -0.093809 -0.241263 -0.317253 0.000000 
1.050005e-01 9.993295e-02 1.398875e-01 1.045062e-01 1.000000e-01 1.597620e+00 -0.965521 0.001585 0.015548 0.925842 0.020591 0.001954 0.965521 -0.081626 -0.235522 -0.364372 0.000000 
1.050005e-01 9.994890e-02 1.263884e-01 1.045062e-01 1.000000e-01 1.597620e+00 -0.974528 0.002741 0.017860 0.928157 0.022918 0.002851 0.974528 -0.064428 -0.216751 -0.447358 0.000000 
1.050005e-01 1.000489e-01 1.127447e-01 1.045062e-01 1.000000e-01 1.597620e+00 -0.983938 0.003949 0.020276 0.930575 0.025350 0.003788 0.983938 -0.041225 -0.165851 -0.601879 0.000000 
1.050005e-01 1.002971e-01 9.868530e-02 1.045062e-01 1.000000e-01 1.597620e+00 -0.994817 0.005345 0.023069 0.933371 0.028161 0.004871 0.994817 -0.009428 -0.044139 -0.897522 0.000000 
1.050005e-01 1.003099e-01 9.749443e-02 1.045062e-01 1.000000e-01 1.597620e+00 -0.995834 0.005475 0.023331 0.933632 0.028423 0.004973 0.995834 -0.006295 -0.029691 -0.930468 0.000000 
1.050005e-01 1.003099e-01 9.749443e-02 1.045062e-01 1.000000e-01 1.597620e+00 -0.995834 0.005475 0.023331 0.933632 0.028423 0.004973 0.995834 -0.006295 -0.029691 -0.930468 0.000000 
1.050005e-01 1.003099e-01 9.749443e-02 1.045062e-01 1.000000e-01 1.597620e+00 -0.995834 0.005475 0.023331 0.933632 0.028423 0.004973 0.995834 -0.006295 -0.029691 -0.930468 0.000000 
1.050005e-01 1.003099e-01 9.749443e-02 1.045062e-01 1.000000e-01 1.597620e+00 -0.995834 0.005475 0.023331 0.933632 0.028423 0.004973 0.995834 -0.006295 -0.029691 -0.930468 0.000000 
1.050005e-01 1.003099e-01 9.749443e-02 1.045062e-01 1.000000e-01 1.597620e+00 -0.995834 0.005475 0.023331 0.933632 0.028423 0.004973 0.995834 -0.006295 -0.029691 -0.930468 0.000000 
1.050005e-01 1.003099e-01 9.749443e-02 1.045062e-01 1.000000e-01 1.597620e+00 -0.995834 0.005475 0.023331 0.933632 0.028423 0.004973 0.995834 -0.006295 -0.029691 -0.930468 0.000000 
1.050005e-01 1.003099e-01 9.749443e-02 1.045062e-01 1.000000e-01 1.597620e+00 -0.995834 0.005475 0.023331 0.933632 0.028423 0.004973 0.995834 -0.006295 -0.029691 -0.930468 0.000000 
1.050005e-01 1.003099e-01 9.749443e-02 1.045062e-01 1.000000e-01 1.597620e+00 -0.995834 0.005475 0.023331 0.933632 0.028423 0.004973 0.995834 -0.006295 -0.029691 -0.930468 0.000000 
1.050005e-01 1.003099e-01 9.749443e-02 1.045062e-01 1.000000e-01 1.597620e+00 -0.995834 0.005475 0.023331 0.933632 0.028423 0.004973 0.995834 -0.006295 -0.029691 -0.930468 0.000000 
1.050005e-01 1.003099e-01 9.749443e-02 1.045062e-01 1.000000e-01 1.597620e+00 -0.995834 0.005475 0.023331 0.933632 0.028423 0.004973 0.995834 -0.006295 -0.029691 -0.930468 0.000000 
1.050005e-01 1.003099e-01 9.749443e-02 1.045062e-01 1.000000e-01 1.597620e+00 -0.995834 0.005475 0.023331 0.933632 0.028423 0.004973 0.995834 -0.006295 -0.029691 -0.930468 0.000000 
1.050005e-01 1.003099e-01 9.749443e-02 1.045062e-01 1.000000e-01 1.597620e+00 -0.995834 0.005475 0.023331 0.933632 0.028423 0.004973 0.995834 -0.006295 -0.029691 -0.930468 0.000000 
1.050005e-01 1.003099e-01 9.749443e-02 1.045062e-01 1.000000e-01 1.597620e+00 -0.995834 0.005475 0.023331 0.933632 0.028423 0.004973 0.995834 -0.006295 -0.029691 -0.930468 0.000000 
1.050005e-01 1.003099e-01 9.749443e-02 1.045062e-01 1.000000e-01 1.597620e+00 -0.995834 0.005475 0.023331 0.933632 0.028423 0.004973 0.995834 -0.006295 -0.029691 -0.930468 0.000000 
1.050005e-01 1.003099e-01 9.749443e-02 1.045062e-01 1.000000e-01 1.597620e+00 -0.995834 0.005475 0.023331 0.933632 0.028423 0.004973 0.995834 -0.006295 -0.029691 -0.930468 0.000000 
1.050005e-01 1.003099e-01 9.749443e-02 1.045062e-01 1.000000e-01 1.597620e+00 -0.995834 0.005475 0.023331 0.933632 0.028423 0.004973 0.995834 -0.006295 -0.029691 -0.930468 0.000000 
1.050005e-01 1.003099e-01 9.749443e-02 1.045062e-01 1.000000e-01 1.597620e+00 -0.995834 0.005475 0.023331 0.933632 0.028423 0.004973 0.995834 -0.006295 -0.029691 -0.930468 0.000000 
1.050005e-01 1.003099e-01 9.749443e-02 1.045062e-01 1.000000e-01 1.597620e+00 -0.995834 0.005475 0.023331 0.933632 0.028423 0.004973 0.995834 -0.006295 -0.029691 -0.930468 0.000000 
1.050005e-01 1.003099e-01 9.749443e-02 1.045062e-01 1.000000e-01 1.597620e+00 -0.995834 0.005475 0.023331 0.933632 0.028423 0.004973 0.995834 -0.006295 -0.029691 -0.930468 0.000000 
1.050005e-01 1.003099e-01 9.749443e-02 1.045062e-01 1.000000e-01 1.597620e+00 -0.995834 0.005475 0.023331 0.933632 0.028423 0.004973 0.995834 -0.006295 -0.029691 -0.930468 0.000000 
1.050005e-01 1.003099e-01 9.749443e-02 1.045062e-01 1.000000e-01 1.597620e+00 -0.995834 0.005475 0.023331 0.933632 0.028423 0.004973 0.995834 -0.006295 -0.029691 -0.930468 0.000000 
1.050005e-01 1.003099e-01 9.749443e-02 1.045062e-01 1.000000e-01 1.597620e+00 -0.995834 0.005475 0.023331 0.933632 0.028423 0.004973 0.995834 -0.006295 -0.029691 -0.930468 0.000000 
1.050005e-01 1.003099e-01 9.749443e-02 1.045062e-01 1.000000e-01 1.597620e+00 -0.995834 0.005475 0.023331 0.933632 0.028423 0.004973 0.995834 -0.006295 -0.029691 -0.930468 0.000000 
1.050005e-01 1.003099e-01 9.749443e-02 1.045062e-01 1.000000e-01 1.597620e+00 -0.995834 0.005475 0.023331 0.933632 0.028423 0.004973 0.995834 -0.006295 -0.029691 -0.930468 0.000000 
1.050005e-01 1.003099e-01 9.749443e-02 1.045062e-01 1.000000e-01 1.597620e+00 -0.995834 0.005475 0.023331 0.933632 0.028423 0.004973 0.995834 -0.006295 -0.029691 -0.930468 0.000000 
1.050005e-01 1.003099e-01 9.749443e-02 1.045062e-01 1.000000e-01 1.597620e+00 -0.995834 0.005475 0.023331 0.933632 0.028423 0.004973 0.995834 -0.006295 -0.029691 -0.930468 0.000000 
1.050005e-01 1.003099e-01 9.749443e-02 1.045062e-01 1.000000e-01 1.597620e+00 -0.995834 0.005475 0.023331 0.933632 0.028423 0.004973 0.995834 -0.006295 -0.029691 -0.930468 0.000000 
1.050005e-01 1.003099e-01 9.749443e-02 1.045062e-01 1.000000e-01 1.597620e+00 -0.995834 0.005475 0.023331 0.933632 0.028423 0.004973 0.995834 -0.006295 -0.029691 -0.930468 0.000000 
1.050005e-01 1.003099e-01 9.749443e-02 1.045062e-01 1.000000e-01 1.597620e+00 -0.995834 0.005475 0.023331 0.933632 0.028423 0.004973 0.995834 -0.006295 -0.029691 -0.930468 0.000000 
1.050005e-01 1.003099e-01 9.749443e-02 1.045062e-01 1.000000e-01 1.597620e+00 -0.995834 0.005475 0.023331 0.933632 0.028423 0.004973 0.995834 -0.006295 -0.029691 -0.930468 0.000000 
1.050005e-01 1.003099e-01 9.749443e-02 1.045062e-01 1.000000e-01 1.597620e+00 -0.995834 0.005475 0.023331 0.933632 0.028423 0.004973 0.995834 -0.006295 -0.029691 -0.930468 0.000000 
1.050005e-01 1.003099e-01 9.749443e-02 1.045062e-01 1.000000e-01 1.597620e+00 -0.995834 0.005475 0.023331 0.933632 0.028423 0.004973 0.995834 -0.006295 -0.029691 -0.930468 0.000000 
1.050005e-01 1.003099e-01 9.749443e-02 1.045062e-01 1.000000e-01 1.597620e+00 -0.995834 0.005475 0.023331 0.933632 0.028423 0.004973 0.995834 -0.006295 -0.029691 -0.930468 0.000000 
1.050005e-01 1.003099e-01 9.749443e-02 1.045062e-01 1.000000e-01 1.597620e+00 -0.995834 0.005475 0.023331 0.933632 0.028423 0.004973 0.995834 -0.006295 -0.029691 -0.930468 0.000000 
1.050005e-01 1.003099e-01 9.749443e-02 1.045062e-01 1.000000e-01 1.597620e+00 -0.995834 0.005475 0.023331 0.933632 0.028423 0.004973 0.995834 -0.006295 -0.029691 -0.930468 0.000000 
1.050005e-01 1.003099e-01 9.749443e-02 1.045062e-01 1.000000e-01 1.597620e+00 -0.995834 0.005475 0.023331 0.933632 0.028423 0.004973 0.995834 -0.006295 -0.029691 -0.930468 0.000000 
1.050005e-01 1.003099e-01 9.749443e-02 1.045062e-01 1.000000e-01 1.597620e+00 -0.995834 0.005475 0.023331 0.933632 0.028423 0.004973 0.995834 -0.006295 -0.029691 -0.930468 0.000000 
1.050005e-01 1.003099e-01 9.749443e-02 1.045062e-01 1.000000e-01 1.597620e+00 -0.995834 0.005475 0.023331 0.933632 0.028423 0.004973 0.995834 -0.006295 -0.029691 -0.930468 0.000000 
1.050005e-01 1.003099e-01 9.749443e-02 1.045062e-01 1.000000e-01 1.597620e+00 -0.995834 0.005475 0.023331 0.933632 0.028423 0.004973 0.995834 -0.006295 -0.029691 -0.930468 0.000000 
1.050005e-01 1.003099e-01 9.749443e-02 1.045062e-01 1.000000e-01 1.597620e+00 -0.995834 0.005475 0.023331 0.933632 0.028423 0.004973 0.995834 -0.006295 -0.029691 -0.930468 0.000000 
1.050005e-01 1.003099e-01 9.749443e-02 1.045062e-01 1.000000e-01 1.597620e+00 -0.995834 0.005475 0.023331 0.933632 0.028423 0.004973 0.995834 -0.006295 -0.029691 -0.930468 0.000000 
1.050005e-01 1.003099e-01 9.749443e-02 1.045062e-01 1.000000e-01 1.597620e+00 -0.995834 0.005475 0.023331 0.933632 0.028423 0.004973 0.995834 -0.006295 -0.029691 -0.930468 0.000000 
1.050005e-01 1.003099e-01 9.749443e-02 1.045062e-01 1.000000e-01 1.597620e+00 -0.995834 0.005475 0.023331 0.933632 0.028423 0.004973 0.995834 -0.006295 -0.029691 -0.930468 0.000000 
1.050005e-01 1.003099e-01 9.749443e-02 1.045062e-01 1.000000e-01 1.597620e+00 -0.995834 0.005475 0.023331 0.933632 0.028423 0.004973 0.995834 -0.006295 -0.029691 -0.930468 0.000000 
1.050005e-01 1.003099e-01 9.749443e-02 1.045062e-01 1.000000e-01 1.597620e+00 -0.995834 0.005475 0.023331 0.933632 0.028423 0.004973 0.995834 -0.006295 -0.029691 -0.930468 0.000000 
1.050005e-01 1.003099e-01 9.749443e-02 1.045062e-01 1.000000e-01 1.597620e+00 -0.995834 0.005475 0.023331 0.933632 0.028423 0.004973 0.995834 -0.006295 -0.029691 -0.930468 0.000000 
1.050005e-01 1.003099e-01 9.749443e-02 1.045062e-01 1.000000e-01 1.597620e+00 -0.995834 0.005475 0.023331 0.933632 0.028423 0.004973 0.995834 -0.006295 -0.029691 -0.930468 0.000000 
1.050005e-01 1.003099e-01 9.749443e-02 1.045062e-01 1.000000e-01 1.597620e+00 -0.995834 0.005475 0.023331 0.933632 0.028423 0.004973 0.995834 -0.006295 -0.029691 -0.930468 0.000000 
1.050005e-01 1.003099e-01 9.749443e-02 1.045062e-01 1.000000e-01 1.597620e+00 -0.995834 0.005475 0.023331 0.933632 0.028423 0.004973 0.995834 -0.006295 -0.029691 -0.930468 0.000000 
1.050005e-01 1.003099e-01 9.749443e-02 1.045062e-01 1.000000e-01 1.597620e+00 -0.995834 0.005475 0.023331 0.933632 0.028423 0.004973 0.995834 -0.006295 -0.029691 -0.930468 0.000000 
1.050005e-01 1.003099e-01 9.749443e-02 1.045062e-01 1.000000e-01 1.597620e+00 -0.995834 0.005475 0.023331 0.933632 0.028423 0.004973 0.995834 -0.006295 -0.029691 -0.930468 0.000000 
1.050005e-01 1.003099e-01 9.749443e-02 1.045062e-01 1.000000e-01 1.597620e+00 -0.995834 0.005475 0.023331 0.933632 0.028423 0.004973 0.995834 -0.006295 -0.029691 -0.930468 0.000000 
1.050005e-01 1.003099e-01 9.749443e-02 1.045062e-01 1.000000e-01 1.597620e+00 -0.995834 0.005475 0.023331 0.933632 0.028423 0.004973 0.995834 -0.006295 -0.029691 -0.930468 0.000000 
1.050005e-01 1.003099e-01 9.749443e-02 1.045062e-01 1.000000e-01 1.597620e+00 -0.995834 0.005475 0.023331 0.933632 0.028423 0.004973 0.995834 -0.006295 -0.029691 -0.930468 0.000000 
1.050005e-01 1.003099e-01 9.749443e-02 1.045062e-01 1.000000e-01 1.597620e+00 -0.995834 0.005475 0.023331 0.933632 0.028423 0.004973 0.995834 -0.006295 -0.029691 -0.930468 0.000000 
1.050005e-01 1.003099e-01 9.749443e-02 1.045062e-01 1.000000e-01 1.597620e+00 -0.995834 0.005475 0.023331 0.933632 0.028423 0.004973 0.995834 -0.006295 -0.029691 -0.930468 0.000000 
1.050005e-01 1.003099e-01 9.749443e-02 1.045062e-01 1.000000e-01 1.597620e+00 -0.995834 0.005475 0.023331 0.933632 0.028423 0.004973 0.995834 -0.006295 -0.029691 -0.930468 0.000000 
1.050005e-01 1.003099e-01 9.749443e-02 1.045062e-01 1.000000e-01 1.597620e+00 -0.995834 0.005475 0.023331 0.933632 0.028423 0.004973 0.995834 -0.006295 -0.029691 -0.930468 0.000000 
1.050005e-01 1.003099e-01 9.749443e-02 1.045062e-01 1.000000e-01 1.597620e+00 -0.995834 0.005475 0.023331 0.933632 0.028423 0.004973 0.995834 -0.006295 -0.029691 -0.930468 0.000000 
1.050005e-01 1.003099e-01 9.749443e-02 1.045062e-01 1.000000e-01 1.597620e+00 -0.995834 0.005475 0.023331 0.933632 0.028423 0.004973 0.995834 -0.006295 -0.029691 -0.930468 0.000000 
1.050005e-01 1.003099e-01 9.749443e-02 1.045062e-01 1.000000e-01 1.597620e+00 -0.995834 0.005475 0.023331 0.933632 0.028423 0.004973 0.995834 -0.006295 -0.029691 -0.930468 0.000000 
1.050005e-01 1.003099e-01 9.749443e-02 1.045062e-01 1.000000e-01 1.597620e+00 -0.995834 0.005475 0.023331 0.933632 0.028423 0.004973 0.995834 -0.006295 -0.029691 -0.930468 0.000000 
1.050005e-01 1.003099e-01 9.749443e-02 1.045062e-01 1.000000e-01 1.597620e+00 -0.995834 0.005475 0.023331 0.933632 0.028423 0.004973 0.995834 -0.006295 -0.029691 -0.930468 0.000000 
1.050005e-01 1.003099e-01 9.749443e-02 1.045062e-01 1.000000e-01 1.597620e+00 -0.995834 0.005475 0.023331 0.933632 0.028423 0.004973 0.995834 -0.006295 -0.029691 -0.930468 0.000000 
1.050005e-01 1.003099e-01 9.749443e-02 1.045062e-01 1.000000e-01 1.597620e+00 -0.995834 0.005475 0.023331 0.933632 0.028423 0.004973 0.995834 -0.006295 -0.029691 -0.930468 0.000000 
1.050005e-01 1.003099e-01 9.749443e-02 1.045062e-01 1.000000e-01 1.597620e+00 -0.995834 0.005475 0.023331 0.933632 0.028423 0.004973 0.995834 -0.006295 -0.029691 -0.930468 0.000000 
1.050005e-01 1.003099e-01 9.749443e-02 1.045062e-01 1.000000e-01 1.597620e+00 -0.995834 0.005475 0.023331 0.933632 0.028423 0.004973 0.995834 -0.006295 -0.029691 -0.930468 0.000000 
1.050005e-01 1.003099e-01 9.749443e-02 1.045062e-01 1.000000e-01 1.597620e+00 -0.995834 0.005475 0.023331 0.933632 0.028423 0.004973 0.995834 -0.006295 -0.029691 -0.930468 0.000000 
1.050005e-01 1.003099e-01 9.749443e-02 1.045062e-01 1.000000e-01 1.597620e+00 -0.995834 0.005475 0.023331 0.933632 0.028423 0.004973 0.995834 -0.006295 -0.029691 -0.930468 0.000000 
1.050005e-01 1.003099e-01 9.749443e-02 1.045062e-01 1.000000e-01 1.597620e+00 -0.995834 0.005475 0.023331 0.933632 0.028423 0.004973 0.995834 -0.006295 -0.029691 -0.930468 0.000000 
1.050005e-01 1.003099e-01 9.749443e-02 1.045062e-01 1.000000e-01 1.597620e+00 -0.995834 0.005475 0.023331 0.933632 0.028423 0.004973 0.995834 -0.006295 -0.029691 -0.930468 0.000000 
1.050005e-01 1.003099e-01 9.749443e-02 1.045062e-01 1.000000e-01 1.597620e+00 -0.995834 0.005475 0.023331 0.933632 0.028423 0.004973 0.995834 -0.006295 -0.029691 -0.930468 0.000000 
1.050005e-01 1.003099e-01 9.749443e-02 1.045062e-01 1.000000e-01 1.597620e+00 -0.995834 0.005475 0.023331 0.933632 0.028423 0.004973 0.995834 -0.006295 -0.029691 -0.930468 0.000000 
1.050005e-01 1.003099e-01 9.749443e-02 1.045062e-01 1.000000e-01 1.597620e+00 -0.995834 0.005475 0.023331 0.933632 0.028423 0.004973 0.995834 -0.006295 -0.029691 -0.930468 0.000000 
1.050005e-01 1.003099e-01 9.749443e-02 1.045062e-01 1.000000e-01 1.597620e+00 -0.995834 0.005475 0.023331 0.933632 0.028423 0.004973 0.995834 -0.006295 -0.029691 -0.930468 0.000000 
1.050005e-01 1.003099e-01 9.749443e-02 1.045062e-01 1.000000e-01 1.597620e+00 -0.995834 0.005475 0.023331 0.933632 0.028423 0.004973 0.995834 -0.006295 -0.029691 -0.930468 0.000000 
1.050005e-01 1.003099e-01 9.749443e-02 1.045062e-01 1.000000e-01 1.597620e+00 -0.995834 0.005475 0.023331 0.933632 0.028423 0.004973 0.995834 -0.006295 -0.029691 -0.930468 0.000000 
1.050005e-01 1.003099e-01 9.749443e-02 1.045062e-01 1.000000e-01 1.597620e+00 -0.995834 0.005475 0.023331 0.933632 0.028423 0.004973 0.995834 -0.006295 -0.029691 -0.930468 0.000000 
1.050005e-01 1.003099e-01 9.749443e-02 1.045062e-01 1.000000e-01 1.597620e+00 -0.995834 0.005475 0.023331 0.933632 0.028423 0.004973 0.995834 -0.006295 -0.029691 -0.930468 0.000000 
1.050005e-01 1.003099e-01 9.749443e-02 1.045062e-01 1.000000e-01 1.597620e+00 -0.995834 0.005475 0.023331 0.933632 0.028423 0.004973 0.995834 -0.006295 -0.029691 -0.930468 0.000000 
1.050005e-01 1.003099e-01 9.749443e-02 1.045062e-01 1.000000e-01 1.597620e+00 -0.995834 0.005475 0.023331 0.933632 0.028423 0.004973 0.995834 -0.006295 -0.029691 -0.930468 0.000000 
1.050005e-01 1.003099e-01 9.749443e-02 1.045062e-01 1.000000e-01 1.597620e+00 -0.995834 0.005475 0.023331 0.933632 0.028423 0.004973 0.995834 -0.006295 -0.029691 -0.930468 0.000000 
1.050005e-01 1.003099e-01 9.749443e-02 1.045062e-01 1.000000e-01 1.597620e+00 -0.995834 0.005475 0.023331 0.933632 0.028423 0.004973 0.995834 -0.006295 -0.029691 -0.930468 0.000000 
1.050005e-01 1.003099e-01 9.749443e-02 1.045062e-01 1.000000e-01 1.597620e+00 -0.995834 0.005475 0.023331 0.933632 0.028423 0.004973 0.995834 -0.006295 -0.029691 -0.930468 0.000000 
1.050005e-01 1.003099e-01 9.749443e-02 1.045062e-01 1.000000e-01 1.597620e+00 -0.995834 0.005475 0.023331 0.933632 0.028423 0.004973 0.995834 -0.006295 -0.029691 -0.930468 0.000000 
1.050005e-01 1.003099e-01 9.749443e-02 1.045062e-01 1.000000e-01 1.597620e+00 -0.995834 0.005475 0.023331 0.933632 0.028423 0.004973 0.995834 -0.006295 -0.029691 -0.930468 0.000000 
1.050005e-01 1.003099e-01 9.749443e-02 1.045062e-01 1.000000e-01 1.597620e+00 -0.995834 0.005475 0.023331 0.933632 0.028423 0.004973 0.995834 -0.006295 -0.029691 -0.930468 0.000000 
1.050005e-01 1.003099e-01 9.749443e-02 1.045062e-01 1.000000e-01 1.597620e+00 -0.995834 0.005475 0.023331 0.933632 0.028423 0.004973 0.995834 -0.006295 -0.029691 -0.930468 0.000000 
1.050005e-01 1.003099e-01 9.749443e-02 1.045062e-01 1.000000e-01 1.597620e+00 -0.995834 0.005475 0.023331 0.933632 0.028423 0.004973 0.995834 -0.006295 -0.029691 -0.930468 0.000000 
1.050005e-01 1.003099e-01 9.749443e-02 1.045062e-01 1.000000e-01 1.597620e+00 -0.995834 0.005475 0.023331 0.933632 0.028423 0.004973 0.995834 -0.006295 -0.029691 -0.930468 0.000000 
1.050005e-01 1.003099e-01 9.749443e-02 1.045062e-01 1.000000e-01 1.597620e+00 -0.995834 0.005475 0.023331 0.933632 0.028423 0.004973 0.995834 -0.006295 -0.029691 -0.930468 0.000000 
1.050005e-01 1.003099e-01 9.749443e-02 1.045062e-01 1.000000e-01 1.597620e+00 -0.995834 0.005475 0.023331 0.933632 0.028423 0.004973 0.995834 -0.006295 -0.029691 -0.930468 0.000000 
1.050005e-01 1.003099e-01 9.749443e-02 1.045062e-01 1.000000e-01 1.597620e+00 -0.995834 0.005475 0.023331 0.933632 0.028423 0.004973 0.995834 -0.006295 -0.029691 -0.930468 0.000000 
1.050005e-01 1.003099e-01 9.749443e-02 1.045062e-01 1.000000e-01 1.597620e+00 -0.995834 0.005475 0.023331 0.933632 0.028423 0.004973 0.995834 -0.006295 -0.029691 -0.930468 0.000000 
1.050005e-01 1.003099e-01 9.749443e-02 1.045062e-01 1.000000e-01 1.597620e+00 -0.995834 0.005475 0.023331 0.933632 0.028423 0.004973 0.995834 -0.006295 -0.029691 -0.930468 0.000000 
1.050005e-01 1.003099e-01 9.749443e-02 1.045062e-01 1.000000e-01 1.597620e+00 -0.995834 0.005475 0.023331 0.933632 0.028423 0.004973 0.995834 -0.006295 -0.029691 -0.930468 0.000000 
1.050005e-01 1.003099e-01 9.749443e-02 1.045062e-01 1.000000e-01 1.597620e+00 -0.995834 0.005475 0.023331 0.933632 0.028423 0.004973 0.995834 -0.006295 -0.029691 -0.930468 0.000000 
1.050005e-01 1.003099e-01 9.749443e-02 1.045062e-01 1.000000e-01 1.597620e+00 -0.995834 0.005475 0.023331 0.933632 0.028423 0.004973 0.995834 -0.006295 -0.029691 -0.930468 0.000000 
1.050005e-01 1.003099e-01 9.749443e-02 1.045062e-01 1.000000e-01 1.597620e+00 -0.995834 0.005475 0.023331 0.933632 0.028423 0.004973 0.995834 -0.006295 -0.029691 -0.930468 0.000000 
1.050005e-01 1.003099e-01 9.749443e-02 1.045062e-01 1.000000e-01 1.597620e+00 -0.995834 0.005475 0.023331 0.933632 0.028423 0.004973 0.995834 -0.006295 -0.029691 -0.930468 0.000000 
1.050005e-01 1.003099e-01 9.749443e-02 1.045062e-01 1.000000e-01 1.597620e+00 -0.995834 0.005475 0.023331 0.933632 0.028423 0.004973 0.995834 -0.006295 -0.029691 -0.930468 0.000000 
1.050005e-01 1.003099e-01 9.749443e-02 1.045062e-01 1.000000e-01 1.597620e+00 -0.995834 0.005475 0.023331 0.933632 0.028423 0.004973 0.995834 -0.006295 -0.029691 -0.930468 0.000000 
1.050005e-01 1.003099e-01 9.749443e-02 1.045062e-01 1.000000e-01 1.597620e+00 -0.995834 0.005475 0.023331 0.933632 0.028423 0.004973 0.995834 -0.006295 -0.029691 -0.930468 0.000000 
1.050005e-01 1.003099e-01 9.749443e-02 1.045062e-01 1.000000e-01 1.597620e+00 -0.995834 0.005475 0.023331 0.933632 0.028423 0.004973 0.995834 -0.006295 -0.029691 -0.930468 0.000000 
1.050005e-01 1.003099e-01 9.749443e-02 1.045062e-01 1.000000e-01 1.597620e+00 -0.995834 0.005475 0.023331 0.933632 0.028423 0.004973 0.995834 -0.006295 -0.029691 -0.930468 0.000000 
1.050005e-01 1.003099e-01 9.749443e-02 1.045062e-01 1.000000e-01 1.597620e+00 -0.995834 0.005475 0.023331 0.933632 0.028423 0.004973 0.995834 -0.006295 -0.029691 -0.930468 0.000000 
1.050005e-01 1.003099e-01 9.749443e-02 1.045062e-01 1.000000e-01 1.597620e+00 -0.995834 0.005475 0.023331 0.933632 0.028423 0.004973 0.995834 -0.006295 -0.029691 -0.930468 0.000000 
1.050005e-01 1.003099e-01 9.749443e-02 1.045062e-01 1.000000e-01 1.597620e+00 -0.995834 0.005475 0.023331 0.933632 0.028423 0.004973 0.995834 -0.006295 -0.029691 -0.930468 0.000000 
1.050005e-01 1.003099e-01 9.749443e-02 1.045062e-01 1.000000e-01 1.597620e+00 -0.995834 0.005475 0.023331 0.933632 0.028423 0.004973 0.995834 -0.006295 -0.029691 -0.930468 0.000000 
1.050005e-01 1.003099e-01 9.749443e-02 1.045062e-01 1.000000e-01 1.597620e+00 -0.995834 0.005475 0.023331 0.933632 0.028423 0.004973 0.995834 -0.006295 -0.029691 -0.930468 0.000000 
1.050005e-01 1.003099e-01 9.749443e-02 1.045062e-01 1.000000e-01 1.597620e+00 -0.995834 0.005475 0.023331 0.933632 0.028423 0.004973 0.995834 -0.006295 -0.029691 -0.930468 0.000000 
1.050005e-01 1.003099e-01 9.749443e-02 1.045062e-01 1.000000e-01 1.597620e+00 -0.995834 0.005475 0.023331 0.933632 0.028423 0.004973 0.995834 -0.006295 -0.029691 -0.930468 0.000000 
1.050005e-01 1.003099e-01 9.749443e-02 1.045062e-01 1.000000e-01 1.597620e+00 -0.995834 0.005475 0.023331 0.933632 0.028423 0.004973 0.995834 -0.006295 -0.029691 -0.930468 0.000000 
1.050005e-01 1.003099e-01 9.749443e-02 1.045062e-01 1.000000e-01 1.597620e+00 -0.995834 0.005475 0.023331 0.933632 0.028423 0.004973 0.995834 -0.006295 -0.029691 -0.930468 0.000000 
1.050005e-01 1.003099e-01 9.749443e-02 1.045062e-01 1.000000e-01 1.597620e+00 -0.995834 0.005475 0.023331 0.933632 0.028423 0.004973 0.995834 -0.006295 -0.029691 -0.930468 0.000000 
1.050005e-01 1.003099e-01 9.749443e-02 1.045062e-01 1.000000e-01 1.597620e+00 -0.995834 0.005475 0.023331 0.933632 0.028423 0.004973 0.995834 -0.006295 -0.029691 -0.930468 0.000000 
1.050005e-01 1.003099e-01 9.749443e-02 1.045062e-01 1.000000e-01 1.597620e+00 -0.995834 0.005475 0.023331 0.933632 0.028423 0.004973 0.995834 -0.006295 -0.029691 -0.930468 0.000000 
1.050005e-01 1.003099e-01 9.749443e-02 1.045062e-01 1.000000e-01 1.597620e+00 -0.995834 0.005475 0.023331 0.933632 0.028423 0.004973 0.995834 -0.006295 -0.029691 -0.930468 0.000000 
1.050005e-01 1.003099e-01 9.749443e-02 1.045062e-01 1.000000e-01 1.597620e+00 -0.995834 0.005475 0.023331 0.933632 0.028423 0.004973 0.995834 -0.006295 -0.029691 -0.930468 0.000000 
1.050005e-01 1.003099e-01 9.749443e-02 1.045062e-01 1.000000e-01 1.597620e+00 -0.995834 0.005475 0.023331 0.933632 0.028423 0.004973 0.995834 -0.006295 -0.029691 -0.930468 0.000000 
1.050005e-01 1.003099e-01 9.749443e-02 1.045062e-01 1.000000e-01 1.597620e+00 -0.995834 0.005475 0.023331 0.933632 0.028423 0.004973 0.995834 -0.006295 -0.029691 -0.930468 0.000000 
1.050005e-01 1.003099e-01 9.749443e-02 1.045062e-01 1.000000e-01 1.597620e+00 -0.995834 0.005475 0.023331 0.933632 0.028423 0.004973 0.995834 -0.006295 -0.029691 -0.930468 0.000000 
1.050005e-01 1.003099e-01 9.749443e-02 1.045062e-01 1.000000e-01 1.597620e+00 -0.995834 0.005475 0.023331 0.933632 0.028423 0.004973 0.995834 -0.006295 -0.029691 -0.930468 0.000000 
1.050005e-01 1.003099e-01 9.749443e-02 1.045062e-01 1.000000e-01 1.597620e+00 -0.995834 0.005475 0.023331 0.933632 0.028423 0.004973 0.995834 -0.006295 -0.029691 -0.930468 0.000000 
1.050005e-01 1.003099e-01 9.749443e-02 1.045062e-01 1.000000e-01 1.597620e+00 -0.995834 0.005475 0.023331 0.933632 0.028423 0.004973 0.995834 -0.006295 -0.029691 -0.930468 0.000000 
1.050005e-01 1.003099e-01 9.749443e-02 1.045062e-01 1.000000e-01 1.597620e+00 -0.995834 0.005475 0.023331 0.933632 0.028423 0.004973 0.995834 -0.006295 -0.029691 -0.930468 0.000000 
1.050005e-01 1.003099e-01 9.749443e-02 1.045062e-01 1.000000e-01 1.597620e+00 -0.995834 0.005475 0.023331 0.933632 0.028423 0.004973 0.995834 -0.006295 -0.029691 -0.930468 0.000000 
1.050005e-01 1.003099e-01 9.749443e-02 1.045062e-01 1.000000e-01 1.597620e+00 -0.995834 0.005475 0.023331 0.933632 0.028423 0.004973 0.995834 -0.006295 -0.029691 -0.930468 0.000000 
1.050005e-01 1.003099e-01 9.749443e-02 1.045062e-01 1.000000e-01 1.597620e+00 -0.995834 0.005475 0.023331 0.933632 0.028423 0.004973 0.995834 -0.006295 -0.029691 -0.930468 0.000000 
1.050005e-01 1.003099e-01 9.749443e-02 1.045062e-01 1.000000e-01 1.597620e+00 -0.995834 0.005475 0.023331 0.933632 0.028423 0.004973 0.995834 -0.006295 -0.029691 -0.930468 0.000000 
1.050005e-01 1.003099e-01 9.749443e-02 1.045062e-01 1.000000e-01 1.597620e+00 -0.995834 0.005475 0.023331 0.933632 0.028423 0.004973 0.995834 -0.006295 -0.029691 -0.930468 0.000000 
1.050005e-01 1.003099e-01 9.749443e-02 1.045062e-01 1.000000e-01 1.597620e+00 -0.995834 0.005475 0.023331 0.933632 0.028423 0.004973 0.995834 -0.006295 -0.029691 -0.930468 0.000000 
1.050005e-01 1.003099e-01 9.749443e-02 1.045062e-01 1.000000e-01 1.597620e+00 -0.995834 0.005475 0.023331 0.933632 0.028423 0.004973 0.995834 -0.006295 -0.029691 -0.930468 0.000000 
1.050005e-01 1.003099e-01 9.749443e-02 1.045062e-01 1.000000e-01 1.597620e+00 -0.995834 0.005475 0.023331 0.933632 0.028423 0.004973 0.995834 -0.006295 -0.029691 -0.930468 0.000000 
1.050005e-01 1.003099e-01 9.749443e-02 1.045062e-01 1.000000e-01 1.597620e+00 -0.995834 0.005475 0.023331 0.933632 0.028423 0.004973 0.995834 -0.006295 -0.029691 -0.930468 0.000000 
1.050005e-01 1.003099e-01 9.749443e-02 1.045062e-01 1.000000e-01 1.597620e+00 -0.995834 0.005475 0.023331 0.933632 0.028423 0.004973 0.995834 -0.006295 -0.029691 -0.930468 0.000000 
1.050005e-01 1.003099e-01 9.749443e-02 1.045062e-01 1.000000e-01 1.597620e+00 -0.995834 0.005475 0.023331 0.933632 0.028423 0.004973 0.995834 -0.006295 -0.029691 -0.930468 0.000000 
1.050005e-01 1.003099e-01 9.749443e-02 1.045062e-01 1.000000e-01 1.597620e+00 -0.995834 0.005475 0.023331 0.933632 0.028423 0.004973 0.995834 -0.006295 -0.029691 -0.930468 0.000000 
1.050005e-01 1.003099e-01 9.749443e-02 1.045062e-01 1.000000e-01 1.597620e+00 -0.995834 0.005475 0.023331 0.933632 0.028423 0.004973 0.995834 -0.006295 -0.029691 -0.930468 0.000000 
1.050005e-01 1.003099e-01 9.749443e-02 1.045062e-01 1.000000e-01 1.597620e+00 -0.995834 0.005475 0.023331 0.933632 0.028423 0.004973 0.995834 -0.006295 -0.029691 -0.930468 0.000000 
1.050005e-01 1.003099e-01 9.749443e-02 1.045062e-01 1.000000e-01 1.597620e+00 -0.995834 0.005475 0.023331 0.933632 0.028423 0.004973 0.995834 -0.006295 -0.029691 -0.930468 0.000000 
1.050005e-01 1.003099e-01 9.749443e-02 1.045062e-01 1.000000e-01 1.597620e+00 -0.995834 0.005475 0.023331 0.933632 0.028423 0.004973 0.995834 -0.006295 -0.029691 -0.930468 0.000000 
1.050005e-01 1.003099e-01 9.749443e-02 1.045062e-01 1.000000e-01 1.597620e+00 -0.995834 0.005475 0.023331 0.933632 0.028423 0.004973 0.995834 -0.006295 -0.029691 -0.930468 0.000000 
1.050005e-01 1.003099e-01 9.749443e-02 1.045062e-01 1.000000e-01 1.597620e+00 -0.995834 0.005475 0.023331 0.933632 0.028423 0.004973 0.995834 -0.006295 -0.029691 -0.930468 0.000000 
1.050005e-01 1.003099e-01 9.749443e-02 1.045062e-01 1.000000e-01 1.597620e+00 -0.995834 0.005475 0.023331 0.933632 0.028423 0.004973 0.995834 -0.006295 -0.029691 -0.930468 0.000000 
1.050005e-01 1.003099e-01 9.749443e-02 1.045062e-01 1.000000e-01 1.597620e+00 -0.995834 0.005475 0.023331 0.933632 0.028423 0.004973 0.995834 -0.006295 -0.029691 -0.930468 0.000000 
1.050005e-01 1.003099e-01 9.749443e-02 1.045062e-01 1.000000e-01 1.597620e+00 -0.995834 0.005475 0.023331 0.933632 0.028423 0.004973 0.995834 -0.006295 -0.029691 -0.930468 0.000000 
1.050005e-01 1.003099e-01 9.749443e-02 1.045062e-01 1.000000e-01 1.597620e+00 -0.995834 0.005475 0.023331 0.933632 0.028423 0.004973 0.995834 -0.006295 -0.029691 -0.930468 0.000000 
1.050005e-01 1.003099e-01 9.749443e-02 1.045062e-01 1.000000e-01 1.597620e+00 -0.995834 0.005475 0.023331 0.933632 0.028423 0.004973 0.995834 -0.006295 -0.029691 -0.930468 0.000000 
1.050005e-01 1.003099e-01 9.749443e-02 1.045062e-01 1.000000e-01 1.597620e+00 -0.995834 0.005475 0.023331 0.933632 0.028423 0.004973 0.995834 -0.006295 -0.029691 -0.930468 0.000000 
1.050005e-01 1.003099e-01 9.749443e-02 1.045062e-01 1.000000e-01 1.597620e+00 -0.995834 0.005475 0.023331 0.933632 0.028423 0.004973 0.995834 -0.006295 -0.029691 -0.930468 0.000000 
1.050005e-01 1.003099e-01 9.749443e-02 1.045062e-01 1.000000e-01 1.597620e+00 -0.995834 0.005475 0.023331 0.933632 0.028423 0.004973 0.995834 -0.006295 -0.029691 -0.930468 0.000000 
1.050005e-01 1.003099e-01 9.749443e-02 1.045062e-01 1.000000e-01 1.597620e+00 -0.995834 0.005475 0.023331 0.933632 0.028423 0.004973 0.995834 -0.006295 -0.029691 -0.930468 0.000000 
1.050005e-01 1.003099e-01 9.749443e-02 1.045062e-01 1.000000e-01 1.597620e+00 -0.995834 0.005475 0.023331 0.933632 0.028423 0.004973 0.995834 -0.006295 -0.029691 -0.930468 0.000000 
1.050005e-01 1.003099e-01 9.749443e-02 1.045062e-01 1.000000e-01 1.597620e+00 -0.995834 0.005475 0.023331 0.933632 0.028423 0.004973 0.995834 -0.006295 -0.029691 -0.930468 0.000000 
1.050005e-01 1.003099e-01 9.749443e-02 1.045062e-01 1.000000e-01 1.597620e+00 -0.995834 0.005475 0.023331 0.933632 0.028423 0.004973 0.995834 -0.006295 -0.029691 -0.930468 0.000000 
1.050005e-01 1.003099e-01 9.749443e-02 1.045062e-01 1.000000e-01 1.597620e+00 -0.995834 0.005475 0.023331 0.933632 0.028423 0.004973 0.995834 -0.006295 -0.029691 -0.930468 0.000000 
1.050005e-01 1.003099e-01 9.749443e-02 1.045062e-01 1.000000e-01 1.597620e+00 -0.995834 0.005475 0.023331 0.933632 0.028423 0.004973 0.995834 -0.006295 -0.029691 -0.930468 0.000000 
1.050005e-01 1.003099e-01 9.749443e-02 1.045062e-01 1.000000e-01 1.597620e+00 -0.995834 0.005475 0.023331 0.933632 0.028423 0.004973 0.995834 -0.006295 -0.029691 -0.930468 0.000000 
1.050005e-01 1.003099e-01 9.749443e-02 1.045062e-01 1.000000e-01 1.597620e+00 -0.995834 0.005475 0.023331 0.933632 0.028423 0.004973 0.995834 -0.006295 -0.029691 -0.930468 0.000000 
1.050005e-01 1.003099e-01 9.749443e-02 1.045062e-01 1.000000e-01 1.597620e+00 -0.995834 0.005475 0.023331 0.933632 0.028423 0.004973 0.995834 -0.006295 -0.029691 -0.930468 0.000000 
1.050005e-01 1.003099e-01 9.749443e-02 1.045062e-01 1.000000e-01 1.597620e+00 -0.995834 0.005475 0.023331 0.933632 0.028423 0.004973 0.995834 -0.006295 -0.029691 -0.930468 0.000000 
1.050005e-01 1.003099e-01 9.749443e-02 1.045062e-01 1.000000e-01 1.597620e+00 -0.995834 0.005475 0.023331 0.933632 0.028423 0.004973 0.995834 -0.006295 -0.029691 -0.930468 0.000000 
1.050005e-01 1.003099e-01 9.749443e-02 1.045062e-01 1.000000e-01 1.597620e+00 -0.995834 0.005475 0.023331 0.933632 0.028423 0.004973 0.995834 -0.006295 -0.029691 -0.930468 0.000000 
1.050005e-01 1.003099e-01 9.749443e-02 1.045062e-01 1.000000e-01 1.597620e+00 -0.995834 0.005475 0.023331 0.933632 0.028423 0.004973 0.995834 -0.006295 -0.029691 -0.930468 0.000000 
1.050005e-01 1.003099e-01 9.749443e-02 1.045062e-01 1.000000e-01 1.597620e+00 -0.995834 0.005475 0.023331 0.933632 0.028423 0.004973 0.995834 -0.006295 -0.029691 -0.930468 0.000000 
1.050005e-01 1.003099e-01 9.749443e-02 1.045062e-01 1.000000e-01 1.597620e+00 -0.995834 0.005475 0.023331 0.933632 0.028423 0.004973 0.995834 -0.006295 -0.029691 -0.930468 0.000000 
1.050005e-01 1.003099e-01 9.749443e-02 1.045062e-01 1.000000e-01 1.597620e+00 -0.995834 0.005475 0.023331 0.933632 0.028423 0.004973 0.995834 -0.006295 -0.029691 -0.930468 0.000000 
1.050005e-01 1.003099e-01 9.749443e-02 1.045062e-01 1.000000e-01 1.597620e+00 -0.995834 0.005475 0.023331 0.933632 0.028423 0.004973 0.995834 -0.006295 -0.029691 -0.930468 0.000000 
1.050005e-01 1.003099e-01 9.749443e-02 1.045062e-01 1.000000e-01 1.597620e+00 -0.995834 0.005475 0.023331 0.933632 0.028423 0.004973 0.995834 -0.006295 -0.029691 -0.930468 0.000000 
1.050005e-01 1.003099e-01 9.749443e-02 1.045062e-01 1.000000e-01 1.597620e+00 -0.995834 0.005475 0.023331 0.933632 0.028423 0.004973 0.995834 -0.006295 -0.029691 -0.930468 0.000000 
1.050005e-01 1.003099e-01 9.749443e-02 1.045062e-01 1.000000e-01 1.597620e+00 -0.995834 0.005475 0.023331 0.933632 0.028423 0.004973 0.995834 -0.006295 -0.029691 -0.930468 0.000000 
1.050005e-01 1.003099e-01 9.749443e-02 1.045062e-01 1.000000e-01 1.597620e+00 -0.995834 0.005475 0.023331 0.933632 0.028423 0.004973 0.995834 -0.006295 -0.029691 -0.930468 0.000000 
1.050005e-01 1.003099e-01 9.749443e-02 1.045062e-01 1.000000e-01 1.597620e+00 -0.995834 0.005475 0.023331 0.933632 0.028423 0.004973 0.995834 -0.006295 -0.029691 -0.930468 0.000000 
1.050005e-01 1.003099e-01 9.749443e-02 1.045062e-01 1.000000e-01 1.597620e+00 -0.995834 0.005475 0.023331 0.933632 0.028423 0.004973 0.995834 -0.006295 -0.029691 -0.930468 0.000000 
1.050005e-01 1.003099e-01 9.749443e-02 1.045062e-01 1.000000e-01 1.597620e+00 -0.995834 0.005475 0.023331 0.933632 0.028423 0.004973 0.995834 -0.006295 -0.029691 -0.930468 0.000000 
1.050005e-01 1.003099e-01 9.749443e-02 1.045062e-01 1.000000e-01 1.597620e+00 -0.995834 0.005475 0.023331 0.933632 0.028423 0.004973 0.995834 -0.006295 -0.029691 -0.930468 0.000000 
1.050005e-01 1.003099e-01 9.749443e-02 1.045062e-01 1.000000e-01 1.597620e+00 -0.995834 0.005475 0.023331 0.933632 0.028423 0.004973 0.995834 -0.006295 -0.029691 -0.930468 0.000000 
1.050005e-01 1.003099e-01 9.749443e-02 1.045062e-01 1.000000e-01 1.597620e+00 -0.995834 0.005475 0.023331 0.933632 0.028423 0.004973 0.995834 -0.006295 -0.029691 -0.930468 0.000000 
1.050005e-01 1.003099e-01 9.749443e-02 1.045062e-01 1.000000e-01 1.597620e+00 -0.995834 0.005475 0.023331 0.933632 0.028423 0.004973 0.995834 -0.006295 -0.029691 -0.930468 0.000000 
1.050005e-01 1.003099e-01 9.749443e-02 1.045062e-01 1.000000e-01 1.597620e+00 -0.995834 0.005475 0.023331 0.933632 0.028423 0.004973 0.995834 -0.006295 -0.029691 -0.930468 0.000000 
1.050005e-01 1.003099e-01 9.749443e-02 1.045062e-01 1.000000e-01 1.597620e+00 -0.995834 0.005475 0.023331 0.933632 0.028423 0.004973 0.995834 -0.006295 -0.029691 -0.930468 0.000000 
1.050005e-01 1.003099e-01 9.749443e-02 1.045062e-01 1.000000e-01 1.597620e+00 -0.995834 0.005475 0.023331 0.933632 0.028423 0.004973 0.995834 -0.006295 -0.029691 -0.930468 0.000000 
1.050005e-01 1.003099e-01 9.749443e-02 1.045062e-01 1.000000e-01 1.597620e+00 -0.995834 0.005475 0.023331 0.933632 0.028423 0.004973 0.995834 -0.006295 -0.029691 -0.930468 0.000000 
1.050005e-01 1.003099e-01 9.749443e-02 1.045062e-01 1.000000e-01 1.597620e+00 -0.995834 0.005475 0.023331 0.933632 0.028423 0.004973 0.995834 -0.006295 -0.029691 -0.930468 0.000000 
1.050005e-01 1.003099e-01 9.749443e-02 1.045062e-01 1.000000e-01 1.597620e+00 -0.995834 0.005475 0.023331 0.933632 0.028423 0.004973 0.995834 -0.006295 -0.029691 -0.930468 0.000000 
1.050005e-01 1.003099e-01 9.749443e-02 1.045062e-01 1.000000e-01 1.597620e+00 -0.995834 0.005475 0.023331 0.933632 0.028423 0.004973 0.995834 -0.006295 -0.029691 -0.930468 0.000000 
1.050005e-01 1.003099e-01 9.749443e-02 1.045062e-01 1.000000e-01 1.597620e+00 -0.995834 0.005475 0.023331 0.933632 0.028423 0.004973 0.995834 -0.006295 -0.029691 -0.930468 0.000000 
1.050005e-01 1.003099e-01 9.749443e-02 1.045062e-01 1.000000e-01 1.597620e+00 -0.995834 0.005475 0.023331 0.933632 0.028423 0.004973 0.995834 -0.006295 -0.029691 -0.930468 0.000000 
1.050005e-01 1.003099e-01 9.749443e-02 1.045062e-01 1.000000e-01 1.597620e+00 -0.995834 0.005475 0.023331 0.933632 0.028423 0.004973 0.995834 -0.006295 -0.029691 -0.930468 0.000000 
1.050005e-01 1.003099e-01 9.749443e-02 1.045062e-01 1.000000e-01 1.597620e+00 -0.995834 0.005475 0.023331 0.933632 0.028423 0.004973 0.995834 -0.006295 -0.029691 -0.930468 0.000000 
1.050005e-01 1.003099e-01 9.749443e-02 1.045062e-01 1.000000e-01 1.597620e+00 -0.995834 0.005475 0.023331 0.933632 0.028423 0.004973 0.995834 -0.006295 -0.029691 -0.930468 0.000000 
1.050005e-01 1.003099e-01 9.749443e-02 1.045062e-01 1.000000e-01 1.597620e+00 -0.995834 0.005475 0.023331 0.933632 0.028423 0.004973 0.995834 -0.006295 -0.029691 -0.930468 0.000000 
1.050005e-01 1.003099e-01 9.749443e-02 1.045062e-01 1.000000e-01 1.597620e+00 -0.995834 0.005475 0.023331 0.933632 0.028423 0.004973 0.995834 -0.006295 -0.029691 -0.930468 0.000000 
1.050005e-01 1.003099e-01 9.749443e-02 1.045062e-01 1.000000e-01 1.597620e+00 -0.995834 0.005475 0.023331 0.933632 0.028423 0.004973 0.995834 -0.006295 -0.029691 -0.930468 0.000000 
1.050005e-01 1.003099e-01 9.749443e-02 1.045062e-01 1.000000e-01 1.597620e+00 -0.995834 0.005475 0.023331 0.933632 0.028423 0.004973 0.995834 -0.006295 -0.029691 -0.930468 0.000000 
1.050005e-01 1.003099e-01 9.749443e-02 1.045062e-01 1.000000e-01 1.597620e+00 -0.995834 0.005475 0.023331 0.933632 0.028423 0.004973 0.995834 -0.006295 -0.029691 -0.930468 0.000000 
1.050005e-01 1.003099e-01 9.749443e-02 1.045062e-01 1.000000e-01 1.597620e+00 -0.995834 0.005475 0.023331 0.933632 0.028423 0.004973 0.995834 -0.006295 -0.029691 -0.930468 0.000000 
