# TeX TeY TeZ ThX ThY THZ P1 P2
1.000000e-01 1.000000e-01 1.385000e+00 1.000000e-01 1.000000e-01 1.385000e+00 0.000000 0.000000 0.000000 0.000000 0.000000 0.000000 0.000000 0.000000 0.000000 0.000000 0.000000 
1.000004e-01 1.000000e-01 1.376496e+00 9.999959e-02 1.000000e-01 1.391987e+00 -0.010234 0.001211 0.002635 0.002835 0.002617 0.000936 0.010234 -0.001314 -0.002628 -0.002630 0.000000 
1.000008e-01 1.000000e-01 1.367924e+00 9.999912e-02 1.000000e-01 1.398944e+00 -0.020495 0.002424 0.005277 0.005677 0.005241 0.001874 0.020495 -0.002630 -0.005262 -0.005267 0.000000 
1.000011e-01 1.000000e-01 1.359282e+00 9.999859e-02 1.000000e-01 1.405870e+00 -0.030780 0.003634 0.007926 0.008542 0.007869 0.002809 0.030780 -0.003950 -0.007902 -0.007910 0.000000 
1.000014e-01 1.000000e-01 1.350573e+00 9.999800e-02 1.000000e-01 1.412765e+00 -0.041090 0.004833 0.010582 0.011439 0.010500 0.003736 0.041090 -0.005274 -0.010549 -0.010559 0.000000 
1.000016e-01 1.000000e-01 1.341795e+00 9.999733e-02 1.000000e-01 1.419629e+00 -0.051423 0.006018 0.013245 0.014377 0.013132 0.004651 0.051423 -0.006600 -0.013202 -0.013214 0.000000 
1.000018e-01 1.000000e-01 1.332951e+00 9.999657e-02 1.000000e-01 1.426461e+00 -0.061780 0.007177 0.015916 0.017379 0.015762 0.005545 0.061780 -0.007929 -0.015861 -0.015876 0.000000 
1.000020e-01 1.000000e-01 1.324040e+00 9.999572e-02 1.000000e-01 1.433260e+00 -0.072160 0.008307 0.018595 0.020453 0.018389 0.006416 0.072160 -0.009261 -0.018526 -0.018543 0.000000 
1.000021e-01 1.000000e-01 1.315064e+00 9.999476e-02 1.000000e-01 1.440027e+00 -0.082562 0.009400 0.021281 0.023615 0.021009 0.007256 0.082562 -0.010596 -0.021196 -0.021216 0.000000 
1.000022e-01 1.000000e-01 1.306022e+00 9.999369e-02 1.000000e-01 1.446761e+00 -0.092985 0.010435 0.023976 0.026906 0.023617 0.008050 0.092985 -0.011934 -0.023872 -0.023895 0.000000 
1.000024e-01 1.000000e-01 1.296914e+00 9.999248e-02 1.000000e-01 1.453462e+00 -0.103429 0.011410 0.026678 0.030334 0.026211 0.008795 0.103429 -0.013274 -0.026554 -0.026578 0.000000 
1.000024e-01 1.000000e-01 1.287743e+00 9.999114e-02 1.000000e-01 1.460128e+00 -0.113893 0.012311 0.029388 0.033929 0.028785 0.009480 0.113893 -0.014617 -0.029240 -0.029267 0.000000 
1.000025e-01 1.000000e-01 1.278507e+00 9.998963e-02 1.000000e-01 1.466760e+00 -0.124377 0.013102 0.032105 0.037767 0.031326 0.010077 0.124377 -0.015963 -0.031932 -0.031962 0.000000 
1.000026e-01 1.000000e-01 1.269208e+00 9.998795e-02 1.000000e-01 1.473358e+00 -0.134880 0.013779 0.034826 0.041860 0.033831 0.010583 0.134880 -0.017311 -0.034628 -0.034660 0.000000 
1.000026e-01 1.000000e-01 1.259847e+00 9.998609e-02 1.000000e-01 1.479920e+00 -0.145401 0.014321 0.037549 0.046261 0.036289 0.010980 0.145401 -0.018661 -0.037330 -0.037364 0.000000 
1.000027e-01 1.000000e-01 1.250423e+00 9.998402e-02 1.000000e-01 1.486446e+00 -0.155940 0.014665 0.040268 0.051117 0.038671 0.011218 0.155940 -0.020014 -0.040035 -0.040072 0.000000 
1.000027e-01 1.000000e-01 1.240937e+00 9.998174e-02 1.000000e-01 1.492936e+00 -0.166496 0.014803 0.042976 0.056460 0.040966 0.011291 0.166496 -0.021369 -0.042745 -0.042785 0.000000 
1.000028e-01 1.000000e-01 1.231390e+00 9.997923e-02 1.000000e-01 1.499389e+00 -0.177068 0.014700 0.045660 0.062388 0.043148 0.011172 0.177068 -0.022726 -0.045460 -0.045502 0.000000 
1.000028e-01 1.000000e-01 1.221782e+00 9.997649e-02 1.000000e-01 1.505804e+00 -0.187656 0.014277 0.048295 0.069123 0.045162 0.010798 0.187655 -0.024084 -0.048178 -0.048222 0.000000 
1.000028e-01 1.000000e-01 1.212113e+00 9.997351e-02 1.000000e-01 1.512179e+00 -0.198257 0.013482 0.050847 0.076844 0.046953 0.010130 0.198257 -0.025445 -0.050899 -0.050947 0.000000 
1.000029e-01 1.000000e-01 1.202385e+00 9.997031e-02 1.000000e-01 1.518515e+00 -0.208872 0.012283 0.053276 0.085708 0.048464 0.009141 0.208872 -0.026807 -0.053625 -0.053674 0.000000 
1.000029e-01 1.000000e-01 1.192598e+00 9.996691e-02 1.000000e-01 1.524809e+00 -0.219499 0.010616 0.055514 0.095980 0.049603 0.007785 0.219499 -0.028171 -0.056353 -0.056405 0.000000 
1.000029e-01 1.000000e-01 1.182752e+00 9.996338e-02 1.000000e-01 1.531063e+00 -0.230139 0.008325 0.057403 0.108322 0.050148 0.005940 0.230139 -0.029537 -0.059085 -0.059140 0.000000 
1.000029e-01 1.000000e-01 1.172848e+00 9.995985e-02 1.000000e-01 1.537275e+00 -0.240791 0.005393 0.058801 0.123046 0.049953 0.003597 0.240791 -0.030904 -0.061820 -0.061877 0.000000 
1.000029e-01 1.000000e-01 1.162886e+00 9.995657e-02 1.000000e-01 1.543446e+00 -0.251456 0.001761 0.059485 0.140723 0.048772 0.000713 0.251455 -0.032273 -0.064557 -0.064617 0.000000 
1.000029e-01 1.000000e-01 1.152867e+00 9.995402e-02 1.000000e-01 1.549575e+00 -0.262133 -0.002643 0.059118 0.162162 0.046259 -0.002764 0.262133 -0.033643 -0.067299 -0.067361 0.000000 
1.000029e-01 1.000000e-01 1.142791e+00 9.995318e-02 1.000000e-01 1.555663e+00 -0.272827 -0.007975 0.056999 0.189044 0.041705 -0.006947 0.272827 -0.035016 -0.070044 -0.070109 0.000000 
1.000029e-01 1.000000e-01 1.132659e+00 9.995606e-02 1.000000e-01 1.561712e+00 -0.283545 -0.014276 0.052296 0.223006 0.034379 -0.011861 0.283545 -0.036391 -0.072796 -0.072863 0.000000 
1.000029e-01 1.000000e-01 1.122471e+00 9.996644e-02 1.000000e-01 1.567728e+00 -0.294301 -0.021552 0.043947 0.265963 0.023445 -0.017505 0.294300 -0.037772 -0.075557 -0.075627 0.000000 
1.000029e-01 1.000000e-01 1.112228e+00 9.999121e-02 1.000000e-01 1.573722e+00 -0.305122 -0.029876 0.030262 0.321031 0.007632 -0.023927 0.305122 -0.039160 -0.078335 -0.078408 0.000000 
1.000029e-01 1.000000e-01 1.101931e+00 1.000417e-01 1.000000e-01 1.579716e+00 -0.316063 -0.039364 0.008852 0.392487 -0.014705 -0.031209 0.316062 -0.040565 -0.081144 -0.081220 0.000000 
1.000029e-01 1.000000e-01 1.091578e+00 1.001315e-01 1.000000e-01 1.585748e+00 -0.327245 -0.050395 -0.025170 0.489347 -0.046907 -0.039631 0.327244 -0.042000 -0.084015 -0.084093 0.000000 
1.000030e-01 1.000000e-01 1.081172e+00 1.002601e-01 1.000000e-01 1.591871e+00 -0.338828 -0.063288 -0.075723 0.618591 -0.091319 -0.049434 0.338827 -0.043486 -0.086989 -0.087070 0.000000 
1.000030e-01 1.000000e-01 1.070713e+00 1.003636e-01 1.000000e-01 1.597529e+00 -0.350416 -0.076610 -0.136362 0.765251 -0.142325 -0.059540 0.350416 -0.044974 -0.089964 -0.090047 0.000000 
1.000030e-01 1.000000e-01 1.060201e+00 1.003636e-01 1.000000e-01 1.597529e+00 -0.357361 -0.075719 -0.134579 0.767036 -0.140530 -0.058849 0.357361 -0.045865 -0.091747 -0.091832 0.000000 
1.000030e-01 1.000000e-01 1.049636e+00 1.003636e-01 1.000000e-01 1.597529e+00 -0.364341 -0.074823 -0.132787 0.768830 -0.138727 -0.058154 0.364341 -0.046761 -0.093539 -0.093626 0.000000 
1.000030e-01 1.000000e-01 1.039020e+00 1.003636e-01 1.000000e-01 1.597529e+00 -0.371355 -0.073923 -0.130986 0.770632 -0.136914 -0.057455 0.371355 -0.047661 -0.095340 -0.095428 0.000000 
1.000030e-01 1.000000e-01 1.028352e+00 1.003636e-01 1.000000e-01 1.597529e+00 -0.378403 -0.073018 -0.129177 0.772443 -0.135093 -0.056754 0.378403 -0.048566 -0.097149 -0.097239 0.000000 
1.000030e-01 1.000000e-01 1.017633e+00 1.003636e-01 1.000000e-01 1.597529e+00 -0.385485 -0.072109 -0.127359 0.774263 -0.133263 -0.056048 0.385485 -0.049474 -0.098967 -0.099059 0.000000 
1.000030e-01 1.000000e-01 1.006863e+00 1.003636e-01 1.000000e-01 1.597529e+00 -0.392601 -0.071196 -0.125532 0.776092 -0.131425 -0.055340 0.392600 -0.050388 -0.100794 -0.100888 0.000000 
1.000030e-01 1.000000e-01 9.960436e-01 1.003636e-01 1.000000e-01 1.597529e+00 -0.399749 -0.070278 -0.123697 0.777928 -0.129578 -0.054628 0.399748 -0.051305 -0.102629 -0.102725 0.000000 
1.000030e-01 1.000000e-01 9.851742e-01 1.003636e-01 1.000000e-01 1.597529e+00 -0.406930 -0.069357 -0.121853 0.779774 -0.127723 -0.053913 0.406929 -0.052227 -0.104473 -0.104570 0.000000 
1.000030e-01 1.000000e-01 9.742556e-01 1.003636e-01 1.000000e-01 1.597529e+00 -0.414144 -0.068431 -0.120001 0.781628 -0.125859 -0.053195 0.414143 -0.053153 -0.106325 -0.106424 0.000000 
1.000030e-01 1.000000e-01 9.632881e-01 1.003636e-01 1.000000e-01 1.597529e+00 -0.421390 -0.067501 -0.118141 0.783490 -0.123986 -0.052473 0.421389 -0.054083 -0.108185 -0.108286 0.000000 
1.000030e-01 1.000000e-01 9.522723e-01 1.003636e-01 1.000000e-01 1.597529e+00 -0.428668 -0.066567 -0.116272 0.785360 -0.122106 -0.051749 0.428667 -0.055017 -0.110054 -0.110156 0.000000 
1.000030e-01 1.000000e-01 9.412085e-01 1.003636e-01 1.000000e-01 1.597529e+00 -0.435977 -0.065629 -0.114396 0.787238 -0.120217 -0.051021 0.435977 -0.055955 -0.111930 -0.112034 0.000000 
1.000030e-01 1.000000e-01 9.300972e-01 1.003636e-01 1.000000e-01 1.597529e+00 -0.443318 -0.064687 -0.112511 0.789125 -0.118321 -0.050290 0.443318 -0.056897 -0.113815 -0.113921 0.000000 
1.000030e-01 1.000000e-01 9.189388e-01 1.003636e-01 1.000000e-01 1.597529e+00 -0.450690 -0.063741 -0.110618 0.791019 -0.116416 -0.049556 0.450690 -0.057843 -0.115708 -0.115815 0.000000 
1.000030e-01 1.000000e-01 9.077338e-01 1.003636e-01 1.000000e-01 1.597529e+00 -0.458093 -0.062790 -0.108718 0.792921 -0.114503 -0.048819 0.458093 -0.058793 -0.117608 -0.117717 0.000000 
1.000030e-01 1.000000e-01 8.964824e-01 1.003636e-01 1.000000e-01 1.597529e+00 -0.465527 -0.061836 -0.106809 0.794832 -0.112582 -0.048079 0.465526 -0.059747 -0.119517 -0.119628 0.000000 
1.000030e-01 1.000000e-01 8.851852e-01 1.003636e-01 1.000000e-01 1.597529e+00 -0.472991 -0.060878 -0.104893 0.796750 -0.110654 -0.047335 0.472990 -0.060705 -0.121433 -0.121546 0.000000 
1.000030e-01 1.000000e-01 8.738425e-01 1.003636e-01 1.000000e-01 1.597529e+00 -0.480485 -0.059917 -0.102969 0.798675 -0.108717 -0.046589 0.480484 -0.061667 -0.123357 -0.123471 0.000000 
1.000030e-01 1.000000e-01 8.624547e-01 1.003636e-01 1.000000e-01 1.597529e+00 -0.488008 -0.058951 -0.101038 0.800609 -0.106774 -0.045840 0.488008 -0.062633 -0.125289 -0.125405 0.000000 
1.000030e-01 1.000000e-01 8.510223e-01 1.003636e-01 1.000000e-01 1.597529e+00 -0.495561 -0.057982 -0.099098 0.802550 -0.104822 -0.045088 0.495561 -0.063602 -0.127228 -0.127346 0.000000 
1.000030e-01 1.000000e-01 8.395456e-01 1.003636e-01 1.000000e-01 1.597529e+00 -0.503144 -0.057009 -0.097152 0.804498 -0.102863 -0.044333 0.503143 -0.064575 -0.129174 -0.129294 0.000000 
1.000030e-01 1.000000e-01 8.280250e-01 1.003636e-01 1.000000e-01 1.597529e+00 -0.510755 -0.056032 -0.095198 0.806454 -0.100896 -0.043575 0.510755 -0.065552 -0.131129 -0.131250 0.000000 
1.000030e-01 1.000000e-01 8.164609e-01 1.003636e-01 1.000000e-01 1.597529e+00 -0.518395 -0.055051 -0.093236 0.808417 -0.098922 -0.042814 0.518395 -0.066533 -0.133090 -0.133213 0.000000 
1.000030e-01 1.000000e-01 8.048537e-01 1.003636e-01 1.000000e-01 1.597529e+00 -0.526064 -0.054067 -0.091267 0.810388 -0.096941 -0.042051 0.526063 -0.067517 -0.135059 -0.135184 0.000000 
1.000030e-01 1.000000e-01 7.932038e-01 1.003636e-01 1.000000e-01 1.597529e+00 -0.533761 -0.053079 -0.089291 0.812366 -0.094952 -0.041285 0.533760 -0.068505 -0.137035 -0.137162 0.000000 
1.000030e-01 1.000000e-01 7.815115e-01 1.003636e-01 1.000000e-01 1.597529e+00 -0.541486 -0.052088 -0.087308 0.814351 -0.092956 -0.040515 0.541485 -0.069496 -0.139018 -0.139147 0.000000 
1.000030e-01 9.999999e-02 7.697772e-01 1.003636e-01 1.000000e-01 1.597529e+00 -0.549238 -0.051093 -0.085318 0.816343 -0.090953 -0.039743 0.549238 -0.070491 -0.141008 -0.141139 0.000000 
1.000030e-01 9.999999e-02 7.580012e-01 1.003636e-01 1.000000e-01 1.597529e+00 -0.557018 -0.050094 -0.083320 0.818342 -0.088943 -0.038969 0.557018 -0.071489 -0.143006 -0.143138 0.000000 
1.000030e-01 9.999999e-02 7.461840e-01 1.003636e-01 1.000000e-01 1.597529e+00 -0.564826 -0.049092 -0.081316 0.820349 -0.086925 -0.038191 0.564825 -0.072492 -0.145010 -0.145145 0.000000 
1.000030e-01 9.999999e-02 7.343258e-01 1.003636e-01 1.000000e-01 1.597529e+00 -0.572660 -0.048087 -0.079305 0.822362 -0.084901 -0.037411 0.572660 -0.073497 -0.147022 -0.147158 0.000000 
1.000030e-01 9.999999e-02 7.224271e-01 1.003636e-01 1.000000e-01 1.597529e+00 -0.580521 -0.047078 -0.077286 0.824382 -0.082870 -0.036628 0.580521 -0.074506 -0.149040 -0.149178 0.000000 
1.000030e-01 9.999999e-02 7.104882e-01 1.003636e-01 1.000000e-01 1.597529e+00 -0.588409 -0.046065 -0.075261 0.826409 -0.080832 -0.035843 0.588409 -0.075518 -0.151065 -0.151205 0.000000 
1.000030e-01 9.999998e-02 6.985094e-01 1.003636e-01 1.000000e-01 1.597529e+00 -0.596323 -0.045050 -0.073229 0.828443 -0.078787 -0.035055 0.596323 -0.076534 -0.153097 -0.153239 0.000000 
1.000030e-01 9.999998e-02 6.864910e-01 1.003636e-01 1.000000e-01 1.597529e+00 -0.604264 -0.044031 -0.071191 0.830483 -0.076735 -0.034264 0.604263 -0.077553 -0.155135 -0.155279 0.000000 
1.000030e-01 9.999997e-02 6.744335e-01 1.003636e-01 1.000000e-01 1.597529e+00 -0.612230 -0.043008 -0.069146 0.832530 -0.074677 -0.033471 0.612229 -0.078575 -0.157180 -0.157326 0.000000 
1.000030e-01 9.999997e-02 6.623371e-01 1.003636e-01 1.000000e-01 1.597529e+00 -0.620222 -0.041982 -0.067094 0.834584 -0.072612 -0.032675 0.620221 -0.079601 -0.159232 -0.159380 0.000000 
1.000030e-01 9.999996e-02 6.502022e-01 1.003636e-01 1.000000e-01 1.597529e+00 -0.628239 -0.040953 -0.065036 0.836644 -0.070541 -0.031877 0.628238 -0.080630 -0.161291 -0.161440 0.000000 
1.000030e-01 9.999996e-02 6.380291e-01 1.003636e-01 1.000000e-01 1.597529e+00 -0.636281 -0.039921 -0.062971 0.838711 -0.068463 -0.031076 0.636281 -0.081662 -0.163355 -0.163507 0.000000 
1.000030e-01 9.999995e-02 6.258182e-01 1.003636e-01 1.000000e-01 1.597529e+00 -0.644349 -0.038886 -0.060900 0.840784 -0.066378 -0.030273 0.644348 -0.082698 -0.165427 -0.165580 0.000000 
1.000030e-01 9.999994e-02 6.135697e-01 1.003636e-01 1.000000e-01 1.597529e+00 -0.652441 -0.037847 -0.058822 0.842863 -0.064287 -0.029467 0.652441 -0.083736 -0.167504 -0.167659 0.000000 
1.000030e-01 9.999992e-02 6.012839e-01 1.003636e-01 1.000000e-01 1.597529e+00 -0.660558 -0.036806 -0.056738 0.844949 -0.062190 -0.028659 0.660558 -0.084778 -0.169588 -0.169745 0.000000 
1.000030e-01 9.999991e-02 5.889613e-01 1.003636e-01 1.000000e-01 1.597529e+00 -0.668699 -0.035761 -0.054648 0.847041 -0.060086 -0.027848 0.668699 -0.085823 -0.171678 -0.171837 0.000000 
1.000030e-01 9.999989e-02 5.766020e-01 1.003636e-01 1.000000e-01 1.597529e+00 -0.676865 -0.034713 -0.052552 0.849140 -0.057977 -0.027035 0.676864 -0.086871 -0.173775 -0.173936 0.000000 
1.000030e-01 9.999987e-02 5.642064e-01 1.003636e-01 1.000000e-01 1.597529e+00 -0.685054 -0.033662 -0.050449 0.851244 -0.055861 -0.026220 0.685054 -0.087922 -0.175877 -0.176040 0.000000 
1.000030e-01 9.999984e-02 5.517748e-01 1.003636e-01 1.000000e-01 1.597529e+00 -0.693268 -0.032607 -0.048340 0.853355 -0.053738 -0.025402 0.693267 -0.088976 -0.177986 -0.178151 0.000000 
1.000030e-01 9.999980e-02 5.393076e-01 1.003636e-01 1.000000e-01 1.597529e+00 -0.701505 -0.031550 -0.046226 0.855471 -0.051610 -0.024582 0.701504 -0.090033 -0.180100 -0.180268 0.000000 
1.000030e-01 9.999976e-02 5.268049e-01 1.003636e-01 1.000000e-01 1.597529e+00 -0.709765 -0.030490 -0.044105 0.857594 -0.049476 -0.023760 0.709764 -0.091093 -0.182221 -0.182390 0.000000 
1.000030e-01 9.999971e-02 5.142671e-01 1.003636e-01 1.000000e-01 1.597529e+00 -0.718048 -0.029427 -0.041978 0.859723 -0.047336 -0.022935 0.718048 -0.092156 -0.184348 -0.184519 0.000000 
1.000030e-01 9.999965e-02 5.016945e-01 1.003636e-01 1.000000e-01 1.597529e+00 -0.726355 -0.028361 -0.039846 0.861857 -0.045189 -0.022108 0.726354 -0.093222 -0.186480 -0.186654 0.000000 
1.000030e-01 9.999958e-02 4.890874e-01 1.003636e-01 1.000000e-01 1.597529e+00 -0.734684 -0.027292 -0.037707 0.863998 -0.043037 -0.021278 0.734684 -0.094291 -0.188619 -0.188795 0.000000 
1.000030e-01 9.999949e-02 4.764460e-01 1.003636e-01 1.000000e-01 1.597529e+00 -0.743036 -0.026220 -0.035563 0.866144 -0.040879 -0.020447 0.743035 -0.095362 -0.190763 -0.190942 0.000000 
1.000030e-01 9.999938e-02 4.637706e-01 1.003636e-01 1.000000e-01 1.597529e+00 -0.751410 -0.025145 -0.033413 0.868296 -0.038716 -0.019613 0.751410 -0.096437 -0.192913 -0.193095 0.000000 
1.000030e-01 9.999925e-02 4.510616e-01 1.003636e-01 1.000000e-01 1.597529e+00 -0.759807 -0.024068 -0.031258 0.870453 -0.036546 -0.018777 0.759806 -0.097514 -0.195069 -0.195254 0.000000 
1.000030e-01 9.999908e-02 4.383192e-01 1.003636e-01 1.000000e-01 1.597529e+00 -0.768225 -0.022987 -0.029096 0.872617 -0.034371 -0.017938 0.768225 -0.098593 -0.197230 -0.197419 0.000000 
1.000030e-01 9.999888e-02 4.255436e-01 1.003636e-01 1.000000e-01 1.597529e+00 -0.776666 -0.021904 -0.026929 0.874786 -0.032190 -0.017098 0.776666 -0.099674 -0.199397 -0.199592 0.000000 
1.000030e-01 9.999864e-02 4.127351e-01 1.003636e-01 1.000000e-01 1.597529e+00 -0.785128 -0.020818 -0.024757 0.876960 -0.030003 -0.016255 0.785128 -0.100758 -0.201570 -0.201771 0.000000 
1.000030e-01 9.999835e-02 3.998940e-01 1.003636e-01 1.000000e-01 1.597529e+00 -0.793612 -0.019729 -0.022578 0.879140 -0.027811 -0.015411 0.793612 -0.101843 -0.203748 -0.203959 0.000000 
1.000030e-01 9.999799e-02 3.870205e-01 1.003636e-01 1.000000e-01 1.597529e+00 -0.802117 -0.018637 -0.020395 0.881326 -0.025614 -0.014564 0.802117 -0.102928 -0.205932 -0.206157 0.000000 
1.000030e-01 9.999754e-02 3.741150e-01 1.003636e-01 1.000000e-01 1.597529e+00 -0.810644 -0.017543 -0.018206 0.883517 -0.023411 -0.013715 0.810643 -0.104014 -0.208122 -0.208366 0.000000 
1.000030e-01 9.999700e-02 3.611776e-01 1.003636e-01 1.000000e-01 1.597529e+00 -0.819191 -0.016446 -0.016011 0.885714 -0.021202 -0.012864 0.819191 -0.105097 -0.210318 -0.210590 0.000000 
1.000030e-01 9.999634e-02 3.482087e-01 1.003636e-01 1.000000e-01 1.597529e+00 -0.827760 -0.015346 -0.013812 0.887915 -0.018988 -0.012011 0.827759 -0.106176 -0.212519 -0.212833 0.000000 
1.000030e-01 9.999554e-02 3.352084e-01 1.003636e-01 1.000000e-01 1.597529e+00 -0.836349 -0.014244 -0.011607 0.890123 -0.016769 -0.011155 0.836348 -0.107247 -0.214727 -0.215103 0.000000 
1.000030e-01 9.999455e-02 3.221770e-01 1.003636e-01 1.000000e-01 1.597529e+00 -0.844958 -0.013139 -0.009396 0.892335 -0.014545 -0.010298 0.844958 -0.108303 -0.216941 -0.217412 0.000000 
1.000030e-01 9.999333e-02 3.091148e-01 1.003636e-01 1.000000e-01 1.597529e+00 -0.853588 -0.012031 -0.007181 0.894553 -0.012315 -0.009439 0.853588 -0.109338 -0.219163 -0.219776 0.000000 
1.000030e-01 9.999185e-02 2.960220e-01 1.003636e-01 1.000000e-01 1.597529e+00 -0.862238 -0.010921 -0.004960 0.896776 -0.010080 -0.008577 0.862238 -0.110336 -0.221392 -0.222223 0.000000 
1.000030e-01 9.999003e-02 2.828988e-01 1.003636e-01 1.000000e-01 1.597529e+00 -0.870909 -0.009808 -0.002734 0.899004 -0.007839 -0.007714 0.870908 -0.111277 -0.223632 -0.224795 0.000000 
1.000030e-01 9.998781e-02 2.697454e-01 1.003636e-01 1.000000e-01 1.597529e+00 -0.879599 -0.008693 -0.000503 0.901237 -0.005594 -0.006849 0.879599 -0.112133 -0.225882 -0.227550 0.000000 
1.000030e-01 9.998509e-02 2.565621e-01 1.003636e-01 1.000000e-01 1.597529e+00 -0.888309 -0.007575 0.001734 0.903475 -0.003343 -0.005981 0.888309 -0.112850 -0.228146 -0.230597 0.000000 
1.000030e-01 9.998178e-02 2.433491e-01 1.003636e-01 1.000000e-01 1.597529e+00 -0.897039 -0.006455 0.003975 0.905718 -0.001088 -0.005112 0.897039 -0.113361 -0.230426 -0.234080 0.000000 
1.000030e-01 9.997776e-02 2.301066e-01 1.003636e-01 1.000000e-01 1.597529e+00 -0.905789 -0.005332 0.006221 0.907967 0.001173 -0.004241 0.905789 -0.113561 -0.232721 -0.238223 0.000000 
1.000030e-01 9.997291e-02 2.168346e-01 1.003636e-01 1.000000e-01 1.597529e+00 -0.914559 -0.004206 0.008473 0.910221 0.003439 -0.003368 0.914559 -0.113264 -0.235024 -0.243448 0.000000 
1.000030e-01 9.996710e-02 2.035335e-01 1.003636e-01 1.000000e-01 1.597529e+00 -0.923348 -0.003078 0.010729 0.912479 0.005710 -0.002493 0.923348 -0.112246 -0.237304 -0.250302 0.000000 
1.000030e-01 9.996025e-02 1.902032e-01 1.003636e-01 1.000000e-01 1.597529e+00 -0.932158 -0.001947 0.012991 0.914743 0.007986 -0.001615 0.932158 -0.110154 -0.239476 -0.259721 0.000000 
1.000030e-01 9.995238e-02 1.768438e-01 1.003636e-01 1.000000e-01 1.597529e+00 -0.940988 -0.000814 0.015258 0.917012 0.010268 -0.000736 0.940988 -0.106415 -0.241285 -0.273464 0.000000 
1.000030e-01 9.994379e-02 1.634551e-01 1.003636e-01 1.000000e-01 1.597529e+00 -0.949840 0.000322 0.017531 0.919287 0.012555 0.000145 0.949840 -0.100397 -0.242128 -0.294123 0.000000 
1.000030e-01 9.993577e-02 1.500360e-01 1.003636e-01 1.000000e-01 1.597529e+00 -0.958718 0.001461 0.019810 0.921568 0.014849 0.001029 0.958718 -0.091255 -0.240540 -0.326441 0.000000 
1.000030e-01 9.993377e-02 1.365805e-01 1.003636e-01 1.000000e-01 1.597529e+00 -0.967640 0.002606 0.022101 0.923861 0.017154 0.001918 0.967640 -0.077834 -0.232422 -0.380880 0.000000 
1.000030e-01 9.996124e-02 1.230596e-01 1.003636e-01 1.000000e-01 1.597529e+00 -0.976700 0.003769 0.024427 0.926189 0.019495 0.002820 0.976700 -0.059333 -0.208294 -0.476695 0.000000 
1.000030e-01 1.000995e-01 1.093452e-01 1.003636e-01 1.000000e-01 1.597529e+00 -0.986320 0.005004 0.026896 0.928661 0.021981 0.003778 0.986320 -0.034422 -0.144929 -0.656915 0.000000 
1.000030e-01 1.003094e-01 9.749289e-02 1.003636e-01 1.000000e-01 1.597529e+00 -0.995758 0.006215 0.029319 0.931087 0.024419 0.004717 0.995758 -0.006281 -0.029653 -0.930491 0.000000 
1.000030e-01 1.003094e-01 9.749289e-02 1.003636e-01 1.000000e-01 1.597529e+00 -0.995758 0.006215 0.029319 0.931087 0.024419 0.004717 0.995758 -0.006281 -0.029653 -0.930491 0.000000 
1.000030e-01 1.003094e-01 9.749289e-02 1.003636e-01 1.000000e-01 1.597529e+00 -0.995758 0.006215 0.029319 0.931087 0.024419 0.004717 0.995758 -0.006281 -0.029653 -0.930491 0.000000 
1.000030e-01 1.003094e-01 9.749289e-02 1.003636e-01 1.000000e-01 1.597529e+00 -0.995758 0.006215 0.029319 0.931087 0.024419 0.004717 0.995758 -0.006281 -0.029653 -0.930491 0.000000 
1.000030e-01 1.003094e-01 9.749289e-02 1.003636e-01 1.000000e-01 1.597529e+00 -0.995758 0.006215 0.029319 0.931087 0.024419 0.004717 0.995758 -0.006281 -0.029653 -0.930491 0.000000 
1.000030e-01 1.003094e-01 9.749289e-02 1.003636e-01 1.000000e-01 1.597529e+00 -0.995758 0.006215 0.029319 0.931087 0.024419 0.004717 0.995758 -0.006281 -0.029653 -0.930491 0.000000 
1.000030e-01 1.003094e-01 9.749289e-02 1.003636e-01 1.000000e-01 1.597529e+00 -0.995758 0.006215 0.029319 0.931087 0.024419 0.004717 0.995758 -0.006281 -0.029653 -0.930491 0.000000 
1.000030e-01 1.003094e-01 9.749289e-02 1.003636e-01 1.000000e-01 1.597529e+00 -0.995758 0.006215 0.029319 0.931087 0.024419 0.004717 0.995758 -0.006281 -0.029653 -0.930491 0.000000 
1.000030e-01 1.003094e-01 9.749289e-02 1.003636e-01 1.000000e-01 1.597529e+00 -0.995758 0.006215 0.029319 0.931087 0.024419 0.004717 0.995758 -0.006281 -0.029653 -0.930491 0.000000 
1.000030e-01 1.003094e-01 9.749289e-02 1.003636e-01 1.000000e-01 1.597529e+00 -0.995758 0.006215 0.029319 0.931087 0.024419 0.004717 0.995758 -0.006281 -0.029653 -0.930491 0.000000 
1.000030e-01 1.003094e-01 9.749289e-02 1.003636e-01 1.000000e-01 1.597529e+00 -0.995758 0.006215 0.029319 0.931087 0.024419 0.004717 0.995758 -0.006281 -0.029653 -0.930491 0.000000 
1.000030e-01 1.003094e-01 9.749289e-02 1.003636e-01 1.000000e-01 1.597529e+00 -0.995758 0.006215 0.029319 0.931087 0.024419 0.004717 0.995758 -0.006281 -0.029653 -0.930491 0.000000 
1.000030e-01 1.003094e-01 9.749289e-02 1.003636e-01 1.000000e-01 1.597529e+00 -0.995758 0.006215 0.029319 0.931087 0.024419 0.004717 0.995758 -0.006281 -0.029653 -0.930491 0.000000 
1.000030e-01 1.003094e-01 9.749289e-02 1.003636e-01 1.000000e-01 1.597529e+00 -0.995758 0.006215 0.029319 0.931087 0.024419 0.004717 0.995758 -0.006281 -0.029653 -0.930491 0.000000 
1.000030e-01 1.003094e-01 9.749289e-02 1.003636e-01 1.000000e-01 1.597529e+00 -0.995758 0.006215 0.029319 0.931087 0.024419 0.004717 0.995758 -0.006281 -0.029653 -0.930491 0.000000 
1.000030e-01 1.003094e-01 9.749289e-02 1.003636e-01 1.000000e-01 1.597529e+00 -0.995758 0.006215 0.029319 0.931087 0.024419 0.004717 0.995758 -0.006281 -0.029653 -0.930491 0.000000 
1.000030e-01 1.003094e-01 9.749289e-02 1.003636e-01 1.000000e-01 1.597529e+00 -0.995758 0.006215 0.029319 0.931087 0.024419 0.004717 0.995758 -0.006281 -0.029653 -0.930491 0.000000 
1.000030e-01 1.003094e-01 9.749289e-02 1.003636e-01 1.000000e-01 1.597529e+00 -0.995758 0.006215 0.029319 0.931087 0.024419 0.004717 0.995758 -0.006281 -0.029653 -0.930491 0.000000 
1.000030e-01 1.003094e-01 9.749289e-02 1.003636e-01 1.000000e-01 1.597529e+00 -0.995758 0.006215 0.029319 0.931087 0.024419 0.004717 0.995758 -0.006281 -0.029653 -0.930491 0.000000 
1.000030e-01 1.003094e-01 9.749289e-02 1.003636e-01 1.000000e-01 1.597529e+00 -0.995758 0.006215 0.029319 0.931087 0.024419 0.004717 0.995758 -0.006281 -0.029653 -0.930491 0.000000 
1.000030e-01 1.003094e-01 9.749289e-02 1.003636e-01 1.000000e-01 1.597529e+00 -0.995758 0.006215 0.029319 0.931087 0.024419 0.004717 0.995758 -0.006281 -0.029653 -0.930491 0.000000 
1.000030e-01 1.003094e-01 9.749289e-02 1.003636e-01 1.000000e-01 1.597529e+00 -0.995758 0.006215 0.029319 0.931087 0.024419 0.004717 0.995758 -0.006281 -0.029653 -0.930491 0.000000 
1.000030e-01 1.003094e-01 9.749289e-02 1.003636e-01 1.000000e-01 1.597529e+00 -0.995758 0.006215 0.029319 0.931087 0.024419 0.004717 0.995758 -0.006281 -0.029653 -0.930491 0.000000 
1.000030e-01 1.003094e-01 9.749289e-02 1.003636e-01 1.000000e-01 1.597529e+00 -0.995758 0.006215 0.029319 0.931087 0.024419 0.004717 0.995758 -0.006281 -0.029653 -0.930491 0.000000 
1.000030e-01 1.003094e-01 9.749289e-02 1.003636e-01 1.000000e-01 1.597529e+00 -0.995758 0.006215 0.029319 0.931087 0.024419 0.004717 0.995758 -0.006281 -0.029653 -0.930491 0.000000 
1.000030e-01 1.003094e-01 9.749289e-02 1.003636e-01 1.000000e-01 1.597529e+00 -0.995758 0.006215 0.029319 0.931087 0.024419 0.004717 0.995758 -0.006281 -0.029653 -0.930491 0.000000 
1.000030e-01 1.003094e-01 9.749289e-02 1.003636e-01 1.000000e-01 1.597529e+00 -0.995758 0.006215 0.029319 0.931087 0.024419 0.004717 0.995758 -0.006281 -0.029653 -0.930491 0.000000 
1.000030e-01 1.003094e-01 9.749289e-02 1.003636e-01 1.000000e-01 1.597529e+00 -0.995758 0.006215 0.029319 0.931087 0.024419 0.004717 0.995758 -0.006281 -0.029653 -0.930491 0.000000 
1.000030e-01 1.003094e-01 9.749289e-02 1.003636e-01 1.000000e-01 1.597529e+00 -0.995758 0.006215 0.029319 0.931087 0.024419 0.004717 0.995758 -0.006281 -0.029653 -0.930491 0.000000 
1.000030e-01 1.003094e-01 9.749289e-02 1.003636e-01 1.000000e-01 1.597529e+00 -0.995758 0.006215 0.029319 0.931087 0.024419 0.004717 0.995758 -0.006281 -0.029653 -0.930491 0.000000 
1.000030e-01 1.003094e-01 9.749289e-02 1.003636e-01 1.000000e-01 1.597529e+00 -0.995758 0.006215 0.029319 0.931087 0.024419 0.004717 0.995758 -0.006281 -0.029653 -0.930491 0.000000 
1.000030e-01 1.003094e-01 9.749289e-02 1.003636e-01 1.000000e-01 1.597529e+00 -0.995758 0.006215 0.029319 0.931087 0.024419 0.004717 0.995758 -0.006281 -0.029653 -0.930491 0.000000 
1.000030e-01 1.003094e-01 9.749289e-02 1.003636e-01 1.000000e-01 1.597529e+00 -0.995758 0.006215 0.029319 0.931087 0.024419 0.004717 0.995758 -0.006281 -0.029653 -0.930491 0.000000 
1.000030e-01 1.003094e-01 9.749289e-02 1.003636e-01 1.000000e-01 1.597529e+00 -0.995758 0.006215 0.029319 0.931087 0.024419 0.004717 0.995758 -0.006281 -0.029653 -0.930491 0.000000 
1.000030e-01 1.003094e-01 9.749289e-02 1.003636e-01 1.000000e-01 1.597529e+00 -0.995758 0.006215 0.029319 0.931087 0.024419 0.004717 0.995758 -0.006281 -0.029653 -0.930491 0.000000 
1.000030e-01 1.003094e-01 9.749289e-02 1.003636e-01 1.000000e-01 1.597529e+00 -0.995758 0.006215 0.029319 0.931087 0.024419 0.004717 0.995758 -0.006281 -0.029653 -0.930491 0.000000 
1.000030e-01 1.003094e-01 9.749289e-02 1.003636e-01 1.000000e-01 1.597529e+00 -0.995758 0.006215 0.029319 0.931087 0.024419 0.004717 0.995758 -0.006281 -0.029653 -0.930491 0.000000 
1.000030e-01 1.003094e-01 9.749289e-02 1.003636e-01 1.000000e-01 1.597529e+00 -0.995758 0.006215 0.029319 0.931087 0.024419 0.004717 0.995758 -0.006281 -0.029653 -0.930491 0.000000 
1.000030e-01 1.003094e-01 9.749289e-02 1.003636e-01 1.000000e-01 1.597529e+00 -0.995758 0.006215 0.029319 0.931087 0.024419 0.004717 0.995758 -0.006281 -0.029653 -0.930491 0.000000 
1.000030e-01 1.003094e-01 9.749289e-02 1.003636e-01 1.000000e-01 1.597529e+00 -0.995758 0.006215 0.029319 0.931087 0.024419 0.004717 0.995758 -0.006281 -0.029653 -0.930491 0.000000 
1.000030e-01 1.003094e-01 9.749289e-02 1.003636e-01 1.000000e-01 1.597529e+00 -0.995758 0.006215 0.029319 0.931087 0.024419 0.004717 0.995758 -0.006281 -0.029653 -0.930491 0.000000 
1.000030e-01 1.003094e-01 9.749289e-02 1.003636e-01 1.000000e-01 1.597529e+00 -0.995758 0.006215 0.029319 0.931087 0.024419 0.004717 0.995758 -0.006281 -0.029653 -0.930491 0.000000 
1.000030e-01 1.003094e-01 9.749289e-02 1.003636e-01 1.000000e-01 1.597529e+00 -0.995758 0.006215 0.029319 0.931087 0.024419 0.004717 0.995758 -0.006281 -0.029653 -0.930491 0.000000 
1.000030e-01 1.003094e-01 9.749289e-02 1.003636e-01 1.000000e-01 1.597529e+00 -0.995758 0.006215 0.029319 0.931087 0.024419 0.004717 0.995758 -0.006281 -0.029653 -0.930491 0.000000 
1.000030e-01 1.003094e-01 9.749289e-02 1.003636e-01 1.000000e-01 1.597529e+00 -0.995758 0.006215 0.029319 0.931087 0.024419 0.004717 0.995758 -0.006281 -0.029653 -0.930491 0.000000 
1.000030e-01 1.003094e-01 9.749289e-02 1.003636e-01 1.000000e-01 1.597529e+00 -0.995758 0.006215 0.029319 0.931087 0.024419 0.004717 0.995758 -0.006281 -0.029653 -0.930491 0.000000 
1.000030e-01 1.003094e-01 9.749289e-02 1.003636e-01 1.000000e-01 1.597529e+00 -0.995758 0.006215 0.029319 0.931087 0.024419 0.004717 0.995758 -0.006281 -0.029653 -0.930491 0.000000 
1.000030e-01 1.003094e-01 9.749289e-02 1.003636e-01 1.000000e-01 1.597529e+00 -0.995758 0.006215 0.029319 0.931087 0.024419 0.004717 0.995758 -0.006281 -0.029653 -0.930491 0.000000 
1.000030e-01 1.003094e-01 9.749289e-02 1.003636e-01 1.000000e-01 1.597529e+00 -0.995758 0.006215 0.029319 0.931087 0.024419 0.004717 0.995758 -0.006281 -0.029653 -0.930491 0.000000 
1.000030e-01 1.003094e-01 9.749289e-02 1.003636e-01 1.000000e-01 1.597529e+00 -0.995758 0.006215 0.029319 0.931087 0.024419 0.004717 0.995758 -0.006281 -0.029653 -0.930491 0.000000 
1.000030e-01 1.003094e-01 9.749289e-02 1.003636e-01 1.000000e-01 1.597529e+00 -0.995758 0.006215 0.029319 0.931087 0.024419 0.004717 0.995758 -0.006281 -0.029653 -0.930491 0.000000 
1.000030e-01 1.003094e-01 9.749289e-02 1.003636e-01 1.000000e-01 1.597529e+00 -0.995758 0.006215 0.029319 0.931087 0.024419 0.004717 0.995758 -0.006281 -0.029653 -0.930491 0.000000 
1.000030e-01 1.003094e-01 9.749289e-02 1.003636e-01 1.000000e-01 1.597529e+00 -0.995758 0.006215 0.029319 0.931087 0.024419 0.004717 0.995758 -0.006281 -0.029653 -0.930491 0.000000 
1.000030e-01 1.003094e-01 9.749289e-02 1.003636e-01 1.000000e-01 1.597529e+00 -0.995758 0.006215 0.029319 0.931087 0.024419 0.004717 0.995758 -0.006281 -0.029653 -0.930491 0.000000 
1.000030e-01 1.003094e-01 9.749289e-02 1.003636e-01 1.000000e-01 1.597529e+00 -0.995758 0.006215 0.029319 0.931087 0.024419 0.004717 0.995758 -0.006281 -0.029653 -0.930491 0.000000 
1.000030e-01 1.003094e-01 9.749289e-02 1.003636e-01 1.000000e-01 1.597529e+00 -0.995758 0.006215 0.029319 0.931087 0.024419 0.004717 0.995758 -0.006281 -0.029653 -0.930491 0.000000 
1.000030e-01 1.003094e-01 9.749289e-02 1.003636e-01 1.000000e-01 1.597529e+00 -0.995758 0.006215 0.029319 0.931087 0.024419 0.004717 0.995758 -0.006281 -0.029653 -0.930491 0.000000 
1.000030e-01 1.003094e-01 9.749289e-02 1.003636e-01 1.000000e-01 1.597529e+00 -0.995758 0.006215 0.029319 0.931087 0.024419 0.004717 0.995758 -0.006281 -0.029653 -0.930491 0.000000 
1.000030e-01 1.003094e-01 9.749289e-02 1.003636e-01 1.000000e-01 1.597529e+00 -0.995758 0.006215 0.029319 0.931087 0.024419 0.004717 0.995758 -0.006281 -0.029653 -0.930491 0.000000 
1.000030e-01 1.003094e-01 9.749289e-02 1.003636e-01 1.000000e-01 1.597529e+00 -0.995758 0.006215 0.029319 0.931087 0.024419 0.004717 0.995758 -0.006281 -0.029653 -0.930491 0.000000 
1.000030e-01 1.003094e-01 9.749289e-02 1.003636e-01 1.000000e-01 1.597529e+00 -0.995758 0.006215 0.029319 0.931087 0.024419 0.004717 0.995758 -0.006281 -0.029653 -0.930491 0.000000 
1.000030e-01 1.003094e-01 9.749289e-02 1.003636e-01 1.000000e-01 1.597529e+00 -0.995758 0.006215 0.029319 0.931087 0.024419 0.004717 0.995758 -0.006281 -0.029653 -0.930491 0.000000 
1.000030e-01 1.003094e-01 9.749289e-02 1.003636e-01 1.000000e-01 1.597529e+00 -0.995758 0.006215 0.029319 0.931087 0.024419 0.004717 0.995758 -0.006281 -0.029653 -0.930491 0.000000 
1.000030e-01 1.003094e-01 9.749289e-02 1.003636e-01 1.000000e-01 1.597529e+00 -0.995758 0.006215 0.029319 0.931087 0.024419 0.004717 0.995758 -0.006281 -0.029653 -0.930491 0.000000 
1.000030e-01 1.003094e-01 9.749289e-02 1.003636e-01 1.000000e-01 1.597529e+00 -0.995758 0.006215 0.029319 0.931087 0.024419 0.004717 0.995758 -0.006281 -0.029653 -0.930491 0.000000 
1.000030e-01 1.003094e-01 9.749289e-02 1.003636e-01 1.000000e-01 1.597529e+00 -0.995758 0.006215 0.029319 0.931087 0.024419 0.004717 0.995758 -0.006281 -0.029653 -0.930491 0.000000 
1.000030e-01 1.003094e-01 9.749289e-02 1.003636e-01 1.000000e-01 1.597529e+00 -0.995758 0.006215 0.029319 0.931087 0.024419 0.004717 0.995758 -0.006281 -0.029653 -0.930491 0.000000 
1.000030e-01 1.003094e-01 9.749289e-02 1.003636e-01 1.000000e-01 1.597529e+00 -0.995758 0.006215 0.029319 0.931087 0.024419 0.004717 0.995758 -0.006281 -0.029653 -0.930491 0.000000 
1.000030e-01 1.003094e-01 9.749289e-02 1.003636e-01 1.000000e-01 1.597529e+00 -0.995758 0.006215 0.029319 0.931087 0.024419 0.004717 0.995758 -0.006281 -0.029653 -0.930491 0.000000 
1.000030e-01 1.003094e-01 9.749289e-02 1.003636e-01 1.000000e-01 1.597529e+00 -0.995758 0.006215 0.029319 0.931087 0.024419 0.004717 0.995758 -0.006281 -0.029653 -0.930491 0.000000 
1.000030e-01 1.003094e-01 9.749289e-02 1.003636e-01 1.000000e-01 1.597529e+00 -0.995758 0.006215 0.029319 0.931087 0.024419 0.004717 0.995758 -0.006281 -0.029653 -0.930491 0.000000 
1.000030e-01 1.003094e-01 9.749289e-02 1.003636e-01 1.000000e-01 1.597529e+00 -0.995758 0.006215 0.029319 0.931087 0.024419 0.004717 0.995758 -0.006281 -0.029653 -0.930491 0.000000 
1.000030e-01 1.003094e-01 9.749289e-02 1.003636e-01 1.000000e-01 1.597529e+00 -0.995758 0.006215 0.029319 0.931087 0.024419 0.004717 0.995758 -0.006281 -0.029653 -0.930491 0.000000 
1.000030e-01 1.003094e-01 9.749289e-02 1.003636e-01 1.000000e-01 1.597529e+00 -0.995758 0.006215 0.029319 0.931087 0.024419 0.004717 0.995758 -0.006281 -0.029653 -0.930491 0.000000 
1.000030e-01 1.003094e-01 9.749289e-02 1.003636e-01 1.000000e-01 1.597529e+00 -0.995758 0.006215 0.029319 0.931087 0.024419 0.004717 0.995758 -0.006281 -0.029653 -0.930491 0.000000 
1.000030e-01 1.003094e-01 9.749289e-02 1.003636e-01 1.000000e-01 1.597529e+00 -0.995758 0.006215 0.029319 0.931087 0.024419 0.004717 0.995758 -0.006281 -0.029653 -0.930491 0.000000 
1.000030e-01 1.003094e-01 9.749289e-02 1.003636e-01 1.000000e-01 1.597529e+00 -0.995758 0.006215 0.029319 0.931087 0.024419 0.004717 0.995758 -0.006281 -0.029653 -0.930491 0.000000 
1.000030e-01 1.003094e-01 9.749289e-02 1.003636e-01 1.000000e-01 1.597529e+00 -0.995758 0.006215 0.029319 0.931087 0.024419 0.004717 0.995758 -0.006281 -0.029653 -0.930491 0.000000 
1.000030e-01 1.003094e-01 9.749289e-02 1.003636e-01 1.000000e-01 1.597529e+00 -0.995758 0.006215 0.029319 0.931087 0.024419 0.004717 0.995758 -0.006281 -0.029653 -0.930491 0.000000 
1.000030e-01 1.003094e-01 9.749289e-02 1.003636e-01 1.000000e-01 1.597529e+00 -0.995758 0.006215 0.029319 0.931087 0.024419 0.004717 0.995758 -0.006281 -0.029653 -0.930491 0.000000 
1.000030e-01 1.003094e-01 9.749289e-02 1.003636e-01 1.000000e-01 1.597529e+00 -0.995758 0.006215 0.029319 0.931087 0.024419 0.004717 0.995758 -0.006281 -0.029653 -0.930491 0.000000 
1.000030e-01 1.003094e-01 9.749289e-02 1.003636e-01 1.000000e-01 1.597529e+00 -0.995758 0.006215 0.029319 0.931087 0.024419 0.004717 0.995758 -0.006281 -0.029653 -0.930491 0.000000 
1.000030e-01 1.003094e-01 9.749289e-02 1.003636e-01 1.000000e-01 1.597529e+00 -0.995758 0.006215 0.029319 0.931087 0.024419 0.004717 0.995758 -0.006281 -0.029653 -0.930491 0.000000 
1.000030e-01 1.003094e-01 9.749289e-02 1.003636e-01 1.000000e-01 1.597529e+00 -0.995758 0.006215 0.029319 0.931087 0.024419 0.004717 0.995758 -0.006281 -0.029653 -0.930491 0.000000 
1.000030e-01 1.003094e-01 9.749289e-02 1.003636e-01 1.000000e-01 1.597529e+00 -0.995758 0.006215 0.029319 0.931087 0.024419 0.004717 0.995758 -0.006281 -0.029653 -0.930491 0.000000 
1.000030e-01 1.003094e-01 9.749289e-02 1.003636e-01 1.000000e-01 1.597529e+00 -0.995758 0.006215 0.029319 0.931087 0.024419 0.004717 0.995758 -0.006281 -0.029653 -0.930491 0.000000 
1.000030e-01 1.003094e-01 9.749289e-02 1.003636e-01 1.000000e-01 1.597529e+00 -0.995758 0.006215 0.029319 0.931087 0.024419 0.004717 0.995758 -0.006281 -0.029653 -0.930491 0.000000 
1.000030e-01 1.003094e-01 9.749289e-02 1.003636e-01 1.000000e-01 1.597529e+00 -0.995758 0.006215 0.029319 0.931087 0.024419 0.004717 0.995758 -0.006281 -0.029653 -0.930491 0.000000 
1.000030e-01 1.003094e-01 9.749289e-02 1.003636e-01 1.000000e-01 1.597529e+00 -0.995758 0.006215 0.029319 0.931087 0.024419 0.004717 0.995758 -0.006281 -0.029653 -0.930491 0.000000 
1.000030e-01 1.003094e-01 9.749289e-02 1.003636e-01 1.000000e-01 1.597529e+00 -0.995758 0.006215 0.029319 0.931087 0.024419 0.004717 0.995758 -0.006281 -0.029653 -0.930491 0.000000 
1.000030e-01 1.003094e-01 9.749289e-02 1.003636e-01 1.000000e-01 1.597529e+00 -0.995758 0.006215 0.029319 0.931087 0.024419 0.004717 0.995758 -0.006281 -0.029653 -0.930491 0.000000 
1.000030e-01 1.003094e-01 9.749289e-02 1.003636e-01 1.000000e-01 1.597529e+00 -0.995758 0.006215 0.029319 0.931087 0.024419 0.004717 0.995758 -0.006281 -0.029653 -0.930491 0.000000 
1.000030e-01 1.003094e-01 9.749289e-02 1.003636e-01 1.000000e-01 1.597529e+00 -0.995758 0.006215 0.029319 0.931087 0.024419 0.004717 0.995758 -0.006281 -0.029653 -0.930491 0.000000 
1.000030e-01 1.003094e-01 9.749289e-02 1.003636e-01 1.000000e-01 1.597529e+00 -0.995758 0.006215 0.029319 0.931087 0.024419 0.004717 0.995758 -0.006281 -0.029653 -0.930491 0.000000 
1.000030e-01 1.003094e-01 9.749289e-02 1.003636e-01 1.000000e-01 1.597529e+00 -0.995758 0.006215 0.029319 0.931087 0.024419 0.004717 0.995758 -0.006281 -0.029653 -0.930491 0.000000 
1.000030e-01 1.003094e-01 9.749289e-02 1.003636e-01 1.000000e-01 1.597529e+00 -0.995758 0.006215 0.029319 0.931087 0.024419 0.004717 0.995758 -0.006281 -0.029653 -0.930491 0.000000 
1.000030e-01 1.003094e-01 9.749289e-02 1.003636e-01 1.000000e-01 1.597529e+00 -0.995758 0.006215 0.029319 0.931087 0.024419 0.004717 0.995758 -0.006281 -0.029653 -0.930491 0.000000 
1.000030e-01 1.003094e-01 9.749289e-02 1.003636e-01 1.000000e-01 1.597529e+00 -0.995758 0.006215 0.029319 0.931087 0.024419 0.004717 0.995758 -0.006281 -0.029653 -0.930491 0.000000 
1.000030e-01 1.003094e-01 9.749289e-02 1.003636e-01 1.000000e-01 1.597529e+00 -0.995758 0.006215 0.029319 0.931087 0.024419 0.004717 0.995758 -0.006281 -0.029653 -0.930491 0.000000 
1.000030e-01 1.003094e-01 9.749289e-02 1.003636e-01 1.000000e-01 1.597529e+00 -0.995758 0.006215 0.029319 0.931087 0.024419 0.004717 0.995758 -0.006281 -0.029653 -0.930491 0.000000 
1.000030e-01 1.003094e-01 9.749289e-02 1.003636e-01 1.000000e-01 1.597529e+00 -0.995758 0.006215 0.029319 0.931087 0.024419 0.004717 0.995758 -0.006281 -0.029653 -0.930491 0.000000 
1.000030e-01 1.003094e-01 9.749289e-02 1.003636e-01 1.000000e-01 1.597529e+00 -0.995758 0.006215 0.029319 0.931087 0.024419 0.004717 0.995758 -0.006281 -0.029653 -0.930491 0.000000 
1.000030e-01 1.003094e-01 9.749289e-02 1.003636e-01 1.000000e-01 1.597529e+00 -0.995758 0.006215 0.029319 0.931087 0.024419 0.004717 0.995758 -0.006281 -0.029653 -0.930491 0.000000 
1.000030e-01 1.003094e-01 9.749289e-02 1.003636e-01 1.000000e-01 1.597529e+00 -0.995758 0.006215 0.029319 0.931087 0.024419 0.004717 0.995758 -0.006281 -0.029653 -0.930491 0.000000 
1.000030e-01 1.003094e-01 9.749289e-02 1.003636e-01 1.000000e-01 1.597529e+00 -0.995758 0.006215 0.029319 0.931087 0.024419 0.004717 0.995758 -0.006281 -0.029653 -0.930491 0.000000 
1.000030e-01 1.003094e-01 9.749289e-02 1.003636e-01 1.000000e-01 1.597529e+00 -0.995758 0.006215 0.029319 0.931087 0.024419 0.004717 0.995758 -0.006281 -0.029653 -0.930491 0.000000 
1.000030e-01 1.003094e-01 9.749289e-02 1.003636e-01 1.000000e-01 1.597529e+00 -0.995758 0.006215 0.029319 0.931087 0.024419 0.004717 0.995758 -0.006281 -0.029653 -0.930491 0.000000 
1.000030e-01 1.003094e-01 9.749289e-02 1.003636e-01 1.000000e-01 1.597529e+00 -0.995758 0.006215 0.029319 0.931087 0.024419 0.004717 0.995758 -0.006281 -0.029653 -0.930491 0.000000 
1.000030e-01 1.003094e-01 9.749289e-02 1.003636e-01 1.000000e-01 1.597529e+00 -0.995758 0.006215 0.029319 0.931087 0.024419 0.004717 0.995758 -0.006281 -0.029653 -0.930491 0.000000 
1.000030e-01 1.003094e-01 9.749289e-02 1.003636e-01 1.000000e-01 1.597529e+00 -0.995758 0.006215 0.029319 0.931087 0.024419 0.004717 0.995758 -0.006281 -0.029653 -0.930491 0.000000 
1.000030e-01 1.003094e-01 9.749289e-02 1.003636e-01 1.000000e-01 1.597529e+00 -0.995758 0.006215 0.029319 0.931087 0.024419 0.004717 0.995758 -0.006281 -0.029653 -0.930491 0.000000 
1.000030e-01 1.003094e-01 9.749289e-02 1.003636e-01 1.000000e-01 1.597529e+00 -0.995758 0.006215 0.029319 0.931087 0.024419 0.004717 0.995758 -0.006281 -0.029653 -0.930491 0.000000 
1.000030e-01 1.003094e-01 9.749289e-02 1.003636e-01 1.000000e-01 1.597529e+00 -0.995758 0.006215 0.029319 0.931087 0.024419 0.004717 0.995758 -0.006281 -0.029653 -0.930491 0.000000 
1.000030e-01 1.003094e-01 9.749289e-02 1.003636e-01 1.000000e-01 1.597529e+00 -0.995758 0.006215 0.029319 0.931087 0.024419 0.004717 0.995758 -0.006281 -0.029653 -0.930491 0.000000 
1.000030e-01 1.003094e-01 9.749289e-02 1.003636e-01 1.000000e-01 1.597529e+00 -0.995758 0.006215 0.029319 0.931087 0.024419 0.004717 0.995758 -0.006281 -0.029653 -0.930491 0.000000 
1.000030e-01 1.003094e-01 9.749289e-02 1.003636e-01 1.000000e-01 1.597529e+00 -0.995758 0.006215 0.029319 0.931087 0.024419 0.004717 0.995758 -0.006281 -0.029653 -0.930491 0.000000 
1.000030e-01 1.003094e-01 9.749289e-02 1.003636e-01 1.000000e-01 1.597529e+00 -0.995758 0.006215 0.029319 0.931087 0.024419 0.004717 0.995758 -0.006281 -0.029653 -0.930491 0.000000 
1.000030e-01 1.003094e-01 9.749289e-02 1.003636e-01 1.000000e-01 1.597529e+00 -0.995758 0.006215 0.029319 0.931087 0.024419 0.004717 0.995758 -0.006281 -0.029653 -0.930491 0.000000 
1.000030e-01 1.003094e-01 9.749289e-02 1.003636e-01 1.000000e-01 1.597529e+00 -0.995758 0.006215 0.029319 0.931087 0.024419 0.004717 0.995758 -0.006281 -0.029653 -0.930491 0.000000 
1.000030e-01 1.003094e-01 9.749289e-02 1.003636e-01 1.000000e-01 1.597529e+00 -0.995758 0.006215 0.029319 0.931087 0.024419 0.004717 0.995758 -0.006281 -0.029653 -0.930491 0.000000 
1.000030e-01 1.003094e-01 9.749289e-02 1.003636e-01 1.000000e-01 1.597529e+00 -0.995758 0.006215 0.029319 0.931087 0.024419 0.004717 0.995758 -0.006281 -0.029653 -0.930491 0.000000 
1.000030e-01 1.003094e-01 9.749289e-02 1.003636e-01 1.000000e-01 1.597529e+00 -0.995758 0.006215 0.029319 0.931087 0.024419 0.004717 0.995758 -0.006281 -0.029653 -0.930491 0.000000 
1.000030e-01 1.003094e-01 9.749289e-02 1.003636e-01 1.000000e-01 1.597529e+00 -0.995758 0.006215 0.029319 0.931087 0.024419 0.004717 0.995758 -0.006281 -0.029653 -0.930491 0.000000 
1.000030e-01 1.003094e-01 9.749289e-02 1.003636e-01 1.000000e-01 1.597529e+00 -0.995758 0.006215 0.029319 0.931087 0.024419 0.004717 0.995758 -0.006281 -0.029653 -0.930491 0.000000 
1.000030e-01 1.003094e-01 9.749289e-02 1.003636e-01 1.000000e-01 1.597529e+00 -0.995758 0.006215 0.029319 0.931087 0.024419 0.004717 0.995758 -0.006281 -0.029653 -0.930491 0.000000 
1.000030e-01 1.003094e-01 9.749289e-02 1.003636e-01 1.000000e-01 1.597529e+00 -0.995758 0.006215 0.029319 0.931087 0.024419 0.004717 0.995758 -0.006281 -0.029653 -0.930491 0.000000 
1.000030e-01 1.003094e-01 9.749289e-02 1.003636e-01 1.000000e-01 1.597529e+00 -0.995758 0.006215 0.029319 0.931087 0.024419 0.004717 0.995758 -0.006281 -0.029653 -0.930491 0.000000 
1.000030e-01 1.003094e-01 9.749289e-02 1.003636e-01 1.000000e-01 1.597529e+00 -0.995758 0.006215 0.029319 0.931087 0.024419 0.004717 0.995758 -0.006281 -0.029653 -0.930491 0.000000 
1.000030e-01 1.003094e-01 9.749289e-02 1.003636e-01 1.000000e-01 1.597529e+00 -0.995758 0.006215 0.029319 0.931087 0.024419 0.004717 0.995758 -0.006281 -0.029653 -0.930491 0.000000 
1.000030e-01 1.003094e-01 9.749289e-02 1.003636e-01 1.000000e-01 1.597529e+00 -0.995758 0.006215 0.029319 0.931087 0.024419 0.004717 0.995758 -0.006281 -0.029653 -0.930491 0.000000 
1.000030e-01 1.003094e-01 9.749289e-02 1.003636e-01 1.000000e-01 1.597529e+00 -0.995758 0.006215 0.029319 0.931087 0.024419 0.004717 0.995758 -0.006281 -0.029653 -0.930491 0.000000 
1.000030e-01 1.003094e-01 9.749289e-02 1.003636e-01 1.000000e-01 1.597529e+00 -0.995758 0.006215 0.029319 0.931087 0.024419 0.004717 0.995758 -0.006281 -0.029653 -0.930491 0.000000 
1.000030e-01 1.003094e-01 9.749289e-02 1.003636e-01 1.000000e-01 1.597529e+00 -0.995758 0.006215 0.029319 0.931087 0.024419 0.004717 0.995758 -0.006281 -0.029653 -0.930491 0.000000 
1.000030e-01 1.003094e-01 9.749289e-02 1.003636e-01 1.000000e-01 1.597529e+00 -0.995758 0.006215 0.029319 0.931087 0.024419 0.004717 0.995758 -0.006281 -0.029653 -0.930491 0.000000 
1.000030e-01 1.003094e-01 9.749289e-02 1.003636e-01 1.000000e-01 1.597529e+00 -0.995758 0.006215 0.029319 0.931087 0.024419 0.004717 0.995758 -0.006281 -0.029653 -0.930491 0.000000 
1.000030e-01 1.003094e-01 9.749289e-02 1.003636e-01 1.000000e-01 1.597529e+00 -0.995758 0.006215 0.029319 0.931087 0.024419 0.004717 0.995758 -0.006281 -0.029653 -0.930491 0.000000 
1.000030e-01 1.003094e-01 9.749289e-02 1.003636e-01 1.000000e-01 1.597529e+00 -0.995758 0.006215 0.029319 0.931087 0.024419 0.004717 0.995758 -0.006281 -0.029653 -0.930491 0.000000 
1.000030e-01 1.003094e-01 9.749289e-02 1.003636e-01 1.000000e-01 1.597529e+00 -0.995758 0.006215 0.029319 0.931087 0.024419 0.004717 0.995758 -0.006281 -0.029653 -0.930491 0.000000 
1.000030e-01 1.003094e-01 9.749289e-02 1.003636e-01 1.000000e-01 1.597529e+00 -0.995758 0.006215 0.029319 0.931087 0.024419 0.004717 0.995758 -0.006281 -0.029653 -0.930491 0.000000 
1.000030e-01 1.003094e-01 9.749289e-02 1.003636e-01 1.000000e-01 1.597529e+00 -0.995758 0.006215 0.029319 0.931087 0.024419 0.004717 0.995758 -0.006281 -0.029653 -0.930491 0.000000 
1.000030e-01 1.003094e-01 9.749289e-02 1.003636e-01 1.000000e-01 1.597529e+00 -0.995758 0.006215 0.029319 0.931087 0.024419 0.004717 0.995758 -0.006281 -0.029653 -0.930491 0.000000 
1.000030e-01 1.003094e-01 9.749289e-02 1.003636e-01 1.000000e-01 1.597529e+00 -0.995758 0.006215 0.029319 0.931087 0.024419 0.004717 0.995758 -0.006281 -0.029653 -0.930491 0.000000 
1.000030e-01 1.003094e-01 9.749289e-02 1.003636e-01 1.000000e-01 1.597529e+00 -0.995758 0.006215 0.029319 0.931087 0.024419 0.004717 0.995758 -0.006281 -0.029653 -0.930491 0.000000 
1.000030e-01 1.003094e-01 9.749289e-02 1.003636e-01 1.000000e-01 1.597529e+00 -0.995758 0.006215 0.029319 0.931087 0.024419 0.004717 0.995758 -0.006281 -0.029653 -0.930491 0.000000 
1.000030e-01 1.003094e-01 9.749289e-02 1.003636e-01 1.000000e-01 1.597529e+00 -0.995758 0.006215 0.029319 0.931087 0.024419 0.004717 0.995758 -0.006281 -0.029653 -0.930491 0.000000 
1.000030e-01 1.003094e-01 9.749289e-02 1.003636e-01 1.000000e-01 1.597529e+00 -0.995758 0.006215 0.029319 0.931087 0.024419 0.004717 0.995758 -0.006281 -0.029653 -0.930491 0.000000 
1.000030e-01 1.003094e-01 9.749289e-02 1.003636e-01 1.000000e-01 1.597529e+00 -0.995758 0.006215 0.029319 0.931087 0.024419 0.004717 0.995758 -0.006281 -0.029653 -0.930491 0.000000 
1.000030e-01 1.003094e-01 9.749289e-02 1.003636e-01 1.000000e-01 1.597529e+00 -0.995758 0.006215 0.029319 0.931087 0.024419 0.004717 0.995758 -0.006281 -0.029653 -0.930491 0.000000 
1.000030e-01 1.003094e-01 9.749289e-02 1.003636e-01 1.000000e-01 1.597529e+00 -0.995758 0.006215 0.029319 0.931087 0.024419 0.004717 0.995758 -0.006281 -0.029653 -0.930491 0.000000 
1.000030e-01 1.003094e-01 9.749289e-02 1.003636e-01 1.000000e-01 1.597529e+00 -0.995758 0.006215 0.029319 0.931087 0.024419 0.004717 0.995758 -0.006281 -0.029653 -0.930491 0.000000 
1.000030e-01 1.003094e-01 9.749289e-02 1.003636e-01 1.000000e-01 1.597529e+00 -0.995758 0.006215 0.029319 0.931087 0.024419 0.004717 0.995758 -0.006281 -0.029653 -0.930491 0.000000 
1.000030e-01 1.003094e-01 9.749289e-02 1.003636e-01 1.000000e-01 1.597529e+00 -0.995758 0.006215 0.029319 0.931087 0.024419 0.004717 0.995758 -0.006281 -0.029653 -0.930491 0.000000 
1.000030e-01 1.003094e-01 9.749289e-02 1.003636e-01 1.000000e-01 1.597529e+00 -0.995758 0.006215 0.029319 0.931087 0.024419 0.004717 0.995758 -0.006281 -0.029653 -0.930491 0.000000 
1.000030e-01 1.003094e-01 9.749289e-02 1.003636e-01 1.000000e-01 1.597529e+00 -0.995758 0.006215 0.029319 0.931087 0.024419 0.004717 0.995758 -0.006281 -0.029653 -0.930491 0.000000 
1.000030e-01 1.003094e-01 9.749289e-02 1.003636e-01 1.000000e-01 1.597529e+00 -0.995758 0.006215 0.029319 0.931087 0.024419 0.004717 0.995758 -0.006281 -0.029653 -0.930491 0.000000 
1.000030e-01 1.003094e-01 9.749289e-02 1.003636e-01 1.000000e-01 1.597529e+00 -0.995758 0.006215 0.029319 0.931087 0.024419 0.004717 0.995758 -0.006281 -0.029653 -0.930491 0.000000 
1.000030e-01 1.003094e-01 9.749289e-02 1.003636e-01 1.000000e-01 1.597529e+00 -0.995758 0.006215 0.029319 0.931087 0.024419 0.004717 0.995758 -0.006281 -0.029653 -0.930491 0.000000 
1.000030e-01 1.003094e-01 9.749289e-02 1.003636e-01 1.000000e-01 1.597529e+00 -0.995758 0.006215 0.029319 0.931087 0.024419 0.004717 0.995758 -0.006281 -0.029653 -0.930491 0.000000 
1.000030e-01 1.003094e-01 9.749289e-02 1.003636e-01 1.000000e-01 1.597529e+00 -0.995758 0.006215 0.029319 0.931087 0.024419 0.004717 0.995758 -0.006281 -0.029653 -0.930491 0.000000 
1.000030e-01 1.003094e-01 9.749289e-02 1.003636e-01 1.000000e-01 1.597529e+00 -0.995758 0.006215 0.029319 0.931087 0.024419 0.004717 0.995758 -0.006281 -0.029653 -0.930491 0.000000 
1.000030e-01 1.003094e-01 9.749289e-02 1.003636e-01 1.000000e-01 1.597529e+00 -0.995758 0.006215 0.029319 0.931087 0.024419 0.004717 0.995758 -0.006281 -0.029653 -0.930491 0.000000 
1.000030e-01 1.003094e-01 9.749289e-02 1.003636e-01 1.000000e-01 1.597529e+00 -0.995758 0.006215 0.029319 0.931087 0.024419 0.004717 0.995758 -0.006281 -0.029653 -0.930491 0.000000 
1.000030e-01 1.003094e-01 9.749289e-02 1.003636e-01 1.000000e-01 1.597529e+00 -0.995758 0.006215 0.029319 0.931087 0.024419 0.004717 0.995758 -0.006281 -0.029653 -0.930491 0.000000 
1.000030e-01 1.003094e-01 9.749289e-02 1.003636e-01 1.000000e-01 1.597529e+00 -0.995758 0.006215 0.029319 0.931087 0.024419 0.004717 0.995758 -0.006281 -0.029653 -0.930491 0.000000 
1.000030e-01 1.003094e-01 9.749289e-02 1.003636e-01 1.000000e-01 1.597529e+00 -0.995758 0.006215 0.029319 0.931087 0.024419 0.004717 0.995758 -0.006281 -0.029653 -0.930491 0.000000 
1.000030e-01 1.003094e-01 9.749289e-02 1.003636e-01 1.000000e-01 1.597529e+00 -0.995758 0.006215 0.029319 0.931087 0.024419 0.004717 0.995758 -0.006281 -0.029653 -0.930491 0.000000 
1.000030e-01 1.003094e-01 9.749289e-02 1.003636e-01 1.000000e-01 1.597529e+00 -0.995758 0.006215 0.029319 0.931087 0.024419 0.004717 0.995758 -0.006281 -0.029653 -0.930491 0.000000 
1.000030e-01 1.003094e-01 9.749289e-02 1.003636e-01 1.000000e-01 1.597529e+00 -0.995758 0.006215 0.029319 0.931087 0.024419 0.004717 0.995758 -0.006281 -0.029653 -0.930491 0.000000 
1.000030e-01 1.003094e-01 9.749289e-02 1.003636e-01 1.000000e-01 1.597529e+00 -0.995758 0.006215 0.029319 0.931087 0.024419 0.004717 0.995758 -0.006281 -0.029653 -0.930491 0.000000 
1.000030e-01 1.003094e-01 9.749289e-02 1.003636e-01 1.000000e-01 1.597529e+00 -0.995758 0.006215 0.029319 0.931087 0.024419 0.004717 0.995758 -0.006281 -0.029653 -0.930491 0.000000 
1.000030e-01 1.003094e-01 9.749289e-02 1.003636e-01 1.000000e-01 1.597529e+00 -0.995758 0.006215 0.029319 0.931087 0.024419 0.004717 0.995758 -0.006281 -0.029653 -0.930491 0.000000 
1.000030e-01 1.003094e-01 9.749289e-02 1.003636e-01 1.000000e-01 1.597529e+00 -0.995758 0.006215 0.029319 0.931087 0.024419 0.004717 0.995758 -0.006281 -0.029653 -0.930491 0.000000 
1.000030e-01 1.003094e-01 9.749289e-02 1.003636e-01 1.000000e-01 1.597529e+00 -0.995758 0.006215 0.029319 0.931087 0.024419 0.004717 0.995758 -0.006281 -0.029653 -0.930491 0.000000 
1.000030e-01 1.003094e-01 9.749289e-02 1.003636e-01 1.000000e-01 1.597529e+00 -0.995758 0.006215 0.029319 0.931087 0.024419 0.004717 0.995758 -0.006281 -0.029653 -0.930491 0.000000 
1.000030e-01 1.003094e-01 9.749289e-02 1.003636e-01 1.000000e-01 1.597529e+00 -0.995758 0.006215 0.029319 0.931087 0.024419 0.004717 0.995758 -0.006281 -0.029653 -0.930491 0.000000 
1.000030e-01 1.003094e-01 9.749289e-02 1.003636e-01 1.000000e-01 1.597529e+00 -0.995758 0.006215 0.029319 0.931087 0.024419 0.004717 0.995758 -0.006281 -0.029653 -0.930491 0.000000 
1.000030e-01 1.003094e-01 9.749289e-02 1.003636e-01 1.000000e-01 1.597529e+00 -0.995758 0.006215 0.029319 0.931087 0.024419 0.004717 0.995758 -0.006281 -0.029653 -0.930491 0.000000 
1.000030e-01 1.003094e-01 9.749289e-02 1.003636e-01 1.000000e-01 1.597529e+00 -0.995758 0.006215 0.029319 0.931087 0.024419 0.004717 0.995758 -0.006281 -0.029653 -0.930491 0.000000 
1.000030e-01 1.003094e-01 9.749289e-02 1.003636e-01 1.000000e-01 1.597529e+00 -0.995758 0.006215 0.029319 0.931087 0.024419 0.004717 0.995758 -0.006281 -0.029653 -0.930491 0.000000 
1.000030e-01 1.003094e-01 9.749289e-02 1.003636e-01 1.000000e-01 1.597529e+00 -0.995758 0.006215 0.029319 0.931087 0.024419 0.004717 0.995758 -0.006281 -0.029653 -0.930491 0.000000 
1.000030e-01 1.003094e-01 9.749289e-02 1.003636e-01 1.000000e-01 1.597529e+00 -0.995758 0.006215 0.029319 0.931087 0.024419 0.004717 0.995758 -0.006281 -0.029653 -0.930491 0.000000 
1.000030e-01 1.003094e-01 9.749289e-02 1.003636e-01 1.000000e-01 1.597529e+00 -0.995758 0.006215 0.029319 0.931087 0.024419 0.004717 0.995758 -0.006281 -0.029653 -0.930491 0.000000 
1.000030e-01 1.003094e-01 9.749289e-02 1.003636e-01 1.000000e-01 1.597529e+00 -0.995758 0.006215 0.029319 0.931087 0.024419 0.004717 0.995758 -0.006281 -0.029653 -0.930491 0.000000 
1.000030e-01 1.003094e-01 9.749289e-02 1.003636e-01 1.000000e-01 1.597529e+00 -0.995758 0.006215 0.029319 0.931087 0.024419 0.004717 0.995758 -0.006281 -0.029653 -0.930491 0.000000 
1.000030e-01 1.003094e-01 9.749289e-02 1.003636e-01 1.000000e-01 1.597529e+00 -0.995758 0.006215 0.029319 0.931087 0.024419 0.004717 0.995758 -0.006281 -0.029653 -0.930491 0.000000 
1.000030e-01 1.003094e-01 9.749289e-02 1.003636e-01 1.000000e-01 1.597529e+00 -0.995758 0.006215 0.029319 0.931087 0.024419 0.004717 0.995758 -0.006281 -0.029653 -0.930491 0.000000 
1.000030e-01 1.003094e-01 9.749289e-02 1.003636e-01 1.000000e-01 1.597529e+00 -0.995758 0.006215 0.029319 0.931087 0.024419 0.004717 0.995758 -0.006281 -0.029653 -0.930491 0.000000 
1.000030e-01 1.003094e-01 9.749289e-02 1.003636e-01 1.000000e-01 1.597529e+00 -0.995758 0.006215 0.029319 0.931087 0.024419 0.004717 0.995758 -0.006281 -0.029653 -0.930491 0.000000 
